0 0.992626 0.970773 1.00672 0.84744 0.804558 0.774405 0.79046 0.897738
0 0.227097 0.813789 0.225558 0.781214 0.202637 0.784637 0.204176 0.817211
0 0.429387 0.76401 0.431215 0.739462 0.415948 0.735868 0.41412 0.760416
0 0.0859571 0.990506 0.115401 0.952784 0.104619 0.926186 0.0751751 0.963908
0 0.0883579 0.737152 0.0876911 0.717559 0.0718087 0.719267 0.0724755 0.73886
0 0.367211 0.842838 0.370725 0.821328 0.354436 0.812918 0.350922 0.834428
0 0.505301 0.773665 0.508218 0.744169 0.488838 0.738113 0.485922 0.767609
0 0.1245 0.708049 0.13737 0.666121 0.120831 0.650077 0.107961 0.692005
0 0.0592526 0.800281 0.0726768 0.772447 0.0630905 0.757835 0.0496663 0.785668
0 0.384478 0.914497 0.383828 0.876671 0.360459 0.877942 0.36111 0.915768
0 0.501663 0.872453 0.503983 0.843037 0.486735 0.838737 0.484415 0.868153
0 0.0774937 0.830143 0.0811279 0.807023 0.0661571 0.799585 0.0625229 0.822706
0 0.433268 0.724252 0.436836 0.70408 0.426267 0.698172 0.422699 0.718345
0 0.170428 0.844354 0.177795 0.79999 0.157571 0.789378 0.150205 0.833741
0 0.0474682 0.772653 0.0527523 0.748938 0.0425933 0.741784 0.0373092 0.765499
0 0.648088 0.781552 0.654335 0.720884 0.606755 0.7054 0.600508 0.766068
0 0.140264 0.86724 0.15929 0.829215 0.1447 0.806142 0.125674 0.844167
0 0.0577907 0.816864 0.0651662 0.797058 0.0561288 0.786422 0.0487533 0.806228
0 0.0169246 0.959007 0.032293 0.929216 0.0209843 0.910778 0.00561588 0.940569
0 0.184166 0.0359898 0.193044 0.00293338 0.170389 -0.0162956 0.161512 0.0167608
0 0.225933 0.783396 0.226295 0.765381 0.213947 0.764597 0.213585 0.782611
0 0.244723 0.88165 0.272217 0.853298 0.263803 0.827511 0.23631 0.855863
0 0.159271 0.786052 0.165974 0.771067 0.152247 0.751659 0.145544 0.766644
0 0.0624976 0.925276 0.0713083 0.866528 0.0527489 0.857731 0.0439383 0.916479
0 0.519445 0.741523 0.521227 0.71793 0.508715 0.714944 0.506933 0.738537
0 0.46984 0.83259 0.472807 0.807956 0.461301 0.803577 0.458335 0.828211
0 0.245888 0.838896 0.253285 0.818088 0.242194 0.805625 0.234796 0.826434
0 0.231814 0.844712 0.239107 0.809397 0.224378 0.799784 0.217086 0.8351
0 0.0361163 0.933177 0.0434333 0.907889 0.0316701 0.897132 0.0243531 0.922419
0 0.0855701 0.705215 0.0862894 0.687941 0.0756484 0.686541 0.0749291 0.703814
0 0.172197 0.938353 0.172554 0.913905 0.158711 0.913265 0.158354 0.937713
0 0.0790743 0.806472 0.0808359 0.782327 0.0650484 0.778687 0.0632868 0.802831
0 0.381708 0.781327 0.388543 0.756632 0.377662 0.747114 0.370827 0.771809
0 0.381698 0.82294 0.3812 0.793105 0.362058 0.794114 0.362555 0.823949
0 0.184513 0.715806 0.183263 0.678082 0.15725 0.680805 0.158499 0.718528
0 0.417876 0.583263 0.415269 0.524842 0.390012 0.528405 0.392619 0.586825
0 0.19348 0.759003 0.20043 0.731616 0.185379 0.719543 0.178428 0.74693
0 0.727229 0.786094 0.742969 0.772753 0.732857 0.735047 0.717117 0.748388
0 0.544372 0.821244 0.553662 0.7943 0.542709 0.782365 0.533419 0.809308
0 0.0471364 0.896511 0.0497277 0.873583 0.037688 0.869282 0.0350967 0.89221
0 0.112557 0.326049 0.111713 0.280126 0.0897726 0.2814 0.0906162 0.327322
0 0.0672572 0.941853 0.076849 0.918536 0.0656784 0.904013 0.0560866 0.92733
0 0.39529 0.726941 0.395284 0.694002 0.379751 0.694011 0.379757 0.726949
0 0.131543 0.804521 0.151755 0.781148 0.144521 0.761377 0.124309 0.78475
0 0.533761 0.859789 0.545012 0.834472 0.532064 0.816285 0.520813 0.841601
0 0.0188565 0.924483 0.0287749 0.906847 0.0210739 0.893159 0.0111555 0.910795
0 0.459973 0.706118 0.463434 0.685048 0.448059 0.677066 0.444598 0.698136
0 0.162562 0.684777 0.162686 0.658639 0.141661 0.658325 0.141538 0.684463
0 0.438688 0.694389 0.439936 0.674402 0.425408 0.671535 0.42416 0.691521
0 0.970143 0.567209 0.973925 0.539937 0.956314 0.532218 0.952531 0.559489
0 0.426015 0.841399 0.435312 0.809576 0.410693 0.786846 0.401397 0.818669
0 0.145442 0.769056 0.147855 0.749875 0.136742 0.745458 0.13433 0.764639
0 0.971706 0.589739 0.974128 0.561476 0.958332 0.557198 0.95591 0.585461
0 0.376457 0.750193 0.380482 0.729583 0.369 0.722494 0.364974 0.743105
0 0.484228 0.831351 0.487714 0.815074 0.473821 0.805671 0.470336 0.821949
0 0.0590959 0.906388 0.0701974 0.855947 0.0532745 0.844175 0.042173 0.894617
0 0.924119 0.640138 0.926136 0.609295 0.909036 0.605761 0.907019 0.636604
0 0.517375 0.80003 0.521794 0.77719 0.50891 0.769313 0.504492 0.792153
0 0.400372 0.769934 0.402707 0.750154 0.390675 0.745664 0.388339 0.765444
0 0.68779 0.753794 0.691518 0.729127 0.680877 0.724045 0.677149 0.748712
0 0.369496 0.788238 0.376355 0.759771 0.363782 0.750195 0.356922 0.778662
0 0.202618 0.501478 0.212234 0.468731 0.188168 0.446395 0.178552 0.479142
0 0.13908 0.704842 0.143875 0.67688 0.131962 0.670423 0.127167 0.698385
0 0.399729 0.792511 0.403939 0.7686 0.389336 0.760474 0.385126 0.784385
0 0.540204 0.719248 0.541445 0.698451 0.527332 0.69579 0.526092 0.716587
0 0.0699219 0.741558 0.0704999 0.721964 0.0588644 0.720879 0.0582864 0.740473
0 0.786859 0.668084 0.788859 0.642151 0.77361 0.638434 0.77161 0.664367
0 0.00993639 0.941018 0.0117824 0.914467 -0.00213663 0.911408 -0.00398266 0.937959
0 0.106668 0.894348 0.124885 0.868615 0.117911 0.85301 0.0996932 0.878743
0 0.359285 0.997716 0.365517 0.974529 0.349521 0.960941 0.343289 0.984128
0 0.75344 0.762478 0.75462 0.728548 0.736478 0.726555 0.735299 0.760485
0 0.182292 0.116951 0.208538 0.0822548 0.177448 0.00792875 0.151202 0.0426254
0 0.549387 0.782926 0.553715 0.75212 0.537195 0.744784 0.532867 0.775591
0 0.723949 0.721534 0.730767 0.697679 0.719961 0.687918 0.713143 0.711773
0 0.694131 0.705061 0.702363 0.68735 0.694417 0.675676 0.686184 0.693387
0 0.361636 0.981257 0.380985 0.956509 0.37114 0.932179 0.35179 0.956927
0 0.559117 0.787639 0.562811 0.767978 0.553562 0.762486 0.549868 0.782147
0 0.948725 0.546557 0.949709 0.514275 0.931767 0.512548 0.930784 0.544829
0 0.0512548 0.861809 0.0528286 0.840389 0.0416797 0.8378 0.0401059 0.85922
0 0.339683 0.807551 0.349275 0.786401 0.340384 0.773657 0.330792 0.794807
0 0.139525 0.816726 0.153114 0.791059 0.146012 0.779175 0.132423 0.804842
0 0.128209 0.7464 0.129692 0.726153 0.117959 0.723437 0.116476 0.743684
0 0.200453 0.518546 0.202149 0.498439 0.189955 0.495189 0.188259 0.515296
0 0.517042 0.792389 0.519875 0.768827 0.504876 0.763127 0.502043 0.786689
0 0.697368 0.749856 0.700499 0.731741 0.690081 0.726049 0.68695 0.744165
0 0.57427 0.803865 0.578696 0.778082 0.565261 0.770793 0.560835 0.796575
0 0.559317 0.876543 0.569181 0.85343 0.560148 0.841246 0.550284 0.864359
0 0.982008 0.569127 0.992331 0.551445 0.973879 0.517399 0.963556 0.535081
0 0.518565 0.841512 0.523647 0.808087 0.505397 0.799318 0.500315 0.832743
0 0.240846 0.85028 0.24248 0.827352 0.229352 0.824394 0.227717 0.847322
0 0.6737 0.698705 0.679819 0.6755 0.670902 0.66807 0.664784 0.691276
0 0.532348 0.825066 0.540947 0.779 0.524902 0.769534 0.516303 0.8156
0 0.563235 0.725215 0.573587 0.71572 0.565373 0.687416 0.555021 0.696911
0 0.986598 0.584539 0.98866 0.564421 0.976517 0.560488 0.974455 0.580606
0 0.710205 0.713679 0.717387 0.693607 0.707194 0.682079 0.700011 0.702152
0 0.625437 0.721919 0.627323 0.706516 0.613128 0.701022 0.611242 0.716425
0 0.60193 0.744289 0.603989 0.722736 0.592548 0.719281 0.590489 0.740834
0 0.421571 0.657226 0.423406 0.636242 0.409514 0.632401 0.407678 0.653385
0 0.59983 0.760669 0.600855 0.74193 0.589827 0.740024 0.588802 0.758763
0 0.193994 0.796685 0.202308 0.766319 0.177571 0.744912 0.169256 0.775279
0 0.729882 0.749372 0.738431 0.729767 0.723807 0.709611 0.715258 0.729216
0 0.386472 0.836815 0.39 0.813549 0.378169 0.807879 0.374641 0.831145
0 0.105588 0.831113 0.108758 0.797624 0.0905192 0.792168 0.0873496 0.825657
0 0.999476 0.536977 0.999818 0.50835 0.98502 0.507792 0.984678 0.536419
0 0.412919 0.722689 0.42187 0.708482 0.41043 0.685705 0.40148 0.699912
0 0.0720079 0.710119 0.072565 0.692505 0.0599807 0.691247 0.0594236 0.708861
0 0.0578282 0.774971 0.0624463 0.755468 0.0524662 0.747999 0.0478481 0.767501
0 0.0627089 0.999998 0.0676854 0.96243 0.0479945 0.954186 0.043018 0.991755
0 0.526082 0.767728 0.527573 0.745814 0.516181 0.743365 0.51469 0.765279
0 0.670234 0.7398 0.672288 0.715978 0.660773 0.71284 0.658719 0.736662
0 0.388762 0.688023 0.388422 0.660201 0.376856 0.660648 0.377196 0.68847
0 0.384714 0.797938 0.386775 0.775065 0.372365 0.770961 0.370304 0.793833
0 0.441588 0.674015 0.446246 0.654159 0.436284 0.646772 0.431625 0.666628
0 0.188786 0.803871 0.197752 0.775774 0.175238 0.753068 0.166272 0.781165
0 0.0283278 0.798656 0.0304883 0.773917 0.0140507 0.76938 0.0118901 0.794119
0 0.501081 0.799501 0.504825 0.775432 0.492396 0.769322 0.488653 0.793392
0 0.369806 0.774175 0.37494 0.747343 0.363678 0.740532 0.358544 0.767364
0 0.567302 0.76395 0.570012 0.743277 0.558214 0.73839 0.555505 0.759063
0 0.177166 0.569552 0.179625 0.548232 0.161866 0.541758 0.159407 0.563079
0 0.592154 0.845485 0.594903 0.825211 0.57277 0.815727 0.570022 0.836002
0 0.704311 0.788664 0.707247 0.762832 0.690971 0.756985 0.688035 0.782817
0 0.402395 0.837352 0.404299 0.818523 0.390826 0.814216 0.388922 0.833046
0 0.0737338 0.856162 0.0833971 0.830771 0.0721879 0.817289 0.0625246 0.84268
0 0.0916768 0.803698 0.0974285 0.779938 0.0866227 0.771671 0.080871 0.795431
0 0.133171 0.93973 0.146426 0.921709 0.140231 0.907309 0.126976 0.925329
0 0.427098 0.801064 0.431258 0.776132 0.416818 0.768516 0.412658 0.793449
0 0.361532 0.940162 0.362935 0.915937 0.348964 0.913379 0.34756 0.937604
0 0.0312235 0.662912 0.0369172 0.624523 0.0143724 0.613955 0.00867879 0.652344
0 0.171878 0.542431 0.191112 0.512639 0.178958 0.487838 0.159724 0.517631
0 0.176252 0.506519 0.178086 0.479555 0.160358 0.475744 0.158524 0.502708
0 0.422686 0.743048 0.42594 0.727276 0.415495 0.720465 0.412241 0.736236
0 0.682656 0.707121 0.687828 0.684457 0.679347 0.678339 0.674174 0.701003
0 0.41437 0.77566 0.416715 0.754101 0.40063 0.748571 0.398285 0.77013
0 0.0590906 0.829978 0.0629596 0.81098 0.0533143 0.804772 0.0494453 0.82377
0 0.164838 0.877451 0.166887 0.840282 0.145375 0.836534 0.143325 0.873703
0 0.08226 0.614458 0.0837022 0.590977 0.0721824 0.588741 0.0707402 0.612222
0 0.716778 0.76126 0.721366 0.739638 0.70774 0.730501 0.703152 0.752124
0 0.0725175 0.621552 0.068488 0.582576 0.0363267 0.593085 0.0403562 0.632061
0 0.708855 0.747209 0.710968 0.729316 0.700336 0.725347 0.698222 0.74324
0 0.161559 0.540658 0.164059 0.520028 0.150289 0.514753 0.147788 0.535383
0 0.0461887 1.00907 0.0509064 0.981455 0.0345084 0.972601 0.0297906 1.00022
0 0.563927 0.846942 0.566226 0.825668 0.554809 0.821768 0.552509 0.843042
0 0.697961 0.720534 0.700716 0.704845 0.692542 0.700308 0.689787 0.715997
0 0.454451 0.934868 0.466182 0.907728 0.456792 0.894901 0.445061 0.92204
0 0.0815991 0.891315 0.0902236 0.872137 0.07946 0.856838 0.0708354 0.876016
0 0.586787 0.788632 0.589612 0.770673 0.578464 0.76513 0.575639 0.78309
0 0.413307 0.750507 0.415897 0.730483 0.404767 0.725934 0.402177 0.745957
0 0.140013 0.59139 0.139739 0.571085 0.125065 0.571711 0.125339 0.592016
0 0.59853 0.612844 0.608938 0.592024 0.590454 0.562819 0.580046 0.583639
0 0.435763 0.61201 0.438318 0.592228 0.426967 0.587595 0.424412 0.607377
0 0.0893445 0.343393 0.101966 0.301453 0.0732728 0.274162 0.0606512 0.316102
0 0.481408 0.808772 0.483144 0.777853 0.463195 0.774313 0.461458 0.805231
0 0.959539 0.527573 0.962107 0.504866 0.950174 0.5006 0.947606 0.523307
0 0.228178 0.304827 0.256176 0.267634 0.221888 0.186059 0.19389 0.223252
0 0.249836 0.853505 0.254459 0.830808 0.242157 0.822889 0.237534 0.845586
0 0.416019 0.783477 0.418125 0.761013 0.402559 0.756401 0.400453 0.778864
0 0.0659785 0.74657 0.0670478 0.72904 0.05552 0.726818 0.0544507 0.744347
0 0.82755 0.543041 0.831189 0.516259 0.818859 0.510964 0.81522 0.537745
0 0.595387 0.726967 0.600216 0.702072 0.590401 0.696055 0.585572 0.72095
0 0.0291935 1.00389 0.032822 0.961878 0.00732827 0.954919 0.00369979 0.996928
0 0.628217 0.802242 0.627538 0.762999 0.598334 0.764595 0.599013 0.803839
0 0.517123 0.862963 0.527758 0.834736 0.517206 0.822171 0.506571 0.850398
0 0.172606 0.802641 0.178782 0.775708 0.162874 0.764178 0.156698 0.791112
0 0.720482 0.686174 0.721944 0.661276 0.705601 0.658243 0.704139 0.683141
0 0.39299 0.950915 0.397985 0.929265 0.387926 0.921931 0.382931 0.94358
0 0.477761 0.863191 0.482608 0.837804 0.465173 0.827285 0.460327 0.852672
0 0.659886 0.716261 0.662255 0.698524 0.652682 0.694482 0.650313 0.712219
0 0.219347 0.83676 0.220376 0.814394 0.203834 0.811989 0.202805 0.834355
0 0.18176 0.66093 0.194473 0.639323 0.185854 0.623295 0.173141 0.644902
0 0.207517 0.788496 0.215911 0.76847 0.207135 0.756844 0.198741 0.77687
0 0.0618738 0.103258 0.0896793 0.0131831 0.0596185 -0.0161449 0.0318129 0.0739302
0 0.942157 0.626526 0.943912 0.605326 0.928829 0.60138 0.927074 0.62258
0 0.281381 0.174873 0.29014 0.153854 0.267582 0.124146 0.258824 0.145165
0 0.557261 0.72755 0.56019 0.708859 0.550639 0.704128 0.54771 0.72282
0 0.135749 0.522025 0.137997 0.505363 0.127671 0.500961 0.125423 0.517622
0 0.0290965 0.680295 0.0302015 0.660978 0.0148677 0.658206 0.0137627 0.677522
0 0.15289 0.825995 0.163102 0.795399 0.152645 0.784367 0.142432 0.814963
0 0.419518 0.852822 0.422895 0.834448 0.406149 0.82472 0.402772 0.843095
0 0.141416 0.720369 0.141911 0.701385 0.129069 0.700326 0.128574 0.71931
0 0.524738 0.682321 0.52636 0.661733 0.516734 0.659336 0.515112 0.679923
0 0.500568 0.817595 0.503522 0.794654 0.490895 0.789514 0.48794 0.812455
0 0.494333 0.681287 0.497505 0.661991 0.485025 0.655507 0.481853 0.674803
0 0.0448317 0.78569 0.0478686 0.769672 0.0389008 0.764298 0.0358639 0.780316
0 0.430365 0.876513 0.434891 0.860125 0.423097 0.849831 0.418571 0.866218
0 0.5004 1.0009 0.50479 0.974504 0.488024 0.965691 0.483635 0.992083
0 0.698446 0.768511 0.702059 0.74753 0.688446 0.740122 0.684833 0.761103
0 0.966513 0.537963 0.971342 0.518661 0.961806 0.511121 0.956977 0.530423
0 0.0201038 0.76172 0.0291197 0.691894 -0.00376598 0.678474 -0.0127818 0.7483
0 0.174953 0.774154 0.180417 0.751841 0.1652 0.740065 0.159737 0.762377
0 0.0450877 0.875626 0.0458479 0.860031 0.0349325 0.858349 0.0341722 0.873944
0 0.0262906 0.750998 0.0307651 0.727361 0.0173606 0.719341 0.0128861 0.742978
0 0.118363 0.790755 0.128512 0.753125 0.113249 0.740115 0.1031 0.777744
0 0.29922 0.147697 0.332396 0.0775113 0.279644 -0.00129783 0.246467 0.0688883
0 0.946904 0.766053 0.956667 0.731886 0.929346 0.707213 0.919583 0.741381
0 0.403197 0.747179 0.406594 0.719204 0.393854 0.714315 0.390457 0.742291
0 0.0441007 0.974209 0.0703303 0.950125 0.0630281 0.92499 0.0367986 0.949074
0 0.323194 0.800809 0.344312 0.780795 0.33776 0.758945 0.316642 0.778959
0 0.350176 0.747019 0.351156 0.725253 0.337956 0.723374 0.336976 0.745141
0 0.088583 0.717494 0.0890469 0.702733 0.0787952 0.701715 0.0783312 0.716475
0 0.472055 0.769762 0.472887 0.739345 0.459186 0.73816 0.458353 0.768577
0 0.160522 0.659241 0.161594 0.640082 0.149231 0.637896 0.148159 0.657055
0 0.0748252 0.912933 0.0818178 0.876466 0.0692263 0.868835 0.0622336 0.905303
0 0.488279 0.972048 0.495664 0.941559 0.48468 0.93315 0.477295 0.963639
0 0.178977 0.740226 0.180383 0.71756 0.166355 0.71481 0.164949 0.737476
0 0.142132 0.544172 0.14477 0.525438 0.129728 0.518744 0.127091 0.537478
0 0.536875 0.764281 0.538909 0.743153 0.52796 0.739821 0.525925 0.760949
0 0.814041 0.549015 0.819127 0.525842 0.807505 0.517779 0.802419 0.540952
0 0.699267 0.817772 0.701805 0.797148 0.688661 0.792037 0.686123 0.81266
0 1.00203 0.58245 1.00277 0.561104 0.98966 0.559678 0.988925 0.581024
0 0.176352 0.313237 0.189823 0.212813 0.122964 0.184468 0.109493 0.284892
0 0.302837 0.348472 0.302721 0.32352 0.274777 0.323929 0.274893 0.348881
0 0.648628 0.706504 0.650425 0.686505 0.638068 0.682995 0.63627 0.702993
0 0.926885 0.605927 0.94794 0.579502 0.939297 0.557738 0.918242 0.584163
0 0.175946 0.549701 0.180444 0.528783 0.168665 0.520778 0.164167 0.541695
0 0.011352 0.917976 0.0130774 0.895985 -0.000203668 0.892692 -0.00192903 0.914683
0 0.51496 0.899906 0.524907 0.882419 0.511543 0.858393 0.501596 0.875879
0 0.155679 0.727622 0.156482 0.707231 0.14269 0.705516 0.141888 0.725907
0 0.541413 0.669939 0.54623 0.657262 0.536488 0.645565 0.531671 0.658242
0 0.56724 0.619321 0.568785 0.593242 0.556139 0.590875 0.554595 0.616954
0 0.0930682 0.793946 0.0968079 0.771362 0.086288 0.765856 0.0825482 0.78844
0 0.0761804 0.763 0.0778381 0.742981 0.0665235 0.74002 0.0648658 0.760039
0 0.288741 0.031617 0.29183 -3.59094e-05 0.271645 -0.00626059 0.268556 0.0253923
0 0.44519 0.829802 0.449665 0.815723 0.436918 0.802918 0.432443 0.816997
0 0.422522 0.685116 0.426051 0.664405 0.41722 0.65965 0.413691 0.680361
0 0.0767047 0.697367 0.0773143 0.681053 0.0671503 0.679853 0.0665408 0.696166
0 0.0868991 0.106584 0.0979326 0.0934725 0.0799973 0.0457718 0.0689637 0.0588834
0 0.514426 0.713984 0.517465 0.697713 0.507297 0.691711 0.504258 0.707981
0 0.196898 0.930004 0.19715 0.894291 0.176609 0.893833 0.176357 0.929546
0 0.0114016 0.660383 0.01331 0.640019 0.00203945 0.63668 0.000131015 0.657045
0 0.633353 0.683876 0.635548 0.660022 0.621829 0.656031 0.619634 0.679885
0 0.582343 0.735189 0.584752 0.712685 0.572014 0.708375 0.569605 0.730879
0 0.391574 0.738683 0.393469 0.714935 0.379871 0.711506 0.377976 0.735254
0 0.0855758 0.768391 0.0867572 0.749107 0.0765804 0.747137 0.075399 0.766421
0 0.0350002 0.71295 0.0383387 0.685234 0.0244053 0.679929 0.0210669 0.707646
0 0.0277466 1.00603 0.0276966 0.985499 0.00929798 0.98564 0.00934794 1.00617
0 0.532272 0.872797 0.535573 0.853746 0.520316 0.845391 0.517015 0.864442
0 0.0964668 0.874414 0.131335 0.841926 0.123855 0.816551 0.0889862 0.84904
0 0.0368412 0.951428 0.055299 0.931533 0.0483331 0.911108 0.0298753 0.931003
0 0.449684 0.785009 0.450675 0.766382 0.438618 0.764354 0.437626 0.78298
0 0.483623 0.877254 0.487664 0.856995 0.475272 0.849182 0.47123 0.86944
0 0.12489 0.818268 0.127784 0.800098 0.117504 0.794924 0.114611 0.813094
0 0.0389352 0.840195 0.0414782 0.817565 0.0296104 0.81335 0.0270674 0.83598
0 0.503143 0.848841 0.508738 0.831222 0.493543 0.815973 0.487948 0.833593
0 0.232037 0.80893 0.233924 0.789963 0.224194 0.786904 0.222308 0.805872
0 0.205384 1.00366 0.21588 0.982934 0.206655 0.968167 0.196158 0.988893
0 0.679997 0.735361 0.680564 0.715407 0.669547 0.714418 0.66898 0.734371
0 0.332613 0.315138 0.331784 0.249364 0.301654 0.250564 0.302483 0.316337
0 0.26997 0.138672 0.295873 0.109085 0.265516 0.0250892 0.239613 0.0546758
0 0.510346 0.811297 0.511747 0.789069 0.497127 0.786156 0.495726 0.808384
0 0.785162 1.0653 0.834475 0.902148 0.733873 0.80605 0.68456 0.969206
0 0.141621 0.739363 0.142175 0.719068 0.12983 0.718003 0.129275 0.738298
0 0.278035 0.821782 0.280627 0.801094 0.263221 0.7942 0.260629 0.814888
0 0.478892 0.889505 0.482008 0.868912 0.466732 0.861605 0.463615 0.882198
0 0.0890317 0.928518 0.105188 0.893085 0.0924905 0.874787 0.0763341 0.91022
0 0.60901 0.717571 0.612682 0.705549 0.601912 0.695153 0.59824 0.707174
0 0.0346893 0.8193 0.0365979 0.797418 0.0217819 0.793334 0.0198733 0.815216
0 0.176377 0.644618 0.176671 0.619 0.159052 0.618361 0.158757 0.643978
0 0.515633 0.753832 0.518014 0.736943 0.508105 0.732528 0.505724 0.749417
0 0.1953 1.00065 0.208505 0.967604 0.197005 0.953079 0.183799 0.986126
0 0.0541289 0.738536 0.0547299 0.715589 0.0343787 0.713904 0.0337777 0.736852
0 0.78574 0.718225 0.792872 0.693914 0.783159 0.684908 0.776027 0.70922
0 0.00898694 0.630773 0.0103501 0.607623 0.00034195 0.60576 -0.00102117 0.628911
0 0.939537 0.566371 0.943492 0.549198 0.931149 0.540213 0.927193 0.557386
0 0.154145 0.627142 0.151478 0.593063 0.130364 0.598287 0.133032 0.632366
0 0.405495 0.899863 0.409767 0.87727 0.400858 0.871945 0.396585 0.894538
0 0.288503 0.409763 0.296168 0.382537 0.277405 0.365842 0.26974 0.393069
0 0.649835 0.726969 0.652259 0.707906 0.636803 0.701696 0.63438 0.720759
0 0.275709 0.840936 0.280035 0.817548 0.264445 0.808437 0.26012 0.831824
0 0.159528 0.76329 0.161317 0.744464 0.149652 0.740961 0.147863 0.759787
0 0.0470084 0.811821 0.0530255 0.790982 0.043464 0.782256 0.0374468 0.803095
0 0.785987 0.698272 0.793813 0.668551 0.784287 0.660624 0.776461 0.690345
0 0.788333 0.559373 0.791544 0.533868 0.773551 0.526707 0.77034 0.552213
0 0.201446 0.72127 0.203566 0.70366 0.193335 0.699769 0.191216 0.717379
