0 0.582817 0.865331 0.581672 0.755949 0.526359 0.757779 0.527504 0.867161
0 0.976568 0.699018 0.987525 0.626582 0.938428 0.60311 0.927471 0.675546
0 0.833808 0.471717 0.836836 0.436864 0.819379 0.432071 0.816352 0.466924
0 0.537648 0.751155 0.543112 0.713405 0.520405 0.703019 0.514941 0.740768
0 0.774525 0.611513 0.797861 0.578758 0.786889 0.554051 0.763552 0.586806
0 0.826383 0.446972 0.826385 0.414093 0.804092 0.41409 0.80409 0.446968
0 0.731915 0.716612 0.741029 0.680996 0.726367 0.669139 0.717254 0.704755
0 0.527048 0.886004 0.529739 0.829847 0.497219 0.824923 0.494528 0.88108
0 0.713459 0.840312 0.727077 0.815098 0.717411 0.798598 0.703793 0.823812
0 0.711969 0.667879 0.711786 0.631233 0.696321 0.631477 0.696505 0.668123
0 0.725786 0.748048 0.724771 0.722357 0.706948 0.724583 0.707963 0.750274
0 0.99643 0.992041 1.01236 0.866359 0.833139 0.794572 0.81721 0.920255
0 0.973941 0.594231 0.97406 0.552581 0.947956 0.552345 0.947837 0.593995
0 0.83268 0.531196 0.836503 0.505814 0.822195 0.499004 0.818372 0.524386
0 0.909158 0.559527 0.919591 0.544117 0.903516 0.509722 0.893083 0.525133
0 0.496179 0.844163 0.496398 0.800555 0.47593 0.80023 0.475711 0.843838
0 0.43912 0.778903 0.44205 0.751038 0.423031 0.744719 0.420102 0.772584
0 0.487662 0.791346 0.491919 0.757729 0.474187 0.750633 0.469931 0.78425
0 0.765871 0.56675 0.779552 0.545099 0.77126 0.528541 0.75758 0.550192
0 0.798651 0.554234 0.814847 0.526844 0.803888 0.506362 0.787692 0.533752
0 1.0002 0.752744 1.00176 0.677748 0.958981 0.674951 0.95743 0.749947
0 0.840022 0.505964 0.841066 0.486479 0.827307 0.484148 0.826262 0.503632
0 0.820074 0.548715 0.825703 0.532902 0.814879 0.520724 0.80925 0.536537
0 0.736359 0.67811 0.742429 0.654989 0.725453 0.640903 0.719383 0.664024
0 0.714204 0.718109 0.721951 0.705474 0.710207 0.682721 0.702461 0.695356
0 0.755197 0.561518 0.76756 0.534793 0.75757 0.520186 0.745207 0.546911
0 0.686531 0.665295 0.694445 0.643278 0.685178 0.632749 0.677263 0.654766
0 0.19191 0.41522 0.229269 0.37846 0.196713 0.273891 0.159354 0.31065
0 0.719394 0.61647 0.725486 0.597238 0.713197 0.584936 0.707106 0.604167
0 0.945657 0.718324 0.952971 0.697837 0.936777 0.679565 0.929463 0.700052
0 0.84586 0.459229 0.850344 0.433687 0.838004 0.42684 0.83352 0.452382
0 0.938181 0.681474 0.936866 0.654105 0.915114 0.657409 0.916429 0.684778
0 0.825722 0.586514 0.833593 0.571475 0.817701 0.545191 0.809831 0.560231
0 0.827771 0.319395 0.831115 0.297144 0.816681 0.290289 0.813338 0.31254
0 0.988199 0.559957 0.99244 0.527539 0.969023 0.517855 0.964782 0.550274
0 0.643702 0.888886 0.655027 0.847298 0.63576 0.830716 0.624435 0.872304
0 0.977034 0.536276 0.983405 0.508324 0.956886 0.489219 0.950515 0.517172
0 0.711965 0.63368 0.714778 0.613817 0.702748 0.608432 0.699935 0.628295
0 0.850069 0.332648 0.862192 0.300836 0.838767 0.272624 0.826644 0.304436
0 0.640969 0.711297 0.651378 0.689938 0.642039 0.675553 0.631629 0.696911
0 0.794741 0.417165 0.798897 0.393497 0.787105 0.386954 0.782949 0.410622
0 0.82392 0.303196 0.839715 0.280848 0.83263 0.265021 0.816835 0.28737
0 0.920023 0.578903 0.923969 0.555736 0.904334 0.545165 0.900388 0.568331
0 0.806002 0.646259 0.82019 0.622369 0.809222 0.601783 0.795035 0.625673
0 0.846482 0.482902 0.849866 0.458949 0.835918 0.452721 0.832533 0.476673
0 0.909162 0.777994 0.939464 0.752083 0.929946 0.716908 0.899645 0.742819
0 0.847419 0.35845 0.850539 0.331094 0.832749 0.324681 0.829629 0.352037
0 0.80757 0.484393 0.809115 0.463993 0.795951 0.460842 0.794406 0.481242
0 0.947536 0.577605 0.951692 0.552348 0.935807 0.544085 0.93165 0.569342
0 0.840253 0.407374 0.844116 0.379008 0.832006 0.373795 0.828143 0.40216
0 0.443342 0.813977 0.457093 0.781153 0.444362 0.764297 0.430611 0.797122
0 0.693124 0.754891 0.69809 0.731309 0.687143 0.724023 0.682177 0.747605
0 0.791892 0.626579 0.817487 0.599891 0.807308 0.569039 0.781714 0.595728
0 0.952676 0.523195 0.954985 0.497497 0.934989 0.49182 0.932681 0.517519
0 0.492682 0.913006 0.486275 0.855815 0.465856 0.863044 0.472262 0.920235
0 0.0407905 0.875959 0.0682027 0.84784 0.0576595 0.815356 0.0302473 0.843475
0 0.846204 0.54763 0.847785 0.526242 0.832583 0.522691 0.831002 0.54408
0 0.813757 0.570792 0.818102 0.552138 0.806107 0.543308 0.801762 0.561962
0 0.638246 0.777821 0.650163 0.769856 0.641101 0.727002 0.629184 0.734967
0 0.981646 0.646843 0.992734 0.620049 0.961706 0.57947 0.950619 0.606264
0 0.792376 0.572469 0.800004 0.552116 0.790582 0.540956 0.782954 0.561309
0 0.479219 0.740011 0.489898 0.716073 0.480098 0.702255 0.469418 0.726194
0 0.933451 0.703054 0.935458 0.679229 0.921219 0.675437 0.919211 0.699262
0 0.132186 0.325255 0.148814 0.311827 0.137091 0.26595 0.120464 0.279379
0 0.221561 0.0323486 0.222611 -0.00939106 0.197216 -0.011409 0.196166 0.0303307
0 0.987946 0.645155 1.01554 0.620901 0.996232 0.551466 0.968637 0.575719
0 0.845051 0.574911 0.844595 0.546446 0.830521 0.547159 0.830978 0.575624
0 0.606127 0.956727 0.617713 0.933489 0.59952 0.90482 0.587934 0.928058
0 0.454591 0.834422 0.467642 0.803874 0.455054 0.786879 0.442004 0.817427
0 0.953532 0.452583 0.95572 0.429044 0.942327 0.425109 0.940139 0.448649
0 0.500597 0.746407 0.503794 0.72069 0.489838 0.715206 0.486641 0.740923
0 0.769258 0.532101 0.774546 0.509366 0.762931 0.500829 0.757644 0.523564
0 0.897809 0.681987 0.910279 0.664265 0.89539 0.631156 0.882921 0.648878
0 0.858864 0.359019 0.86986 0.334684 0.858896 0.319025 0.847899 0.343359
0 0.739048 0.633895 0.739192 0.602534 0.725421 0.602333 0.725277 0.633694
0 0.925613 0.412548 0.931264 0.392675 0.916332 0.379255 0.910681 0.399128
0 0.472167 0.863841 0.469812 0.823845 0.454224 0.826746 0.456579 0.866742
0 0.801404 0.712697 0.808347 0.686039 0.783876 0.665895 0.776933 0.692552
0 0.696238 0.704476 0.698305 0.684705 0.687827 0.681242 0.68576 0.701013
0 0.67322 0.663101 0.677782 0.642707 0.666852 0.63498 0.66229 0.655374
0 0.942369 0.544243 0.946038 0.522305 0.934645 0.516283 0.930976 0.538221
0 0.997135 0.542758 1.00683 0.521259 0.988628 0.495333 0.978937 0.516832
0 0.446327 0.938736 0.46316 0.889378 0.44211 0.866688 0.425276 0.916047
0 0.721301 0.221154 0.714746 0.166637 0.677567 0.180767 0.684123 0.235283
0 0.41554 0.741218 0.417292 0.714864 0.402206 0.711694 0.400454 0.738048
0 0.726048 0.64474 0.728591 0.621421 0.715693 0.616975 0.71315 0.640294
0 0.708149 0.613543 0.711913 0.596172 0.702007 0.589387 0.698242 0.606758
0 0.722844 0.794083 0.726242 0.77201 0.714423 0.76626 0.711025 0.788332
0 0.937117 0.584383 0.939955 0.567147 0.930024 0.561978 0.927186 0.579215
0 0.395207 0.759461 0.39539 0.7372 0.382491 0.736864 0.382307 0.759125
0 0.922366 0.66566 0.924369 0.64026 0.906983 0.635926 0.90498 0.661327
0 0.693493 0.845002 0.705404 0.831487 0.6928 0.796384 0.68089 0.809898
0 0.655173 0.6613 0.663273 0.638961 0.654784 0.629231 0.646683 0.65157
0 0.499752 0.906457 0.504529 0.872732 0.490124 0.866283 0.485346 0.900008
0 0.818317 0.460574 0.821461 0.434154 0.803227 0.427298 0.800084 0.453718
0 0.88134 0.417862 0.889136 0.392124 0.880129 0.383501 0.872333 0.409239
0 0.852262 0.375149 0.859215 0.352143 0.848927 0.342315 0.841974 0.365321
0 0.948727 0.755937 0.957585 0.73091 0.939705 0.710909 0.930847 0.735935
0 0.451449 0.730861 0.457342 0.700032 0.444486 0.692265 0.438593 0.723094
0 0.657377 0.683983 0.663414 0.661835 0.650733 0.650911 0.644696 0.673059
0 0.89919 0.575036 0.89853 0.551435 0.879425 0.553125 0.880085 0.576726
0 0.64631 0.840769 0.652592 0.79502 0.617964 0.779991 0.611682 0.825741
0 0.727001 0.780355 0.733502 0.757507 0.714427 0.740352 0.707925 0.763201
0 0.740381 0.798413 0.751628 0.785512 0.741068 0.756412 0.72982 0.769312
0 0.622438 0.74667 0.627179 0.725724 0.616886 0.71836 0.612145 0.739306
0 0.707499 0.702474 0.713722 0.688201 0.702003 0.672053 0.69578 0.686326
0 0.0872541 0.890666 0.0907379 0.852355 0.0709131 0.846657 0.0674292 0.884969
0 0.814362 0.509657 0.818969 0.492004 0.801581 0.477662 0.796974 0.495315
0 0.897943 0.40942 0.903621 0.384754 0.887337 0.372908 0.881659 0.397573
0 0.919384 0.450153 0.923089 0.429812 0.902905 0.41819 0.899199 0.438531
0 0.937467 0.734862 0.946026 0.712358 0.931802 0.695262 0.923244 0.717765
0 0.824166 0.48916 0.826877 0.473363 0.812056 0.465321 0.809344 0.481118
0 0.751565 0.61281 0.753363 0.593509 0.741983 0.590157 0.740184 0.609458
0 0.462695 0.726528 0.479279 0.688272 0.465319 0.669144 0.448734 0.707401
0 0.937134 0.421376 0.943707 0.395593 0.931909 0.386089 0.925337 0.411872
0 0.0552721 0.934415 0.0541622 0.893097 0.0252431 0.895552 0.0263529 0.93687
0 0.759163 0.807408 0.770576 0.77102 0.757691 0.758248 0.746278 0.794636
0 0.556145 0.730556 0.558166 0.706964 0.540725 0.702241 0.538703 0.725832
0 0.723991 0.671529 0.726222 0.646755 0.713506 0.643136 0.711275 0.667909
0 0.612695 0.663543 0.61761 0.644735 0.604366 0.633796 0.599451 0.652604
0 0.895819 0.613706 0.896485 0.586527 0.880836 0.585314 0.88017 0.612493
0 0.871403 0.370355 0.878639 0.347301 0.867637 0.336388 0.860401 0.359442
0 0.460906 0.776191 0.469114 0.751179 0.45913 0.740823 0.450921 0.765835
0 0.475394 0.817243 0.481386 0.78896 0.470842 0.7819 0.46485 0.810183
0 0.657474 0.639873 0.660472 0.615317 0.648673 0.610764 0.645675 0.63532
0 0.730259 0.642643 0.730181 0.621821 0.718941 0.621955 0.71902 0.642776
0 0.478096 1.00946 0.483834 0.968709 0.461418 0.958733 0.45568 0.999482
0 0.898806 0.753344 0.919603 0.72313 0.908518 0.699017 0.887721 0.729231
0 0.368957 0.816719 0.378396 0.776813 0.364574 0.76648 0.355135 0.806386
0 0.771775 0.639128 0.777588 0.616095 0.76771 0.608217 0.761897 0.63125
0 0.745496 0.441172 0.751328 0.419544 0.741313 0.411009 0.735481 0.432637
0 0.125675 0.687807 0.164429 0.577915 0.122691 0.531396 0.0839375 0.641288
0 0.811571 0.358718 0.823096 0.326771 0.809695 0.311491 0.798169 0.343437
0 0.90524 0.783844 0.907104 0.755913 0.889406 0.75218 0.887542 0.780111
0 0.929396 0.551676 0.932428 0.527779 0.917523 0.521802 0.914491 0.545699
0 0.437858 0.712273 0.447291 0.68987 0.437842 0.677296 0.428408 0.699699
0 0.830568 0.298998 0.835487 0.270964 0.82118 0.26303 0.816261 0.291065
0 0.695867 0.637617 0.701387 0.615909 0.692092 0.608437 0.686571 0.630146
0 0.784798 0.477621 0.787244 0.457661 0.776559 0.453523 0.774114 0.473484
0 0.459916 0.883551 0.461044 0.85112 0.444572 0.849309 0.443444 0.88174
0 0.647822 0.684465 0.655192 0.664676 0.646025 0.653885 0.638655 0.673674
0 0.986207 0.506862 0.99956 0.494823 0.989136 0.45828 0.975783 0.470318
0 0.640487 0.793454 0.642477 0.77479 0.625066 0.768922 0.623076 0.787586
0 0.628226 0.925352 0.630683 0.887569 0.607915 0.88289 0.605458 0.920673
0 0.928941 0.500444 0.936129 0.468774 0.910212 0.450182 0.903024 0.481852
0 0.629588 0.735258 0.633205 0.710301 0.621137 0.704773 0.617519 0.729729
0 0.134184 0.54572 0.12802 0.437886 0.0893864 0.444865 0.0955496 0.552698
0 0.442669 0.838857 0.459538 0.815475 0.451628 0.79744 0.434759 0.820823
0 0.847329 0.50689 0.849485 0.486519 0.835349 0.481792 0.833194 0.502163
0 0.65717 0.706761 0.665269 0.683356 0.655992 0.673212 0.647894 0.696616
0 0.974158 0.341381 0.974289 0.326366 0.960155 0.325976 0.960024 0.340992
0 0.510108 0.791708 0.511523 0.772294 0.499377 0.769495 0.497961 0.788909
0 0.501593 1.00516 0.504297 0.969825 0.484807 0.965112 0.482103 1.00045
0 0.612244 0.795053 0.618762 0.767219 0.604738 0.75684 0.59822 0.784675
0 0.382944 0.682723 0.384875 0.660588 0.372499 0.657178 0.370569 0.679312
0 0.538808 0.763949 0.546268 0.744512 0.53642 0.732566 0.52896 0.752003
0 0.938768 0.52717 0.942954 0.502598 0.92836 0.494741 0.924175 0.519314
0 0.82138 0.386395 0.827228 0.364302 0.816566 0.35538 0.810717 0.377474
0 0.675945 0.610728 0.677476 0.578618 0.660081 0.575996 0.65855 0.608106
0 0.806575 0.380591 0.815338 0.356714 0.805722 0.345561 0.796959 0.369438
0 0.523099 0.948728 0.522257 0.899372 0.504574 0.900325 0.505415 0.949681
0 0.759345 0.700685 0.766074 0.672244 0.754439 0.663543 0.747709 0.691984
0 0.759711 0.63377 0.766098 0.613243 0.756852 0.604151 0.750466 0.624678
0 0.47022 0.931962 0.475905 0.906725 0.460822 0.895987 0.455137 0.921223
0 0.945559 0.63557 0.951156 0.602325 0.929089 0.590582 0.923492 0.623827
0 0.801055 0.992198 0.837342 0.929042 0.778352 0.821924 0.742066 0.88508
0 0.848675 0.41769 0.851095 0.39603 0.839923 0.392084 0.837503 0.413744
0 0.925314 0.793713 0.925597 0.76794 0.901666 0.76711 0.901383 0.792883
0 0.00371108 0.947044 0.022391 0.919976 0.0122223 0.897797 -0.00645768 0.924865
0 0.462071 0.64226 0.467645 0.618649 0.457312 0.610939 0.451738 0.63455
0 0.809172 0.413964 0.812632 0.394506 0.800321 0.387586 0.79686 0.407043
0 0.583515 0.734606 0.591685 0.71007 0.579916 0.697685 0.571746 0.722221
0 0.844251 0.523135 0.846229 0.503841 0.833952 0.499862 0.831974 0.519157
0 0.804496 0.735102 0.808366 0.715467 0.789206 0.703533 0.785336 0.723169
0 0.733359 0.809451 0.738759 0.794621 0.72581 0.779719 0.72041 0.794549
0 0.466346 0.7347 0.476772 0.712933 0.468245 0.700025 0.457819 0.721792
0 0.775902 0.692877 0.780609 0.667584 0.766273 0.659152 0.761566 0.684445
0 0.386236 0.741669 0.387164 0.723151 0.374345 0.721122 0.373417 0.73964
0 0.00704025 1.00485 0.0308628 0.957423 0.0106026 0.925257 -0.0132199 0.97268
0 0.803619 0.785388 0.805798 0.743352 0.785343 0.74 0.783163 0.782037
0 0.0440127 0.835776 0.0746586 0.788713 0.0614517 0.761534 0.0308059 0.808597
0 0.889057 0.714 0.894439 0.687708 0.880154 0.678468 0.874772 0.70476
0 0.758464 0.783173 0.767008 0.751544 0.751451 0.738261 0.742907 0.76989
0 0.498789 0.782416 0.506489 0.748413 0.489618 0.736339 0.481918 0.770341
0 0.87033 0.477846 0.87351 0.455354 0.862052 0.450235 0.858872 0.472727
0 0.480362 0.814382 0.483995 0.78806 0.472056 0.782853 0.468423 0.809174
0 0.216427 0.697959 0.265728 0.674001 0.239802 0.505385 0.1905 0.529343
0 0.783269 0.727957 0.789287 0.71116 0.778608 0.699068 0.77259 0.715865
0 1.00284 0.714153 1.00442 0.676212 0.988154 0.674071 0.986574 0.712011
0 0.430386 0.695174 0.438001 0.665327 0.425777 0.655469 0.418161 0.685316
0 0.710851 0.818317 0.714039 0.798906 0.701064 0.792171 0.697876 0.811583
0 0.634908 0.695605 0.638675 0.674688 0.628666 0.66899 0.624898 0.689907
0 0.871383 0.389443 0.873747 0.368211 0.861455 0.363887 0.859091 0.385118
0 0.867884 0.574871 0.887678 0.523974 0.866579 0.49804 0.846785 0.548937
0 0.922061 0.519609 0.92625 0.492429 0.914644 0.486777 0.910455 0.513957
0 0.784781 0.551125 0.791378 0.528112 0.781216 0.518905 0.774619 0.541918
0 0.80485 0.3371 0.815254 0.298736 0.803503 0.288664 0.793098 0.327027
0 0.895624 0.743847 0.90457 0.707897 0.888461 0.695228 0.879515 0.731178
0 0.808549 0.291571 0.811502 0.26382 0.799159 0.25967 0.796206 0.28742
0 0.765746 0.443668 0.769989 0.424787 0.760783 0.418248 0.75654 0.437129
0 0.857831 0.384934 0.862426 0.36414 0.853438 0.357864 0.848843 0.378658
0 0.922411 0.595123 0.925717 0.579021 0.910676 0.569261 0.90737 0.585363
0 0.760795 0.665876 0.763858 0.645209 0.74967 0.638564 0.746607 0.659231
0 0.638511 0.669332 0.643768 0.652204 0.635623 0.644305 0.630367 0.661432
0 0.517128 0.963805 0.520462 0.930359 0.497705 0.923191 0.494372 0.956637
0 0.682346 0.464271 0.683002 0.443668 0.671072 0.442466 0.670416 0.463069
0 0.906915 0.713786 0.917201 0.687834 0.907073 0.675145 0.896786 0.701098
0 0.760673 0.600228 0.767042 0.56868 0.746093 0.555314 0.739724 0.586862
0 0.824036 0.665273 0.83055 0.642403 0.816856 0.630076 0.810342 0.652946
0 0.500795 0.686234 0.512097 0.664515 0.503914 0.651056 0.492612 0.672775
0 0.769327 0.703788 0.773441 0.686319 0.764776 0.679871 0.760662 0.69734
0 0.682842 0.727877 0.690195 0.702347 0.67868 0.691867 0.671327 0.717397
0 0.473052 0.835819 0.475239 0.812379 0.463659 0.808964 0.461472 0.832403
0 0.636904 0.656044 0.639813 0.637132 0.629719 0.632225 0.62681 0.651137
0 0.689539 0.451006 0.690649 0.430774 0.677998 0.428579 0.676887 0.448811
0 0.413007 0.719346 0.422554 0.698141 0.411667 0.68265 0.40212 0.703855
0 0.516299 0.716005 0.526475 0.694908 0.515881 0.678758 0.505705 0.699855
0 0.56235 1.00767 0.563706 0.974016 0.541959 0.971247 0.540603 1.0049
0 0.780829 0.571754 0.789825 0.552696 0.781715 0.540596 0.772718 0.559655
0 0.528155 0.829129 0.531549 0.7814 0.512318 0.777078 0.508923 0.824806
0 0.96546 0.368906 0.966482 0.339848 0.947953 0.33779 0.946932 0.366849
0 0.86793 0.512072 0.875049 0.484918 0.864603 0.476262 0.857484 0.503417
0 0.0815165 0.742886 0.0953253 0.706976 0.0810167 0.689586 0.0672079 0.725496
0 0.747699 0.480239 0.750784 0.46081 0.741464 0.456134 0.73838 0.475562
0 0.923839 0.718765 0.927984 0.700294 0.914985 0.691076 0.91084 0.709547
0 0.883455 0.433981 0.887131 0.412036 0.876612 0.406466 0.872936 0.428412
0 0.0715997 0.845348 0.0796433 0.815414 0.0623497 0.800727 0.0543062 0.830661
0 0.957314 0.280492 0.96776 0.269035 0.955346 0.233263 0.9449 0.24472
0 0.695589 0.615887 0.700269 0.597692 0.692626 0.59148 0.687947 0.609675
0 0.814881 0.525356 0.819646 0.504652 0.806177 0.494856 0.801412 0.51556
0 0.866443 0.427953 0.867831 0.406254 0.854439 0.403548 0.853051 0.425246
0 0.811127 0.272775 0.820684 0.25187 0.812785 0.240456 0.803227 0.261362
0 0.978015 0.366963 0.979865 0.340456 0.964118 0.336982 0.962268 0.36349
0 0.883293 0.478308 0.886106 0.459644 0.876172 0.454912 0.873359 0.473577
0 0.683785 0.481623 0.685578 0.459936 0.672954 0.456637 0.671161 0.478324
0 0.74633 0.658519 0.750735 0.637145 0.741637 0.63122 0.737232 0.652595
0 0.471413 0.91344 0.47331 0.877399 0.460157 0.875212 0.45826 0.911252
0 0.443161 0.878309 0.448389 0.850776 0.437616 0.844311 0.432388 0.871844
0 0.634959 0.739266 0.640202 0.710643 0.62464 0.701632 0.619396 0.730256
0 0.953541 0.732902 0.962804 0.710431 0.949447 0.693028 0.940183 0.7155
0 0.455232 0.667614 0.462026 0.642288 0.452057 0.633837 0.445264 0.659164
0 0.800133 0.500754 0.802536 0.482879 0.792855 0.478766 0.790452 0.496641
0 0.036526 0.822007 0.0366828 0.787605 0.0167983 0.787319 0.0166416 0.821721
0 0.441103 0.704595 0.451134 0.679791 0.442753 0.669079 0.432722 0.693883
0 0.495411 0.705244 0.502949 0.687837 0.488862 0.668557 0.481324 0.685964
0 0.644864 0.637788 0.646265 0.611249 0.633927 0.60919 0.632526 0.63573
0 0.695012 0.730693 0.699957 0.706135 0.69083 0.700327 0.685886 0.724885
0 0.516457 0.769925 0.521607 0.736291 0.509889 0.73062 0.504739 0.764254
0 0.620279 0.641382 0.62355 0.61582 0.614663 0.612226 0.611392 0.637789
0 0.707996 0.77786 0.710247 0.751068 0.695582 0.747176 0.693332 0.773968
0 0.783779 0.777033 0.78896 0.743583 0.771356 0.734965 0.766175 0.768415
0 0.832142 0.622774 0.840412 0.600059 0.827842 0.585594 0.819572 0.60831
0 0.824613 0.268487 0.830593 0.245143 0.818435 0.2353 0.812455 0.258643
0 0.759287 0.718522 0.761703 0.702557 0.753116 0.698449 0.7507 0.714414
0 0.684412 0.643001 0.691902 0.618706 0.682894 0.609928 0.675404 0.634223
0 0.891019 0.457773 0.895054 0.429822 0.882894 0.424274 0.878859 0.452224
0 0.630233 0.593925 0.635871 0.571015 0.627048 0.564152 0.62141 0.587062
0 0.666035 0.78527 0.670123 0.742389 0.651678 0.73683 0.647589 0.779712
0 0.610594 0.752743 0.617693 0.718284 0.602875 0.708635 0.595775 0.743093
0 0.423019 0.865944 0.432385 0.827354 0.419065 0.817136 0.409699 0.855726
0 0.695795 0.577347 0.70025 0.555568 0.690759 0.549433 0.686304 0.571211
0 0.455889 0.961171 0.458099 0.929234 0.439181 0.925098 0.436972 0.957035
0 0.682151 0.643854 0.683774 0.625498 0.673098 0.622515 0.671475 0.640871
0 0.70839 0.733601 0.711304 0.706706 0.69976 0.702754 0.696847 0.729649
0 0.62588 0.660508 0.627249 0.640445 0.61692 0.638217 0.615551 0.65828
0 0.610455 0.639543 0.615501 0.616744 0.605757 0.609928 0.600711 0.632728
0 0.789071 0.746533 0.792921 0.729078 0.779159 0.719484 0.775309 0.736939
0 0.597869 0.808616 0.59935 0.763758 0.574676 0.761183 0.573195 0.80604
0 0.815053 0.578908 0.822013 0.568562 0.81101 0.545172 0.804051 0.555518
0 0.625762 0.840447 0.627663 0.818499 0.613119 0.814518 0.611218 0.836466
0 0.490201 0.718669 0.495087 0.702656 0.484284 0.692238 0.479398 0.708251
0 0.427345 0.752667 0.431444 0.724847 0.417044 0.718141 0.412944 0.745961
0 0.728105 0.509106 0.735647 0.465544 0.716683 0.455168 0.709142 0.498731
0 0.493944 0.9749 0.496896 0.9467 0.485271 0.942855 0.482319 0.971055
0 0.554482 0.9833 0.557181 0.952009 0.536532 0.946382 0.533834 0.977673
0 0.829885 0.558822 0.832033 0.538538 0.820272 0.534603 0.818124 0.554886
0 0.577473 0.887545 0.586957 0.858622 0.578391 0.849745 0.568907 0.878668
0 0.502909 0.813955 0.505615 0.790727 0.492008 0.785717 0.489302 0.808945
