0 0.482134 0.989173 0.482381 0.880141 0.41694 0.879673 0.416693 0.988706
0 0.537771 0.597759 0.536568 0.544773 0.507452 0.546862 0.508655 0.599847
0 0.570538 0.996358 0.559402 0.920555 0.511021 0.943019 0.522157 1.01882
0 0.560877 0.895541 0.561586 0.850982 0.537847 0.849787 0.537137 0.894346
0 0.387385 0.950449 0.409349 0.895088 0.388206 0.868578 0.366242 0.92394
0 0.427141 0.905854 0.430929 0.83188 0.402555 0.827288 0.398768 0.901262
0 0.501385 0.935122 0.502668 0.897626 0.481982 0.895389 0.480699 0.932886
0 0.987644 1.06167 1.0181 0.861937 0.824096 0.76845 0.793641 0.968187
0 0.596266 0.864476 0.598178 0.832134 0.580321 0.828797 0.578408 0.861139
0 0.399382 0.888132 0.396972 0.837009 0.367559 0.841392 0.369969 0.892514
0 0.0198172 0.830064 0.0221286 0.781248 -0.00269471 0.777533 -0.00500613 0.826349
0 0.418693 0.94181 0.423525 0.905856 0.400025 0.895874 0.395193 0.931828
0 0.0933765 0.925 0.106925 0.887532 0.0887609 0.866773 0.0752125 0.904241
0 0.148749 0.79613 0.155694 0.774168 0.139034 0.757519 0.132089 0.779481
0 0.629351 0.993135 0.631204 0.963 0.613213 0.959502 0.61136 0.989637
0 0.415269 0.979363 0.43494 0.942595 0.418919 0.915506 0.399248 0.952274
0 0.184413 0.699857 0.188172 0.679598 0.175679 0.672272 0.17192 0.692532
0 0.177113 0.974104 0.207678 0.848365 0.157856 0.810088 0.127291 0.935828
0 0.074747 0.837625 0.0753929 0.792592 0.0508656 0.79148 0.0502197 0.836514
0 0.59055 0.741636 0.592263 0.717586 0.575706 0.713858 0.573992 0.737908
0 0.262876 0.998393 0.265038 0.957884 0.241461 0.953907 0.239299 0.994416
0 0.165221 0.787466 0.170085 0.760076 0.15528 0.751768 0.150416 0.779159
0 0.138791 1.0186 0.190066 0.994732 0.183086 0.94734 0.131811 0.971206
0 0.0283953 0.886716 0.0274494 0.859689 0.00603444 0.862058 0.00698032 0.889085
0 0.056468 0.856339 0.0565139 0.820911 0.034957 0.820823 0.0349111 0.856251
0 0.512859 0.807037 0.52131 0.787034 0.507799 0.768993 0.499348 0.788996
0 0.183623 0.597984 0.176599 0.545798 0.137432 0.562458 0.144455 0.614645
0 0.18432 0.748635 0.188206 0.720044 0.164504 0.709862 0.160618 0.738453
0 0.683668 0.640983 0.67647 0.602345 0.645791 0.620407 0.652988 0.659046
0 0.489505 0.871205 0.496393 0.833533 0.481585 0.824975 0.474696 0.862647
0 0.0370702 0.839553 0.0366436 0.797021 0.0164302 0.797661 0.0168568 0.840194
0 0.101746 0.929559 0.11834 0.911613 0.110784 0.889533 0.0941902 0.907478
0 0.516433 0.708807 0.515498 0.681951 0.494538 0.684255 0.495472 0.711112
0 0.494512 0.829411 0.504795 0.793776 0.493744 0.783698 0.483462 0.819334
0 0.131792 0.823688 0.144373 0.786617 0.128774 0.769885 0.116193 0.806957
0 0.426691 0.79153 0.422336 0.746775 0.395089 0.755156 0.399445 0.79991
0 0.182825 0.768393 0.184357 0.745494 0.171859 0.742852 0.170327 0.765751
0 0.483645 1.00208 0.480429 0.964137 0.453696 0.971297 0.456912 1.00924
0 0.0933501 0.714257 0.104889 0.669232 0.0722325 0.64278 0.0606932 0.687806
0 0.594652 0.890798 0.597587 0.865083 0.580569 0.858944 0.577634 0.884659
0 0.410712 0.841614 0.405588 0.811504 0.379839 0.825352 0.384963 0.855461
0 0.171387 0.632186 0.173817 0.604515 0.159038 0.600413 0.156608 0.628085
0 0.486992 0.912288 0.490227 0.856856 0.454236 0.850219 0.451001 0.90565
0 0.397822 0.985846 0.408343 0.953696 0.39561 0.940526 0.385089 0.972676
0 0.574616 0.930571 0.576218 0.885034 0.552875 0.882439 0.551273 0.927977
0 0.57172 0.756614 0.576443 0.732175 0.563807 0.724456 0.559083 0.748895
0 0.280392 0.976861 0.292315 0.954307 0.281079 0.935531 0.269155 0.958085
0 0.526385 0.874854 0.528679 0.846683 0.512361 0.842483 0.510066 0.870654
0 0.277203 1.00365 0.287195 0.979011 0.276324 0.965077 0.266332 0.989714
0 0.576249 0.892167 0.578325 0.866601 0.562082 0.862432 0.560005 0.887998
0 0.609208 1.01041 0.607507 0.919009 0.557503 0.921949 0.559203 1.01335
0 0.513658 0.936345 0.515847 0.904265 0.498954 0.900621 0.496765 0.932701
0 0.169824 0.761672 0.174334 0.740644 0.158227 0.729728 0.153718 0.750757
0 0.381004 0.529662 0.391455 0.505249 0.373987 0.481615 0.363536 0.506029
0 0.198962 0.72127 0.21748 0.689605 0.205029 0.666593 0.186511 0.698257
0 0.24428 0.950101 0.247389 0.927819 0.235486 0.92257 0.232377 0.944852
0 0.433782 0.76752 0.442272 0.735026 0.426326 0.721858 0.417836 0.754352
0 0.285139 0.990181 0.299451 0.971269 0.292518 0.954688 0.278206 0.973601
0 0.376435 0.96699 0.380498 0.915508 0.352063 0.908415 0.348 0.959897
0 0.398658 0.96155 0.405224 0.929202 0.385028 0.916246 0.378462 0.948594
0 0.0151204 0.78443 0.0153278 0.754001 -0.00274364 0.753612 -0.00295098 0.784041
0 0.297481 0.951775 0.304923 0.929507 0.29425 0.918234 0.286808 0.940502
0 0.663697 0.600017 0.665191 0.556397 0.640493 0.553723 0.638998 0.597343
0 0.195416 0.752027 0.206737 0.724068 0.194127 0.707931 0.182806 0.735889
0 0.320594 0.940259 0.32974 0.903193 0.3177 0.893805 0.308554 0.930871
0 0.562516 0.729353 0.588297 0.649875 0.552041 0.612705 0.526259 0.692182
0 0.796748 1.054 0.852272 0.968425 0.774123 0.808158 0.718598 0.893728
0 0.0403566 0.88116 0.0410848 0.847121 0.0242273 0.845981 0.0234992 0.880021
0 0.469668 0.546427 0.470067 0.510129 0.451048 0.509469 0.450649 0.545767
0 0.11945 0.332303 0.137391 0.312824 0.12257 0.269682 0.104629 0.289161
0 0.361052 0.7289 0.374635 0.687356 0.356162 0.668268 0.34258 0.709813
0 0.612424 0.87495 0.615761 0.854629 0.601247 0.847096 0.59791 0.867417
0 0.495551 0.787408 0.498811 0.772014 0.488052 0.764811 0.484792 0.780205
0 0.428214 0.84133 0.440797 0.806478 0.422555 0.785663 0.409972 0.820515
0 0.116093 0.902152 0.121465 0.87391 0.106551 0.864946 0.10118 0.893188
0 0.172633 0.713191 0.176879 0.690081 0.163574 0.682355 0.159328 0.705464
0 0.521538 0.839211 0.527209 0.830772 0.51686 0.808793 0.511189 0.817233
0 0.543013 0.645177 0.554576 0.621886 0.535825 0.592464 0.524262 0.615755
0 0.221895 0.953277 0.230718 0.925282 0.221142 0.915744 0.212319 0.943739
0 0.744555 0.669728 0.742778 0.629684 0.719199 0.632991 0.720975 0.673034
0 0.656439 0.108825 0.663388 0.0497263 0.643152 0.0422058 0.636202 0.101304
0 0.148896 0.742525 0.148913 0.725438 0.136549 0.725398 0.136531 0.742485
0 0.283274 0.95187 0.289923 0.933969 0.281025 0.923522 0.274376 0.941423
0 0.594719 0.633974 0.600325 0.609461 0.588151 0.600662 0.582545 0.625175
0 0.192238 0.618015 0.198915 0.592997 0.187296 0.583196 0.180619 0.608213
0 0.640754 0.86923 0.645391 0.849059 0.623232 0.832962 0.618596 0.853134
0 0.0287507 0.87313 0.0274738 0.826209 -0.0029508 0.828826 -0.0016739 0.875747
0 0.445316 0.83405 0.463068 0.800808 0.447032 0.773742 0.42928 0.806985
0 0.343891 0.837479 0.344491 0.811798 0.332435 0.810908 0.331836 0.836589
0 0.552662 0.94062 0.562423 0.911463 0.544327 0.892317 0.534566 0.921475
0 0.591957 0.945632 0.60565 0.9213 0.585173 0.884879 0.57148 0.90921
0 0.336787 0.928537 0.355293 0.906742 0.348449 0.888376 0.329943 0.910171
0 0.50772 0.893356 0.514076 0.839829 0.493265 0.83202 0.486909 0.885547
0 0.456898 0.875142 0.470393 0.815674 0.446213 0.798333 0.432718 0.857801
0 0.251815 0.885271 0.262259 0.864035 0.255714 0.853862 0.24527 0.875098
0 0.502387 0.775942 0.505512 0.755334 0.493083 0.749378 0.489958 0.769985
0 0.152695 0.810654 0.156237 0.790434 0.142761 0.782974 0.139219 0.803194
0 0.308268 0.422178 0.320638 0.378498 0.283858 0.345576 0.271487 0.389257
0 0.554294 0.416401 0.557887 0.352791 0.523989 0.346738 0.520395 0.410348
0 0.214479 0.941312 0.227585 0.912225 0.218471 0.899245 0.205365 0.928332
0 0.633592 0.979881 0.644339 0.961264 0.629893 0.934911 0.619147 0.953528
0 0.924006 0.792524 0.930362 0.771033 0.914286 0.756005 0.90793 0.777496
0 0.73701 0.419708 0.752747 0.35651 0.723118 0.333191 0.707381 0.396389
0 0.051077 0.890928 0.0789251 0.860097 0.0678426 0.82846 0.0399945 0.859291
0 0.62908 0.882013 0.634008 0.860712 0.617349 0.848531 0.612421 0.869833
0 0.572425 0.774381 0.577635 0.752787 0.567514 0.74507 0.562304 0.766664
0 0.221646 0.897614 0.22327 0.881213 0.21302 0.878005 0.211396 0.894406
0 0.489654 0.687094 0.497091 0.658205 0.486517 0.649603 0.479081 0.678491
0 1.00676 0.604752 1.0064 0.546705 0.975629 0.547306 0.975987 0.605353
0 0.31083 0.98333 0.320852 0.961379 0.313013 0.950069 0.302992 0.97202
0 0.236863 1.00523 0.237724 0.982341 0.219265 0.980147 0.218404 1.00303
0 0.484124 0.828988 0.488168 0.804881 0.475027 0.797914 0.470983 0.822021
0 0.518005 0.97831 0.529872 0.935865 0.51591 0.923529 0.504043 0.965973
0 0.308645 0.968485 0.314204 0.950904 0.307099 0.943804 0.301541 0.961385
0 0.717734 0.172962 0.717367 0.127662 0.695176 0.12823 0.695543 0.17353
0 0.945135 0.794421 0.950787 0.771131 0.928601 0.754113 0.922948 0.777403
0 0.193346 0.99911 0.203734 0.971687 0.193157 0.959024 0.182769 0.986447
0 0.755282 0.245296 0.760886 0.179919 0.724709 0.170117 0.719105 0.235495
0 0.15917 0.709471 0.161249 0.688359 0.15076 0.685095 0.148681 0.706207
0 1.00202 0.769971 1.00416 0.743725 0.97907 0.737259 0.976929 0.763504
0 0.33356 0.951135 0.338951 0.930187 0.328623 0.921786 0.323232 0.942733
0 0.360424 0.879977 0.363833 0.861266 0.355083 0.856228 0.351674 0.874939
0 0.236651 0.935978 0.242859 0.917412 0.232344 0.9063 0.226136 0.924866
0 0.270859 0.986733 0.274327 0.964202 0.26535 0.959834 0.261882 0.982366
0 0.188066 0.834801 0.189678 0.818708 0.179564 0.815507 0.177952 0.8316
0 0.101132 0.854176 0.0982007 0.809002 0.0678327 0.815229 0.0707635 0.860403
0 0.621844 0.9349 0.634614 0.915153 0.618692 0.882613 0.605923 0.90236
0 0.0871895 0.818184 0.089846 0.794162 0.0733132 0.788384 0.0706566 0.812406
0 0.149862 0.762795 0.150685 0.743163 0.134481 0.741015 0.133658 0.760647
0 0.395984 0.392742 0.397291 0.356378 0.377893 0.354174 0.376586 0.390538
0 0.37425 0.915298 0.378489 0.8803 0.359131 0.87289 0.354892 0.907888
0 0.414519 0.993887 0.417825 0.968205 0.401465 0.961549 0.398159 0.987231
0 0.596578 0.906497 0.597798 0.884954 0.580751 0.881904 0.579531 0.903448
0 0.166668 0.801481 0.172766 0.785527 0.163774 0.774665 0.157676 0.79062
0 0.447663 0.564494 0.449415 0.545443 0.43879 0.542354 0.437037 0.561404
0 0.103367 0.800986 0.113926 0.780165 0.105923 0.767338 0.0953641 0.78816
0 0.271486 0.88376 0.277736 0.86002 0.266375 0.850567 0.260125 0.874307
0 0.447225 0.730838 0.448561 0.709361 0.436566 0.707003 0.43523 0.728479
0 0.202102 0.929821 0.218056 0.905219 0.210901 0.890555 0.194947 0.915158
0 0.556847 0.755368 0.561023 0.733639 0.548685 0.726144 0.544509 0.747873
0 0.169208 0.727989 0.177291 0.705913 0.16676 0.693727 0.158677 0.715803
0 0.235815 0.976889 0.239109 0.946217 0.223108 0.940787 0.219814 0.971459
0 0.562983 0.859667 0.564816 0.841783 0.552273 0.837719 0.55044 0.855604
0 0.602298 0.668881 0.602741 0.635094 0.586514 0.634422 0.586071 0.668209
0 0.579168 0.86677 0.58247 0.845353 0.56746 0.83804 0.564159 0.859457
0 0.209379 0.948424 0.221129 0.919505 0.212509 0.908436 0.200759 0.937354
0 0.363196 0.988021 0.378171 0.970978 0.371286 0.951859 0.356311 0.968902
0 0.642453 0.625437 0.651242 0.594405 0.628822 0.574338 0.620034 0.60537
0 0.740107 1.00291 0.750211 0.926996 0.715033 0.912198 0.704929 0.988107
0 0.319436 0.877366 0.325011 0.855835 0.317843 0.84997 0.312268 0.871501
0 0.121006 0.793694 0.1282 0.775787 0.119905 0.765254 0.112711 0.783161
0 0.513584 0.909096 0.516171 0.889678 0.503326 0.88427 0.500739 0.903687
0 0.0513931 0.950006 0.069089 0.935065 0.0639486 0.915823 0.0462528 0.930763
0 0.561575 0.138817 0.565404 0.0887828 0.531294 0.0805337 0.527465 0.130568
0 0.246158 0.968512 0.250197 0.944889 0.239322 0.939013 0.235283 0.962636
0 0.510116 0.751869 0.514888 0.730103 0.504555 0.722943 0.499783 0.744709
0 0.273297 0.95271 0.279186 0.930926 0.269543 0.922686 0.263653 0.94447
0 0.129515 0.720201 0.129852 0.699841 0.116347 0.699135 0.11601 0.719495
0 0.043806 0.912023 0.0585421 0.892777 0.0506111 0.873585 0.0358751 0.892831
0 0.538621 0.936229 0.548684 0.916044 0.537421 0.898298 0.527358 0.918482
0 0.118786 0.840415 0.137374 0.800955 0.118298 0.772557 0.0997111 0.812017
0 0.189309 0.728491 0.194069 0.706891 0.181617 0.698218 0.176857 0.719818
0 0.125572 0.707338 0.123196 0.677449 0.100108 0.683251 0.102485 0.71314
0 0.0393856 0.936621 0.0648827 0.919141 0.0597307 0.895389 0.0342336 0.912869
0 0.39388 0.566177 0.398135 0.547703 0.388104 0.540402 0.38385 0.558876
0 0.628236 1.00575 0.628539 0.985497 0.60947 0.984597 0.609168 1.00485
0 0.315212 0.892242 0.318862 0.874943 0.310547 0.869398 0.306897 0.886697
0 0.115912 0.853539 0.128307 0.820931 0.112616 0.80208 0.100221 0.834688
0 0.182989 0.629253 0.185341 0.609302 0.175203 0.605526 0.172852 0.625477
0 0.4119 0.750128 0.414912 0.726837 0.401172 0.721221 0.39816 0.744512
0 0.0515181 0.828981 0.0541114 0.801161 0.041311 0.79739 0.0387177 0.82521
0 0.941527 0.760344 0.942749 0.738527 0.928068 0.735929 0.926847 0.757746
0 0.669135 0.848643 0.666639 0.804428 0.639881 0.809202 0.642377 0.853417
0 0.309737 0.875874 0.312788 0.857727 0.30436 0.853249 0.30131 0.871396
0 0.182603 0.976414 0.193637 0.956085 0.183231 0.938234 0.172197 0.958564
0 0.236716 0.880258 0.2405 0.862005 0.231877 0.856354 0.228093 0.874607
0 0.638514 0.900354 0.641756 0.87975 0.629916 0.873861 0.626674 0.894465
0 0.522225 0.739803 0.525826 0.719834 0.511653 0.711757 0.508052 0.731726
0 0.530571 0.682939 0.532358 0.657835 0.515928 0.654138 0.514141 0.679242
0 0.040219 0.892866 0.053731 0.871699 0.0446069 0.853291 0.0310949 0.874459
0 0.0319157 0.679244 0.0330983 0.659617 0.0218252 0.65747 0.0206426 0.677097
0 0.134703 0.776439 0.137337 0.749412 0.123554 0.745168 0.120921 0.772195
0 0.0120044 0.697383 0.0122703 0.659251 -0.00329011 0.658908 -0.00355603 0.69704
0 0.607254 0.851128 0.608424 0.828115 0.595097 0.825974 0.593927 0.848988
0 0.51582 0.849971 0.521195 0.833669 0.510049 0.822056 0.504675 0.838358
0 0.204086 0.435308 0.205983 0.413124 0.179078 0.405852 0.177181 0.428036
0 0.50698 0.680084 0.509508 0.65978 0.497029 0.65487 0.494501 0.675173
0 0.621518 0.625648 0.650604 0.535542 0.618343 0.50263 0.589258 0.592737
0 0.135076 0.431449 0.141823 0.405407 0.119215 0.386896 0.112468 0.412937
0 0.069435 0.912888 0.0855175 0.886429 0.0770779 0.870216 0.0609954 0.896674
0 0.575173 0.627306 0.574506 0.59741 0.552392 0.598971 0.55306 0.628867
0 0.51775 0.761964 0.521476 0.741864 0.509927 0.735098 0.506201 0.755198
0 0.228001 0.981294 0.231586 0.951425 0.217355 0.946027 0.21377 0.975895
0 0.306138 0.950007 0.311271 0.926143 0.298927 0.917752 0.293794 0.941616
0 0.549625 0.71796 0.551295 0.692778 0.536986 0.689778 0.535315 0.71496
0 0.150191 0.9921 0.149315 0.924358 0.111313 0.925911 0.112189 0.993653
