0 0.183302 0.978218 0.183174 0.939253 0.160563 0.939488 0.160692 0.978453
0 0.181249 1.00842 0.198412 0.975893 0.186156 0.955454 0.168993 0.98798
0 0.128282 0.947226 0.130394 0.860903 0.0834031 0.85727 0.0812912 0.943593
0 0.257925 0.750029 0.263945 0.706645 0.236778 0.694731 0.230758 0.738115
0 0.389465 0.991238 0.404589 0.944371 0.38385 0.92322 0.368726 0.970087
0 0.204504 0.772546 0.206152 0.730761 0.180671 0.727585 0.179023 0.76937
0 0.427485 0.859347 0.43437 0.791607 0.404997 0.78217 0.398111 0.849911
0 0.320998 0.773052 0.324727 0.749155 0.312141 0.742948 0.308412 0.766844
0 0.0862991 0.731947 0.0924955 0.707088 0.0720335 0.690968 0.065837 0.715827
0 0.34653 0.75085 0.349449 0.729627 0.337518 0.724441 0.334599 0.745663
0 0.339557 0.562203 0.354327 0.532117 0.341194 0.511741 0.326424 0.541826
0 0.46043 0.733301 0.466305 0.704861 0.447166 0.692365 0.44129 0.720805
0 0.37356 0.891521 0.378732 0.86735 0.362594 0.856437 0.357422 0.880607
0 0.288668 0.698893 0.291853 0.674471 0.267545 0.66445 0.264359 0.688873
0 0.0185864 1.01354 0.0483728 0.966285 0.0284882 0.926668 -0.00129814 0.973919
0 0.0965781 0.672088 0.105273 0.639505 0.0858852 0.623153 0.0771902 0.655736
0 0.252832 0.860088 0.286871 0.814393 0.266517 0.766472 0.232477 0.812167
0 0.41466 0.802474 0.413951 0.772712 0.393291 0.774268 0.394 0.80403
0 0.987583 1.06886 1.02264 0.839882 0.785885 0.725312 0.750825 0.954289
0 0.0765035 0.702377 0.0744883 0.676128 0.0501314 0.682038 0.0521465 0.708287
0 0.220922 1.01431 0.257819 0.99018 0.249756 0.951216 0.212859 0.975346
0 0.359613 0.748344 0.368945 0.715373 0.353538 0.701592 0.344206 0.734562
0 0.405178 1.01297 0.414929 0.97047 0.395489 0.956375 0.385739 0.998878
0 0.375567 0.809119 0.399676 0.775139 0.389114 0.751455 0.365005 0.785434
0 0.275295 0.960757 0.275858 0.916522 0.250526 0.915503 0.249963 0.959738
0 0.359606 0.920061 0.359303 0.868821 0.327417 0.869416 0.327719 0.920656
0 0.29846 0.611561 0.306726 0.566312 0.288069 0.55554 0.279803 0.60079
0 0.393892 0.751611 0.396017 0.729025 0.381463 0.724698 0.379338 0.747283
0 0.259415 0.901888 0.266239 0.874633 0.249627 0.861489 0.242804 0.888744
0 0.325678 0.572619 0.327104 0.552536 0.312352 0.549226 0.310926 0.569308
0 0.0553262 0.693565 0.055675 0.668855 0.0392005 0.66812 0.0388517 0.69283
0 0.425138 0.739778 0.427393 0.711952 0.412992 0.708264 0.410737 0.73609
0 0.375722 0.927816 0.376262 0.884349 0.356954 0.88359 0.356414 0.927058
0 0.235452 0.907 0.244861 0.802803 0.188829 0.786811 0.179419 0.891008
0 0.422175 0.994103 0.428687 0.948318 0.410931 0.940337 0.404419 0.986122
0 0.221532 0.979261 0.230789 0.936102 0.218761 0.927948 0.209503 0.971107
0 0.368316 1.01077 0.375938 0.953242 0.333595 0.935513 0.325973 0.993046
0 0.444633 0.631943 0.449332 0.612755 0.435873 0.602337 0.431174 0.621526
0 0.272199 0.914507 0.287717 0.878241 0.274459 0.860312 0.258941 0.896578
0 0.106702 0.859214 0.115654 0.833889 0.102588 0.819291 0.0936358 0.844617
0 0.161056 1.00152 0.155818 0.949107 0.116415 0.961552 0.121653 1.01397
0 0.46199 0.895703 0.465029 0.867207 0.44889 0.861766 0.445851 0.890262
0 0.410273 0.7245 0.414274 0.703706 0.404004 0.697462 0.400004 0.718256
0 0.288758 0.910445 0.316828 0.885952 0.309518 0.859475 0.281448 0.883968
0 0.57569 0.686012 0.581097 0.542648 0.504469 0.533514 0.499062 0.676877
0 0.360754 0.885377 0.362175 0.863331 0.34736 0.860313 0.345939 0.882359
0 0.0577654 0.358466 0.0754616 0.3403 0.0607493 0.295005 0.0430531 0.313171
0 0.248838 0.811083 0.250668 0.756092 0.201825 0.750953 0.199994 0.805944
0 0.104511 1.00587 0.121267 0.984899 0.113053 0.964154 0.0962968 0.985122
0 0.14574 0.580388 0.150164 0.535409 0.125612 0.527777 0.121188 0.572756
0 0.283642 0.748682 0.289502 0.712922 0.275143 0.705484 0.269283 0.741244
0 0.354645 0.79668 0.359399 0.756602 0.34383 0.750765 0.339076 0.790843
0 0.414582 0.749585 0.416691 0.728544 0.405023 0.724847 0.402914 0.745887
0 0.428461 0.684049 0.43078 0.658069 0.417599 0.654351 0.41528 0.680331
0 0.386877 0.957825 0.41216 0.911508 0.392311 0.877263 0.367027 0.92358
0 0.454431 0.926356 0.461968 0.896183 0.449756 0.886543 0.442219 0.916716
0 0.0847868 0.683108 0.0874789 0.64393 0.067572 0.639607 0.0648799 0.678785
0 0.211387 0.74126 0.239308 0.713902 0.23032 0.684914 0.2024 0.712272
0 0.0827712 1.00401 0.094494 0.95125 0.0782851 0.939868 0.0665623 0.992631
0 0.0583954 0.674949 0.0629676 0.654159 0.0497798 0.644993 0.0452075 0.665783
0 0.069146 0.536176 0.105468 0.503384 0.0958536 0.469725 0.0595313 0.502518
0 0.0450074 0.892289 0.0702324 0.869743 0.0636514 0.846472 0.0384263 0.869018
0 0.447469 0.952707 0.455374 0.926546 0.443808 0.915502 0.435904 0.941663
0 0.380967 0.868268 0.388504 0.845041 0.378262 0.834538 0.370725 0.857765
0 0.314675 0.821798 0.308332 0.764503 0.272889 0.776905 0.279232 0.8342
0 0.0686568 0.974171 0.0891855 0.939523 0.0797185 0.921796 0.0591898 0.956444
0 0.260402 0.547899 0.261302 0.515142 0.243389 0.513588 0.24249 0.546345
0 0.387693 0.88716 0.392717 0.864288 0.381591 0.856564 0.376567 0.879436
0 0.0998075 0.987924 0.105605 0.963693 0.0934466 0.954498 0.0876488 0.978729
0 0.385801 0.762204 0.387228 0.746922 0.377006 0.743905 0.375579 0.759187
0 0.106872 0.613919 0.111967 0.585372 0.10121 0.579304 0.0961151 0.607851
0 0.44781 0.906893 0.450437 0.884222 0.433654 0.878074 0.431026 0.900745
0 0.271733 0.880769 0.280979 0.836662 0.265643 0.826502 0.256398 0.870609
0 0.460886 0.670098 0.46282 0.645158 0.449033 0.641778 0.447098 0.666719
0 0.436866 0.695941 0.439007 0.677969 0.427915 0.673794 0.425775 0.691766
0 0.332652 0.964824 0.360471 0.929252 0.348138 0.898769 0.320319 0.934342
0 0.244514 0.711414 0.25849 0.686182 0.248339 0.668413 0.234364 0.693645
0 0.456966 0.797047 0.45749 0.762816 0.434364 0.761697 0.43384 0.795928
0 0.333629 0.532485 0.33619 0.509345 0.324702 0.505327 0.322142 0.528468
0 0.478013 0.931634 0.483121 0.891819 0.461308 0.882975 0.4562 0.92279
0 0.119794 0.614385 0.122953 0.594386 0.111654 0.588744 0.108494 0.608743
0 0.113102 0.727098 0.116153 0.70596 0.102992 0.699956 0.0999406 0.721094
0 0.286511 1.01079 0.309498 0.941693 0.281752 0.912521 0.258765 0.981619
0 0.320299 0.536889 0.322159 0.517241 0.30881 0.513247 0.30695 0.532896
0 0.414097 0.900052 0.417866 0.876783 0.403744 0.869552 0.399974 0.892822
0 0.121676 0.59028 0.129501 0.573441 0.117311 0.555536 0.109485 0.572374
0 0.49915 0.951786 0.515446 0.930914 0.507864 0.912204 0.491568 0.933076
0 0.0408312 0.706517 0.0401389 0.681857 0.0225991 0.683413 0.0232914 0.708073
0 0.435943 0.72723 0.438142 0.708373 0.428549 0.704838 0.426351 0.723696
0 0.337861 0.6009 0.340788 0.571639 0.320984 0.565379 0.318058 0.59464
0 0.505923 0.921268 0.503232 0.867813 0.48185 0.871215 0.484541 0.92467
0 0.0937726 0.602674 0.103588 0.578773 0.0932556 0.565362 0.0834401 0.589263
0 0.397868 0.830054 0.399235 0.801927 0.377625 0.798607 0.376258 0.826734
0 0.327271 0.60568 0.329957 0.57527 0.306617 0.568755 0.303931 0.599164
0 0.160818 0.545025 0.162744 0.515451 0.146291 0.512066 0.144365 0.54164
0 0.0562243 0.793198 0.0550325 0.760507 0.027556 0.763672 0.0287477 0.796364
0 0.383516 0.912874 0.388914 0.885059 0.378119 0.878439 0.372722 0.906254
0 0.249365 0.975389 0.258278 0.949033 0.246462 0.936403 0.237549 0.962759
0 0.21164 0.751009 0.21549 0.732704 0.203505 0.724736 0.199654 0.743041
0 0.473896 0.635592 0.476345 0.616735 0.467115 0.612947 0.464666 0.631804
0 0.238966 0.76998 0.247166 0.732756 0.224813 0.717194 0.216613 0.754417
0 0.193046 0.58836 0.196096 0.566664 0.181647 0.560243 0.178597 0.58194
0 0.114806 0.554973 0.116582 0.53339 0.100928 0.529319 0.0991524 0.550902
0 0.402764 0.887588 0.405353 0.865382 0.390719 0.859989 0.38813 0.882195
0 0.144386 0.63854 0.151411 0.623496 0.138185 0.603977 0.13116 0.619021
0 0.358736 0.854791 0.367511 0.831069 0.358103 0.820069 0.349327 0.843791
0 0.0334229 1.01177 0.0626367 0.986456 0.0548243 0.957958 0.0256105 0.983268
0 0.105886 0.983689 0.114576 0.960101 0.102843 0.94644 0.0941532 0.970028
0 0.158543 0.95558 0.158124 0.92075 0.132164 0.921738 0.132583 0.956568
0 0.476222 0.986505 0.49226 0.945367 0.481558 0.93218 0.46552 0.973318
0 0.350149 0.581552 0.351437 0.56251 0.340918 0.560261 0.33963 0.579303
0 0.463194 0.629295 0.466778 0.610759 0.45675 0.60463 0.453165 0.623166
0 0.04504 0.575838 0.0464479 0.55072 0.0295274 0.547722 0.0281195 0.572841
0 0.314404 0.562794 0.316797 0.541384 0.298445 0.534901 0.296052 0.556311
0 0.0898925 0.694759 0.0918516 0.673803 0.0784898 0.669855 0.0765307 0.690811
0 0.357947 0.689212 0.365341 0.665851 0.356465 0.656971 0.34907 0.680332
0 0.498486 0.871897 0.499623 0.851046 0.484919 0.848514 0.483782 0.869365
0 0.407474 0.763479 0.409748 0.743696 0.3989 0.739755 0.396626 0.759538
0 0.301725 0.84802 0.303267 0.81082 0.278981 0.807639 0.277439 0.844839
0 0.126631 0.862857 0.130959 0.83562 0.117612 0.828917 0.113284 0.856155
0 0.0362025 0.626725 0.0560935 0.597379 0.043368 0.570119 0.023477 0.599465
0 0.469086 0.695653 0.472232 0.675952 0.459981 0.669767 0.456834 0.689469
0 0.4351 0.943377 0.448295 0.912252 0.436383 0.896292 0.423188 0.927417
0 0.344569 0.715135 0.348475 0.694582 0.337447 0.687958 0.333541 0.708511
0 0.209684 0.95847 0.215211 0.934075 0.203263 0.925518 0.197736 0.949914
0 0.50042 1.00377 0.506794 0.97607 0.492409 0.965611 0.486036 0.993313
0 0.344856 0.770329 0.347034 0.746419 0.335495 0.743096 0.333317 0.767006
0 0.562299 1.00513 0.562875 0.974239 0.545132 0.973194 0.544556 1.00408
0 0.278589 0.617756 0.280734 0.594688 0.265093 0.590091 0.262948 0.613159
0 0.171023 0.726064 0.172257 0.708222 0.160456 0.705644 0.159223 0.723486
0 0.422736 0.778137 0.426778 0.748119 0.411156 0.741471 0.407114 0.771489
0 0.113114 0.700121 0.114034 0.672191 0.100799 0.670812 0.0998787 0.698743
0 0.220199 0.771625 0.233868 0.740497 0.220179 0.721498 0.20651 0.752625
0 0.038641 0.864716 0.0581143 0.848138 0.0523423 0.82671 0.032869 0.843288
0 0.344604 0.830619 0.351147 0.811375 0.337925 0.797167 0.331382 0.81641
0 0.425306 0.895252 0.43725 0.864637 0.426993 0.851991 0.41505 0.882607
0 0.1658 0.761194 0.171985 0.735881 0.158753 0.725663 0.152568 0.750976
0 0.309091 1.00314 0.311756 0.969397 0.29423 0.965023 0.291566 0.998766
0 0.379539 0.589707 0.380196 0.567298 0.366009 0.565984 0.365352 0.588394
0 0.325992 0.926834 0.325636 0.894675 0.310485 0.895206 0.310841 0.927364
0 0.468854 0.884492 0.47315 0.862207 0.462588 0.855773 0.458292 0.878057
0 0.274588 0.770058 0.278205 0.742964 0.263719 0.736853 0.260102 0.763947
0 0.445995 0.889407 0.450251 0.864225 0.436377 0.856815 0.432121 0.881996
0 0.753011 1.03116 0.818154 0.942494 0.743451 0.769027 0.678308 0.857691
0 0.042013 0.661934 0.0513644 0.641228 0.0434857 0.629982 0.0341344 0.650689
0 0.261752 0.924664 0.269068 0.89901 0.256117 0.887338 0.248802 0.912991
0 0.527583 1.00593 0.533449 0.974555 0.517645 0.965216 0.511779 0.996592
0 0.00836193 0.63957 0.0312417 0.620923 0.025167 0.597367 0.00228722 0.616014
0 0.474956 0.76932 0.473855 0.741953 0.452992 0.744606 0.454093 0.771973
0 0.342178 0.856064 0.351397 0.837172 0.342424 0.823332 0.333205 0.842224
0 0.608815 0.740851 0.614542 0.723491 0.604093 0.712596 0.598366 0.729957
0 0.365537 0.71315 0.373061 0.69715 0.36581 0.686373 0.358286 0.702373
0 0.475252 0.729402 0.476571 0.710784 0.464834 0.708155 0.463515 0.726772
0 0.245696 1.0093 0.265946 0.982263 0.256866 0.96077 0.236616 0.987806
0 0.469812 0.585874 0.471569 0.564888 0.460047 0.561839 0.45829 0.582825
0 0.438075 0.980861 0.44418 0.942775 0.427131 0.934138 0.421026 0.972223
0 0.473376 1.00529 0.474185 0.982001 0.452092 0.979578 0.451284 1.00287
0 0.126438 0.68699 0.127946 0.666262 0.115436 0.663387 0.113929 0.684115
0 0.367586 0.790744 0.374755 0.76199 0.362771 0.752547 0.355602 0.7813
0 0.380787 0.731669 0.381411 0.712958 0.370641 0.711821 0.370016 0.730533
0 0.438143 0.779135 0.461789 0.745208 0.448855 0.71672 0.42521 0.750646
0 0.363344 0.828914 0.365868 0.802771 0.351868 0.798501 0.349345 0.824644
0 0.132421 0.658106 0.138023 0.639223 0.129612 0.631337 0.12401 0.65022
0 0.418767 0.877554 0.421661 0.854416 0.409196 0.84949 0.406302 0.872627
0 0.538556 0.991478 0.551951 0.976167 0.539082 0.940584 0.525687 0.955895
0 0.296968 0.671726 0.295544 0.647048 0.275631 0.650678 0.277055 0.675356
0 0.103549 0.705109 0.105653 0.67644 0.0907613 0.672986 0.0886572 0.701655
0 0.469775 0.651605 0.47099 0.634291 0.461614 0.632212 0.460399 0.649525
0 0.383024 0.7045 0.383814 0.684223 0.370476 0.682579 0.369685 0.702856
0 0.374713 0.627236 0.376987 0.60426 0.366174 0.600877 0.3639 0.623853
0 0.138017 0.683495 0.141158 0.664242 0.130594 0.658795 0.127453 0.678048
0 0.519854 0.864219 0.52301 0.840055 0.512263 0.835618 0.509107 0.859782
0 0.114646 0.762351 0.124345 0.738409 0.10487 0.713475 0.095171 0.737417
0 0.457162 1.00436 0.473298 0.953181 0.453065 0.93302 0.436928 0.984203
0 0.116812 0.671048 0.1196 0.654748 0.107929 0.648439 0.105141 0.664739
0 0.114803 0.638874 0.11852 0.615173 0.106605 0.609266 0.102887 0.632967
0 0.611235 0.67213 0.613598 0.645938 0.600917 0.642322 0.598554 0.668514
0 0.241591 0.945196 0.245864 0.916452 0.230775 0.909362 0.226502 0.938106
0 0.228247 0.976412 0.238128 0.949169 0.229434 0.939204 0.219553 0.966446
0 0.488593 0.653921 0.49075 0.631282 0.474085 0.626262 0.471927 0.648901
0 0.387434 0.680016 0.38875 0.661696 0.377289 0.659093 0.375973 0.677414
0 0.0619313 0.831501 0.0690393 0.807876 0.0563726 0.795831 0.0492645 0.819456
0 0.273375 0.728738 0.278989 0.702358 0.268594 0.695365 0.262979 0.721745
0 0.333645 0.565165 0.343355 0.541331 0.333512 0.528658 0.323802 0.552492
0 0.152761 0.979731 0.152771 0.946536 0.127374 0.946513 0.127364 0.979707
0 0.277563 0.931526 0.281246 0.910847 0.266709 0.902664 0.263026 0.923343
0 0.450637 0.60615 0.454178 0.584117 0.443164 0.578523 0.439623 0.600556
0 0.358752 0.636869 0.362934 0.617158 0.352131 0.609915 0.34795 0.629626
0 0.140309 0.714595 0.145739 0.697206 0.136583 0.688168 0.131152 0.705557
0 0.387212 0.609553 0.388363 0.594547 0.378738 0.592213 0.377587 0.607219
0 0.363893 0.758509 0.369178 0.740656 0.360275 0.732328 0.354991 0.75018
0 0.615442 0.543071 0.624503 0.528804 0.612127 0.503965 0.603066 0.518232
0 0.496375 0.936662 0.495316 0.91037 0.482826 0.911961 0.483885 0.938253
0 0.0408477 0.680943 0.0408044 0.662417 0.026508 0.662523 0.0265513 0.681049
0 0.311188 0.788589 0.315286 0.774839 0.299373 0.759852 0.295276 0.773602
0 0.0695329 0.597875 0.0783877 0.579664 0.0695814 0.566131 0.0607266 0.584342
0 0.483209 0.700503 0.48967 0.683522 0.482446 0.674834 0.475985 0.691815
0 0.285008 0.584339 0.289115 0.556275 0.277142 0.550736 0.273034 0.5788
0 0.348198 0.67897 0.354224 0.659489 0.344944 0.650417 0.338918 0.669898
0 0.324191 0.883553 0.328435 0.861612 0.316186 0.854125 0.311943 0.876066
0 0.592185 0.891032 0.598649 0.870771 0.589195 0.861239 0.582731 0.8815
0 0.483346 0.751701 0.483972 0.724926 0.469575 0.723863 0.468949 0.750638
0 0.492205 0.76852 0.501386 0.742329 0.488143 0.727658 0.478962 0.753848
0 0.375575 0.745663 0.377443 0.72745 0.367559 0.724246 0.365691 0.742459
0 0.412394 0.965841 0.42073 0.933063 0.407414 0.92236 0.399078 0.955138
0 0.0682369 0.776277 0.0756725 0.745564 0.0501014 0.725998 0.0426658 0.756711
0 0.362133 0.664219 0.371228 0.643676 0.361599 0.630201 0.352503 0.650744
0 0.31735 1.00235 0.323746 0.971652 0.3118 0.963786 0.305404 0.994485
0 0.0608627 0.90994 0.0810059 0.881348 0.071934 0.861148 0.0517908 0.88974
0 0.304036 0.561546 0.305234 0.53908 0.287419 0.536076 0.28622 0.558542
0 0.306888 0.650235 0.308524 0.621106 0.289957 0.617809 0.288321 0.646938
0 0.436881 0.743667 0.441973 0.721895 0.432483 0.71488 0.427391 0.736653
0 0.32455 0.722053 0.325595 0.706781 0.315466 0.704591 0.314421 0.719863
0 0.217343 0.99973 0.219193 0.971493 0.201195 0.967766 0.199344 0.996003
0 0.340259 0.791319 0.343425 0.76673 0.329888 0.761223 0.326723 0.785812
0 0.539273 0.696482 0.539626 0.663761 0.519734 0.663083 0.519381 0.695804
0 0.128699 0.978433 0.135637 0.94508 0.120729 0.935279 0.113791 0.968632
0 0.2898 0.719632 0.296361 0.703377 0.287431 0.691984 0.28087 0.70824
0 0.0671579 0.956236 0.065354 0.923007 0.0409254 0.927198 0.0427293 0.960427
0 0.306511 0.768913 0.310868 0.747674 0.296536 0.738381 0.292179 0.75962
0 0.143453 0.534719 0.152468 0.510414 0.143098 0.499431 0.134084 0.523736
0 0.126379 0.729382 0.129107 0.710114 0.116927 0.704663 0.114199 0.723931
0 0.326994 0.789508 0.3304 0.765272 0.318228 0.759864 0.314821 0.7841
0 0.515227 1.00539 0.516322 0.982163 0.502523 0.980107 0.501428 1.00333
0 0.0301867 0.206615 0.0359024 0.151731 -0.000554976 0.139731 -0.00627067 0.194615
0 0.586827 0.67113 0.58854 0.629994 0.571648 0.627771 0.569935 0.668906
0 0.0159379 0.970483 0.021187 0.928175 0.00152204 0.920464 -0.00372708 0.962772
0 0.28435 0.934476 0.299576 0.90706 0.290161 0.890536 0.274936 0.917952
0 0.0929048 0.726279 0.0987587 0.699532 0.0764036 0.684069 0.0705497 0.710815
0 0.469367 0.544944 0.471592 0.524878 0.461732 0.521423 0.459508 0.541489
0 0.766114 0.624436 0.766682 0.595876 0.750794 0.594877 0.750226 0.623436
0 0.346882 0.625879 0.347837 0.608465 0.33923 0.606973 0.338274 0.624386
0 0.255219 0.883264 0.266067 0.84745 0.251376 0.833387 0.240529 0.869201
0 0.186441 0.509377 0.187508 0.484971 0.172872 0.482947 0.171804 0.507353
0 0.414487 0.624911 0.418135 0.609517 0.409167 0.6028 0.405519 0.618195
0 0.0776682 0.828551 0.0799642 0.80388 0.0674252 0.800192 0.0651292 0.824863
0 0.110991 0.650972 0.112128 0.635067 0.101619 0.632692 0.100482 0.648598
0 0.422296 0.660128 0.42433 0.642506 0.414542 0.638935 0.412508 0.656557
0 0.304692 0.875508 0.309214 0.842237 0.285141 0.831895 0.280619 0.865167
0 0.513534 0.843058 0.518647 0.817983 0.507638 0.810887 0.502524 0.835961
0 0.430775 0.634407 0.4326 0.617305 0.422954 0.614053 0.421129 0.631155
0 0.302323 0.70267 0.303789 0.683017 0.291332 0.680079 0.289865 0.699732
0 0.0824664 0.605864 0.085636 0.586917 0.0748682 0.581224 0.0716985 0.600171
0 0.42121 0.9394 0.428947 0.910561 0.417549 0.900897 0.409812 0.929737
0 0.190042 0.907538 0.20228 0.900167 0.194084 0.857167 0.181847 0.864539
0 0.252035 0.777766 0.264843 0.752538 0.254737 0.736323 0.241929 0.761551
0 0.464198 0.705411 0.466141 0.687562 0.451977 0.682688 0.450033 0.700537
0 0.397328 0.719251 0.398981 0.704916 0.389773 0.70156 0.388121 0.715895
0 0.510201 0.859504 0.511269 0.838326 0.500483 0.836607 0.499415 0.857785
0 0.331271 0.542257 0.336451 0.517261 0.327308 0.511273 0.322129 0.536269
0 0.172977 1.00431 0.176904 0.974822 0.16155 0.96836 0.157623 0.99785
0 0.485654 0.718126 0.486661 0.701743 0.476258 0.699724 0.475252 0.716106
0 0.0828335 0.804584 0.0931353 0.772371 0.0814394 0.76055 0.0711376 0.792763
0 0.487335 1.00635 0.488983 0.987468 0.475753 0.98382 0.474105 1.0027
0 0.164069 0.721018 0.164975 0.704701 0.154684 0.702895 0.153779 0.719212
0 0.51982 0.975447 0.527243 0.953887 0.510116 0.935251 0.502693 0.956812
0 0.486559 0.991251 0.502168 0.962505 0.493103 0.946947 0.477494 0.975693
0 0.372998 0.955844 0.374594 0.926673 0.357877 0.923782 0.356281 0.952954
0 0.0940748 0.791828 0.101364 0.765242 0.0914532 0.756655 0.0841643 0.78324
0 0.470161 0.746629 0.471494 0.726939 0.459586 0.72439 0.458252 0.74408
0 0.609183 0.997491 0.616211 0.97942 0.601739 0.961633 0.594711 0.979705
0 0.109635 0.777547 0.112563 0.755208 0.0999456 0.74998 0.0970171 0.77232
0 0.162871 0.737128 0.163067 0.717888 0.149833 0.717461 0.149637 0.736701
0 0.501495 0.773741 0.510011 0.749694 0.50255 0.741343 0.494034 0.765391
0 0.0867828 0.903142 0.0961003 0.868288 0.0827546 0.857012 0.0734371 0.891866
0 0.447045 0.655173 0.44886 0.639483 0.440387 0.636385 0.438573 0.652076
0 0.0269411 0.850501 0.0479889 0.835402 0.0442295 0.818839 0.0231817 0.833937
0 0.46336 0.872527 0.464458 0.845236 0.447547 0.843085 0.446449 0.870376
0 0.738483 0.726316 0.748882 0.713907 0.738954 0.687615 0.728556 0.700024
0 0.289395 0.760343 0.292083 0.73691 0.28131 0.733005 0.278622 0.756438
0 0.31473 0.489698 0.316765 0.474327 0.307333 0.470381 0.305298 0.485752
0 0.54034 1.00573 0.542193 0.980271 0.526251 0.976603 0.524399 1.00206
0 0.113983 0.529653 0.117902 0.513731 0.106806 0.505099 0.102887 0.52102
0 0.162504 0.925475 0.1634 0.902735 0.147981 0.900814 0.147085 0.923554
0 0.0105212 0.975864 0.0471377 0.909414 0.0176952 0.858138 -0.0189213 0.924588
0 0.252637 0.935886 0.258038 0.904671 0.245 0.897542 0.2396 0.928757
0 0.594096 0.803759 0.598168 0.78656 0.586112 0.777539 0.58204 0.794738
0 0.119741 0.710808 0.122949 0.692151 0.11175 0.686064 0.108541 0.704721
0 0.0580221 0.93302 0.0656559 0.907056 0.0535743 0.89583 0.0459405 0.921793
0 0.629407 0.869384 0.636742 0.8269 0.622097 0.818909 0.614762 0.861392
0 0.584975 0.946091 0.589241 0.920458 0.579117 0.915133 0.574851 0.940765
0 0.486314 0.993698 0.496415 0.958072 0.48577 0.948534 0.475669 0.98416
0 0.312419 0.538002 0.313192 0.520162 0.300459 0.518417 0.299686 0.536257
0 0.162619 0.567801 0.166679 0.546307 0.15534 0.539537 0.151279 0.561031
0 0.0716669 1.00492 0.0852137 0.969939 0.0732444 0.955287 0.0596976 0.990264
0 0.436294 0.812886 0.442814 0.789896 0.425766 0.774617 0.419246 0.797607
0 0.034611 0.597533 0.0341219 0.558508 0.00658662 0.559599 0.00707575 0.598624
0 0.182665 0.742328 0.184662 0.723305 0.174519 0.719939 0.172522 0.738963
0 0.329729 0.731646 0.330587 0.714439 0.320452 0.712843 0.319595 0.73005
0 0.31589 0.977069 0.318621 0.9536 0.303364 0.94799 0.300634 0.971459
0 0.357189 0.777469 0.360226 0.74832 0.346924 0.743941 0.343888 0.77309
0 0.746561 0.694571 0.750649 0.677872 0.738121 0.668179 0.734033 0.684877
0 0.505642 0.746655 0.511495 0.727879 0.498506 0.715081 0.492653 0.733858
0 0.191072 0.7044 0.197321 0.680724 0.188811 0.673624 0.182561 0.6973
0 0.122124 0.652076 0.125379 0.636408 0.117065 0.630949 0.11381 0.646617
0 0.370789 0.775081 0.372696 0.75264 0.361822 0.749721 0.359916 0.772162
0 0.399661 0.864224 0.404213 0.842966 0.391836 0.834588 0.387284 0.855846
0 0.447655 0.693781 0.449439 0.676178 0.439912 0.673126 0.438128 0.69073
0 0.0474982 0.67251 0.0503006 0.65326 0.0381153 0.647653 0.0353129 0.666904
0 0.428094 0.611579 0.42922 0.591862 0.417213 0.589694 0.416086 0.60941
0 0.489152 0.624871 0.493248 0.606821 0.482183 0.598885 0.478087 0.616935
0 0.0649966 0.32896 0.0864351 0.300772 0.0609241 0.239451 0.0394857 0.267639
0 0.311889 0.96553 0.322738 0.937301 0.302509 0.91273 0.29166 0.940958
0 0.145537 0.314962 0.175536 0.288657 0.150674 0.199047 0.120675 0.225351
0 0.314548 0.755831 0.320107 0.727911 0.303979 0.717762 0.29842 0.745682
0 0.309498 0.616283 0.312724 0.5967 0.300536 0.590353 0.29731 0.609936
0 0.165256 0.495176 0.166296 0.475123 0.153161 0.47297 0.152121 0.493023
0 0.412144 0.651023 0.412972 0.633029 0.404261 0.631762 0.403432 0.649756
0 0.0939315 0.749777 0.100271 0.72961 0.0870507 0.716475 0.0807108 0.736642
0 0.0137734 0.711448 0.0156176 0.676049 -0.00107494 0.6733 -0.00291912 0.7087
0 0.142258 0.503063 0.14996 0.473002 0.132726 0.459046 0.125024 0.489107
0 0.348846 0.873946 0.350552 0.857547 0.339682 0.853974 0.337976 0.870373
0 0.382743 0.725616 0.384097 0.708563 0.374782 0.706226 0.373428 0.723279
0 0.110482 0.506131 0.115083 0.483679 0.104472 0.476807 0.0998716 0.499259
0 0.621469 0.770785 0.624987 0.748538 0.608357 0.740225 0.604838 0.762473
0 0.594395 0.986138 0.602921 0.971331 0.591777 0.95105 0.583251 0.965856
0 0.386733 0.54336 0.388628 0.52505 0.376555 0.521099 0.37466 0.539409
0 0.289511 0.66135 0.290031 0.64044 0.275821 0.639323 0.275301 0.660233
0 0.660713 0.652882 0.666368 0.631705 0.656216 0.623137 0.650561 0.644315
0 0.112973 0.586666 0.116146 0.569457 0.106059 0.563579 0.102886 0.580788
0 0.0585446 0.61686 0.0687307 0.591168 0.0565673 0.575927 0.0463812 0.601618
0 0.0893887 0.769148 0.0924251 0.746564 0.0812913 0.741833 0.0782549 0.764416
0 0.37094 0.85353 0.377703 0.831286 0.369049 0.82297 0.362286 0.845214
0 0.483145 0.787096 0.487662 0.765329 0.478137 0.759081 0.47362 0.780848
0 0.478341 0.737367 0.478703 0.716799 0.466501 0.71612 0.466139 0.736688
0 0.587686 0.62615 0.589527 0.602325 0.576306 0.599095 0.574465 0.622921
0 0.446329 0.723723 0.44819 0.704251 0.438679 0.701378 0.436819 0.720851
0 0.0859948 0.48009 0.106726 0.448127 0.0953421 0.424792 0.074611 0.456755
0 0.59022 1.00965 0.594346 0.975524 0.562079 0.963197 0.557953 0.997325
0 0.344632 0.519992 0.346855 0.505889 0.338173 0.501565 0.33595 0.515668
0 0.43791 0.86163 0.441947 0.840515 0.429515 0.833003 0.425478 0.854118
