0 0.20959 0.710894 0.217848 0.672135 0.195167 0.656862 0.186909 0.695622
0 0.237777 0.778636 0.228928 0.72324 0.191507 0.742133 0.200356 0.797529
0 0.321468 0.937696 0.333314 0.875834 0.292034 0.850851 0.280188 0.912713
0 0.23989 0.659533 0.241129 0.636439 0.217674 0.632463 0.216435 0.655558
0 0.577434 0.698204 0.587135 0.660477 0.571775 0.647993 0.562074 0.685721
0 0.0897972 0.896456 0.0909724 0.817818 0.0489913 0.815835 0.047816 0.894474
0 0.285615 0.876059 0.313586 0.851718 0.305975 0.824078 0.278005 0.848419
0 0.399323 0.834438 0.405525 0.810548 0.393833 0.800955 0.387631 0.824845
0 0.0434126 0.653919 0.0566639 0.63433 0.042037 0.603059 0.0287858 0.622649
0 0.339342 0.896295 0.35578 0.860332 0.339268 0.836479 0.322831 0.872442
0 0.421045 1.00927 0.440769 0.924252 0.411621 0.902882 0.391898 0.987904
0 0.235233 0.703895 0.241206 0.675998 0.229932 0.668369 0.223959 0.696265
0 0.327307 0.81497 0.32981 0.793679 0.315694 0.788433 0.313191 0.809724
0 0.0448611 0.705482 0.0472548 0.678874 0.0247943 0.672488 0.0224006 0.699096
0 0.326237 0.740273 0.346562 0.712248 0.338358 0.693443 0.318033 0.721467
0 0.247086 0.838277 0.27255 0.817369 0.266512 0.794126 0.241048 0.815033
0 0.149966 0.938522 0.160436 0.905347 0.14584 0.890788 0.13537 0.923962
0 0.231242 0.848559 0.246133 0.81935 0.234228 0.800168 0.219337 0.829377
0 0.327297 0.847599 0.329212 0.815932 0.311718 0.812588 0.309803 0.844256
0 0.333919 0.79743 0.339001 0.774299 0.329038 0.76738 0.323955 0.79051
0 0.399562 0.616272 0.40219 0.59644 0.392075 0.592205 0.389448 0.612037
0 0.0269438 0.686124 0.026444 0.659303 0.00592944 0.660511 0.00642918 0.687332
0 0.396989 0.851658 0.400502 0.829828 0.389279 0.82412 0.385766 0.845951
0 0.146567 0.913191 0.145789 0.879507 0.124347 0.881073 0.125125 0.914757
0 0.0916443 0.353719 0.109124 0.340647 0.0977621 0.292625 0.0802819 0.305697
0 0.423002 0.685649 0.424249 0.663134 0.410284 0.660688 0.409037 0.683204
0 0.550284 0.983288 0.552053 0.938648 0.526719 0.935474 0.52495 0.980114
0 0.481877 0.974169 0.490104 0.934433 0.474654 0.924324 0.466427 0.96406
0 0.265439 0.515614 0.26573 0.495238 0.251834 0.494611 0.251543 0.514987
0 0.192049 0.720765 0.199994 0.700849 0.184922 0.681847 0.176977 0.701762
0 0.206562 0.763269 0.207036 0.704059 0.160426 0.70288 0.159952 0.76209
0 0.276153 0.717084 0.275747 0.698235 0.262542 0.699134 0.262948 0.717984
0 0.338592 0.697951 0.343229 0.676269 0.331538 0.668367 0.326902 0.690049
0 0.164915 0.725272 0.161255 0.692436 0.134836 0.701744 0.138497 0.734579
0 0.400621 0.727421 0.401798 0.701121 0.37898 0.697893 0.377803 0.724193
0 0.305823 0.738295 0.309213 0.70129 0.295242 0.697244 0.291851 0.73425
0 0.152907 0.981708 0.165416 0.952201 0.154646 0.93777 0.142137 0.967276
0 0.371154 0.68064 0.372836 0.658768 0.359996 0.655645 0.358314 0.677518
0 0.533084 0.795615 0.536473 0.774692 0.521186 0.766867 0.517797 0.787791
0 0.402311 0.667524 0.40578 0.640937 0.389167 0.634086 0.385698 0.660674
0 0.228073 0.897005 0.237999 0.85509 0.216945 0.839332 0.207019 0.881248
0 0.413426 0.839322 0.42384 0.802714 0.408846 0.789234 0.398432 0.825842
0 0.0983977 0.562875 0.0981389 0.519018 0.0720899 0.519504 0.0723486 0.563361
0 0.297727 0.792218 0.301984 0.773137 0.291735 0.765909 0.287478 0.78499
0 0.590491 0.810235 0.589318 0.775611 0.566346 0.778071 0.567519 0.812695
0 0.334707 0.865511 0.360737 0.835202 0.347766 0.799995 0.321736 0.830304
0 0.0356734 0.666828 0.039041 0.640038 0.0230772 0.633696 0.0197095 0.660485
0 0.286139 0.537457 0.298362 0.506235 0.286213 0.491203 0.27399 0.522425
0 0.273535 0.546102 0.275291 0.527931 0.262448 0.524009 0.260692 0.54218
0 0.317478 0.731075 0.323761 0.70577 0.313876 0.698012 0.307592 0.723317
0 0.0399222 0.592012 0.0541971 0.572415 0.0471026 0.556082 0.0328276 0.57568
0 0.444111 0.943423 0.449385 0.918616 0.435545 0.909319 0.430272 0.934126
0 0.371975 0.896601 0.376816 0.850518 0.359802 0.844869 0.354961 0.890952
0 0.370515 0.787788 0.378544 0.735426 0.354729 0.723883 0.346699 0.776245
0 0.387484 0.879895 0.390142 0.846418 0.374312 0.842446 0.371654 0.875923
0 0.154732 0.953816 0.17486 0.92842 0.165162 0.904127 0.145034 0.929523
0 0.310999 0.786646 0.31737 0.764412 0.306868 0.754902 0.300497 0.777136
0 0.489567 0.856101 0.497233 0.836189 0.487876 0.824805 0.48021 0.844717
0 0.221052 0.940231 0.221756 0.915249 0.207348 0.913965 0.206643 0.938947
0 0.267089 0.766723 0.2628 0.716048 0.229883 0.724854 0.234172 0.775529
0 0.405875 0.640443 0.411836 0.623196 0.400416 0.610723 0.394455 0.62797
0 0.226731 0.728708 0.229684 0.703682 0.216354 0.698712 0.213401 0.723737
0 0.396544 0.891443 0.411855 0.854039 0.399636 0.838231 0.384325 0.875634
0 0.448236 0.918261 0.450277 0.898527 0.43897 0.894831 0.436929 0.914565
0 0.520557 0.843238 0.522947 0.811876 0.508379 0.808366 0.505988 0.839728
0 0.294315 0.767006 0.300966 0.756094 0.291005 0.736907 0.284354 0.747819
0 0.310205 0.699065 0.316983 0.668533 0.302074 0.658073 0.295296 0.688605
0 0.251232 0.452413 0.252222 0.437154 0.241631 0.434983 0.240642 0.450242
0 0.311289 0.843508 0.312511 0.80248 0.283994 0.799795 0.282772 0.840823
0 0.484656 0.887847 0.492709 0.860424 0.481947 0.850435 0.473893 0.877858
0 0.636699 0.681516 0.638508 0.660724 0.624135 0.656773 0.622326 0.677565
0 0.420526 0.868618 0.429983 0.835617 0.419908 0.826492 0.410451 0.859493
0 0.454582 1.00645 0.464775 0.973889 0.45402 0.963249 0.443827 0.995811
0 0.442704 0.839731 0.448418 0.818009 0.437916 0.809277 0.432201 0.830999
0 0.093091 0.488452 0.0919976 0.462028 0.0711479 0.464755 0.0722413 0.491179
0 0.443192 0.882855 0.444598 0.857715 0.430465 0.855217 0.42906 0.880357
0 0.237645 0.9252 0.26762 0.877967 0.248582 0.839782 0.218607 0.887015
0 0.124491 0.943265 0.121318 0.892776 0.0852781 0.899933 0.0884507 0.950423
0 0.196563 0.847884 0.207318 0.747725 0.141516 0.725394 0.130761 0.825554
0 0.0261911 0.976759 0.0381917 0.94914 0.0279811 0.935119 0.0159806 0.962738
0 0.440928 0.821087 0.441238 0.779549 0.421899 0.779093 0.421588 0.82063
0 0.361994 0.818901 0.366107 0.797853 0.352961 0.789736 0.348849 0.810784
0 0.29747 0.70176 0.300493 0.682887 0.289766 0.677458 0.286744 0.696331
0 0.0705309 0.573251 0.0764365 0.556288 0.0643499 0.542989 0.0584444 0.559952
0 0.245858 0.583637 0.255138 0.544665 0.238571 0.532196 0.229291 0.571169
0 0.138 0.946208 0.14118 0.915512 0.126892 0.910834 0.123712 0.94153
0 0.215217 0.728145 0.2184 0.705155 0.203229 0.698517 0.200046 0.721507
0 0.0459922 0.943553 0.059672 0.900986 0.0465292 0.887637 0.0328495 0.930204
0 0.407665 0.545994 0.409767 0.525453 0.398505 0.52181 0.396403 0.54235
0 0.186337 0.693358 0.185065 0.66411 0.162807 0.667171 0.16408 0.696418
0 0.54393 0.706862 0.545458 0.684468 0.533572 0.681905 0.532044 0.704299
0 0.419811 0.750549 0.426196 0.730741 0.417112 0.721486 0.410727 0.741293
0 0.437769 0.90959 0.439601 0.88588 0.427592 0.882948 0.42576 0.906658
0 0.208214 0.673068 0.210896 0.642047 0.193403 0.637269 0.190722 0.668289
0 0.0299495 0.920486 0.0535751 0.896274 0.0468161 0.875429 0.0231905 0.899641
0 0.340738 0.764078 0.347258 0.7408 0.331912 0.727214 0.325392 0.750492
0 0.24468 0.678948 0.246413 0.659342 0.235651 0.656335 0.233918 0.675941
0 0.183603 0.907439 0.191145 0.872552 0.179684 0.864721 0.172141 0.899608
0 0.385025 0.802539 0.393709 0.789021 0.386472 0.774328 0.377788 0.787847
0 0.665948 0.58335 0.666281 0.562632 0.652714 0.561943 0.652381 0.582661
0 0.371602 0.706549 0.373971 0.684906 0.361311 0.680525 0.358941 0.702168
0 0.620272 0.66564 0.627268 0.645983 0.611924 0.628722 0.604928 0.64838
0 0.0562857 0.600663 0.0608569 0.574106 0.0494139 0.567881 0.0448427 0.594438
0 0.501637 0.872711 0.504385 0.850275 0.49089 0.845052 0.488142 0.867488
0 0.564769 0.782451 0.574067 0.746543 0.560038 0.735062 0.55074 0.77097
0 0.228272 0.59129 0.229428 0.569674 0.214329 0.567122 0.213173 0.588738
0 0.535784 0.861419 0.538094 0.839878 0.523843 0.835048 0.521532 0.856589
0 0.060305 0.549647 0.0652852 0.529777 0.0508809 0.518367 0.0459007 0.538237
0 0.372577 0.630977 0.373525 0.612117 0.363187 0.610474 0.362239 0.629335
0 0.201535 0.53111 0.205106 0.50448 0.190733 0.498388 0.187162 0.525018
0 0.422444 0.658565 0.424434 0.640208 0.414489 0.636801 0.4125 0.655158
0 0.58518 0.881815 0.593538 0.842847 0.574281 0.829793 0.565923 0.868761
0 0.589283 0.840278 0.59973 0.809305 0.585575 0.794214 0.575127 0.825187
0 0.0414455 0.976233 0.0472705 0.945268 0.0339809 0.937367 0.028156 0.968333
0 0.278122 0.851552 0.280074 0.82858 0.267272 0.825143 0.265321 0.848115
0 0.421376 0.917475 0.423637 0.872899 0.396197 0.8685 0.393936 0.913077
0 0.349777 0.655683 0.350852 0.640141 0.34187 0.638177 0.340794 0.653719
0 0.654216 0.575524 0.653717 0.546331 0.633368 0.547429 0.633867 0.576623
0 0.214245 0.841555 0.224884 0.818707 0.212849 0.800996 0.20221 0.823844
0 0.979996 1.06507 1.01835 0.843954 0.8163 0.733177 0.777942 0.954295
0 0.323446 0.694415 0.326943 0.674785 0.31772 0.669592 0.314223 0.689221
0 0.351182 0.811354 0.353773 0.789692 0.340695 0.784749 0.338104 0.80641
0 0.0146986 0.526907 0.0487244 0.501339 0.0408621 0.46827 0.00683631 0.493838
0 0.0725322 0.946272 0.0853768 0.924951 0.0771459 0.909279 0.0643013 0.930601
0 0.464056 0.879169 0.465891 0.856214 0.452325 0.852787 0.45049 0.875741
0 0.339064 0.813469 0.341492 0.790213 0.330551 0.786603 0.328123 0.809859
0 0.414202 0.707311 0.41556 0.679814 0.39779 0.677039 0.396432 0.704537
0 0.436574 0.780963 0.437086 0.7616 0.424662 0.76056 0.424149 0.779924
0 0.126707 0.695317 0.126973 0.679029 0.116183 0.678471 0.115917 0.694759
0 0.362071 0.693765 0.363276 0.67575 0.35256 0.673484 0.351355 0.6915
0 0.565827 0.853782 0.562686 0.819238 0.532291 0.827972 0.535432 0.862515
0 0.510517 0.812499 0.512755 0.791952 0.502934 0.788571 0.500696 0.809118
0 0.647632 0.666049 0.650241 0.628001 0.624909 0.62251 0.6223 0.660558
0 0.309539 0.765438 0.316084 0.745036 0.307364 0.736195 0.300819 0.756597
0 0.0671896 0.625661 0.0719033 0.605463 0.0590815 0.596006 0.0543678 0.616204
0 0.312548 0.809274 0.313747 0.793076 0.302636 0.790477 0.301437 0.806675
0 0.383438 0.712642 0.4013 0.680399 0.38972 0.660123 0.371858 0.692366
0 0.261118 0.536338 0.262097 0.515119 0.248075 0.513074 0.247095 0.534292
0 0.384583 0.587371 0.389165 0.572248 0.378176 0.561726 0.373595 0.576849
0 0.20275 0.958151 0.221825 0.903869 0.195671 0.874822 0.176596 0.929105
0 0.0616084 0.68683 0.0634553 0.662926 0.0508519 0.659849 0.0490051 0.683753
0 0.258784 0.610893 0.257825 0.586421 0.239598 0.588679 0.240557 0.613151
0 0.275396 0.492401 0.276595 0.474408 0.26516 0.472 0.263961 0.489994
0 0.536035 0.681182 0.537831 0.66191 0.528168 0.659064 0.526372 0.678336
0 0.241248 0.716653 0.243999 0.696685 0.232803 0.691812 0.230053 0.711779
0 0.221824 0.474993 0.22212 0.457406 0.211737 0.456854 0.211441 0.474442
0 0.0426589 0.672276 0.0453528 0.652469 0.0342166 0.647682 0.0315227 0.667489
0 0.408048 0.762522 0.41435 0.742441 0.405896 0.734057 0.399595 0.754138
0 0.0742553 0.812211 0.072885 0.786296 0.0560823 0.789104 0.0574527 0.815019
0 0.512144 0.881778 0.519738 0.851819 0.507864 0.842307 0.50027 0.872266
0 0.260844 0.471233 0.261665 0.456735 0.251704 0.454953 0.250883 0.469451
0 0.413849 0.725787 0.415959 0.70373 0.403483 0.699957 0.401373 0.722015
0 0.645979 0.539462 0.644288 0.508837 0.622295 0.512676 0.623987 0.543301
0 0.400914 0.811729 0.407442 0.790362 0.395989 0.779304 0.389461 0.800671
0 0.339409 0.665606 0.341388 0.650811 0.33197 0.646829 0.32999 0.661623
0 0.457499 0.772213 0.458549 0.751645 0.446893 0.749765 0.445843 0.770332
0 0.44164 1.01062 0.457757 0.954281 0.43722 0.935713 0.421103 0.992051
0 0.443987 0.674298 0.445981 0.655447 0.433971 0.651432 0.431977 0.670284
0 0.0643259 0.667098 0.0674269 0.651561 0.0564151 0.644615 0.0533142 0.660152
0 0.00990763 0.631967 0.0118263 0.613684 0.00155136 0.610276 -0.000367332 0.628559
0 0.384429 0.842507 0.392661 0.810847 0.381653 0.801799 0.37342 0.83346
0 0.228956 0.819707 0.236866 0.785603 0.222633 0.775169 0.214723 0.809274
0 0.55356 0.890791 0.564121 0.865625 0.553049 0.85094 0.542488 0.876106
0 0.424666 0.71714 0.426371 0.700462 0.416372 0.697231 0.414667 0.713909
0 0.27473 0.680781 0.277199 0.664528 0.266883 0.659574 0.264414 0.675828
0 0.417298 0.636913 0.423333 0.616931 0.415526 0.60948 0.409492 0.629462
0 0.445269 0.765347 0.446254 0.74751 0.435157 0.745573 0.434172 0.763411
0 0.0863347 0.633681 0.0877949 0.61773 0.0787807 0.615122 0.0773205 0.631073
0 0.235043 0.553665 0.237351 0.532122 0.225986 0.528274 0.223678 0.549817
0 0.399881 0.965338 0.40255 0.939308 0.390185 0.9353 0.387515 0.961329
0 0.316992 0.668262 0.321764 0.651967 0.312468 0.643364 0.307696 0.659659
0 0.0601385 0.937056 0.0672085 0.909193 0.0559526 0.900166 0.0488826 0.928029
0 0.640434 0.561788 0.641522 0.539282 0.623268 0.536493 0.622179 0.558998
0 0.045289 0.770428 0.0469692 0.739509 0.0331792 0.73714 0.031499 0.768059
0 0.505024 0.614866 0.50329 0.497962 0.435788 0.501128 0.437523 0.618032
0 0.355331 0.731018 0.36867 0.705866 0.360539 0.692237 0.347199 0.717389
0 0.392768 0.791079 0.403899 0.774825 0.396826 0.759514 0.385694 0.775767
0 0.606144 0.879169 0.612433 0.835333 0.591443 0.825816 0.585154 0.869651
0 0.237906 0.628954 0.238529 0.610567 0.227056 0.609338 0.226433 0.627726
0 0.289297 0.573532 0.286858 0.534662 0.25545 0.540892 0.257889 0.579761
0 0.657208 0.672096 0.658819 0.65166 0.646722 0.648644 0.64511 0.669081
0 0.242845 0.933686 0.247723 0.906815 0.233838 0.898848 0.228959 0.925718
0 0.121626 0.722501 0.12532 0.69799 0.114048 0.692622 0.110355 0.717133
0 0.00820697 0.657621 0.0102769 0.636262 -0.000628658 0.632921 -0.00269857 0.65428
0 0.0405971 1.00936 0.0541372 0.968746 0.0421958 0.956164 0.0286557 0.996776
0 0.550501 0.812026 0.55341 0.78884 0.541536 0.784132 0.538627 0.807318
0 0.358471 0.67012 0.359984 0.650283 0.349212 0.647686 0.347698 0.667522
0 0.17598 0.309812 0.204015 0.285608 0.178822 0.193382 0.150786 0.217587
0 0.145118 0.674545 0.150898 0.653533 0.142455 0.646192 0.136675 0.667203
0 0.0735689 0.922043 0.0781365 0.901984 0.0672162 0.894125 0.0626486 0.914183
0 0.48117 1.00113 0.48895 0.972397 0.47607 0.961376 0.46829 0.990112
0 0.272698 0.475692 0.273726 0.460074 0.263802 0.458009 0.262773 0.473626
0 0.141003 0.567692 0.14259 0.550145 0.129928 0.546527 0.128341 0.564073
0 0.496718 0.976885 0.505878 0.948175 0.492525 0.93471 0.483365 0.96342
0 0.478171 0.861242 0.481879 0.841002 0.466821 0.832285 0.463114 0.852525
0 0.461783 0.955233 0.467907 0.927153 0.456648 0.919391 0.450523 0.947471
0 0.379155 0.914704 0.380363 0.882677 0.364019 0.88073 0.362812 0.912757
0 0.25919 0.718888 0.264401 0.701657 0.250422 0.688296 0.245211 0.705527
0 0.376725 0.810614 0.381411 0.783427 0.370562 0.777517 0.365876 0.804704
0 0.656719 0.541693 0.662418 0.521901 0.649712 0.510338 0.644013 0.53013
0 0.40889 0.605195 0.410771 0.589138 0.401518 0.585711 0.399636 0.601768
0 0.165325 0.877546 0.167056 0.856371 0.155527 0.853393 0.153796 0.874568
0 0.311009 0.622027 0.318686 0.605549 0.310336 0.593254 0.302659 0.609732
0 0.179318 0.750316 0.186097 0.703866 0.164138 0.693738 0.157359 0.740188
0 0.270813 0.88381 0.277962 0.860415 0.262329 0.845319 0.255181 0.868715
0 0.34984 0.746491 0.359163 0.717721 0.348248 0.706542 0.338924 0.735312
0 0.549327 0.798758 0.552354 0.778427 0.541507 0.773323 0.53848 0.793655
0 0.786488 1.03614 0.844979 0.937133 0.760819 0.779988 0.702328 0.878991
0 0.674291 0.671968 0.674021 0.653329 0.660136 0.653966 0.660406 0.672604
0 0.447009 0.7844 0.448386 0.766235 0.437536 0.763635 0.436159 0.7818
0 0.0892044 0.81557 0.0903856 0.791836 0.0781226 0.789907 0.0769414 0.813641
0 0.152363 0.845369 0.163588 0.836023 0.153921 0.799335 0.142697 0.808682
0 0.233647 0.814968 0.239774 0.784742 0.226376 0.776159 0.220249 0.806385
0 0.237248 0.860322 0.239776 0.840705 0.226162 0.835159 0.223634 0.854776
0 0.0732759 1.00762 0.0788872 0.984962 0.0684481 0.976791 0.0628368 0.999447
0 0.43581 0.698029 0.438551 0.673246 0.42447 0.668324 0.421728 0.693106
0 0.628801 0.574998 0.633515 0.556741 0.616982 0.543249 0.612268 0.561507
0 0.0504004 0.722273 0.0539527 0.702017 0.0415983 0.69517 0.0380461 0.715425
0 0.265813 0.70254 0.271166 0.681359 0.25463 0.668151 0.249277 0.689332
0 0.432113 0.733648 0.432736 0.714288 0.421925 0.713188 0.421301 0.732548
0 0.332228 0.742844 0.338283 0.715335 0.324443 0.705707 0.318389 0.733216
0 0.380652 0.641427 0.381041 0.626644 0.371594 0.625857 0.371204 0.64064
0 0.523216 0.73025 0.5261 0.709554 0.512272 0.703463 0.509387 0.724159
0 0.373051 0.571032 0.374462 0.551616 0.363744 0.549153 0.362332 0.568569
0 0.362177 0.651586 0.363145 0.636667 0.35379 0.634749 0.352822 0.649668
0 0.0702864 0.733217 0.0802922 0.711776 0.0623462 0.685308 0.0523403 0.706749
0 0.0950888 0.519307 0.0977842 0.499187 0.0881379 0.495103 0.0854425 0.515223
0 0.402939 0.924297 0.405018 0.892671 0.392787 0.89013 0.390708 0.921756
0 0.156198 1.00223 0.169278 0.97323 0.15952 0.95932 0.14644 0.98832
0 0.476003 0.888945 0.478628 0.86382 0.467112 0.860017 0.464487 0.885142
0 0.320306 0.589944 0.324053 0.571795 0.315328 0.566103 0.311581 0.584251
0 0.111794 0.971934 0.129938 0.949249 0.122115 0.929475 0.103971 0.95216
0 0.507335 0.789418 0.508761 0.766545 0.497442 0.764315 0.496017 0.787188
0 0.48599 0.837358 0.487595 0.819276 0.476578 0.816185 0.474973 0.834267
0 0.0247664 0.753771 0.0306534 0.722424 0.00400419 0.706607 -0.00188288 0.737953
0 0.381547 0.681708 0.385358 0.662896 0.37795 0.658152 0.374139 0.676964
0 0.172284 0.893349 0.176089 0.868762 0.164748 0.863217 0.160944 0.887804
0 0.146853 0.966688 0.154063 0.940455 0.141146 0.929234 0.133935 0.955467
0 0.66533 0.630423 0.666299 0.613983 0.654153 0.611722 0.653184 0.628161
0 0.200942 0.879254 0.204445 0.857318 0.190394 0.850225 0.186891 0.872161
0 0.247423 0.539775 0.248575 0.523979 0.236971 0.521305 0.235819 0.537101
0 0.518494 0.775174 0.523259 0.753134 0.513159 0.746232 0.508394 0.768272
0 0.341754 0.578522 0.343209 0.563104 0.333607 0.560241 0.332152 0.575659
0 0.00782025 0.67833 0.0097517 0.65699 -0.00117642 0.653864 -0.00310787 0.675204
0 0.395299 0.669401 0.400603 0.649944 0.388497 0.639512 0.383192 0.658969
0 0.201352 0.501791 0.201814 0.482379 0.190937 0.481561 0.190476 0.500974
0 0.511421 0.765027 0.516961 0.740854 0.507038 0.733667 0.501498 0.75784
0 0.436043 0.828223 0.437817 0.797491 0.425332 0.795213 0.423558 0.825946
0 0.12092 0.911425 0.121238 0.874248 0.0997891 0.873668 0.0994714 0.910845
0 0.329263 0.8189 0.329813 0.798995 0.318621 0.798018 0.318071 0.817922
0 0.12145 0.599498 0.133034 0.555799 0.113609 0.539524 0.102025 0.583223
0 0.518675 0.7985 0.519978 0.78164 0.509555 0.779094 0.508252 0.795954
0 0.250297 0.942627 0.255376 0.920603 0.245273 0.913241 0.240194 0.935264
0 0.541877 0.585932 0.541332 0.54658 0.519116 0.547554 0.519661 0.586906
0 0.152548 0.882334 0.155141 0.859076 0.142093 0.854478 0.1395 0.877736
0 0.415158 0.666112 0.418947 0.648115 0.409095 0.641559 0.405306 0.659556
0 0.364435 0.802425 0.369744 0.784437 0.35913 0.774537 0.353821 0.792526
0 0.108607 0.530872 0.110384 0.507877 0.096151 0.504402 0.0943742 0.527396
0 0.223382 0.68809 0.227763 0.663478 0.217357 0.657624 0.212976 0.682236
0 0.341103 0.985504 0.348879 0.958764 0.336176 0.947089 0.3284 0.973829
0 0.470676 0.988199 0.475056 0.95155 0.458759 0.945394 0.454379 0.982044
0 0.214745 0.532284 0.218633 0.515772 0.209951 0.50931 0.206063 0.525822
0 0.111915 0.555681 0.115833 0.5304 0.103067 0.524146 0.0991483 0.549427
0 0.109361 0.987316 0.112115 0.956166 0.0967984 0.951886 0.0940443 0.983036
0 0.411895 0.625228 0.418393 0.609844 0.410686 0.599557 0.404189 0.614941
0 0.246099 0.858147 0.252532 0.837702 0.242265 0.827492 0.235832 0.847937
0 0.463337 0.783393 0.464992 0.764498 0.4538 0.761399 0.452145 0.780294
0 0.657417 0.518012 0.669596 0.492532 0.649573 0.462283 0.637394 0.487763
0 0.326724 0.678469 0.329173 0.660651 0.319074 0.656264 0.316625 0.674082
0 0.13438 0.989157 0.142408 0.971339 0.13327 0.958328 0.125243 0.976146
0 0.224923 0.851775 0.227324 0.831828 0.211999 0.825999 0.209598 0.845946
0 0.013876 0.799846 0.0270735 0.781759 0.0201271 0.76574 0.00692954 0.783826
0 0.409682 0.79853 0.41579 0.778337 0.406645 0.769594 0.400537 0.789787
0 0.504677 1.00573 0.507131 0.971607 0.487508 0.967148 0.485055 1.00127
0 0.378081 0.737273 0.379427 0.716103 0.36578 0.713359 0.364433 0.734529
0 0.41001 0.682041 0.410816 0.663995 0.399183 0.662352 0.398377 0.680399
0 0.117156 0.999447 0.129686 0.979503 0.12162 0.963488 0.10909 0.983432
0 0.411818 0.798239 0.419021 0.78186 0.410268 0.769695 0.403066 0.786074
0 0.173685 0.962305 0.178623 0.939818 0.166349 0.9313 0.161411 0.953787
0 0.102042 0.588981 0.103711 0.57185 0.0927112 0.568462 0.091042 0.585593
0 0.300975 0.804483 0.301697 0.788926 0.290491 0.787283 0.289769 0.802841
0 0.637034 0.801702 0.638012 0.765539 0.622053 0.764174 0.621074 0.800337
0 0.214544 0.929708 0.225682 0.899303 0.214691 0.886578 0.203553 0.916984
0 0.370218 0.846141 0.376229 0.823208 0.36571 0.814495 0.3597 0.837427
0 0.174968 0.328846 0.177748 0.276033 0.109344 0.264654 0.106565 0.317467
0 0.528514 0.758243 0.53373 0.733353 0.518087 0.722994 0.512872 0.747884
0 0.621479 0.746001 0.627612 0.70979 0.603745 0.697014 0.597612 0.733225
0 0.0372896 0.741635 0.0400115 0.719225 0.0268691 0.71418 0.0241473 0.73659
0 0.0869805 0.984981 0.0902823 0.959884 0.0718865 0.952235 0.0685847 0.977332
0 0.0984822 0.615036 0.100901 0.597676 0.0899303 0.592845 0.0875116 0.610205
0 0.0392541 0.675065 0.0412773 0.655477 0.0282136 0.651212 0.0261903 0.6708
0 0.254463 0.811512 0.267626 0.779772 0.251265 0.758326 0.238102 0.790066
0 0.0922936 0.664912 0.0944265 0.646302 0.0836745 0.642408 0.0815416 0.661018
0 0.204564 0.304185 0.206788 0.276426 0.191935 0.272665 0.189711 0.300424
0 0.0567333 0.501334 0.0588018 0.480932 0.0472481 0.47723 0.0451796 0.497632
0 0.0246791 0.868184 0.0409536 0.840601 0.0324712 0.824784 0.0161967 0.852367
0 0.215105 0.895547 0.217007 0.876924 0.203308 0.872502 0.201406 0.891125
0 0.137648 0.975951 0.143764 0.954993 0.13098 0.943202 0.124864 0.964161
0 0.573067 0.83457 0.579049 0.815825 0.56317 0.799809 0.557188 0.818554
0 0.294563 0.947677 0.304828 0.933368 0.290634 0.901187 0.280369 0.915496
0 0.29054 0.850872 0.292864 0.821027 0.279628 0.817769 0.277304 0.847614
0 0.448026 0.897626 0.449577 0.875381 0.438702 0.872985 0.437151 0.89523
0 0.190261 0.719084 0.192536 0.693144 0.172859 0.68769 0.170584 0.71363
0 0.549343 0.82759 0.549465 0.810899 0.538058 0.810636 0.537937 0.827327
0 0.272945 0.528949 0.275752 0.510705 0.265627 0.505781 0.262819 0.524025
0 0.195723 0.965988 0.198161 0.946917 0.188933 0.943188 0.186494 0.962259
0 0.296433 0.671684 0.299092 0.649782 0.286706 0.64503 0.284048 0.666932
0 0.528975 0.817619 0.528786 0.795941 0.517393 0.796256 0.517583 0.817934
0 0.455441 0.974307 0.46189 0.940773 0.452434 0.935026 0.445985 0.96856
0 0.363255 0.839656 0.369102 0.814204 0.35805 0.806181 0.352204 0.831633
0 0.103381 0.99618 0.104225 0.970408 0.0908957 0.969029 0.0900522 0.994801
0 0.23881 0.609901 0.239516 0.590603 0.226995 0.589155 0.226289 0.608454
0 0.417601 0.874898 0.425525 0.849028 0.416762 0.840544 0.408837 0.866414
0 0.0278793 0.717089 0.0316641 0.685785 0.00228006 0.674557 -0.00150477 0.705861
0 0.385676 0.562468 0.387379 0.547417 0.378899 0.544385 0.377196 0.559436
0 0.289208 0.48841 0.291468 0.473422 0.281905 0.468864 0.279645 0.483852
0 0.0528984 0.125751 0.077793 0.0141165 0.0450598 -0.00895352 0.0201653 0.102682
0 0.237042 0.675443 0.239832 0.656999 0.229936 0.65227 0.227147 0.670714
0 0.033028 0.797932 0.0384396 0.775844 0.0282219 0.767932 0.0228104 0.790021
0 0.637459 0.495728 0.646232 0.475553 0.633481 0.458029 0.624708 0.478204
0 0.0445726 0.739962 0.0479359 0.72118 0.0375805 0.71532 0.0342172 0.734102
0 0.26088 0.499066 0.262646 0.484153 0.253383 0.480686 0.251616 0.495599
0 0.559552 0.738897 0.560145 0.71483 0.545771 0.713711 0.545178 0.737778
0 0.558956 0.715919 0.560859 0.695087 0.54988 0.691917 0.547977 0.712749
0 0.0546043 0.677364 0.0561286 0.656339 0.0429212 0.653313 0.0413969 0.674338
0 0.0938393 0.577525 0.0974146 0.555505 0.0873348 0.550332 0.0837596 0.572353
0 0.253743 0.804101 0.262117 0.766334 0.240439 0.751143 0.232065 0.78891
0 0.36315 0.717809 0.370831 0.69793 0.361509 0.686545 0.353828 0.706424
0 0.226816 0.631933 0.228062 0.614798 0.217698 0.612416 0.216452 0.629551
0 0.364627 0.844608 0.372677 0.8258 0.365183 0.815661 0.357132 0.834469
0 0.600556 0.519308 0.603421 0.504246 0.588742 0.495422 0.585877 0.510484
0 0.327925 0.883042 0.332213 0.866544 0.31675 0.853838 0.312461 0.870336
0 0.25217 0.636554 0.254192 0.61629 0.240776 0.612058 0.238753 0.632322
0 0.157627 0.661436 0.162963 0.637316 0.1537 0.630839 0.148363 0.654958
0 0.325249 0.651486 0.326141 0.636912 0.317836 0.635306 0.316944 0.64988
0 0.0495899 0.789825 0.0517002 0.766008 0.0392657 0.762526 0.0371553 0.786343
0 0.607917 0.695983 0.609484 0.671486 0.592047 0.667961 0.59048 0.692458
0 0.0555734 0.973054 0.0677973 0.949046 0.0592643 0.935314 0.0470403 0.959322
0 0.0116888 0.854034 0.0291574 0.828943 0.0202772 0.809403 0.00280856 0.834494
0 0.0752678 0.661481 0.0773436 0.645481 0.0662855 0.640947 0.0642097 0.656947
0 0.150768 0.699174 0.151938 0.683343 0.140957 0.680778 0.139787 0.696609
0 0.457085 0.85453 0.458913 0.835008 0.446082 0.831211 0.444254 0.850733
0 0.0133746 0.76551 0.01464 0.743179 -0.000613101 0.740448 -0.00187846 0.762779
0 0.275892 0.908488 0.279046 0.886335 0.267698 0.88123 0.264545 0.903382
0 0.0998976 0.32278 0.121125 0.294451 0.095565 0.233918 0.0743371 0.262247
0 0.249287 0.812433 0.256794 0.786265 0.241419 0.772325 0.233912 0.798493
0 0.214303 0.487194 0.216048 0.472643 0.206803 0.46914 0.205059 0.48369
0 0.425548 0.607224 0.428388 0.587256 0.415859 0.581625 0.41302 0.601593
0 0.273519 0.738792 0.275254 0.719805 0.262632 0.716161 0.260897 0.735148
0 0.38794 0.605197 0.388974 0.590738 0.379972 0.588705 0.378938 0.603164
0 0.100935 0.913052 0.106687 0.876499 0.0910991 0.868747 0.0853475 0.9053
0 0.237261 0.517859 0.238031 0.503639 0.228929 0.502079 0.228158 0.5163
0 0.25966 0.688596 0.262999 0.666424 0.248318 0.659436 0.244979 0.681608
0 0.100986 0.498396 0.102802 0.480503 0.092219 0.477109 0.0904031 0.495002
0 0.167122 0.71269 0.164396 0.689534 0.148757 0.695351 0.151482 0.718508
0 0.00548116 0.976889 0.0183074 0.949492 0.00643327 0.931923 -0.00639294 0.959319
0 0.249953 0.499436 0.250547 0.483835 0.242086 0.482817 0.241492 0.498419
0 0.427603 0.946807 0.431779 0.913149 0.41152 0.905206 0.407344 0.938864
0 0.172062 0.990744 0.181189 0.959878 0.168194 0.947734 0.159067 0.9786
0 0.388068 0.816001 0.392028 0.792739 0.38132 0.786979 0.37736 0.810241
0 0.355127 0.911492 0.362357 0.88345 0.347676 0.871488 0.340447 0.89953
0 0.0408968 0.487647 0.0519492 0.467077 0.0426968 0.451365 0.0316444 0.471934
0 0.254621 0.815929 0.267428 0.790323 0.256542 0.773114 0.243735 0.79872
0 0.287425 0.414858 0.287497 0.391216 0.263831 0.390988 0.263759 0.41463
0 0.297754 0.637379 0.301625 0.618636 0.292752 0.612843 0.288881 0.631587
0 0.184167 0.869148 0.186339 0.841048 0.166795 0.836274 0.164623 0.864373
0 0.282918 0.735606 0.284729 0.714903 0.272013 0.711388 0.270202 0.732091
0 0.435006 0.918175 0.437589 0.895249 0.423803 0.890341 0.42122 0.913266
0 0.463303 0.542597 0.485031 0.512925 0.474105 0.48764 0.452378 0.517311
0 0.212264 0.823648 0.221988 0.794407 0.209115 0.780878 0.199392 0.810119
0 0.328688 0.641684 0.329176 0.626767 0.319939 0.625813 0.319452 0.64073
0 0.331795 0.833099 0.339437 0.810468 0.330401 0.800825 0.322759 0.823455
0 0.350489 0.700122 0.352134 0.679491 0.342547 0.677076 0.340902 0.697707
0 0.00844924 0.993574 0.014391 0.965717 0.0033886 0.9583 -0.00255318 0.986157
0 0.37398 0.589055 0.37559 0.572668 0.366181 0.569747 0.364571 0.586134
0 0.174021 0.927137 0.179651 0.905638 0.167662 0.895715 0.162032 0.917214
0 0.347135 0.673499 0.348576 0.659549 0.340933 0.657055 0.339493 0.671004
