0 0.993314 0.976716 1.00916 0.851053 0.807593 0.770695 0.791742 0.896359
0 0.141138 0.958227 0.170711 0.906822 0.152846 0.874341 0.123274 0.925746
0 0.172468 0.329218 0.195151 0.224849 0.124938 0.176619 0.102255 0.280988
0 0.183529 0.741749 0.188048 0.705026 0.157721 0.693231 0.153202 0.729954
0 0.973069 0.24397 0.969722 0.176546 0.914845 0.185155 0.918191 0.25258
0 0.152262 0.871041 0.163612 0.839092 0.148891 0.822562 0.13754 0.854511
0 0.352192 0.971434 0.348574 0.926231 0.322713 0.932773 0.326331 0.977976
0 0.104896 0.925152 0.09868 0.876311 0.0651873 0.889784 0.0714037 0.938625
0 0.076539 0.792426 0.0762475 0.767847 0.0555404 0.768623 0.0558319 0.793202
0 0.247202 0.9014 0.307043 0.837951 0.281838 0.762818 0.221996 0.826267
0 0.131817 0.942487 0.141212 0.898996 0.123069 0.88661 0.113674 0.930101
0 0.336092 0.814841 0.339464 0.763685 0.312612 0.758092 0.30924 0.809247
0 0.148259 0.770097 0.151715 0.744059 0.138677 0.738591 0.135222 0.764629
0 0.22497 0.285956 0.248079 0.249793 0.212748 0.178437 0.189639 0.2146
0 0.423322 0.845282 0.421876 0.819365 0.403531 0.8226 0.404977 0.848517
0 0.433836 0.830732 0.435544 0.787716 0.410798 0.784611 0.40909 0.827626
0 0.60641 0.728402 0.611545 0.699089 0.596218 0.690604 0.591083 0.719916
0 0.439718 0.948409 0.443807 0.906968 0.42023 0.899616 0.416141 0.941058
0 0.502082 0.668224 0.503732 0.64191 0.487537 0.638702 0.485888 0.665016
0 0.438587 0.804341 0.447732 0.783192 0.426097 0.753625 0.416952 0.774774
0 0.474658 0.878412 0.477271 0.837112 0.456914 0.833042 0.454302 0.874343
0 0.347027 0.896327 0.347605 0.839662 0.326166 0.838971 0.325588 0.895636
0 0.329261 0.831686 0.330988 0.806723 0.314065 0.803023 0.312338 0.827986
0 0.388491 0.685233 0.391818 0.639757 0.368087 0.634269 0.36476 0.679745
0 0.950864 0.7708 0.957957 0.747891 0.941678 0.731963 0.934585 0.754872
0 0.116777 0.572385 0.125097 0.547441 0.115744 0.537582 0.107425 0.562526
0 0.910433 0.560168 0.911613 0.531753 0.896541 0.529776 0.895361 0.558191
0 0.897651 0.572509 0.900981 0.550012 0.887881 0.543883 0.884551 0.56638
0 0.953532 0.808179 0.946736 0.757468 0.923396 0.767353 0.930192 0.818064
0 0.635557 0.822461 0.63742 0.784905 0.615512 0.781471 0.61365 0.819027
0 0.516423 0.786056 0.517194 0.757795 0.496649 0.756024 0.495878 0.784285
0 0.14079 0.905004 0.15545 0.877466 0.146683 0.862716 0.132024 0.890255
0 0.102605 0.330912 0.117417 0.305803 0.0997458 0.272855 0.0849333 0.297963
0 0.507649 0.683796 0.509903 0.662077 0.496524 0.65769 0.494271 0.679409
0 0.127821 0.897311 0.145182 0.868003 0.135961 0.850739 0.118599 0.880046
0 0.119297 0.886227 0.139006 0.852047 0.127533 0.831139 0.107824 0.865319
0 0.601304 0.680772 0.616565 0.667131 0.611242 0.648307 0.59598 0.661948
0 0.923433 0.551455 0.925485 0.531742 0.913052 0.527652 0.911 0.547365
0 0.13167 0.85286 0.134805 0.826037 0.116508 0.819277 0.113373 0.8461
0 0.886244 0.564952 0.889054 0.538972 0.874408 0.533964 0.871598 0.559943
0 0.500513 0.700356 0.504948 0.682817 0.488802 0.669912 0.484366 0.687452
0 0.484227 0.742335 0.487401 0.713036 0.471653 0.707643 0.468478 0.736942
0 0.517142 0.839912 0.524466 0.805065 0.511642 0.796546 0.504318 0.831393
0 0.437643 0.890905 0.449959 0.873496 0.43837 0.847584 0.426054 0.864992
0 0.129761 0.723538 0.139265 0.700738 0.131107 0.689992 0.121604 0.712792
0 0.4621 0.82085 0.47499 0.808072 0.464253 0.773841 0.451363 0.786619
0 0.823354 0.771482 0.829184 0.752336 0.814871 0.738563 0.809041 0.75771
0 0.175589 0.853796 0.182928 0.820966 0.168146 0.810522 0.160807 0.843352
0 0.0839827 0.879117 0.093814 0.853534 0.0838286 0.841406 0.0739972 0.866988
0 0.512456 0.749362 0.515918 0.725877 0.50473 0.720665 0.501268 0.74415
0 0.0895322 0.345107 0.102318 0.307188 0.0739245 0.276931 0.0611392 0.31485
0 0.113142 0.636038 0.116213 0.620668 0.102883 0.612248 0.0998114 0.627619
0 0.905156 0.803653 0.922508 0.776447 0.912533 0.756339 0.895181 0.783546
0 0.034967 0.798674 0.0390522 0.773705 0.022105 0.764941 0.0180198 0.78991
0 0.0908842 1.00412 0.104474 0.976655 0.0946885 0.961354 0.0810986 0.988821
0 0.0906991 0.890531 0.104337 0.86385 0.0951291 0.848975 0.0814914 0.875657
0 0.412728 0.694839 0.413554 0.662782 0.394764 0.661251 0.393937 0.693308
0 0.622829 0.851296 0.625356 0.822897 0.610726 0.818783 0.608199 0.847182
0 0.367618 0.86606 0.374863 0.843483 0.359483 0.827885 0.352238 0.850463
0 0.90537 0.507253 0.908744 0.48576 0.899784 0.481315 0.89641 0.502808
0 0.300228 0.720722 0.307579 0.67978 0.271008 0.659027 0.263657 0.699969
0 0.14662 0.84027 0.155605 0.817802 0.146426 0.806201 0.137441 0.828669
0 0.388572 0.894092 0.401029 0.874941 0.393662 0.859795 0.381205 0.878946
0 0.447457 0.932395 0.460302 0.907204 0.440871 0.87589 0.428026 0.901081
0 0.894746 0.721137 0.898943 0.687939 0.876488 0.678967 0.872291 0.712164
0 0.683112 0.816468 0.685367 0.796364 0.672298 0.791731 0.670043 0.811835
0 0.599923 0.695951 0.602896 0.674141 0.592348 0.669598 0.589375 0.691407
0 0.52762 0.66596 0.532394 0.64112 0.517827 0.63227 0.513052 0.65711
0 0.132617 0.672945 0.134236 0.65232 0.122602 0.649435 0.120984 0.67006
0 0.458004 0.88042 0.461658 0.852736 0.446799 0.846538 0.443145 0.874221
0 0.094613 0.842508 0.101811 0.821523 0.0856316 0.803983 0.0784334 0.824968
0 0.496442 0.717996 0.498529 0.697325 0.48891 0.694255 0.486823 0.714926
0 0.181423 0.12196 0.209865 0.0880518 0.177471 0.00217524 0.149029 0.0360839
0 0.807932 0.712317 0.812349 0.685848 0.799283 0.678956 0.794866 0.705425
0 0.0724502 0.637541 0.076272 0.611439 0.0638862 0.605708 0.0600644 0.63181
0 0.115983 0.91067 0.119394 0.885627 0.106153 0.879928 0.102742 0.90497
0 0.915513 0.531462 0.924869 0.516279 0.911208 0.489672 0.901852 0.504855
0 0.138428 0.851195 0.147763 0.833353 0.138385 0.817845 0.12905 0.835687
0 0.894982 0.501944 0.903488 0.479631 0.889338 0.462583 0.880832 0.484896
0 0.182726 0.0351955 0.191268 0.00708702 0.166855 -0.0163588 0.158314 0.0117496
0 0.703916 0.802287 0.714775 0.77896 0.705253 0.76495 0.694394 0.788277
0 0.690692 0.795127 0.692706 0.776082 0.677647 0.77105 0.675634 0.790094
0 0.627551 0.874732 0.630384 0.850477 0.619023 0.846283 0.61619 0.870538
0 0.121225 0.81944 0.127437 0.794696 0.116087 0.785691 0.109875 0.810435
0 0.424426 0.983295 0.438915 0.95598 0.428442 0.938421 0.413952 0.965737
0 0.490802 0.650258 0.492518 0.626419 0.478619 0.623256 0.476903 0.647096
0 0.218584 0.873429 0.21827 0.851423 0.198958 0.852292 0.199271 0.874298
0 0.296602 0.787485 0.300385 0.760371 0.283106 0.752751 0.279323 0.779866
0 0.477095 0.772493 0.479881 0.748684 0.467707 0.744181 0.46492 0.76799
0 0.19776 0.861277 0.203063 0.842019 0.183844 0.825294 0.178541 0.844553
0 0.967959 0.746387 0.971313 0.715081 0.951082 0.70823 0.947727 0.739536
0 0.60324 0.760536 0.614399 0.727485 0.603426 0.715777 0.592267 0.748827
0 0.670648 0.689423 0.676623 0.666526 0.667985 0.659403 0.66201 0.6823
0 0.523101 0.590779 0.525146 0.564213 0.511826 0.560972 0.509781 0.587538
0 0.453022 0.786661 0.455869 0.76485 0.441534 0.758938 0.438688 0.780749
0 0.121723 0.900292 0.125761 0.875723 0.111991 0.868571 0.107953 0.89314
0 0.181025 0.818386 0.183926 0.783153 0.169369 0.779364 0.166468 0.814598
0 0.0714207 0.830525 0.0737947 0.805681 0.0614406 0.80195 0.0590666 0.826794
0 0.184454 0.302285 0.215147 0.273483 0.18793 0.181816 0.157237 0.210618
0 0.5314 0.834572 0.534531 0.812116 0.520865 0.806094 0.517734 0.82855
0 0.00828635 0.668063 0.0217702 0.64819 0.0141903 0.631936 0.000706482 0.651808
0 0.415606 0.986499 0.420544 0.943206 0.401244 0.936249 0.396306 0.979541
0 0.885123 0.519728 0.888677 0.488717 0.874089 0.483433 0.870535 0.514444
0 0.114951 0.556775 0.122987 0.529226 0.112289 0.519363 0.104252 0.546912
0 0.362886 0.937824 0.379352 0.905649 0.367033 0.885725 0.350567 0.9179
0 0.874687 0.613256 0.877572 0.594646 0.86729 0.589609 0.864406 0.608219
0 0.419358 0.899808 0.427063 0.868655 0.413388 0.857965 0.405683 0.889118
0 0.257776 0.780588 0.264207 0.753528 0.251823 0.744225 0.245391 0.771285
0 0.231357 0.863806 0.241216 0.826701 0.224367 0.81255 0.214507 0.849655
0 0.0759641 0.861996 0.0800091 0.842427 0.0684098 0.83485 0.0643647 0.854419
0 0.136348 0.964476 0.13832 0.939496 0.125216 0.936226 0.123244 0.961207
0 0.311627 0.140131 0.340667 0.0329009 0.263378 -0.033251 0.234339 0.0739791
0 0.176707 0.637516 0.178478 0.614341 0.168132 0.611841 0.166361 0.635017
0 0.869535 0.747877 0.871197 0.725513 0.854112 0.721501 0.85245 0.743864
0 0.53864 0.676359 0.542062 0.649453 0.530895 0.644966 0.527474 0.671871
0 0.214287 0.852708 0.21752 0.824187 0.202662 0.818865 0.19943 0.847386
0 0.202071 0.717827 0.203891 0.695485 0.188866 0.691617 0.187046 0.713959
0 0.957524 0.500791 0.962102 0.482402 0.953278 0.475458 0.948699 0.493847
0 0.0747237 0.885017 0.0792352 0.864237 0.0601234 0.851123 0.055612 0.871903
0 0.616673 0.884494 0.617465 0.863209 0.601004 0.861273 0.600212 0.882558
0 0.0959322 0.66221 0.0967718 0.637465 0.0774811 0.635396 0.0766416 0.660142
0 0.619068 0.755949 0.622237 0.737666 0.612595 0.732385 0.609427 0.750669
0 0.484574 0.69544 0.486875 0.67849 0.476336 0.673968 0.474035 0.690917
0 0.940504 0.548148 0.941997 0.527944 0.926546 0.524336 0.925054 0.54454
0 0.487007 0.835311 0.484829 0.78447 0.470747 0.786376 0.472924 0.837217
0 0.490227 0.794211 0.492704 0.77157 0.482366 0.767995 0.479889 0.790636
0 0.103958 0.896146 0.113933 0.867541 0.103039 0.855536 0.0930647 0.884141
0 0.930174 0.684728 0.93473 0.663336 0.925117 0.656866 0.920561 0.678258
0 0.639189 0.789543 0.641624 0.762868 0.625682 0.758268 0.623247 0.784943
0 0.803523 0.770051 0.813322 0.750225 0.795404 0.722236 0.785605 0.742062
0 0.736731 0.534924 0.740657 0.502877 0.721327 0.495393 0.717401 0.527441
0 0.662435 0.804469 0.668129 0.789649 0.657432 0.77666 0.651738 0.79148
0 0.0290045 0.939708 0.0287516 0.904009 0.0059891 0.904519 0.00624196 0.940218
0 0.433301 0.581145 0.434126 0.510308 0.422058 0.509864 0.421233 0.5807
0 0.374051 0.891232 0.3747 0.870629 0.359567 0.869121 0.358917 0.889725
0 0.574452 0.790677 0.579638 0.769389 0.56447 0.757712 0.559285 0.779001
0 0.117536 0.667269 0.120912 0.651151 0.11151 0.644927 0.108134 0.661045
0 0.146925 0.684945 0.151182 0.666701 0.141698 0.659707 0.137441 0.67795
0 0.394542 0.713582 0.399349 0.690263 0.387325 0.682428 0.382518 0.705747
0 0.539031 0.777908 0.540224 0.753548 0.526723 0.751458 0.52553 0.775818
0 0.837004 0.770145 0.845555 0.744339 0.834336 0.732589 0.825785 0.758396
0 0.243581 0.816793 0.259258 0.782773 0.24776 0.766028 0.232084 0.800047
0 0.111612 0.756641 0.119082 0.738418 0.109275 0.725711 0.101805 0.743934
0 0.914325 0.759791 0.919372 0.735734 0.905021 0.726218 0.899974 0.750276
0 0.437162 0.744548 0.439906 0.728429 0.429491 0.722826 0.426747 0.738945
0 0.512414 0.627704 0.514105 0.609545 0.50286 0.606236 0.501169 0.624395
0 0.0264788 0.851536 0.0408588 0.826042 0.0293941 0.805604 0.0150141 0.831098
0 0.100304 0.980652 0.111984 0.949112 0.0998178 0.934874 0.0881382 0.966413
0 0.593884 0.768994 0.598224 0.748073 0.589287 0.742214 0.584947 0.763135
0 0.640435 0.773526 0.644446 0.747584 0.630033 0.740542 0.626022 0.766484
0 0.694306 0.755951 0.697386 0.740569 0.687225 0.734138 0.684145 0.74952
0 0.836138 0.768619 0.853051 0.746869 0.844098 0.724866 0.827185 0.746616
0 0.219556 0.668942 0.219952 0.646438 0.207883 0.645766 0.207487 0.66827
0 0.945755 0.736066 0.951685 0.717983 0.937467 0.703245 0.931536 0.721328
0 0.166674 0.831148 0.176667 0.775299 0.15918 0.765411 0.149187 0.821259
0 0.354437 0.827647 0.355435 0.801519 0.338433 0.799466 0.337435 0.825594
0 0.820089 0.695203 0.821796 0.673887 0.810235 0.67096 0.808528 0.692276
0 0.314414 0.830428 0.314409 0.798097 0.298473 0.798105 0.298478 0.830436
0 0.196259 0.873862 0.197297 0.852893 0.182643 0.8506 0.181605 0.87157
0 0.883658 0.538868 0.886363 0.521382 0.873496 0.51509 0.870791 0.532576
0 0.658064 0.773065 0.662846 0.753741 0.654867 0.747501 0.650085 0.766825
0 0.346261 0.542645 0.380133 0.47882 0.349422 0.427308 0.31555 0.491133
0 0.668908 0.768206 0.675369 0.749458 0.667775 0.741186 0.661314 0.759935
0 0.442689 0.761608 0.444878 0.744373 0.434196 0.740086 0.432007 0.75732
0 0.653311 0.806266 0.655467 0.782528 0.639557 0.777961 0.637401 0.8017
0 0.83398 0.745439 0.836342 0.72515 0.82364 0.720475 0.821278 0.740764
0 0.805369 0.737499 0.810579 0.708893 0.797841 0.701561 0.792631 0.730167
0 0.681692 0.65811 0.692117 0.618155 0.678843 0.607209 0.668418 0.647164
0 0.0985774 0.794524 0.100042 0.774143 0.0885274 0.771528 0.087063 0.79191
0 0.162979 0.879014 0.168953 0.857268 0.157993 0.847752 0.152019 0.869499
0 0.208082 0.937218 0.212815 0.901068 0.185319 0.889689 0.180585 0.92584
0 0.146382 0.97916 0.144068 0.950621 0.124356 0.955673 0.12667 0.984212
0 0.691514 0.826881 0.701837 0.799774 0.689752 0.785227 0.679428 0.812334
0 0.848071 0.746837 0.852928 0.723626 0.837904 0.713691 0.833048 0.736902
0 0.731493 0.504365 0.750087 0.482817 0.742671 0.462592 0.724077 0.484141
0 0.222772 0.757831 0.223053 0.736433 0.210882 0.735928 0.2106 0.757326
0 0.457154 0.858366 0.459011 0.833845 0.444614 0.830399 0.442757 0.85492
0 0.999257 0.80468 1.00906 0.740355 0.969131 0.721123 0.959328 0.785448
0 0.548136 0.81647 0.54902 0.78942 0.53254 0.787718 0.531656 0.814768
0 0.518998 0.687858 0.523296 0.663308 0.508248 0.654981 0.50395 0.679531
0 0.54372 0.857552 0.551091 0.832499 0.54274 0.824734 0.535369 0.849786
0 0.619353 0.826578 0.618395 0.780652 0.587876 0.782663 0.588834 0.82859
0 0.610735 0.841004 0.611532 0.813692 0.592571 0.811943 0.591774 0.839255
0 0.207571 0.610533 0.203813 0.574153 0.176069 0.583211 0.179827 0.619591
0 0.332225 0.915122 0.333787 0.88973 0.320393 0.887126 0.318831 0.912518
0 0.0618578 0.857335 0.0623522 0.829916 0.0446813 0.828909 0.0441869 0.856328
0 0.713049 0.715801 0.724553 0.697191 0.717445 0.683305 0.705941 0.701915
0 0.570175 1.01007 0.581638 0.981031 0.558627 0.952321 0.547165 0.981357
0 0.604786 0.769642 0.610508 0.743541 0.601728 0.737457 0.596005 0.763558
0 0.896995 0.545611 0.898835 0.527993 0.888804 0.524682 0.886964 0.5423
0 0.658353 0.721029 0.664169 0.705357 0.657736 0.697812 0.65192 0.713485
0 0.637678 0.853554 0.643776 0.819111 0.627303 0.809894 0.621206 0.844337
0 0.611572 0.704106 0.617202 0.680827 0.606045 0.672299 0.600415 0.695578
0 0.306185 0.915185 0.314175 0.886089 0.303281 0.876634 0.295291 0.90573
0 0.544534 0.839183 0.547199 0.815342 0.533621 0.810544 0.530955 0.834385
