0 0.377767 0.919506 0.397876 0.871613 0.378276 0.845604 0.358167 0.893497
0 0.255032 1.01161 0.281578 0.979903 0.270258 0.949952 0.243712 0.981662
0 0.0772913 0.686986 0.078068 0.659175 0.0612114 0.657687 0.0604347 0.685498
0 0.523951 0.899878 0.512831 0.805116 0.449981 0.828426 0.461101 0.923188
0 0.413124 0.723558 0.425344 0.702402 0.407219 0.669315 0.394999 0.690471
0 0.0563756 1.01135 0.071473 0.976231 0.0545561 0.953245 0.0394587 0.988363
0 0.367398 0.895397 0.373721 0.854118 0.357031 0.846039 0.350708 0.887317
0 0.272066 0.781984 0.282492 0.744181 0.270177 0.733446 0.25975 0.771248
0 0.341124 0.86679 0.346273 0.826841 0.320743 0.816441 0.315594 0.85639
0 0.371091 0.80797 0.375482 0.785229 0.35996 0.775757 0.355569 0.798498
0 0.0558458 0.630795 0.0675372 0.598606 0.0561712 0.585559 0.0444798 0.617748
0 0.0851998 0.710198 0.0911501 0.691964 0.0757888 0.676121 0.0698386 0.694355
0 0.386278 0.858546 0.386508 0.834936 0.369064 0.834399 0.368834 0.858009
0 0.391362 0.832277 0.39541 0.804553 0.37962 0.797266 0.375572 0.82499
0 0.054329 0.658348 0.0575289 0.632124 0.0367025 0.624092 0.0335026 0.650316
0 0.0782772 0.942064 0.0925917 0.910671 0.0814591 0.894628 0.0671446 0.926022
0 0.129448 1.00546 0.140264 0.980435 0.128849 0.964839 0.118032 0.989861
0 0.0231535 0.916516 0.0505231 0.849745 0.0220784 0.812895 -0.00529116 0.879666
0 0.438089 0.861642 0.437165 0.82717 0.415619 0.828995 0.416542 0.863466
0 0.0792775 0.914862 0.0944207 0.889652 0.0848038 0.871395 0.0696606 0.896604
0 0.0430173 1.00243 0.0409113 0.964514 0.00850917 0.970203 0.0106151 1.00812
0 0.0346757 0.777479 0.0334904 0.744846 0.0117377 0.747344 0.012923 0.779976
0 0.985648 1.05336 1.00816 0.886503 0.794013 0.795186 0.771501 0.96204
0 0.129525 0.973603 0.145892 0.952619 0.138476 0.934338 0.122109 0.955322
0 0.168458 0.848951 0.173157 0.82653 0.158908 0.817092 0.154209 0.839513
0 0.368328 0.851627 0.381487 0.822957 0.370485 0.806998 0.357326 0.835667
0 0.488349 0.757296 0.498713 0.724586 0.48502 0.710873 0.474656 0.743584
0 0.137732 0.902941 0.139321 0.853479 0.11189 0.850695 0.110301 0.900157
0 0.111629 0.300287 0.108011 0.253527 0.0884421 0.258312 0.09206 0.305073
0 0.245393 0.889176 0.248434 0.869674 0.236556 0.863818 0.233514 0.88332
0 0.200425 0.947727 0.212366 0.915787 0.198406 0.899293 0.186465 0.931233
0 0.547847 0.843133 0.54855 0.804426 0.535336 0.803668 0.534634 0.842375
0 0.380601 0.79237 0.38951 0.764595 0.3781 0.753028 0.369191 0.780803
0 0.412068 0.829055 0.414522 0.797028 0.396667 0.792705 0.394213 0.824733
0 0.267102 0.971827 0.280577 0.950266 0.270315 0.93 0.256841 0.951561
0 0.10944 0.761129 0.113131 0.732727 0.0952449 0.725382 0.0915544 0.753784
0 0.226707 0.952733 0.246191 0.892383 0.220534 0.866203 0.20105 0.926554
0 0.367002 0.781298 0.37799 0.761442 0.363577 0.736232 0.352588 0.756088
0 0.333978 0.987938 0.335488 0.959563 0.32173 0.95725 0.320221 0.985625
0 0.145523 0.820589 0.15298 0.800185 0.143739 0.789511 0.136282 0.809916
0 0.257163 0.770103 0.266288 0.751281 0.253677 0.731958 0.244551 0.75078
0 0.0977549 0.741199 0.0993759 0.721728 0.0883068 0.718816 0.0866858 0.738286
0 0.109301 0.705827 0.115183 0.68713 0.10639 0.678387 0.100508 0.697084
0 0.360131 0.747615 0.361298 0.727881 0.349148 0.72561 0.347981 0.745344
0 0.117026 0.968614 0.133691 0.943697 0.126245 0.927958 0.10958 0.952874
0 0.106387 0.974284 0.121029 0.941665 0.11088 0.927267 0.0962383 0.959886
0 0.578532 0.994131 0.583992 0.962314 0.568834 0.954092 0.563373 0.985908
0 0.0806065 0.753215 0.0856067 0.717668 0.0579053 0.705353 0.0529051 0.7409
0 0.099944 0.942091 0.115153 0.896429 0.0972733 0.877608 0.0820647 0.923271
0 0.239133 0.820035 0.247941 0.79686 0.239823 0.787109 0.231015 0.810284
0 0.107836 0.723528 0.110164 0.700944 0.0985019 0.697144 0.0961736 0.719728
0 0.418176 0.820305 0.427544 0.793518 0.411401 0.775675 0.402033 0.802461
0 0.251366 0.271765 0.264878 0.248046 0.243819 0.210129 0.230306 0.233848
0 0.269763 0.744571 0.277736 0.723606 0.268898 0.712982 0.260924 0.733948
0 0.287713 0.838007 0.291227 0.81378 0.277228 0.807363 0.273714 0.831589
0 0.334817 0.706806 0.336823 0.688722 0.323547 0.684067 0.321541 0.702152
0 0.180706 0.975738 0.188161 0.955618 0.179687 0.945695 0.172232 0.965815
0 0.08903 0.848413 0.100063 0.827608 0.0925915 0.815084 0.081558 0.835889
0 0.0833757 0.813611 0.0756587 0.770269 0.0402908 0.790172 0.0480078 0.833514
0 0.07966 1.00356 0.102009 0.955043 0.088617 0.935548 0.0662681 0.984067
0 0.359353 0.837458 0.373671 0.805055 0.362566 0.789546 0.348248 0.821949
0 0.567583 0.84179 0.57272 0.803172 0.561178 0.798319 0.55604 0.836937
0 0.55439 0.887054 0.555875 0.841961 0.532136 0.839491 0.530652 0.884584
0 0.465535 0.831724 0.478906 0.801824 0.467977 0.786378 0.454606 0.816277
0 0.522642 0.79386 0.526548 0.758065 0.50091 0.749222 0.497003 0.785017
0 0.0417644 0.935656 0.0566426 0.906566 0.0429258 0.884393 0.0280476 0.913483
0 0.0578563 0.721421 0.0632761 0.695529 0.0529034 0.688667 0.0474836 0.714558
0 0.407918 0.802516 0.414805 0.77578 0.40324 0.766364 0.396352 0.793099
0 0.138341 0.840292 0.148258 0.816892 0.138038 0.803203 0.128122 0.826603
0 0.0663153 0.972982 0.0842393 0.944785 0.0758497 0.92793 0.0579257 0.956127
0 0.0853912 0.683022 0.0882499 0.662778 0.0760648 0.65734 0.0732061 0.677584
0 0.602826 0.893495 0.604405 0.870805 0.59058 0.867765 0.589001 0.890455
0 0.135176 0.926505 0.150463 0.899697 0.141248 0.883088 0.12596 0.909896
0 0.169369 0.952012 0.175728 0.923216 0.162346 0.913878 0.155988 0.942674
0 0.232646 0.258871 0.241595 0.239313 0.218222 0.205516 0.209274 0.225074
0 0.0921145 0.762739 0.0952451 0.741041 0.0797277 0.733965 0.0765972 0.755663
0 0.122106 0.698547 0.126332 0.677324 0.116351 0.671043 0.112125 0.692265
0 0.106836 0.68919 0.116848 0.669684 0.108494 0.656131 0.0984818 0.675637
0 0.0165875 0.990898 0.0185489 0.942919 -0.00292335 0.940145 -0.00488478 0.988123
0 0.360099 1.00328 0.364725 0.977252 0.352487 0.970379 0.347861 0.996408
0 0.0997537 1.01615 0.110177 0.980917 0.0901293 0.962173 0.0797058 0.997406
0 0.209804 0.899169 0.212982 0.878652 0.203171 0.87385 0.199993 0.894367
0 0.139886 0.733673 0.140873 0.709732 0.124359 0.707581 0.123372 0.731522
0 0.0474316 0.976271 0.0675127 0.94862 0.0588526 0.928743 0.0387716 0.956394
0 0.306624 0.0419443 0.315921 0.00422515 0.285147 -0.0197476 0.27585 0.0179716
0 0.153597 0.994949 0.162604 0.967085 0.153734 0.958024 0.144728 0.985888
0 0.410794 0.848293 0.41269 0.821462 0.397791 0.818137 0.395896 0.844968
0 0.145855 1.0074 0.155619 0.985342 0.146623 0.972753 0.136859 0.994807
0 0.023324 0.728818 0.0403945 0.69725 0.0286311 0.677146 0.0115606 0.708714
0 0.153824 0.837967 0.159884 0.814437 0.149606 0.80607 0.143545 0.8296
0 0.258376 0.946567 0.271421 0.908388 0.259243 0.895238 0.246198 0.933417
0 0.38303 0.736037 0.384744 0.715138 0.372643 0.712001 0.370929 0.732901
0 0.192327 0.922049 0.195639 0.89743 0.175201 0.888739 0.171889 0.913358
0 0.20096 0.905337 0.203074 0.888447 0.190148 0.883335 0.188034 0.900225
0 0.0255791 0.97054 0.0345732 0.938861 0.0217055 0.927315 0.0127114 0.958994
0 0.284375 0.70431 0.288118 0.688116 0.272562 0.676755 0.26882 0.692948
0 0.171185 0.966049 0.175726 0.946043 0.165977 0.93905 0.161436 0.959056
0 0.505052 0.563069 0.524846 0.495428 0.491686 0.464759 0.471892 0.532399
0 0.417332 0.937137 0.433071 0.922286 0.421278 0.882782 0.405538 0.897632
0 0.184685 0.950171 0.191356 0.927024 0.179906 0.916594 0.173235 0.939741
0 0.189268 0.872841 0.190402 0.854307 0.177623 0.851836 0.176489 0.87037
0 0.234294 0.3529 0.246641 0.297582 0.202348 0.266337 0.190001 0.321655
0 0.11768 0.995916 0.126534 0.967973 0.114215 0.955636 0.105361 0.98358
0 0.213463 0.95418 0.217176 0.930586 0.203755 0.923911 0.200042 0.947505
0 0.464474 0.664623 0.467849 0.642488 0.454 0.635815 0.450625 0.65795
0 0.135374 0.816254 0.142358 0.79475 0.133852 0.786019 0.126868 0.807524
0 0.0473424 0.671987 0.0495197 0.652593 0.0360446 0.647812 0.0338673 0.667206
0 0.234831 1.00021 0.234745 0.967253 0.215732 0.967411 0.215819 1.00037
0 0.367792 0.61743 0.369937 0.599178 0.359053 0.595134 0.356907 0.613386
0 0.564337 0.714428 0.567664 0.681161 0.548819 0.675204 0.545492 0.708472
0 0.0749406 0.663797 0.0775593 0.64445 0.065943 0.639481 0.0633243 0.658827
0 0.280919 0.875131 0.280703 0.849107 0.263935 0.849548 0.264151 0.875572
0 0.194866 0.351996 0.218185 0.317476 0.187055 0.251016 0.163736 0.285536
0 0.0824303 0.642144 0.0840992 0.620376 0.0707744 0.617148 0.0691055 0.638915
0 0.23168 0.628842 0.228858 0.583919 0.207002 0.588258 0.209824 0.633181
0 0.0883862 0.594004 0.0884425 0.57378 0.0696565 0.573614 0.0696002 0.593838
0 0.43064 0.739515 0.434179 0.718583 0.420217 0.711122 0.416678 0.732054
0 0.0904693 0.622639 0.0926824 0.603611 0.0817996 0.59961 0.0795864 0.618638
0 0.0863877 0.719272 0.0884952 0.704108 0.0735794 0.697556 0.0714719 0.712721
0 0.525285 0.819035 0.530025 0.802124 0.513343 0.787346 0.508603 0.804257
0 0.283018 0.71977 0.284109 0.70019 0.270816 0.697849 0.269725 0.71743
0 0.573995 0.972578 0.575851 0.923022 0.546541 0.919551 0.544685 0.969107
0 0.557219 0.845424 0.560085 0.807178 0.546983 0.804075 0.544117 0.842321
0 0.288008 0.760887 0.3012 0.741369 0.292704 0.723221 0.279512 0.742739
0 0.575976 0.807658 0.577911 0.789592 0.564562 0.785074 0.562627 0.803139
0 0.0484365 0.952044 0.0551066 0.930435 0.0445122 0.920099 0.0378421 0.941709
0 0.132179 0.563271 0.134593 0.539698 0.122257 0.535704 0.119843 0.559278
0 0.411288 0.882895 0.413342 0.847795 0.394971 0.844397 0.392917 0.879497
0 0.487091 0.782765 0.491992 0.758766 0.474253 0.747317 0.469352 0.771315
0 0.264969 0.796747 0.268734 0.778897 0.257694 0.771536 0.253928 0.789385
0 0.0864912 0.662816 0.0910271 0.643217 0.0803325 0.635394 0.0757965 0.654993
0 0.234842 0.833762 0.239416 0.817142 0.230694 0.809556 0.22612 0.826176
0 0.257141 0.68064 0.25734 0.66073 0.243974 0.660306 0.243774 0.680216
0 0.266176 0.713026 0.269433 0.697067 0.259984 0.690972 0.256727 0.70693
0 0.397749 0.805554 0.399838 0.779143 0.382376 0.774778 0.380287 0.801189
0 0.286215 0.744423 0.297516 0.717906 0.287082 0.703853 0.275781 0.73037
0 0.398608 0.787751 0.417206 0.75927 0.405849 0.735831 0.387251 0.764311
0 0.442167 0.834521 0.443445 0.8101 0.428197 0.807577 0.426919 0.831998
0 0.0987678 0.143425 0.122083 0.0749544 0.0664234 0.0150551 0.0431084 0.0835259
0 0.0985889 0.957106 0.108702 0.927932 0.0961766 0.91421 0.0860635 0.943383
0 0.430157 0.913544 0.443018 0.897023 0.42451 0.851487 0.411649 0.868008
0 0.587378 0.843597 0.589006 0.816488 0.570588 0.812991 0.56896 0.8401
0 0.100697 0.60317 0.101515 0.587476 0.0919044 0.585895 0.0910873 0.601588
0 0.397133 0.850644 0.39962 0.82983 0.389025 0.825829 0.386538 0.846644
0 0.0397901 0.732297 0.0480422 0.708075 0.0383514 0.697641 0.0300994 0.721862
0 0.590713 0.818866 0.591997 0.798842 0.576892 0.795779 0.575607 0.815803
0 0.0455411 0.708241 0.0538083 0.686708 0.0400299 0.669989 0.0317627 0.691522
0 0.257173 0.892898 0.264368 0.866862 0.253248 0.85715 0.246054 0.883187
0 0.0038267 0.863436 0.0216728 0.829687 0.0106231 0.81122 -0.00722298 0.84497
0 0.53325 0.718259 0.533974 0.696594 0.521141 0.695239 0.520417 0.716903
0 0.129497 0.918309 0.13167 0.895219 0.116308 0.890648 0.114135 0.913738
0 0.265777 0.835115 0.278931 0.815348 0.271136 0.798952 0.257981 0.818719
0 0.197476 0.973443 0.20459 0.945432 0.192782 0.935954 0.185668 0.963964
0 0.0127129 0.958172 0.0313109 0.929132 0.021263 0.908794 0.00266496 0.937835
0 0.209829 0.288654 0.225952 0.266535 0.205102 0.218501 0.188979 0.24062
0 0.032458 0.668657 0.037608 0.646927 0.0256132 0.637943 0.0204632 0.659673
0 0.427138 0.837654 0.430492 0.814566 0.416842 0.808299 0.413488 0.831386
0 0.484916 0.810114 0.490326 0.794558 0.475761 0.77855 0.470352 0.794106
0 0.249044 0.926262 0.258586 0.897553 0.249105 0.887593 0.239562 0.916302
0 0.205696 0.997992 0.209698 0.96849 0.189567 0.959859 0.185565 0.989361
0 0.117824 0.655878 0.117068 0.634514 0.097227 0.636733 0.0979831 0.658097
0 0.202668 1.00574 0.203105 0.987167 0.185658 0.98587 0.185221 1.00444
0 0.281846 0.810609 0.28533 0.788283 0.270463 0.780953 0.26698 0.803279
0 0.0939656 0.579953 0.0973679 0.565652 0.0864721 0.55746 0.0830698 0.571761
0 0.0292389 0.647701 0.0320637 0.624391 0.0153037 0.617972 0.012479 0.641283
0 0.220489 0.0859442 0.235668 0.0732597 0.220552 0.016091 0.205373 0.0287755
0 0.245242 0.851912 0.246886 0.83324 0.237747 0.830697 0.236103 0.849369
0 0.106897 0.58164 0.109987 0.563893 0.0984285 0.557534 0.0953391 0.575281
0 0.0958285 0.675265 0.100458 0.660084 0.0926007 0.65251 0.0879709 0.667691
0 0.036959 0.629834 0.038451 0.612071 0.0261135 0.608796 0.0246216 0.626559
0 0.56307 0.899951 0.570264 0.879496 0.554149 0.861581 0.546954 0.882035
0 0.0639991 0.670023 0.0667083 0.644577 0.0540509 0.640318 0.0513416 0.665763
0 0.61474 1.00642 0.61611 0.982757 0.600618 0.979922 0.599248 1.00359
0 0.12467 0.963931 0.141458 0.93985 0.13314 0.921523 0.116352 0.945604
0 0.307076 0.979569 0.314354 0.956846 0.304305 0.946674 0.297027 0.969397
