0 0.634294 0.954876 0.638179 0.924153 0.620684 0.917162 0.6168 0.947885
0 0.0559763 1.02358 0.101865 0.985754 0.0871418 0.929301 0.0412533 0.967125
0 0.0956078 0.944627 0.0978465 0.915287 0.077035 0.910268 0.0747962 0.939609
0 0.484885 0.889843 0.493497 0.847418 0.474356 0.835137 0.465744 0.877563
0 0.107424 0.930096 0.113393 0.893457 0.0889796 0.880887 0.083011 0.917526
0 0.471153 0.712138 0.474418 0.68516 0.46267 0.680666 0.459404 0.707644
0 0.499785 0.843786 0.497633 0.801506 0.469561 0.806023 0.471713 0.848303
0 0.0576378 0.891544 0.068547 0.860922 0.0531699 0.843608 0.0422607 0.87423
0 0.37564 0.658157 0.386474 0.629702 0.366181 0.605283 0.355347 0.633738
0 0.114934 0.978525 0.120235 0.950577 0.0963006 0.936229 0.0909993 0.964177
0 0.563267 0.857385 0.563884 0.821483 0.543491 0.820376 0.542874 0.856277
0 0.139499 0.85175 0.150865 0.804981 0.127766 0.78724 0.1164 0.834008
0 0.509235 0.901228 0.515665 0.858998 0.500856 0.851871 0.494426 0.8941
0 0.756052 0.78424 0.758672 0.740583 0.735073 0.736107 0.732452 0.779764
0 0.806949 1.05163 0.860036 0.959474 0.788239 0.828755 0.735151 0.920911
0 0.159913 0.824416 0.179173 0.805395 0.172025 0.782521 0.152765 0.801542
0 0.311847 0.822816 0.314548 0.794832 0.29722 0.789546 0.294519 0.81753
0 0.851253 0.779415 0.84606 0.723267 0.807962 0.734403 0.813155 0.790551
0 0.562146 0.5938 0.564389 0.575305 0.5543 0.571439 0.552057 0.589933
0 0.396655 0.729751 0.39156 0.678039 0.358783 0.688245 0.363878 0.739958
0 0.201359 0.808104 0.213188 0.767493 0.194927 0.750683 0.183098 0.791293
0 0.401772 0.617563 0.404729 0.596547 0.387415 0.588848 0.384458 0.609863
0 0.262042 0.558612 0.260191 0.522551 0.244573 0.525085 0.246425 0.561147
0 0.669623 0.656751 0.671252 0.529207 0.598357 0.526265 0.596728 0.653809
0 0.536973 0.872625 0.540054 0.850422 0.527574 0.84495 0.524493 0.867154
0 0.118527 0.817904 0.129133 0.797382 0.12029 0.782938 0.109684 0.80346
0 0.53477 0.814098 0.536046 0.793217 0.524418 0.790971 0.523142 0.811853
0 0.465631 0.674993 0.469751 0.651341 0.45492 0.643174 0.450799 0.666827
0 0.45168 0.928842 0.477639 0.889943 0.446386 0.824023 0.420426 0.862922
0 0.413094 0.546361 0.425145 0.515181 0.413225 0.500622 0.401175 0.531801
0 0.138003 0.961058 0.162679 0.927019 0.150381 0.898841 0.125704 0.93288
0 0.544763 0.594593 0.547231 0.571137 0.533633 0.566617 0.531166 0.590072
0 0.554951 0.688065 0.561294 0.661809 0.543265 0.648045 0.536923 0.674301
0 0.469931 0.80497 0.476472 0.787903 0.463983 0.772777 0.457442 0.789843
0 0.489382 0.756393 0.493731 0.731192 0.471994 0.719337 0.467645 0.744538
0 0.484007 0.698198 0.486083 0.681004 0.475812 0.677085 0.473736 0.694279
0 0.456183 0.71954 0.461958 0.682855 0.449565 0.676688 0.44379 0.713373
0 0.335598 0.664011 0.339955 0.63087 0.319921 0.622546 0.315564 0.655686
0 0.243826 0.570473 0.248913 0.544041 0.23642 0.536443 0.231334 0.562876
0 0.0142877 0.964063 0.0391031 0.929329 0.0269444 0.901875 0.00212898 0.936609
0 0.526378 0.895211 0.529812 0.860636 0.513154 0.855406 0.509719 0.889981
0 0.19806 0.954549 0.201992 0.929008 0.186874 0.921653 0.182942 0.947194
0 0.315956 0.890174 0.325588 0.863843 0.315229 0.851867 0.305597 0.878198
0 0.519886 0.817532 0.524595 0.790627 0.514161 0.784856 0.509452 0.811761
0 0.168786 0.930543 0.173043 0.90709 0.156167 0.89741 0.151911 0.920863
0 0.522641 0.682782 0.524289 0.663532 0.511345 0.660029 0.509697 0.67928
0 0.183442 0.853289 0.183876 0.828118 0.168439 0.827276 0.168005 0.852448
0 0.0408877 0.84903 0.0424027 0.806271 0.0170559 0.803433 0.0155408 0.846192
0 0.324428 0.86556 0.332034 0.839691 0.318213 0.826848 0.310607 0.852716
0 0.25054 0.605473 0.252983 0.578942 0.237237 0.574359 0.234794 0.600891
0 0.499439 0.790543 0.502318 0.771329 0.490339 0.765656 0.48746 0.784871
0 0.456631 0.514059 0.463788 0.485531 0.450207 0.474762 0.443049 0.503291
0 0.556015 0.634108 0.561446 0.613787 0.548668 0.602994 0.543237 0.623314
0 0.205605 0.944583 0.231214 0.918996 0.221624 0.888661 0.196015 0.914249
0 0.483766 0.785229 0.484695 0.759862 0.472049 0.758398 0.47112 0.783765
0 0.475265 0.65121 0.477583 0.634562 0.467541 0.630143 0.465223 0.646791
0 0.374683 0.621422 0.379929 0.595344 0.366558 0.586842 0.361312 0.61292
0 0.191142 0.923491 0.192912 0.889887 0.172803 0.886538 0.171033 0.920142
0 0.224376 0.651519 0.226996 0.62697 0.204912 0.61952 0.202291 0.644069
0 0.804526 0.778377 0.814913 0.754417 0.79496 0.727079 0.784573 0.751039
0 0.154782 0.843176 0.164102 0.815695 0.153591 0.804428 0.144271 0.831909
0 0.419172 0.582285 0.422805 0.559527 0.403485 0.54978 0.399852 0.572538
0 0.457576 0.771118 0.468294 0.750374 0.459538 0.736076 0.44882 0.75682
0 0.584615 0.785716 0.586957 0.765377 0.576463 0.761558 0.574121 0.781898
0 0.544697 1.02557 0.579436 0.981132 0.561037 0.935676 0.526299 0.980114
0 0.560853 0.654177 0.564984 0.639353 0.554241 0.629893 0.550111 0.644717
0 0.573513 0.707106 0.574893 0.686344 0.561971 0.683628 0.56059 0.70439
0 0.163626 0.889195 0.161713 0.833003 0.117374 0.837773 0.119287 0.893966
0 0.317083 0.845871 0.325518 0.818423 0.313382 0.806635 0.304947 0.834084
0 0.239014 0.901397 0.245605 0.873528 0.235259 0.865796 0.228668 0.893665
0 0.100328 0.780431 0.113447 0.741937 0.100524 0.728018 0.0874054 0.766512
0 0.783872 0.804315 0.789465 0.777268 0.766553 0.762293 0.760959 0.78934
0 0.129583 1.00551 0.13174 0.968373 0.113595 0.965042 0.111438 1.00218
0 0.576945 0.9541 0.577623 0.925458 0.56293 0.92436 0.562252 0.953002
0 0.869151 0.696132 0.868968 0.673486 0.851754 0.673925 0.851936 0.696572
0 0.686264 0.877906 0.690193 0.857712 0.675985 0.848974 0.672056 0.869169
0 0.481965 0.728464 0.496799 0.704682 0.486884 0.685137 0.47205 0.708919
0 0.26018 0.504454 0.261547 0.484616 0.250099 0.482123 0.248733 0.501961
0 0.221416 0.840184 0.22963 0.814695 0.219682 0.804563 0.211468 0.830052
0 0.547919 0.826424 0.55024 0.798996 0.536338 0.795279 0.534017 0.822707
0 0.53953 0.912231 0.555374 0.880274 0.541238 0.858123 0.525394 0.89008
0 0.596026 0.71038 0.600988 0.689154 0.587524 0.679207 0.582562 0.700433
0 0.441902 0.706393 0.442419 0.683384 0.428108 0.682368 0.427591 0.705376
0 0.236656 0.58557 0.239888 0.566674 0.222492 0.557271 0.21926 0.576167
0 0.472093 0.835676 0.471052 0.797366 0.455004 0.798745 0.456046 0.837054
0 0.262536 0.592612 0.264679 0.569361 0.25169 0.565577 0.249547 0.588828
0 0.16039 0.953573 0.17629 0.930552 0.168423 0.913379 0.152522 0.936401
0 0.704781 0.792862 0.710923 0.771901 0.696375 0.758429 0.690233 0.77939
0 0.422459 0.784039 0.41859 0.758399 0.396091 0.769128 0.399959 0.794768
0 0.570652 0.914824 0.57865 0.889988 0.567119 0.878253 0.559121 0.903089
0 0.458989 0.840599 0.455868 0.805047 0.428135 0.812739 0.431255 0.848292
0 0.540103 0.851943 0.546726 0.826254 0.536152 0.817639 0.529529 0.843327
0 0.16995 0.883571 0.179339 0.85663 0.168445 0.84463 0.159056 0.871572
0 0.485348 0.648445 0.486958 0.630248 0.476316 0.627271 0.474705 0.645468
0 0.784356 0.594808 0.790607 0.578309 0.776145 0.560992 0.769894 0.577491
0 0.58831 0.970112 0.590355 0.94597 0.577025 0.942401 0.57498 0.966543
0 0.45893 0.748177 0.465875 0.730314 0.456907 0.719296 0.449962 0.737159
0 0.400014 0.65884 0.404704 0.632986 0.394275 0.627008 0.389586 0.652861
0 0.550601 0.805016 0.551269 0.783845 0.533716 0.782094 0.533048 0.803265
0 0.454993 0.819645 0.459712 0.785667 0.433997 0.77438 0.429278 0.808358
0 0.507936 0.837346 0.510074 0.816111 0.499352 0.812699 0.497214 0.833934
0 0.850864 0.636236 0.846566 0.589293 0.814636 0.598534 0.818934 0.645477
0 0.218345 0.906997 0.227095 0.887267 0.216024 0.871749 0.207274 0.891478
0 0.555549 0.907324 0.570272 0.879667 0.561334 0.864628 0.54661 0.892285
0 0.190866 0.871311 0.192579 0.848129 0.178137 0.844756 0.176423 0.867937
0 0.309945 0.943705 0.325961 0.920565 0.317385 0.901804 0.301368 0.924944
0 0.573816 0.677136 0.575887 0.660804 0.565272 0.65655 0.563201 0.672882
0 0.27303 0.782924 0.277879 0.714927 0.242305 0.706911 0.237456 0.774907
0 0.217838 0.727997 0.230636 0.707825 0.221631 0.689768 0.208833 0.709941
0 0.190327 0.835287 0.191736 0.814414 0.178161 0.811518 0.176752 0.832391
0 0.584593 0.925567 0.585755 0.90261 0.570577 0.900181 0.569415 0.923138
0 0.291832 0.494805 0.299853 0.459929 0.283224 0.447842 0.275203 0.482718
0 0.22467 0.57352 0.2278 0.554911 0.214249 0.547707 0.211119 0.566317
0 0.273124 0.538295 0.274488 0.521187 0.26267 0.51821 0.261307 0.535318
0 0.773903 0.65177 0.776076 0.623154 0.756746 0.618514 0.754572 0.64713
0 0.519897 0.787527 0.525112 0.737929 0.499951 0.729568 0.494737 0.779167
0 0.0293652 0.868728 0.0349372 0.844824 0.0165766 0.831298 0.0110046 0.855202
0 0.552775 0.570871 0.554695 0.54879 0.541291 0.545108 0.539371 0.567189
0 0.241225 0.447342 0.266982 0.42598 0.259742 0.398392 0.233986 0.419754
0 0.545326 0.745609 0.549585 0.718763 0.531093 0.709491 0.526834 0.736337
0 0.636121 0.919092 0.640126 0.897606 0.629221 0.891182 0.625216 0.912669
0 0.477864 0.678987 0.480499 0.654651 0.469478 0.650879 0.466843 0.675215
0 0.5606 0.750258 0.566101 0.727168 0.554089 0.718124 0.548589 0.741215
0 0.356012 0.780942 0.37353 0.6945 0.317124 0.658371 0.299605 0.744812
0 0.599228 1.00861 0.603717 0.984028 0.59197 0.977248 0.587482 1.00183
0 0.559464 0.955328 0.562849 0.901415 0.530742 0.895043 0.527356 0.948956
0 0.427767 0.509501 0.430281 0.488551 0.412668 0.481871 0.410154 0.502821
0 0.214573 0.877019 0.216184 0.855811 0.20108 0.852185 0.199469 0.873392
0 0.697788 0.748771 0.699918 0.728133 0.688691 0.724471 0.686561 0.745109
0 0.268044 0.640437 0.27804 0.624955 0.263552 0.595388 0.253555 0.61087
0 0.106788 0.860098 0.126349 0.828712 0.113708 0.803812 0.0941465 0.835198
0 0.598502 0.794385 0.602648 0.774429 0.592333 0.767657 0.588187 0.787612
0 0.230758 0.792798 0.245025 0.768923 0.236837 0.753458 0.222569 0.777334
0 0.52204 0.863928 0.530014 0.839958 0.519609 0.82902 0.511636 0.85299
0 0.202855 0.930609 0.209308 0.899449 0.195816 0.890619 0.189363 0.921778
0 0.420811 0.724169 0.420277 0.68153 0.392396 0.682634 0.39293 0.725273
0 0.4087 0.861191 0.411091 0.809819 0.382481 0.805611 0.38009 0.856982
0 0.415076 0.748397 0.415454 0.713387 0.392419 0.712601 0.392041 0.747611
0 0.20819 0.89686 0.210249 0.868781 0.197311 0.865782 0.195252 0.893861
0 0.292771 0.843784 0.293656 0.814094 0.273366 0.812183 0.272481 0.841873
0 0.532362 0.841157 0.536317 0.814256 0.523768 0.808426 0.519813 0.835327
0 0.450921 0.677434 0.45334 0.656818 0.442557 0.65282 0.440139 0.673436
0 0.384436 0.836332 0.390335 0.800041 0.369493 0.789333 0.363594 0.825623
0 0.18879 0.821907 0.194259 0.795696 0.17838 0.785222 0.17291 0.811433
0 0.0874615 0.8517 0.0997811 0.833845 0.0831462 0.797571 0.0708266 0.815426
0 0.58567 0.883822 0.591982 0.859956 0.581301 0.851028 0.574989 0.874895
0 0.495056 0.807302 0.496853 0.786975 0.484581 0.783546 0.482784 0.803872
0 0.0597046 0.815157 0.0625803 0.766499 0.0294741 0.760315 0.0265983 0.808973
0 0.222481 0.698499 0.223799 0.681342 0.210567 0.678128 0.209248 0.695285
0 0.463262 0.640503 0.467929 0.614327 0.457488 0.608442 0.45282 0.634619
0 0.293482 0.860823 0.294014 0.840242 0.277405 0.838884 0.276872 0.859465
0 0.198533 0.900597 0.202908 0.870759 0.188393 0.864031 0.184017 0.89387
0 0.441745 0.520611 0.44248 0.501931 0.427471 0.500065 0.426736 0.518744
0 0.398927 0.555359 0.405006 0.532678 0.390245 0.520172 0.384165 0.542853
0 0.53352 0.675808 0.535155 0.65772 0.526001 0.655106 0.524367 0.673194
0 0.378413 0.900053 0.382317 0.878428 0.366582 0.86945 0.362678 0.891075
0 0.271869 0.665532 0.280999 0.643656 0.270147 0.629341 0.261016 0.651217
0 0.230262 0.843381 0.237764 0.817677 0.228456 0.809091 0.220954 0.834795
0 0.229721 0.881904 0.242046 0.848032 0.230919 0.835235 0.218594 0.869107
0 0.529492 0.633948 0.530241 0.611693 0.517225 0.61031 0.516477 0.632565
0 0.358266 0.877033 0.370824 0.833464 0.349708 0.814228 0.33715 0.857798
0 0.46983 0.774701 0.476305 0.752786 0.467575 0.744633 0.461099 0.766547
0 0.387921 0.629027 0.390144 0.60871 0.378907 0.604823 0.376684 0.625141
0 0.491373 0.624924 0.494476 0.606079 0.482749 0.599977 0.479647 0.618822
0 0.391384 0.798165 0.399253 0.762986 0.384153 0.752312 0.376285 0.787491
0 0.437714 0.722324 0.438641 0.704494 0.427078 0.702595 0.426152 0.720425
0 0.547734 0.609695 0.551006 0.592662 0.542038 0.587217 0.538766 0.60425
0 0.507606 0.819366 0.509649 0.795858 0.496007 0.792111 0.493964 0.815619
0 0.0456645 0.922886 0.0619717 0.894931 0.053101 0.878577 0.0367939 0.906533
0 0.539664 0.718863 0.552533 0.687245 0.537977 0.668521 0.525108 0.700139
0 0.2815 0.919903 0.291964 0.897408 0.282749 0.883862 0.272286 0.906357
0 0.292269 0.795735 0.295358 0.774864 0.27825 0.766863 0.275162 0.787734
0 0.00247573 0.928771 0.0431724 0.900031 0.03339 0.85625 -0.00730675 0.88499
0 0.53429 0.996415 0.53838 0.964937 0.524746 0.959337 0.520655 0.990815
0 0.684244 0.895542 0.68712 0.87647 0.67172 0.86913 0.668843 0.888202
0 0.08183 0.863102 0.084218 0.825817 0.0560241 0.820109 0.0536361 0.857395
0 0.354448 0.635657 0.357138 0.615264 0.341084 0.60857 0.338394 0.628962
0 0.345087 0.880669 0.348333 0.858536 0.33795 0.853723 0.334703 0.875855
0 0.019229 0.984892 0.031366 0.955067 0.0182818 0.938239 0.00614478 0.968064
0 0.0897544 0.713589 0.0994017 0.679628 0.0729029 0.655837 0.0632556 0.689798
0 0.514366 0.72043 0.514525 0.697308 0.498586 0.69696 0.498427 0.720082
0 0.562154 0.728093 0.565959 0.702968 0.546506 0.693659 0.542702 0.718783
0 0.225101 0.991761 0.232384 0.960745 0.219308 0.95104 0.212025 0.982056
0 0.221884 0.506829 0.223484 0.478311 0.208599 0.475671 0.206999 0.504188
0 0.459474 0.794789 0.461248 0.774503 0.44893 0.771098 0.447156 0.791384
0 0.1525 0.809611 0.155392 0.788487 0.140674 0.782119 0.137782 0.803243
0 0.584202 0.993658 0.586103 0.962434 0.568098 0.958971 0.566198 0.990195
0 0.244479 0.664046 0.250803 0.637861 0.240614 0.630084 0.23429 0.656269
0 0.811294 0.633729 0.815305 0.602926 0.796904 0.595352 0.792893 0.626155
0 0.385526 0.769702 0.393915 0.737231 0.381325 0.726952 0.372937 0.759423
0 0.119913 0.739834 0.121153 0.712248 0.10811 0.710395 0.10687 0.737981
0 0.115183 1.00247 0.114774 0.968903 0.0970951 0.969584 0.097504 1.00315
0 0.23012 0.680205 0.2321 0.656817 0.218433 0.653162 0.216454 0.676549
0 0.570648 0.560228 0.572557 0.536691 0.558851 0.533178 0.556942 0.556715
0 0.575962 0.651417 0.577523 0.633841 0.567064 0.630904 0.565503 0.648481
0 0.361343 0.617394 0.368538 0.589428 0.356673 0.57978 0.349477 0.607746
0 0.36907 0.866944 0.376853 0.840111 0.366336 0.830469 0.358552 0.857302
0 0.523682 0.702086 0.523912 0.684658 0.51219 0.684169 0.51196 0.701597
0 0.389475 0.669846 0.393664 0.650944 0.382541 0.643152 0.378351 0.662054
0 0.274921 0.995875 0.279083 0.97296 0.267446 0.96628 0.263284 0.989195
0 0.210947 0.825468 0.218474 0.79692 0.205383 0.786011 0.197856 0.814559
0 0.212355 0.860216 0.218159 0.837915 0.208002 0.829561 0.202198 0.851862
0 0.167833 0.846976 0.173548 0.822492 0.162679 0.814475 0.156965 0.838959
0 0.23453 0.641265 0.240574 0.609019 0.216963 0.595034 0.210919 0.62728
0 0.0847712 0.776477 0.0998571 0.742415 0.0878182 0.725563 0.0727324 0.759625
0 0.446744 0.767273 0.451061 0.748667 0.441042 0.741319 0.436725 0.759926
0 0.510705 0.670612 0.513131 0.64827 0.501125 0.644151 0.498699 0.666492
0 0.220761 0.474177 0.223055 0.456178 0.210267 0.451026 0.207973 0.469025
0 0.439416 0.676151 0.440695 0.65691 0.429446 0.654547 0.428167 0.673788
0 0.165138 0.907506 0.169766 0.880111 0.1563 0.872921 0.151672 0.900316
0 0.261324 0.861678 0.264211 0.843004 0.253837 0.837935 0.25095 0.856609
0 0.309493 0.643852 0.310965 0.618151 0.296539 0.61554 0.295067 0.641241
0 0.645267 0.947104 0.649039 0.922409 0.635479 0.915863 0.631707 0.940558
0 0.127631 0.737091 0.14221 0.7165 0.135039 0.700454 0.120461 0.721045
0 0.592378 0.806677 0.594888 0.787076 0.584169 0.782738 0.581659 0.802339
0 0.572309 0.776378 0.573394 0.753867 0.560076 0.751839 0.558991 0.77435
0 0.558829 0.773171 0.561059 0.751947 0.551934 0.748917 0.549704 0.77014
0 0.0424367 0.761215 0.0428777 0.737965 0.0252983 0.736911 0.0248573 0.760161
0 0.513743 0.693403 0.514534 0.67548 0.503193 0.673896 0.502401 0.691819
0 0.770971 0.594414 0.77746 0.580549 0.762283 0.558097 0.755793 0.571962
0 0.525623 0.744562 0.529993 0.72605 0.51432 0.714357 0.50995 0.732868
0 0.519349 0.835813 0.52277 0.815317 0.513921 0.810649 0.510501 0.831145
0 0.429245 0.93902 0.440481 0.91445 0.430923 0.900636 0.419687 0.925207
0 0.167197 0.842041 0.17592 0.817978 0.165132 0.805617 0.156408 0.82968
0 0.260547 0.525622 0.261914 0.505324 0.24617 0.501975 0.244804 0.522273
0 0.47117 0.60613 0.475097 0.58546 0.464975 0.579382 0.461048 0.600053
0 0.80734 0.715945 0.799735 0.672513 0.761539 0.69365 0.769144 0.737082
0 0.585875 0.946664 0.589139 0.925295 0.578025 0.919929 0.574761 0.941299
0 0.371042 0.70266 0.373365 0.657094 0.33753 0.65132 0.335207 0.696886
0 0.677963 0.898612 0.68086 0.879879 0.666432 0.872827 0.663535 0.89156
0 0.112304 0.790026 0.123383 0.758634 0.111379 0.745244 0.1003 0.776636
0 0.517953 0.763414 0.521048 0.728156 0.50013 0.722352 0.497034 0.757609
0 0.571864 0.605092 0.573033 0.586376 0.563992 0.584591 0.562822 0.603306
0 0.835565 0.727964 0.843808 0.704173 0.827175 0.685958 0.818931 0.709749
0 0.264046 0.706876 0.266488 0.684789 0.255 0.680776 0.252558 0.702862
0 0.184352 0.941977 0.186803 0.915137 0.17337 0.911259 0.170919 0.938099
0 0.416643 0.600621 0.41812 0.576857 0.398247 0.572954 0.39677 0.596717
0 0.533389 0.652274 0.534911 0.634756 0.525285 0.632114 0.523764 0.649631
0 0.564383 0.621032 0.569416 0.607547 0.560829 0.597418 0.555796 0.610903
0 0.236807 0.813452 0.249032 0.785113 0.239025 0.771471 0.226801 0.79981
0 0.202474 0.992827 0.224279 0.955796 0.210153 0.929507 0.188348 0.966539
0 0.480294 0.75405 0.485166 0.731445 0.469326 0.720654 0.464453 0.74326
0 0.083572 0.915311 0.123756 0.882295 0.111195 0.833974 0.0710104 0.86699
0 0.188449 0.971655 0.192776 0.945944 0.180673 0.939507 0.176347 0.965219
0 0.308573 0.865609 0.31243 0.84384 0.302569 0.838318 0.298712 0.860087
0 0.4639 0.585626 0.469853 0.568096 0.461509 0.559142 0.455557 0.576671
0 0.769389 0.567886 0.771633 0.547445 0.758914 0.543033 0.75667 0.563473
0 0.585758 0.593719 0.58702 0.57593 0.575682 0.573388 0.57442 0.591177
0 0.447271 0.741257 0.451613 0.725601 0.441498 0.716735 0.437156 0.732391
0 0.116003 0.947479 0.119616 0.921989 0.103365 0.91471 0.0997526 0.9402
0 0.277523 0.582124 0.278514 0.563375 0.267515 0.561538 0.266524 0.580287
0 0.108233 0.826604 0.10604 0.782477 0.0868288 0.785494 0.0890215 0.829621
0 0.0124432 0.842791 0.0142558 0.815647 -0.00096075 0.812436 -0.00277328 0.83958
0 0.363376 0.660976 0.369223 0.636375 0.352359 0.623707 0.346512 0.648308
0 0.622245 0.677453 0.630191 0.648748 0.616181 0.636491 0.608235 0.665196
0 0.13948 1.00174 0.17417 0.963687 0.164222 0.93502 0.129531 0.97307
0 0.511103 0.85387 0.51804 0.831852 0.508263 0.822115 0.501325 0.844133
0 0.370823 0.882159 0.374396 0.860448 0.362661 0.854343 0.359087 0.876054
0 0.449932 0.548834 0.452153 0.52153 0.42955 0.51572 0.427329 0.543024
0 0.53224 0.766554 0.533718 0.74785 0.523552 0.74531 0.522074 0.764015
0 0.0818864 0.845455 0.0849511 0.820858 0.0629904 0.81221 0.0599256 0.836806
0 0.393273 0.635055 0.398453 0.615375 0.389582 0.607995 0.384402 0.627675
0 0.174604 0.905434 0.185505 0.869767 0.174035 0.858687 0.163134 0.894354
0 0.819823 0.686087 0.831574 0.666031 0.81546 0.636193 0.80371 0.656248
0 0.651386 1.00716 0.654169 0.978248 0.637683 0.973234 0.6349 1.00215
0 0.335171 0.813229 0.339531 0.792396 0.32998 0.786078 0.325619 0.806911
0 0.221028 0.545133 0.222783 0.527245 0.212197 0.523964 0.210443 0.541852
0 0.988007 1.05405 1.01402 0.885047 0.842215 0.801465 0.816201 0.970468
0 0.49294 0.665362 0.495536 0.647844 0.485782 0.643276 0.483186 0.660794
0 0.485344 0.769296 0.486344 0.750246 0.474377 0.748261 0.473377 0.767311
0 0.199913 0.767343 0.200116 0.733978 0.17953 0.733584 0.179328 0.766949
0 0.590181 0.761992 0.591585 0.742714 0.578438 0.739688 0.577034 0.758966
0 0.218267 0.885642 0.221199 0.861337 0.207931 0.856279 0.204999 0.880583
0 0.119791 0.800138 0.128532 0.778569 0.119191 0.766604 0.11045 0.788174
0 0.565397 0.800665 0.568732 0.782184 0.557812 0.775955 0.554477 0.794436
0 0.823247 0.803261 0.827958 0.78072 0.8082 0.767671 0.803489 0.790213
0 0.702296 0.861375 0.703376 0.837697 0.69125 0.835948 0.690169 0.859626
0 0.792505 0.651847 0.795568 0.623801 0.772933 0.615987 0.769869 0.644033
0 0.658564 0.854092 0.660573 0.828717 0.64803 0.825579 0.646022 0.850954
0 0.316562 0.915502 0.327191 0.890995 0.317158 0.877244 0.30653 0.901751
0 0.275295 0.807177 0.27841 0.786213 0.266638 0.780685 0.263524 0.801649
0 0.237402 0.52049 0.23936 0.503362 0.227966 0.499245 0.226007 0.516373
0 0.424857 0.471842 0.425254 0.454475 0.414754 0.453715 0.414356 0.471081
0 0.413819 0.848662 0.425686 0.833721 0.411743 0.798721 0.399876 0.813662
0 0.0797801 0.764071 0.0823655 0.722238 0.0588328 0.717642 0.0562475 0.759475
0 0.50404 0.8769 0.509622 0.843267 0.494579 0.835377 0.488997 0.869009
0 0.445591 0.453265 0.447108 0.435636 0.437283 0.432966 0.435767 0.450594
0 0.389127 0.858234 0.393948 0.823845 0.378039 0.816796 0.373217 0.851185
0 0.383822 0.489967 0.386189 0.462012 0.371404 0.458054 0.369037 0.48601
0 0.411474 0.889259 0.416695 0.859104 0.401533 0.850806 0.396311 0.880962
0 0.137101 0.925735 0.150052 0.895287 0.137825 0.878851 0.124875 0.909299
0 0.593203 0.992432 0.59763 0.964558 0.586547 0.958995 0.58212 0.986869
0 0.334538 0.860234 0.336859 0.833618 0.322514 0.829666 0.320194 0.856282
0 0.582738 0.864396 0.588976 0.819726 0.572287 0.812359 0.566048 0.857029
0 0.386561 0.890269 0.398805 0.863562 0.388737 0.848974 0.376493 0.875681
0 0.617783 0.926434 0.628333 0.913543 0.616324 0.882482 0.605774 0.895373
0 0.561019 0.700625 0.563886 0.683444 0.553082 0.677744 0.550214 0.694925
0 0.159109 0.760541 0.175094 0.7412 0.168105 0.722944 0.152121 0.742285
0 0.253658 0.644117 0.260951 0.61577 0.251362 0.607974 0.244069 0.636321
0 0.343458 0.833038 0.349595 0.79987 0.33882 0.793569 0.332683 0.826737
0 0.56863 0.933573 0.571932 0.910173 0.557112 0.903564 0.55381 0.926963
0 0.465077 0.978312 0.474172 0.943823 0.458998 0.931177 0.449903 0.965666
0 0.760678 0.799616 0.765792 0.776914 0.752975 0.767788 0.747861 0.790491
0 0.527382 0.593149 0.527749 0.574718 0.517155 0.574051 0.516787 0.592482
0 0.20737 0.515379 0.20623 0.492537 0.191117 0.494923 0.192257 0.517765
0 0.00605978 0.890498 0.0220269 0.868177 0.0137767 0.849525 -0.00219049 0.871845
0 0.548842 0.660449 0.553179 0.643844 0.542485 0.635017 0.538148 0.651622
0 0.526781 0.792437 0.529511 0.772569 0.518571 0.767819 0.515842 0.787687
0 0.603979 0.933979 0.608709 0.911306 0.593061 0.900989 0.588331 0.923661
0 0.611969 0.83362 0.613969 0.814778 0.60301 0.811102 0.60101 0.829944
0 0.547249 0.638963 0.549626 0.622182 0.539639 0.617711 0.537262 0.634492
0 0.57804 0.81122 0.579657 0.790907 0.567744 0.787909 0.566126 0.808222
0 0.690958 0.852982 0.692097 0.831884 0.679427 0.829722 0.678288 0.850819
0 0.35259 0.67969 0.359431 0.643279 0.339656 0.631535 0.332814 0.667946
0 0.232143 0.561623 0.235814 0.545529 0.224339 0.537259 0.220669 0.553352
0 0.573176 0.629334 0.574914 0.614402 0.565874 0.611077 0.564136 0.626009
0 0.272578 0.470662 0.274687 0.450582 0.262103 0.446404 0.259993 0.466484
0 0.360807 0.81472 0.370176 0.779419 0.349332 0.761935 0.339963 0.797236
0 0.424101 0.700269 0.426381 0.685856 0.412594 0.678961 0.410313 0.693373
0 0.239091 0.635047 0.245368 0.57594 0.198991 0.560375 0.192714 0.619482
0 0.558967 0.609616 0.561682 0.594824 0.552432 0.589459 0.549717 0.60425
0 0.614 0.949593 0.617832 0.925633 0.606625 0.919968 0.602793 0.943928
0 0.461435 0.548734 0.465143 0.526699 0.455469 0.521555 0.451761 0.54359
0 0.10648 0.689904 0.117318 0.66157 0.107692 0.649933 0.0968538 0.678267
0 0.28005 0.831927 0.281568 0.80398 0.265992 0.801306 0.264473 0.829253
0 0.480297 0.64514 0.480667 0.627128 0.469834 0.626425 0.469464 0.644437
0 0.72107 0.704816 0.726119 0.682023 0.714432 0.67384 0.709383 0.696633
0 0.166131 0.308464 0.168532 0.266904 0.147301 0.263027 0.1449 0.304587
0 0.523025 0.718492 0.524883 0.69934 0.514613 0.696192 0.512755 0.715344
0 0.2249 0.808064 0.226853 0.788805 0.212662 0.784256 0.210709 0.803515
0 0.669419 0.928087 0.675536 0.891483 0.658831 0.882659 0.652714 0.919263
0 0.594325 0.944023 0.598151 0.92499 0.585407 0.916893 0.581581 0.935927
0 0.0807819 0.563864 0.0771705 0.532729 0.0572605 0.540027 0.0608719 0.571163
0 0.469521 0.569518 0.477424 0.545779 0.468244 0.536118 0.46034 0.559857
0 0.512494 0.802121 0.51582 0.776617 0.503237 0.771429 0.49991 0.796934
0 0.511986 0.626599 0.512874 0.611466 0.503269 0.609685 0.502382 0.624818
0 0.37567 0.590239 0.377706 0.572883 0.368169 0.569348 0.366133 0.586703
0 0.195259 0.991329 0.211299 0.954099 0.199692 0.938294 0.183652 0.975524
0 0.470984 0.5243 0.475416 0.50482 0.466569 0.498458 0.462137 0.517938
0 0.333439 0.839081 0.337553 0.817941 0.325003 0.810223 0.32089 0.831363
0 0.0670182 0.91499 0.0777929 0.886867 0.0676391 0.874572 0.0568643 0.902695
0 0.113637 0.713431 0.12254 0.693805 0.11345 0.680773 0.104548 0.7004
0 0.626531 0.973031 0.627855 0.950023 0.615398 0.947758 0.614074 0.970766
0 0.61223 0.974454 0.615985 0.949937 0.605129 0.944683 0.601375 0.9692
0 0.184789 0.791543 0.184789 0.768391 0.169429 0.768391 0.169429 0.791543
0 0.249726 0.854571 0.251726 0.837447 0.241989 0.833854 0.23999 0.850978
0 0.52314 0.608897 0.523994 0.594296 0.515063 0.592645 0.51421 0.607246
0 0.787876 0.628943 0.79634 0.612766 0.781899 0.588889 0.773436 0.605067
0 0.650632 0.899019 0.652989 0.879001 0.642057 0.874934 0.639701 0.894952
0 0.322654 0.805976 0.325471 0.789691 0.314802 0.783858 0.311985 0.800143
0 0.436956 0.493796 0.439473 0.476079 0.426777 0.47038 0.424261 0.488096
0 0.512973 0.929006 0.518883 0.89968 0.503507 0.889887 0.497597 0.919212
0 0.531456 0.593186 0.532482 0.573695 0.520549 0.57171 0.519523 0.591201
0 0.424072 0.821031 0.43018 0.799213 0.418513 0.788891 0.412405 0.810708
0 0.295571 0.541111 0.296917 0.521362 0.285794 0.518965 0.284447 0.538714
0 0.0453042 0.866265 0.060348 0.829531 0.047434 0.812816 0.0323902 0.84955
0 0.245823 0.838679 0.249909 0.816191 0.239663 0.810309 0.235578 0.832796
0 0.721414 0.650085 0.723232 0.627482 0.709829 0.624076 0.708012 0.646679
0 0.0897912 0.72808 0.100639 0.70544 0.0926671 0.693368 0.0818193 0.716007
0 0.416863 0.768091 0.417402 0.740152 0.399279 0.739046 0.39874 0.766985
0 0.252354 0.403604 0.266192 0.380591 0.257505 0.364082 0.243667 0.387095
0 0.145495 0.751853 0.152363 0.729546 0.142445 0.719894 0.135576 0.742201
0 0.225357 0.775447 0.227203 0.754871 0.213224 0.750907 0.211378 0.771483
0 0.721611 0.822326 0.723331 0.796351 0.709053 0.793363 0.707333 0.819338
0 0.237325 0.763134 0.240506 0.742801 0.228443 0.736836 0.225262 0.757169
0 0.710547 0.749219 0.711952 0.732144 0.701281 0.729367 0.699876 0.746443
0 0.334711 0.880254 0.33715 0.856886 0.325519 0.853049 0.32308 0.876417
0 0.507169 1.00247 0.506631 0.948353 0.475441 0.949334 0.475979 1.00345
0 0.508755 0.733247 0.509883 0.706509 0.492015 0.704127 0.490887 0.730866
0 0.0693548 0.934657 0.0838727 0.908652 0.0749397 0.89289 0.0604217 0.918895
0 0.840052 0.661905 0.843558 0.637468 0.819702 0.62665 0.816196 0.651088
0 0.810889 0.590223 0.812732 0.56962 0.796349 0.564986 0.794505 0.585589
0 0.582477 0.618242 0.583728 0.59716 0.570764 0.594728 0.569513 0.61581
0 0.220788 0.786572 0.222213 0.770464 0.210998 0.767327 0.209573 0.783435
0 0.0598146 0.846127 0.0611164 0.81809 0.0417977 0.815256 0.0404959 0.843292
0 0.465215 0.630728 0.469205 0.610405 0.459719 0.604518 0.455728 0.624841
0 0.266441 0.578611 0.267217 0.560289 0.256647 0.558874 0.255871 0.577196
0 0.582415 0.815324 0.584029 0.793966 0.570315 0.790691 0.568701 0.812048
0 0.569207 0.524474 0.570786 0.506285 0.561196 0.503653 0.559617 0.521843
0 0.448072 0.480886 0.450503 0.46349 0.441216 0.459387 0.438784 0.476783
0 0.678648 0.666771 0.685415 0.623317 0.667311 0.614406 0.660544 0.65786
0 0.276227 0.71824 0.278188 0.69689 0.266473 0.693488 0.264511 0.714839
0 0.227257 0.740736 0.242039 0.713433 0.233363 0.698587 0.218581 0.725891
0 0.435762 0.57709 0.442331 0.561125 0.433163 0.549203 0.426594 0.565167
0 0.471703 1.00065 0.472981 0.973516 0.456659 0.971085 0.45538 0.998219
0 0.218305 0.804693 0.220344 0.785795 0.20736 0.781367 0.205321 0.800265
0 0.139706 0.788094 0.142169 0.764972 0.131119 0.761252 0.128656 0.784374
0 0.377649 0.78688 0.38269 0.763423 0.366212 0.752232 0.361171 0.775689
0 0.485972 0.54531 0.488017 0.524384 0.475266 0.520446 0.473221 0.541372
0 0.786894 0.775384 0.7918 0.751646 0.780258 0.744106 0.775351 0.767844
0 0.503121 0.696473 0.504024 0.678024 0.492712 0.676274 0.491809 0.694723
0 0.839952 0.610367 0.847128 0.581273 0.818595 0.559029 0.811418 0.588124
0 0.213292 0.849858 0.221663 0.831141 0.213757 0.819965 0.205386 0.838682
0 0.468722 0.504633 0.471835 0.486753 0.463701 0.482276 0.460588 0.500156
0 0.661525 0.880917 0.663959 0.861208 0.653494 0.857122 0.651059 0.876832
0 0.563312 0.664654 0.567319 0.652579 0.557688 0.642477 0.55368 0.654552
0 0.585105 0.626147 0.587655 0.60609 0.574162 0.600671 0.571613 0.620727
0 0.472138 0.85863 0.472689 0.836968 0.461464 0.836066 0.460913 0.857727
0 0.288261 0.892301 0.293609 0.87427 0.284881 0.866088 0.279533 0.88412
0 0.520829 0.661467 0.522948 0.642874 0.513106 0.639328 0.510986 0.657921
0 0.275552 0.880859 0.278123 0.861645 0.267107 0.856985 0.264536 0.876199
0 0.522149 1.00149 0.52352 0.962522 0.507118 0.960697 0.505747 0.999665
0 0.00591603 0.870746 0.0133867 0.8439 0.00168713 0.83361 -0.00578351 0.860456
0 0.437084 0.74272 0.439054 0.724366 0.427861 0.72057 0.425892 0.738925
0 0.817209 0.749888 0.820275 0.716914 0.801686 0.711451 0.798621 0.744425
0 0.264036 0.489312 0.268743 0.4722 0.259659 0.464303 0.254952 0.481415
0 0.528735 0.639409 0.529212 0.619679 0.517385 0.618775 0.516907 0.638505
0 0.164452 0.864565 0.164546 0.833193 0.129627 0.832863 0.129533 0.864235
0 0.495629 0.672832 0.497253 0.652685 0.487786 0.650273 0.486162 0.670421
0 0.434976 0.476022 0.43701 0.460705 0.426909 0.456464 0.424875 0.471782
0 0.860039 0.715551 0.86325 0.696435 0.848524 0.688617 0.845313 0.707732
0 0.701423 0.790204 0.705362 0.767788 0.690442 0.759503 0.686504 0.781919
0 0.761931 0.828898 0.765283 0.807535 0.749567 0.799742 0.746216 0.821105
0 0.693502 0.79869 0.696285 0.777575 0.685071 0.772903 0.682288 0.794019
0 0.541693 0.622334 0.543776 0.606966 0.534731 0.603091 0.532648 0.618458
0 0.62805 0.997217 0.629084 0.963719 0.612884 0.962139 0.61185 0.995636
0 0.049361 0.814372 0.0519757 0.781355 0.029172 0.775648 0.0265574 0.808665
0 0.0716552 0.891766 0.0819649 0.86605 0.0719903 0.853412 0.0616806 0.879128
0 0.29021 0.809467 0.292529 0.787196 0.278192 0.782478 0.275873 0.804749
0 0.00557773 0.992248 0.0150899 0.958321 0.00330675 0.94788 -0.00620543 0.981807
0 0.463429 0.85258 0.466557 0.834098 0.453132 0.826916 0.450004 0.845398
0 0.864363 0.758703 0.868276 0.737122 0.852878 0.728296 0.848964 0.749877
0 0.49547 0.626587 0.496116 0.608548 0.486024 0.607405 0.485377 0.625443
0 0.481059 0.676084 0.484325 0.651412 0.472435 0.646438 0.46917 0.67111
0 0.64553 0.524078 0.651915 0.507261 0.638682 0.491382 0.632297 0.508199
0 0.259023 0.836393 0.260358 0.819935 0.249951 0.817265 0.248615 0.833724
0 0.557731 0.816577 0.559174 0.796202 0.549909 0.794127 0.548466 0.814502
0 0.445617 0.496972 0.448341 0.477737 0.440518 0.474237 0.437794 0.493472
0 0.685332 0.8243 0.687155 0.797536 0.670459 0.793941 0.668636 0.820706
0 0.459058 0.611289 0.462696 0.595534 0.454448 0.589514 0.45081 0.605268
0 0.816193 0.659478 0.822595 0.639723 0.806646 0.62339 0.800245 0.643146
0 0.386422 0.681843 0.387229 0.663468 0.373662 0.661586 0.372856 0.679961
0 0.48139 0.576105 0.485897 0.554435 0.476856 0.548492 0.472349 0.570163
0 0.690533 0.775974 0.692948 0.755024 0.678522 0.74977 0.676108 0.770719
0 0.0111246 0.78968 0.014276 0.765217 0.000392687 0.759565 -0.00275871 0.784028
0 0.409718 0.631376 0.411947 0.616648 0.402262 0.612017 0.400033 0.626745
0 0.26386 1.00642 0.265613 0.980927 0.249076 0.977333 0.247323 1.00282
0 0.450824 0.654849 0.452828 0.63694 0.442623 0.633333 0.44062 0.651241
0 0.273327 0.682995 0.27897 0.660809 0.26862 0.652489 0.262977 0.674675
0 0.484008 0.595784 0.488152 0.577454 0.479942 0.571588 0.475798 0.589918
0 0.747395 0.685533 0.747634 0.660753 0.730193 0.660222 0.729954 0.685002
0 0.719714 0.838191 0.725611 0.815931 0.714897 0.806961 0.709 0.829221
0 0.295199 0.878635 0.297454 0.859804 0.28689 0.855806 0.284635 0.874636
0 0.674331 0.754985 0.682082 0.740242 0.668225 0.717217 0.660474 0.731961
0 0.676357 0.564336 0.678592 0.547563 0.667171 0.542752 0.664936 0.559525
0 0.598967 0.851243 0.600582 0.829955 0.58833 0.827018 0.586715 0.848306
0 0.120622 0.728623 0.132637 0.702732 0.122248 0.687494 0.110233 0.713385
0 0.676585 0.79233 0.679979 0.771282 0.666096 0.764207 0.662703 0.785255
0 0.122395 0.911592 0.125433 0.885328 0.111227 0.880135 0.108189 0.906398
0 0.547446 0.782761 0.548832 0.765327 0.538871 0.762822 0.537484 0.780256
0 0.238408 0.633167 0.246504 0.605656 0.224232 0.584941 0.216136 0.612452
0 0.576649 0.874133 0.580824 0.852641 0.569475 0.845673 0.5653 0.867165
0 0.296465 0.457772 0.301228 0.441487 0.293072 0.433948 0.288309 0.450233
0 0.233372 0.507212 0.235337 0.486685 0.223516 0.48311 0.221552 0.503638
0 0.103866 0.735053 0.110686 0.708949 0.101743 0.701565 0.0949235 0.72767
0 0.244266 0.947178 0.24719 0.92761 0.238245 0.923385 0.235321 0.942953
0 0.458081 0.949805 0.460469 0.912597 0.441419 0.908732 0.43903 0.945939
0 0.700287 0.84006 0.702492 0.820364 0.691984 0.816644 0.689778 0.83634
0 0.272157 0.571716 0.272863 0.553133 0.264378 0.552114 0.263672 0.570697
0 0.596236 0.73094 0.597875 0.710246 0.586926 0.707504 0.585287 0.728198
0 0.0100602 0.823421 0.020485 0.796629 0.00970305 0.78337 -0.000721683 0.810162
0 0.0420364 0.950952 0.05108 0.922945 0.0407114 0.912363 0.0316677 0.940371
0 0.59731 0.902413 0.60224 0.884344 0.588482 0.87248 0.583552 0.890549
0 0.0179979 0.770399 0.0313426 0.74102 0.0206899 0.725727 0.00734524 0.755106
0 0.379075 0.677354 0.381563 0.657448 0.367774 0.652002 0.365286 0.671907
0 0.0983438 0.684156 0.116121 0.646568 0.105542 0.630755 0.0877649 0.668343
0 0.290234 0.621901 0.294422 0.602248 0.283154 0.59466 0.278967 0.614313
0 0.321577 0.631845 0.323032 0.614589 0.313411 0.612024 0.311956 0.629281
0 0.537672 0.790944 0.539036 0.774459 0.527237 0.771375 0.525873 0.787859
0 0.394941 0.899724 0.403325 0.878407 0.394853 0.867875 0.386468 0.889192
0 0.300856 0.917779 0.30309 0.899746 0.292431 0.895573 0.290197 0.913606
0 0.253705 0.884517 0.258771 0.861618 0.24928 0.854981 0.244213 0.87788
0 0.0166877 0.764456 0.0350621 0.732304 0.0239016 0.712146 0.00552722 0.744298
0 0.305539 0.922587 0.31102 0.902582 0.30217 0.894918 0.296688 0.914924
0 0.0784675 0.929774 0.0931629 0.902274 0.084319 0.887338 0.0696236 0.914838
0 0.559802 0.876711 0.563037 0.854231 0.550645 0.848593 0.547409 0.871074
0 0.0742728 0.957962 0.0790522 0.931674 0.0611313 0.921377 0.056352 0.947664
0 0.432758 0.78888 0.435156 0.767144 0.422105 0.762593 0.419707 0.784329
0 0.205007 0.840905 0.214682 0.817485 0.204955 0.804786 0.19528 0.828205
0 0.59592 0.966079 0.59914 0.943245 0.588738 0.938609 0.585518 0.961443
0 0.153998 0.714003 0.160612 0.679036 0.132059 0.661969 0.125446 0.696936
0 0.23314 0.737153 0.235711 0.713666 0.222877 0.709226 0.220306 0.732713
0 0.133278 0.733587 0.136489 0.709885 0.122974 0.704097 0.119762 0.727799
0 0.63741 0.889414 0.640884 0.872208 0.631698 0.866346 0.628224 0.883552
0 0.0747531 0.897265 0.111983 0.870145 0.104377 0.837145 0.067147 0.864265
0 0.801856 0.566588 0.803177 0.55028 0.788037 0.546403 0.786715 0.562711
0 0.840779 0.58207 0.849195 0.565068 0.832752 0.539344 0.824336 0.556346
0 0.454815 0.572981 0.459895 0.555295 0.451992 0.548121 0.446912 0.565808
0 0.405086 0.809722 0.405836 0.786354 0.391614 0.78491 0.390864 0.808278
0 0.484024 0.803641 0.485686 0.782435 0.476153 0.780074 0.474492 0.80128
0 0.872324 0.610308 0.880407 0.566131 0.85038 0.548768 0.842298 0.592945
0 0.28525 0.523671 0.288916 0.505263 0.28005 0.499682 0.276384 0.518091
0 0.205174 0.743375 0.20413 0.706264 0.172617 0.709066 0.173662 0.746178
0 0.388701 0.605823 0.390255 0.58415 0.378337 0.581449 0.376783 0.603122
0 0.859756 0.645825 0.867148 0.620558 0.850712 0.605361 0.84332 0.630628
0 0.493699 0.920719 0.502201 0.882717 0.484308 0.870064 0.475805 0.908065
0 0.207304 0.744398 0.210848 0.715838 0.189341 0.707403 0.185797 0.735963
0 0.286745 0.540191 0.287679 0.525389 0.278889 0.523636 0.277955 0.538438
0 0.448129 0.782371 0.450037 0.763776 0.440537 0.760695 0.438629 0.77929
0 0.248788 0.817999 0.253765 0.791789 0.244544 0.786255 0.239567 0.812465
0 0.253168 0.698391 0.254538 0.676205 0.24244 0.673845 0.241071 0.696032
0 0.58758 0.655633 0.589298 0.638214 0.579113 0.63504 0.577396 0.65246
0 0.564829 0.531299 0.567363 0.516254 0.558801 0.511695 0.556266 0.526741
0 0.180833 0.993865 0.190596 0.970995 0.182163 0.959618 0.1724 0.982487
0 0.132385 0.963554 0.136481 0.93764 0.119357 0.929085 0.115261 0.955
0 0.536622 0.606106 0.538932 0.591653 0.528979 0.586626 0.526669 0.601079
0 0.31179 0.676258 0.322193 0.654036 0.313252 0.640808 0.302849 0.66303
0 0.161367 0.798846 0.165637 0.774913 0.143372 0.762358 0.139102 0.786291
0 0.275411 0.5239 0.278792 0.505757 0.268773 0.499856 0.265392 0.517999
0 0.60523 0.698013 0.610482 0.679857 0.599289 0.669623 0.594036 0.687779
0 0.283634 0.561068 0.284828 0.544523 0.275755 0.542454 0.274561 0.559
0 0.269811 0.50571 0.272002 0.486535 0.262888 0.483244 0.260697 0.502419
0 0.359669 0.884435 0.362818 0.861638 0.347977 0.855159 0.344828 0.877956
0 0.776736 0.674238 0.780331 0.653911 0.765858 0.645822 0.762263 0.66615
0 0.576877 1.00667 0.58595 0.968135 0.56681 0.953889 0.557736 0.992422
0 0.152705 0.911064 0.154812 0.879846 0.136984 0.876044 0.134878 0.907262
0 0.241755 0.844853 0.247262 0.824804 0.238488 0.817188 0.232981 0.837236
0 0.66686 0.543624 0.66913 0.524869 0.654509 0.519275 0.652239 0.538031
0 0.0958379 0.911069 0.107642 0.875455 0.0873484 0.854196 0.075544 0.889811
0 0.462568 0.664236 0.464807 0.644033 0.451933 0.639524 0.449694 0.659726
0 0.28259 0.876433 0.28467 0.85671 0.272732 0.852732 0.270653 0.872454
0 0.584191 0.82542 0.585802 0.801769 0.572528 0.798911 0.570917 0.822563
0 0.2603 0.415922 0.26761 0.395178 0.258747 0.385306 0.251436 0.40605
0 0.0331908 0.892429 0.0484185 0.867562 0.0368374 0.845148 0.0216097 0.870016
0 0.740087 0.840496 0.744783 0.820061 0.732969 0.811481 0.728274 0.831917
0 0.194878 0.820985 0.198407 0.796734 0.182368 0.789357 0.178839 0.813608
0 0.0471064 0.756328 0.0603578 0.728619 0.0499556 0.712897 0.0367041 0.740606
0 0.665108 1.03518 0.827721 0.881836 0.796568 0.777423 0.633955 0.930767
0 0.418083 0.681405 0.423111 0.666643 0.410528 0.653101 0.405501 0.667863
0 0.264515 0.892027 0.268517 0.873796 0.259859 0.86779 0.255858 0.886021
0 0.235355 0.681493 0.235934 0.661293 0.223317 0.660152 0.222738 0.680351
0 0.474304 0.630278 0.476942 0.61284 0.468422 0.608768 0.465785 0.626206
0 0.462074 0.538574 0.466534 0.518851 0.458258 0.512936 0.453798 0.532659
0 0.858109 0.802813 0.865133 0.772483 0.841737 0.755357 0.834712 0.785687
0 0.263751 0.986417 0.266381 0.966352 0.254715 0.961519 0.252085 0.981584
0 0.276893 0.611704 0.280397 0.595605 0.268992 0.58776 0.265488 0.603859
0 0.533394 0.572924 0.533713 0.550883 0.520242 0.550266 0.519923 0.572307
0 0.614303 1.00216 0.614185 0.978258 0.600389 0.978474 0.600507 1.00237
0 0.657827 0.516599 0.66124 0.501156 0.649044 0.492638 0.645631 0.508081
0 0.606096 0.815643 0.607889 0.792947 0.596152 0.790016 0.594359 0.812712
0 0.212394 0.991663 0.220628 0.962684 0.20741 0.950814 0.199176 0.979793
0 0.287284 0.990017 0.29193 0.968789 0.280957 0.961198 0.276311 0.982427
0 0.224376 0.458573 0.228996 0.436408 0.218155 0.429266 0.213535 0.45143
0 0.0738717 0.822053 0.0738542 0.795437 0.0549615 0.795476 0.054979 0.822092
0 0.579447 0.841868 0.581367 0.811963 0.56739 0.809127 0.56547 0.839032
0 0.233418 0.694946 0.235612 0.681596 0.225589 0.676389 0.223394 0.68974
0 0.593764 0.621639 0.596484 0.603185 0.5855 0.598068 0.58278 0.616522
0 0.41676 0.619435 0.419071 0.603348 0.408538 0.598566 0.406227 0.614653
0 0.713173 0.646076 0.710515 0.599191 0.678921 0.604852 0.681579 0.651737
0 0.289704 0.579538 0.291161 0.563215 0.281263 0.560421 0.279806 0.576744
0 0.460256 0.528456 0.464619 0.509187 0.455174 0.502428 0.450811 0.521697
0 0.697632 0.811622 0.701432 0.7919 0.692815 0.786652 0.689015 0.806375
0 0.31885 0.801273 0.320541 0.784021 0.308729 0.780362 0.307038 0.797614
0 0.322812 1.00745 0.331808 0.967878 0.317531 0.957619 0.308534 0.99719
0 0.918276 0.628524 0.919689 0.598814 0.900594 0.595942 0.89918 0.625653
0 0.393212 0.490554 0.395114 0.47245 0.386348 0.469538 0.384445 0.487643
0 0.0291723 0.989478 0.0449438 0.965474 0.0371199 0.949227 0.0213484 0.973232
0 0.306612 0.791787 0.310607 0.770796 0.300451 0.764687 0.296456 0.785678
0 0.607305 0.55251 0.613634 0.526369 0.600545 0.516355 0.594217 0.542496
0 0.537844 0.736885 0.54912 0.702016 0.531516 0.684025 0.52024 0.718894
0 0.782535 0.567639 0.784889 0.54778 0.773897 0.543661 0.771542 0.56352
0 0.753033 0.712695 0.753266 0.683022 0.729889 0.682442 0.729656 0.712114
0 0.259219 0.811654 0.26204 0.791792 0.252357 0.787445 0.249536 0.807308
0 0.866849 0.818325 0.871018 0.798838 0.853302 0.786858 0.849132 0.806345
