0 0.991694 0.96399 1.00473 0.84366 0.803415 0.77475 0.790382 0.89508
0 0.570596 0.864199 0.580579 0.838524 0.564283 0.8185 0.554301 0.844175
0 0.524498 0.918407 0.524711 0.878995 0.500658 0.878584 0.500445 0.917996
0 0.582652 0.809417 0.583455 0.784921 0.570359 0.783565 0.569556 0.80806
0 0.0413477 0.751653 0.0463017 0.733054 0.0272413 0.717008 0.0222874 0.735607
0 0.443897 0.933556 0.450927 0.866736 0.419941 0.856433 0.412911 0.923254
0 0.30311 1.01288 0.337515 0.98724 0.306447 0.855494 0.272042 0.881136
0 0.0347681 0.793288 0.0376308 0.752485 0.00935698 0.746216 0.00649429 0.787019
0 0.542542 0.77956 0.548755 0.74745 0.537137 0.740345 0.530923 0.772454
0 0.0373848 0.986721 0.0508985 0.952608 0.0386827 0.937314 0.025169 0.971427
0 0.0587928 0.616117 0.0611976 0.597415 0.0485608 0.592279 0.046156 0.610981
0 0.480116 0.545577 0.497217 0.473667 0.464903 0.44938 0.447802 0.52129
0 0.552813 0.82891 0.549797 0.791653 0.523077 0.798488 0.526092 0.835745
0 0.746991 0.724312 0.748578 0.691572 0.731921 0.68902 0.730334 0.72176
0 0.55409 0.880883 0.564887 0.858899 0.546552 0.830438 0.535755 0.852423
0 0.0685414 0.793038 0.0673809 0.765054 0.0495033 0.767397 0.0506638 0.795381
0 0.564415 0.772424 0.5702 0.746573 0.558579 0.738353 0.552794 0.764204
0 0.520675 0.866166 0.527104 0.842153 0.515528 0.832357 0.509098 0.85637
0 0.563686 0.723082 0.565372 0.701096 0.551799 0.697804 0.550112 0.71979
0 0.529315 0.808868 0.542377 0.770262 0.527318 0.754158 0.514256 0.792765
0 0.0263163 0.732463 0.0315295 0.705915 0.014475 0.695331 0.0092617 0.721879
0 0.570655 0.786525 0.57364 0.771253 0.561827 0.763955 0.558842 0.779227
0 0.0483876 0.680225 0.0486724 0.662152 0.036814 0.661561 0.0365292 0.679634
0 0.538137 0.631943 0.544339 0.568281 0.514027 0.558948 0.507825 0.62261
0 0.481748 0.846777 0.496462 0.827031 0.480543 0.789541 0.465829 0.809288
0 0.0346678 0.959689 0.0554463 0.934967 0.0465668 0.91138 0.0257884 0.936102
0 0.507262 0.873436 0.516133 0.838217 0.502024 0.826986 0.493154 0.862205
0 0.607693 0.797935 0.615012 0.777581 0.598715 0.75906 0.591396 0.779414
0 0.0407639 0.761873 0.0422704 0.743685 0.0259075 0.739402 0.0244011 0.757589
0 0.559342 0.799923 0.566641 0.782899 0.55191 0.762937 0.544611 0.779961
0 0.574946 0.828225 0.576623 0.80846 0.563904 0.805048 0.562226 0.824813
0 0.573333 0.882384 0.592498 0.865389 0.586838 0.845216 0.567673 0.862211
0 0.0234199 0.991573 0.034658 0.957542 0.0184484 0.940624 0.00721019 0.974655
0 0.00899827 0.666906 0.0157242 0.636089 0.00220007 0.62676 -0.00452588 0.657577
0 0.0633844 0.761005 0.0646823 0.739406 0.0524581 0.737084 0.0511602 0.758683
0 0.191123 0.543233 0.225426 0.504964 0.195731 0.420842 0.161428 0.459112
0 0.583179 0.673433 0.584847 0.646697 0.571943 0.644153 0.570275 0.670889
0 0.00889484 1.00244 0.0146965 0.976767 0.00261384 0.968136 -0.00318782 0.993806
0 0.559709 0.835741 0.562885 0.815214 0.550869 0.809338 0.547693 0.829864
0 0.543305 0.928109 0.553605 0.911022 0.541431 0.887825 0.53113 0.904912
0 0.546586 0.799438 0.548448 0.774629 0.534566 0.771337 0.532704 0.796146
0 0.525586 0.884876 0.526443 0.859524 0.508111 0.857566 0.507254 0.882918
0 0.516818 0.795834 0.522066 0.771763 0.512752 0.765345 0.507504 0.789415
0 0.527924 0.761444 0.528889 0.730584 0.514421 0.729155 0.513456 0.760014
0 0.0291597 1.01118 0.0451865 0.992407 0.0380196 0.973074 0.0219928 0.991851
0 0.592522 0.753661 0.593398 0.730342 0.582604 0.729061 0.581728 0.75238
0 0.236115 0.508308 0.252002 0.462491 0.218828 0.426136 0.202941 0.471953
0 0.0582756 0.982431 0.0780172 0.936746 0.0612296 0.913818 0.0414879 0.959503
0 0.186367 0.304407 0.215871 0.274118 0.184383 0.177179 0.15488 0.207467
0 0.186441 0.028026 0.187645 -0.00629467 0.164302 -0.00888082 0.163099 0.0254399
0 0.0367005 0.635243 0.0375153 0.611732 0.0185186 0.609651 0.0177038 0.633162
0 0.0466861 1.0078 0.0742175 0.979283 0.0659184 0.953956 0.038387 0.982469
0 0.344259 0.540621 0.344934 0.519925 0.331963 0.518589 0.331289 0.539285
0 0.473215 0.774302 0.481421 0.74383 0.469216 0.733442 0.46101 0.763914
0 0.637113 0.936326 0.640649 0.893731 0.617764 0.887725 0.614227 0.930321
0 0.577376 0.772038 0.580103 0.750971 0.568486 0.74622 0.56576 0.767286
0 0.0395181 0.709532 0.0451489 0.685818 0.0321191 0.67604 0.0264883 0.699755
0 0.0201557 1.00275 0.0327303 0.971653 0.0182739 0.95318 0.00569934 0.984281
0 0.601899 0.807806 0.603806 0.79174 0.592152 0.787369 0.590245 0.803435
0 0.457404 0.850549 0.471527 0.826239 0.460981 0.806875 0.446858 0.831185
0 0.54601 0.848298 0.545163 0.821461 0.528453 0.823129 0.529301 0.849966
0 0.733171 0.788045 0.737606 0.769103 0.723967 0.759012 0.719533 0.777955
0 0.464444 0.638681 0.466209 0.5815 0.440366 0.578979 0.438601 0.63616
0 0.507059 0.941393 0.514306 0.921657 0.498245 0.903019 0.490999 0.922755
0 0.52771 0.813244 0.534751 0.780821 0.521406 0.771662 0.514365 0.804086
0 0.0817349 0.597219 0.0870714 0.573139 0.0763725 0.565645 0.071036 0.589725
0 0.626874 0.958565 0.630164 0.933599 0.615606 0.927537 0.612316 0.952502
0 0.0662833 0.667363 0.070136 0.647757 0.0571233 0.639675 0.0532706 0.659281
0 0.584368 0.773148 0.586005 0.754234 0.572273 0.750476 0.570635 0.76939
0 0.229747 0.807885 0.281348 0.761745 0.245315 0.634381 0.193713 0.680521
0 0.571378 0.738385 0.573624 0.717601 0.563467 0.714132 0.561221 0.734916
0 0.258193 0.913841 0.287317 0.912425 0.284771 0.74695 0.255647 0.748366
0 0.564592 0.814974 0.567458 0.791173 0.554344 0.786182 0.551478 0.809983
0 0.58991 0.830586 0.591209 0.806413 0.578229 0.804208 0.57693 0.828381
0 0.0528419 0.736482 0.0634632 0.717149 0.0561638 0.704475 0.0455425 0.723808
0 0.0466907 0.613247 0.0474161 0.594711 0.035179 0.593198 0.0344536 0.611734
0 0.552446 0.658416 0.554499 0.636192 0.542259 0.632619 0.540206 0.654844
0 0.52017 0.83917 0.522528 0.817266 0.510597 0.813205 0.508238 0.835109
0 0.00824409 0.980245 0.0126233 0.945935 -0.000288732 0.940726 -0.00466795 0.975036
0 0.607494 0.739079 0.609603 0.71537 0.599273 0.712466 0.597164 0.736175
0 0.146567 0.698107 0.160738 0.612312 0.0849389 0.572744 0.0707682 0.658539
0 0.0692664 1.00944 0.08698 0.968255 0.0760296 0.953368 0.0583161 0.994548
0 0.739378 0.760383 0.745351 0.745279 0.734672 0.731932 0.728699 0.747035
0 0.0384335 0.726355 0.0421903 0.704359 0.0281486 0.696779 0.0243918 0.718776
0 0.0836063 0.704395 0.0844179 0.682113 0.0729139 0.680789 0.0721023 0.703071
0 0.524399 0.971022 0.529379 0.941711 0.513767 0.933328 0.508787 0.962639
