0 0.587886 0.59117 0.587311 0.540096 0.557818 0.541145 0.558393 0.59222
0 0.54564 0.982342 0.551366 0.874713 0.486386 0.863787 0.48066 0.971416
0 0.638109 1.00491 0.637214 0.916115 0.585952 0.917747 0.586847 1.00654
0 0.985781 1.07486 1.02248 0.863256 0.817854 0.7511 0.781156 0.962707
0 0.484725 0.926441 0.489299 0.893158 0.465842 0.882969 0.461268 0.916252
0 0.459787 0.881134 0.46225 0.831905 0.433861 0.827416 0.431398 0.876644
0 0.453791 0.932561 0.473322 0.88081 0.453455 0.857115 0.433925 0.908866
0 0.233185 0.770154 0.234338 0.746271 0.217849 0.743754 0.216695 0.767636
0 0.486559 0.77666 0.480474 0.73572 0.455369 0.747513 0.461454 0.788453
0 0.25502 0.952994 0.268775 0.818466 0.209529 0.79932 0.195773 0.933848
0 0.54618 0.901328 0.555778 0.856979 0.521964 0.833851 0.512366 0.8782
0 0.616804 0.888363 0.627873 0.855646 0.608259 0.834672 0.597189 0.86739
0 0.643447 0.920453 0.642626 0.872879 0.617316 0.874259 0.618137 0.921834
0 0.105334 0.827178 0.107801 0.788238 0.0874167 0.784156 0.0849496 0.823096
0 0.171177 0.906863 0.179896 0.868967 0.160672 0.854988 0.151953 0.892884
0 0.57252 0.698699 0.571074 0.673568 0.549583 0.677475 0.551029 0.702607
0 0.491003 0.961743 0.496196 0.916781 0.472931 0.908289 0.467738 0.953251
0 0.216438 1.02384 0.260772 0.985766 0.245793 0.930634 0.201459 0.968703
0 0.550684 1.00282 0.549011 0.95255 0.519726 0.95563 0.521399 1.0059
0 0.555345 0.819756 0.565244 0.785161 0.554168 0.775143 0.544268 0.809738
0 0.305696 0.997014 0.307364 0.967259 0.29142 0.964436 0.289753 0.994191
0 0.12482 0.845402 0.129714 0.815495 0.110852 0.805739 0.105958 0.835645
0 0.577155 0.929901 0.585621 0.906766 0.568817 0.887333 0.560351 0.910467
0 0.081591 0.886505 0.0798376 0.81782 0.0201192 0.822638 0.0218726 0.891323
0 0.492861 0.884813 0.488596 0.817138 0.460983 0.822637 0.465247 0.890313
0 0.262166 0.737407 0.265474 0.707693 0.251654 0.702832 0.248347 0.732545
0 0.649346 0.733567 0.649976 0.707992 0.633173 0.706683 0.632542 0.732257
0 0.306583 0.922072 0.313602 0.900886 0.304514 0.89137 0.297495 0.912557
0 0.355072 0.976935 0.366536 0.956308 0.358683 0.942515 0.347219 0.963142
0 0.141578 0.827597 0.145908 0.785566 0.12494 0.778739 0.12061 0.82077
0 0.182709 0.912988 0.188367 0.886658 0.176275 0.878446 0.170617 0.904776
0 0.235967 0.751003 0.238582 0.732029 0.223231 0.725343 0.220616 0.744317
0 0.0995982 0.878687 0.104552 0.855976 0.0847021 0.842291 0.0797481 0.865003
0 0.445055 0.842402 0.472097 0.831919 0.468683 0.804078 0.441641 0.814561
0 0.248578 0.743789 0.254271 0.712206 0.233552 0.700401 0.227859 0.731983
0 0.498081 0.748976 0.495516 0.718434 0.477227 0.723287 0.479792 0.753829
0 0.282932 0.988466 0.284815 0.952843 0.266447 0.949775 0.264565 0.985398
0 0.633533 0.882198 0.643352 0.861696 0.633762 0.84718 0.623943 0.867682
0 0.583486 0.677766 0.589012 0.654714 0.573451 0.642925 0.567925 0.665977
0 0.358736 0.9979 0.365671 0.973329 0.35511 0.963908 0.348175 0.988479
0 0.792307 1.0476 0.843878 0.962945 0.761471 0.804279 0.7099 0.88893
0 0.558397 0.767916 0.561618 0.747513 0.55026 0.741846 0.547039 0.762249
0 0.119753 0.322574 0.11662 0.273602 0.0957052 0.277831 0.0988382 0.326803
0 0.566043 0.92463 0.569704 0.890982 0.549698 0.884102 0.546037 0.91775
0 0.0372027 0.440719 0.0381337 0.357899 -0.00949716 0.356207 -0.0104281 0.439026
0 0.320668 0.996201 0.322492 0.97371 0.308131 0.970029 0.306307 0.992521
0 0.569557 0.793691 0.576413 0.778767 0.563872 0.76056 0.557016 0.775483
0 0.556653 0.856227 0.560256 0.819317 0.54397 0.814292 0.540367 0.851203
0 0.246429 0.693567 0.249191 0.672978 0.237761 0.668131 0.234999 0.688721
0 0.293414 0.975016 0.308895 0.94576 0.297508 0.926718 0.282027 0.955974
0 0.615994 0.920828 0.625389 0.902118 0.607291 0.873394 0.597895 0.892104
0 0.542735 0.684097 0.552106 0.654546 0.541041 0.643458 0.531671 0.673009
0 0.371792 0.939088 0.373455 0.914649 0.357467 0.911211 0.355804 0.93565
0 0.264029 0.710749 0.275116 0.67515 0.262127 0.662364 0.25104 0.697963
0 0.231176 0.710746 0.23896 0.690865 0.228928 0.678451 0.221144 0.698332
0 0.379333 0.968876 0.388536 0.949404 0.380645 0.937619 0.371443 0.95709
0 0.388241 0.924681 0.394132 0.892739 0.382092 0.88572 0.376201 0.917662
0 0.346073 0.990061 0.354882 0.96505 0.345454 0.954556 0.336646 0.979567
0 0.294182 0.927773 0.300211 0.902174 0.284185 0.890246 0.278156 0.915845
0 0.518873 0.540074 0.515952 0.500571 0.499872 0.504328 0.502792 0.543832
0 0.588302 0.863071 0.591593 0.8371 0.577806 0.831577 0.574514 0.857549
0 0.291545 1.00421 0.291211 0.986005 0.275963 0.98689 0.276298 1.0051
0 0.51765 0.81446 0.517294 0.777353 0.492805 0.778094 0.493161 0.815202
0 0.241121 0.594962 0.239515 0.541464 0.205196 0.544721 0.206803 0.598219
0 0.561726 0.678045 0.566521 0.661236 0.552283 0.648399 0.547488 0.665208
0 0.0699712 0.689851 0.0787109 0.653044 0.0659513 0.643469 0.0572116 0.680276
0 0.353617 0.95859 0.356543 0.931458 0.339391 0.925611 0.336464 0.952743
0 0.219314 0.780897 0.22175 0.756208 0.202514 0.75021 0.200078 0.774899
0 0.348756 0.894662 0.35068 0.87531 0.340814 0.87221 0.33889 0.891562
0 0.714751 0.601441 0.724619 0.563481 0.698789 0.542261 0.688922 0.580221
0 0.57143 0.878453 0.577081 0.834512 0.557483 0.826545 0.551831 0.870487
0 0.433036 1.00293 0.432262 0.979986 0.415256 0.9818 0.41603 1.00474
0 0.576953 0.727863 0.579289 0.70644 0.566955 0.702191 0.564619 0.723614
0 0.659588 0.662279 0.659309 0.625984 0.642669 0.626388 0.642948 0.662684
0 0.0798383 0.774391 0.0842092 0.750474 0.0667152 0.740369 0.0623443 0.764286
0 0.322032 0.903767 0.326661 0.885179 0.318399 0.878677 0.31377 0.897265
0 0.152329 0.702746 0.166602 0.666571 0.139852 0.633213 0.125579 0.669388
0 0.537997 0.832655 0.539794 0.810939 0.528264 0.807924 0.526467 0.82964
0 0.167235 0.846162 0.170507 0.800827 0.144136 0.794814 0.140864 0.840148
0 0.20786 0.804975 0.20858 0.766812 0.187524 0.765557 0.186804 0.80372
0 0.465643 0.96957 0.476102 0.940701 0.464775 0.927732 0.454316 0.956601
0 0.252852 0.605819 0.254628 0.584005 0.242147 0.580795 0.240371 0.602609
0 0.431334 0.97261 0.444418 0.954958 0.437523 0.938807 0.424439 0.956459
0 0.741701 0.635025 0.736332 0.596801 0.704761 0.610816 0.71013 0.649039
0 0.544241 0.816828 0.547434 0.793931 0.534127 0.788067 0.530934 0.810965
0 0.494443 0.82239 0.496223 0.780637 0.47593 0.777903 0.47415 0.819657
0 0.332046 0.965698 0.332228 0.939026 0.311733 0.938584 0.311551 0.965257
0 0.145055 0.864264 0.147137 0.826441 0.1257 0.822711 0.123618 0.860535
0 0.0916207 0.814166 0.0905064 0.769581 0.0679962 0.771359 0.0691105 0.815944
0 0.037909 0.824908 0.0554118 0.796092 0.045834 0.777706 0.0283312 0.806522
0 0.372953 0.98546 0.376623 0.963409 0.365296 0.957451 0.361626 0.979502
0 0.457249 0.950711 0.474273 0.921956 0.462902 0.900681 0.445879 0.929436
0 0.697114 0.61963 0.704955 0.590376 0.681366 0.570394 0.673525 0.599649
0 0.246164 0.757328 0.247018 0.738177 0.235374 0.736536 0.23452 0.755688
0 0.570467 0.748261 0.571446 0.71797 0.557509 0.716547 0.55653 0.746837
0 0.234629 0.7872 0.236645 0.769187 0.227624 0.765997 0.225608 0.784009
0 0.613803 0.741968 0.615485 0.724944 0.604186 0.721415 0.602503 0.738438
0 0.127228 0.873598 0.128853 0.849871 0.113606 0.846571 0.111981 0.870298
0 0.229319 0.620144 0.231564 0.597318 0.217958 0.593088 0.215713 0.615914
0 0.216509 0.803229 0.224355 0.787728 0.21573 0.77393 0.207884 0.789431
0 0.340409 0.79374 0.347501 0.768808 0.337618 0.759922 0.330525 0.784854
0 0.221238 0.698316 0.231132 0.676148 0.22203 0.663308 0.212135 0.685477
0 0.211561 0.753243 0.214795 0.734525 0.201963 0.727517 0.198729 0.746235
0 0.321736 1.00854 0.327028 0.989988 0.31786 0.981722 0.312568 1.00027
0 0.58688 0.841827 0.592764 0.83012 0.581194 0.811741 0.57531 0.823448
0 0.73326 0.997347 0.737273 0.912455 0.703262 0.907373 0.699249 0.992266
0 0.0689968 0.82987 0.0734239 0.803449 0.0521722 0.792195 0.0477451 0.818615
0 0.599049 0.875916 0.604343 0.850707 0.593899 0.843774 0.588604 0.868983
0 0.0751568 0.818998 0.0853659 0.775309 0.0662127 0.761164 0.0560036 0.804852
0 0.149183 0.784399 0.1505 0.765735 0.139382 0.763255 0.138065 0.781919
0 0.590115 0.843694 0.595642 0.830251 0.584386 0.815627 0.57886 0.829071
0 0.159127 0.908249 0.165009 0.882497 0.152298 0.873323 0.146417 0.899075
0 0.225188 0.860949 0.227225 0.827096 0.20667 0.823188 0.204633 0.857041
0 0.647497 0.626811 0.651531 0.602873 0.639961 0.59671 0.635927 0.620648
0 0.237035 0.730829 0.240316 0.707874 0.226696 0.701722 0.223415 0.724677
0 0.284161 0.953005 0.291383 0.929106 0.281834 0.919985 0.274611 0.943884
0 0.614626 0.723716 0.616694 0.705279 0.604977 0.701125 0.602909 0.719561
0 0.0968228 0.667759 0.0971152 0.647136 0.0854001 0.646611 0.0851076 0.667234
0 0.409447 0.909353 0.416766 0.887898 0.406807 0.877162 0.399489 0.898617
0 0.586335 0.961049 0.595761 0.926069 0.580157 0.912779 0.57073 0.947759
0 0.311087 0.943479 0.31675 0.923794 0.307626 0.915498 0.301963 0.935183
0 0.250212 0.812174 0.25166 0.795628 0.241814 0.792904 0.240366 0.80945
0 0.172986 0.790433 0.179963 0.7677 0.17137 0.759365 0.164393 0.782098
0 0.0356214 0.798739 0.0425705 0.77342 0.0315613 0.76387 0.0246121 0.789189
0 0.438308 0.947999 0.447295 0.909593 0.423248 0.891808 0.41426 0.930213
0 0.0523263 0.796684 0.0711779 0.77624 0.0651766 0.758751 0.046325 0.779195
0 0.654588 0.859175 0.663892 0.830795 0.647098 0.813395 0.637794 0.841774
0 0.312173 0.936657 0.316762 0.916801 0.306726 0.909469 0.302136 0.929326
0 0.633001 0.714479 0.639178 0.625919 0.593423 0.615831 0.587245 0.704392
0 0.436881 0.903437 0.445989 0.864976 0.427725 0.851307 0.418617 0.889769
0 0.572798 0.943618 0.575807 0.92235 0.56277 0.91652 0.559761 0.937788
0 0.324755 0.975195 0.323977 0.951044 0.307639 0.952708 0.308418 0.976859
0 0.194123 0.769509 0.204699 0.745906 0.195733 0.733208 0.185157 0.756811
0 0.0668764 0.626784 0.0748037 0.600038 0.0658477 0.591648 0.0579203 0.618395
0 0.188344 0.885725 0.192982 0.859081 0.17879 0.851274 0.174152 0.877918
0 0.0132137 0.81929 0.0133247 0.786754 -0.00243796 0.786584 -0.00254888 0.81912
0 0.646945 1.02239 0.798056 0.812511 0.75789 0.721111 0.606779 0.930989
0 0.583949 0.78605 0.585989 0.768756 0.577101 0.765442 0.57506 0.782736
0 0.387272 0.415668 0.384034 0.374831 0.352075 0.38284 0.355313 0.423676
0 0.118012 0.923748 0.139792 0.897112 0.131857 0.876605 0.110077 0.903241
0 0.546178 0.844748 0.550082 0.816233 0.539355 0.811592 0.535452 0.840107
0 0.543137 0.718619 0.54638 0.696333 0.535792 0.691462 0.532549 0.713749
0 0.336803 1.00439 0.339489 0.98057 0.32864 0.976704 0.325954 1.00053
0 0.132589 0.935997 0.145273 0.913331 0.136389 0.897619 0.123705 0.920285
0 0.51825 1.00577 0.518841 0.963667 0.451695 0.960688 0.451104 1.00279
0 0.153549 0.807222 0.155314 0.782071 0.140334 0.77875 0.13857 0.803901
0 0.803887 0.664629 0.8021 0.624511 0.778926 0.627773 0.780713 0.667891
0 0.240791 0.671291 0.242251 0.65059 0.229529 0.647753 0.228069 0.668454
0 0.657505 0.875798 0.659056 0.852049 0.644748 0.849097 0.643198 0.872846
0 0.20869 0.121493 0.224633 0.113274 0.204004 -0.0131927 0.188061 -0.00497323
0 0.419404 0.720025 0.429388 0.677893 0.410415 0.663685 0.400432 0.705817
0 0.314596 0.424486 0.319503 0.356006 0.279594 0.346968 0.274687 0.415448
0 0.0892422 0.837289 0.0927222 0.816359 0.0742709 0.806663 0.0707909 0.827594
0 0.344706 0.973793 0.347357 0.949442 0.334495 0.945017 0.331844 0.969368
0 0.240873 0.622744 0.245696 0.603384 0.234776 0.594787 0.229953 0.614146
0 0.111494 0.863285 0.115143 0.835826 0.100096 0.829506 0.0964469 0.856965
0 0.610332 0.837392 0.612039 0.819791 0.601994 0.816712 0.600287 0.834312
0 0.632656 0.767416 0.636589 0.743773 0.625109 0.737739 0.621176 0.761381
0 0.0636118 0.64866 0.0742969 0.61768 0.0643478 0.606834 0.0536626 0.637814
0 0.247257 0.633841 0.251829 0.616635 0.243917 0.609991 0.239345 0.627197
0 0.591006 0.80683 0.594288 0.788981 0.583408 0.782657 0.580125 0.800507
0 0.43879 0.971753 0.45411 0.951715 0.446291 0.932819 0.43097 0.952857
0 0.318979 0.919928 0.322178 0.904085 0.313492 0.898541 0.310293 0.914384
0 0.224954 0.740224 0.226842 0.721819 0.214467 0.717807 0.212579 0.736212
0 0.516497 0.863064 0.531342 0.815314 0.510102 0.794445 0.495258 0.842195
0 0.323027 0.940746 0.325784 0.922045 0.315745 0.917368 0.312989 0.93607
0 0.544241 0.771276 0.546164 0.749861 0.535086 0.746717 0.533163 0.768131
0 0.0242296 0.813656 0.029304 0.789151 0.0174267 0.781378 0.0123523 0.805882
0 0.113171 0.873368 0.114961 0.848968 0.102286 0.846029 0.100496 0.87043
0 0.384052 0.90893 0.38759 0.885256 0.378634 0.881026 0.375096 0.904701
0 0.0484731 0.749679 0.0488837 0.731751 0.0379415 0.730959 0.0375309 0.748887
0 0.625079 0.851151 0.627367 0.832551 0.613608 0.8272 0.611319 0.8458
0 0.447768 1.0198 0.478094 0.994027 0.468282 0.957543 0.437957 0.983318
0 0.164841 0.657958 0.167287 0.642263 0.155236 0.636327 0.15279 0.652022
0 0.607298 0.920389 0.613528 0.903123 0.600368 0.888118 0.594138 0.905384
0 0.501722 1.04997 0.517274 1.00018 0.465251 0.948819 0.449699 0.998608
0 0.3328 0.920296 0.333867 0.902527 0.322273 0.900327 0.321206 0.918096
0 0.0977938 0.855549 0.102773 0.826155 0.0830253 0.815582 0.0780457 0.844975
0 0.3653 0.889068 0.367662 0.87419 0.357751 0.869218 0.35539 0.884097
0 0.570828 0.807787 0.573445 0.79232 0.563943 0.787238 0.561326 0.802705
0 0.0906341 0.75528 0.0955419 0.739221 0.085566 0.729585 0.0806581 0.745644
0 0.264989 1.00748 0.265474 0.988641 0.248506 0.987259 0.24802 1.0061
0 0.632213 0.746385 0.634994 0.720876 0.622016 0.716405 0.619235 0.741913
0 0.64151 0.829666 0.642337 0.810376 0.630251 0.808739 0.629424 0.828029
0 0.376037 0.89803 0.3777 0.879853 0.368555 0.877208 0.366891 0.895385
0 0.639245 0.860493 0.645177 0.834422 0.632946 0.825625 0.627013 0.851696
0 0.213334 0.716989 0.21929 0.69891 0.209511 0.688727 0.203555 0.706807
0 0.593367 0.641468 0.607227 0.619665 0.589047 0.583138 0.575186 0.604941
0 0.356074 0.875177 0.35919 0.85939 0.348733 0.852867 0.345617 0.868654
0 0.393214 0.973685 0.398268 0.952161 0.38997 0.946003 0.384916 0.967527
0 0.274186 0.926142 0.280704 0.899605 0.271246 0.892263 0.264728 0.9188
0 0.394924 0.861652 0.398582 0.841817 0.389613 0.836589 0.385955 0.856424
0 0.334296 0.961565 0.335348 0.935032 0.31897 0.932978 0.317917 0.959511
0 0.945464 0.849402 0.970172 0.766867 0.884966 0.686251 0.860258 0.768786
0 0.643166 0.581456 0.648343 0.533905 0.63005 0.527612 0.624874 0.575163
0 0.101259 0.770675 0.104114 0.750984 0.0936298 0.746181 0.0907756 0.765872
0 0.334928 1.00024 0.335641 0.98065 0.321085 0.978975 0.320371 0.998569
0 0.395462 0.940768 0.396309 0.921809 0.384521 0.920145 0.383674 0.939103
0 0.619676 0.844036 0.622356 0.826437 0.610959 0.82095 0.608278 0.83855
0 0.484671 0.390112 0.490545 0.365698 0.48166 0.358941 0.475786 0.383355
0 0.580584 0.884982 0.586616 0.867212 0.57835 0.858342 0.572317 0.876113
0 0.600034 0.412705 0.601508 0.37662 0.573834 0.373048 0.57236 0.409132
0 0.410356 0.964591 0.413603 0.946605 0.404603 0.941471 0.401357 0.959457
0 0.286339 0.870702 0.286931 0.854143 0.276919 0.853012 0.276327 0.869571
0 0.623171 0.624228 0.625995 0.596691 0.607444 0.590677 0.604619 0.618214
0 0.559125 0.843906 0.563321 0.812624 0.550105 0.807022 0.54591 0.838305
0 0.567116 0.893971 0.570434 0.876417 0.557666 0.86879 0.554348 0.886344
0 0.338479 0.840822 0.341933 0.825073 0.333079 0.818935 0.329625 0.834684
0 0.182383 0.845064 0.20075 0.811603 0.186265 0.786472 0.167898 0.819933
0 0.208907 0.820914 0.217342 0.79818 0.207494 0.786631 0.199059 0.809365
0 0.861027 0.405632 0.863471 0.345702 0.830996 0.341516 0.828552 0.401446
0 0.26126 0.802878 0.261639 0.785962 0.25131 0.785231 0.250931 0.802146
0 0.67209 0.763755 0.675283 0.746038 0.658204 0.736312 0.655011 0.754028
0 0.286294 0.764508 0.291042 0.745023 0.274028 0.731918 0.269279 0.751403
0 0.594915 1.0075 0.596977 0.979281 0.577246 0.974725 0.575184 1.00294
0 0.113871 0.801693 0.116045 0.781893 0.105699 0.778303 0.103526 0.798104
0 0.415431 0.985102 0.416587 0.966594 0.405594 0.964424 0.404438 0.982932
0 0.0775826 0.952093 0.0935024 0.933922 0.0879572 0.918568 0.0720375 0.936739
0 0.335922 0.863036 0.338366 0.840393 0.329162 0.837253 0.326718 0.859896
0 0.298305 0.949117 0.305083 0.929807 0.29552 0.919198 0.288742 0.938508
0 0.695453 0.392482 0.70471 0.314883 0.669951 0.301779 0.660694 0.379377
0 0.198455 0.682523 0.200178 0.665547 0.191284 0.662695 0.189562 0.67967
0 0.0168027 0.795649 0.026271 0.775659 0.0175205 0.76256 0.00805231 0.782551
0 0.579306 1.00446 0.579751 0.980282 0.562147 0.979259 0.561702 1.00343
0 0.350417 0.925413 0.353107 0.907863 0.343076 0.903004 0.340386 0.920555
0 0.312486 0.967989 0.313984 0.946422 0.303891 0.944206 0.302393 0.965773
0 0.238142 0.71275 0.243243 0.693195 0.231568 0.68357 0.226467 0.703126
0 0.261452 0.634849 0.264431 0.616833 0.255762 0.612304 0.252784 0.63032
0 0.0338523 0.761926 0.0352712 0.746125 0.026414 0.743611 0.0249952 0.759412
0 0.411064 1.00376 0.410844 0.976645 0.391797 0.977134 0.392018 1.00425
0 0.576496 0.837245 0.579991 0.817126 0.567176 0.810089 0.563681 0.830208
0 0.662814 0.38597 0.66641 0.350448 0.638829 0.341624 0.635233 0.377145
0 0.734871 0.169713 0.731975 0.122186 0.710287 0.126363 0.713183 0.17389
0 0.588143 0.905118 0.592188 0.886006 0.580644 0.878284 0.576599 0.897395
0 0.600376 0.729809 0.602527 0.711726 0.59118 0.70746 0.589028 0.725542
0 0.452138 0.418364 0.456544 0.380641 0.436523 0.37325 0.432117 0.410974
0 0.389488 0.942423 0.391852 0.924292 0.381257 0.919926 0.378893 0.938057
0 0.586661 0.125974 0.582997 0.0780631 0.541196 0.0881659 0.54486 0.136077
0 0.214359 0.757532 0.219207 0.737903 0.20628 0.727812 0.201432 0.747442
0 0.233439 0.655087 0.233546 0.639814 0.224411 0.639612 0.224304 0.654884
0 0.141546 0.881782 0.150109 0.858239 0.141654 0.848519 0.133091 0.872062
0 0.440657 0.994663 0.449385 0.969496 0.440847 0.960138 0.43212 0.985305
0 1.00227 0.670455 1.00441 0.636227 0.986062 0.632597 0.98392 0.666825
0 0.400633 0.922683 0.402924 0.902087 0.393047 0.898615 0.390756 0.919211
0 0.666033 0.842926 0.670428 0.821165 0.658233 0.81338 0.653837 0.83514
0 0.471452 0.738746 0.473458 0.714417 0.459293 0.710726 0.457287 0.735056
