0 0.993766 0.971541 1.00827 0.846201 0.805382 0.77199 0.790876 0.89733
0 0.123705 0.969555 0.15159 0.915475 0.132561 0.884465 0.104676 0.938545
0 0.919344 0.796717 0.924193 0.755002 0.900403 0.746263 0.895555 0.787978
0 0.0832996 0.941892 0.0791899 0.889281 0.0426802 0.898295 0.04679 0.950906
0 0.423528 0.951353 0.428469 0.906357 0.405325 0.898325 0.400384 0.94332
0 0.112557 0.325605 0.109493 0.277015 0.0879954 0.281299 0.0910589 0.329889
0 0.332818 0.900973 0.335323 0.846585 0.311148 0.843067 0.308644 0.897455
0 0.208408 0.37954 0.225542 0.347166 0.184 0.277681 0.166867 0.310055
0 0.235335 0.814802 0.238662 0.771503 0.218363 0.766573 0.215036 0.809872
0 0.163534 0.74994 0.167075 0.711045 0.138006 0.70268 0.134465 0.741576
0 0.335619 0.979469 0.335224 0.933169 0.309583 0.93386 0.309978 0.980161
0 0.422577 0.804834 0.432548 0.78485 0.411817 0.752161 0.401847 0.772145
0 0.473476 0.83651 0.469789 0.781152 0.456065 0.784041 0.459752 0.839398
0 0.918631 0.752177 0.927684 0.731621 0.914201 0.712854 0.905148 0.733409
0 0.500186 0.78525 0.501221 0.756101 0.481726 0.753913 0.480691 0.783062
0 0.617807 0.814287 0.618713 0.776503 0.599287 0.775031 0.598382 0.812816
0 0.487489 0.698366 0.490228 0.681132 0.476793 0.674385 0.474055 0.69162
0 0.296897 0.790873 0.298317 0.761367 0.282347 0.758939 0.280928 0.788445
0 0.112284 0.864232 0.115245 0.836714 0.0988576 0.831141 0.0958968 0.85866
0 0.128316 0.882723 0.146766 0.857882 0.136805 0.8345 0.118355 0.859341
0 0.283987 0.725454 0.290154 0.686795 0.250559 0.666834 0.244393 0.705494
0 0.582794 0.727598 0.598168 0.703988 0.588419 0.683926 0.573045 0.707536
0 0.0843553 0.912212 0.0925039 0.88335 0.081533 0.87356 0.0733844 0.902424
0 0.622732 0.782012 0.625645 0.750143 0.610291 0.745707 0.607378 0.777576
0 0.109559 0.906479 0.126198 0.879905 0.117435 0.862565 0.100797 0.88914
0 0.915567 0.715745 0.919394 0.698598 0.908543 0.690945 0.904716 0.708092
0 0.155199 0.86424 0.166119 0.835194 0.153101 0.819728 0.142182 0.848773
0 0.503544 0.836106 0.508693 0.803548 0.49389 0.796149 0.488741 0.828708
0 0.0965056 0.923306 0.0981541 0.898679 0.0849818 0.895892 0.0833332 0.920519
0 0.354081 0.866416 0.358579 0.844424 0.342331 0.833921 0.337833 0.855912
0 0.0739282 0.679053 0.0757752 0.652527 0.0559748 0.648169 0.0541279 0.674695
0 0.434377 0.931819 0.445865 0.895937 0.423682 0.87349 0.412194 0.909372
0 0.283218 0.787398 0.284601 0.759587 0.270665 0.757397 0.269283 0.785208
0 0.674982 0.784751 0.676594 0.766082 0.660372 0.761652 0.658759 0.780322
0 0.1209 0.913305 0.138652 0.890697 0.130594 0.870701 0.112842 0.893309
0 0.990809 0.682234 1.00929 0.645515 0.994468 0.621931 0.975985 0.65865
0 0.682654 0.831134 0.689233 0.795981 0.674187 0.787081 0.667607 0.822234
0 0.113359 0.955708 0.124598 0.911634 0.105516 0.896255 0.0942765 0.940329
0 0.283564 0.822466 0.285291 0.786412 0.265846 0.783469 0.264119 0.819522
0 0.89254 0.25955 0.948814 0.229086 0.938015 0.166041 0.881741 0.196504
0 0.937351 0.728596 0.939024 0.697426 0.920021 0.694202 0.918347 0.725371
0 0.645893 0.793339 0.648481 0.772081 0.637514 0.767861 0.634926 0.789119
0 0.461509 0.879212 0.464327 0.836093 0.442337 0.83155 0.439519 0.874669
0 0.259067 0.852572 0.271793 0.833873 0.263904 0.816904 0.251178 0.835603
0 0.495607 0.751533 0.500407 0.726026 0.48963 0.719616 0.48483 0.745122
0 0.367671 0.692193 0.380292 0.640244 0.35823 0.623302 0.345608 0.675251
0 0.418413 0.824572 0.417005 0.787702 0.394891 0.790371 0.396299 0.82724
0 0.0993092 0.891741 0.120042 0.866795 0.112048 0.845795 0.0913146 0.870741
0 0.341083 0.83037 0.340518 0.797143 0.318986 0.7983 0.319551 0.831527
0 0.0836561 0.999373 0.0943145 0.956604 0.0784713 0.944125 0.0678129 0.986895
0 0.888055 0.740493 0.890103 0.718186 0.87686 0.714344 0.874813 0.736651
0 0.181795 0.0364586 0.191032 0.0030956 0.167032 -0.0179044 0.157796 0.0154586
0 0.470675 0.71033 0.472477 0.693085 0.461266 0.689384 0.459464 0.706629
0 0.865941 0.678267 0.875218 0.667148 0.864735 0.639507 0.855459 0.650626
0 0.658945 0.751723 0.667127 0.729801 0.658961 0.720168 0.650779 0.742089
0 0.225707 0.862976 0.2266 0.826812 0.203822 0.825033 0.202928 0.861197
0 0.869896 0.568522 0.873577 0.54116 0.859468 0.53516 0.855787 0.562522
0 0.887164 0.530726 0.896858 0.514997 0.883904 0.489762 0.874209 0.505491
0 0.47642 0.747287 0.47997 0.727302 0.468908 0.721093 0.465359 0.741077
0 0.690712 0.792327 0.693659 0.768776 0.678025 0.762592 0.675077 0.786142
0 0.849102 0.781707 0.845423 0.750222 0.818724 0.760081 0.822403 0.791566
0 0.881567 0.548774 0.885001 0.523098 0.870856 0.51712 0.867422 0.542796
0 0.0922289 0.583047 0.102379 0.562423 0.093886 0.549212 0.0837357 0.569836
0 0.315778 0.829283 0.315162 0.809359 0.298829 0.810954 0.299445 0.830878
0 0.25803 0.82865 0.256856 0.796722 0.230057 0.799837 0.231231 0.831764
0 0.940699 0.773565 0.949563 0.758148 0.935532 0.732651 0.926667 0.748068
0 0.401667 0.986948 0.406331 0.943603 0.385707 0.936588 0.381043 0.979934
0 0.0707461 0.906164 0.0840481 0.87751 0.073497 0.86203 0.060195 0.890684
0 0.607157 0.84414 0.609925 0.814363 0.595827 0.810221 0.593059 0.839998
0 0.586718 0.658427 0.601652 0.643207 0.596603 0.627552 0.58167 0.642772
0 0.879794 0.782018 0.893066 0.755222 0.882945 0.739379 0.869673 0.766175
0 0.659005 0.788365 0.660885 0.771665 0.650185 0.767856 0.648304 0.784556
0 0.249802 0.807706 0.25123 0.778694 0.236487 0.776402 0.23506 0.805414
0 0.780512 0.756131 0.790628 0.73834 0.774816 0.709926 0.7647 0.727716
0 0.488016 0.668048 0.489285 0.642074 0.472355 0.63946 0.471086 0.665434
0 0.468492 0.756446 0.473853 0.74189 0.461467 0.727472 0.456106 0.742028
0 0.0755474 0.855727 0.0811063 0.834961 0.0634315 0.820007 0.0578726 0.840774
0 0.16147 0.881144 0.166597 0.854114 0.152481 0.84565 0.147353 0.872681
0 0.428801 0.888637 0.433815 0.856322 0.415046 0.847116 0.410031 0.879431
0 0.156842 0.825157 0.167133 0.796804 0.155809 0.783815 0.145519 0.812169
0 0.501732 0.687597 0.504632 0.666155 0.484098 0.657378 0.481198 0.678821
0 0.462078 0.77215 0.466201 0.747304 0.45274 0.740244 0.448617 0.76509
0 0.406477 0.851193 0.406967 0.824254 0.389308 0.82324 0.388819 0.85018
0 0.476904 0.791349 0.479177 0.767482 0.467133 0.763856 0.46486 0.787723
0 0.815802 0.730656 0.825753 0.719749 0.815164 0.689214 0.805212 0.700121
0 0.468228 0.739013 0.470121 0.714475 0.454964 0.710778 0.453071 0.735316
0 0.874328 0.739491 0.877197 0.720921 0.863327 0.714148 0.860458 0.732718
0 0.0616283 0.894038 0.0736549 0.867737 0.0644386 0.854418 0.0524119 0.880718
0 0.242832 0.7819 0.247214 0.751695 0.233146 0.745245 0.228764 0.77545
0 0.784359 0.544025 0.793732 0.522568 0.775911 0.497965 0.766538 0.519422
0 0.411267 0.983013 0.425045 0.95215 0.413274 0.935542 0.399496 0.966406
0 0.596069 0.678086 0.599117 0.654059 0.58537 0.648545 0.582321 0.672573
0 0.511451 0.664408 0.515285 0.639409 0.501719 0.632833 0.497885 0.657831
0 0.875508 0.527981 0.881192 0.505454 0.8687 0.495492 0.863016 0.518019
0 0.970796 0.480928 0.974827 0.463177 0.96536 0.456383 0.961329 0.474133
0 0.0912344 0.344026 0.100317 0.305399 0.0651264 0.279246 0.0560436 0.317873
0 0.251534 0.850235 0.2537 0.829323 0.239479 0.824667 0.237313 0.845579
0 0.594834 0.749662 0.596121 0.722843 0.580524 0.720478 0.579238 0.747297
0 0.866756 0.711875 0.875175 0.68038 0.852407 0.661147 0.843989 0.692643
0 0.596288 0.881684 0.59944 0.859638 0.586722 0.853892 0.583571 0.875938
0 0.0511224 0.90095 0.055611 0.878685 0.0385342 0.867805 0.0340456 0.89007
0 0.693048 0.829679 0.711857 0.797966 0.698198 0.772361 0.679389 0.804074
0 0.633255 0.798728 0.638021 0.76839 0.624624 0.761738 0.619858 0.792076
0 0.634075 0.764334 0.638207 0.748113 0.629808 0.741351 0.625676 0.757572
0 0.14398 0.907171 0.150648 0.886756 0.139218 0.874955 0.132549 0.89537
0 0.633719 0.915572 0.638212 0.873009 0.621107 0.867302 0.616614 0.909865
0 0.610052 0.867326 0.615108 0.842987 0.604286 0.835881 0.59923 0.86022
0 0.869802 0.490359 0.872312 0.469277 0.861155 0.465079 0.858645 0.486161
0 0.203115 0.883472 0.202336 0.85979 0.181325 0.861973 0.182103 0.885655
0 0.145024 0.889863 0.15127 0.868991 0.139466 0.857826 0.133219 0.878697
0 0.144033 0.643718 0.149405 0.612054 0.136426 0.605094 0.131054 0.636759
0 0.138948 0.612333 0.140126 0.583117 0.122387 0.580856 0.121209 0.610072
0 0.792234 0.73119 0.797453 0.705337 0.787527 0.699003 0.782307 0.724856
0 0.124298 0.861061 0.128062 0.838578 0.115371 0.831863 0.111607 0.854346
0 0.454994 0.81054 0.457648 0.78448 0.440768 0.779046 0.438114 0.805106
0 0.645813 0.724699 0.649185 0.70778 0.640649 0.702404 0.637278 0.719323
0 0.267933 0.824347 0.266826 0.790283 0.242131 0.792818 0.243237 0.826882
0 0.670336 0.764485 0.674716 0.74682 0.666223 0.740163 0.661843 0.757828
0 0.514777 0.805455 0.516178 0.784267 0.502324 0.781372 0.500924 0.802561
0 0.997256 0.630925 0.995053 0.602467 0.967906 0.609109 0.970109 0.637567
0 0.105895 0.986978 0.120965 0.967707 0.113891 0.950222 0.0988201 0.969493
0 0.654487 0.683314 0.662294 0.661234 0.65275 0.650569 0.644943 0.672649
0 0.313104 0.697062 0.312337 0.64566 0.290897 0.646671 0.291664 0.698073
0 0.48295 0.71616 0.48518 0.693518 0.47331 0.689822 0.471079 0.712465
0 0.664584 0.807421 0.666039 0.789866 0.653236 0.786511 0.65178 0.804066
0 0.092381 0.653913 0.0972721 0.640166 0.0861559 0.627666 0.0812647 0.641412
0 0.465371 0.67259 0.46609 0.650929 0.45425 0.649685 0.45353 0.671347
0 0.226596 0.809341 0.229323 0.768083 0.21126 0.76431 0.208533 0.805568
0 0.0867433 0.696636 0.090023 0.679197 0.0806471 0.673624 0.0773674 0.691063
0 0.623001 0.740951 0.628322 0.723824 0.619536 0.715198 0.614216 0.732324
0 0.960133 0.497089 0.965073 0.47867 0.956117 0.471079 0.951177 0.489498
0 0.14826 0.845162 0.161854 0.792086 0.141127 0.775307 0.127532 0.828383
0 0.892793 0.671492 0.898225 0.64908 0.889227 0.642186 0.883794 0.664598
0 0.439011 0.814719 0.44238 0.788544 0.430101 0.783548 0.426731 0.809723
0 0.54046 0.775352 0.546963 0.744619 0.535759 0.737126 0.529256 0.767859
0 0.0554232 0.805508 0.0541052 0.779171 0.0342921 0.782305 0.03561 0.808642
0 0.414211 0.864301 0.416814 0.836419 0.403326 0.83244 0.400723 0.860322
0 0.782929 0.723678 0.786497 0.699802 0.773309 0.693575 0.769742 0.71745
0 0.11486 0.618183 0.118892 0.602296 0.109703 0.594925 0.105671 0.610812
0 0.49042 0.892143 0.491574 0.867328 0.478568 0.865417 0.477414 0.890231
0 0.225734 0.772595 0.248937 0.739017 0.237149 0.713275 0.213947 0.746853
0 0.471313 0.769107 0.477382 0.754754 0.46617 0.739768 0.4601 0.75412
0 0.917385 0.551731 0.921419 0.529217 0.900688 0.517477 0.896654 0.539991
0 0.316951 0.818327 0.320417 0.796128 0.304592 0.788319 0.301126 0.810518
0 0.437407 0.784219 0.43915 0.765704 0.425886 0.761758 0.424144 0.780273
0 0.0461626 0.638977 0.0519547 0.619745 0.0426351 0.610874 0.0368431 0.630106
0 0.898481 0.745014 0.900121 0.720806 0.887143 0.718029 0.885504 0.742237
0 0.587098 1.00704 0.596991 0.946011 0.569534 0.931943 0.559641 0.992968
0 0.660688 0.652438 0.674544 0.614521 0.662347 0.600434 0.648491 0.638352
0 0.177452 0.883034 0.179238 0.862237 0.164386 0.858206 0.1626 0.879003
0 0.814578 0.795867 0.817982 0.772634 0.801275 0.764898 0.79787 0.788131
0 0.925959 0.700818 0.927924 0.685585 0.916051 0.680744 0.914086 0.695977
0 0.473257 0.650677 0.475161 0.628971 0.462565 0.625479 0.460661 0.647185
0 0.529399 0.825135 0.535315 0.78902 0.518532 0.780331 0.512616 0.816446
0 0.197056 0.857306 0.198617 0.832261 0.184808 0.82954 0.183246 0.854585
0 0.541957 0.805742 0.549034 0.781081 0.540493 0.773335 0.533417 0.797996
0 0.0975922 0.679893 0.099965 0.661251 0.0894384 0.657016 0.0870655 0.675658
0 0.900963 0.764215 0.902923 0.739974 0.891984 0.737179 0.890024 0.761419
0 0.607627 0.875096 0.614445 0.849725 0.605619 0.842229 0.598801 0.8676
0 0.191957 0.945735 0.195483 0.903359 0.168288 0.896208 0.164762 0.938584
0 0.617924 0.895588 0.626911 0.862244 0.613684 0.850977 0.604697 0.884322
0 0.440949 0.879455 0.445948 0.851619 0.432986 0.844262 0.427987 0.872098
0 0.597159 0.770456 0.598401 0.751835 0.587484 0.749534 0.586242 0.768155
0 0.0570901 0.782231 0.0565872 0.759717 0.0397247 0.760908 0.0402276 0.783421
0 0.490711 0.722907 0.501476 0.700312 0.491537 0.685346 0.480772 0.707941
0 0.21377 0.816206 0.218693 0.790017 0.203551 0.781023 0.198629 0.807212
0 0.0438634 0.656252 0.0499669 0.639861 0.0420566 0.630552 0.0359532 0.646943
0 0.287316 0.857991 0.289774 0.837117 0.278172 0.8328 0.275714 0.853674
0 0.128898 0.783032 0.131619 0.755287 0.116357 0.750555 0.113635 0.778301
0 0.842819 0.61336 0.850634 0.58801 0.842176 0.57977 0.834361 0.60512
0 0.495374 0.68631 0.498141 0.664998 0.480547 0.657779 0.47778 0.679091
0 0.643283 0.67842 0.648392 0.658011 0.641157 0.652287 0.636048 0.672696
0 0.825871 0.706907 0.831615 0.688319 0.819337 0.67633 0.813593 0.694918
