0 0.405992 0.976077 0.405456 0.866376 0.339178 0.867399 0.339714 0.9771
0 0.453648 0.585533 0.453735 0.535521 0.426358 0.53537 0.426271 0.585383
0 0.495319 0.985422 0.484794 0.889511 0.437525 0.905905 0.448051 1.00182
0 0.56104 1.00759 0.562835 0.935728 0.520789 0.932409 0.518994 1.00427
0 0.350257 0.898289 0.352621 0.830372 0.325349 0.827372 0.322985 0.895289
0 0.989012 1.07739 1.02546 0.861842 0.808596 0.745965 0.772153 0.961514
0 0.413284 0.888614 0.409449 0.834551 0.374665 0.842349 0.3785 0.896413
0 0.850857 0.776095 0.849888 0.716761 0.823311 0.718132 0.824279 0.777466
0 0.305717 0.94983 0.332285 0.895516 0.313823 0.866974 0.287255 0.921287
0 0.513556 0.82701 0.515819 0.794782 0.498814 0.791008 0.496552 0.823236
0 0.346027 0.970269 0.356566 0.926076 0.335866 0.910474 0.325327 0.954667
0 0.343087 0.935493 0.346182 0.898526 0.3237 0.892575 0.320604 0.929542
0 0.489738 1.0124 0.53561 0.988634 0.514947 0.86256 0.469075 0.886322
0 0.423434 0.912532 0.425892 0.876284 0.406181 0.872059 0.403722 0.908307
0 0.921397 0.71755 0.931286 0.655785 0.891676 0.635741 0.881787 0.697507
0 0.870064 0.584289 0.871128 0.533365 0.829008 0.530584 0.827944 0.581508
0 0.479138 0.86528 0.482257 0.825251 0.460469 0.819886 0.45735 0.859915
0 0.437588 0.914168 0.442035 0.884471 0.423371 0.875638 0.418924 0.905335
0 0.861945 0.719396 0.869546 0.681116 0.852678 0.67053 0.845077 0.70881
0 0.318859 0.890218 0.317768 0.841416 0.289383 0.843422 0.290475 0.892224
0 0.492159 0.897972 0.49851 0.854016 0.477859 0.844587 0.471508 0.888542
0 0.029669 0.654949 0.075938 0.624703 0.0647307 0.570519 0.0184617 0.600766
0 0.30696 0.859101 0.331993 0.836816 0.324936 0.811764 0.299903 0.834049
0 0.82434 0.767201 0.826715 0.726239 0.803888 0.722057 0.801513 0.763019
0 0.444842 1.00805 0.45297 0.966616 0.438538 0.95767 0.430411 0.999105
0 0.310228 0.963147 0.331854 0.934033 0.321425 0.90955 0.299799 0.938664
0 0.417238 0.810803 0.427065 0.77501 0.415287 0.764789 0.405459 0.800582
0 0.586175 1.00479 0.606532 0.989787 0.592469 0.929493 0.572112 0.944499
0 0.190378 0.997156 0.207047 0.97924 0.200357 0.959567 0.183688 0.977483
0 0.0866177 0.782518 0.0840732 0.748944 0.0540876 0.756126 0.056632 0.7897
0 0.39205 1.01227 0.414106 0.964971 0.394823 0.936552 0.372767 0.98385
0 0.793501 0.760226 0.800681 0.735137 0.78088 0.717227 0.7737 0.742315
0 0.574332 0.573699 0.576955 0.531789 0.552486 0.526948 0.549863 0.568858
0 0.78773 1.04309 0.837111 0.961729 0.753294 0.800952 0.703913 0.882312
0 0.320292 0.982625 0.332402 0.953413 0.321081 0.93858 0.308971 0.967793
0 0.0615353 0.830449 0.0649621 0.797946 0.0457007 0.791528 0.0422739 0.824031
0 0.626721 0.999048 0.62099 0.926816 0.596114 0.933054 0.601845 1.00529
0 0.497794 0.807897 0.500059 0.787811 0.490017 0.784232 0.487752 0.804318
0 0.361682 0.757367 0.36288 0.723253 0.34237 0.720977 0.341172 0.755092
0 0.507977 0.856236 0.518136 0.832005 0.507035 0.817294 0.496876 0.841524
0 0.0616931 0.668362 0.0630109 0.637625 0.0462221 0.63535 0.0449043 0.666088
0 0.0783572 0.810484 0.0827214 0.785202 0.068983 0.777707 0.0646187 0.802989
0 0.553985 0.818361 0.555403 0.797301 0.535256 0.793015 0.533838 0.814075
0 0.407873 0.852672 0.4175 0.81946 0.404963 0.807976 0.395337 0.841188
0 0.49194 0.861615 0.50015 0.836759 0.488332 0.824423 0.480123 0.849279
0 0.57956 1.00261 0.582176 0.959719 0.564978 0.956404 0.562362 0.999293
0 0.543807 0.940878 0.549092 0.911501 0.533865 0.902844 0.52858 0.932221
0 0.434097 0.785295 0.439598 0.76662 0.425522 0.753515 0.420021 0.77219
0 0.545662 0.879031 0.549118 0.851477 0.532143 0.844749 0.528687 0.872303
0 0.545594 0.836744 0.548112 0.815546 0.533581 0.810091 0.531063 0.831289
0 0.522359 0.812746 0.524437 0.793029 0.513826 0.789495 0.511748 0.809211
0 0.80958 0.704395 0.812858 0.685071 0.796041 0.676057 0.792764 0.695381
0 0.938117 0.649988 0.935835 0.624056 0.910304 0.631158 0.912586 0.65709
0 0.0416411 0.844641 0.0477877 0.816685 0.0260502 0.80158 0.0199036 0.829536
0 0.56035 0.621337 0.589933 0.602741 0.583869 0.572254 0.554286 0.590851
0 0.776985 0.770352 0.786774 0.738259 0.765614 0.717861 0.755825 0.749954
0 0.238914 0.958207 0.248702 0.920468 0.235418 0.90958 0.225631 0.947319
0 0.802904 0.606985 0.806177 0.582614 0.790556 0.575985 0.787283 0.600356
0 0.498523 0.839108 0.504577 0.815742 0.491098 0.804703 0.485043 0.828068
0 0.0150497 0.879379 0.0344855 0.843076 0.0176536 0.814596 -0.00178222 0.850899
0 0.0997428 0.78575 0.104313 0.750006 0.0864039 0.742768 0.0818336 0.778512
0 0.430566 0.873045 0.439509 0.816752 0.417106 0.805503 0.408163 0.861796
0 0.0716806 0.748356 0.072179 0.723611 0.0536576 0.722432 0.0531592 0.747177
0 0.411996 1.0104 0.418478 0.985325 0.406001 0.975133 0.399519 1.00021
0 0.447668 0.847919 0.450182 0.824242 0.435892 0.819445 0.433377 0.843122
0 0.084717 0.734019 0.0849853 0.705702 0.0684679 0.705207 0.0681995 0.733524
0 0.272022 0.934016 0.274606 0.904956 0.256554 0.899882 0.25397 0.928941
0 0.178908 0.909386 0.192605 0.888661 0.1836 0.869851 0.169903 0.890576
0 0.425031 0.759301 0.426106 0.740035 0.41468 0.738021 0.413605 0.757287
0 0.51441 0.896202 0.520913 0.868545 0.500358 0.85327 0.493855 0.880927
0 0.299901 0.96882 0.302853 0.920495 0.273249 0.914779 0.270296 0.963104
0 0.376926 1.0096 0.380031 0.978108 0.346801 0.967753 0.343697 0.99924
0 0.879041 0.659543 0.888024 0.628158 0.865783 0.608038 0.8568 0.639423
0 0.527499 0.831824 0.530261 0.811275 0.517187 0.805719 0.514424 0.826269
0 0.0893071 0.641816 0.0905973 0.618755 0.0780873 0.616543 0.0767972 0.639604
0 0.794074 0.703861 0.795567 0.681518 0.780029 0.678236 0.778535 0.700579
0 0.441042 0.949188 0.452483 0.907489 0.438205 0.895108 0.426764 0.936807
0 0.238288 0.892128 0.242599 0.87261 0.233512 0.866266 0.229201 0.885784
0 0.107398 0.324762 0.106446 0.278149 0.0827555 0.279679 0.0837081 0.326292
0 0.388282 0.543869 0.388306 0.507286 0.367688 0.507243 0.367664 0.543826
0 0.855889 0.539168 0.857701 0.510104 0.834384 0.50551 0.832572 0.534573
0 0.38112 0.567174 0.3834 0.549602 0.370636 0.544367 0.368356 0.561939
0 0.0471821 0.750384 0.053047 0.731974 0.0433216 0.722182 0.0374567 0.740592
0 0.970167 0.498321 0.974236 0.442576 0.94296 0.43536 0.938891 0.491105
0 0.874592 0.548939 0.878903 0.525425 0.859995 0.51447 0.855684 0.537983
0 0.28632 0.838976 0.290598 0.815423 0.281476 0.810186 0.277199 0.83374
0 0.798675 0.739233 0.806219 0.709206 0.791232 0.697306 0.783689 0.727334
0 0.881481 0.523706 0.876882 0.475727 0.834551 0.488549 0.839149 0.536529
0 0.807764 0.792838 0.815965 0.767245 0.793304 0.744296 0.785103 0.769889
0 0.102871 0.757086 0.117223 0.708675 0.0994239 0.691999 0.0850725 0.740409
0 0.568454 0.905969 0.570152 0.865507 0.549328 0.862744 0.54763 0.903206
0 0.547478 0.394638 0.546645 0.342046 0.516966 0.343532 0.517799 0.396124
0 0.0678945 0.798108 0.0672721 0.774009 0.0476408 0.775612 0.0482632 0.799711
0 0.0112126 1.04067 0.111197 0.969426 0.0814216 0.837363 -0.0185633 0.908612
0 0.551131 0.594595 0.559463 0.567049 0.541103 0.549497 0.532771 0.577043
0 0.134325 1.0169 0.150327 0.991502 0.138681 0.968309 0.122678 0.993705
0 0.826987 0.59075 0.828901 0.572954 0.815514 0.568405 0.8136 0.586201
0 0.425216 0.411661 0.425495 0.346537 0.388809 0.346041 0.38853 0.411164
0 0.536321 0.921056 0.540241 0.891307 0.524944 0.884935 0.521024 0.914684
0 0.638625 0.910043 0.642272 0.867747 0.618001 0.861133 0.614354 0.903429
0 0.552334 0.851549 0.55428 0.831763 0.541266 0.827718 0.53932 0.847504
0 0.245509 0.97317 0.250638 0.952296 0.24076 0.944625 0.235631 0.965499
0 0.642315 0.628866 0.643134 0.592069 0.623168 0.590663 0.622349 0.627461
0 0.47669 0.137344 0.481291 0.0917734 0.447276 0.0809198 0.442675 0.12649
0 0.857258 0.680176 0.857484 0.656376 0.835868 0.655727 0.835642 0.679528
0 0.554136 0.921783 0.557411 0.892439 0.541895 0.886967 0.538621 0.916311
0 0.913964 0.644656 0.915622 0.619481 0.898925 0.616005 0.897267 0.64118
0 0.447282 0.667915 0.450591 0.641247 0.436961 0.635902 0.433651 0.66257
0 0.474301 0.730104 0.47761 0.70959 0.466283 0.703816 0.462975 0.72433
0 0.788998 0.644856 0.804525 0.616074 0.792868 0.5962 0.777341 0.624982
0 0.204593 1.00834 0.218762 0.994309 0.212891 0.975575 0.198722 0.989608
0 0.591239 0.933911 0.599401 0.916627 0.58303 0.892196 0.574869 0.90948
0 0.277872 0.737662 0.289789 0.693703 0.271565 0.678089 0.259648 0.722048
0 0.568737 0.108437 0.57549 0.0510125 0.555657 0.0436411 0.548904 0.101065
0 0.574685 0.802299 0.576632 0.76643 0.556104 0.762908 0.554156 0.798777
0 0.128625 0.805459 0.131249 0.783573 0.107 0.774385 0.104376 0.796271
0 0.441266 0.7165 0.445893 0.699055 0.434217 0.689267 0.42959 0.706712
0 0.213682 0.97293 0.228031 0.948715 0.219095 0.931978 0.204746 0.956193
0 0.409559 0.67846 0.415775 0.649974 0.405309 0.642757 0.399094 0.671243
0 0.360849 0.820089 0.384036 0.798111 0.375544 0.769796 0.352357 0.791774
0 0.340832 0.797433 0.342687 0.751195 0.318283 0.748102 0.316429 0.79434
0 0.584856 0.889625 0.591568 0.845109 0.565214 0.83255 0.558502 0.877066
0 0.81307 0.668508 0.819656 0.651287 0.80398 0.632337 0.797393 0.649558
0 0.447287 0.774471 0.448209 0.752215 0.434899 0.750473 0.433977 0.772728
0 0.0826507 0.821575 0.0891904 0.80345 0.0796714 0.792595 0.0731317 0.810719
0 0.0352802 0.858953 0.053825 0.845921 0.0497692 0.827681 0.0312244 0.840713
0 0.118977 0.982782 0.133402 0.948617 0.123801 0.935805 0.109376 0.96997
0 0.396728 0.569793 0.397891 0.55055 0.386003 0.548279 0.38484 0.567522
0 0.291682 0.919266 0.296891 0.880851 0.279083 0.873219 0.273874 0.911633
0 0.489103 0.732781 0.494057 0.705574 0.481631 0.698423 0.476677 0.725631
0 0.434983 0.695318 0.434543 0.668299 0.415754 0.669266 0.416195 0.696285
0 0.483429 0.831425 0.485615 0.812985 0.473345 0.808389 0.471159 0.826829
0 0.207805 0.993847 0.217324 0.973269 0.208677 0.960627 0.199158 0.981205
0 0.0522111 0.736461 0.0657637 0.715922 0.0567327 0.697088 0.0431801 0.717628
0 0.38279 0.106018 0.378322 0.0666439 0.354638 0.0751392 0.359106 0.114514
0 0.363084 0.564851 0.367438 0.545246 0.35652 0.537582 0.352165 0.557186
0 0.870446 0.757108 0.871267 0.732319 0.856385 0.730761 0.855564 0.75555
0 0.28515 0.788685 0.292489 0.762798 0.283112 0.754396 0.275773 0.780283
0 0.155028 0.436247 0.163409 0.385947 0.115409 0.360671 0.107028 0.41097
0 0.82665 0.788284 0.830574 0.765911 0.812607 0.75595 0.808683 0.778323
0 0.405158 0.816954 0.410543 0.792289 0.39753 0.78331 0.392145 0.807974
0 0.510586 0.608515 0.512646 0.587694 0.501205 0.584115 0.499144 0.604936
0 0.236 0.963066 0.245085 0.932038 0.23436 0.922112 0.225274 0.95314
0 0.401571 0.749486 0.40302 0.731539 0.387501 0.727579 0.386052 0.745526
0 0.217273 0.905586 0.228988 0.880798 0.220791 0.868554 0.209076 0.893342
0 0.831064 0.663791 0.836805 0.638796 0.814992 0.622961 0.809251 0.647956
0 0.0331468 0.791478 0.0373915 0.772049 0.0262501 0.764356 0.0220054 0.783784
0 0.186013 0.964966 0.19376 0.942949 0.184465 0.932612 0.176718 0.954629
0 0.439494 0.806752 0.445341 0.794349 0.435541 0.779747 0.429694 0.79215
0 0.564204 0.850266 0.566667 0.827419 0.553858 0.823056 0.551395 0.845902
0 0.287523 0.994416 0.310906 0.971218 0.303188 0.946632 0.279805 0.96983
0 0.233974 0.99312 0.24161 0.97366 0.233841 0.964026 0.226205 0.983486
0 0.890256 0.629925 0.892491 0.610744 0.87999 0.606142 0.877756 0.625323
0 0.986714 0.505584 0.986406 0.481945 0.964513 0.482847 0.964821 0.506486
0 0.523099 0.872978 0.525223 0.854437 0.513373 0.850146 0.511249 0.868687
0 0.887332 0.699221 0.88698 0.662327 0.869172 0.662863 0.869523 0.699757
0 0.333095 0.995142 0.346386 0.971139 0.334313 0.950012 0.321022 0.974015
0 0.355117 0.833169 0.361383 0.789817 0.339556 0.779847 0.333291 0.823199
0 0.153786 0.998405 0.163403 0.978404 0.155068 0.965736 0.14545 0.985736
0 0.460777 0.90438 0.467814 0.879457 0.457738 0.870465 0.450701 0.895388
0 0.45056 0.794021 0.454902 0.775303 0.444072 0.767363 0.43973 0.786081
0 0.230211 0.935377 0.235891 0.909534 0.22516 0.90208 0.21948 0.927923
0 0.900977 0.642452 0.902618 0.61947 0.887877 0.616142 0.886236 0.639125
0 0.0750728 0.661264 0.0779815 0.640828 0.0666189 0.635716 0.0637102 0.656153
0 0.42914 1.00113 0.440223 0.969741 0.428035 0.956142 0.416952 0.987532
0 0.439002 0.88672 0.441356 0.86788 0.426869 0.862158 0.424515 0.880999
0 0.284342 0.877962 0.288963 0.858593 0.281013 0.852598 0.276392 0.871967
0 0.220018 1.01027 0.226169 0.994258 0.218271 0.984668 0.21212 1.00068
0 0.210808 0.973255 0.221727 0.948487 0.212997 0.936324 0.202078 0.961093
0 0.00342998 0.900765 0.0185935 0.874587 0.00791988 0.855047 -0.00724363 0.881224
0 0.0505842 0.796713 0.0540393 0.771984 0.0423241 0.766811 0.0388689 0.791539
0 0.461969 0.62299 0.470604 0.601857 0.455023 0.581734 0.446387 0.602867
0 0.63778 0.802954 0.630594 0.732356 0.604958 0.740603 0.612144 0.811201
0 0.43599 0.734025 0.436532 0.711966 0.422574 0.710882 0.422032 0.732941
0 0.112544 0.89871 0.114986 0.879493 0.105736 0.875779 0.103295 0.894996
0 0.222698 0.986123 0.22944 0.966829 0.221401 0.95795 0.214659 0.977244
0 0.230411 0.909734 0.235622 0.887678 0.226805 0.881094 0.221594 0.903149
0 0.153062 0.643669 0.157712 0.61839 0.144755 0.610856 0.140104 0.636135
0 0.151051 0.974839 0.160128 0.948041 0.147978 0.935033 0.1389 0.961831
0 0.44411 0.813305 0.449468 0.802012 0.43858 0.785685 0.433222 0.796978
0 0.50989 0.753719 0.517277 0.732609 0.502492 0.716259 0.495106 0.737369
0 0.441375 0.758126 0.441803 0.736927 0.430024 0.736175 0.429595 0.757374
0 0.399339 0.833633 0.404351 0.80695 0.392639 0.799997 0.387627 0.82668
0 0.485886 0.688248 0.488746 0.660684 0.472409 0.655327 0.469549 0.682892
0 0.420348 0.813266 0.427494 0.779709 0.418017 0.773331 0.410871 0.806887
