0 0.37719 0.929178 0.398341 0.87732 0.377833 0.850884 0.356682 0.902742
0 0.249872 1.01558 0.278469 0.987099 0.268435 0.955258 0.239838 0.98374
0 0.0543589 1.00934 0.0636563 0.968564 0.0430796 0.953735 0.0337822 0.994509
0 0.0844001 0.703888 0.0909664 0.687433 0.0739885 0.666021 0.0674222 0.682476
0 0.412125 0.730161 0.426509 0.709325 0.410082 0.673486 0.395699 0.694322
0 0.0526264 0.644562 0.0547635 0.620282 0.03598 0.615056 0.0338428 0.639336
0 0.524809 0.914938 0.515067 0.827303 0.451922 0.849489 0.461664 0.937124
0 0.0746449 0.676186 0.076168 0.64992 0.0587578 0.646729 0.0572347 0.672995
0 0.071798 0.941308 0.0846154 0.908383 0.0729639 0.894048 0.0601465 0.926972
0 0.370204 0.814401 0.376164 0.788854 0.360414 0.777242 0.354455 0.80279
0 0.077105 0.634646 0.0799458 0.611263 0.067951 0.606658 0.0651102 0.630041
0 0.106395 0.751308 0.10755 0.722741 0.0907373 0.720592 0.0895823 0.74916
0 0.388835 0.839459 0.394578 0.814124 0.380683 0.804169 0.37494 0.829504
0 0.272539 0.781412 0.280506 0.745084 0.268006 0.73642 0.260039 0.772748
0 0.0544898 0.617018 0.0669841 0.589254 0.0569321 0.574957 0.0444377 0.60272
0 0.411739 0.834993 0.414178 0.806067 0.397266 0.80156 0.394827 0.830486
0 0.0706752 0.912009 0.0908523 0.889193 0.0826614 0.8663 0.0624843 0.889116
0 0.18637 0.927207 0.193122 0.903001 0.174498 0.886581 0.167746 0.910787
0 0.018008 0.911012 0.0483028 0.841508 0.0185111 0.800468 -0.0117838 0.869972
0 0.382104 0.871339 0.38855 0.843621 0.373119 0.832281 0.366674 0.859998
0 0.0868387 0.58686 0.0893498 0.565898 0.0703635 0.55871 0.0678523 0.579671
0 0.0859389 0.656778 0.0889795 0.637408 0.0786512 0.632284 0.0756106 0.651654
0 0.170534 0.949903 0.169691 0.916191 0.151871 0.9176 0.152714 0.951312
0 0.200041 0.949676 0.208951 0.912571 0.191853 0.899594 0.182943 0.936699
0 0.244472 0.890405 0.245945 0.870427 0.23274 0.867351 0.231267 0.887329
0 0.0730537 0.289561 0.0669279 0.240073 0.0474152 0.247707 0.0535411 0.297195
0 0.355901 0.842569 0.373606 0.818871 0.365124 0.798844 0.34742 0.822542
0 0.0768448 0.741364 0.078936 0.703481 0.0530729 0.698969 0.0509817 0.736852
0 0.233689 0.87205 0.235899 0.847784 0.223002 0.844072 0.220792 0.868338
0 0.488844 0.794399 0.495057 0.772986 0.477575 0.756952 0.471361 0.778365
0 0.497136 0.767219 0.499401 0.7285 0.479474 0.724816 0.477209 0.763535
0 0.0625601 0.632611 0.0667037 0.612131 0.0560509 0.605319 0.0519073 0.625799
0 0.521447 0.808646 0.528706 0.777557 0.504257 0.759513 0.496998 0.790603
0 0.332969 0.998445 0.334539 0.969133 0.319373 0.966565 0.317803 0.995877
0 0.410242 0.808691 0.413563 0.780021 0.400561 0.77526 0.397239 0.80393
0 0.123582 0.97432 0.141058 0.954519 0.133736 0.934097 0.11626 0.953898
0 0.270113 0.97504 0.276381 0.947382 0.259836 0.935531 0.253567 0.96319
0 0.109433 0.6975 0.115143 0.678831 0.105529 0.669535 0.0998179 0.688204
0 0.365158 0.900378 0.372944 0.862176 0.358139 0.85264 0.350354 0.890842
0 0.366271 0.861164 0.380865 0.831148 0.37119 0.81628 0.356596 0.846296
0 0.435568 0.877522 0.439651 0.839808 0.41798 0.832393 0.413897 0.870107
0 0.0668263 1.00998 0.0944141 0.960696 0.081621 0.938062 0.0540331 0.987345
0 0.0141671 0.779148 0.0318913 0.754794 0.0212125 0.730231 0.0034883 0.754584
0 0.33947 0.141101 0.341208 0.08522 0.309975 0.0821491 0.308236 0.13803
0 0.469722 0.668309 0.469228 0.643397 0.453413 0.644388 0.453906 0.6693
0 0.22144 0.956902 0.243023 0.900975 0.219227 0.871952 0.197644 0.927878
0 0.0930121 0.94141 0.111992 0.893941 0.0948029 0.872219 0.0758228 0.919688
0 0.0625777 0.654867 0.0640444 0.635527 0.0526793 0.632803 0.0512125 0.652143
0 0.0343343 0.723687 0.0435014 0.703741 0.0340986 0.690083 0.0249315 0.710029
0 0.0548975 0.949075 0.0704438 0.911009 0.0550072 0.891084 0.0394609 0.929149
0 0.282025 0.990167 0.292738 0.967279 0.282073 0.951502 0.27136 0.974389
0 0.340851 0.869503 0.342656 0.828943 0.317265 0.825373 0.315461 0.865933
0 0.103625 1.00366 0.102284 0.970869 0.0768522 0.974156 0.0781933 1.00695
0 0.0502101 0.912444 0.0657807 0.889928 0.0574611 0.871745 0.0418905 0.894262
0 0.0182703 0.71445 0.0359547 0.689865 0.0269899 0.669484 0.00930549 0.694069
0 0.182975 0.95267 0.185702 0.92695 0.171759 0.922278 0.169032 0.947997
0 0.0739707 0.651594 0.0749206 0.634748 0.063559 0.632723 0.0626091 0.649569
0 0.335476 0.708441 0.336866 0.688231 0.323155 0.68525 0.321764 0.705459
0 0.983629 1.06485 1.00654 0.912837 0.763348 0.796964 0.740432 0.948974
0 0.12705 0.661463 0.128911 0.638992 0.116482 0.635738 0.114621 0.658209
0 0.128791 0.924698 0.146647 0.900996 0.13931 0.883525 0.121453 0.907226
0 0.267067 0.747655 0.277491 0.725157 0.269066 0.712822 0.258643 0.73532
0 0.230117 0.628526 0.229829 0.58767 0.20897 0.588136 0.209259 0.628992
0 0.419512 0.951248 0.433919 0.93376 0.418373 0.893284 0.403966 0.910771
0 0.13386 0.837261 0.142407 0.817369 0.133283 0.804976 0.124735 0.824868
0 0.096809 0.5446 0.0974577 0.526791 0.0866626 0.525548 0.0860139 0.543357
0 0.132374 0.902597 0.136577 0.854306 0.110386 0.847102 0.106183 0.895393
0 0.396997 0.856857 0.40009 0.83828 0.389206 0.832553 0.386113 0.851129
0 0.0931268 0.635109 0.0953012 0.615215 0.0859556 0.611987 0.0837812 0.63188
0 0.146684 0.997294 0.156283 0.971819 0.14701 0.960775 0.137411 0.98625
0 0.166909 0.846581 0.168411 0.822375 0.154537 0.819654 0.153035 0.843861
0 0.0365215 1.006 0.0348933 0.962137 0.00392511 0.96577 0.00555337 1.00963
0 0.423429 0.823193 0.426172 0.795365 0.408866 0.789975 0.406123 0.817803
0 0.102785 0.969934 0.118997 0.9258 0.108221 0.913289 0.092009 0.957424
0 0.107791 0.569277 0.10919 0.550453 0.0974367 0.547694 0.0960382 0.566517
0 0.285915 0.842034 0.291783 0.818097 0.276774 0.806467 0.270905 0.830404
0 0.186935 0.871911 0.188155 0.854126 0.174932 0.851259 0.173712 0.869044
0 0.573495 0.997859 0.579627 0.961977 0.553846 0.948054 0.547715 0.983936
0 0.146502 0.816917 0.151846 0.797174 0.140055 0.787086 0.13471 0.806828
0 0.263877 0.794014 0.268175 0.775105 0.256996 0.767075 0.252698 0.785983
0 0.198591 0.908018 0.202565 0.890048 0.191112 0.882043 0.187138 0.900012
0 0.083438 0.070166 0.103599 0.0423037 0.0749574 -0.0231952 0.0547967 0.00466716
0 0.128057 1.00558 0.133668 0.975797 0.118935 0.967023 0.113323 0.996807
0 0.918634 0.87917 0.934765 0.799934 0.830994 0.733165 0.814863 0.812401
0 0.114224 0.619159 0.115045 0.596871 0.101359 0.595279 0.100539 0.617568
0 0.464716 0.843672 0.481968 0.820149 0.472988 0.799333 0.455735 0.822856
0 0.255676 0.769198 0.26521 0.756471 0.254735 0.731672 0.245201 0.7444
0 0.359305 0.751825 0.362598 0.729045 0.351572 0.724009 0.34828 0.74679
0 0.0184516 0.964925 0.0292252 0.931858 0.0172329 0.919509 0.00645929 0.952576
0 0.0952146 0.567873 0.0965514 0.548881 0.0855976 0.546444 0.0842607 0.565436
0 0.122582 0.919363 0.125815 0.897893 0.114256 0.892392 0.111023 0.913862
0 0.151045 0.838374 0.156262 0.812214 0.145261 0.805281 0.140044 0.831441
0 0.158131 0.999795 0.1662 0.973935 0.156667 0.964534 0.148598 0.990394
0 0.137946 0.730405 0.14102 0.706572 0.123964 0.699619 0.12089 0.723452
0 0.191012 0.312345 0.191724 0.278543 0.162388 0.27659 0.161675 0.310392
0 0.236427 0.243395 0.255146 0.200358 0.2176 0.148744 0.198881 0.191781
0 0.0351528 0.131375 0.0336094 0.0761763 -0.0037823 0.0794805 -0.00223894 0.134679
0 0.256937 0.950379 0.271451 0.90157 0.257363 0.888331 0.24285 0.93714
0 0.299797 0.918535 0.303686 0.898015 0.288982 0.889207 0.285093 0.909727
0 0.206498 0.901241 0.21057 0.879481 0.201416 0.874067 0.197344 0.895827
0 0.286641 0.701074 0.288734 0.677708 0.275192 0.673875 0.2731 0.697241
0 0.296839 0.671212 0.299105 0.651129 0.286024 0.646463 0.283757 0.666546
0 0.0315144 0.972968 0.0360143 0.942377 0.0223311 0.936016 0.0178312 0.966607
0 0.113638 0.991452 0.116874 0.966834 0.103002 0.96107 0.0997654 0.985688
0 0.106641 0.717055 0.111228 0.695856 0.0982729 0.686996 0.0936858 0.708195
0 0.31379 0.717724 0.315441 0.695863 0.302816 0.692849 0.301165 0.71471
0 0.401506 0.800424 0.415387 0.760451 0.397912 0.741273 0.384031 0.781246
0 0.0614002 0.887015 0.0866989 0.866421 0.0814102 0.845888 0.0561115 0.866482
0 0.0419811 0.973562 0.0585845 0.945397 0.0487046 0.92699 0.0321012 0.955155
0 0.0527501 0.671875 0.0533672 0.652188 0.0416646 0.651029 0.0410475 0.670715
0 0.134055 0.811867 0.139229 0.789998 0.129262 0.782545 0.124088 0.804414
0 0.0895765 0.748239 0.0899849 0.728871 0.0752267 0.727887 0.0748184 0.747255
0 0.410463 0.853132 0.412494 0.828833 0.398846 0.825228 0.396815 0.849528
0 0.487037 0.820296 0.493567 0.800885 0.478893 0.785284 0.472363 0.804695
0 0.0344701 0.932489 0.0489283 0.896643 0.0350308 0.878927 0.0205727 0.914773
0 0.411932 0.892797 0.41558 0.858866 0.396082 0.85224 0.392434 0.886171
0 0.0778998 0.808787 0.0722688 0.770814 0.0404139 0.785743 0.0460449 0.823717
0 0.139561 0.989646 0.146086 0.963797 0.13446 0.95452 0.127934 0.98037
0 0.122683 0.685002 0.125528 0.663515 0.114176 0.658764 0.111331 0.680252
0 0.730986 1.02678 0.78377 0.942581 0.717725 0.811731 0.66494 0.895935
0 0.179883 0.972092 0.1853 0.948009 0.176155 0.941508 0.170738 0.96559
0 0.0957292 0.697721 0.102223 0.676802 0.0934754 0.66822 0.0869818 0.68914
0 0.340828 0.919255 0.348824 0.885583 0.335892 0.875878 0.327896 0.90955
0 0.288875 0.738348 0.300753 0.717209 0.292306 0.702209 0.280428 0.723348
0 0.255265 0.619439 0.256853 0.591611 0.243609 0.589222 0.242021 0.617051
0 0.115732 0.862051 0.128619 0.845868 0.121581 0.828154 0.108694 0.844336
0 0.289264 0.762992 0.302788 0.741696 0.293809 0.723675 0.280285 0.744971
0 0.131309 0.553209 0.133304 0.53165 0.120766 0.527984 0.118771 0.549543
0 0.381729 0.795337 0.388993 0.768538 0.377272 0.758497 0.370008 0.785296
0 0.0292263 0.653631 0.0311352 0.631487 0.017638 0.627809 0.015729 0.649954
0 0.165663 0.977508 0.172985 0.951041 0.163039 0.942344 0.155717 0.968811
0 0.113038 0.650683 0.113962 0.624992 0.0943255 0.622759 0.093401 0.64845
0 0.368901 0.619397 0.370193 0.60081 0.358909 0.59833 0.357617 0.616917
0 0.047096 0.697906 0.0490976 0.676477 0.0383897 0.673316 0.0363881 0.694746
0 0.554208 0.902845 0.559004 0.862343 0.535078 0.853389 0.530283 0.893891
0 0.027555 0.632567 0.0283403 0.610456 0.0112459 0.608537 0.0104607 0.630649
0 0.239088 0.740204 0.239472 0.721774 0.227397 0.720978 0.227012 0.739407
0 0.263796 0.819591 0.266556 0.798917 0.253315 0.793331 0.250555 0.814005
0 0.427683 0.843131 0.431356 0.818024 0.417678 0.811699 0.414005 0.836806
0 0.198767 0.885997 0.200972 0.866247 0.186074 0.86099 0.183869 0.880741
0 0.515907 0.936972 0.523087 0.918882 0.50899 0.901201 0.501811 0.919291
0 0.367911 0.790943 0.378648 0.769726 0.363889 0.746121 0.353152 0.767339
0 0.142401 0.9752 0.153668 0.95496 0.144915 0.93956 0.133648 0.9598
0 0.0478684 0.660801 0.0485457 0.639948 0.0336216 0.638416 0.0329442 0.659269
0 0.154497 0.636353 0.159645 0.572136 0.126921 0.563845 0.121773 0.628062
0 0.235025 0.834256 0.238566 0.81737 0.228246 0.81053 0.224705 0.827415
0 0.284339 0.746102 0.299241 0.718557 0.28949 0.701883 0.274587 0.729428
0 0.108883 0.677431 0.11634 0.658551 0.107211 0.647155 0.099754 0.666035
0 0.0561607 0.707769 0.0586735 0.683896 0.0491488 0.680728 0.046636 0.7046
0 0.187143 0.896365 0.189752 0.875924 0.172659 0.869028 0.17005 0.889469
0 0.257107 0.679113 0.257053 0.658499 0.244492 0.658602 0.244546 0.679217
0 0.211344 0.960419 0.21382 0.93043 0.199755 0.926761 0.197279 0.95675
0 0.331285 0.729445 0.332015 0.708822 0.319736 0.707448 0.319007 0.728072
0 0.179391 0.928624 0.182028 0.906944 0.166245 0.900877 0.163608 0.922557
0 0.0902127 0.809307 0.100889 0.78231 0.0881065 0.766333 0.0774298 0.793329
0 0.141982 0.854718 0.144992 0.831436 0.13258 0.826365 0.12957 0.849647
0 0.0804089 0.510593 0.0915413 0.489023 0.0828852 0.474904 0.0717527 0.496474
0 0.0615909 0.971564 0.0751889 0.940171 0.0652106 0.926511 0.0516126 0.957904
0 0.0669379 0.887728 0.0907503 0.866352 0.0853372 0.847294 0.0615249 0.86867
0 0.174794 0.860772 0.175521 0.842685 0.160873 0.840824 0.160146 0.85891
0 0.213314 0.934998 0.222524 0.897431 0.207364 0.885685 0.198154 0.923252
0 0.154205 0.931004 0.159331 0.905111 0.142579 0.89463 0.137453 0.920522
0 0.115298 0.962637 0.129166 0.9362 0.120242 0.921404 0.106373 0.947841
0 0.567078 0.863799 0.576796 0.82399 0.56498 0.814874 0.555262 0.854683
0 0.195896 0.49975 0.198635 0.478197 0.180729 0.471004 0.17799 0.492557
0 0.278926 0.875751 0.279241 0.852843 0.262573 0.852119 0.262258 0.875027
0 0.272893 0.379613 0.279747 0.327259 0.237572 0.309808 0.230718 0.362163
0 0.361383 0.933945 0.366629 0.911094 0.355476 0.903002 0.35023 0.925853
0 0.0965743 0.521539 0.101511 0.50309 0.0921489 0.495173 0.0872124 0.513621
0 0.438482 0.847526 0.445514 0.827418 0.434783 0.815556 0.427751 0.835664
0 0.461279 0.887836 0.461123 0.83344 0.436736 0.83366 0.436892 0.888056
0 0.170151 0.996026 0.1817 0.969828 0.17285 0.957498 0.161301 0.983696
0 0.372016 0.738681 0.374563 0.719829 0.365183 0.715822 0.362635 0.734675
0 0.397848 0.814897 0.401405 0.792057 0.386512 0.784726 0.382955 0.807566
0 0.00945182 0.794056 0.012656 0.764996 -0.000736491 0.760329 -0.00394066 0.789389
0 0.087593 0.892776 0.101005 0.874455 0.0939733 0.858185 0.0805609 0.876506
0 0.211922 0.771936 0.215041 0.749869 0.202083 0.744083 0.198965 0.766149
0 0.526454 0.83212 0.531127 0.81218 0.513292 0.798969 0.508619 0.818909
0 0.34728 0.841147 0.356639 0.815601 0.347048 0.804496 0.337689 0.830042
0 0.432999 0.80648 0.435 0.781099 0.423956 0.778348 0.421956 0.803729
0 0.264623 0.755826 0.273336 0.736705 0.264599 0.724122 0.255886 0.743244
0 0.0573329 0.673696 0.0592288 0.65374 0.0493655 0.650778 0.0474696 0.670735
0 0.0933749 0.955105 0.107066 0.927001 0.0965633 0.910831 0.0828726 0.938936
0 0.28061 0.811556 0.282761 0.788689 0.266433 0.783836 0.264283 0.806703
0 0.0764863 0.795869 0.0994023 0.763066 0.0871578 0.736031 0.0642417 0.768834
0 0.194606 0.247724 0.211462 0.181938 0.167254 0.14614 0.150398 0.211925
0 0.523976 0.888629 0.538373 0.87912 0.529328 0.835837 0.514931 0.845346
0 0.201101 0.999638 0.20591 0.948048 0.182259 0.941079 0.177449 0.992669
0 0.00460618 0.847034 0.0126689 0.816049 0.00123347 0.806644 -0.00682923 0.83763
0 0.15307 0.873724 0.154264 0.852995 0.141191 0.850616 0.139997 0.871345
0 0.0531082 0.781476 0.0779938 0.759827 0.0688337 0.726549 0.0439481 0.748198
0 0.215725 0.580517 0.206443 0.502802 0.150917 0.523762 0.160199 0.601477
0 0.082988 0.674086 0.0845465 0.654338 0.0725339 0.651341 0.0709754 0.67109
0 0.135464 0.0969505 0.134489 0.0504442 0.0922119 0.053246 0.0931871 0.0997523
0 0.147579 0.94341 0.152037 0.923422 0.141279 0.915838 0.13682 0.935825
0 0.276647 0.320991 0.300504 0.308273 0.282455 0.201261 0.258597 0.213978
0 0.0477165 0.3068 0.0545084 0.265342 0.0264819 0.25083 0.01969 0.292289
0 0.0733162 0.707414 0.0761263 0.689635 0.060102 0.68163 0.0572919 0.699409
0 0.12306 0.611021 0.129034 0.59508 0.115424 0.578961 0.10945 0.594903
0 0.188787 0.29047 0.208309 0.244952 0.180119 0.206741 0.160597 0.252259
0 0.00598678 0.950659 0.0224185 0.922144 0.0130801 0.905137 -0.00335165 0.933652
0 0.0611996 0.551356 0.0702567 0.526958 0.0603164 0.515296 0.0512593 0.539694
0 0.0668895 0.532575 0.0652829 0.4934 0.0410724 0.496537 0.042679 0.535713
0 0.388742 0.807458 0.391358 0.786676 0.37961 0.782004 0.376995 0.802785
0 0.271467 0.892621 0.274672 0.872264 0.261021 0.865474 0.257817 0.885831
0 0.369585 0.77327 0.374334 0.746331 0.36026 0.738491 0.355512 0.76543
0 0.615288 0.637003 0.608365 0.565781 0.58759 0.572163 0.594513 0.643385
0 0.460446 0.707281 0.469923 0.683137 0.455371 0.665087 0.445895 0.689232
0 0.0459737 0.613058 0.0498084 0.595077 0.0375647 0.586825 0.0337299 0.604805
0 0.0429819 0.76532 0.0555362 0.744016 0.0483493 0.730631 0.035795 0.751935
0 0.0616648 0.544394 0.0764854 0.520937 0.0687146 0.50542 0.053894 0.528877
0 0.575311 0.956605 0.587638 0.936018 0.571448 0.905377 0.55912 0.925965
0 0.146942 0.798012 0.155541 0.770885 0.14578 0.761107 0.137181 0.788234
0 0.34159 0.579582 0.347169 0.558266 0.33671 0.549614 0.331131 0.57093
0 0.0355477 0.755059 0.0476594 0.740499 0.0418265 0.725164 0.0297148 0.739724
0 0.533731 0.813269 0.53583 0.791688 0.523924 0.788028 0.521825 0.809609
0 0.348244 0.740272 0.349766 0.722646 0.338956 0.719694 0.337433 0.73732
0 0.0858825 0.610994 0.0884262 0.597824 0.0801938 0.592798 0.0776501 0.605968
0 0.245578 0.928646 0.254453 0.900688 0.245185 0.89139 0.23631 0.919348
0 0.251139 0.877918 0.252811 0.860239 0.241732 0.856928 0.24006 0.874607
0 0.0104165 0.980505 0.0119206 0.941982 -0.00178158 0.940291 -0.00328566 0.978814
0 0.292063 0.713053 0.296719 0.696222 0.287365 0.688042 0.282708 0.704874
0 0.155434 0.678941 0.177888 0.657118 0.170421 0.632833 0.147966 0.654656
0 0.0203138 0.743005 0.0236513 0.724986 0.0121431 0.718249 0.00880561 0.736269
0 0.444601 0.840963 0.451855 0.819097 0.44286 0.809666 0.435606 0.831533
0 0.0912287 0.672019 0.0984816 0.65698 0.0906641 0.645065 0.0834112 0.660104
0 0.595037 0.838237 0.59615 0.816535 0.579826 0.813891 0.578713 0.835592
0 0.153925 0.56145 0.185993 0.542267 0.180167 0.511484 0.148099 0.530667
0 0.238128 0.817946 0.247257 0.795848 0.239619 0.785876 0.23049 0.807974
0 0.0394832 0.950845 0.048888 0.925275 0.0396284 0.914511 0.0302236 0.940082
0 0.00563684 0.829884 0.0239728 0.80182 0.01292 0.778997 -0.00541594 0.807061
0 0.0866784 0.846235 0.094249 0.825903 0.085985 0.816178 0.0784144 0.836509
0 0.214618 0.271316 0.219979 0.231409 0.203198 0.224284 0.197838 0.264191
0 0.295656 0.365787 0.301451 0.305115 0.278614 0.29822 0.272818 0.358892
0 0.284681 0.964418 0.289482 0.944 0.277463 0.935066 0.272661 0.955485
0 0.282498 0.718981 0.283732 0.698316 0.271625 0.696033 0.270392 0.716698
0 0.608242 0.568143 0.631945 0.479214 0.612925 0.463192 0.589222 0.552121
0 0.535536 0.941224 0.544907 0.918857 0.527351 0.895611 0.51798 0.917978
0 0.0843041 0.483147 0.086891 0.465098 0.0772418 0.460727 0.0746549 0.478777
0 0.47128 0.816741 0.478875 0.784574 0.460362 0.770758 0.452766 0.802925
0 0.205752 0.523907 0.209005 0.499367 0.191452 0.492014 0.188199 0.516554
0 0.393282 0.152197 0.397007 0.117092 0.358444 0.104159 0.354719 0.139264
0 0.520216 0.672338 0.524531 0.635909 0.500399 0.626874 0.496084 0.663303
0 0.0295034 0.781423 0.0394553 0.760021 0.031048 0.747665 0.0210961 0.769068
0 0.258411 0.546918 0.261051 0.523087 0.246446 0.517972 0.243805 0.541803
0 0.216554 1.01327 0.23313 0.987164 0.220676 0.962168 0.2041 0.988269
0 0.217703 0.8928 0.223297 0.872962 0.211875 0.862784 0.206281 0.882621
0 0.558549 0.861854 0.564353 0.819732 0.551355 0.814071 0.54555 0.856193
0 0.291327 0.797567 0.299985 0.771319 0.28265 0.753249 0.273993 0.779498
0 0.242068 0.85046 0.245409 0.832476 0.235977 0.826937 0.232636 0.844921
0 0.236103 0.964442 0.246297 0.927885 0.230143 0.913649 0.219949 0.950206
0 0.216793 0.977808 0.227726 0.953917 0.217321 0.938867 0.206388 0.962758
0 0.106413 0.826816 0.114111 0.801199 0.102127 0.789819 0.0944297 0.815436
0 0.00819225 0.762553 0.0124931 0.73472 -4.74878e-05 0.728596 -0.00434834 0.756429
0 0.320442 0.978954 0.325509 0.955966 0.314511 0.948305 0.309444 0.971293
0 0.354386 0.861006 0.361021 0.837516 0.351168 0.828721 0.344534 0.852212
0 0.357686 0.613721 0.358979 0.594567 0.345302 0.591648 0.344009 0.610802
0 0.13923 0.895485 0.147171 0.877694 0.137696 0.864327 0.129755 0.882119
0 0.114391 0.889735 0.120217 0.858013 0.107289 0.850509 0.101463 0.882232
0 0.244051 0.788011 0.250223 0.768424 0.242 0.760235 0.235828 0.779822
0 0.0851047 0.7235 0.0907819 0.705151 0.0746033 0.68933 0.0689261 0.70768
