0 0.185753 0.6206 0.187686 0.597966 0.174615 0.594437 0.172681 0.617071
0 0.206407 0.996862 0.235256 0.916772 0.209055 0.886944 0.180206 0.967033
0 0.0674798 0.777883 0.0749704 0.733577 0.0564891 0.723702 0.0489985 0.768008
0 0.448821 0.816635 0.452756 0.78503 0.43176 0.776767 0.427825 0.808372
0 0.379542 0.764898 0.390783 0.736248 0.376928 0.719068 0.365687 0.747717
0 0.0984569 0.968467 0.104061 0.897914 0.0502051 0.884393 0.0446004 0.954945
0 0.115923 0.926856 0.134639 0.877175 0.114058 0.852669 0.0953409 0.902351
0 0.0773438 0.800589 0.0825194 0.77326 0.0690032 0.76517 0.0638276 0.792499
0 0.357339 0.991782 0.355998 0.941012 0.32797 0.943352 0.329311 0.994122
0 0.37536 0.658245 0.385535 0.625616 0.372168 0.612442 0.361993 0.645071
0 0.167756 0.591509 0.17059 0.569963 0.155288 0.5636 0.152454 0.585147
0 0.0341008 0.560214 0.0545537 0.528981 0.0413019 0.501555 0.0208491 0.532789
0 0.212081 0.683934 0.213065 0.660491 0.198814 0.658599 0.19783 0.682042
0 0.169113 0.890521 0.178894 0.857105 0.164472 0.843763 0.154691 0.877179
0 0.28034 0.931495 0.285665 0.896621 0.269208 0.88868 0.263884 0.923554
0 0.271041 0.862794 0.275292 0.84105 0.264119 0.834147 0.259868 0.855891
0 0.297202 0.840133 0.303284 0.819558 0.292983 0.809935 0.286902 0.830511
0 0.487522 0.883911 0.481841 0.85385 0.455486 0.869591 0.461167 0.899652
0 0.148594 0.694862 0.151565 0.667775 0.136652 0.662605 0.133681 0.689693
0 0.384364 0.784287 0.39746 0.754323 0.38571 0.738093 0.372614 0.768056
0 0.108615 0.820613 0.113871 0.79523 0.100995 0.786803 0.0957386 0.812185
0 0.156981 0.902218 0.158269 0.852421 0.13467 0.850492 0.133382 0.900289
0 0.150671 0.64052 0.153388 0.617228 0.141671 0.612909 0.138954 0.636201
0 0.18502 0.839062 0.194453 0.81174 0.184384 0.800754 0.174951 0.828076
0 0.330999 0.926936 0.352763 0.894387 0.340142 0.867714 0.318377 0.900264
0 0.284018 0.858525 0.292173 0.827387 0.280313 0.817569 0.272157 0.848708
0 0.293809 0.930664 0.302756 0.90048 0.290079 0.888603 0.281132 0.918787
0 0.188801 0.672153 0.191026 0.642639 0.170782 0.637816 0.168558 0.667331
0 0.163303 0.793478 0.161709 0.725424 0.123858 0.728227 0.125452 0.79628
0 0.0493447 0.775266 0.0565176 0.754314 0.0421324 0.73875 0.0349596 0.759702
0 0.195794 0.640527 0.198022 0.618779 0.183561 0.614097 0.181333 0.635846
0 0.25563 0.933845 0.264221 0.901556 0.252622 0.891802 0.244031 0.924091
0 0.0996879 0.840066 0.100293 0.816619 0.082313 0.815153 0.0817078 0.838599
0 0.376517 0.825049 0.392292 0.791837 0.379166 0.772132 0.363391 0.805345
0 0.654989 0.739237 0.656812 0.714464 0.641021 0.710791 0.639197 0.735564
0 0.0564476 0.811431 0.0652333 0.792293 0.0505923 0.771051 0.0418065 0.790188
0 0.392899 0.746154 0.400564 0.730161 0.390364 0.71471 0.382699 0.730704
0 0.212089 0.65521 0.213699 0.637723 0.20288 0.634576 0.20127 0.652062
0 0.0547779 0.667165 0.0628766 0.643992 0.0526788 0.632728 0.0445801 0.655901
0 0.259534 0.769909 0.262138 0.749197 0.25032 0.744501 0.247716 0.765213
0 0.275483 0.838737 0.281093 0.819386 0.267386 0.806826 0.261776 0.826177
0 0.026694 0.784338 0.0423154 0.760843 0.0323828 0.739971 0.0167614 0.763465
0 0.345045 0.677246 0.346133 0.654797 0.333664 0.652887 0.332576 0.675336
0 0.246315 0.917683 0.251765 0.895199 0.242951 0.888446 0.2375 0.910929
0 0.199462 0.83901 0.216653 0.799639 0.203426 0.781386 0.186236 0.820757
0 0.403456 0.812414 0.409577 0.770474 0.390383 0.761622 0.384262 0.803561
0 0.197799 0.681728 0.198144 0.663335 0.186632 0.662653 0.186287 0.681046
0 0.0213575 0.76643 0.0279494 0.739935 0.0138997 0.728887 0.00730781 0.755383
0 0.0730978 0.683508 0.074881 0.653271 0.0578104 0.650089 0.0560272 0.680327
0 0.566558 0.837687 0.58011 0.820461 0.563489 0.779137 0.549937 0.796363
0 0.396237 0.694766 0.39812 0.672258 0.385509 0.668923 0.383625 0.69143
0 0.385563 0.680442 0.38885 0.661501 0.379605 0.65643 0.376318 0.675371
0 0.0927642 0.77169 0.122448 0.735357 0.113112 0.711249 0.0834277 0.747581
0 0.257522 0.858216 0.263498 0.831881 0.252177 0.823762 0.246201 0.850097
0 0.099513 0.88149 0.0997804 0.837716 0.079559 0.837325 0.0792916 0.881099
0 0.349223 0.772529 0.354062 0.743986 0.341522 0.737267 0.336684 0.76581
0 0.418388 0.691499 0.421125 0.66084 0.399969 0.654872 0.397233 0.685532
0 0.385339 0.729362 0.388423 0.711308 0.378456 0.705928 0.375372 0.723983
0 0.108527 0.889351 0.141985 0.856975 0.129455 0.816053 0.095998 0.848429
0 0.234938 0.807907 0.235282 0.765458 0.212525 0.764876 0.212182 0.807325
0 0.232982 0.868944 0.239307 0.845633 0.227345 0.835375 0.221019 0.858686
0 0.187179 0.734104 0.186388 0.697814 0.159534 0.699662 0.160324 0.735952
0 0.187865 0.586151 0.191772 0.567057 0.182153 0.560836 0.178246 0.579929
0 0.0505099 0.61448 0.0507156 0.597299 0.0388771 0.596851 0.0386715 0.614033
0 0.159894 0.651879 0.162675 0.634057 0.152444 0.629013 0.149663 0.646835
0 0.98124 1.05752 1.0077 0.880399 0.801238 0.782929 0.774781 0.960046
0 0.334735 0.857916 0.347805 0.830328 0.336866 0.81395 0.323796 0.841537
0 0.115188 0.71583 0.11679 0.691309 0.100956 0.68804 0.099354 0.712561
0 0.1357 0.677424 0.136681 0.660035 0.125057 0.657962 0.124076 0.675351
0 0.230405 0.83186 0.244045 0.811964 0.236928 0.796543 0.223288 0.816439
0 0.159251 0.238815 0.158792 0.191027 0.134037 0.191779 0.134496 0.239568
0 0.629484 0.643488 0.643313 0.579785 0.614342 0.559907 0.600513 0.623611
0 0.175586 0.564456 0.178671 0.539541 0.165924 0.534552 0.162838 0.559467
0 0.236865 0.668481 0.240519 0.647842 0.225449 0.63941 0.221795 0.660049
0 0.118338 0.304345 0.113224 0.253924 0.0936053 0.260212 0.0987185 0.310633
0 0.0668376 0.73228 0.0849702 0.699044 0.0708173 0.674641 0.0526847 0.707877
0 0.334046 0.81878 0.367758 0.796515 0.361913 0.768545 0.328201 0.79081
0 0.402757 0.650083 0.404045 0.628749 0.388539 0.62579 0.387251 0.647123
0 0.171218 0.811907 0.179724 0.791758 0.170719 0.779742 0.162212 0.79989
0 0.249905 0.97627 0.257064 0.94609 0.245593 0.937489 0.238433 0.967669
0 0.238981 0.903476 0.24981 0.877916 0.241519 0.866815 0.23069 0.892375
0 0.206027 0.869536 0.218673 0.838484 0.209698 0.826932 0.197052 0.857984
0 0.317619 0.815197 0.322611 0.780147 0.309968 0.774455 0.304975 0.809505
0 0.118576 0.761441 0.147546 0.731698 0.139992 0.708442 0.111021 0.738185
0 0.312365 0.844104 0.321136 0.802252 0.309223 0.794362 0.300452 0.836213
0 0.0848437 0.608399 0.088668 0.586614 0.0787938 0.581136 0.0749696 0.602921
0 0.161559 0.605142 0.163578 0.589088 0.152927 0.584854 0.150908 0.600908
0 0.0735273 0.819806 0.0871427 0.797944 0.0791532 0.782218 0.0655379 0.804081
0 0.417798 0.619606 0.419533 0.595934 0.405229 0.59262 0.403494 0.616293
0 0.669302 0.826922 0.669423 0.801903 0.653838 0.801666 0.653717 0.826685
0 0.030472 0.796536 0.0385221 0.776664 0.028423 0.763735 0.0203729 0.783606
0 0.0801123 0.76988 0.090178 0.732191 0.0778609 0.721794 0.0677952 0.759484
0 0.450939 0.783275 0.452487 0.764811 0.439751 0.761436 0.438203 0.7799
0 0.214374 0.598145 0.216 0.576486 0.201775 0.57311 0.200148 0.594768
0 0.193736 0.546424 0.196962 0.525683 0.183035 0.518838 0.179809 0.539578
0 0.676862 0.689659 0.679372 0.665786 0.665751 0.661259 0.66324 0.685131
0 0.23634 0.923175 0.2407 0.89979 0.227573 0.892054 0.223213 0.915439
0 0.471552 0.845571 0.47286 0.822417 0.457801 0.819729 0.456494 0.842883
0 0.367771 0.72777 0.370706 0.698518 0.358433 0.694627 0.355498 0.723879
0 0.106066 0.792449 0.124426 0.768438 0.115166 0.746058 0.0968059 0.770069
0 0.335571 0.737673 0.33676 0.716351 0.324533 0.714196 0.323344 0.735519
0 0.525725 0.899425 0.529015 0.841257 0.499833 0.836041 0.496543 0.894209
0 0.224444 0.632136 0.226642 0.614424 0.217434 0.610813 0.215236 0.628525
0 0.0502375 0.83559 0.0685731 0.816481 0.0626861 0.798628 0.0443505 0.817737
0 0.141504 0.816851 0.150636 0.798456 0.142584 0.785825 0.133453 0.80422
0 0.430488 0.734629 0.432363 0.700409 0.416312 0.697629 0.414437 0.731849
0 0.203211 0.708452 0.202823 0.677919 0.184663 0.678649 0.185051 0.709182
0 0.113405 0.835728 0.116404 0.81451 0.103989 0.808963 0.10099 0.830181
0 0.152737 0.821733 0.165696 0.800588 0.157598 0.784904 0.14464 0.806048
0 0.268178 0.880946 0.273758 0.858653 0.264787 0.851557 0.259208 0.87385
0 0.186049 0.817504 0.196062 0.795646 0.186109 0.781236 0.176096 0.803093
0 0.288537 0.82807 0.291788 0.805381 0.28048 0.800261 0.27723 0.822949
0 0.170542 0.72679 0.187669 0.682339 0.170926 0.66195 0.153799 0.706401
0 0.335628 0.650053 0.337095 0.631737 0.327772 0.629377 0.326305 0.647693
0 0.257953 0.874043 0.26136 0.854812 0.253004 0.850133 0.249597 0.869364
0 0.228199 0.608367 0.228913 0.592167 0.217627 0.590594 0.216912 0.606794
0 0.139223 0.836889 0.144566 0.812575 0.132389 0.804119 0.127047 0.828433
0 0.41284 0.706459 0.413736 0.684893 0.397622 0.682778 0.396726 0.704344
0 0.418683 0.551181 0.428524 0.53609 0.415336 0.508908 0.405494 0.523999
0 0.135464 0.70989 0.139705 0.69106 0.128891 0.683361 0.12465 0.702192
0 0.159083 0.841745 0.166357 0.821513 0.157019 0.810902 0.149745 0.831135
0 0.205408 0.634954 0.211505 0.615634 0.20356 0.60771 0.197463 0.62703
0 0.085998 0.718594 0.095156 0.70171 0.0875618 0.688692 0.0784038 0.705576
0 0.0713491 0.648037 0.0794743 0.62359 0.0684038 0.611962 0.0602787 0.636409
0 0.00153562 0.884162 0.0221272 0.858036 0.0141558 0.838179 -0.00643573 0.864305
0 0.611238 0.768532 0.619955 0.75023 0.606932 0.730626 0.598215 0.748927
0 0.0384619 0.596631 0.0404873 0.565335 0.0155818 0.560241 0.0135564 0.591537
0 0.200922 0.586513 0.202429 0.568119 0.192701 0.5656 0.191193 0.583994
0 0.0511245 0.703808 0.0554755 0.679417 0.0433443 0.672577 0.0389933 0.696969
0 0.161246 0.680187 0.164343 0.660919 0.154748 0.656045 0.151651 0.675313
0 0.216204 0.577116 0.220716 0.560528 0.20904 0.550493 0.204529 0.56708
0 0.488403 0.864715 0.48516 0.830757 0.461589 0.837869 0.464832 0.871828
0 0.635567 0.834145 0.634573 0.802167 0.606002 0.804974 0.606996 0.836953
0 0.302751 0.966066 0.302863 0.925305 0.282807 0.92513 0.282694 0.965891
0 0.634459 0.895159 0.648945 0.876042 0.633144 0.838202 0.618658 0.857319
0 0.171181 0.83898 0.182618 0.812352 0.171864 0.797754 0.160427 0.824382
0 0.0471462 0.921381 0.0824192 0.877283 0.0684384 0.84194 0.0331654 0.886038
0 0.220514 0.881705 0.221975 0.859743 0.208833 0.85698 0.207372 0.878942
0 0.418954 0.779825 0.433876 0.755914 0.415091 0.718865 0.40017 0.742777
0 0.239284 0.756765 0.240951 0.735132 0.22884 0.732182 0.227173 0.753816
0 0.0375016 0.570798 0.0421153 0.551824 0.0301134 0.542601 0.0254997 0.561575
0 0.220061 0.698924 0.231674 0.673088 0.222056 0.659424 0.210443 0.68526
0 0.176276 0.792611 0.192125 0.780986 0.187868 0.762646 0.17202 0.774272
0 0.322691 0.725043 0.330121 0.703443 0.320505 0.692989 0.313075 0.714589
0 0.181268 0.894437 0.198544 0.853809 0.187009 0.838306 0.169732 0.878934
0 0.290053 1.0045 0.291606 0.969017 0.270886 0.966151 0.269333 1.00163
0 0.267176 0.951176 0.271123 0.920942 0.256633 0.914963 0.252686 0.945197
0 0.281074 0.953296 0.284027 0.926776 0.271506 0.92237 0.268553 0.94889
0 0.173584 0.608678 0.175907 0.588545 0.165527 0.584759 0.163203 0.604893
0 0.332183 0.7965 0.337486 0.774096 0.325179 0.764889 0.319876 0.787294
0 0.173404 0.258092 0.181447 0.218251 0.155863 0.201929 0.147821 0.241771
0 0.227148 0.771521 0.229095 0.749847 0.216755 0.746344 0.214808 0.768018
0 0.0976415 0.70094 0.101785 0.681042 0.0925475 0.674962 0.0884036 0.69486
0 0.334178 0.759919 0.335813 0.737552 0.323679 0.734749 0.322044 0.757116
0 0.221878 0.864335 0.230054 0.838069 0.220552 0.828722 0.212377 0.854988
0 0.230711 0.980768 0.250287 0.931529 0.232305 0.908933 0.212728 0.958172
0 0.589388 0.871653 0.598572 0.834243 0.583225 0.822335 0.574041 0.859746
0 0.0989295 0.790926 0.10369 0.764286 0.0838094 0.753059 0.0790492 0.779699
0 0.224603 0.907724 0.231393 0.880683 0.219146 0.870964 0.212356 0.898005
0 0.605688 0.885252 0.606905 0.858062 0.588244 0.855422 0.587027 0.882612
0 0.04321 0.915579 0.082333 0.873791 0.0664452 0.82678 0.0273222 0.868569
0 0.387353 0.661318 0.390978 0.637279 0.380168 0.632127 0.376543 0.656165
0 0.179635 0.858123 0.188139 0.834946 0.179219 0.824602 0.170715 0.84778
0 0.210496 0.85258 0.223833 0.828733 0.215967 0.81483 0.202631 0.838677
0 0.202565 0.728361 0.205561 0.704811 0.191682 0.699229 0.188685 0.722779
0 0.234818 0.883131 0.241902 0.863277 0.233745 0.854078 0.226661 0.873933
0 0.0206103 0.565607 0.0198547 0.54538 0.00151982 0.547544 0.00227545 0.567772
0 0.124025 0.670843 0.124874 0.653474 0.113598 0.651733 0.11275 0.669102
0 0.264726 0.895898 0.273251 0.871112 0.263076 0.860052 0.254551 0.884837
0 0.12767 0.831615 0.130175 0.810782 0.115486 0.805199 0.112981 0.826032
0 0.0982628 0.67316 0.0988427 0.657837 0.0874944 0.65648 0.0869145 0.671802
0 0.0334132 0.902232 0.0364711 0.874714 0.0212005 0.869351 0.0181426 0.896869
0 0.57912 0.935055 0.589787 0.920664 0.576644 0.889871 0.565976 0.904262
0 0.051917 1.00696 0.0620898 0.975166 0.049958 0.962899 0.0397851 0.994695
0 0.65704 0.872146 0.662568 0.847103 0.643777 0.833991 0.638249 0.859034
0 0.303083 0.819422 0.309189 0.794751 0.299712 0.787338 0.293606 0.812009
0 0.143524 0.85396 0.151481 0.829337 0.140959 0.81859 0.133002 0.843213
0 0.212377 0.743908 0.217457 0.723027 0.207796 0.715598 0.202715 0.736479
0 0.12486 0.723049 0.128729 0.700937 0.119317 0.695731 0.115447 0.717843
0 0.132922 0.809659 0.134093 0.786247 0.122298 0.784383 0.121128 0.807795
0 0.234976 0.845666 0.245001 0.832499 0.239597 0.819496 0.229572 0.832663
0 0.613461 0.814557 0.616923 0.791032 0.603325 0.784708 0.599863 0.808233
0 0.786664 0.654461 0.794107 0.631922 0.783746 0.621109 0.776303 0.643648
0 0.110121 0.606209 0.110778 0.588695 0.100126 0.587432 0.0994685 0.604945
0 0.373901 0.786316 0.379133 0.764356 0.362218 0.751619 0.356986 0.773579
0 0.35195 0.837397 0.36405 0.812206 0.354526 0.797747 0.342426 0.822939
0 0.218096 0.667622 0.221689 0.650045 0.211708 0.643596 0.208115 0.661173
0 0.399508 0.67225 0.401495 0.650934 0.388225 0.647026 0.386239 0.668342
0 0.45946 0.846921 0.461593 0.811863 0.444492 0.808575 0.442359 0.843633
0 0.195511 0.604644 0.196953 0.587286 0.187727 0.584863 0.186285 0.602221
0 0.165096 0.860696 0.173888 0.837439 0.164263 0.825937 0.15547 0.849195
0 0.212899 0.716894 0.219108 0.700172 0.211032 0.690697 0.204824 0.707418
0 0.0434606 0.794156 0.0478561 0.773817 0.038225 0.767239 0.0338294 0.787578
0 0.0912767 0.572638 0.0901022 0.546691 0.0718092 0.549308 0.0729837 0.575255
0 0.310447 0.781025 0.311391 0.759415 0.301283 0.75802 0.300339 0.77963
0 0.227579 1.00975 0.24038 0.98352 0.228253 0.964811 0.215452 0.991037
0 0.24944 0.950583 0.256018 0.921556 0.244843 0.913552 0.238265 0.942579
0 0.437025 0.51004 0.437363 0.481792 0.418511 0.481078 0.418172 0.509325
0 0.336657 0.701724 0.33895 0.684777 0.329875 0.680895 0.327581 0.697842
0 0.162705 0.630439 0.164927 0.610996 0.153645 0.606921 0.151423 0.626365
0 0.211847 0.624967 0.217838 0.608166 0.209467 0.598733 0.203477 0.615534
0 0.233582 0.719211 0.236737 0.702077 0.228408 0.697229 0.225253 0.714362
0 0.860252 0.747208 0.859432 0.70926 0.842702 0.710402 0.843522 0.748349
0 0.560435 0.761849 0.564235 0.730212 0.553358 0.726083 0.549558 0.757719
0 0.063119 0.695487 0.0644802 0.675032 0.0532337 0.672667 0.0518724 0.693121
0 0.336743 0.523757 0.361397 0.502173 0.329798 0.388098 0.305143 0.409682
0 0.0355205 0.863375 0.0385614 0.840178 0.0235375 0.833953 0.0204967 0.857151
0 0.104017 0.891306 0.129824 0.85808 0.118605 0.830541 0.0927982 0.863768
0 0.103142 0.650744 0.103338 0.633079 0.090332 0.632622 0.0901357 0.650287
0 0.527179 0.835543 0.530903 0.810405 0.519444 0.80504 0.51572 0.830178
0 0.341888 0.788411 0.353582 0.771063 0.347679 0.758488 0.335986 0.775836
0 0.320523 0.74269 0.325115 0.723933 0.316323 0.717129 0.311731 0.735887
0 0.972712 0.875835 0.981269 0.810704 0.884008 0.770316 0.875451 0.835446
0 0.695961 0.828598 0.705386 0.810698 0.688285 0.78224 0.67886 0.80014
0 0.318506 0.934052 0.324754 0.916232 0.314193 0.904529 0.307945 0.922349
0 0.0266087 0.529273 0.0295221 0.505357 0.0157069 0.500038 0.0127935 0.523954
0 0.0856853 0.688514 0.0886154 0.667506 0.077627 0.662662 0.0746969 0.683671
0 0.398374 0.721467 0.401006 0.704072 0.390778 0.69918 0.388146 0.716575
0 0.187778 0.924953 0.196826 0.886789 0.182829 0.876301 0.173781 0.914465
0 0.707299 0.459059 0.710174 0.429299 0.694617 0.424549 0.691742 0.454309
0 0.0706546 1.01674 0.0957214 0.981366 0.0816884 0.94994 0.0566216 0.985316
0 0.62165 0.805762 0.625034 0.769734 0.607338 0.76448 0.603954 0.800507
0 0.371214 0.629052 0.370445 0.598079 0.34929 0.599741 0.35006 0.630714
0 0.119916 0.808501 0.123741 0.78543 0.114907 0.780802 0.111083 0.803874
0 0.415696 0.709525 0.417009 0.68854 0.403457 0.68586 0.402144 0.706845
0 0.741683 0.452399 0.746454 0.434038 0.730845 0.42122 0.726074 0.43958
0 0.248484 0.854948 0.254336 0.837268 0.246354 0.828918 0.240502 0.846598
0 0.310418 0.590394 0.3137 0.556083 0.299388 0.551757 0.296107 0.586068
0 0.149248 0.583641 0.15216 0.56313 0.139858 0.55761 0.136946 0.578121
0 0.0163051 0.742396 0.0163361 0.713461 -4.89007e-07 0.713406 -3.14541e-05 0.742341
0 0.397196 0.915606 0.399135 0.890986 0.386715 0.887893 0.384775 0.912513
0 0.763982 1.01505 0.8138 0.946159 0.75775 0.818061 0.707932 0.886953
0 0.344686 0.740008 0.345873 0.720912 0.33641 0.719053 0.335223 0.738149
0 0.016249 0.81713 0.0150808 0.767947 -0.00417319 0.769393 -0.00300498 0.818576
0 0.203417 0.921652 0.219786 0.875715 0.198574 0.851827 0.182206 0.897764
0 0.14553 0.666561 0.146712 0.649623 0.133599 0.646731 0.132417 0.663669
0 0.171801 0.649236 0.17402 0.632137 0.164432 0.628204 0.162213 0.645303
0 0.302114 0.854827 0.304709 0.831463 0.2918 0.82693 0.289204 0.850295
0 0.440822 0.712159 0.446154 0.698619 0.436432 0.686517 0.431099 0.700058
0 0.0759347 0.593709 0.0762148 0.575336 0.0622506 0.574663 0.0619706 0.593036
0 0.024259 0.97471 0.0245236 0.946918 0.00440018 0.946312 0.00413565 0.974104
0 0.0606461 0.986032 0.0698627 0.959871 0.0487548 0.936368 0.0395383 0.962529
0 0.688649 0.833953 0.691312 0.816344 0.679367 0.810634 0.676703 0.828243
0 0.567773 0.411517 0.569573 0.389098 0.553211 0.384947 0.551412 0.407366
0 0.716967 0.563545 0.719115 0.533903 0.702951 0.530202 0.700803 0.559844
0 0.776141 0.469922 0.778849 0.44275 0.765842 0.438652 0.763133 0.465825
0 0.0670339 0.804981 0.0801301 0.785269 0.0720766 0.768359 0.0589805 0.788071
0 0.300089 0.886581 0.316687 0.861561 0.308529 0.844456 0.291931 0.869476
0 0.658924 0.806771 0.663615 0.791163 0.650118 0.778341 0.645426 0.793949
0 0.306932 0.976517 0.315668 0.95277 0.306095 0.941639 0.297359 0.965387
0 0.0949833 0.803415 0.0971565 0.784859 0.0864142 0.780883 0.084241 0.799439
0 0.433538 0.574802 0.439287 0.554354 0.426519 0.543009 0.42077 0.563456
0 0.315775 0.754583 0.318729 0.742184 0.310745 0.736173 0.307791 0.748571
0 0.216284 0.843487 0.223269 0.816549 0.214134 0.809063 0.207149 0.836
0 0.43673 0.627512 0.441113 0.581507 0.418964 0.574839 0.414581 0.620844
0 0.416339 0.746982 0.421545 0.721279 0.402055 0.708802 0.396849 0.734505
0 0.240898 0.838555 0.25173 0.822295 0.24485 0.807809 0.234018 0.824068
0 0.631487 0.78854 0.635444 0.755083 0.624614 0.751034 0.620657 0.784491
0 0.0396553 0.737699 0.0389639 0.717069 0.022735 0.718788 0.0234265 0.739418
0 0.622887 0.860879 0.62766 0.840531 0.614182 0.830541 0.60941 0.85089
0 0.140204 0.258912 0.149157 0.221792 0.119535 0.199209 0.110581 0.236328
0 0.121932 0.772606 0.134451 0.745493 0.125758 0.732806 0.113238 0.759919
