0 0.125963 0.734435 0.134866 0.695751 0.107121 0.675568 0.0982168 0.714252
0 0.506192 0.675326 0.51349 0.639946 0.496521 0.628882 0.489223 0.664262
0 0.53096 0.841532 0.538475 0.797511 0.520944 0.788053 0.513429 0.832075
0 0.0620725 0.948597 0.0585058 0.911364 0.0328088 0.919144 0.0363755 0.956376
0 0.153724 0.868802 0.168908 0.835462 0.155187 0.815711 0.140003 0.849051
0 0.34691 0.830149 0.357196 0.795802 0.342445 0.78184 0.332159 0.816187
0 0.469521 0.951389 0.484896 0.915118 0.468017 0.892506 0.452643 0.928777
0 0.271603 0.901444 0.285251 0.85759 0.267045 0.839683 0.253397 0.883537
0 0.231552 0.709806 0.243723 0.682629 0.23187 0.665851 0.219699 0.693029
0 0.159024 0.677964 0.159334 0.65404 0.133904 0.652997 0.133593 0.676921
0 0.118669 0.821988 0.159418 0.791648 0.147581 0.7414 0.106832 0.77174
0 0.210469 0.546202 0.218637 0.51687 0.203256 0.503335 0.195089 0.532667
0 0.510682 0.846862 0.521655 0.812588 0.505619 0.796363 0.494647 0.830636
0 0.582504 0.854774 0.587 0.824247 0.565487 0.814235 0.560992 0.844762
0 0.0764658 0.75332 0.0714733 0.719326 0.041356 0.733305 0.0463486 0.767299
0 0.074681 0.354936 0.0917299 0.338166 0.0772148 0.291527 0.0601659 0.308297
0 0.249426 0.75112 0.274283 0.724704 0.266482 0.701504 0.241625 0.72792
0 0.51936 0.806881 0.526847 0.775065 0.512627 0.764491 0.505141 0.796307
0 0.199827 0.524944 0.20196 0.503096 0.190533 0.499571 0.1884 0.521418
0 0.0313628 0.99652 0.0321572 0.930565 -0.00227606 0.929254 -0.00307043 0.995209
0 0.255127 0.939457 0.262127 0.876816 0.218523 0.861417 0.211523 0.924059
0 0.337389 0.637002 0.340017 0.618027 0.328137 0.612826 0.325509 0.6318
0 0.546217 0.710552 0.548499 0.681898 0.527934 0.676721 0.525652 0.705376
0 0.331185 0.723456 0.330054 0.695606 0.309044 0.698303 0.310175 0.726153
0 0.288158 0.851565 0.287792 0.807748 0.261887 0.808432 0.262253 0.852249
0 0.254597 0.856777 0.258042 0.821 0.240646 0.815706 0.237201 0.851483
0 0.50807 0.784451 0.518391 0.755346 0.505398 0.740784 0.495077 0.769889
0 0.304388 0.78445 0.308062 0.732434 0.279915 0.726151 0.276241 0.778167
0 0.351552 0.68053 0.353102 0.659978 0.340849 0.657058 0.3393 0.677609
0 0.237869 0.777723 0.24241 0.753014 0.230276 0.745966 0.225734 0.770674
0 0.5238 0.77039 0.528251 0.748934 0.516295 0.741095 0.511844 0.762552
0 0.389305 0.982902 0.398631 0.952136 0.386941 0.940936 0.377615 0.971702
0 0.419241 0.867566 0.425669 0.837876 0.413934 0.829845 0.407505 0.859535
0 0.0587231 0.977013 0.0793379 0.943151 0.0675695 0.920508 0.0469547 0.954369
0 0.352842 0.991929 0.373394 0.906526 0.347865 0.88711 0.327314 0.972514
0 0.448634 0.849721 0.453777 0.799678 0.441543 0.795705 0.4364 0.845747
0 0.111729 0.745846 0.116603 0.721038 0.0950594 0.70766 0.0901853 0.732468
0 0.157705 0.724352 0.16104 0.689463 0.146013 0.684924 0.142678 0.719813
0 0.299007 0.682996 0.301114 0.660395 0.288215 0.656595 0.286108 0.679196
0 0.559536 0.763024 0.56018 0.731655 0.546238 0.730749 0.545593 0.762118
0 0.371404 0.894949 0.373077 0.871462 0.359524 0.86841 0.357851 0.891897
0 0.143738 0.922577 0.162936 0.886 0.145755 0.8575 0.126557 0.894076
0 0.188502 0.526778 0.18806 0.507542 0.173023 0.508634 0.173465 0.52787
0 0.128218 0.867858 0.145091 0.84514 0.136825 0.825736 0.119952 0.848453
0 0.160942 0.603824 0.175515 0.562339 0.158492 0.543439 0.143919 0.584924
0 0.069098 1.01134 0.0818982 0.991832 0.0734174 0.974241 0.0606172 0.993746
0 0.415529 0.946312 0.422291 0.909516 0.407373 0.900851 0.400611 0.937647
0 0.112707 0.88601 0.121468 0.767864 0.0523998 0.751678 0.0436393 0.869823
0 0.262828 0.802971 0.270005 0.780836 0.259025 0.769584 0.251848 0.79172
0 0.0501106 0.985807 0.056196 0.954564 0.0409533 0.945181 0.0348679 0.976424
0 0.296533 0.638504 0.302213 0.615161 0.293029 0.608099 0.28735 0.631443
0 0.544079 0.815577 0.561771 0.797241 0.545562 0.747813 0.52787 0.766149
0 0.0988874 0.717439 0.0954296 0.686239 0.0678186 0.69591 0.0712764 0.72711
0 0.397718 0.861743 0.39968 0.837119 0.385319 0.833502 0.383357 0.858126
0 0.192146 0.783934 0.182596 0.72627 0.146239 0.745301 0.155789 0.802965
0 0.274451 0.746627 0.294052 0.728682 0.288319 0.708889 0.268718 0.726834
0 0.144067 0.707924 0.14901 0.680421 0.139089 0.674786 0.134146 0.702289
0 0.524276 0.715225 0.525983 0.694028 0.514328 0.691062 0.512621 0.712259
0 0.249931 0.773042 0.273628 0.761929 0.269757 0.735839 0.24606 0.746952
0 0.431811 0.946103 0.437437 0.91334 0.423293 0.905666 0.417668 0.938429
0 0.237788 0.629741 0.240322 0.607946 0.22741 0.603201 0.224876 0.624997
0 0.073274 0.986654 0.0963598 0.956737 0.0869026 0.933672 0.0638168 0.96359
0 0.28866 0.698324 0.290048 0.680118 0.27978 0.677643 0.278391 0.69585
0 0.24057 0.747926 0.25028 0.723772 0.240505 0.711351 0.230794 0.735504
0 0.223059 0.773581 0.224704 0.752481 0.212662 0.749514 0.211017 0.770614
0 0.113972 0.553244 0.117881 0.52151 0.100735 0.514835 0.0968258 0.546569
0 0.145581 0.614461 0.148396 0.584804 0.129645 0.579179 0.12683 0.608836
0 0.168536 0.859941 0.194418 0.83214 0.186071 0.807578 0.160188 0.835379
0 0.121657 0.697004 0.126113 0.666203 0.108114 0.657971 0.103657 0.688773
0 0.231376 0.752839 0.236784 0.714718 0.221497 0.707864 0.216089 0.745985
0 0.98203 1.07511 1.02088 0.838641 0.798501 0.723191 0.759656 0.959664
0 0.164065 0.696868 0.167163 0.673941 0.155317 0.668882 0.152219 0.691809
0 0.175984 0.626831 0.173679 0.600756 0.148932 0.607669 0.151237 0.633745
0 0.348608 0.630878 0.352052 0.614016 0.342692 0.607975 0.339249 0.624837
0 0.345019 0.724517 0.347072 0.700091 0.334902 0.696857 0.332849 0.721284
0 0.134516 0.952225 0.14783 0.925642 0.13769 0.909591 0.124376 0.936174
0 0.323805 0.90988 0.327024 0.883371 0.315036 0.87877 0.311816 0.905278
0 0.3038 0.894661 0.307857 0.847856 0.291523 0.843382 0.287467 0.890188
0 0.145852 0.747732 0.149265 0.724044 0.136677 0.718313 0.133264 0.742001
0 0.312714 0.587803 0.315849 0.569622 0.304685 0.563538 0.301549 0.581718
0 0.255912 0.821068 0.258246 0.799513 0.242864 0.79425 0.24053 0.815805
0 0.344359 0.701763 0.344055 0.675163 0.326516 0.675797 0.32682 0.702397
0 0.320211 0.823445 0.326096 0.798022 0.314917 0.789842 0.309031 0.815266
0 0.37216 0.807886 0.373035 0.767633 0.353865 0.766315 0.352989 0.806568
0 0.211344 0.561783 0.213276 0.541763 0.200589 0.537894 0.198657 0.557914
0 0.159604 0.947954 0.192122 0.897945 0.172196 0.856997 0.139679 0.907007
0 0.360965 0.881644 0.363519 0.859783 0.350928 0.855133 0.348373 0.876994
0 0.393293 0.939713 0.400964 0.90863 0.388501 0.898909 0.38083 0.929992
0 0.10045 0.938514 0.109494 0.902373 0.0968605 0.892381 0.0878166 0.928522
0 0.592721 0.887229 0.595481 0.854746 0.577798 0.849998 0.575039 0.882481
0 0.377175 0.925926 0.380617 0.898543 0.367535 0.893346 0.364094 0.92073
0 0.284474 0.794551 0.28661 0.774616 0.27319 0.770072 0.271054 0.790006
0 0.538944 0.609506 0.536514 0.574294 0.510728 0.579918 0.513157 0.615129
0 0.179799 0.550866 0.180602 0.527602 0.159011 0.525249 0.158209 0.548513
0 0.250521 0.70354 0.254436 0.682393 0.244329 0.676479 0.240414 0.697627
0 0.379313 0.904937 0.385277 0.882306 0.375247 0.873952 0.369283 0.896582
0 0.339068 0.920857 0.348142 0.877109 0.328828 0.864446 0.319754 0.908194
0 0.114901 0.668617 0.121099 0.648044 0.110085 0.637558 0.103887 0.658131
0 0.462664 0.769975 0.463434 0.751832 0.451978 0.750296 0.451208 0.768438
0 0.32703 0.661712 0.330042 0.638628 0.31635 0.632981 0.313338 0.656065
0 0.373918 0.991925 0.389726 0.932672 0.371074 0.916944 0.355265 0.976198
0 0.478533 0.790285 0.486469 0.771907 0.474187 0.755147 0.466252 0.773525
0 0.270625 0.8164 0.271796 0.795469 0.258507 0.793118 0.257335 0.814049
0 0.836383 0.745535 0.83572 0.703672 0.81044 0.704939 0.811103 0.746801
0 0.512902 0.751195 0.516487 0.732188 0.504914 0.725289 0.501329 0.744296
0 0.259106 0.71841 0.264811 0.699007 0.254017 0.688976 0.248311 0.708379
0 0.125034 0.786883 0.124197 0.727879 0.0714996 0.730242 0.0723367 0.789246
0 0.294421 0.83604 0.298882 0.813948 0.289528 0.807978 0.285066 0.830069
0 0.323726 0.790868 0.341012 0.772056 0.334917 0.754354 0.317631 0.773166
0 0.451177 0.829008 0.454467 0.790446 0.440841 0.786771 0.437551 0.825333
0 0.176898 0.743457 0.186222 0.726152 0.169876 0.698316 0.160552 0.715621
0 0.336266 0.544672 0.337246 0.525093 0.32646 0.523385 0.32548 0.542964
0 0.725272 0.724366 0.727341 0.703367 0.715348 0.699632 0.713279 0.720631
0 0.468609 0.837316 0.497534 0.818472 0.491287 0.788171 0.462363 0.807016
0 0.348961 0.914171 0.358837 0.868695 0.335474 0.852659 0.325598 0.898135
0 0.330333 0.960738 0.33887 0.928031 0.326234 0.917607 0.317697 0.950314
0 0.30952 0.911349 0.312896 0.883864 0.297301 0.877809 0.293924 0.905295
0 0.0530963 1.00404 0.0665503 0.980864 0.0556799 0.960922 0.0422259 0.984099
0 0.155168 0.978151 0.156046 0.952721 0.137109 0.950653 0.136231 0.976083
0 0.218627 0.888369 0.243549 0.856982 0.2322 0.828502 0.207278 0.859889
0 0.573844 0.555857 0.574834 0.528368 0.556274 0.526254 0.555284 0.553743
0 0.215676 0.746966 0.216444 0.721313 0.198039 0.719573 0.197271 0.745225
0 0.319691 0.875623 0.322494 0.840046 0.306952 0.836175 0.304149 0.871752
0 0.310141 0.682694 0.314587 0.661881 0.305351 0.655646 0.300905 0.676459
0 0.195282 0.541943 0.196438 0.525033 0.185243 0.522615 0.184088 0.539524
0 0.500742 0.797543 0.503606 0.776239 0.488058 0.769633 0.485194 0.790937
0 0.545061 0.64388 0.551732 0.623977 0.53612 0.607438 0.529449 0.627341
0 0.461606 0.749132 0.466653 0.727827 0.456426 0.720169 0.451379 0.741474
0 0.285318 0.671529 0.286286 0.652988 0.275871 0.651269 0.274902 0.669809
0 0.462679 0.786698 0.46309 0.769033 0.451684 0.768195 0.451274 0.78586
0 0.110351 0.982702 0.112361 0.957901 0.0994468 0.954593 0.0974369 0.979395
0 0.233083 0.670378 0.237541 0.641405 0.224261 0.634945 0.219802 0.663919
0 0.584832 0.820443 0.586522 0.799841 0.572414 0.796182 0.570723 0.816784
0 0.0758465 0.987957 0.0823449 0.96199 0.0665796 0.949521 0.0600812 0.975487
0 0.175655 0.67986 0.176396 0.663525 0.162548 0.661541 0.161807 0.677876
0 0.182176 0.709237 0.185328 0.680539 0.166724 0.674079 0.163572 0.702778
0 0.44111 0.98754 0.436953 0.938734 0.416682 0.944191 0.420839 0.992997
0 0.266341 0.703038 0.268452 0.681054 0.256251 0.677352 0.254141 0.699336
0 0.307411 0.649713 0.30968 0.628424 0.299826 0.625104 0.297557 0.646393
0 0.110832 0.613515 0.112204 0.594682 0.101613 0.592244 0.100241 0.611076
0 0.698889 0.727926 0.700564 0.704165 0.687466 0.701247 0.685791 0.725008
0 0.38089 0.881081 0.388418 0.858354 0.379686 0.849214 0.372159 0.871941
0 0.321343 0.563604 0.325228 0.5416 0.314877 0.535824 0.310992 0.557828
0 0.220341 0.586132 0.221679 0.568072 0.210328 0.565414 0.208989 0.583473
0 0.222425 0.808447 0.228495 0.786544 0.218626 0.7779 0.212556 0.799804
0 0.321386 0.630294 0.323262 0.614443 0.314685 0.611235 0.312809 0.627085
0 0.340493 0.677879 0.341906 0.658485 0.329813 0.655701 0.3284 0.675094
0 0.533421 0.723806 0.535415 0.704983 0.524252 0.701246 0.522259 0.72007
0 0.293914 0.878239 0.302418 0.841394 0.28859 0.831307 0.280086 0.868152
0 0.533178 0.671901 0.534532 0.645769 0.517595 0.642994 0.516241 0.669126
0 0.237566 0.852924 0.241402 0.818344 0.218935 0.810467 0.215098 0.845046
0 0.487589 0.719764 0.493893 0.696223 0.482719 0.686767 0.476416 0.710308
0 0.24882 0.765629 0.256167 0.745788 0.245223 0.73298 0.237876 0.75282
0 0.194663 0.50261 0.195885 0.485435 0.18443 0.482859 0.183208 0.500035
0 0.395961 0.772185 0.397579 0.751981 0.385316 0.748876 0.383697 0.769081
0 0.282868 0.615328 0.285157 0.596896 0.275598 0.593143 0.273309 0.611575
0 0.372667 0.873062 0.377796 0.849359 0.36669 0.841764 0.361562 0.865467
0 0.139696 0.97188 0.144355 0.946384 0.131358 0.938877 0.126699 0.964373
0 0.494978 0.756934 0.502215 0.719261 0.488055 0.710663 0.480817 0.748336
0 0.285052 0.72483 0.302715 0.704476 0.296607 0.687725 0.278944 0.708079
0 0.434003 0.850498 0.435997 0.827285 0.423805 0.823974 0.421811 0.847188
0 0.159766 0.880521 0.163031 0.860441 0.151039 0.85428 0.147775 0.87436
0 0.371937 0.671546 0.376515 0.649856 0.362074 0.640222 0.357495 0.661911
0 0.130007 0.756452 0.136652 0.728239 0.122632 0.717803 0.115987 0.746016
0 0.328843 0.887587 0.343169 0.845937 0.331848 0.833631 0.317522 0.87528
0 0.36445 0.770425 0.366737 0.748212 0.355329 0.744499 0.353042 0.766712
0 0.187875 0.722171 0.192558 0.696318 0.177246 0.687553 0.172563 0.713406
0 0.349353 0.652322 0.351145 0.637312 0.342478 0.634042 0.340687 0.649052
0 0.687378 0.718803 0.689402 0.696969 0.677635 0.693521 0.675611 0.715355
0 0.577269 0.516894 0.577407 0.495701 0.564684 0.495438 0.564545 0.516631
0 0.359688 0.697127 0.368238 0.673964 0.358273 0.662339 0.349723 0.685503
0 0.14822 0.841904 0.157027 0.808678 0.144195 0.797928 0.135388 0.831154
0 0.623976 0.957741 0.626054 0.916238 0.599147 0.911981 0.597069 0.953483
0 0.0476252 0.596774 0.049338 0.575806 0.032599 0.571485 0.0308863 0.592453
0 0.54846 0.557942 0.554706 0.541684 0.538994 0.522606 0.532748 0.538865
0 0.169736 0.949606 0.171848 0.919071 0.155003 0.915389 0.152891 0.945924
0 0.0701559 0.69091 0.0719925 0.662856 0.0579002 0.65994 0.0560637 0.687995
0 0.224574 0.781162 0.226539 0.759557 0.212967 0.755656 0.211002 0.777261
0 0.483448 0.859864 0.493118 0.835709 0.482233 0.821935 0.472562 0.84609
0 0.551051 0.565979 0.557811 0.545326 0.542657 0.529649 0.535897 0.550302
0 0.735525 0.696104 0.741301 0.676136 0.724191 0.660494 0.718415 0.680461
0 0.192206 0.563459 0.193778 0.539033 0.179064 0.536039 0.177492 0.560466
0 0.148503 0.57394 0.153774 0.550575 0.143058 0.542934 0.137787 0.566299
0 0.716466 0.66781 0.722585 0.648885 0.706803 0.632756 0.700683 0.651682
0 0.413125 0.841246 0.415164 0.819763 0.398856 0.814871 0.396817 0.836354
0 0.460828 0.838197 0.465654 0.811202 0.454281 0.804777 0.449456 0.831772
0 0.284005 0.726959 0.295349 0.705122 0.287844 0.6928 0.2765 0.714637
0 0.0869066 0.926381 0.0942921 0.903197 0.083835 0.892668 0.0764494 0.915853
0 0.184975 0.800182 0.180745 0.756637 0.152558 0.765291 0.156788 0.808836
0 0.0310516 0.729424 0.0316221 0.707435 0.0178108 0.706302 0.0172402 0.728291
0 0.277504 0.863371 0.277851 0.825122 0.255858 0.824491 0.25551 0.86274
0 0.312489 0.669838 0.317668 0.652566 0.309083 0.64443 0.303904 0.661702
0 0.245671 0.671777 0.246715 0.655203 0.237513 0.653372 0.236469 0.669946
0 0.469025 0.878314 0.480672 0.841111 0.464695 0.825303 0.453048 0.862506
0 0.282986 0.814079 0.28445 0.790529 0.269482 0.787589 0.268019 0.811139
0 0.308577 0.807558 0.313379 0.781551 0.300732 0.774171 0.29593 0.800178
0 0.435931 0.900381 0.445982 0.876124 0.435376 0.862235 0.425325 0.886492
0 0.127802 0.976179 0.131925 0.929969 0.110221 0.923849 0.106098 0.970059
0 0.373853 0.828662 0.378175 0.80582 0.367476 0.799422 0.363154 0.822264
0 0.462353 1.00948 0.47336 0.970926 0.453917 0.953383 0.44291 0.991937
0 0.147329 0.874566 0.148744 0.852973 0.132258 0.849559 0.130843 0.871152
0 0.294498 0.710205 0.301441 0.691721 0.292385 0.680971 0.285442 0.699455
0 0.408305 0.870995 0.410697 0.84737 0.400042 0.843961 0.397651 0.867586
0 0.0300101 0.760094 0.0309087 0.731857 0.0143776 0.730194 0.013479 0.758431
0 0.534438 0.762212 0.537547 0.744379 0.52756 0.738876 0.524451 0.756709
0 0.0470258 0.741474 0.0481883 0.722622 0.0361401 0.720274 0.0349776 0.739126
0 0.270917 0.680294 0.272543 0.664175 0.263156 0.661183 0.26153 0.677301
0 0.404088 0.961375 0.411263 0.927035 0.395066 0.91634 0.387891 0.950679
0 0.107228 0.741707 0.108819 0.717021 0.0861747 0.712409 0.0845838 0.737094
0 0.333191 0.61683 0.334215 0.595323 0.320602 0.593274 0.319577 0.614782
0 0.491196 1.0054 0.492184 0.973835 0.467184 0.971362 0.466196 1.00292
0 0.516024 0.700925 0.5171 0.681721 0.50555 0.679677 0.504475 0.698881
0 0.473657 0.691489 0.474179 0.672856 0.461628 0.671746 0.461107 0.690379
0 0.244382 0.733454 0.2516 0.710587 0.242535 0.701543 0.235316 0.72441
0 0.172637 0.651291 0.17464 0.62958 0.161323 0.625696 0.15932 0.647407
0 0.307901 0.831038 0.311969 0.811112 0.303589 0.805705 0.299521 0.825631
0 0.442759 0.745066 0.447854 0.721601 0.438608 0.715256 0.433513 0.738722
0 0.315019 0.802859 0.324681 0.787551 0.316576 0.771384 0.306914 0.786692
0 0.558299 0.531905 0.568694 0.504319 0.55431 0.487188 0.543915 0.514775
0 0.308928 0.604516 0.311455 0.589047 0.303345 0.584861 0.300818 0.600329
0 0.0820034 0.551656 0.0821992 0.53568 0.0713639 0.53526 0.0711681 0.551237
0 0.609352 0.896479 0.613171 0.868734 0.5956 0.861091 0.591781 0.888835
0 0.659829 0.794621 0.664264 0.769838 0.652876 0.763397 0.648441 0.78818
0 0.829601 0.707753 0.825564 0.628618 0.789111 0.634494 0.793147 0.713629
0 0.220279 0.725493 0.222819 0.701246 0.212209 0.697734 0.20967 0.721981
0 0.496321 0.825832 0.500695 0.79814 0.485592 0.790601 0.481218 0.818293
0 0.537526 0.150225 0.537989 0.109441 0.513381 0.108559 0.512918 0.149343
0 0.118944 1.00533 0.12502 0.977291 0.112763 0.968897 0.106688 0.996932
0 0.389057 0.761038 0.390705 0.740328 0.378604 0.737284 0.376956 0.757994
0 0.322757 0.49947 0.324975 0.469775 0.306836 0.465491 0.304617 0.495186
0 0.185422 0.629782 0.190239 0.608329 0.180396 0.601345 0.17558 0.622797
0 0.0293253 0.939756 0.0311831 0.905675 0.0100183 0.902029 0.00816052 0.93611
0 0.763882 1.03682 0.830473 0.942841 0.754627 0.772982 0.688036 0.866959
0 0.328777 0.850917 0.331653 0.822054 0.318798 0.818006 0.315922 0.846868
0 0.172941 0.832916 0.177661 0.80827 0.158843 0.796881 0.154123 0.821526
0 0.595924 0.913406 0.602244 0.895456 0.588475 0.880134 0.582155 0.898084
0 0.346082 0.845164 0.352679 0.820811 0.340592 0.810461 0.333994 0.834814
0 0.332486 0.828477 0.33769 0.801126 0.326569 0.794438 0.321364 0.821789
0 0.449194 0.705418 0.450797 0.686977 0.440415 0.684125 0.438812 0.702567
0 0.217865 0.75108 0.220559 0.726118 0.204648 0.720691 0.201954 0.745653
0 0.324413 0.583945 0.326162 0.565709 0.316588 0.562806 0.314838 0.581041
0 0.218468 0.684265 0.223841 0.661651 0.212145 0.652869 0.206772 0.675483
0 0.349858 0.864543 0.359897 0.833791 0.349136 0.822689 0.339098 0.853441
0 0.354347 0.845051 0.361713 0.819659 0.352786 0.811476 0.345421 0.836867
0 0.497742 0.843338 0.504936 0.82278 0.494542 0.811286 0.487348 0.831844
0 0.208871 0.835815 0.212191 0.814447 0.197818 0.807391 0.194498 0.828758
0 0.20867 0.584639 0.210321 0.555832 0.190718 0.552281 0.189067 0.581087
0 0.569709 0.630879 0.571496 0.594658 0.549344 0.591205 0.547558 0.627426
0 0.494597 0.930247 0.495805 0.908724 0.481972 0.90627 0.480764 0.927793
0 0.198959 0.896508 0.201777 0.868263 0.185453 0.863117 0.182636 0.891362
0 0.121907 0.976975 0.139014 0.923113 0.116407 0.900419 0.0992998 0.954282
0 0.573711 0.806604 0.57466 0.790248 0.562926 0.788097 0.561977 0.804453
0 0.524706 0.871387 0.529521 0.841782 0.509406 0.831442 0.50459 0.861047
0 0.359326 0.636415 0.363412 0.619432 0.355449 0.613377 0.351363 0.63036
0 0.189994 0.945262 0.199369 0.924664 0.185196 0.904278 0.175822 0.924876
0 0.0449562 0.12363 0.0448487 -0.026407 0.000285494 -0.0263062 0.000392926 0.123731
0 0.358078 0.866806 0.366404 0.842141 0.357366 0.832499 0.34904 0.857163
0 0.121692 1.00956 0.130664 0.982968 0.119378 0.970933 0.110405 0.997525
0 0.474044 0.738851 0.475971 0.720393 0.466236 0.717182 0.464309 0.73564
0 0.336423 0.656571 0.338725 0.639542 0.327308 0.634662 0.325005 0.651692
0 0.333383 0.582654 0.334974 0.565982 0.327413 0.563701 0.325822 0.580373
0 0.592923 0.516942 0.593917 0.492329 0.574392 0.489838 0.573398 0.51445
0 0.154765 1.00482 0.154836 0.978699 0.13573 0.978535 0.13566 1.00465
0 0.0833879 0.98223 0.103641 0.949899 0.0932779 0.92938 0.0730244 0.961711
0 0.423691 0.832432 0.426504 0.814149 0.416006 0.809044 0.413193 0.827327
0 0.53789 0.880604 0.544188 0.857139 0.533224 0.847838 0.526926 0.871303
0 0.418355 0.908571 0.422656 0.872516 0.406262 0.866334 0.401961 0.90239
0 0.129739 0.0402762 0.139974 0.0123669 0.117288 -0.0139275 0.107053 0.0139819
0 0.063239 0.586904 0.0644561 0.572648 0.0528078 0.569505 0.0515908 0.583761
0 0.321267 0.688709 0.328227 0.66587 0.317105 0.655158 0.310145 0.677997
0 0.190336 0.486103 0.193209 0.469878 0.183622 0.464511 0.180748 0.480736
0 0.209906 0.785149 0.210716 0.765847 0.198265 0.764196 0.197456 0.783498
0 0.049507 0.704526 0.0559978 0.683763 0.0465185 0.674397 0.0400276 0.69516
0 0.316909 0.846964 0.320907 0.816917 0.309032 0.811923 0.305035 0.841971
0 0.732645 0.581422 0.736532 0.56275 0.723824 0.554388 0.719937 0.57306
0 0.218523 0.97547 0.229691 0.950359 0.219729 0.936355 0.208561 0.961466
0 0.342118 0.582502 0.345193 0.566464 0.336185 0.561006 0.33311 0.577043
0 0.220085 0.711595 0.223145 0.691685 0.211476 0.686018 0.208417 0.705928
0 0.337953 0.738035 0.340064 0.7177 0.328526 0.713914 0.326415 0.734249
0 0.257746 0.883981 0.261778 0.854936 0.247144 0.848515 0.243112 0.87756
0 0.387393 0.841545 0.389371 0.817681 0.374965 0.813907 0.372987 0.837771
0 0.119311 0.908937 0.124104 0.879676 0.110702 0.872737 0.105909 0.901998
0 0.236151 0.794538 0.24145 0.77255 0.231918 0.76529 0.22662 0.787279
0 0.457468 0.73491 0.460162 0.709506 0.447032 0.705106 0.444338 0.73051
0 0.127845 0.849069 0.140407 0.822164 0.129493 0.806059 0.116931 0.832963
0 0.227443 0.64286 0.228904 0.620085 0.216025 0.617473 0.214564 0.640248
0 0.729395 0.661431 0.731571 0.640341 0.717696 0.635816 0.71552 0.656907
0 0.100011 0.730058 0.097922 0.701162 0.0679849 0.708003 0.0700742 0.736899
0 0.571978 0.788615 0.5769 0.772786 0.567429 0.76348 0.562508 0.779308
0 0.312816 0.711725 0.326664 0.681531 0.315571 0.665452 0.301723 0.695647
0 0.143491 0.999079 0.146456 0.969355 0.129146 0.963899 0.126182 0.993623
0 0.295088 0.801464 0.299032 0.784044 0.287466 0.775769 0.283522 0.793189
0 0.197567 0.693608 0.19846 0.678726 0.188302 0.676799 0.187409 0.691681
0 0.71866 0.629159 0.729464 0.596678 0.711283 0.577566 0.70048 0.610047
0 0.573614 0.491307 0.581629 0.466629 0.5647 0.44925 0.556684 0.473927
0 0.56049 0.54226 0.562604 0.520586 0.547895 0.516052 0.545781 0.537726
0 0.346887 0.610563 0.347851 0.597151 0.339587 0.595273 0.338623 0.608685
0 0.22022 0.564496 0.221669 0.548948 0.211028 0.545814 0.209579 0.561362
0 0.348293 0.592744 0.350081 0.574919 0.341061 0.57206 0.339273 0.589884
0 0.210338 0.49876 0.212332 0.484725 0.202776 0.480433 0.200782 0.494468
0 0.171122 1.00338 0.179885 0.971985 0.167635 0.961182 0.158873 0.992581
0 0.190502 0.538534 0.191232 0.52222 0.17928 0.52053 0.17855 0.536844
0 0.292877 0.819455 0.297834 0.794677 0.287639 0.788231 0.282682 0.813009
0 0.134523 0.676778 0.136061 0.654957 0.123685 0.652198 0.122146 0.67402
0 0.381833 0.654601 0.384763 0.637178 0.373347 0.631112 0.370417 0.648535
0 0.0414617 0.767488 0.0432711 0.742306 0.0296194 0.739206 0.02781 0.764388
0 0.208661 0.719028 0.210034 0.701761 0.197469 0.698604 0.196096 0.715872
0 0.0308566 0.110114 0.0394441 -0.00670342 -0.012666 -0.0188103 -0.0212534 0.098007
0 0.560973 0.695329 0.561948 0.673118 0.548532 0.671257 0.547557 0.693468
0 0.160306 0.831409 0.163795 0.808423 0.151014 0.802291 0.147525 0.825278
0 0.34207 0.618442 0.344258 0.603363 0.334914 0.599079 0.332726 0.614158
0 0.0534377 0.701706 0.059231 0.680977 0.0492555 0.672166 0.0434621 0.692894
0 0.282905 0.630848 0.285145 0.61452 0.276439 0.610745 0.274199 0.627074
0 0.0077031 0.94565 0.0136971 0.917221 0.00199923 0.909426 -0.00399481 0.937855
0 0.346977 0.766906 0.352656 0.750894 0.345356 0.74271 0.339677 0.758722
0 0.559956 0.478083 0.565293 0.458265 0.552118 0.447051 0.546781 0.466869
0 0.137014 0.699993 0.138245 0.679998 0.127472 0.677901 0.12624 0.697896
0 0.100235 0.701582 0.106735 0.671761 0.093372 0.662555 0.0868716 0.692376
0 0.165248 0.980755 0.172079 0.957186 0.161653 0.947635 0.154822 0.971204
0 0.396438 0.876818 0.399019 0.858321 0.38944 0.854097 0.386859 0.872594
0 0.533575 0.800353 0.542908 0.776226 0.528071 0.758087 0.518738 0.782213
0 0.561136 0.59455 0.568179 0.57624 0.555505 0.560831 0.548461 0.579141
0 0.105436 1.00581 0.106687 0.974336 0.0865326 0.971803 0.0852813 1.00327
0 0.0403948 1.00426 0.0387844 0.977322 0.0111045 0.982551 0.0127148 1.00949
0 0.332414 0.816493 0.3409 0.784633 0.33027 0.775684 0.321784 0.807545
0 0.360901 0.853651 0.3709 0.833581 0.364082 0.822847 0.354084 0.842917
0 0.222638 0.65108 0.228331 0.627305 0.218638 0.619969 0.212945 0.643744
0 0.470764 0.7853 0.474252 0.767881 0.464918 0.761974 0.461431 0.779393
0 0.238046 0.716935 0.244077 0.698983 0.236326 0.690754 0.230295 0.708705
0 0.457826 0.955411 0.461291 0.929009 0.445951 0.922646 0.442486 0.949048
0 0.363291 0.589828 0.365267 0.572778 0.354027 0.568662 0.352052 0.585712
0 0.177804 0.553365 0.178071 0.532974 0.162486 0.532327 0.162218 0.552718
0 0.536747 0.745182 0.538748 0.729105 0.528133 0.72493 0.526132 0.741006
0 0.28405 0.913504 0.293841 0.881209 0.280228 0.868164 0.270437 0.90046
0 0.386277 0.92464 0.391471 0.900873 0.381721 0.894138 0.376527 0.917905
0 0.159508 0.659217 0.160486 0.638739 0.144814 0.636375 0.143836 0.656853
0 0.845182 0.724333 0.846759 0.703691 0.833887 0.700583 0.83231 0.721225
0 0.179154 0.828474 0.190554 0.799086 0.177732 0.783367 0.166333 0.812756
0 0.296523 0.615007 0.300885 0.599795 0.293042 0.592688 0.28868 0.607899
0 0.223534 0.634214 0.226692 0.617722 0.217688 0.612273 0.21453 0.628765
0 0.267351 0.236313 0.267405 0.196457 0.245412 0.196362 0.245358 0.236218
0 0.0387736 0.712481 0.0414348 0.692996 0.0307854 0.688399 0.0281242 0.707884
0 0.133794 0.582978 0.136696 0.563679 0.127718 0.559412 0.124815 0.578711
0 0.288183 0.622899 0.294377 0.607622 0.287285 0.598534 0.281091 0.613811
0 0.201419 1.0102 0.212211 0.969956 0.19464 0.955064 0.183848 0.995308
0 0.533558 0.647742 0.535017 0.628953 0.522969 0.625997 0.521511 0.644786
0 0.0830325 0.143381 0.106649 0.126232 0.0745525 -0.0134655 0.0509359 0.00368382
0 0.551618 0.661362 0.56491 0.639504 0.555413 0.621252 0.542121 0.64311
0 0.308221 0.62791 0.310639 0.608557 0.301283 0.604861 0.298864 0.624215
0 0.128175 0.642821 0.128546 0.626167 0.117368 0.625379 0.116996 0.642033
0 0.436041 0.840225 0.440025 0.813828 0.429638 0.808872 0.425653 0.835269
0 0.337193 0.793255 0.349281 0.77563 0.343351 0.762779 0.331264 0.780404
0 0.170326 0.528515 0.171701 0.511999 0.158022 0.5084 0.156647 0.524916
0 0.123501 0.120447 0.141402 0.0952384 0.119946 0.0470843 0.102045 0.072293
0 0.464897 0.665679 0.466629 0.650455 0.457028 0.647002 0.455296 0.662226
0 0.341909 0.665949 0.344916 0.650918 0.335418 0.644912 0.332411 0.659943
0 0.381389 0.742902 0.384257 0.725309 0.374567 0.720316 0.371699 0.737909
0 0.313961 0.619548 0.316392 0.606585 0.308013 0.601617 0.305581 0.614581
0 0.441926 0.793724 0.444572 0.773875 0.434016 0.769426 0.431369 0.789275
0 0.451121 0.762412 0.452082 0.746933 0.441856 0.744927 0.440895 0.760407
0 0.567967 0.773638 0.571926 0.75128 0.560951 0.745138 0.556992 0.767495
0 0.370788 0.719995 0.374346 0.70297 0.367165 0.698227 0.363607 0.715251
0 0.0616661 0.731694 0.0652234 0.707597 0.0531038 0.701943 0.0495465 0.72604
0 0.125199 0.570683 0.12718 0.551538 0.117381 0.548333 0.115399 0.567478
0 0.359366 1.00426 0.364952 0.979424 0.352814 0.970796 0.347228 0.995633
0 0.478622 0.732141 0.479889 0.712899 0.469748 0.71079 0.468481 0.730032
0 0.463238 0.814141 0.464944 0.788551 0.452413 0.78591 0.450707 0.8115
0 0.165387 0.747285 0.166216 0.727906 0.1536 0.726199 0.15277 0.745579
0 0.209088 0.427257 0.208511 0.399566 0.178551 0.401539 0.179128 0.42923
0 0.109053 0.971658 0.110857 0.948428 0.0986969 0.945444 0.0968927 0.968674
0 0.540492 0.765737 0.547466 0.75048 0.53749 0.736069 0.530516 0.751326
0 0.37037 0.86697 0.37653 0.843935 0.365797 0.834863 0.359637 0.857898
0 0.416843 0.629705 0.43947 0.517049 0.382277 0.480744 0.35965 0.593399
0 0.166278 0.951834 0.179724 0.910873 0.160232 0.890651 0.146786 0.931612
