0 0.508049 0.979956 0.510658 0.938213 0.48262 0.932673 0.48001 0.974417
0 0.305878 0.885349 0.345699 0.861902 0.326269 0.757611 0.286448 0.781059
0 0.227471 0.898416 0.215723 0.803665 0.145873 0.831036 0.157621 0.925787
0 0.301719 0.883308 0.305349 0.799608 0.260175 0.793416 0.256545 0.877116
0 0.597814 0.999101 0.604502 0.968823 0.58914 0.958097 0.582452 0.988376
0 0.350054 0.882788 0.361837 0.844096 0.344831 0.827728 0.333048 0.86642
0 0.603414 0.941862 0.6068 0.906545 0.587392 0.900662 0.584005 0.935979
0 0.236531 0.839638 0.237367 0.808222 0.21652 0.806469 0.215684 0.837885
0 0.608712 0.968241 0.611998 0.93833 0.593048 0.931751 0.589762 0.961662
0 0.79783 0.616727 0.796481 0.579536 0.772014 0.582342 0.773364 0.619533
0 0.286476 0.777557 0.289364 0.745003 0.270517 0.739719 0.26763 0.772273
0 0.241523 0.556838 0.241464 0.508178 0.21155 0.508294 0.211609 0.556953
0 0.423472 0.828569 0.430709 0.792248 0.413509 0.781416 0.406272 0.817738
0 0.149875 0.875003 0.156076 0.808253 0.124229 0.798903 0.118029 0.865653
0 0.709313 0.733785 0.717604 0.714153 0.696927 0.686556 0.688636 0.706188
0 0.451578 0.887679 0.461111 0.837286 0.426471 0.816575 0.416938 0.866967
0 0.768146 0.627245 0.771733 0.606906 0.753408 0.596692 0.749821 0.617031
0 0.682048 0.707447 0.684011 0.678613 0.663694 0.674242 0.661731 0.703075
0 0.731191 0.646959 0.744767 0.601462 0.728482 0.586104 0.714906 0.631601
0 0.247432 0.746482 0.250305 0.727226 0.238494 0.721657 0.235621 0.740913
0 0.412482 0.892868 0.414346 0.857338 0.395947 0.854288 0.394083 0.889818
0 0.325299 0.908175 0.342392 0.879858 0.332561 0.861103 0.315468 0.88942
0 0.400379 0.908149 0.404576 0.879295 0.388506 0.871907 0.384308 0.900761
0 0.671865 0.76206 0.688948 0.741086 0.670276 0.693017 0.653192 0.713991
0 0.816974 1.06548 0.870019 0.958505 0.790653 0.834121 0.737608 0.941095
0 0.369442 0.842112 0.36553 0.788744 0.33136 0.796659 0.335272 0.850027
0 0.100916 0.929741 0.134014 0.878899 0.118497 0.846972 0.0853984 0.897814
0 0.110116 0.789426 0.140721 0.759555 0.130267 0.725703 0.0996621 0.755575
0 0.516747 0.956486 0.526741 0.92527 0.51649 0.914896 0.506495 0.946112
0 0.446438 0.828935 0.447772 0.783074 0.426107 0.781083 0.424773 0.826943
0 0.66534 0.818329 0.679061 0.775274 0.639515 0.735443 0.625794 0.778499
0 0.250434 0.833606 0.252581 0.802948 0.234145 0.798868 0.231998 0.829526
0 0.494437 0.819931 0.504474 0.778696 0.486836 0.765127 0.476799 0.806361
0 0.394866 0.981319 0.404993 0.908035 0.368091 0.891917 0.357963 0.965202
0 0.476562 0.939078 0.479144 0.90379 0.45985 0.89933 0.457269 0.934618
0 0.486314 0.951852 0.492561 0.924124 0.479669 0.914946 0.473423 0.942675
0 0.573989 0.924475 0.579093 0.89334 0.556419 0.881592 0.551315 0.912727
0 0.68462 0.870188 0.698256 0.826117 0.661246 0.789925 0.64761 0.833996
0 0.593696 0.910052 0.596122 0.874115 0.578345 0.870321 0.575919 0.906258
0 0.525595 0.822647 0.528378 0.797926 0.51449 0.792983 0.511707 0.817705
0 0.350377 0.760488 0.351145 0.735708 0.336178 0.734241 0.33541 0.759021
0 0.520892 0.741421 0.521121 0.716884 0.504932 0.716406 0.504703 0.740944
0 0.2624 0.902375 0.271369 0.869337 0.257532 0.857465 0.248563 0.890503
0 0.455076 0.985797 0.452687 0.947727 0.423774 0.953463 0.426164 0.991533
0 0.391228 0.76995 0.392167 0.746264 0.37698 0.744361 0.376041 0.768047
0 0.219543 0.756971 0.227124 0.727743 0.216134 0.718734 0.208553 0.747962
0 0.424373 0.862239 0.423963 0.820561 0.392888 0.821528 0.393299 0.863207
0 0.477738 0.978216 0.482243 0.954762 0.468504 0.946422 0.463999 0.969876
0 0.750846 0.604402 0.754436 0.577272 0.724235 0.564644 0.720646 0.591773
0 0.472335 0.821423 0.473393 0.7927 0.455032 0.790561 0.453973 0.819284
0 0.127978 0.904622 0.156036 0.886545 0.150359 0.858693 0.122301 0.876769
0 0.77475 0.671021 0.782332 0.629802 0.749536 0.610737 0.741954 0.651956
0 0.432525 0.953849 0.455177 0.922699 0.442877 0.894428 0.420224 0.925578
0 0.951856 0.770598 0.950827 0.735424 0.925731 0.737745 0.92676 0.772918
0 0.571476 0.9495 0.576846 0.925036 0.560243 0.913519 0.554873 0.937983
0 0.546015 0.88339 0.552446 0.864472 0.539847 0.850934 0.533415 0.869852
0 0.92668 0.807283 0.935957 0.782076 0.916575 0.759531 0.907298 0.784738
0 0.626148 0.746006 0.63825 0.715722 0.615624 0.687147 0.603523 0.717431
0 0.209101 0.937822 0.229854 0.889117 0.210437 0.862971 0.189685 0.911676
0 0.598096 0.530806 0.605337 0.490375 0.585355 0.479065 0.578114 0.519495
0 0.398952 0.71832 0.408456 0.682167 0.391981 0.668479 0.382477 0.704632
0 0.567538 0.688088 0.578219 0.673357 0.563098 0.638704 0.552417 0.653435
0 0.405721 0.957697 0.41879 0.944122 0.40663 0.907122 0.393561 0.920698
0 0.213612 0.665251 0.232627 0.646261 0.226063 0.625488 0.207049 0.644477
0 0.458249 0.354078 0.470749 0.315521 0.446489 0.290663 0.433989 0.32922
0 0.307457 0.894482 0.307968 0.865844 0.290775 0.864873 0.290263 0.893512
0 0.533443 0.950858 0.540637 0.924907 0.528172 0.913985 0.520977 0.939935
0 0.811063 0.75886 0.812144 0.727209 0.792127 0.725049 0.791047 0.7567
0 0.54943 0.631337 0.552689 0.603802 0.536003 0.597559 0.532743 0.625094
0 0.499501 0.850709 0.508341 0.817627 0.493944 0.805469 0.485104 0.838551
0 0.513837 1.00569 0.517003 0.971655 0.498351 0.96617 0.495185 1.0002
0 0.708156 0.893373 0.729631 0.831152 0.701007 0.799928 0.679532 0.862149
0 0.283927 0.912832 0.291481 0.884638 0.277846 0.873093 0.270292 0.901287
0 0.666055 0.916651 0.676001 0.893103 0.656562 0.867154 0.646616 0.890702
0 0.522668 0.977192 0.531089 0.948838 0.519934 0.938367 0.511513 0.966721
0 0.238078 0.726219 0.238694 0.705944 0.224002 0.704532 0.223385 0.724807
0 0.47222 0.905904 0.474064 0.879084 0.460379 0.876111 0.458535 0.902931
0 0.708633 0.779558 0.71349 0.742864 0.696537 0.735773 0.691681 0.772466
0 0.135972 0.748975 0.155861 0.723345 0.145064 0.696867 0.125176 0.722497
0 0.573925 0.449239 0.56775 0.416338 0.542291 0.431442 0.548467 0.464342
0 0.4598 0.956383 0.461301 0.927273 0.443716 0.924408 0.442216 0.953518
0 0.330836 1.02791 0.350227 0.960913 0.312928 0.926793 0.293537 0.993787
0 0.0985866 0.844851 0.128948 0.82242 0.123262 0.798096 0.0929007 0.820526
0 0.416747 0.804437 0.413301 0.752528 0.393003 0.756786 0.396448 0.808695
0 0.652962 1.01423 0.661955 0.974213 0.62871 0.950604 0.619717 0.990625
0 0.226306 0.714611 0.227393 0.692564 0.213303 0.690369 0.212216 0.712416
0 0.561966 0.526173 0.565276 0.504033 0.553391 0.498417 0.550081 0.520557
0 0.695908 0.558051 0.69871 0.525196 0.68145 0.520543 0.678648 0.553398
0 0.108422 1.03362 0.189869 0.976229 0.172749 0.899441 0.0913022 0.956832
0 0.76333 0.584871 0.766039 0.562655 0.74694 0.555293 0.744231 0.577508
0 0.384723 0.749198 0.384944 0.707009 0.363052 0.706647 0.362832 0.748836
0 0.139861 0.935268 0.16671 0.905623 0.156105 0.875266 0.129255 0.904912
0 0.469291 0.796197 0.508538 0.75744 0.493443 0.709129 0.454196 0.747886
0 0.432895 0.790349 0.433326 0.7673 0.419789 0.766499 0.419357 0.789548
0 0.162825 0.535036 0.163455 0.499231 0.141507 0.49801 0.140877 0.533815
0 0.206247 0.768149 0.2118 0.746738 0.201495 0.738291 0.195942 0.759702
0 0.300071 0.7672 0.307926 0.742187 0.296848 0.731193 0.288993 0.756205
0 0.241889 0.629626 0.247994 0.607804 0.233731 0.595193 0.227626 0.617015
0 0.535914 0.659017 0.539938 0.625485 0.518274 0.61727 0.514251 0.650801
0 0.374435 0.703093 0.377743 0.68069 0.365297 0.674882 0.361989 0.697285
0 0.216787 0.793488 0.224973 0.760695 0.21119 0.749822 0.203005 0.782616
0 0.560038 0.585285 0.558644 0.546101 0.544578 0.547682 0.545972 0.586865
0 0.27522 1.01708 0.286611 0.976273 0.255951 0.949223 0.24456 0.990033
0 0.234351 0.808219 0.245901 0.761503 0.226191 0.746102 0.214642 0.792818
0 0.585685 1.007 0.590213 0.988186 0.575255 0.976809 0.570726 0.995627
0 0.228603 0.930399 0.238123 0.899796 0.228173 0.890014 0.218654 0.920617
0 0.497921 0.905898 0.499763 0.882749 0.485475 0.879155 0.483632 0.902304
0 0.249956 0.587777 0.260362 0.561754 0.242285 0.538909 0.231879 0.564932
0 0.616507 1.00317 0.616827 0.978819 0.601608 0.978187 0.601288 1.00254
0 0.395693 0.818611 0.404772 0.787116 0.383281 0.767534 0.374201 0.79903
0 0.0248383 0.979865 0.0356001 0.946231 0.0204848 0.930945 0.009723 0.964579
0 0.356445 0.5116 0.359339 0.479873 0.339123 0.474044 0.336228 0.505771
0 0.508107 0.867895 0.515906 0.835114 0.505445 0.827248 0.497646 0.86003
0 0.0879603 0.893807 0.122512 0.857124 0.108063 0.814111 0.073511 0.850794
0 0.986506 1.05738 1.01242 0.894306 0.84732 0.811371 0.821402 0.974445
0 0.962826 0.819632 0.968742 0.792477 0.948766 0.778721 0.94285 0.805877
0 0.573972 0.868848 0.581701 0.847921 0.566515 0.830195 0.558786 0.851122
0 0.321514 0.774509 0.322662 0.745596 0.306286 0.743541 0.305138 0.772455
0 0.561621 0.834352 0.566784 0.766686 0.530725 0.75799 0.525561 0.825656
0 0.64708 0.721059 0.656151 0.702537 0.639385 0.676586 0.630314 0.695107
0 0.745459 0.844416 0.751047 0.819501 0.732093 0.806065 0.726505 0.83098
0 0.0784188 1.0121 0.0965014 0.992281 0.0888142 0.970119 0.0707317 0.989943
0 0.417645 0.669239 0.418702 0.631801 0.400882 0.630212 0.399826 0.667649
0 0.197086 0.761221 0.199019 0.736371 0.184758 0.732864 0.182825 0.757714
0 0.432733 0.686105 0.438505 0.665818 0.428373 0.656708 0.422601 0.676994
0 0.586164 0.933879 0.587547 0.905601 0.575241 0.9037 0.573859 0.931978
0 0.431269 0.712089 0.440596 0.682891 0.429754 0.671947 0.420428 0.701145
0 0.775282 0.560983 0.776914 0.539871 0.764778 0.536907 0.763146 0.558019
0 0.422178 0.739935 0.427413 0.707363 0.41294 0.700013 0.407705 0.732584
0 0.733525 0.692316 0.740773 0.665494 0.712333 0.641206 0.705085 0.668028
0 0.731057 0.717818 0.73667 0.687763 0.71056 0.672355 0.704948 0.70241
0 0.55632 0.687657 0.561705 0.664497 0.551375 0.656905 0.54599 0.680065
0 0.370453 0.857774 0.380059 0.83167 0.369799 0.819737 0.360193 0.845841
0 0.38317 0.792099 0.384098 0.759218 0.366778 0.757672 0.365849 0.790553
0 0.0406099 0.978295 0.0513557 0.956977 0.0427883 0.943328 0.0320425 0.964646
0 0.708592 0.794129 0.711002 0.77111 0.696911 0.766447 0.694501 0.789466
0 0.516486 0.669788 0.523803 0.648237 0.508177 0.631471 0.500861 0.653022
0 0.681976 0.680574 0.683664 0.657222 0.671022 0.654333 0.669334 0.677685
0 0.359811 0.787227 0.361484 0.761734 0.348802 0.759103 0.347129 0.784597
0 0.405603 0.734722 0.420188 0.705197 0.40885 0.687495 0.394265 0.71702
0 0.620632 0.918558 0.622605 0.89317 0.610447 0.890185 0.608474 0.915572
0 0.830948 0.689381 0.836648 0.66216 0.814305 0.647373 0.808605 0.674594
0 0.477687 0.887021 0.482115 0.863185 0.468545 0.85522 0.464118 0.879056
0 0.497218 0.999974 0.494637 0.96677 0.467223 0.973505 0.469805 1.00671
0 0.370798 0.770838 0.369737 0.735582 0.352813 0.737191 0.353874 0.772447
0 0.290911 0.748556 0.292252 0.731257 0.277869 0.727733 0.276527 0.745032
0 0.318154 0.732536 0.320377 0.709209 0.305253 0.704654 0.30303 0.727981
0 0.236098 0.590412 0.242404 0.567809 0.228553 0.555595 0.222247 0.578198
0 0.463567 0.886885 0.470116 0.856365 0.457979 0.848134 0.45143 0.878654
0 0.517632 0.722097 0.522566 0.701686 0.507049 0.689832 0.502115 0.710242
0 0.667932 0.932144 0.675126 0.909048 0.660619 0.894768 0.653425 0.917864
0 0.546196 0.927635 0.548057 0.903736 0.535224 0.900577 0.533363 0.924476
0 0.56933 0.544908 0.57347 0.516788 0.562086 0.511492 0.557947 0.539611
0 0.528967 0.629485 0.528314 0.584707 0.497747 0.586115 0.4984 0.630894
0 0.513732 0.918286 0.523728 0.87904 0.511026 0.868815 0.50103 0.908061
0 0.560093 1.00539 0.565656 0.977419 0.552439 0.969112 0.546876 0.997084
0 0.436029 0.906927 0.441718 0.881591 0.430063 0.87332 0.424374 0.898656
0 0.866404 0.585279 0.874288 0.567735 0.857294 0.543599 0.84941 0.561142
0 0.507199 0.943894 0.510857 0.9194 0.494195 0.911534 0.490536 0.936028
0 0.387591 0.841148 0.404876 0.820606 0.397468 0.800905 0.380183 0.821447
0 0.724588 0.608091 0.726838 0.580626 0.712655 0.576953 0.710404 0.604417
0 0.380074 0.859868 0.390481 0.836516 0.382133 0.824759 0.371727 0.848111
0 0.344447 0.904538 0.356081 0.879694 0.345683 0.864307 0.33405 0.889151
0 0.483155 0.831141 0.487987 0.806662 0.472537 0.797024 0.467706 0.821503
0 0.204137 0.836636 0.221277 0.805578 0.208166 0.782711 0.191027 0.813769
0 0.52487 0.847952 0.533451 0.81809 0.521355 0.807103 0.512773 0.836965
0 0.468096 0.86843 0.475061 0.842464 0.462943 0.83219 0.455978 0.858155
0 0.547716 0.6876 0.555556 0.653721 0.545609 0.646445 0.537768 0.680324
0 0.202847 0.78972 0.206625 0.763098 0.19449 0.757655 0.190712 0.784277
0 0.159883 0.793053 0.183906 0.761104 0.174059 0.737706 0.150036 0.769655
0 0.111377 0.936366 0.138448 0.907379 0.129292 0.880352 0.102221 0.909339
0 0.484158 0.910283 0.484757 0.881807 0.471666 0.880937 0.471067 0.909413
0 0.289331 0.670128 0.296981 0.64447 0.284501 0.63271 0.27685 0.658368
0 0.978234 0.778549 0.987901 0.752214 0.966551 0.727445 0.956885 0.75378
0 0.287223 0.797258 0.30808 0.771841 0.300438 0.752022 0.279581 0.777439
0 0.943614 0.811973 0.946528 0.788557 0.933033 0.783248 0.930118 0.806664
0 0.418492 0.704995 0.427469 0.687512 0.419974 0.675349 0.410997 0.692831
0 0.276822 0.74363 0.278192 0.7247 0.267387 0.722229 0.266017 0.74116
0 0.522409 0.765157 0.52847 0.741768 0.517168 0.732511 0.511107 0.7559
0 0.246146 0.660457 0.252863 0.645286 0.242533 0.630832 0.235816 0.646003
0 0.696243 0.531802 0.697098 0.503827 0.681386 0.502309 0.680531 0.530284
0 0.653082 0.872268 0.657042 0.793118 0.618357 0.787001 0.614397 0.866151
0 0.574006 0.96365 0.576395 0.94395 0.565065 0.939609 0.562676 0.959308
0 0.599905 0.704711 0.603437 0.676062 0.590292 0.670939 0.58676 0.699589
0 0.531957 0.923066 0.5343 0.904385 0.524311 0.900426 0.521968 0.919107
0 0.498849 0.884783 0.502097 0.864148 0.491493 0.858872 0.488245 0.879508
0 0.545369 0.588544 0.548254 0.555882 0.535399 0.552293 0.532513 0.584955
0 0.574332 0.616786 0.578142 0.596584 0.567881 0.590468 0.564071 0.610669
0 0.383199 0.829066 0.386724 0.800199 0.371106 0.794172 0.367581 0.823039
0 0.387079 0.884966 0.392206 0.86023 0.38115 0.852988 0.376023 0.877723
0 0.241464 0.672739 0.243038 0.650523 0.229037 0.647387 0.227463 0.669603
0 0.457945 0.907745 0.460346 0.882328 0.445775 0.877978 0.443374 0.903395
0 0.199257 0.654795 0.210326 0.624826 0.197864 0.610278 0.186794 0.640248
0 0.349589 0.726651 0.350152 0.705704 0.334772 0.704398 0.33421 0.725346
0 0.425872 0.99378 0.424182 0.950227 0.405165 0.95256 0.406855 0.996112
0 0.264971 0.645021 0.26985 0.610168 0.256344 0.604193 0.251466 0.639046
0 0.906701 0.789202 0.907316 0.765162 0.889882 0.763752 0.889267 0.787792
0 0.188207 0.841128 0.212474 0.813687 0.200946 0.781468 0.176679 0.808908
0 0.531874 0.605663 0.540685 0.591201 0.524068 0.559203 0.515257 0.573665
0 0.457381 0.834551 0.458698 0.806665 0.445239 0.804658 0.443923 0.832543
0 0.692991 0.790566 0.69403 0.761379 0.680745 0.759885 0.679706 0.789072
0 0.569785 0.91451 0.577415 0.872664 0.553247 0.858736 0.545617 0.900582
0 0.627005 1.00359 0.627596 0.98098 0.614626 0.979908 0.614035 1.00252
0 0.14424 0.820862 0.161625 0.777496 0.141589 0.752109 0.124204 0.795475
0 0.259494 0.80924 0.263469 0.789682 0.252176 0.782427 0.248201 0.801985
0 0.327092 0.718192 0.328364 0.699316 0.317763 0.697057 0.31649 0.715934
0 0.438213 0.739882 0.442098 0.717588 0.430228 0.71105 0.426343 0.733344
0 0.787434 0.701304 0.788869 0.680322 0.775264 0.677381 0.773829 0.698363
0 0.48286 0.850293 0.488347 0.830118 0.474342 0.818079 0.468855 0.838255
0 0.814062 0.724622 0.82553 0.702296 0.816559 0.687732 0.80509 0.710057
0 0.0105106 0.99748 0.0116049 0.974337 -0.00148644 0.972381 -0.00258069 0.995523
0 0.607083 0.67632 0.608478 0.654115 0.598188 0.652072 0.596793 0.674277
0 0.69632 0.744936 0.70373 0.725402 0.693285 0.71288 0.685875 0.732415
0 0.64118 0.774125 0.663831 0.741156 0.647528 0.705757 0.624877 0.738726
0 0.385927 0.905064 0.387667 0.882189 0.373897 0.878879 0.372157 0.901753
0 0.48882 0.928808 0.492496 0.90129 0.480608 0.896271 0.476932 0.923789
0 0.67816 0.895793 0.685564 0.858518 0.669902 0.848686 0.662498 0.885961
0 0.213482 0.974289 0.221924 0.956251 0.213633 0.943987 0.205191 0.962025
0 0.688486 0.899168 0.693459 0.8669 0.680264 0.860473 0.675291 0.892741
0 0.525148 0.922816 0.530019 0.896429 0.519144 0.890084 0.514273 0.916471
0 0.171028 0.756324 0.176766 0.734265 0.165988 0.725404 0.16025 0.747464
0 0.665697 0.972913 0.672405 0.931284 0.657053 0.923464 0.650344 0.965093
0 0.972397 0.805657 0.979813 0.787603 0.966509 0.770332 0.959093 0.788385
0 0.524895 0.700581 0.528334 0.680285 0.516191 0.673781 0.512752 0.694077
0 0.77637 0.590328 0.778861 0.57092 0.768182 0.566587 0.76569 0.585995
0 0.277089 0.805551 0.292012 0.780793 0.281672 0.761093 0.266748 0.785852
0 0.653438 0.975052 0.658648 0.947795 0.644371 0.939171 0.639162 0.966428
0 0.25572 0.855708 0.26462 0.820546 0.252406 0.810775 0.243506 0.845937
0 0.724073 0.578106 0.724809 0.556761 0.711395 0.555299 0.710659 0.576643
0 0.760833 0.528202 0.762963 0.50841 0.752197 0.504746 0.750066 0.524539
0 0.401976 0.76154 0.402332 0.738911 0.389522 0.738275 0.389167 0.760904
0 0.582629 0.984078 0.584934 0.959648 0.572166 0.95584 0.569861 0.98027
0 0.813065 0.818868 0.813167 0.796741 0.798237 0.796523 0.798134 0.818649
0 0.369595 0.808393 0.373212 0.788322 0.358594 0.779997 0.354977 0.800068
0 0.25996 0.55339 0.261819 0.516849 0.242598 0.513758 0.240739 0.550299
0 0.551864 0.752196 0.556993 0.726329 0.544645 0.718591 0.539516 0.744458
0 0.510262 0.77823 0.519022 0.760978 0.507034 0.741742 0.498275 0.758994
0 0.317518 0.907464 0.32631 0.884858 0.317059 0.873486 0.308267 0.896093
0 0.242434 0.927752 0.253817 0.910602 0.246161 0.89454 0.234777 0.91169
0 0.354792 0.913825 0.364947 0.888702 0.355365 0.876463 0.345211 0.901585
0 0.225892 0.39404 0.225992 0.359883 0.197652 0.359623 0.197553 0.39378
0 0.560357 0.867168 0.563278 0.837759 0.54948 0.833427 0.546559 0.862836
0 0.982964 0.840038 0.984278 0.817569 0.967205 0.814415 0.965891 0.836884
0 0.273594 0.618293 0.286329 0.587572 0.262729 0.556652 0.249994 0.587373
0 0.069679 0.847367 0.07824 0.815516 0.0677442 0.806599 0.0591831 0.83845
0 0.502171 0.920113 0.505137 0.895933 0.491767 0.89075 0.488801 0.91493
0 0.598139 0.580032 0.598185 0.556401 0.584889 0.556318 0.584843 0.579949
0 0.124434 0.723033 0.125712 0.70381 0.11194 0.700917 0.110662 0.72014
0 0.235304 0.742814 0.238424 0.725209 0.228483 0.71964 0.225363 0.737246
0 0.234951 0.693388 0.236387 0.668145 0.221685 0.665502 0.220249 0.690745
0 0.745126 0.69969 0.753268 0.679998 0.744647 0.668731 0.736505 0.688423
0 0.425309 0.658172 0.443856 0.613231 0.430439 0.595731 0.411892 0.640672
0 0.966897 0.724117 0.968658 0.703667 0.955195 0.700004 0.953435 0.720454
0 0.66274 0.695833 0.665508 0.668674 0.652403 0.664453 0.649635 0.691612
0 0.508208 0.838652 0.512686 0.80944 0.496375 0.801537 0.491897 0.83075
0 0.354017 0.710808 0.354598 0.685487 0.335413 0.684097 0.334832 0.709418
0 0.777366 0.616003 0.778983 0.595681 0.766365 0.592509 0.764748 0.612831
0 0.783585 0.576987 0.785505 0.550256 0.770773 0.546911 0.768853 0.573643
0 0.843072 0.76851 0.847734 0.749294 0.835692 0.740062 0.831031 0.759278
0 0.0843074 0.913264 0.0888067 0.87746 0.0693658 0.869739 0.0648665 0.905543
0 0.561798 0.665134 0.569355 0.642089 0.557951 0.630271 0.550394 0.653315
0 0.425153 0.896679 0.427201 0.870498 0.414425 0.867339 0.412378 0.893521
0 0.462196 1.00416 0.4623 0.98052 0.449158 0.980337 0.449054 1.00397
0 0.591412 0.764617 0.595789 0.72566 0.57108 0.716887 0.566703 0.755844
0 0.236 0.819045 0.237384 0.797157 0.222662 0.794216 0.221278 0.816104
0 0.297962 0.992844 0.299224 0.972601 0.286467 0.970088 0.285205 0.99033
0 0.642989 0.96107 0.648976 0.931597 0.63656 0.923626 0.630573 0.953099
0 0.334018 0.729671 0.334482 0.710379 0.320301 0.709299 0.319837 0.728592
0 0.562165 0.960747 0.564156 0.934763 0.551226 0.931632 0.549235 0.957615
0 0.418084 0.688752 0.42328 0.664768 0.412714 0.657533 0.407518 0.681517
0 0.243054 0.851795 0.246643 0.831938 0.235637 0.825651 0.232048 0.845508
0 0.791462 0.67744 0.793925 0.655196 0.779439 0.650127 0.776976 0.672371
0 0.119422 0.74701 0.120591 0.714494 0.100504 0.712212 0.0993355 0.744729
0 0.625539 0.952832 0.63338 0.911944 0.621854 0.904959 0.614013 0.945847
0 0.954233 0.835453 0.957006 0.817717 0.941752 0.810181 0.93898 0.827916
0 0.530584 0.704213 0.535928 0.682163 0.528388 0.676388 0.523044 0.698438
0 0.995431 0.792509 0.998304 0.770009 0.986214 0.76513 0.983341 0.78763
0 0.788927 0.806083 0.794963 0.78652 0.781806 0.77369 0.77577 0.793253
0 0.639656 0.934849 0.650404 0.92251 0.639408 0.892234 0.628659 0.904572
0 0.616213 0.895561 0.616337 0.869022 0.605145 0.868858 0.605022 0.895396
0 1.00025 0.754645 0.99952 0.727665 0.981141 0.729244 0.981874 0.756225
0 0.206348 0.728894 0.208779 0.707584 0.199331 0.704178 0.1969 0.725488
0 0.411304 0.750721 0.412775 0.729042 0.399829 0.726265 0.398358 0.747944
0 0.340106 0.528165 0.344226 0.504819 0.327514 0.495499 0.323394 0.518846
0 0.538947 0.85472 0.542476 0.830352 0.530151 0.82471 0.526621 0.849078
0 0.767579 1.0144 0.773974 0.956048 0.734081 0.942232 0.727687 1.00058
0 0.3728 0.666865 0.379331 0.643962 0.360603 0.627085 0.354073 0.649988
0 0.207461 0.746984 0.209521 0.729522 0.199245 0.725692 0.197186 0.743153
0 0.260518 0.927129 0.265642 0.902905 0.255751 0.896291 0.250626 0.920516
0 0.872223 0.789533 0.875261 0.768035 0.862016 0.76212 0.858978 0.783618
0 0.351438 0.803207 0.355596 0.778019 0.339858 0.769808 0.3357 0.794997
0 0.392376 0.887262 0.396645 0.86049 0.384061 0.854147 0.379792 0.880919
0 0.727929 0.728971 0.73069 0.709824 0.716585 0.703396 0.713824 0.722543
0 0.412561 0.699937 0.419042 0.676996 0.408626 0.667697 0.402145 0.690637
0 0.471488 0.989034 0.473616 0.968477 0.461897 0.964644 0.459769 0.985201
0 0.451643 0.801383 0.454446 0.777837 0.439212 0.772106 0.436409 0.795651
0 0.198762 1.013 0.219592 0.983222 0.208018 0.957632 0.187188 0.987408
0 0.511379 0.798383 0.515775 0.780188 0.501303 0.769138 0.496907 0.787333
0 0.563953 0.981078 0.568929 0.960381 0.559956 0.953563 0.55498 0.97426
0 0.250113 0.971888 0.254539 0.946737 0.241118 0.939272 0.236692 0.964424
0 0.190127 0.638997 0.197839 0.612869 0.187527 0.603249 0.179815 0.629377
0 0.591407 0.808657 0.594461 0.782849 0.581403 0.777965 0.578349 0.803773
0 0.559671 0.616827 0.561416 0.591266 0.550027 0.588808 0.548282 0.614369
0 0.61295 0.697141 0.615489 0.679687 0.604605 0.674684 0.602066 0.692138
0 0.755627 0.834978 0.763024 0.822385 0.750924 0.799923 0.743528 0.812517
0 0.424092 0.946127 0.42752 0.923023 0.415581 0.917425 0.412153 0.940529
0 0.548543 1.00381 0.548441 0.964866 0.522428 0.965081 0.522529 1.00403
0 0.721831 0.706451 0.726048 0.678411 0.70386 0.667865 0.699643 0.695905
0 0.318315 0.753447 0.319901 0.733408 0.307484 0.730303 0.305898 0.750342
0 0.475126 0.747535 0.481165 0.719526 0.468253 0.710727 0.462214 0.738737
0 0.628982 0.567244 0.635065 0.536112 0.613925 0.523056 0.607842 0.554189
0 0.582939 0.849969 0.588088 0.830819 0.574828 0.819552 0.56968 0.838701
0 0.496163 0.722635 0.497686 0.704292 0.486884 0.701458 0.485361 0.7198
0 0.464166 0.759199 0.473387 0.734728 0.460965 0.719936 0.451744 0.744407
0 0.385794 0.689983 0.393595 0.655425 0.381536 0.646822 0.373735 0.681381
0 0.344762 0.930476 0.353743 0.909574 0.345952 0.898992 0.33697 0.919895
0 0.327529 0.35313 0.326449 0.284603 0.290356 0.2864 0.291436 0.354928
0 0.827284 0.585181 0.832735 0.562066 0.813217 0.547521 0.807767 0.570636
0 0.840479 0.715222 0.84075 0.695952 0.827042 0.695342 0.82677 0.714612
0 0.756037 0.507435 0.761684 0.482914 0.745387 0.471052 0.73974 0.495573
0 0.448244 0.898214 0.451828 0.879493 0.440294 0.872515 0.43671 0.891235
0 0.101348 0.719729 0.0981831 0.685476 0.0751662 0.692197 0.0783307 0.726449
0 0.464399 0.84552 0.469462 0.824327 0.457879 0.815582 0.452816 0.836775
0 0.0567891 0.752276 0.0568376 0.697627 0.0272203 0.697544 0.0271718 0.752193
0 0.585563 0.874497 0.588848 0.853836 0.578928 0.84885 0.575642 0.869511
0 0.573164 0.568001 0.575972 0.548513 0.563955 0.543039 0.561146 0.562527
0 0.79703 0.778919 0.799381 0.75555 0.782997 0.750342 0.780647 0.773711
0 0.439428 0.962524 0.441474 0.939731 0.426174 0.93539 0.424128 0.958183
0 0.572295 0.895673 0.575662 0.861618 0.556528 0.855639 0.553161 0.889694
0 0.583712 0.942991 0.587232 0.914041 0.576326 0.909851 0.572807 0.938801
0 0.508511 0.813242 0.512387 0.795915 0.499908 0.787091 0.496031 0.804418
0 0.469566 0.722601 0.471136 0.701543 0.459979 0.698915 0.45841 0.719974
0 0.219024 0.635938 0.223127 0.617577 0.213612 0.610856 0.209509 0.629218
0 0.0725574 0.575879 0.0736969 0.556397 0.0586379 0.553613 0.0574984 0.573095
0 0.441512 0.718628 0.448096 0.693711 0.438358 0.685578 0.431774 0.710496
0 0.0929511 0.744441 0.0934326 0.71425 0.0695306 0.713045 0.0690491 0.743236
0 0.53286 0.891207 0.536743 0.86227 0.523913 0.856829 0.52003 0.885766
0 0.540382 0.71352 0.54818 0.689472 0.538405 0.679453 0.530607 0.703501
0 0.367707 0.69356 0.368486 0.670747 0.353758 0.669156 0.352978 0.69197
0 0.424181 0.89032 0.427269 0.862993 0.414089 0.858286 0.411001 0.885613
0 0.676262 0.798429 0.681829 0.771676 0.665945 0.761229 0.660378 0.787982
0 0.188337 0.662755 0.193574 0.64112 0.182517 0.63266 0.177279 0.654295
0 0.400082 0.679757 0.403592 0.658343 0.391993 0.652333 0.388482 0.673747
0 0.532014 0.485343 0.53418 0.463135 0.521131 0.459114 0.518966 0.481322
0 0.274601 0.656469 0.279416 0.635262 0.268591 0.627494 0.263776 0.648701
0 0.698389 0.834081 0.699906 0.801166 0.679853 0.798244 0.678336 0.831159
0 0.416147 0.917877 0.419531 0.889978 0.405529 0.88461 0.402145 0.912509
0 0.0825846 0.98198 0.116474 0.950124 0.108589 0.923615 0.0747001 0.955471
0 0.831931 0.474321 0.839923 0.443152 0.825282 0.431287 0.81729 0.462456
0 0.464284 0.704222 0.470509 0.676655 0.44874 0.661119 0.442515 0.688686
0 0.160749 0.31158 0.176451 0.290837 0.161272 0.25452 0.145569 0.275263
0 0.726858 0.824596 0.734987 0.802027 0.72027 0.785272 0.712141 0.807841
0 0.368502 0.542917 0.37122 0.506918 0.348837 0.501576 0.346119 0.537575
0 0.714593 0.761468 0.718573 0.73819 0.70535 0.731044 0.70137 0.754322
0 0.0691373 0.961484 0.103703 0.936313 0.094142 0.894815 0.059576 0.919986
0 0.62558 0.984898 0.628143 0.962595 0.617828 0.95885 0.615266 0.981153
0 0.706186 0.814502 0.710774 0.794635 0.698225 0.785475 0.693637 0.805342
0 0.609654 0.918922 0.611487 0.897582 0.600428 0.89458 0.598595 0.91592
0 0.305996 0.746493 0.308036 0.723947 0.295504 0.720363 0.293464 0.74291
0 0.252284 0.78644 0.254789 0.760249 0.242527 0.756542 0.240021 0.782733
0 0.602252 1.00399 0.602346 0.983395 0.589607 0.983212 0.589514 1.00381
0 0.789471 0.582238 0.793144 0.564297 0.782687 0.557531 0.779014 0.575472
0 0.584748 0.974954 0.587025 0.951719 0.573652 0.947577 0.571375 0.970812
0 0.467731 0.623283 0.477006 0.603551 0.463807 0.583942 0.454532 0.603674
0 0.656564 0.763365 0.669536 0.736002 0.652786 0.710907 0.639815 0.738269
0 0.271091 0.810934 0.276468 0.789669 0.267413 0.782432 0.262036 0.803698
0 0.464732 0.973073 0.466068 0.949844 0.452464 0.947371 0.451128 0.970601
0 1.00062 0.731566 1.00242 0.707867 0.987651 0.704321 0.985851 0.72802
0 0.242514 0.712082 0.243542 0.688677 0.231017 0.68694 0.22999 0.710345
0 0.250849 0.900498 0.257305 0.878091 0.246421 0.868179 0.239965 0.890585
0 0.371385 0.68618 0.372697 0.658053 0.354178 0.655324 0.352866 0.68345
0 0.61109 0.749864 0.61309 0.73034 0.602627 0.726955 0.600628 0.746478
0 0.526802 0.771996 0.535374 0.747779 0.527727 0.739225 0.519155 0.763441
0 0.0308085 0.914664 0.0344107 0.88719 0.0223015 0.882172 0.0186993 0.909647
0 0.464952 0.739712 0.466917 0.717454 0.455196 0.714184 0.453231 0.736442
0 0.0645418 0.800944 0.0704469 0.778589 0.0606625 0.770421 0.0547575 0.792776
0 0.525854 0.794471 0.529712 0.771358 0.516761 0.764526 0.512903 0.78764
0 0.218564 0.949409 0.22483 0.926804 0.215695 0.918802 0.20943 0.941407
0 0.753969 0.611641 0.757219 0.590517 0.742731 0.583472 0.739481 0.604595
0 0.732108 0.814027 0.744992 0.794349 0.726514 0.756113 0.71363 0.775791
0 0.282441 0.633651 0.2854 0.603907 0.268586 0.598621 0.265627 0.628365
0 0.441976 0.757524 0.44466 0.738255 0.434948 0.733981 0.432265 0.75325
0 0.785936 0.635676 0.788005 0.617154 0.776396 0.613057 0.774327 0.631579
0 0.539863 0.535356 0.544415 0.520187 0.533843 0.51016 0.529291 0.52533
0 0.245288 0.882819 0.250582 0.866969 0.239288 0.855046 0.233994 0.870896
0 0.386862 0.678713 0.394441 0.650913 0.383988 0.641906 0.376409 0.669705
0 0.122935 0.951501 0.145467 0.922519 0.137599 0.903187 0.115067 0.932169
0 0.0423472 0.955034 0.0614529 0.924463 0.054372 0.910477 0.0352663 0.941048
0 0.545423 0.652279 0.551717 0.628563 0.544459 0.622477 0.538166 0.646193
0 0.495108 0.864572 0.50002 0.843958 0.488801 0.83551 0.483889 0.856124
0 0.465261 0.796668 0.469262 0.772958 0.454667 0.765173 0.450665 0.788883
0 0.464499 0.678625 0.469247 0.617441 0.439425 0.610128 0.434677 0.671311
0 0.636785 0.668367 0.643774 0.644695 0.632587 0.634256 0.625598 0.657928
0 0.291457 0.359843 0.295314 0.32999 0.265983 0.318011 0.262125 0.347865
0 0.698275 0.690797 0.700449 0.664317 0.684128 0.660082 0.681954 0.686562
0 0.774835 0.795542 0.779163 0.769035 0.764513 0.761475 0.760186 0.787983
0 0.208098 0.663907 0.223012 0.63766 0.214464 0.622309 0.19955 0.648555
0 0.523775 0.561293 0.526226 0.541891 0.516047 0.537827 0.513596 0.557228
0 0.0734694 0.883847 0.0797827 0.86186 0.0701989 0.853163 0.0638857 0.875149
0 0.904254 0.755259 0.903772 0.726448 0.882801 0.727557 0.883283 0.756368
0 0.249561 0.815457 0.250985 0.794242 0.236952 0.791265 0.235528 0.81248
0 0.0221124 1.01284 0.0296791 0.993894 0.0204793 0.982284 0.0129126 1.00123
0 0.758456 0.559928 0.76005 0.542033 0.747906 0.538614 0.746312 0.55651
0 0.36213 0.885887 0.369099 0.857119 0.358471 0.848983 0.351503 0.87775
0 0.615532 0.667189 0.61881 0.648037 0.608473 0.642447 0.605196 0.661599
0 0.858861 0.814551 0.859379 0.79441 0.846125 0.793333 0.845607 0.813473
0 0.188299 0.984963 0.199342 0.9168 0.16355 0.898472 0.152506 0.966635
0 0.449947 0.73456 0.455518 0.711821 0.444251 0.703098 0.438681 0.725837
0 0.456833 0.927756 0.461139 0.903226 0.447588 0.895707 0.443282 0.920237
0 0.342759 0.799361 0.347456 0.778426 0.335211 0.769744 0.330514 0.790678
0 0.795504 0.564905 0.796269 0.547979 0.783787 0.546196 0.783022 0.563122
0 0.881925 0.770188 0.882918 0.746835 0.86925 0.744998 0.868257 0.768351
0 0.550403 0.603288 0.551245 0.582697 0.540337 0.581288 0.539496 0.601879
0 0.809128 0.649308 0.811595 0.632848 0.801028 0.627843 0.798561 0.644303
0 0.339581 0.351219 0.340578 0.330514 0.326466 0.328366 0.325469 0.349071
0 0.845386 0.804393 0.848463 0.785729 0.836849 0.779677 0.833772 0.798341
0 0.651179 0.498237 0.651573 0.462534 0.631662 0.461839 0.631267 0.497542
0 0.560572 0.945785 0.563247 0.922395 0.550699 0.917861 0.548025 0.941251
0 0.373538 0.887867 0.376867 0.865578 0.365731 0.860322 0.362402 0.882611
0 0.407419 0.97349 0.412939 0.95119 0.400817 0.941706 0.395297 0.964006
0 0.314351 0.54972 0.332214 0.491736 0.310312 0.47041 0.292448 0.528394
0 0.297953 0.579885 0.300535 0.557223 0.286983 0.552343 0.2844 0.575005
0 0.384927 0.345324 0.390593 0.282294 0.356673 0.272657 0.351007 0.335687
0 0.36315 0.745967 0.364164 0.725396 0.353099 0.723671 0.352085 0.744243
0 0.101563 0.744465 0.101622 0.725115 0.0869159 0.724973 0.0868567 0.744323
0 0.617331 0.94457 0.620041 0.915263 0.608877 0.912 0.606167 0.941307
0 0.302668 0.976768 0.304943 0.951881 0.290135 0.947603 0.28786 0.97249
0 0.745698 0.638364 0.750385 0.61231 0.739381 0.606053 0.734693 0.632107
0 0.657636 0.943043 0.661578 0.91276 0.649139 0.907642 0.645197 0.937926
0 0.465024 0.981434 0.467287 0.956331 0.453242 0.952329 0.450978 0.977431
0 0.633991 0.823248 0.634282 0.755736 0.602417 0.755302 0.602125 0.822814
0 0.299964 0.560041 0.302849 0.53497 0.2918 0.530951 0.288915 0.556022
0 0.0306354 0.993238 0.0433898 0.971028 0.0350095 0.955818 0.0222551 0.978028
0 0.177575 0.678108 0.178454 0.647915 0.159688 0.646188 0.158809 0.676381
0 0.563948 0.762784 0.565508 0.741587 0.553744 0.738851 0.552184 0.760048
0 0.265517 0.754045 0.268007 0.736541 0.257306 0.731729 0.254816 0.749233
0 0.232271 0.639508 0.235454 0.622194 0.225843 0.61661 0.22266 0.633923
0 0.257853 0.719336 0.258811 0.700393 0.248553 0.698754 0.247596 0.717697
0 0.738409 0.66923 0.745819 0.643091 0.730651 0.629501 0.72324 0.65564
0 0.153343 0.7702 0.164628 0.732675 0.149722 0.718508 0.138437 0.756033
0 0.451196 0.73909 0.454297 0.716701 0.443709 0.712067 0.440608 0.734455
0 0.577196 0.496059 0.578376 0.474166 0.565927 0.472045 0.564747 0.493938
0 0.416093 0.534252 0.415846 0.509357 0.400015 0.509852 0.400262 0.534747
0 0.303479 0.645433 0.306759 0.621421 0.292189 0.615131 0.288909 0.639143
0 0.762753 0.490523 0.771071 0.465605 0.756833 0.450583 0.748515 0.475501
0 0.998798 0.774584 1.0009 0.753211 0.987873 0.749169 0.985774 0.770542
0 0.558584 0.63518 0.559921 0.609747 0.550341 0.608156 0.549005 0.63359
0 0.570841 0.834342 0.574013 0.813773 0.563078 0.808442 0.559905 0.829011
0 0.838837 0.818381 0.841416 0.80031 0.82892 0.794672 0.82634 0.812743
0 0.35427 0.345103 0.357118 0.316208 0.338405 0.310378 0.335556 0.339273
