0 0.993632 0.977946 1.00985 0.853512 0.808596 0.770621 0.79238 0.895055
0 0.151253 0.956789 0.181208 0.906586 0.163524 0.873238 0.13357 0.923441
0 0.486338 0.880859 0.485456 0.839724 0.464494 0.841146 0.465377 0.882281
0 0.255415 0.900701 0.317896 0.83754 0.293915 0.762564 0.231434 0.825725
0 0.171963 0.856282 0.170298 0.829363 0.152323 0.832876 0.153987 0.859795
0 0.445675 0.805705 0.455482 0.783863 0.435219 0.755105 0.425411 0.776947
0 0.448105 0.953812 0.452383 0.911709 0.429301 0.904296 0.425023 0.946399
0 0.493497 0.740151 0.495341 0.714315 0.47948 0.710738 0.477636 0.736574
0 0.14301 0.85012 0.145588 0.822846 0.127727 0.81751 0.125149 0.844784
0 0.192449 0.743732 0.198985 0.706749 0.168976 0.689986 0.162439 0.726969
0 0.354944 0.90008 0.359155 0.842246 0.336997 0.837147 0.332787 0.894981
0 0.184224 0.850132 0.193466 0.820941 0.180868 0.808336 0.171627 0.837527
0 0.345715 0.815397 0.34872 0.7643 0.322235 0.759377 0.31923 0.810474
0 0.922063 0.542043 0.927346 0.521962 0.914214 0.511042 0.908931 0.531123
0 0.168698 0.330709 0.193413 0.225289 0.124561 0.174273 0.0998462 0.279693
0 0.0422363 0.941374 0.0431408 0.902662 0.0183785 0.900833 0.017474 0.939546
0 0.525198 0.791236 0.526674 0.762964 0.505943 0.759541 0.504466 0.787813
0 0.939781 0.262064 1.00489 0.232697 0.995525 0.167112 0.930421 0.196479
0 0.124374 0.90775 0.128232 0.884984 0.117625 0.879302 0.113766 0.902067
0 0.138523 0.891913 0.156803 0.868577 0.149253 0.849885 0.130973 0.873221
0 0.96845 0.831021 0.973026 0.786164 0.946726 0.777685 0.94215 0.822542
0 0.141277 0.941549 0.151964 0.898152 0.135013 0.884959 0.124326 0.928356
0 0.357329 0.981247 0.359189 0.935124 0.334696 0.932001 0.332836 0.978124
0 0.485715 0.776988 0.488861 0.753329 0.476694 0.748215 0.473548 0.771874
0 0.498202 0.8417 0.493685 0.784136 0.479275 0.78771 0.483793 0.845274
0 0.821016 0.745298 0.822885 0.717485 0.809299 0.714598 0.807429 0.742412
0 0.506566 0.72298 0.508278 0.701462 0.496953 0.698616 0.495242 0.720133
0 0.510089 0.704806 0.515137 0.687652 0.500465 0.674005 0.495417 0.691158
0 0.10399 0.888672 0.115384 0.859277 0.105344 0.846979 0.0939509 0.876374
0 0.830419 0.75512 0.835141 0.728779 0.823781 0.722342 0.819059 0.748683
0 0.452272 0.935631 0.467993 0.914945 0.452931 0.878767 0.43721 0.899453
0 0.441158 0.83136 0.441729 0.796689 0.419118 0.795513 0.418547 0.830184
0 0.500839 0.796939 0.503612 0.773157 0.491433 0.768669 0.48866 0.79245
0 0.611807 0.738262 0.624315 0.705777 0.611517 0.690202 0.599008 0.722686
0 0.492524 0.760259 0.496797 0.745298 0.484076 0.733817 0.479804 0.748778
0 0.538208 0.667741 0.539943 0.640152 0.526022 0.637385 0.524287 0.664975
0 0.163372 0.831316 0.164779 0.812236 0.152216 0.809307 0.150809 0.828387
0 0.253837 0.820795 0.270821 0.786398 0.258667 0.767432 0.241683 0.801829
0 0.228531 0.874465 0.228822 0.851185 0.20979 0.850434 0.2095 0.873714
0 0.378816 0.864049 0.38251 0.8438 0.366556 0.834602 0.362862 0.854851
0 0.624654 0.683096 0.625498 0.660865 0.610092 0.659016 0.609248 0.681247
0 0.113985 0.921271 0.108081 0.876191 0.0772685 0.888945 0.0831725 0.934025
0 0.113207 0.978984 0.123635 0.945598 0.110614 0.932745 0.100186 0.966131
0 0.508561 0.676203 0.515736 0.649248 0.502671 0.638256 0.495495 0.66521
0 0.18809 0.870821 0.19515 0.840847 0.181661 0.830805 0.174601 0.86078
0 0.10407 1.00102 0.114494 0.972204 0.104335 0.960589 0.093912 0.9894
0 0.430444 0.850919 0.431186 0.825955 0.414326 0.824371 0.413584 0.849335
0 0.674017 0.80854 0.677064 0.78972 0.665594 0.783851 0.662547 0.802671
0 0.160456 0.767844 0.161812 0.741813 0.147867 0.739517 0.146511 0.765548
0 0.52659 0.673783 0.527684 0.653572 0.514261 0.651276 0.513168 0.671488
0 0.0216921 0.792619 0.0212914 0.76472 0.00317364 0.765542 0.00357427 0.793441
0 0.618951 0.763741 0.622999 0.737104 0.609187 0.730471 0.605139 0.757108
0 0.462701 0.817506 0.464984 0.793824 0.452634 0.790062 0.450351 0.813743
0 0.128577 0.571156 0.136224 0.546723 0.12627 0.536878 0.118623 0.561311
0 0.117863 0.895764 0.125131 0.867471 0.113408 0.857954 0.10614 0.886247
0 0.047819 0.790386 0.0482324 0.767727 0.0326206 0.766827 0.0322073 0.789486
0 0.120826 0.653729 0.12297 0.63041 0.10946 0.626485 0.107316 0.649804
0 0.225693 0.850097 0.227305 0.823144 0.210683 0.820002 0.209071 0.846955
0 0.133013 0.884099 0.148625 0.851414 0.136123 0.832542 0.120511 0.865226
0 0.4946 0.709265 0.498546 0.686262 0.485613 0.67925 0.481667 0.702253
0 0.0969181 0.332181 0.113961 0.313838 0.0993364 0.270892 0.0822934 0.289236
0 0.13881 0.719797 0.148319 0.701909 0.140751 0.689195 0.131242 0.707083
0 0.645583 0.830757 0.64726 0.78952 0.626177 0.78681 0.6245 0.828047
0 0.693127 0.766655 0.698178 0.743498 0.687632 0.736228 0.682581 0.759386
0 0.0100524 0.886343 0.0219489 0.842916 0.00524437 0.828453 -0.00665212 0.87188
0 0.433077 0.990523 0.447621 0.961473 0.436724 0.944231 0.42218 0.973281
0 0.44633 0.747855 0.448733 0.730261 0.437203 0.725284 0.4348 0.742878
0 0.210421 0.862885 0.215598 0.839547 0.194524 0.824769 0.189346 0.848107
0 0.186148 0.813223 0.195783 0.787101 0.184417 0.773851 0.174781 0.799973
0 0.154664 0.901166 0.167562 0.871753 0.155584 0.855154 0.142687 0.884566
0 0.425653 0.990639 0.429375 0.949068 0.409583 0.943466 0.40586 0.985037
0 0.0238128 0.665638 0.0334183 0.637798 0.0237366 0.62724 0.0141312 0.65508
0 0.323232 0.786191 0.333081 0.753291 0.320488 0.741377 0.310639 0.774277
0 0.502076 0.750104 0.504849 0.729224 0.492817 0.724173 0.490043 0.745053
0 0.888129 0.761247 0.89045 0.733629 0.870419 0.728308 0.868097 0.755926
0 0.521247 0.751174 0.525084 0.727258 0.514923 0.722106 0.511086 0.746022
0 0.933105 0.769837 0.935043 0.741986 0.92145 0.738996 0.919512 0.766847
0 0.63108 0.863166 0.636248 0.829759 0.623864 0.823704 0.618696 0.857112
0 0.622646 0.896574 0.627532 0.876989 0.613026 0.865552 0.60814 0.885136
0 0.636456 0.884511 0.641215 0.859381 0.631342 0.853473 0.626584 0.878603
0 0.177188 0.873626 0.179768 0.852899 0.166243 0.847578 0.163663 0.868305
0 0.145891 0.867567 0.149274 0.843169 0.13409 0.836516 0.130708 0.860914
0 0.63691 0.761482 0.643376 0.743735 0.635229 0.734353 0.628763 0.7521
0 0.243605 0.867994 0.252024 0.826217 0.232117 0.813538 0.223698 0.855316
0 0.92404 0.81822 0.939978 0.787503 0.927316 0.76674 0.911378 0.797457
0 0.963892 0.751939 0.970683 0.734343 0.957538 0.71831 0.950747 0.735905
0 0.52662 0.84214 0.533422 0.81072 0.520618 0.80196 0.513816 0.83338
0 0.686203 0.807585 0.689762 0.790283 0.677428 0.782264 0.673869 0.799566
0 0.98657 0.757604 0.989701 0.728049 0.968866 0.721073 0.965735 0.750628
0 0.133958 0.894294 0.136887 0.871703 0.124217 0.866512 0.121288 0.889103
0 0.0953934 0.877383 0.105949 0.85101 0.0963071 0.838814 0.0857516 0.865187
0 0.144973 0.964001 0.149998 0.938851 0.136905 0.930583 0.13188 0.955733
0 0.429562 0.902972 0.434798 0.868339 0.420456 0.861487 0.41522 0.896119
0 0.212948 0.937441 0.220804 0.901801 0.199026 0.886629 0.19117 0.922268
0 0.531334 0.593342 0.535031 0.567414 0.522888 0.561941 0.51919 0.587869
0 0.446887 0.85835 0.454701 0.832299 0.443935 0.822092 0.43612 0.848142
0 0.522423 0.694157 0.5268 0.673232 0.508942 0.661425 0.504565 0.68235
0 0.107276 0.618595 0.114141 0.598669 0.1056 0.58937 0.0987357 0.609297
0 0.481496 0.819117 0.483962 0.790017 0.46637 0.785306 0.463905 0.814406
0 0.489641 0.674742 0.490087 0.65412 0.478681 0.65334 0.478235 0.673962
0 0.497132 0.684268 0.502163 0.666367 0.491612 0.656997 0.486582 0.674898
0 0.914714 0.770311 0.922287 0.755674 0.910488 0.73638 0.902915 0.751017
0 0.0304496 0.848734 0.0524374 0.829477 0.0456989 0.80516 0.0237111 0.824417
0 0.189482 0.902203 0.193825 0.872506 0.176652 0.864569 0.172309 0.894266
0 0.682666 0.74901 0.689909 0.730519 0.682644 0.721524 0.6754 0.740015
0 0.107498 0.839918 0.113718 0.819387 0.097567 0.803922 0.0913467 0.824453
0 0.948957 0.771525 0.951621 0.751144 0.935673 0.744556 0.933009 0.764938
0 0.519572 0.724341 0.526372 0.70116 0.515016 0.690631 0.508216 0.713812
0 0.249324 0.79982 0.258006 0.765983 0.242387 0.753318 0.233705 0.787154
0 0.86257 0.751287 0.864955 0.73191 0.852496 0.727063 0.850111 0.74644
0 0.837989 0.77827 0.840513 0.754532 0.827061 0.750011 0.824537 0.77375
0 0.461355 0.786154 0.463544 0.768974 0.451755 0.764226 0.449565 0.781406
0 0.657874 0.818724 0.668241 0.793754 0.656125 0.777856 0.645758 0.802826
0 0.125738 0.633627 0.128105 0.618791 0.115928 0.612648 0.11356 0.627484
0 0.0744939 0.568874 0.0765921 0.549073 0.062714 0.544425 0.0606158 0.564227
0 0.926973 0.566982 0.929147 0.538752 0.915123 0.53534 0.912949 0.563569
0 0.539389 0.843521 0.544176 0.821723 0.531797 0.813132 0.52701 0.834929
0 0.817723 0.778363 0.827143 0.759827 0.81193 0.735392 0.80251 0.753928
0 0.411839 0.873629 0.414174 0.846738 0.398967 0.842563 0.396631 0.869454
0 0.0190705 0.839691 0.0394082 0.810134 0.0312917 0.792483 0.010954 0.82204
0 0.546938 0.685733 0.551783 0.659413 0.541336 0.653334 0.53649 0.679655
0 0.105602 0.661237 0.107481 0.638083 0.0911459 0.633894 0.0892673 0.657049
0 0.74959 0.537756 0.75018 0.504953 0.732904 0.503971 0.732314 0.536774
0 0.67207 0.749859 0.676942 0.730383 0.66876 0.723915 0.663888 0.743391
0 0.00437938 0.946377 0.022252 0.919035 0.0114552 0.89673 -0.00641742 0.924072
0 0.822276 0.717546 0.824558 0.697557 0.812755 0.693299 0.810473 0.713288
0 0.970006 0.567808 0.969728 0.543563 0.94944 0.544299 0.949719 0.568544
0 0.915118 0.354241 0.92296 0.265385 0.889292 0.255994 0.881449 0.344849
0 0.142444 0.669087 0.143755 0.651462 0.132962 0.648924 0.13165 0.666548
0 0.347305 0.544009 0.380179 0.477012 0.350063 0.430309 0.317189 0.497306
0 0.549266 0.792317 0.552749 0.769507 0.539159 0.762947 0.535676 0.785758
0 0.0101743 0.837473 0.0110831 0.81572 0.000123021 0.814273 -0.000785772 0.836025
0 0.649312 0.796384 0.653845 0.769886 0.638489 0.761584 0.633956 0.788082
0 0.466302 0.883545 0.468893 0.856472 0.45534 0.852374 0.452749 0.879447
0 0.0250479 0.829036 0.0437612 0.801885 0.0357472 0.784428 0.0170338 0.811578
0 0.343053 0.695237 0.349533 0.674268 0.332048 0.657191 0.325568 0.67816
0 0.120733 0.682011 0.121943 0.664585 0.112599 0.662534 0.111389 0.67996
0 0.613955 0.684045 0.616027 0.662557 0.605207 0.65926 0.603135 0.680748
0 0.10945 0.792946 0.111184 0.773108 0.100337 0.770111 0.0986025 0.789949
0 0.66429 0.758846 0.668016 0.741432 0.660238 0.736172 0.656512 0.753586
0 0.91086 0.734125 0.91672 0.699784 0.893092 0.687041 0.887232 0.721383
0 0.9304 0.545109 0.941137 0.535954 0.931302 0.499495 0.920565 0.50865
0 0.554515 0.831395 0.561256 0.796098 0.543096 0.785137 0.536355 0.820434
0 0.477807 0.855432 0.480124 0.814189 0.4518 0.809161 0.449483 0.850404
0 0.664783 0.70985 0.670973 0.688821 0.663521 0.681888 0.657331 0.702917
0 0.569346 0.810461 0.577054 0.786722 0.567836 0.777263 0.560128 0.801001
0 0.534891 0.701974 0.540939 0.67961 0.532426 0.672334 0.526378 0.694697
0 0.437422 0.768894 0.441493 0.749955 0.430543 0.742514 0.426471 0.761453
0 0.708542 0.795046 0.717331 0.775179 0.70879 0.763237 0.700001 0.783104
0 0.818691 0.558581 0.830789 0.540789 0.816577 0.510248 0.804479 0.52804
0 0.542491 0.713357 0.546087 0.693613 0.536955 0.688356 0.533359 0.7081
0 0.903838 0.520757 0.905436 0.494009 0.889813 0.49106 0.888215 0.517808
0 0.0224101 0.893959 0.0235738 0.871464 0.00811864 0.868937 0.0069549 0.891432
0 0.92033 0.519344 0.926698 0.499846 0.918107 0.490979 0.911739 0.510477
0 0.137064 0.811466 0.138155 0.79058 0.124425 0.788314 0.123334 0.8092
0 0.947513 0.51302 0.949116 0.487263 0.936728 0.484826 0.935125 0.510583
0 0.971346 0.499253 0.978951 0.477255 0.9701 0.467584 0.962495 0.489582
0 0.463799 1.00093 0.469219 0.976539 0.455739 0.967069 0.450319 0.991458
0 0.60721 0.772904 0.610072 0.752427 0.597543 0.746894 0.594682 0.767371
0 0.0513502 0.122299 0.0603093 -0.0143562 -0.0144745 -0.0298515 -0.0234336 0.106804
0 0.511918 0.902057 0.518353 0.881047 0.505069 0.868189 0.498634 0.8892
0 0.940422 0.710759 0.944655 0.695478 0.935898 0.687813 0.931666 0.703094
0 0.536633 0.813587 0.539546 0.79546 0.528513 0.789858 0.525601 0.807985
0 0.497025 0.654437 0.502122 0.63446 0.490819 0.625345 0.485722 0.645322
0 0.699103 0.810204 0.70672 0.788881 0.696129 0.776924 0.688512 0.798247
0 0.0300377 0.756808 0.0314883 0.730718 0.0154404 0.727898 0.0139898 0.753988
0 0.0905715 0.78656 0.088639 0.76365 0.067766 0.769215 0.0696985 0.792124
0 0.862183 0.772904 0.864604 0.747591 0.848637 0.742764 0.846216 0.768078
0 0.313854 0.868313 0.31396 0.845257 0.299958 0.845052 0.299852 0.868109
0 0.438664 1.00723 0.455608 0.981315 0.445899 0.96125 0.428956 0.98716
0 0.663815 0.685004 0.676816 0.664833 0.668778 0.648458 0.655777 0.668629
0 0.562954 0.780487 0.576594 0.752736 0.567923 0.739268 0.554284 0.767019
0 0.909178 0.703246 0.919836 0.688634 0.907902 0.661121 0.897243 0.675734
0 0.742477 0.487177 0.74599 0.459989 0.728021 0.45265 0.724507 0.479838
0 0.886562 0.624797 0.895204 0.611179 0.887988 0.596707 0.879346 0.610325
0 0.0335772 0.633342 0.0337416 0.612249 0.0192613 0.611893 0.0190969 0.632986
0 0.695806 0.786112 0.703326 0.768182 0.695024 0.757176 0.687503 0.775106
0 0.0955646 0.633026 0.0977776 0.614157 0.0879437 0.610512 0.0857306 0.629381
0 0.141929 0.986923 0.166886 0.957331 0.158206 0.934194 0.133249 0.963787
0 0.506368 0.774181 0.509236 0.751342 0.49756 0.746709 0.494692 0.769548
0 0.491948 0.813832 0.491954 0.782518 0.480405 0.78251 0.480398 0.813824
0 0.525409 0.765888 0.527692 0.746321 0.515333 0.741763 0.51305 0.76133
0 0.397762 0.835466 0.400687 0.807509 0.385058 0.802342 0.382133 0.830299
0 0.913768 0.506623 0.918345 0.48357 0.907121 0.476527 0.902544 0.499579
0 0.317539 0.805971 0.323016 0.790586 0.31251 0.778765 0.307032 0.79415
0 0.688219 0.709301 0.692732 0.694891 0.684716 0.686955 0.680203 0.701365
0 0.972589 0.784233 0.976138 0.754358 0.956493 0.746982 0.952944 0.776857
0 0.357109 0.256723 0.369938 0.241278 0.352216 0.194755 0.339388 0.210199
0 0.110185 0.63605 0.11365 0.61727 0.103531 0.611369 0.100066 0.630149
0 0.909962 0.478748 0.917546 0.454404 0.907103 0.444122 0.899519 0.468467
0 0.256377 0.770994 0.278513 0.734464 0.263925 0.706526 0.241789 0.743056
0 0.0735433 0.853666 0.074598 0.828116 0.0572557 0.825853 0.056201 0.851403
0 0.437499 0.86458 0.441686 0.839674 0.428668 0.832757 0.424481 0.857663
0 0.147741 0.60511 0.149495 0.589668 0.139589 0.586113 0.137836 0.601555
0 1.00058 0.0441269 0.996419 0.00759702 0.967434 0.0180238 0.971592 0.0545537
0 0.613408 0.849671 0.618856 0.82779 0.606471 0.818046 0.601024 0.839927
0 0.83113 0.707143 0.836267 0.684055 0.827706 0.678034 0.822569 0.701123
0 0.680623 0.773211 0.686918 0.755024 0.679761 0.747196 0.673466 0.765382
0 0.511635 0.815523 0.513637 0.785082 0.498915 0.782023 0.496914 0.812464
0 0.629483 0.724988 0.638225 0.694913 0.627063 0.684659 0.618321 0.714733
0 0.61073 0.700349 0.61308 0.681335 0.601918 0.676975 0.599568 0.695989
0 0.462738 0.866118 0.471502 0.837721 0.457912 0.824464 0.449147 0.852861
0 0.309552 0.722794 0.316814 0.687192 0.279969 0.66344 0.272707 0.699043
0 0.0898466 0.3482 0.103252 0.254503 0.0477789 0.229419 0.0343735 0.323117
0 0.121671 0.594193 0.124479 0.572918 0.110803 0.567214 0.107996 0.588489
0 0.691303 0.664411 0.703684 0.628664 0.690731 0.614484 0.678349 0.650231
0 0.561326 0.717631 0.571628 0.697797 0.563275 0.684084 0.552973 0.703918
0 0.315482 0.785934 0.31631 0.761857 0.300024 0.760085 0.299195 0.784162
0 0.119403 0.663761 0.12111 0.645328 0.11086 0.642327 0.109152 0.66076
0 0.338325 0.7639 0.34514 0.745832 0.333238 0.731642 0.326423 0.74971
0 0.452061 0.828199 0.453391 0.80065 0.439009 0.798456 0.437679 0.826004
0 0.0944864 0.906442 0.0955224 0.87599 0.0777442 0.874078 0.0767082 0.904531
0 0.662287 0.740056 0.66498 0.724466 0.65584 0.719475 0.653147 0.735065
0 0.305969 0.783106 0.306364 0.762422 0.291446 0.761522 0.291051 0.782207
0 0.474652 0.787477 0.476752 0.768728 0.46609 0.764953 0.46399 0.783703
0 0.670847 0.790814 0.673788 0.772617 0.663516 0.767371 0.660575 0.785568
0 0.633997 0.79588 0.639571 0.77601 0.629855 0.767396 0.624281 0.787265
0 0.868995 0.740301 0.87093 0.719663 0.861083 0.716745 0.859148 0.737384
0 0.182747 0.301426 0.212735 0.274324 0.186364 0.182103 0.156376 0.209204
0 0.627958 0.831106 0.630597 0.78875 0.598508 0.78243 0.595869 0.824786
0 0.179407 0.831963 0.184999 0.783814 0.164242 0.776194 0.15865 0.824344
0 0.83316 0.653959 0.83536 0.635131 0.824905 0.63127 0.822705 0.650098
0 0.0401916 0.769865 0.0427158 0.746739 0.0303874 0.742486 0.0278632 0.765612
0 0.0577284 0.099471 0.0850065 0.0152538 0.0558877 -0.0145548 0.0286096 0.0696623
0 0.450716 0.769206 0.454324 0.751617 0.444068 0.744969 0.440461 0.762558
0 0.0137975 1.00706 0.0278585 0.981536 0.0155237 0.960061 0.00146273 0.985586
0 0.369707 0.942659 0.387318 0.908971 0.375476 0.889408 0.357866 0.923095
0 0.198584 0.909598 0.201306 0.887297 0.188781 0.882465 0.186059 0.904765
0 0.952354 0.751595 0.956118 0.73203 0.940969 0.722819 0.937205 0.742385
0 0.86898 0.725065 0.871091 0.701341 0.859545 0.698093 0.857433 0.721817
0 0.18822 0.63263 0.189717 0.613129 0.179082 0.61055 0.177585 0.63005
0 0.453464 0.888178 0.457012 0.859711 0.440756 0.853307 0.437208 0.881773
0 0.2049 0.876491 0.206774 0.853958 0.19179 0.85002 0.189916 0.872553
0 0.849267 0.72938 0.850621 0.70903 0.839486 0.706687 0.838131 0.727038
0 0.11584 0.53454 0.122264 0.522482 0.113544 0.507799 0.10712 0.519857
0 0.0833808 0.827838 0.0866868 0.803573 0.0727021 0.797552 0.0693962 0.821816
0 0.0171089 0.808825 0.016424 0.78637 0.000201847 0.787934 0.000886787 0.810389
0 0.265543 0.780743 0.274642 0.754837 0.263099 0.742023 0.254 0.767928
0 0.924185 0.697858 0.928499 0.669434 0.91781 0.664307 0.913496 0.692731
0 0.38588 0.795713 0.388027 0.776862 0.374467 0.771982 0.37232 0.790832
0 0.131811 0.559511 0.133463 0.539764 0.121322 0.536553 0.11967 0.556301
0 0.914204 0.579097 0.917852 0.56112 0.906633 0.553924 0.902985 0.571901
0 0.217813 0.758277 0.220039 0.742555 0.208386 0.737341 0.206159 0.753062
0 0.519806 0.756155 0.523413 0.734178 0.511496 0.727997 0.50789 0.749974
0 0.416071 0.742262 0.421006 0.699975 0.394199 0.690088 0.389264 0.732374
0 0.341657 0.831211 0.343176 0.806593 0.325022 0.803054 0.323503 0.827672
0 0.0867022 0.883767 0.0912129 0.861888 0.0733279 0.850235 0.0688172 0.872113
0 0.438898 0.84192 0.441727 0.818376 0.425358 0.812162 0.422529 0.835705
0 0.544091 0.876657 0.552271 0.858473 0.53928 0.840003 0.5311 0.858187
0 0.522759 0.806022 0.524581 0.786766 0.513791 0.783538 0.511969 0.802794
