0 0.504079 1.0229 0.52457 0.927707 0.460007 0.883782 0.439516 0.978972
0 0.57526 0.611885 0.57696 0.557698 0.545796 0.554609 0.544096 0.608796
0 0.985616 1.07519 1.02166 0.867887 0.817802 0.755867 0.781759 0.963169
0 0.637333 0.892579 0.638796 0.85448 0.619822 0.852177 0.618359 0.890276
0 0.600049 0.920482 0.600695 0.874543 0.575594 0.873426 0.574948 0.919365
0 0.207997 0.775024 0.210128 0.749453 0.194309 0.745287 0.192178 0.770858
0 0.421028 0.960447 0.442055 0.9042 0.421205 0.879567 0.400179 0.935814
0 0.538141 0.957081 0.538649 0.917573 0.51773 0.916723 0.517222 0.95623
0 0.538527 0.791358 0.541203 0.772485 0.528922 0.766982 0.526246 0.785856
0 0.514656 0.936139 0.527571 0.889597 0.494837 0.860888 0.481921 0.907431
0 0.445241 0.961203 0.460279 0.93201 0.442334 0.902797 0.427296 0.93199
0 0.455137 0.809656 0.460813 0.763065 0.436115 0.753555 0.430439 0.800146
0 0.730488 0.665456 0.724433 0.62463 0.692485 0.639604 0.69854 0.680431
0 0.553689 0.720091 0.551938 0.694295 0.526985 0.699648 0.528736 0.725443
0 0.702717 0.628282 0.716823 0.590272 0.692373 0.561596 0.678268 0.599606
0 0.461549 0.914721 0.465234 0.844499 0.438229 0.840019 0.434544 0.910242
0 0.530804 0.846035 0.542133 0.81194 0.531438 0.800708 0.520108 0.834803
0 0.432625 0.900023 0.432977 0.853795 0.404442 0.853108 0.40409 0.899337
0 0.226331 0.58814 0.217743 0.538728 0.179193 0.559904 0.187781 0.609316
0 0.551246 0.959406 0.554285 0.92805 0.536201 0.922509 0.533162 0.953866
0 0.194994 0.968883 0.252773 0.865408 0.210779 0.791296 0.152999 0.89477
0 0.328592 0.966567 0.325911 0.942171 0.303817 0.949844 0.306498 0.974239
0 0.225339 0.741274 0.228013 0.710909 0.205797 0.704728 0.203124 0.735093
0 0.137388 0.910093 0.147836 0.875192 0.131181 0.859434 0.120733 0.894334
0 0.475584 0.770689 0.475124 0.73677 0.455675 0.737604 0.456135 0.771523
0 0.42645 0.976691 0.444353 0.944561 0.430773 0.920647 0.41287 0.952777
0 0.495944 0.833194 0.49253 0.794357 0.466966 0.801459 0.47038 0.840296
0 0.0828361 0.822966 0.0851655 0.782976 0.0652825 0.779315 0.0629531 0.819305
0 0.63092 0.765302 0.633937 0.738585 0.616703 0.732435 0.613686 0.759151
0 0.419247 0.868067 0.446171 0.849402 0.440194 0.822154 0.413271 0.840819
0 0.636546 0.918669 0.638507 0.891142 0.61992 0.886957 0.617959 0.914484
0 0.306132 0.882048 0.313055 0.856514 0.302044 0.847077 0.29512 0.872611
0 0.552429 0.822705 0.557098 0.799262 0.538494 0.78755 0.533824 0.810993
0 0.524243 0.889374 0.533946 0.854949 0.520385 0.842869 0.510682 0.877293
0 0.113718 0.828107 0.122613 0.785273 0.10316 0.772507 0.0942661 0.815341
0 0.0505746 0.818143 0.050291 0.795459 0.0303004 0.796248 0.030584 0.818932
0 0.0732527 0.873777 0.0758565 0.846771 0.054822 0.840362 0.0522182 0.867367
0 0.608268 0.7789 0.616862 0.753003 0.60565 0.741244 0.597056 0.767141
0 0.520999 0.843472 0.523603 0.822736 0.509654 0.817199 0.50705 0.837935
0 0.178533 1.02064 0.228271 0.991591 0.218372 0.938029 0.168634 0.967081
0 0.0663888 0.817048 0.0717891 0.772247 0.050759 0.764235 0.0453587 0.809036
0 0.563749 0.897835 0.566706 0.868204 0.549817 0.862876 0.54686 0.892508
0 0.610982 0.968719 0.619122 0.913422 0.594327 0.901887 0.586188 0.957184
0 0.0639255 0.769287 0.0661114 0.746177 0.0459209 0.740141 0.043735 0.763251
0 0.108916 0.333946 0.125122 0.309966 0.108231 0.273889 0.0920251 0.297869
0 0.524856 0.702317 0.533765 0.671691 0.521838 0.660726 0.512929 0.691352
0 0.790638 1.05192 0.844037 0.963526 0.762265 0.807405 0.708866 0.8958
0 0.614945 0.918919 0.619727 0.892651 0.605326 0.884364 0.600543 0.910631
0 0.455855 0.992309 0.467875 0.947464 0.447983 0.930613 0.435963 0.975457
0 0.418409 0.532306 0.42667 0.504959 0.408658 0.487764 0.400398 0.515111
0 0.282306 0.948192 0.283767 0.924305 0.269771 0.9216 0.26831 0.945488
0 0.355529 0.947052 0.365018 0.908767 0.351393 0.898094 0.341904 0.936379
0 0.213337 0.622244 0.214461 0.597942 0.200572 0.595913 0.199448 0.620214
0 0.44599 0.75752 0.449799 0.736234 0.435951 0.728403 0.432143 0.74969
0 0.22596 0.692763 0.227435 0.672755 0.215384 0.669947 0.213909 0.689955
0 0.596097 0.771346 0.5975 0.749768 0.5832 0.746828 0.581796 0.768406
0 0.512935 0.859539 0.515605 0.837532 0.503073 0.832726 0.500402 0.854733
0 0.558548 0.749987 0.561722 0.730744 0.549973 0.724619 0.546799 0.743862
0 0.21179 0.751906 0.212604 0.73069 0.19567 0.728635 0.194856 0.74985
0 0.549758 1.00595 0.569083 0.969997 0.556198 0.94811 0.536873 0.984065
0 0.545944 0.915478 0.55395 0.853724 0.530282 0.844026 0.522275 0.905779
0 0.0887391 0.440992 0.111091 0.394154 0.0767806 0.342407 0.0544291 0.389245
0 0.221844 0.761517 0.223763 0.73885 0.211335 0.735525 0.209416 0.758192
0 0.321896 0.99417 0.335347 0.971922 0.326797 0.955585 0.313346 0.977832
0 0.134364 0.705988 0.149253 0.663083 0.120564 0.631618 0.105675 0.674524
0 0.0614811 0.874607 0.0544969 0.807441 -0.0037499 0.826584 0.00323432 0.89375
0 0.299102 1.00183 0.302471 0.959081 0.276832 0.952697 0.273464 0.995447
0 0.545085 0.840434 0.549571 0.821888 0.539789 0.814409 0.535302 0.832956
0 0.190346 0.789429 0.197098 0.767865 0.179788 0.750737 0.173037 0.772301
0 0.643302 0.690231 0.646602 0.653074 0.629487 0.64827 0.626187 0.685427
0 0.622539 0.866104 0.623374 0.84087 0.609072 0.839375 0.608237 0.864609
0 0.687017 0.640725 0.695399 0.612305 0.672517 0.590974 0.664135 0.619394
0 0.0456768 0.812456 0.0601289 0.776089 0.0463223 0.758748 0.0318702 0.795115
0 0.241388 0.714858 0.255913 0.677179 0.241699 0.659861 0.227174 0.697539
0 0.310775 1.00924 0.31893 0.984247 0.308081 0.973058 0.299927 0.998046
0 0.21298 0.705363 0.215856 0.683567 0.202906 0.678167 0.20003 0.699963
0 0.411865 0.970241 0.413862 0.92325 0.385013 0.919374 0.383016 0.966365
0 0.617094 0.896594 0.624183 0.874137 0.610971 0.860955 0.603882 0.883412
0 0.26736 0.97957 0.27015 0.947949 0.253622 0.94334 0.250832 0.974961
0 0.338141 0.949939 0.34017 0.928117 0.327226 0.924314 0.325197 0.946136
0 0.0894928 0.852796 0.105817 0.82132 0.0911121 0.797216 0.0747878 0.828692
0 0.646632 0.879792 0.648762 0.855864 0.636323 0.852364 0.634193 0.876292
0 0.203541 0.743436 0.203766 0.723208 0.188589 0.722674 0.188364 0.742902
0 0.436137 0.995082 0.441876 0.968348 0.428165 0.959046 0.422426 0.98578
0 0.288367 0.885758 0.298661 0.863264 0.291613 0.853071 0.28132 0.875564
0 0.641294 1.00904 0.642408 0.938758 0.603113 0.936789 0.601999 1.00707
0 0.637212 0.649749 0.639629 0.623946 0.624953 0.619603 0.622537 0.645406
0 0.605068 1.00313 0.603462 0.950322 0.555493 0.954931 0.557098 1.00774
0 0.2357 0.607811 0.237209 0.58482 0.223867 0.582052 0.222358 0.605043
0 0.611047 0.800504 0.619859 0.779966 0.609892 0.766452 0.601081 0.78699
0 0.32349 0.875275 0.329687 0.857472 0.320483 0.847348 0.314287 0.865151
0 0.547351 0.773972 0.552653 0.746827 0.541116 0.739705 0.535814 0.76685
0 0.141773 0.844877 0.140893 0.800689 0.112328 0.802487 0.113208 0.846675
0 0.240474 0.740491 0.242926 0.713001 0.227513 0.708656 0.22506 0.736146
0 0.192476 0.76159 0.19643 0.741214 0.181553 0.732092 0.1776 0.752468
0 0.50524 0.55264 0.507044 0.518064 0.487896 0.514908 0.486093 0.549484
0 0.468601 0.849155 0.474159 0.804299 0.451188 0.795305 0.445631 0.840161
0 0.206596 0.792357 0.210748 0.773991 0.202008 0.767747 0.197856 0.786113
0 0.596883 0.749964 0.598284 0.728561 0.586409 0.726105 0.585009 0.747509
0 0.259483 0.43015 0.267773 0.397322 0.246063 0.379994 0.237773 0.412821
0 0.559076 0.862676 0.565589 0.854252 0.554132 0.826257 0.547619 0.834681
0 0.172444 0.81649 0.18479 0.782767 0.168165 0.763532 0.155819 0.797255
0 0.148124 0.918915 0.158187 0.892446 0.146285 0.878145 0.136222 0.904614
0 0.029744 0.796711 0.0485118 0.774425 0.0411703 0.754885 0.0224025 0.777171
0 0.539793 0.984678 0.546027 0.96153 0.534369 0.951607 0.528135 0.974755
0 0.521141 0.792226 0.522971 0.77478 0.513631 0.771683 0.511801 0.789129
0 0.0737147 0.847309 0.0776481 0.820263 0.0605918 0.812423 0.0566584 0.839469
0 0.348429 0.411744 0.357566 0.373053 0.321167 0.345888 0.312031 0.38458
0 0.592119 0.961495 0.600884 0.935039 0.583107 0.916424 0.574342 0.942879
0 0.432003 0.568351 0.433061 0.549157 0.421307 0.54711 0.42025 0.566304
0 0.651737 0.903086 0.654378 0.877903 0.642114 0.873837 0.639473 0.89902
0 0.797711 0.70158 0.798069 0.657104 0.771863 0.656437 0.771505 0.700913
0 0.118651 0.863443 0.120984 0.827649 0.0973564 0.822783 0.0950239 0.858577
0 0.256856 0.949191 0.266281 0.922755 0.257819 0.91322 0.248394 0.939656
0 0.199088 0.701547 0.201811 0.684088 0.19172 0.679116 0.188998 0.696575
0 0.11581 0.782314 0.116901 0.740948 0.0855221 0.738333 0.0844313 0.779699
0 0.322533 0.949603 0.323491 0.930761 0.311932 0.928905 0.310974 0.947747
0 0.342948 0.968408 0.348226 0.949411 0.339607 0.941843 0.334329 0.960841
0 0.564607 0.803357 0.568418 0.78725 0.560044 0.780988 0.556232 0.797094
0 0.250432 0.935438 0.265513 0.905232 0.258016 0.893402 0.242935 0.923608
0 0.214249 0.717507 0.215332 0.699853 0.19968 0.696818 0.198597 0.714472
0 0.093567 0.898883 0.106225 0.876743 0.0962177 0.858661 0.0835599 0.8808
0 0.730781 1.00191 0.740091 0.91833 0.705018 0.905984 0.695708 0.989568
0 0.399257 0.73275 0.408469 0.687008 0.388253 0.67414 0.379041 0.719882
0 0.272616 0.880315 0.27784 0.860247 0.269524 0.853405 0.2643 0.873473
0 0.552441 0.930094 0.554968 0.910771 0.541012 0.905002 0.538485 0.924324
0 0.344456 0.879108 0.347155 0.860131 0.339262 0.856583 0.336563 0.87556
0 0.24114 0.925773 0.254448 0.902323 0.246803 0.888612 0.233495 0.912062
0 0.579841 0.662092 0.593337 0.636777 0.574217 0.604563 0.560721 0.629878
0 0.564329 0.946716 0.566329 0.917539 0.551983 0.914431 0.549984 0.943609
0 0.27379 1.00362 0.273666 0.976074 0.255812 0.976327 0.255936 1.00388
0 0.338931 0.427061 0.345205 0.396292 0.32265 0.381756 0.316376 0.412525
0 0.197274 0.723713 0.198925 0.701154 0.186592 0.6983 0.18494 0.720859
0 0.308268 0.991826 0.310432 0.965664 0.29788 0.962384 0.295717 0.988546
0 0.766056 0.614942 0.757857 0.554239 0.706011 0.576371 0.714211 0.637074
0 0.245509 0.945242 0.258149 0.919784 0.250489 0.907764 0.237849 0.933221
0 0.360743 0.965866 0.366323 0.947735 0.35701 0.938676 0.35143 0.956807
0 0.394894 0.881902 0.397196 0.860703 0.387731 0.857456 0.38543 0.878655
0 0.180585 0.427095 0.187861 0.401553 0.167275 0.383019 0.159999 0.408562
0 0.561751 0.795974 0.563062 0.776942 0.550828 0.774278 0.549517 0.79331
0 0.106525 0.724122 0.122027 0.696903 0.111841 0.678567 0.0963385 0.705787
0 0.100631 0.875029 0.102313 0.850339 0.0834507 0.846277 0.0817685 0.870967
0 0.656939 0.411829 0.654297 0.379546 0.626713 0.386679 0.629354 0.418963
0 0.45346 1.00466 0.453645 0.981714 0.433306 0.981196 0.433122 1.00414
0 0.261626 0.9487 0.270048 0.922324 0.259542 0.911721 0.251119 0.938097
0 0.395242 1.00058 0.419349 0.985387 0.414335 0.960251 0.390228 0.975446
0 0.310177 0.953653 0.314657 0.930757 0.304079 0.924215 0.299599 0.947111
0 0.194261 0.800722 0.197242 0.786457 0.185603 0.778772 0.182623 0.793037
0 0.393002 0.88488 0.395216 0.865148 0.385285 0.861626 0.38307 0.881358
0 0.474933 0.805048 0.480754 0.770391 0.46466 0.761847 0.458839 0.796503
0 0.501554 0.715322 0.503095 0.687399 0.486634 0.684528 0.485094 0.712451
0 0.415359 0.968097 0.423119 0.911651 0.396208 0.899958 0.388447 0.956404
0 0.316441 0.88664 0.319351 0.87117 0.3103 0.865789 0.30739 0.88126
0 0.346958 0.987585 0.354004 0.96839 0.345523 0.95855 0.338476 0.977745
0 0.429599 0.39657 0.433645 0.361277 0.416617 0.355108 0.412571 0.390401
0 0.593025 0.417803 0.59484 0.353091 0.560036 0.350007 0.558221 0.414719
0 0.685104 0.659651 0.685735 0.634472 0.662942 0.632664 0.66231 0.657844
0 0.389835 0.409745 0.395883 0.349403 0.358421 0.337536 0.352373 0.397878
0 0.0324419 0.74461 0.033242 0.726894 0.0200505 0.725011 0.0192503 0.742727
0 0.230665 0.994035 0.243073 0.965703 0.232749 0.951415 0.220342 0.979747
0 0.386439 0.926665 0.387204 0.902804 0.37247 0.901311 0.371705 0.925172
0 0.0864142 0.740471 0.0874938 0.72186 0.076346 0.719817 0.0752664 0.738428
0 0.566505 0.877824 0.572975 0.864345 0.560051 0.844737 0.553581 0.858216
0 0.128324 0.810053 0.132105 0.780502 0.115457 0.77377 0.111676 0.803321
0 0.0956907 0.294232 0.104728 0.261608 0.0833641 0.242902 0.0743264 0.275526
0 0.320897 0.411151 0.324833 0.384925 0.31198 0.378828 0.308044 0.405053
0 0.10312 0.788807 0.10459 0.771479 0.0897998 0.767513 0.0883294 0.78484
0 0.558782 0.763156 0.560343 0.745713 0.550596 0.742956 0.549035 0.7604
0 0.190206 0.982075 0.184932 0.907535 0.152844 0.91471 0.158118 0.98925
0 0.409737 0.925335 0.413756 0.888555 0.395871 0.882378 0.391852 0.919159
0 0.460391 0.737458 0.461472 0.719275 0.451245 0.717353 0.450164 0.735536
0 0.288835 0.933763 0.29367 0.91621 0.285385 0.908998 0.28055 0.926552
0 0.347499 0.921245 0.349878 0.899696 0.340425 0.896399 0.338047 0.917948
0 0.654664 0.796972 0.659019 0.776063 0.641401 0.764466 0.637046 0.785374
0 0.200296 0.838183 0.200781 0.815637 0.187421 0.814728 0.186936 0.837273
0 0.360685 0.858903 0.363348 0.839699 0.354781 0.835945 0.352118 0.85515
0 0.365861 0.89345 0.369307 0.871555 0.359008 0.866432 0.355561 0.888327
0 0.0847003 0.803147 0.0858997 0.77073 0.0703631 0.768913 0.0691637 0.80133
0 0.284144 0.973969 0.287325 0.944148 0.274681 0.939885 0.271499 0.969706
0 0.773457 0.42102 0.786149 0.361322 0.765938 0.347742 0.753246 0.40744
0 0.184783 0.315458 0.191063 0.265934 0.128096 0.2407 0.121816 0.290224
0 0.270058 0.856769 0.274853 0.83839 0.266992 0.831906 0.262196 0.850286
0 0.21936 0.799795 0.220925 0.784474 0.211142 0.781315 0.209577 0.796636
0 0.501099 0.111699 0.499987 0.0722922 0.47741 0.0743051 0.478522 0.113712
0 0.288436 0.61924 0.294731 0.596267 0.283584 0.586613 0.277289 0.609587
0 0.669396 0.623833 0.688378 0.576313 0.671408 0.554889 0.652426 0.60241
0 0.0806655 0.86369 0.0978164 0.83325 0.0857883 0.811831 0.0686374 0.84227
0 0.0658424 0.828365 0.0671506 0.808282 0.0498381 0.804718 0.04853 0.824801
0 0.111085 0.884594 0.119681 0.86047 0.109639 0.849161 0.101043 0.873285
0 0.145817 0.794738 0.157128 0.770492 0.149365 0.759047 0.138054 0.783293
0 0.536842 0.855969 0.540812 0.834377 0.531013 0.828683 0.527043 0.850275
0 0.274217 0.92839 0.277327 0.908491 0.266554 0.903169 0.263444 0.923068
