0 0.531586 0.978614 0.545667 0.879641 0.480788 0.850468 0.466707 0.949441
0 0.987264 1.07654 1.02386 0.86273 0.814339 0.749391 0.777743 0.963202
0 0.447012 0.927072 0.464564 0.868628 0.443379 0.84852 0.425827 0.906964
0 0.576299 0.58755 0.576309 0.536499 0.546369 0.536481 0.546359 0.587531
0 0.449908 0.87408 0.453784 0.828058 0.426086 0.820685 0.42221 0.866707
0 0.546127 0.847503 0.549907 0.813504 0.533017 0.80757 0.529237 0.841569
0 0.208772 1.02636 0.252536 0.983843 0.236276 0.930945 0.192512 0.973461
0 0.483229 0.880458 0.481135 0.812076 0.451809 0.814913 0.453902 0.883295
0 0.47861 0.956561 0.49086 0.911351 0.470495 0.893912 0.458245 0.939121
0 0.562064 0.692747 0.559513 0.667376 0.53655 0.674673 0.539101 0.700044
0 0.285772 0.927346 0.289285 0.904136 0.270781 0.895286 0.267268 0.918496
0 0.287121 0.976093 0.299949 0.944391 0.286189 0.926792 0.27336 0.958494
0 0.544419 0.813699 0.554596 0.776502 0.54333 0.766761 0.533153 0.803957
0 0.791582 1.04024 0.840012 0.960438 0.758649 0.804389 0.71022 0.884194
0 0.363559 0.938548 0.364835 0.907699 0.346185 0.905261 0.344909 0.93611
0 0.160223 0.91212 0.167226 0.873725 0.147299 0.862237 0.140295 0.900632
0 0.475884 0.921785 0.480586 0.884622 0.457703 0.875473 0.453001 0.912636
0 0.312089 0.99791 0.314326 0.97329 0.299623 0.969067 0.297386 0.993687
0 0.473835 0.776903 0.471464 0.733128 0.447013 0.737314 0.449385 0.781089
0 0.612164 0.871273 0.613328 0.830007 0.591116 0.828027 0.589952 0.869293
0 0.536727 1.00278 0.542645 0.945074 0.51513 0.936155 0.509212 0.99386
0 0.092519 0.835001 0.0904857 0.790349 0.0699962 0.793298 0.0720294 0.83795
0 0.240813 0.741044 0.239739 0.70444 0.217443 0.706508 0.218517 0.743112
0 0.48833 0.747093 0.488231 0.714507 0.469273 0.71469 0.469373 0.747277
0 0.296279 0.996923 0.301556 0.967658 0.284711 0.958057 0.279433 0.987322
0 0.0552925 0.836378 0.0578959 0.811249 0.0373247 0.804513 0.0347213 0.829642
0 0.0690611 0.895768 0.067307 0.831264 0.00371136 0.83673 0.00546547 0.901234
0 0.215535 0.630059 0.219802 0.603005 0.205948 0.596097 0.20168 0.623152
0 0.696315 0.594442 0.708221 0.559003 0.684452 0.533767 0.672547 0.569206
0 0.22875 0.962846 0.266092 0.839681 0.212488 0.788315 0.175146 0.911481
0 0.215563 0.717135 0.217371 0.69441 0.202911 0.690775 0.201103 0.7135
0 0.629796 0.99934 0.628845 0.902941 0.575657 0.9046 0.576608 1.001
0 0.221587 0.776019 0.222987 0.750676 0.206623 0.74782 0.205223 0.773163
0 0.0866797 0.885652 0.0898462 0.861382 0.0680811 0.852408 0.0649147 0.876677
0 0.352469 0.974458 0.363327 0.949903 0.351326 0.933131 0.340468 0.957687
0 0.418591 1.00807 0.429932 0.977648 0.417311 0.962776 0.405969 0.993196
0 0.128496 0.833763 0.13385 0.788949 0.112104 0.780739 0.106751 0.825553
0 0.227679 0.600854 0.226785 0.5457 0.187934 0.547689 0.188827 0.602843
0 0.263392 0.988439 0.2781 0.966834 0.268611 0.946419 0.253904 0.968024
0 0.628329 0.907911 0.631123 0.862074 0.609033 0.857818 0.606239 0.903655
0 0.432421 0.895572 0.434472 0.854463 0.412795 0.851046 0.410744 0.892155
0 0.453635 0.841587 0.461476 0.807839 0.442521 0.79392 0.43468 0.827668
0 0.56194 0.869028 0.565496 0.824017 0.545418 0.819004 0.541862 0.864015
0 0.645969 0.839008 0.645653 0.806552 0.628514 0.807079 0.62883 0.839535
0 0.135835 0.8626 0.132498 0.826124 0.107597 0.833326 0.110934 0.869801
0 0.538496 0.888165 0.544781 0.845825 0.510793 0.82988 0.504508 0.87222
0 0.463012 0.961087 0.466029 0.930586 0.448968 0.925251 0.44595 0.955753
0 0.296725 0.922469 0.305479 0.900237 0.295791 0.88818 0.287037 0.910412
0 0.68448 0.608227 0.691228 0.580053 0.667774 0.562297 0.661026 0.590472
0 0.556767 0.915656 0.561543 0.882561 0.540018 0.872742 0.535241 0.905837
0 0.507621 0.805271 0.508517 0.773292 0.486196 0.771314 0.485299 0.803293
0 0.382666 0.920136 0.3849 0.888613 0.370648 0.88542 0.368414 0.916943
0 0.21336 0.744988 0.215052 0.725171 0.202115 0.72168 0.200423 0.741497
0 0.828675 0.402167 0.83061 0.342435 0.79542 0.338832 0.793485 0.398565
0 0.217452 0.697265 0.217785 0.677571 0.202777 0.676769 0.202444 0.696463
0 0.320626 0.980492 0.324782 0.956393 0.300915 0.943384 0.296759 0.967483
0 0.433731 0.955605 0.442343 0.903222 0.411429 0.887159 0.402817 0.939543
0 0.577723 0.852319 0.580146 0.826407 0.565051 0.821947 0.562629 0.84786
0 0.205747 0.787044 0.209469 0.758739 0.191582 0.751305 0.18786 0.77961
0 0.0570193 0.699417 0.0623117 0.66189 0.0445303 0.653964 0.0392378 0.691492
0 0.604903 0.910746 0.615688 0.890643 0.599998 0.864042 0.589214 0.884145
0 0.336441 0.987484 0.346546 0.964119 0.337718 0.952051 0.327612 0.975416
0 0.647567 0.866124 0.649313 0.836442 0.631511 0.833132 0.629764 0.862813
0 0.196225 0.805181 0.194504 0.769012 0.172821 0.772272 0.174541 0.80844
0 0.124858 0.919696 0.122106 0.889772 0.101778 0.895682 0.10453 0.925606
0 0.481892 0.82297 0.488377 0.778436 0.469325 0.769668 0.46284 0.814203
0 0.570027 0.91497 0.57585 0.886318 0.557565 0.874572 0.551741 0.903225
0 0.636025 0.724933 0.637944 0.696915 0.621362 0.693324 0.619442 0.721342
0 0.635729 0.617993 0.638176 0.593977 0.625743 0.589973 0.623296 0.613989
0 0.170917 0.919093 0.17888 0.89167 0.165701 0.879575 0.157738 0.906997
0 0.156426 0.849651 0.157089 0.804977 0.129175 0.803667 0.128512 0.848341
0 0.307259 0.954455 0.311376 0.933419 0.299925 0.926335 0.295808 0.947372
0 0.721456 0.629106 0.717381 0.589616 0.691389 0.598091 0.695463 0.637582
0 0.35106 0.997519 0.356815 0.971114 0.344691 0.962763 0.338936 0.989169
0 0.337737 1.00336 0.338602 0.982411 0.327119 0.980912 0.326254 1.00186
0 0.0504036 0.825188 0.0643203 0.792995 0.0505056 0.774121 0.0365888 0.806314
0 0.335456 0.969834 0.336971 0.948522 0.324537 0.94573 0.323023 0.967041
0 0.649086 0.899205 0.652147 0.860978 0.631905 0.855855 0.628844 0.894082
0 0.54955 0.758162 0.550667 0.735828 0.538488 0.733903 0.537371 0.756236
0 0.532255 0.676998 0.540868 0.648196 0.530021 0.637945 0.521409 0.666747
0 0.114258 0.852862 0.116599 0.817193 0.094426 0.812594 0.0920851 0.848263
0 0.399153 0.911791 0.410247 0.885229 0.398597 0.86985 0.387502 0.896413
0 0.235149 0.694769 0.237426 0.674234 0.222759 0.669094 0.220482 0.689628
0 0.274966 0.856469 0.276016 0.84058 0.265923 0.838471 0.264872 0.85436
0 0.35099 0.955696 0.351059 0.929769 0.33238 0.929611 0.33231 0.955537
0 0.25366 0.711967 0.266991 0.671216 0.252811 0.656555 0.239479 0.697306
0 0.646632 0.653701 0.646178 0.618624 0.628914 0.61933 0.629368 0.654407
0 0.0449477 0.658789 0.0551617 0.629134 0.0454375 0.618549 0.0352235 0.648204
0 0.372898 0.965694 0.379789 0.945116 0.369513 0.934241 0.362623 0.95482
0 0.257749 0.97134 0.259314 0.946885 0.245957 0.944185 0.244393 0.96864
0 0.251528 0.951466 0.256743 0.925559 0.241958 0.916153 0.236743 0.94206
0 0.45979 0.937295 0.462917 0.9033 0.441085 0.896954 0.437958 0.930948
0 0.225532 0.754425 0.226198 0.732188 0.209358 0.730595 0.208692 0.752832
0 0.0816136 0.676858 0.0827343 0.651737 0.0695814 0.649882 0.0684607 0.675004
0 0.141028 0.707461 0.152977 0.668026 0.123032 0.639349 0.111083 0.678785
0 0.115674 0.879462 0.117445 0.859235 0.100325 0.854498 0.0985543 0.874726
0 0.370164 0.949082 0.371556 0.927705 0.359228 0.925167 0.357835 0.946543
0 0.551488 1.00726 0.553261 0.979816 0.538027 0.976705 0.536254 1.00415
0 0.5072 0.537379 0.505805 0.500706 0.488949 0.502732 0.490344 0.539405
0 0.582478 0.635168 0.596357 0.612168 0.577306 0.575835 0.563427 0.598836
0 0.314504 1.0086 0.31673 0.988502 0.305008 0.9844 0.302782 1.0045
0 0.0364428 0.806106 0.0546802 0.784743 0.0473539 0.764976 0.0291165 0.786339
0 0.342388 0.892816 0.343263 0.869654 0.331446 0.868245 0.330572 0.891406
0 0.560798 0.790233 0.567874 0.775522 0.555589 0.756843 0.548512 0.771554
0 0.272619 0.936379 0.273657 0.916172 0.261288 0.914165 0.26025 0.934372
0 0.572053 0.818077 0.578106 0.808325 0.567683 0.787878 0.56163 0.79763
0 0.584354 1.00514 0.586853 0.965271 0.568852 0.961705 0.566353 1.00157
0 0.226201 0.674944 0.227267 0.656465 0.215375 0.654297 0.214309 0.672776
0 0.288467 1.00526 0.288213 0.984535 0.269454 0.985264 0.269709 1.00599
0 0.236531 0.761304 0.237885 0.742869 0.225903 0.740087 0.224549 0.758521
0 0.320897 0.923185 0.323698 0.902653 0.312369 0.897769 0.309568 0.9183
0 0.0988887 0.88582 0.102233 0.861627 0.0899536 0.856262 0.0866093 0.880455
0 0.125879 0.895432 0.123531 0.8707 0.0995529 0.877896 0.101901 0.902628
0 0.238913 0.612629 0.239904 0.5945 0.228981 0.592613 0.22799 0.610741
0 0.220665 0.696996 0.221775 0.679413 0.208028 0.676669 0.206917 0.694252
0 0.25258 0.738959 0.254595 0.710546 0.239408 0.707142 0.237393 0.735555
0 0.140672 0.81059 0.142647 0.788078 0.128721 0.784217 0.126746 0.806729
0 0.326406 0.95998 0.327531 0.933331 0.310807 0.931101 0.309682 0.95775
0 0.0483228 0.634383 0.0569067 0.608401 0.0474986 0.598577 0.0389147 0.624559
0 0.111068 0.711368 0.121273 0.687608 0.110386 0.672829 0.100181 0.696589
0 0.188802 0.830168 0.183519 0.796488 0.153732 0.811253 0.159015 0.844934
0 0.786992 0.653846 0.786664 0.61194 0.762251 0.612544 0.762579 0.65445
0 0.488284 0.999821 0.486002 0.951311 0.432528 0.959261 0.434809 1.00777
0 0.222733 0.788731 0.226539 0.769481 0.216744 0.76336 0.212938 0.782611
0 0.210421 0.862472 0.212856 0.836183 0.195744 0.831174 0.193309 0.857463
0 0.411595 0.718335 0.419504 0.674558 0.399102 0.662909 0.391193 0.706686
0 0.102445 0.332141 0.119142 0.309578 0.101891 0.269232 0.0851942 0.291795
0 0.402898 1.0047 0.402889 0.97152 0.380723 0.97154 0.380733 1.00472
0 0.345969 0.906633 0.348007 0.884059 0.337047 0.880931 0.335009 0.903504
0 0.533411 0.810528 0.538195 0.787704 0.526417 0.779901 0.521633 0.802726
0 0.205041 0.984258 0.218383 0.931491 0.184825 0.904673 0.171482 0.957439
0 0.200397 0.819113 0.204534 0.796633 0.192895 0.789864 0.188759 0.812344
0 0.656855 0.613266 0.686928 0.540032 0.654154 0.497496 0.62408 0.57073
0 0.0270264 0.831135 0.0359788 0.800793 0.0210343 0.786857 0.0120819 0.817199
0 0.315896 0.94142 0.320075 0.923214 0.309031 0.915204 0.304853 0.93341
0 0.259071 0.920952 0.263323 0.893012 0.251023 0.887097 0.246771 0.915036
0 0.570472 0.760691 0.57111 0.728906 0.555799 0.727935 0.555161 0.75972
0 0.343029 0.950346 0.34407 0.927245 0.328646 0.925049 0.327605 0.94815
0 0.0763631 0.8236 0.0780305 0.778214 0.0589918 0.776003 0.0573244 0.821389
0 0.526435 0.399796 0.529232 0.374351 0.513935 0.369037 0.511138 0.394482
0 0.394997 0.933334 0.396849 0.912285 0.382665 0.90834 0.380812 0.92939
0 0.627884 0.868115 0.630622 0.842603 0.615734 0.837555 0.612997 0.863067
0 0.184704 0.77642 0.192143 0.748239 0.180934 0.738888 0.173496 0.767069
0 0.500141 0.399015 0.500258 0.372344 0.481545 0.372085 0.481428 0.398756
0 0.202433 0.123762 0.221988 0.112573 0.200026 -0.00872381 0.180472 0.00246591
0 0.343978 0.928337 0.346696 0.903693 0.336314 0.900073 0.333595 0.924717
0 0.571489 0.670965 0.5756 0.649283 0.55853 0.639053 0.554419 0.660735
0 0.572978 0.872724 0.575511 0.853781 0.565074 0.849372 0.562542 0.868315
0 0.629845 0.386615 0.635162 0.350773 0.60558 0.336905 0.600264 0.372747
0 0.330696 1.00163 0.331806 0.981867 0.317953 0.979407 0.316843 0.99917
0 0.718452 0.806225 0.731592 0.778469 0.706397 0.740768 0.693256 0.768524
0 0.558207 0.741461 0.559404 0.714387 0.546412 0.712572 0.545215 0.739646
0 0.345846 0.930024 0.345286 0.909486 0.332685 0.910571 0.333245 0.931109
0 0.65378 0.109818 0.662981 0.0492967 0.642927 0.0396607 0.633726 0.100182
0 0.10713 0.300088 0.127539 0.276266 0.105372 0.21624 0.084962 0.240062
0 0.59359 0.908966 0.598266 0.882981 0.586691 0.8764 0.582016 0.902385
0 0.366559 0.890969 0.368875 0.871271 0.357428 0.867017 0.355112 0.886715
0 0.0831026 0.859075 0.085648 0.830569 0.0650457 0.824755 0.0625002 0.85326
0 0.125253 0.793036 0.126485 0.749769 0.0918583 0.746652 0.0906262 0.78992
0 0.288404 0.900985 0.29058 0.882764 0.280571 0.878986 0.278395 0.897207
0 0.566295 0.677121 0.568117 0.659115 0.554173 0.654656 0.552351 0.672662
0 0.577081 0.959112 0.58476 0.910916 0.568121 0.902537 0.560442 0.950733
0 0.282791 0.944765 0.284272 0.923567 0.272886 0.921053 0.271404 0.942251
0 0.351679 0.425256 0.354486 0.392267 0.323245 0.383866 0.320438 0.416856
0 0.316457 0.896375 0.32127 0.873178 0.310501 0.866118 0.305689 0.889315
0 0.946522 0.825727 0.95726 0.787715 0.932143 0.765291 0.921405 0.803304
0 0.137184 0.909769 0.149834 0.875375 0.137162 0.860645 0.124512 0.89504
0 0.434706 0.970309 0.443973 0.936749 0.426777 0.921742 0.41751 0.955302
0 0.559071 0.887886 0.56074 0.86541 0.547841 0.862384 0.546173 0.884859
0 0.200979 0.753623 0.20273 0.733497 0.189929 0.729977 0.188178 0.750103
0 0.347608 0.87165 0.348773 0.854235 0.338599 0.852084 0.337434 0.869499
0 0.326155 0.87296 0.329862 0.848852 0.31775 0.842965 0.314043 0.867073
0 0.377874 0.927786 0.379498 0.902061 0.366897 0.899546 0.365273 0.925272
0 0.187865 0.819172 0.189744 0.783048 0.164044 0.778824 0.162165 0.814948
0 0.251813 0.809256 0.252277 0.79178 0.241889 0.79091 0.241426 0.808386
0 0.321247 0.43006 0.322604 0.408982 0.295343 0.403434 0.293986 0.424512
0 0.283199 1.00472 0.284383 0.983138 0.266021 0.979954 0.264837 1.00153
0 0.735926 0.994779 0.732639 0.910171 0.694164 0.914895 0.697451 0.999504
0 0.522223 0.791523 0.524423 0.771994 0.511536 0.767405 0.509335 0.786934
0 0.3324 0.925492 0.3351 0.904334 0.326384 0.900819 0.323684 0.921977
0 0.574627 0.844605 0.578677 0.824495 0.565759 0.816272 0.561708 0.836382
0 0.235722 0.649709 0.236907 0.632017 0.227319 0.629989 0.226135 0.647681
0 0.618204 0.700595 0.624954 0.618799 0.584164 0.60816 0.577414 0.689956
0 0.702654 0.827362 0.715722 0.788398 0.699331 0.771023 0.686263 0.809987
0 0.177316 0.888717 0.182044 0.862895 0.168638 0.855137 0.16391 0.88096
0 0.620327 0.752412 0.623258 0.715135 0.609097 0.711616 0.606166 0.748893
0 0.188538 0.298486 0.216317 0.269539 0.185605 0.176388 0.157825 0.205334
0 0.0661495 0.788152 0.071352 0.760914 0.0534387 0.7501 0.0482361 0.777338
0 0.476098 0.965977 0.477405 0.944896 0.459736 0.941434 0.458429 0.962515
0 0.610563 0.619272 0.614319 0.590905 0.596436 0.583423 0.592681 0.61179
0 0.470534 0.939876 0.485408 0.900923 0.468125 0.880066 0.453251 0.91902
0 0.529132 0.827722 0.531689 0.804679 0.519655 0.800458 0.517098 0.823502
0 0.319335 0.839886 0.321422 0.821982 0.31074 0.818047 0.308653 0.835951
0 0.387733 0.940185 0.389356 0.918817 0.375492 0.915489 0.373869 0.936858
0 0.562349 0.934083 0.567109 0.915939 0.552901 0.90416 0.548141 0.922304
