0 0.475431 0.589516 0.474766 0.538581 0.446775 0.539736 0.44744 0.590671
0 0.422774 0.980337 0.42296 0.871378 0.359332 0.871035 0.359146 0.979994
0 0.513023 0.977051 0.504785 0.89765 0.456105 0.913612 0.464342 0.993013
0 0.982804 1.07491 1.01803 0.856878 0.799708 0.74538 0.764477 0.963411
0 0.36205 0.940824 0.365415 0.902548 0.343405 0.896434 0.340041 0.93471
0 0.501362 0.872489 0.502604 0.831931 0.480743 0.829816 0.479501 0.870374
0 0.324975 0.948803 0.35291 0.899339 0.336076 0.869292 0.308141 0.918756
0 0.576251 1.01955 0.587414 0.965495 0.549318 0.940632 0.538155 0.994688
0 0.0887418 0.818594 0.0901013 0.788735 0.0732992 0.786317 0.0719397 0.816176
0 0.430693 0.899338 0.431362 0.84805 0.398381 0.846691 0.397712 0.897978
0 0.109445 0.780045 0.111197 0.746201 0.0838578 0.741727 0.0821053 0.775571
0 0.36924 0.904221 0.374657 0.836838 0.346384 0.829655 0.340968 0.897038
0 0.595747 0.578331 0.597887 0.537953 0.573182 0.533815 0.571042 0.574193
0 0.536381 0.857356 0.535578 0.834642 0.518948 0.836499 0.51975 0.859213
0 0.339026 0.895155 0.340025 0.844837 0.311182 0.843026 0.310183 0.893344
0 0.511578 0.907833 0.519328 0.865659 0.499199 0.853968 0.491449 0.896142
0 0.533759 0.838185 0.536772 0.803541 0.521903 0.799454 0.51889 0.834098
0 0.885918 0.787601 0.887377 0.739389 0.859172 0.736691 0.857712 0.784903
0 0.779692 1.04206 0.831029 0.962217 0.750339 0.798239 0.699002 0.87808
0 0.899404 0.741792 0.905658 0.700871 0.886762 0.691743 0.880508 0.732665
0 0.962153 0.744216 0.975209 0.682585 0.933071 0.654371 0.920014 0.716002
0 0.906632 0.606486 0.910404 0.555096 0.865157 0.5446 0.861385 0.595989
0 0.459543 0.921731 0.4616 0.889287 0.442604 0.885481 0.440548 0.917926
0 0.209104 0.994785 0.231445 0.98132 0.227177 0.958937 0.204836 0.972403
0 0.0817265 1.02154 0.137506 0.916513 0.0962086 0.847193 0.0404286 0.952221
0 0.0927343 0.792876 0.0940413 0.770018 0.0784863 0.767207 0.0771792 0.790064
0 0.324856 0.857812 0.350855 0.841316 0.345898 0.81662 0.319898 0.833116
0 0.231547 0.975327 0.248373 0.953697 0.240578 0.934533 0.223752 0.956164
0 0.332952 0.963966 0.35089 0.933534 0.339284 0.911913 0.321346 0.942346
0 0.444478 0.920945 0.446475 0.882605 0.425388 0.879133 0.423391 0.917473
0 0.432666 0.85795 0.438865 0.821461 0.422304 0.812569 0.416105 0.849057
0 0.317331 0.973163 0.32341 0.922701 0.294376 0.911645 0.288296 0.962107
0 0.40642 1.0179 0.432219 0.980449 0.416865 0.947021 0.391066 0.984474
0 0.106604 0.672142 0.122165 0.652273 0.114341 0.632906 0.0987798 0.652775
0 0.435659 0.81891 0.449075 0.785474 0.437915 0.771321 0.424499 0.804758
0 0.44472 0.765131 0.445835 0.742645 0.433702 0.740743 0.432587 0.763229
0 0.126624 0.75082 0.142428 0.704523 0.12559 0.686358 0.109787 0.732655
0 0.102701 0.619779 0.0936882 0.566494 0.0511586 0.589229 0.0601715 0.642515
0 0.108457 0.729057 0.111125 0.696942 0.0960516 0.692983 0.0933829 0.725098
0 0.552085 0.994742 0.547038 0.889052 0.497199 0.896573 0.502246 1.00226
0 0.620704 1.01049 0.631559 0.972613 0.604784 0.948359 0.593929 0.986234
0 0.506395 1.00479 0.504804 0.960795 0.473499 0.964372 0.475089 1.00837
0 0.121116 0.780146 0.130028 0.750264 0.114355 0.735491 0.105443 0.765374
0 0.520494 0.842696 0.521908 0.8195 0.508842 0.816983 0.507428 0.840179
0 0.42918 0.684442 0.438986 0.654699 0.427654 0.64289 0.417848 0.672633
0 0.454138 0.793864 0.460564 0.774436 0.444972 0.758137 0.438546 0.777566
0 0.337685 0.987767 0.354117 0.960475 0.343308 0.939907 0.326876 0.967199
0 0.269302 0.837589 0.27426 0.812473 0.265555 0.807042 0.260597 0.832158
0 0.363988 0.766284 0.385289 0.743679 0.376442 0.717332 0.355141 0.739937
0 0.575467 0.832813 0.579008 0.812597 0.557378 0.800622 0.553837 0.820837
0 0.161361 1.01519 0.173361 0.98654 0.159028 0.967569 0.147028 0.996222
0 1.00776 0.884058 1.02052 0.735921 0.96035 0.719546 0.947594 0.867683
0 0.566204 0.955201 0.571149 0.925426 0.556576 0.917777 0.551631 0.947551
0 0.170564 0.965744 0.180805 0.944992 0.171454 0.930409 0.161214 0.95116
0 0.47072 1.00584 0.47183 0.972113 0.453615 0.970218 0.452504 1.00395
0 0.613392 0.617452 0.607814 0.581146 0.57976 0.594769 0.585339 0.631075
0 0.25984 0.958307 0.26906 0.917051 0.256558 0.908221 0.247338 0.949477
0 0.522027 0.724085 0.529912 0.70376 0.51966 0.69119 0.511775 0.711515
0 0.535277 0.895194 0.538694 0.859244 0.518661 0.853226 0.515244 0.889176
0 0.449572 0.879335 0.458267 0.82828 0.436728 0.816687 0.428033 0.867741
0 0.115529 0.752106 0.117744 0.730961 0.10174 0.725662 0.0995248 0.746807
0 0.440423 0.707901 0.457076 0.688331 0.448539 0.665372 0.431886 0.684942
0 0.516791 0.86803 0.519542 0.841011 0.504751 0.836251 0.501999 0.86327
0 0.469229 0.853382 0.470398 0.827812 0.456437 0.825795 0.455268 0.851364
0 0.462862 0.948016 0.47288 0.915488 0.460005 0.902957 0.449987 0.935485
0 0.460323 0.819412 0.467079 0.804309 0.455723 0.788254 0.448967 0.803357
0 0.312156 0.921751 0.320233 0.882428 0.302436 0.870874 0.294358 0.910197
0 0.917966 0.545357 0.91122 0.486722 0.86515 0.503474 0.871897 0.56211
0 0.483457 0.917515 0.491858 0.887559 0.478103 0.875367 0.469702 0.905323
0 0.913466 0.67918 0.925598 0.652242 0.90599 0.624332 0.893858 0.65127
0 0.0988894 0.753154 0.10369 0.731434 0.0913318 0.722802 0.0865315 0.744523
0 0.0679949 0.835207 0.0739949 0.808138 0.0537066 0.793925 0.0477066 0.820994
0 0.566715 0.85153 0.572023 0.828424 0.557666 0.818001 0.552358 0.841107
0 0.576978 0.938204 0.578668 0.907688 0.563213 0.904983 0.561523 0.935499
0 0.360356 0.97677 0.376483 0.937394 0.359527 0.915446 0.3434 0.954821
0 0.519982 0.82045 0.523763 0.796297 0.513038 0.790991 0.509257 0.815144
0 0.156337 0.987199 0.165905 0.954572 0.152652 0.942288 0.143084 0.974915
0 0.57622 0.604931 0.583989 0.574736 0.56181 0.556702 0.554042 0.586897
0 0.305992 0.839757 0.310732 0.816001 0.301992 0.81049 0.297253 0.834247
0 0.60366 1.00823 0.606221 0.978136 0.587619 0.973132 0.585058 1.00323
0 0.5455 0.880808 0.548029 0.862102 0.537174 0.857463 0.534644 0.876169
0 0.029443 0.979646 0.0331726 0.945169 0.014261 0.938703 0.0105314 0.97318
0 0.280112 0.939333 0.29457 0.914573 0.285237 0.89735 0.270779 0.92211
0 0.563753 0.893618 0.571308 0.867821 0.555477 0.853167 0.547921 0.878964
0 0.55637 0.125838 0.577091 0.0177691 0.500582 -0.0285944 0.479861 0.0794742
0 0.674775 0.822659 0.697639 0.768032 0.676235 0.739718 0.653371 0.794345
0 0.892539 0.701834 0.893352 0.677185 0.869622 0.674713 0.86881 0.699361
0 0.512363 0.75609 0.517933 0.732954 0.507242 0.724819 0.501671 0.747954
0 0.218825 0.975915 0.229078 0.956617 0.221312 0.943577 0.211059 0.962874
0 0.400938 0.57074 0.403285 0.552691 0.391747 0.547951 0.389401 0.565999
0 0.16224 0.432179 0.170698 0.384751 0.125065 0.359031 0.116607 0.406459
0 0.836049 0.623501 0.838205 0.593068 0.82216 0.589476 0.820004 0.619909
0 0.368227 0.79191 0.363689 0.747079 0.335821 0.755996 0.340359 0.800826
0 0.303466 0.999026 0.331657 0.976303 0.32522 0.951066 0.297029 0.973789
0 0.549885 0.842894 0.551296 0.820892 0.53683 0.817961 0.53542 0.839963
0 0.420107 0.821887 0.430431 0.798587 0.421174 0.785625 0.410851 0.808925
0 0.446851 0.943383 0.452382 0.919932 0.441272 0.911649 0.43574 0.9351
0 0.0860791 0.747721 0.0965269 0.723755 0.0858525 0.709048 0.0754047 0.733014
0 0.427971 0.413738 0.430677 0.35216 0.396265 0.34738 0.393558 0.408958
0 0.382146 0.828864 0.404357 0.800435 0.392742 0.771755 0.370531 0.800184
0 0.623248 0.400368 0.624338 0.337607 0.589909 0.335716 0.588818 0.398477
0 0.546037 0.841894 0.546215 0.819775 0.534171 0.819469 0.533993 0.841588
0 0.508687 0.736614 0.515747 0.714115 0.505462 0.703915 0.498402 0.726414
0 0.842732 0.72468 0.846599 0.705784 0.827494 0.693427 0.823627 0.712323
0 0.46716 0.673462 0.473313 0.653352 0.460002 0.640479 0.453849 0.660588
0 0.827345 0.786067 0.83639 0.762838 0.815087 0.736622 0.806042 0.759851
0 0.14183 0.980139 0.15512 0.947188 0.146149 0.935752 0.132859 0.968704
0 0.480993 0.633836 0.493523 0.608029 0.474818 0.579329 0.462289 0.605136
0 0.0507936 0.865391 0.0614781 0.823243 0.0422722 0.807855 0.0315877 0.850004
0 0.666589 0.639449 0.667469 0.604578 0.647458 0.602981 0.646577 0.637851
0 0.603469 0.810315 0.600204 0.774374 0.574609 0.781724 0.577875 0.817665
0 0.386171 0.5629 0.387661 0.545157 0.37591 0.542038 0.37442 0.55978
0 0.913193 0.565681 0.916062 0.537477 0.894665 0.530599 0.891796 0.558803
0 0.0979371 0.780279 0.101098 0.756543 0.0794364 0.747427 0.0762757 0.771162
0 0.673574 0.391636 0.67145 0.35794 0.647886 0.362634 0.650011 0.396331
0 0.416801 0.843608 0.424763 0.814262 0.413406 0.804523 0.405444 0.833869
0 0.556212 0.940049 0.564798 0.907077 0.549804 0.894738 0.541218 0.927709
0 0.29919 0.857124 0.302393 0.839746 0.293478 0.834553 0.290275 0.851931
0 0.461487 0.721968 0.464974 0.704169 0.453419 0.697013 0.449931 0.714812
0 0.226053 1.00643 0.242136 0.983845 0.234411 0.96646 0.218328 0.989048
0 0.13359 0.971692 0.143516 0.946069 0.134203 0.934667 0.124277 0.960291
0 0.112548 0.642285 0.117173 0.618665 0.104922 0.611082 0.100297 0.634703
0 0.653547 0.350582 0.650107 0.321283 0.618037 0.333183 0.621477 0.362483
0 0.534011 0.616115 0.535409 0.592124 0.521338 0.589532 0.51994 0.613524
0 0.250481 0.924837 0.253438 0.903064 0.243578 0.898831 0.24062 0.920605
0 0.0881617 0.657234 0.091119 0.632229 0.0756957 0.626464 0.0727383 0.651469
0 0.605251 0.599877 0.642753 0.553584 0.625005 0.508143 0.587503 0.554436
0 0.576076 0.86565 0.578662 0.841517 0.56629 0.837327 0.563704 0.86146
0 0.330802 0.568727 0.334535 0.550582 0.322479 0.542743 0.318746 0.560888
0 0.00943747 0.972813 0.0223798 0.936625 0.00692862 0.919161 -0.00601372 0.955349
0 0.0657632 1.0072 0.0686246 0.974418 0.0370731 0.965714 0.0342117 0.998498
0 0.497068 0.913372 0.502275 0.883885 0.484745 0.874102 0.479539 0.903589
0 0.234875 1.00172 0.236216 0.981415 0.221067 0.978255 0.219727 0.998555
0 0.450983 0.978675 0.453561 0.949071 0.438853 0.945022 0.436274 0.974626
0 0.468864 0.836696 0.47348 0.819688 0.461533 0.809439 0.456917 0.826447
0 0.2067 0.976078 0.216773 0.95702 0.208777 0.943663 0.198704 0.962721
0 0.915651 0.790714 0.918749 0.767242 0.905649 0.761778 0.902551 0.78525
0 0.224901 0.895781 0.230375 0.873715 0.219049 0.864833 0.213574 0.886899
0 0.556134 0.604921 0.589037 0.513915 0.558599 0.479136 0.525697 0.570141
0 0.351196 0.996289 0.366577 0.979795 0.35873 0.95667 0.34335 0.973164
0 0.300878 0.739335 0.313169 0.695278 0.293523 0.677955 0.281231 0.722012
0 0.586072 0.110794 0.593819 0.0490625 0.575714 0.0418818 0.567967 0.103614
0 0.0727039 0.91415 0.07433 0.886599 0.0579576 0.883545 0.0563314 0.911096
0 0.607283 0.973794 0.61228 0.931587 0.592098 0.924035 0.587101 0.966242
0 0.183354 0.99233 0.183789 0.971581 0.168515 0.970568 0.16808 0.991317
0 0.5909 0.922638 0.591227 0.877927 0.572726 0.877499 0.572399 0.92221
0 0.587624 0.973806 0.591445 0.955984 0.577714 0.946678 0.573892 0.964499
0 0.492558 0.405461 0.490897 0.372561 0.463298 0.376965 0.464959 0.409866
0 0.198444 0.999585 0.196133 0.974871 0.171997 0.982004 0.174308 1.00672
0 0.732502 0.633281 0.7348 0.606075 0.722604 0.602818 0.720306 0.630025
0 0.252786 0.997967 0.261672 0.972551 0.25282 0.962769 0.243934 0.988186
0 0.373152 0.838376 0.382055 0.795397 0.360638 0.781375 0.351735 0.824354
0 0.495482 0.720577 0.499679 0.698368 0.490383 0.692816 0.486186 0.715024
0 0.0575732 0.151163 0.0568442 -0.0290209 0.000283808 -0.0282976 0.0010128 0.151886
0 0.60298 0.79747 0.616736 0.770994 0.593538 0.732901 0.579782 0.759377
0 0.0324644 0.147675 0.0533077 0.00487628 -0.0123906 -0.0254313 -0.0332339 0.117368
0 0.204548 0.907033 0.215791 0.882541 0.204579 0.866274 0.193336 0.890766
0 0.186122 0.965357 0.193547 0.943912 0.184335 0.93383 0.176909 0.955274
0 0.499832 0.714943 0.526467 0.632458 0.492486 0.597779 0.465851 0.680263
0 0.811973 0.785255 0.814216 0.747451 0.792926 0.743459 0.790683 0.781263
0 0.168634 0.944868 0.175093 0.925348 0.166829 0.916704 0.160369 0.936225
0 0.55169 0.74907 0.555646 0.729075 0.539679 0.719092 0.535724 0.739087
0 0.925331 0.71917 0.923429 0.683273 0.906763 0.686063 0.908665 0.72196
0 0.195511 0.438546 0.226024 0.376455 0.181234 0.306889 0.150721 0.368981
0 0.179108 0.992438 0.18027 0.966342 0.16404 0.964057 0.162878 0.990154
0 0.0725843 0.788196 0.0792924 0.768622 0.0697326 0.758268 0.0630245 0.777842
0 0.410103 0.80897 0.421371 0.788106 0.411772 0.771723 0.400504 0.792587
0 0.176337 0.115559 0.199734 0.102863 0.179917 -0.0125567 0.15652 0.000139541
0 0.0027462 0.191255 0.0601155 0.167615 0.0534151 0.116223 -0.00395422 0.139862
0 0.494584 0.901259 0.498319 0.874485 0.483155 0.8678 0.47942 0.894573
0 0.640511 0.832344 0.66472 0.816518 0.650499 0.747764 0.62629 0.76359
0 0.448128 0.820501 0.455636 0.795834 0.444902 0.785507 0.437393 0.810174
0 0.409076 0.543008 0.407796 0.50646 0.388656 0.508579 0.389937 0.545127
0 0.919994 0.637845 0.926975 0.620252 0.911743 0.601147 0.904761 0.61874
0 0.401605 0.111024 0.400184 0.0697399 0.375581 0.0724154 0.377001 0.1137
0 0.103395 0.808644 0.109152 0.778414 0.0949253 0.769851 0.089168 0.80008
0 0.473936 0.809918 0.478852 0.793707 0.46505 0.780479 0.460134 0.79669
0 0.28781 0.951564 0.299383 0.924136 0.291714 0.913908 0.280141 0.941336
0 0.485234 0.836799 0.486958 0.819187 0.476434 0.815932 0.47471 0.833543
0 0.443453 0.669315 0.449126 0.65329 0.439002 0.641964 0.433329 0.657989
0 0.285899 0.879095 0.289047 0.861777 0.2799 0.856521 0.276751 0.873839
0 0.38592 0.725556 0.387944 0.707891 0.377904 0.704256 0.37588 0.721922
0 0.546168 0.857765 0.546979 0.841671 0.537095 0.840097 0.536284 0.856191
0 0.650845 0.850616 0.666277 0.82512 0.656506 0.80643 0.641074 0.831926
0 0.188775 0.980453 0.196082 0.961875 0.188041 0.95188 0.180735 0.970458
0 0.0664914 0.771434 0.076891 0.747633 0.0687124 0.736339 0.0583127 0.760139
0 0.393846 1.00865 0.396219 0.98488 0.365197 0.975094 0.362824 0.998866
0 0.470663 0.803689 0.474545 0.787419 0.462589 0.778401 0.458706 0.794671
0 0.153218 0.799391 0.155516 0.775941 0.131358 0.768457 0.129059 0.791906
0 0.25922 0.847267 0.26068 0.828443 0.252139 0.826348 0.250679 0.845172
0 0.206029 0.996583 0.223966 0.976858 0.217752 0.958998 0.199815 0.978723
0 0.461606 0.882968 0.467416 0.860306 0.457243 0.852062 0.451433 0.874725
0 0.909596 0.709457 0.911876 0.685526 0.897355 0.681155 0.895076 0.705086
0 0.539769 0.801859 0.543152 0.7851 0.53246 0.778278 0.529077 0.795038
0 0.999334 0.513387 1.00202 0.483485 0.977957 0.476655 0.975271 0.506557
0 0.243233 0.897714 0.249307 0.879336 0.242888 0.872633 0.236815 0.891011
