0 0.0531492 0.711821 0.0539775 0.684125 0.0358538 0.682412 0.0350255 0.710108
0 0.994709 0.971781 1.00915 0.850346 0.808962 0.775126 0.794524 0.896561
0 0.182538 0.951036 0.194495 0.917063 0.181128 0.902195 0.169171 0.936167
0 0.557027 0.875471 0.571086 0.85805 0.556668 0.821279 0.542609 0.838701
0 0.114238 0.97994 0.128518 0.957413 0.120619 0.941588 0.106339 0.964115
0 0.242081 1.00617 0.265719 0.967022 0.251634 0.940144 0.227995 0.979295
0 0.558189 0.819215 0.554152 0.785077 0.525841 0.79566 0.529879 0.829797
0 0.582194 0.858885 0.586332 0.824902 0.566797 0.817382 0.562658 0.851366
0 0.0269886 0.683293 0.0291001 0.658651 0.0104158 0.653591 0.00830428 0.678233
0 0.272381 0.86296 0.278066 0.844183 0.261961 0.828774 0.256276 0.847551
0 0.588065 0.805549 0.58916 0.781298 0.576391 0.779475 0.575296 0.803726
0 0.198521 0.923427 0.203707 0.902479 0.192415 0.893643 0.187229 0.914591
0 0.0632859 0.7322 0.0674246 0.71358 0.0492112 0.700785 0.0450724 0.719406
0 0.57132 0.720759 0.573255 0.694951 0.558238 0.691392 0.556303 0.717199
0 0.0550426 0.774039 0.0596345 0.741544 0.0338704 0.730038 0.0292786 0.762533
0 0.450627 0.921534 0.457763 0.856692 0.426894 0.845954 0.419757 0.910797
0 0.0610188 0.961052 0.0729639 0.926185 0.0607406 0.91295 0.0487955 0.947817
0 0.176228 0.926476 0.178943 0.901207 0.163362 0.895917 0.160648 0.921186
0 0.52985 0.90907 0.529547 0.873798 0.506594 0.87442 0.506896 0.909692
0 0.116145 0.752161 0.119566 0.728063 0.102612 0.720456 0.0991905 0.744554
0 0.0869973 0.77937 0.087795 0.750853 0.0694846 0.749234 0.0686869 0.777751
0 0.0901459 0.986839 0.10331 0.955591 0.0930318 0.941906 0.0798674 0.973154
0 0.228949 0.890565 0.242524 0.875561 0.231374 0.843675 0.217799 0.858679
0 0.237464 0.83729 0.237374 0.818563 0.222922 0.818781 0.223011 0.837509
0 0.0588591 1.00909 0.0838466 0.976169 0.0745724 0.953922 0.0495848 0.986843
0 0.273486 0.808345 0.277398 0.748906 0.257884 0.744846 0.253972 0.804285
0 0.0655253 0.671034 0.0718012 0.653798 0.0631338 0.643824 0.0568579 0.661059
0 0.118621 0.912011 0.121185 0.864022 0.0931473 0.859288 0.0905836 0.907277
0 0.588 0.671249 0.594452 0.652132 0.582048 0.6389 0.575595 0.658017
0 0.0539102 0.98733 0.065337 0.956526 0.0538021 0.943002 0.0423752 0.973806
0 0.0302995 0.657746 0.0406209 0.623799 0.0276464 0.611331 0.0173249 0.645278
0 0.0391745 0.678267 0.0413822 0.657035 0.0305305 0.653469 0.0283228 0.674701
0 0.320893 0.792938 0.323028 0.73851 0.298575 0.73548 0.296441 0.789908
0 0.0222118 0.99829 0.0268611 0.968322 0.0132891 0.961668 0.00863986 0.991636
0 0.118322 0.85571 0.127592 0.831881 0.117976 0.820058 0.108706 0.843887
0 0.143415 0.86267 0.152953 0.840779 0.142826 0.826832 0.133287 0.848723
0 0.115272 0.934098 0.131818 0.908528 0.124571 0.893708 0.108025 0.919278
0 0.0477936 1.00785 0.0506114 0.979455 0.032899 0.973901 0.0300812 1.0023
0 0.543281 0.631168 0.554455 0.566825 0.525244 0.550794 0.514071 0.615136
0 0.614004 0.795478 0.621458 0.775635 0.603813 0.754685 0.596358 0.774528
0 0.523798 0.820146 0.525585 0.798115 0.5134 0.794993 0.511613 0.817023
0 0.538695 0.802104 0.54394 0.764162 0.529178 0.757713 0.523933 0.795654
0 0.386485 0.93798 0.414921 0.914361 0.406009 0.880451 0.377574 0.904069
0 0.511569 0.867053 0.524084 0.835043 0.510561 0.818332 0.498046 0.850342
0 0.799795 0.725235 0.810012 0.690681 0.782748 0.665205 0.772532 0.699759
0 0.13331 0.851573 0.141215 0.828912 0.131473 0.818171 0.123568 0.840832
0 0.244031 0.934858 0.258278 0.896115 0.245875 0.8817 0.231628 0.920443
0 0.4958 0.546936 0.510789 0.478395 0.476143 0.454448 0.461154 0.522989
0 0.290659 0.1573 0.292377 0.110558 0.265665 0.107456 0.263948 0.154199
0 0.0913566 0.647563 0.0910683 0.62797 0.0751517 0.62871 0.07544 0.648303
0 0.370461 0.849806 0.370122 0.814805 0.347239 0.815504 0.347577 0.850505
0 0.584898 0.75012 0.589473 0.729084 0.579736 0.722392 0.575162 0.743428
0 0.0816835 0.953341 0.0974854 0.907848 0.0809243 0.889668 0.0651224 0.935161
0 0.225369 0.848252 0.225567 0.831304 0.214006 0.830879 0.213808 0.847826
0 0.23308 0.293146 0.260076 0.271997 0.23371 0.165629 0.206714 0.186779
0 0.508754 0.932596 0.517412 0.915898 0.502564 0.891568 0.493907 0.908266
0 0.190124 0.033998 0.193398 -0.00518881 0.170138 -0.0113295 0.166864 0.0278573
0 0.18962 0.905297 0.197281 0.88458 0.189421 0.875394 0.18176 0.896111
0 0.549337 0.773396 0.554829 0.747319 0.543815 0.739988 0.538323 0.766064
0 0.529146 0.881624 0.533348 0.857495 0.515802 0.847838 0.5116 0.871966
0 0.00844848 0.991708 0.0160447 0.960582 0.00459594 0.951751 -0.00300029 0.982877
0 0.0506305 0.670594 0.0535909 0.6492 0.0420238 0.644142 0.0390634 0.665535
0 0.156838 0.950605 0.157241 0.922552 0.141299 0.921828 0.140896 0.949881
0 0.0843505 0.743585 0.0863504 0.724422 0.0753737 0.720801 0.0733738 0.739965
0 0.488819 0.840713 0.50201 0.823674 0.486285 0.785199 0.473094 0.802238
0 0.117933 1.00261 0.125259 0.97752 0.112893 0.966112 0.105568 0.991206
0 0.552491 0.796457 0.554879 0.771588 0.542254 0.767756 0.539865 0.792625
0 0.132934 0.940715 0.145351 0.920859 0.136576 0.903517 0.12416 0.923374
0 0.207865 0.941135 0.211007 0.914511 0.195858 0.908861 0.192716 0.935485
0 0.210985 0.763012 0.218694 0.744236 0.209869 0.732786 0.202161 0.751563
0 0.258367 0.901198 0.273952 0.875768 0.26638 0.861104 0.250796 0.886534
0 0.0712529 0.613722 0.0728561 0.598438 0.062431 0.594982 0.0608278 0.610266
0 0.565277 0.83275 0.568219 0.811136 0.55555 0.805686 0.552608 0.8273
0 0.269298 0.405101 0.285725 0.371118 0.260658 0.332822 0.244231 0.366806
0 0.572732 0.764564 0.57534 0.742516 0.563034 0.737917 0.560427 0.759965
0 0.281415 0.750523 0.281916 0.726876 0.266628 0.725851 0.266127 0.749498
0 0.130463 1.00815 0.141206 0.988795 0.133761 0.975733 0.123018 0.995087
0 0.233529 0.798672 0.239565 0.775207 0.228695 0.766372 0.22266 0.789836
0 0.163833 0.520674 0.166645 0.500793 0.149787 0.493256 0.146975 0.513137
0 0.222971 0.888026 0.228627 0.851567 0.212624 0.84372 0.206968 0.88018
0 0.209779 0.854449 0.21392 0.833969 0.204461 0.827923 0.200319 0.848403
0 0.0334063 0.745445 0.0357744 0.721787 0.0257245 0.718608 0.0233565 0.742266
0 0.224732 0.792083 0.232711 0.764563 0.22121 0.754024 0.213231 0.781544
0 0.528462 0.755408 0.537897 0.739598 0.525547 0.716307 0.516113 0.732118
0 0.532 0.856647 0.535201 0.828014 0.521507 0.823176 0.518306 0.85181
0 0.0246191 0.919752 0.0270896 0.857071 -0.00483885 0.853094 -0.00730934 0.915775
0 0.739123 0.786754 0.742848 0.765898 0.72856 0.757832 0.724835 0.778688
0 0.206888 0.910756 0.211411 0.887605 0.199554 0.880284 0.195031 0.903435
0 0.121178 0.827528 0.123149 0.80579 0.110697 0.802223 0.108726 0.82396
0 0.0373001 0.698501 0.0393796 0.676435 0.0271467 0.672792 0.0250671 0.694857
0 0.0847983 0.728725 0.0913877 0.707467 0.082854 0.699107 0.0762646 0.720365
0 0.712683 0.792758 0.716234 0.772222 0.700986 0.763889 0.697435 0.784425
0 0.0598756 0.934954 0.077182 0.906275 0.0668422 0.886555 0.0495358 0.915234
0 0.219881 0.920647 0.226874 0.867557 0.213298 0.861905 0.206305 0.914996
0 0.058138 0.841898 0.0548045 0.805134 0.0231766 0.814198 0.0265101 0.850961
0 0.102537 0.975573 0.117273 0.949706 0.109627 0.935939 0.0948906 0.961807
0 0.0800656 0.711934 0.0900399 0.692252 0.0824679 0.680124 0.0724936 0.699807
0 0.630396 0.955752 0.635609 0.925274 0.621761 0.917789 0.616548 0.948266
0 0.0408202 0.966439 0.0576115 0.932325 0.0452146 0.91304 0.0284233 0.947155
0 0.220869 0.807487 0.225581 0.78789 0.216941 0.781323 0.212228 0.80092
0 0.585802 0.876855 0.594546 0.854214 0.583081 0.84022 0.574337 0.862861
0 0.112903 0.872364 0.114015 0.8499 0.0976811 0.847344 0.0965687 0.869807
0 0.186842 1.00584 0.187328 0.987216 0.170651 0.985839 0.170164 1.00447
0 0.0332059 0.992249 0.0490443 0.961673 0.039059 0.945326 0.0232206 0.975902
0 0.502111 0.784904 0.519186 0.757634 0.506402 0.732333 0.489326 0.759603
0 0.131916 0.980306 0.140712 0.954268 0.13055 0.943418 0.121753 0.969457
0 0.0512824 0.548576 0.0613706 0.527242 0.0537202 0.515809 0.0436321 0.537143
0 0.0574817 0.619104 0.0582022 0.59845 0.0403316 0.59648 0.0396111 0.617134
0 0.25615 0.815332 0.258926 0.795067 0.248795 0.790681 0.246019 0.810947
0 0.563238 0.79389 0.569944 0.776414 0.557124 0.760866 0.550418 0.778342
0 0.754517 0.723104 0.756366 0.693705 0.738148 0.690084 0.736299 0.719483
0 0.186293 0.984257 0.188039 0.945589 0.172245 0.943335 0.170498 0.982002
0 0.0751055 0.76188 0.0756671 0.742249 0.0633268 0.741134 0.0627652 0.760764
0 0.571134 0.950172 0.587978 0.925452 0.567934 0.882287 0.55109 0.907007
0 0.155569 0.974158 0.160193 0.951557 0.14906 0.944359 0.144436 0.96696
0 0.562882 0.805147 0.572894 0.795301 0.564174 0.767274 0.554162 0.777119
0 0.586933 0.771121 0.590375 0.751401 0.577069 0.744061 0.573627 0.76378
0 0.171465 0.87994 0.172441 0.864462 0.161102 0.862202 0.160126 0.87768
0 0.493881 0.882001 0.496316 0.86131 0.483195 0.85643 0.48076 0.877121
0 0.548747 0.843843 0.549599 0.820501 0.535143 0.818834 0.534292 0.842176
0 0.147955 0.512401 0.150651 0.484293 0.132895 0.478911 0.1302 0.507019
0 0.108348 0.83826 0.112708 0.820076 0.103655 0.813215 0.0992948 0.831399
0 0.553531 0.915262 0.557176 0.892243 0.541812 0.884554 0.538167 0.907574
0 0.0201341 0.699375 0.0217011 0.679686 0.00941209 0.676595 0.00784507 0.696284
0 0.212799 0.29585 0.233652 0.27497 0.207447 0.192259 0.186595 0.213138
0 0.183568 0.893275 0.184499 0.874459 0.17197 0.872499 0.171038 0.891315
0 0.206444 0.889978 0.211231 0.867193 0.199338 0.859295 0.19455 0.88208
0 0.127185 0.949092 0.141111 0.931445 0.133521 0.912513 0.119594 0.93016
0 0.0179574 1.00716 0.0176947 0.985173 0.00178548 0.985774 0.00204817 1.00776
0 0.108804 0.331793 0.121982 0.300917 0.102689 0.274892 0.0895111 0.305768
0 0.127281 0.873808 0.129061 0.852197 0.114414 0.848385 0.112634 0.869995
0 0.036299 0.938321 0.0542807 0.912824 0.0464856 0.895449 0.0285039 0.920945
0 0.110619 0.808682 0.120438 0.79021 0.112871 0.777499 0.103053 0.79597
0 0.109042 0.814972 0.117883 0.795522 0.110429 0.784813 0.101588 0.804263
0 0.556073 0.829443 0.555044 0.796295 0.533955 0.798363 0.534983 0.831512
0 0.00549281 0.746418 0.0148581 0.718584 0.00493378 0.708031 -0.00443148 0.735864
0 0.203709 0.829874 0.205289 0.807661 0.192766 0.804845 0.191186 0.827059
0 0.0251397 0.836858 0.0643968 0.791068 0.0504495 0.753276 0.0111924 0.799066
0 0.070019 0.69883 0.0759781 0.683316 0.0681476 0.673811 0.0621886 0.689325
0 0.0995181 0.589425 0.105699 0.567233 0.0961436 0.558823 0.0899629 0.581015
0 0.0659007 0.580491 0.0681958 0.56386 0.0582743 0.559533 0.0559792 0.576164
0 0.132037 0.833074 0.133661 0.810974 0.120221 0.807853 0.118597 0.829953
0 0.0279788 0.973435 0.0362851 0.948148 0.0277019 0.939237 0.0193955 0.964524
0 0.00940757 0.803708 0.0127716 0.77611 -0.00156643 0.770587 -0.00493045 0.798185
0 0.027217 0.736148 0.0304292 0.711879 0.0169156 0.706226 0.0137034 0.730494
0 0.0615757 0.705868 0.0640714 0.686328 0.0513745 0.681203 0.0488788 0.700743
0 0.690796 0.605788 0.690747 0.585593 0.677277 0.585696 0.677326 0.605891
0 0.0114662 0.760049 0.0219089 0.741099 0.0135039 0.72646 0.0030612 0.745409
0 0.263928 0.759258 0.265962 0.73545 0.252269 0.731753 0.250235 0.755561
0 0.720963 0.775281 0.723934 0.752114 0.709846 0.746404 0.706875 0.769571
0 0.597639 0.830469 0.598939 0.801568 0.585043 0.799592 0.583742 0.828493
0 0.0988565 0.696431 0.10431 0.67446 0.0941831 0.666516 0.0887295 0.688486
0 0.221788 0.952525 0.236266 0.921235 0.224002 0.903299 0.209523 0.934589
0 0.110886 0.591607 0.118083 0.564852 0.108531 0.556731 0.101334 0.583486
0 0.219658 1.00285 0.22253 0.969229 0.200293 0.963226 0.197421 0.996848
0 0.382565 0.899644 0.387165 0.87426 0.374175 0.866821 0.369575 0.892204
0 0.162522 0.996792 0.17032 0.968854 0.159723 0.959505 0.151924 0.987443
0 0.100776 0.717716 0.104181 0.696834 0.0928688 0.691005 0.0894643 0.711887
0 0.204604 1.00324 0.204043 0.983247 0.188176 0.984654 0.188737 1.00465
0 0.0612511 0.647972 0.062798 0.627579 0.0520577 0.625004 0.0505109 0.645398
0 0.170346 0.956569 0.175432 0.931659 0.161843 0.92289 0.156757 0.947801
0 0.509387 0.796954 0.514774 0.774586 0.501673 0.764613 0.496286 0.786981
0 0.608869 0.805789 0.613062 0.789961 0.600984 0.77985 0.596791 0.795678
0 0.388697 0.882985 0.395456 0.853999 0.383975 0.845537 0.377216 0.874524
0 0.510295 0.828416 0.512715 0.810109 0.501771 0.805538 0.499352 0.823844
0 0.284091 0.814902 0.294425 0.789999 0.284237 0.776637 0.273903 0.801541
0 0.0754217 0.81932 0.0823352 0.774142 0.0585844 0.762655 0.0516709 0.807832
0 0.597157 0.749681 0.60025 0.729196 0.589947 0.724279 0.586854 0.744764
0 0.587576 0.784615 0.588785 0.76979 0.577824 0.766966 0.576615 0.781791
0 0.125093 0.543778 0.12942 0.518745 0.108031 0.507061 0.103704 0.532094
0 0.169872 0.891332 0.170607 0.873749 0.15874 0.872182 0.158005 0.889765
0 0.697045 0.79013 0.701724 0.763957 0.691198 0.758008 0.686518 0.784182
0 0.642708 0.925874 0.645141 0.890585 0.622632 0.885679 0.620198 0.920969
0 0.378232 0.880094 0.384094 0.848373 0.367299 0.838564 0.361436 0.870284
0 0.704583 0.770157 0.711026 0.749504 0.702124 0.740728 0.695682 0.761382
0 0.0805064 0.973851 0.0936128 0.944724 0.084048 0.931121 0.0709416 0.960248
0 0.817813 0.69982 0.818289 0.662072 0.799778 0.661334 0.799302 0.699083
0 0.624585 0.793064 0.629776 0.768114 0.615903 0.758991 0.610712 0.783941
0 0.490341 0.765749 0.497289 0.741845 0.486192 0.731651 0.479244 0.755555
0 0.182964 0.117507 0.210689 0.091301 0.18598 0.00868049 0.158255 0.0348864
0 1.00109 0.801176 1.00274 0.75316 0.968961 0.749486 0.967308 0.797501
0 0.546421 0.869672 0.548122 0.839746 0.534358 0.837275 0.532658 0.867201
0 0.0590118 0.853173 0.0708249 0.834264 0.0633317 0.819469 0.0515185 0.838378
0 0.241551 0.814961 0.243632 0.789787 0.228992 0.785961 0.226911 0.811135
0 0.100532 0.129087 0.103708 0.00908462 0.040027 0.00375823 0.0368511 0.123761
0 0.265993 0.891697 0.274864 0.865856 0.265026 0.855182 0.256155 0.881023
0 0.0600532 0.595295 0.0616961 0.57647 0.0502061 0.573301 0.0485632 0.592126
0 0.1688 0.973054 0.174149 0.949821 0.163484 0.942061 0.158136 0.965294
0 0.28096 0.841038 0.286059 0.813256 0.272167 0.805198 0.267068 0.83298
0 0.124549 0.789215 0.130236 0.76881 0.120492 0.760228 0.114805 0.780633
0 0.0839552 0.807562 0.0955601 0.790239 0.0891668 0.776703 0.0775619 0.794027
0 0.0826414 0.683711 0.0920112 0.660703 0.0806635 0.646098 0.0712938 0.669106
0 0.486972 0.785369 0.490997 0.76839 0.479579 0.759835 0.475554 0.776815
0 0.721648 0.753077 0.723479 0.726897 0.708963 0.723689 0.707133 0.749869
0 0.57419 0.737956 0.575513 0.720243 0.565218 0.717812 0.563894 0.735525
0 0.031465 0.588277 0.0421671 0.570509 0.0355541 0.55792 0.0248521 0.575688
0 0.140134 0.998468 0.148186 0.972484 0.138209 0.962713 0.130157 0.988697
0 0.201093 0.985893 0.203689 0.953854 0.188537 0.949974 0.185941 0.982012
0 0.0207479 0.656025 0.0246301 0.637592 0.0131677 0.629962 0.00928543 0.648394
0 0.569956 0.814162 0.577059 0.799506 0.564116 0.77968 0.557013 0.794337
0 0.203081 0.974748 0.216753 0.95028 0.207454 0.933858 0.193782 0.958326
0 0.0629592 0.742667 0.0648359 0.727703 0.0479484 0.721009 0.0460717 0.735974
0 0.165085 0.934801 0.168497 0.913421 0.154105 0.90616 0.150692 0.92754
0 0.137733 0.882879 0.140475 0.862401 0.129446 0.857733 0.126704 0.878212
0 0.0743717 0.833982 0.0835211 0.80509 0.0678345 0.78939 0.0586851 0.818283
0 0.986921 0.735609 0.989657 0.706784 0.969065 0.700605 0.966329 0.729431
0 0.524409 0.792326 0.529816 0.769826 0.520242 0.762554 0.514835 0.785053
0 0.196129 0.877036 0.19847 0.861342 0.189927 0.857315 0.187586 0.873009
0 0.199092 0.806695 0.201127 0.785058 0.189163 0.781501 0.187128 0.803138
0 0.481564 0.767963 0.486117 0.735503 0.474305 0.730268 0.469753 0.762727
0 0.133795 0.74837 0.140834 0.720624 0.119121 0.703214 0.112082 0.73096
0 0.70893 0.804632 0.710719 0.78391 0.696422 0.780009 0.694633 0.800731
0 0.0455624 0.591434 0.0519345 0.571953 0.0434068 0.563137 0.0370347 0.582618
0 0.655378 0.372634 0.655771 0.349762 0.640196 0.348916 0.639803 0.371788
0 0.526477 0.858984 0.530077 0.831166 0.516945 0.825795 0.513345 0.853613
0 0.387674 0.906286 0.412852 0.885217 0.405359 0.856918 0.380181 0.877986
0 0.0712153 0.627955 0.0721005 0.613704 0.0636173 0.612039 0.0627322 0.62629
0 0.104865 0.998987 0.112278 0.976625 0.100977 0.964785 0.0935635 0.987147
0 0.195636 0.78687 0.197109 0.762988 0.182198 0.760081 0.180725 0.783963
0 0.474425 0.627868 0.467627 0.58089 0.446696 0.590463 0.453494 0.637441
