0 0.984694 1.0778 1.02251 0.871859 0.817616 0.752955 0.779801 0.958896
0 0.484541 1.00034 0.4896 0.893287 0.423061 0.883347 0.418001 0.990398
0 0.54325 0.600118 0.541336 0.545539 0.512828 0.5487 0.514742 0.603278
0 0.602147 0.872227 0.606118 0.838534 0.587983 0.831779 0.584012 0.865471
0 0.389429 0.949974 0.41507 0.899867 0.397769 0.871886 0.372128 0.921993
0 0.491763 0.9181 0.49581 0.866786 0.460764 0.858049 0.456716 0.909363
0 0.43085 0.909197 0.437539 0.839956 0.410677 0.831755 0.403988 0.900996
0 0.424411 0.946423 0.428578 0.907329 0.405961 0.899709 0.401793 0.938803
0 0.577354 0.997624 0.565258 0.923877 0.516732 0.949033 0.528829 1.02278
0 0.566532 0.900746 0.569175 0.857492 0.545934 0.853003 0.543291 0.896256
0 0.0405359 0.84226 0.0425891 0.799285 0.0223033 0.796222 0.02025 0.839197
0 0.401812 0.895397 0.403265 0.846406 0.376562 0.843903 0.375109 0.892895
0 0.494795 0.875002 0.502906 0.841032 0.487397 0.829328 0.479286 0.863298
0 0.0974565 0.926186 0.111903 0.891014 0.0961163 0.87052 0.0816694 0.905692
0 0.585694 0.879054 0.592479 0.856381 0.577353 0.842076 0.570569 0.864748
0 0.189371 0.598542 0.182772 0.546261 0.143382 0.561973 0.149981 0.614255
0 0.0260503 0.830036 0.0271249 0.78044 -0.000665519 0.778537 -0.00174009 0.828133
0 0.157079 0.794864 0.159765 0.769319 0.140475 0.762909 0.137789 0.788454
0 0.143331 1.01456 0.191749 0.996314 0.186592 0.953061 0.138175 0.971305
0 0.19113 0.750559 0.192999 0.721562 0.168315 0.716533 0.166446 0.74553
0 0.0618709 0.857556 0.0610715 0.822549 0.039185 0.824129 0.0399843 0.859136
0 0.294826 0.979804 0.29717 0.951327 0.275444 0.945673 0.2731 0.97415
0 0.521487 0.812232 0.527741 0.787395 0.510126 0.773376 0.503871 0.798213
0 0.0309585 0.89216 0.0330225 0.864599 0.0120355 0.859632 0.0099715 0.887193
0 0.173064 0.785625 0.175126 0.759494 0.159993 0.75572 0.157931 0.781851
0 0.61252 0.858234 0.615241 0.836041 0.602274 0.831016 0.599553 0.853209
0 0.216145 1.01211 0.223883 0.974813 0.203927 0.961729 0.19619 0.999027
0 0.415639 0.84726 0.412403 0.818491 0.386941 0.827544 0.390178 0.856313
0 0.189556 0.974486 0.208782 0.839236 0.148618 0.812206 0.129391 0.947456
0 0.432288 0.976742 0.434786 0.932576 0.411737 0.928457 0.409239 0.972623
0 0.508126 0.943385 0.510806 0.904527 0.488041 0.899563 0.48536 0.938422
0 0.119827 0.926582 0.120345 0.896994 0.102485 0.896006 0.101967 0.925595
0 0.17523 0.632502 0.177832 0.606936 0.163676 0.602384 0.161074 0.627949
0 0.59692 0.748726 0.599008 0.718364 0.582219 0.714714 0.580131 0.745076
0 0.0418658 0.883857 0.0460924 0.85183 0.0318472 0.845889 0.0276206 0.877915
0 0.795779 1.04617 0.844233 0.959809 0.758996 0.808666 0.710542 0.895029
0 0.0946434 0.715073 0.108367 0.676306 0.0786486 0.643058 0.0649253 0.681824
0 0.690216 0.648888 0.684043 0.607207 0.654229 0.621162 0.660402 0.662843
0 0.521942 0.708021 0.518505 0.681559 0.497906 0.690014 0.501342 0.716476
0 0.207338 0.74951 0.208341 0.718078 0.191756 0.716405 0.190753 0.747837
0 0.38118 0.918239 0.383411 0.87769 0.363364 0.874203 0.361132 0.914752
0 0.380174 0.96972 0.385924 0.919961 0.357244 0.909487 0.351494 0.959246
0 0.498076 0.838596 0.509652 0.806072 0.498672 0.793721 0.487097 0.826245
0 0.248507 0.972842 0.253864 0.952774 0.24238 0.943083 0.237022 0.963152
0 0.187858 0.770605 0.190376 0.749571 0.17768 0.744769 0.175163 0.765804
0 0.189309 0.703317 0.191522 0.681321 0.179671 0.677553 0.177458 0.699549
0 0.493889 0.69162 0.503089 0.662764 0.49218 0.65177 0.482979 0.680627
0 0.537515 0.687084 0.538812 0.660027 0.521163 0.657351 0.519866 0.684408
0 0.2421 1.00507 0.242927 0.981231 0.225567 0.979329 0.22474 1.00317
0 0.669379 0.608313 0.676338 0.567487 0.64956 0.55306 0.6426 0.593886
0 0.513858 0.899958 0.521175 0.843584 0.500573 0.835133 0.493256 0.891507
0 0.367981 0.730859 0.377648 0.68492 0.359128 0.672604 0.349462 0.718543
0 0.241896 0.939836 0.249929 0.921408 0.24058 0.908527 0.232547 0.926955
0 0.634894 1.00258 0.638986 0.969557 0.621734 0.962801 0.617642 0.995829
0 0.311534 0.95637 0.312248 0.930083 0.292764 0.928411 0.292051 0.954698
0 0.533089 0.878421 0.533975 0.8487 0.518802 0.847271 0.517916 0.876992
0 0.521483 0.948606 0.527792 0.916623 0.508323 0.904486 0.502014 0.936469
0 0.232606 0.99162 0.244915 0.957694 0.230854 0.94157 0.218545 0.975496
0 0.0796458 0.839618 0.081914 0.793268 0.0568373 0.78939 0.0545691 0.835739
0 0.275928 0.995981 0.280612 0.972823 0.268347 0.964984 0.263664 0.988142
0 0.508996 0.781808 0.51165 0.760277 0.497574 0.754793 0.494919 0.776324
0 0.427507 0.798199 0.426934 0.754083 0.402867 0.755071 0.403439 0.799186
0 0.135901 0.823864 0.148009 0.79206 0.132826 0.773791 0.120717 0.805595
0 0.58471 0.894342 0.584628 0.869809 0.568935 0.869974 0.569017 0.894507
0 0.403621 0.96771 0.414174 0.930852 0.39619 0.914579 0.385637 0.951437
0 0.604782 1.02531 0.623198 0.958369 0.576954 0.918163 0.558538 0.985107
0 0.136839 0.444804 0.14925 0.378081 0.0996235 0.348908 0.0872132 0.415631
0 0.500576 0.828024 0.510953 0.796813 0.499969 0.785273 0.489593 0.816484
0 0.60367 0.888622 0.601882 0.864877 0.584128 0.869103 0.585917 0.892847
0 0.0104682 0.900632 0.0120848 0.873363 -0.00132019 0.870851 -0.00293681 0.898121
0 0.475282 0.548615 0.474597 0.511851 0.454429 0.513039 0.455114 0.549803
0 0.19489 0.619776 0.202012 0.598339 0.192584 0.58844 0.185462 0.609878
0 0.0309461 0.87046 0.0276747 0.829482 -0.0045955 0.837624 -0.00132416 0.878602
0 0.464347 0.826067 0.462033 0.789442 0.43923 0.793997 0.441544 0.830622
0 0.267023 1.0043 0.269417 0.9759 0.244439 0.969248 0.242046 0.997649
0 0.532908 0.860728 0.540234 0.848908 0.526981 0.822948 0.519656 0.834768
0 0.511009 0.840701 0.517449 0.817333 0.50692 0.808161 0.500479 0.831529
0 0.232489 0.944471 0.237009 0.916672 0.217942 0.906874 0.213422 0.934674
0 0.353862 0.9274 0.357134 0.901411 0.341784 0.895303 0.338512 0.921293
0 0.619544 0.880672 0.622104 0.857217 0.607446 0.852161 0.604886 0.875616
0 0.750877 0.679794 0.752205 0.638212 0.729399 0.63591 0.728071 0.677492
0 0.424715 0.996028 0.425982 0.974185 0.404665 0.970278 0.403398 0.992122
0 0.48848 1.00925 0.489874 0.973619 0.463513 0.970361 0.46212 1.006
0 0.500778 0.792656 0.503536 0.772198 0.493268 0.767823 0.49051 0.788281
0 0.289919 0.997299 0.306463 0.976146 0.299293 0.958423 0.282749 0.979577
0 0.177011 0.765407 0.179614 0.745181 0.163664 0.738693 0.161061 0.75892
0 0.526463 0.987146 0.535048 0.940039 0.51858 0.930554 0.509996 0.977661
0 0.0813213 0.876617 0.080669 0.834923 0.0532983 0.836277 0.0539506 0.87797
0 0.0563181 0.915059 0.0670135 0.889313 0.053517 0.871593 0.0428217 0.897339
0 0.166606 0.705233 0.173965 0.68511 0.163645 0.673183 0.156286 0.693307
0 0.205594 0.722388 0.221824 0.685507 0.209303 0.668092 0.193073 0.704973
0 0.578647 0.94012 0.585019 0.897872 0.566567 0.889077 0.560195 0.931325
0 0.647606 0.875313 0.652319 0.85289 0.627171 0.836188 0.622459 0.85861
0 0.518037 0.75901 0.522532 0.735796 0.509235 0.727659 0.50474 0.750872
0 0.0198199 0.791511 0.0222825 0.752358 -0.000594484 0.74781 -0.00305705 0.786964
0 0.106164 0.858015 0.104803 0.808744 0.0751338 0.811335 0.0764951 0.860606
0 0.528355 0.740487 0.53078 0.717267 0.516409 0.712525 0.513984 0.735744
0 0.401961 0.990341 0.415412 0.963741 0.405357 0.94767 0.391905 0.97427
0 0.59607 0.946839 0.611543 0.922495 0.592858 0.884957 0.577384 0.909301
0 0.444337 0.768324 0.446963 0.72991 0.425845 0.725348 0.423219 0.763762
0 0.143072 0.748616 0.153202 0.734503 0.146697 0.719746 0.136567 0.733859
0 0.524318 0.836286 0.530013 0.821401 0.519819 0.809074 0.514124 0.823959
0 0.160767 0.809457 0.161982 0.790497 0.147136 0.787488 0.14592 0.806448
0 0.32484 0.946297 0.334567 0.915495 0.323282 0.904231 0.313555 0.935034
0 0.284219 0.808427 0.292738 0.787625 0.282576 0.774473 0.274057 0.795274
0 0.649984 0.904702 0.649713 0.88003 0.635422 0.880526 0.635693 0.905198
0 0.544031 0.943373 0.553013 0.915959 0.541273 0.903801 0.532291 0.931216
0 0.17256 0.721241 0.178609 0.700259 0.167488 0.690126 0.161439 0.711108
0 0.0345636 0.86582 0.0333915 0.832625 0.0122381 0.834986 0.0134102 0.868181
0 0.282318 1.00957 0.29503 0.988991 0.286584 0.972504 0.273872 0.993086
0 0.1066 0.859358 0.135683 0.837457 0.127964 0.805057 0.0988804 0.826958
0 0.365753 0.997428 0.391632 0.978243 0.385742 0.953137 0.359864 0.972322
0 0.150401 0.745001 0.16692 0.725563 0.160822 0.709185 0.144304 0.728623
0 0.587926 0.848401 0.590923 0.823542 0.579318 0.81912 0.57632 0.843979
0 0.638241 0.891743 0.642761 0.86513 0.623635 0.854864 0.619116 0.881477
0 0.0452181 0.937072 0.0706224 0.920081 0.0655334 0.896033 0.0401291 0.913023
0 0.145422 0.834989 0.156447 0.81145 0.146696 0.797015 0.135671 0.820554
0 0.51185 0.687289 0.516172 0.666032 0.503976 0.658195 0.499654 0.679451
0 0.647902 0.627056 0.656552 0.593544 0.634639 0.575667 0.625989 0.60918
0 0.0492167 0.820226 0.0534981 0.79813 0.0408831 0.790405 0.0366017 0.812501
0 0.320106 0.98567 0.325524 0.964225 0.315497 0.956219 0.310079 0.977663
0 0.0550014 0.894028 0.0589143 0.865103 0.0414696 0.857645 0.0375568 0.88657
0 0.00552305 0.636633 0.0173439 0.610752 0.00860632 0.598139 -0.00321458 0.62402
0 0.156639 0.874049 0.157562 0.847114 0.141336 0.845357 0.140413 0.872292
0 0.528262 0.781701 0.5289 0.758447 0.515229 0.757262 0.514592 0.780517
0 0.313662 0.96934 0.316803 0.948769 0.305532 0.943331 0.302391 0.963903
0 0.183301 0.721611 0.184782 0.702764 0.174321 0.700166 0.17284 0.719013
0 0.680653 0.847915 0.673345 0.802453 0.6434 0.817667 0.650708 0.863129
0 0.526531 0.76395 0.527663 0.744385 0.515842 0.742224 0.51471 0.761789
0 0.529167 0.69506 0.53105 0.676183 0.516635 0.671639 0.514753 0.690516
0 0.495551 0.727638 0.496594 0.706028 0.484944 0.704253 0.483902 0.725862
0 0.108038 0.335401 0.125244 0.306192 0.105498 0.269428 0.0882911 0.298637
0 0.550025 0.741678 0.551315 0.724605 0.540188 0.721949 0.538899 0.739022
0 0.0803918 0.798854 0.0785138 0.751363 0.0415706 0.75598 0.0434486 0.803471
0 0.217061 0.969841 0.225491 0.946983 0.21782 0.938041 0.209389 0.960899
0 0.285831 0.999961 0.286918 0.97829 0.270735 0.975725 0.269649 0.997396
0 0.26036 0.924019 0.265156 0.903553 0.256724 0.897308 0.251927 0.917773
0 0.19576 0.727807 0.200087 0.706739 0.188079 0.698944 0.183752 0.720011
0 0.682036 0.839853 0.693987 0.809223 0.663423 0.771531 0.651471 0.802162
0 0.162739 0.828992 0.163904 0.810805 0.153627 0.808725 0.152462 0.826912
0 0.27545 0.886593 0.279857 0.860246 0.268965 0.854488 0.264558 0.880835
0 0.310709 0.931914 0.312133 0.90758 0.296855 0.904754 0.295431 0.929088
0 0.577289 0.764339 0.580892 0.735821 0.568498 0.730872 0.564895 0.75939
0 0.296201 1.01165 0.305452 0.992701 0.296125 0.978311 0.286874 0.997261
0 0.603606 0.631248 0.603439 0.611092 0.589987 0.611445 0.590155 0.6316
0 0.177391 0.802434 0.17772 0.781573 0.164344 0.780906 0.164015 0.801767
0 0.152662 0.990748 0.153258 0.9302 0.118921 0.929131 0.118325 0.989679
0 0.544811 0.649845 0.560119 0.628751 0.543115 0.58975 0.527807 0.610844
0 0.114588 0.835758 0.138804 0.804795 0.126827 0.77519 0.102611 0.806152
0 0.636081 0.932998 0.638943 0.898751 0.619728 0.893674 0.616865 0.927921
0 0.114733 0.905712 0.127414 0.877463 0.116774 0.862367 0.104093 0.890616
0 1.00538 0.607409 1.00605 0.560007 0.98449 0.559039 0.983816 0.606441
0 0.512784 0.968744 0.516371 0.939887 0.501921 0.934211 0.498335 0.963068
0 0.474428 0.421373 0.474556 0.381947 0.443936 0.381631 0.443808 0.421058
0 0.489357 0.829672 0.491296 0.808387 0.479188 0.804902 0.47725 0.826187
0 0.564166 0.736146 0.564656 0.714828 0.551764 0.713892 0.551274 0.73521
0 0.400745 0.420703 0.405528 0.357119 0.372502 0.349268 0.367719 0.412852
0 0.259286 0.655455 0.260441 0.632983 0.246636 0.630741 0.245481 0.653213
0 0.271751 0.841075 0.273502 0.821245 0.263765 0.818529 0.262014 0.838358
0 0.0373095 0.678646 0.0383108 0.65955 0.0259921 0.657508 0.0249907 0.676604
0 0.542211 0.892687 0.547307 0.861414 0.535904 0.855542 0.530809 0.886816
0 0.426996 0.830081 0.428239 0.792025 0.407201 0.789853 0.405958 0.827909
0 0.656833 0.109688 0.668792 0.0471049 0.648836 0.0350528 0.636877 0.0976357
0 0.540999 0.833138 0.547989 0.817677 0.535645 0.800041 0.528655 0.815502
0 0.731405 1.00085 0.740966 0.920833 0.704048 0.906893 0.694487 0.986911
0 0.297353 0.892802 0.298486 0.8711 0.288679 0.869482 0.287547 0.891185
0 0.0771753 0.917139 0.0932998 0.888878 0.0846069 0.873202 0.0684824 0.901463
0 0.199384 0.697313 0.202325 0.675299 0.191603 0.670772 0.188662 0.692786
0 0.614337 0.879361 0.616969 0.856347 0.603235 0.851382 0.600603 0.874396
0 0.416745 0.751376 0.418769 0.726127 0.404396 0.722486 0.402372 0.747734
0 0.572036 0.878762 0.575912 0.856696 0.563763 0.849952 0.559888 0.872018
0 0.263668 0.961586 0.26537 0.942246 0.253133 0.938842 0.251431 0.958183
0 0.293454 0.925661 0.296664 0.90625 0.287734 0.901583 0.284523 0.920993
0 0.59553 0.666789 0.59785 0.632048 0.584751 0.629284 0.582431 0.664025
0 0.189092 0.82676 0.190086 0.810382 0.179337 0.808319 0.178342 0.824697
0 0.153497 0.737405 0.163565 0.715769 0.154243 0.702061 0.144176 0.723696
