0 0.503804 0.96727 0.518774 0.869205 0.45596 0.8389 0.44099 0.936965
0 0.9868 1.07651 1.02288 0.866455 0.809526 0.750653 0.773451 0.960712
0 0.545372 0.584503 0.550382 0.536615 0.520925 0.526875 0.515915 0.574764
0 0.41955 0.92172 0.440421 0.866233 0.421055 0.843211 0.400184 0.898698
0 0.511842 0.879132 0.519028 0.83963 0.486252 0.820785 0.479066 0.860288
0 0.0819026 0.861459 0.0806446 0.828778 0.058585 0.831462 0.059843 0.864143
0 0.519301 0.83682 0.523628 0.801333 0.507975 0.7953 0.503647 0.830788
0 0.42309 0.872337 0.430242 0.827318 0.403723 0.814003 0.396571 0.859023
0 0.449855 0.914964 0.455727 0.877002 0.433517 0.866144 0.427645 0.904107
0 0.519446 0.801766 0.528866 0.766065 0.517716 0.756767 0.508296 0.792468
0 0.200651 0.9725 0.239981 0.846178 0.193312 0.800255 0.153982 0.926578
0 0.128214 0.924262 0.136366 0.885025 0.116912 0.872251 0.10876 0.911488
0 0.184877 0.725394 0.186522 0.703538 0.172813 0.700278 0.171168 0.722134
0 0.584774 0.856497 0.586627 0.816814 0.564008 0.813474 0.562154 0.853157
0 0.189189 0.784026 0.191461 0.758995 0.177406 0.754964 0.175135 0.779996
0 0.605614 0.976365 0.592799 0.880458 0.545573 0.900401 0.558388 0.996308
0 0.393266 0.999772 0.405955 0.972184 0.395978 0.957683 0.38329 0.985271
0 0.453701 0.948018 0.465543 0.90515 0.446179 0.888243 0.434337 0.931111
0 0.287528 1 0.289435 0.975076 0.273397 0.971198 0.27149 0.996123
0 0.0521018 0.899792 0.0533536 0.875443 0.0299678 0.871643 0.0287161 0.895992
0 0.175004 0.794837 0.179829 0.769683 0.162923 0.759435 0.158098 0.784589
0 0.669438 0.577079 0.675088 0.535855 0.65008 0.525024 0.644431 0.566248
0 0.250225 0.984949 0.250451 0.959123 0.232659 0.958632 0.232433 0.984458
0 0.177507 1.0213 0.224172 0.99432 0.214591 0.941948 0.167926 0.968927
0 0.208719 0.751585 0.211119 0.721411 0.1928 0.716806 0.1904 0.74698
0 1.00082 0.606517 1.00342 0.557565 0.950538 0.548661 0.94793 0.597613
0 0.0516807 0.855286 0.0605139 0.82002 0.0397858 0.803611 0.0309526 0.838877
0 0.601667 0.829891 0.604036 0.80531 0.590712 0.801251 0.588343 0.825832
0 0.800391 0.393892 0.803211 0.337718 0.771832 0.332741 0.769013 0.388914
0 0.189714 0.704411 0.189092 0.681402 0.171364 0.682917 0.171986 0.705925
0 0.916931 0.785358 0.925744 0.763353 0.904784 0.736824 0.895972 0.758829
0 0.1063 0.719469 0.119219 0.678185 0.0876642 0.646975 0.0747448 0.688259
0 0.0956687 0.846649 0.100702 0.80139 0.0779776 0.793404 0.0729446 0.838662
0 0.550466 0.839658 0.554329 0.816555 0.540482 0.809238 0.536619 0.832341
0 0.223441 0.745196 0.225941 0.715376 0.209718 0.711078 0.207218 0.740898
0 0.20208 0.721341 0.2043 0.700193 0.189093 0.695147 0.186873 0.716295
0 0.522133 0.7494 0.525446 0.732732 0.513662 0.725329 0.510348 0.741996
0 0.264776 0.977441 0.269379 0.944802 0.253157 0.937572 0.248554 0.970211
0 0.691306 0.611559 0.687347 0.577203 0.658826 0.587592 0.662785 0.621947
0 0.534439 0.684221 0.533344 0.659209 0.512549 0.662086 0.513644 0.687099
0 0.304163 0.793704 0.3108 0.770167 0.301152 0.76157 0.294516 0.785107
0 0.274002 1.00011 0.274472 0.96679 0.255675 0.965951 0.255205 0.999266
0 0.898138 0.788513 0.907417 0.755687 0.886266 0.736791 0.876987 0.769618
0 0.197068 0.603819 0.192754 0.54722 0.151962 0.557047 0.156276 0.613645
0 0.459329 0.871807 0.456565 0.810598 0.426742 0.814855 0.429507 0.876063
0 0.161178 0.820045 0.166652 0.783164 0.148964 0.774866 0.14349 0.811748
0 0.259788 0.93215 0.263693 0.908125 0.245699 0.898884 0.241795 0.922908
0 0.546604 0.899702 0.548031 0.868871 0.529994 0.866232 0.528567 0.897063
0 0.482988 0.797428 0.48279 0.765679 0.459708 0.766134 0.459906 0.797883
0 0.207963 0.767783 0.209154 0.748049 0.196164 0.745571 0.194973 0.765305
0 0.270512 0.97062 0.272394 0.939024 0.255937 0.935925 0.254055 0.967521
0 0.547393 0.662525 0.548903 0.633927 0.531981 0.631103 0.530471 0.659701
0 0.209082 0.618307 0.210829 0.597487 0.197278 0.593893 0.195531 0.614713
0 0.461909 0.74296 0.463548 0.707715 0.44474 0.70495 0.443101 0.740195
0 0.414079 0.83919 0.438291 0.819477 0.431077 0.791475 0.406865 0.811187
0 0.553841 0.9936 0.561287 0.954477 0.54605 0.945312 0.538604 0.984435
0 0.195136 0.762613 0.196707 0.739639 0.183236 0.736728 0.181665 0.759702
0 0.59805 0.849395 0.601678 0.826449 0.589886 0.820557 0.586258 0.843504
0 0.334076 0.940822 0.341846 0.912668 0.327638 0.900275 0.319868 0.928429
0 0.782838 1.0439 0.836506 0.962802 0.756917 0.796342 0.703249 0.877441
0 0.552789 0.624961 0.567803 0.606297 0.552063 0.566275 0.537048 0.584939
0 0.146978 0.924844 0.146829 0.89493 0.12935 0.895206 0.129499 0.92512
0 0.300861 0.959514 0.300786 0.935371 0.283689 0.935538 0.283763 0.959682
0 0.478007 0.532006 0.480072 0.501411 0.46367 0.497913 0.461605 0.528507
0 0.44989 0.999447 0.443824 0.943536 0.407637 0.955945 0.413704 1.01186
0 0.532536 0.771182 0.537637 0.753548 0.524355 0.741403 0.519253 0.759037
0 0.529526 0.896844 0.531814 0.860097 0.512735 0.856343 0.510447 0.89309
0 0.08211 0.896765 0.0838391 0.870426 0.0647138 0.866458 0.0629847 0.892797
0 0.602029 0.807104 0.603677 0.78732 0.592091 0.784269 0.590443 0.804053
0 0.322166 0.974075 0.331439 0.951566 0.322294 0.93966 0.313021 0.962169
0 0.999753 0.569841 1.00507 0.544848 0.98341 0.530297 0.978097 0.55529
0 0.599836 0.888149 0.601643 0.84557 0.579427 0.84259 0.577619 0.885168
0 0.547096 0.859778 0.549243 0.841502 0.539087 0.837732 0.53694 0.856008
0 0.649701 0.597673 0.658045 0.57163 0.637629 0.550958 0.629285 0.577002
0 0.295337 0.977837 0.296394 0.95299 0.273095 0.949856 0.272037 0.974703
0 0.998045 0.742953 1.00068 0.70086 0.979435 0.696654 0.976798 0.738747
0 0.310337 0.987534 0.321584 0.966302 0.314092 0.953761 0.302846 0.974993
0 0.276179 0.71701 0.278757 0.692534 0.266508 0.688455 0.26393 0.712932
0 0.426304 0.936554 0.440146 0.905728 0.427106 0.887223 0.413265 0.91805
0 0.226177 0.716302 0.235603 0.676292 0.220286 0.664887 0.21086 0.704897
0 0.185509 0.632634 0.189064 0.606987 0.174256 0.6005 0.170701 0.626146
0 0.549406 0.938627 0.561163 0.898361 0.54638 0.884719 0.534623 0.924985
0 0.310571 0.971026 0.312171 0.950227 0.299693 0.947194 0.298093 0.967993
0 0.102633 0.873076 0.0994443 0.842842 0.0737928 0.851393 0.0769819 0.881627
0 0.366136 0.934346 0.373949 0.915217 0.363979 0.902347 0.356166 0.921476
0 0.607386 0.608618 0.609058 0.583261 0.596609 0.580666 0.594937 0.606024
0 0.535005 0.856037 0.540374 0.812205 0.521285 0.804815 0.515916 0.848647
0 0.506038 0.669562 0.514818 0.639975 0.503617 0.629469 0.494837 0.659056
0 0.01931 0.849747 0.0191658 0.823694 0.000122929 0.824027 0.000267134 0.850081
0 0.624914 0.811434 0.627666 0.79331 0.616044 0.787734 0.613293 0.805859
0 0.452443 0.764122 0.44561 0.727347 0.419261 0.742821 0.426094 0.779596
0 0.173094 0.741667 0.17535 0.722386 0.164385 0.718332 0.162129 0.737613
0 0.430975 0.95506 0.442816 0.928712 0.432279 0.913747 0.420439 0.940095
0 0.204233 0.699267 0.205472 0.678559 0.192003 0.676011 0.190764 0.696719
0 0.407901 0.942541 0.4174 0.900585 0.391049 0.881729 0.38155 0.923685
0 0.311602 1.00493 0.314425 0.983842 0.304082 0.979466 0.301259 1.00055
0 0.347449 0.965379 0.354815 0.945387 0.345883 0.934985 0.338516 0.954977
0 0.53317 0.730491 0.534456 0.701429 0.52074 0.699511 0.519454 0.728573
0 0.589298 0.726394 0.594327 0.70051 0.58203 0.692959 0.577001 0.718844
0 0.028237 0.917581 0.0298958 0.876612 -0.000949279 0.872665 -0.00260802 0.913634
0 0.0136609 0.715371 0.0252239 0.681124 0.0105178 0.665431 -0.00104519 0.699678
0 0.356093 0.915888 0.361359 0.887814 0.350007 0.881085 0.344742 0.909159
0 0.611918 0.821545 0.617323 0.797602 0.604756 0.788636 0.599351 0.812579
0 0.230227 0.976097 0.239157 0.947739 0.228625 0.937257 0.219695 0.965614
0 0.505988 0.994184 0.520239 0.938077 0.497182 0.919568 0.482931 0.975675
0 0.269789 0.925542 0.278018 0.905546 0.27 0.895118 0.261771 0.915114
0 0.196827 0.796902 0.196845 0.780254 0.184507 0.780211 0.184489 0.796859
0 0.0233934 0.850262 0.048071 0.812663 0.0325466 0.78046 0.00786897 0.81806
0 0.40631 0.892233 0.408677 0.854932 0.388505 0.850885 0.386137 0.888186
0 0.178373 0.807534 0.179896 0.789345 0.16643 0.78578 0.164907 0.803969
0 0.0333658 0.795199 0.0345191 0.769789 0.0106364 0.766364 0.0094832 0.791774
0 0.367455 1.00777 0.379644 0.977691 0.367422 0.962038 0.355233 0.992116
0 0.408673 0.995626 0.416421 0.965687 0.406501 0.957574 0.398753 0.987513
0 0.338947 0.891573 0.343889 0.874737 0.334818 0.866322 0.329876 0.883159
0 0.299335 0.874204 0.304794 0.850409 0.294065 0.842631 0.288607 0.866426
0 0.183636 0.750844 0.1861 0.730481 0.173744 0.725756 0.17128 0.746119
0 0.0808423 0.748294 0.0919183 0.709959 0.075483 0.694951 0.064407 0.733286
0 0.268632 0.429867 0.270766 0.354874 0.227991 0.351028 0.225857 0.426021
0 1.02159 0.876967 1.01567 0.750785 0.959747 0.759082 0.96567 0.885264
0 0.515753 0.631802 0.521797 0.611049 0.506933 0.59737 0.50089 0.618123
0 0.26321 0.907286 0.266493 0.88723 0.255264 0.881421 0.251981 0.901477
0 0.579313 0.882478 0.582926 0.856568 0.567057 0.849572 0.563443 0.875482
0 0.323814 0.958248 0.326467 0.932135 0.310348 0.92696 0.307695 0.953074
0 0.659232 0.823347 0.663093 0.801701 0.641558 0.789563 0.637697 0.81121
0 0.947797 0.796337 0.956574 0.762894 0.932114 0.742604 0.923336 0.776047
0 0.486909 0.399846 0.488618 0.373803 0.471716 0.370299 0.470008 0.396342
0 0.163135 0.744528 0.164593 0.728197 0.155007 0.725494 0.15355 0.741826
0 0.295235 0.923557 0.298387 0.905183 0.288009 0.899556 0.284857 0.917931
0 0.548113 0.813044 0.553667 0.800827 0.542015 0.784083 0.53646 0.7963
0 0.173973 0.764142 0.175549 0.745864 0.159681 0.741542 0.158106 0.75982
0 0.650481 0.837751 0.65456 0.818491 0.639514 0.808417 0.635434 0.827677
0 0.502502 0.815172 0.505178 0.795513 0.492882 0.790223 0.490206 0.809881
0 0.322334 0.998241 0.330089 0.976075 0.320485 0.965456 0.312731 0.987623
0 0.382494 0.899695 0.383562 0.875465 0.369092 0.87345 0.368024 0.89768
0 0.519868 0.999205 0.52906 0.968939 0.518406 0.958713 0.509214 0.988979
0 0.986765 0.703942 0.987452 0.679027 0.960256 0.676658 0.959569 0.701573
0 0.924532 0.835766 0.934065 0.799203 0.886545 0.760047 0.877013 0.796609
0 0.0135998 0.85313 0.0402841 0.815405 0.0243422 0.779766 -0.00234205 0.817491
0 0.978287 0.56318 0.983061 0.532543 0.953569 0.518018 0.948795 0.548655
0 0.93117 0.819036 0.942025 0.796538 0.921379 0.765055 0.910524 0.787554
0 0.534611 0.919459 0.536993 0.896011 0.525475 0.892314 0.523093 0.915762
0 0.197595 0.633648 0.200496 0.613861 0.190324 0.609148 0.187423 0.628935
0 0.360632 0.857638 0.364383 0.836054 0.355882 0.831384 0.352131 0.852969
0 0.607755 0.711407 0.608538 0.685707 0.593727 0.684281 0.592944 0.709981
0 0.982159 0.806689 0.978761 0.737672 0.949326 0.742252 0.952724 0.811269
0 1.00118 0.668181 1.00634 0.636758 0.990874 0.628725 0.985711 0.660148
0 0.327865 0.96912 0.337843 0.951229 0.329916 0.937258 0.319939 0.955149
0 0.619921 0.890539 0.625671 0.851973 0.604228 0.841869 0.598478 0.880434
0 0.649729 0.878686 0.652506 0.849122 0.635895 0.844191 0.633118 0.873756
0 0.321897 0.905266 0.323209 0.886154 0.313901 0.884133 0.312588 0.903245
0 0.358339 0.940087 0.361751 0.921459 0.351723 0.915654 0.348311 0.934282
0 0.00355005 0.669545 0.0145792 0.641294 0.00580639 0.63047 -0.00522274 0.65872
0 0.242544 0.945491 0.249091 0.921898 0.239803 0.913752 0.233256 0.937346
0 0.0966305 0.334463 0.114196 0.31751 0.100095 0.271337 0.0825297 0.28829
0 0.112444 0.926657 0.119247 0.900819 0.108696 0.892039 0.101893 0.917877
0 0.91966 0.759648 0.928692 0.736457 0.914302 0.718744 0.90527 0.741935
0 0.129076 0.856695 0.157419 0.831239 0.148793 0.800885 0.12045 0.826341
0 0.748711 0.637029 0.749492 0.599839 0.727786 0.598398 0.727005 0.635588
0 0.123509 0.863854 0.125659 0.820617 0.0968314 0.816087 0.0946819 0.859325
0 0.102314 0.916154 0.117587 0.887867 0.108771 0.872822 0.0934972 0.901108
0 0.064329 0.898301 0.0660574 0.875493 0.0536462 0.87252 0.0519179 0.895329
0 0.201158 0.129132 0.218046 0.119239 0.195115 -0.00448289 0.178227 0.00541003
0 0.48973 1.0119 0.489646 0.946426 0.439906 0.946627 0.43999 1.0121
0 0.536514 0.136943 0.539536 0.089377 0.503541 0.0821498 0.50052 0.129716
0 0.332475 0.912125 0.337328 0.888356 0.326221 0.881189 0.321368 0.904959
0 0.36286 0.890795 0.367164 0.873913 0.35792 0.866463 0.353615 0.883345
0 0.415062 0.956581 0.416583 0.927884 0.400443 0.92518 0.398922 0.953878
0 0.0715347 0.944868 0.0946049 0.921927 0.0871586 0.89826 0.0640884 0.921201
0 0.344231 0.947798 0.346786 0.929567 0.337723 0.925553 0.335168 0.943784
0 0.339536 0.977354 0.346568 0.962782 0.338394 0.950315 0.331362 0.964887
0 0.498198 0.783228 0.499391 0.762459 0.486769 0.760168 0.485576 0.780937
0 0.109166 0.820174 0.110363 0.797203 0.0950941 0.794689 0.0938971 0.81766
0 0.594561 0.741769 0.596038 0.720594 0.583618 0.717854 0.582141 0.739029
0 0.53243 0.793098 0.535428 0.772886 0.526113 0.76852 0.523116 0.788732
0 0.313405 0.42974 0.314526 0.407011 0.291479 0.403417 0.290358 0.426147
0 0.222952 0.952707 0.23067 0.929128 0.221138 0.919268 0.213421 0.942847
0 0.0522424 0.127422 0.0624056 -0.0120572 -0.0142215 -0.0297036 -0.0243846 0.109776
0 0.184519 0.827288 0.184993 0.811031 0.175866 0.81019 0.175393 0.826448
0 0.171742 0.725457 0.174077 0.706501 0.165154 0.703028 0.162819 0.721983
0 0.117699 0.675217 0.121516 0.657985 0.108432 0.648824 0.104615 0.666057
0 0.923192 0.62442 0.924475 0.5938 0.907227 0.591516 0.905944 0.622135
0 0.453467 0.822496 0.464052 0.777564 0.447222 0.765033 0.436637 0.809966
0 0.151136 0.790901 0.152902 0.770798 0.141727 0.767694 0.13996 0.787797
0 0.932839 0.728265 0.937388 0.708389 0.916968 0.693618 0.912419 0.713494
0 0.538611 0.711966 0.541799 0.689057 0.530003 0.683869 0.526815 0.706778
0 0.357266 0.418525 0.361926 0.395532 0.345922 0.385279 0.341261 0.408272
0 0.629016 0.598377 0.659147 0.524307 0.627299 0.48336 0.597167 0.55743
0 0.506797 0.799823 0.511365 0.777366 0.500917 0.77065 0.496349 0.793106
0 0.222954 0.816236 0.224287 0.797431 0.213919 0.795108 0.212586 0.813913
0 0.316996 0.890424 0.317282 0.871877 0.30664 0.871359 0.306354 0.889905
0 0.347211 0.898223 0.350745 0.881512 0.342934 0.876291 0.3394 0.893002
0 0.147161 0.899636 0.150004 0.871635 0.136019 0.867147 0.133176 0.895149
0 0.543562 0.804491 0.549134 0.792407 0.53856 0.776996 0.532988 0.78908
0 0.685857 0.804093 0.684065 0.765577 0.658843 0.769287 0.660635 0.807803
0 0.00546509 0.644774 0.0165995 0.621967 0.00881756 0.60996 -0.00231686 0.632767
0 0.517006 0.758889 0.520282 0.746205 0.509471 0.737383 0.506195 0.750067
0 0.0666889 0.885994 0.0677106 0.858408 0.0500617 0.856342 0.0490399 0.883928
0 0.367594 0.397982 0.370321 0.377668 0.351699 0.369766 0.348972 0.390079
0 0.615917 0.849958 0.619776 0.825357 0.606718 0.818884 0.602859 0.843485
0 0.631317 0.833118 0.635753 0.814668 0.623141 0.805085 0.618705 0.823535
0 0.197733 0.682482 0.198379 0.661384 0.184637 0.660055 0.183992 0.681153
0 0.414748 0.413768 0.417472 0.363563 0.390347 0.358913 0.387624 0.409119
0 0.61189 0.644771 0.616831 0.616088 0.602808 0.608453 0.597867 0.637136
0 0.243803 0.987847 0.245309 0.961675 0.231057 0.959083 0.229551 0.985255
0 0.590859 0.830171 0.593753 0.807754 0.578234 0.801422 0.575341 0.82384
0 0.262155 0.943956 0.26537 0.924311 0.254025 0.918443 0.25081 0.938088
0 0.318811 0.92605 0.321413 0.90707 0.312337 0.903138 0.309735 0.922117
0 0.0942288 0.903822 0.106602 0.880161 0.0980398 0.866011 0.0856669 0.889673
0 0.357162 1.01516 0.375213 0.992115 0.365765 0.96872 0.347713 0.991762
0 0.313987 0.896013 0.314475 0.879096 0.305191 0.878249 0.304703 0.895166
0 0.582411 0.610386 0.586663 0.58439 0.568279 0.574887 0.564028 0.600883
0 0.0344563 0.856267 0.0347518 0.833466 0.0192074 0.832829 0.0189119 0.85563
0 0.348923 0.860488 0.353519 0.838341 0.344901 0.83269 0.340306 0.854836
0 0.563432 0.895787 0.571639 0.877103 0.561935 0.863633 0.553729 0.882317
0 0.245433 0.962614 0.246775 0.945156 0.236771 0.942725 0.235429 0.960183
0 0.452991 0.961034 0.454428 0.939911 0.434932 0.935717 0.433494 0.95684
0 0.283754 0.956259 0.286911 0.933357 0.274614 0.927999 0.271457 0.950901
0 0.528994 0.608545 0.530129 0.579208 0.51028 0.576781 0.509145 0.606119
0 0.553077 0.879128 0.555374 0.858365 0.543293 0.854142 0.540996 0.874905
0 0.612057 0.38262 0.620369 0.352688 0.596323 0.331585 0.588011 0.361517
0 0.290449 0.893723 0.296572 0.876009 0.287177 0.865746 0.281054 0.88346
0 0.440302 0.714083 0.443705 0.696568 0.433776 0.690471 0.430373 0.707986
0 0.261204 0.793417 0.262217 0.776782 0.252524 0.774916 0.251511 0.791552
0 0.603111 0.563635 0.601235 0.517416 0.58349 0.519693 0.585366 0.565912
0 -0.000835156 0.82378 0.0200981 0.799085 0.0133388 0.780977 -0.00759444 0.805672
0 0.350079 0.876174 0.352494 0.859324 0.343538 0.855266 0.341123 0.872116
0 0.999289 0.548206 0.99762 0.491386 0.955372 0.49531 0.957042 0.55213
0 0.894548 0.675466 0.900455 0.655648 0.881894 0.638162 0.875987 0.657979
0 0.27245 0.941739 0.277455 0.922948 0.268556 0.915459 0.263552 0.934249
0 0.465 0.713753 0.467736 0.696086 0.456572 0.690622 0.453836 0.708288
0 0.171444 0.699697 0.173606 0.679442 0.16493 0.676516 0.162769 0.696771
0 0.314393 0.94954 0.31589 0.927823 0.30318 0.925053 0.301683 0.94677
0 0.576707 0.705181 0.579081 0.687009 0.566978 0.682012 0.564604 0.700184
0 0.522422 0.664224 0.52602 0.644654 0.513615 0.637444 0.510016 0.657015
0 0.443492 0.104609 0.438713 0.0675483 0.416484 0.0766074 0.421263 0.113668
0 0.646285 0.382527 0.652773 0.306968 0.618018 0.297536 0.611529 0.373094
0 0.386133 0.718201 0.392519 0.672086 0.37098 0.662661 0.364595 0.708775
0 0.732009 0.99191 0.731948 0.9071 0.69463 0.907185 0.694691 0.991994
0 0.298499 0.808253 0.301517 0.791454 0.292072 0.78609 0.289053 0.802889
0 0.147126 0.841749 0.161434 0.799368 0.138186 0.774562 0.123878 0.816944
0 0.319078 0.933131 0.320343 0.914591 0.308716 0.912083 0.30745 0.930622
0 0.410704 1.0072 0.410689 0.988429 0.393802 0.988471 0.393817 1.00725
0 0.581029 0.69847 0.594102 0.615749 0.55955 0.59849 0.546476 0.681211
0 0.232661 0.948735 0.237849 0.929245 0.229737 0.922421 0.22455 0.941911
0 0.23912 0.677699 0.241476 0.661308 0.230972 0.656537 0.228616 0.672928
0 0.0273547 0.893497 0.028938 0.847135 -0.000655161 0.843941 -0.00223837 0.890303
0 0.323036 1.00822 0.3261 0.990359 0.315534 0.984632 0.312471 1.00249
0 0.214138 0.798915 0.217778 0.782545 0.208767 0.776214 0.205128 0.792584
0 0.580749 1.00688 0.582598 0.981883 0.559414 0.976463 0.557565 1.00146
0 0.112911 0.804531 0.118343 0.786286 0.109279 0.777758 0.103848 0.796003
0 0.182706 0.806051 0.18329 0.788293 0.169226 0.786832 0.168643 0.80459
0 0.434762 0.733521 0.436921 0.707334 0.422713 0.703632 0.420554 0.729819
0 0.603206 1.01886 0.652232 0.984192 0.62422 0.858974 0.575194 0.893637
0 0.403476 0.944633 0.404416 0.921238 0.387585 0.919101 0.386645 0.942496
0 0.267481 0.889192 0.270924 0.876577 0.262032 0.868909 0.258589 0.881524
0 0.382639 0.837895 0.384852 0.810414 0.371738 0.807075 0.369524 0.834556
0 0.0698406 0.833462 0.0765683 0.811899 0.0676539 0.803108 0.0609263 0.824672
0 0.407424 0.365037 0.40671 0.347234 0.384057 0.350106 0.384771 0.367909
0 0.53845 0.989612 0.544747 0.958393 0.529449 0.94864 0.523151 0.97986
