0 0.00217299 1.02292 0.0880527 0.981316 0.0728933 0.882425 -0.0129864 0.924032
0 0.820694 1.06748 0.872311 0.969237 0.7974 0.844851 0.745784 0.943096
0 0.120286 0.589702 0.113449 0.539862 0.0784794 0.555023 0.0853164 0.604863
0 0.323508 1.01347 0.34329 0.980328 0.329129 0.953617 0.309348 0.986761
0 0.225309 0.950746 0.247763 0.914664 0.235241 0.890038 0.212788 0.926119
0 0.571449 1.01815 0.588122 0.99187 0.567772 0.951062 0.551099 0.977341
0 0.588327 0.718523 0.589886 0.689931 0.571479 0.686759 0.56992 0.715351
0 0.571517 0.935429 0.580172 0.913223 0.561393 0.89009 0.552738 0.912295
0 0.286478 0.973513 0.28814 0.936931 0.270175 0.934351 0.268513 0.970933
0 0.561611 0.732126 0.566237 0.702552 0.545962 0.692529 0.541336 0.722103
0 0.372283 0.995465 0.374353 0.955966 0.353923 0.952582 0.351852 0.992081
0 0.247398 0.843892 0.251046 0.817057 0.236925 0.81099 0.233277 0.837826
0 0.302054 0.954008 0.298695 0.912252 0.279684 0.917084 0.283043 0.95884
0 0.711961 0.756564 0.713788 0.724874 0.695019 0.721455 0.693192 0.753144
0 0.609685 0.792751 0.617205 0.756305 0.604644 0.748114 0.597124 0.784559
0 0.576323 0.775783 0.596079 0.755802 0.579676 0.704548 0.559921 0.724529
0 0.701975 0.615866 0.702 0.579002 0.681279 0.578957 0.681254 0.61582
0 0.179373 0.959162 0.22567 0.933645 0.205987 0.820778 0.15969 0.846294
0 0.286231 0.87 0.290748 0.826087 0.266028 0.818051 0.261511 0.861965
0 0.335136 0.882763 0.345064 0.833176 0.323797 0.81972 0.313869 0.869306
0 0.10203 0.918892 0.0991294 0.880402 0.0743677 0.8863 0.0772686 0.92479
0 0.393549 0.862543 0.405733 0.817429 0.386756 0.801232 0.374572 0.846345
0 0.675251 0.628895 0.678083 0.607058 0.658285 0.598943 0.655453 0.62078
0 0.672708 0.861593 0.674765 0.840486 0.661241 0.836322 0.659185 0.857429
0 0.595036 0.970733 0.602811 0.924151 0.579503 0.911854 0.571728 0.958437
0 0.639183 0.650155 0.652016 0.602196 0.635862 0.588534 0.623028 0.636493
0 0.34949 0.940408 0.353731 0.875943 0.314412 0.867767 0.31017 0.932232
0 0.701006 0.851339 0.702935 0.813941 0.681969 0.810524 0.680041 0.847922
0 0.513131 1.00444 0.515841 0.971959 0.494891 0.966435 0.492182 0.998913
0 0.373546 0.93538 0.377559 0.911247 0.362791 0.903487 0.358779 0.927619
0 0.0809928 0.832113 0.096004 0.793559 0.0836243 0.778325 0.0686132 0.816879
0 0.384185 0.976205 0.390144 0.949702 0.379497 0.942137 0.373539 0.96864
0 0.202056 0.979678 0.2219 0.947992 0.212831 0.930043 0.192987 0.96173
0 0.0561209 1.01435 0.0880531 0.991289 0.0799223 0.955706 0.0479901 0.978767
0 0.147182 0.994162 0.168854 0.96933 0.160741 0.946952 0.139069 0.971784
0 0.253775 0.533403 0.251757 0.495654 0.226561 0.499911 0.228579 0.53766
0 0.346786 0.993678 0.354702 0.972409 0.338804 0.953708 0.330888 0.974978
0 0.617465 0.738785 0.624465 0.716539 0.60189 0.694086 0.594889 0.716331
0 0.323853 0.837295 0.327671 0.813881 0.315666 0.807695 0.311848 0.831109
0 0.360456 0.963582 0.369589 0.931093 0.357478 0.920333 0.348345 0.952823
0 0.402938 0.885239 0.402239 0.860219 0.384427 0.861791 0.385125 0.886811
0 0.231543 0.863058 0.241062 0.841147 0.23074 0.826975 0.221221 0.848886
0 0.193334 0.813621 0.205195 0.792291 0.196685 0.777336 0.184825 0.798667
0 0.733289 0.68426 0.738465 0.654756 0.718136 0.643483 0.71296 0.672987
0 0.625151 0.987362 0.628039 0.948164 0.59695 0.940926 0.594062 0.980124
0 0.724348 0.817059 0.726005 0.798559 0.712094 0.794622 0.710438 0.813121
0 0.475974 0.962508 0.483398 0.904719 0.453688 0.892655 0.446263 0.950445
0 0.303567 0.984623 0.304668 0.95733 0.289726 0.955424 0.288625 0.982718
0 0.567232 0.835745 0.582831 0.795514 0.543037 0.746749 0.527438 0.786979
0 0.422545 0.747675 0.424558 0.72567 0.409677 0.721368 0.407664 0.743373
0 0.589587 0.888959 0.604315 0.837101 0.568094 0.80459 0.553366 0.856447
0 0.237744 0.812876 0.238724 0.786782 0.222984 0.784915 0.222005 0.811009
0 0.194576 0.79157 0.20482 0.765353 0.191937 0.749442 0.181692 0.775659
0 0.446373 0.622631 0.449828 0.600582 0.434681 0.59308 0.431226 0.615128
0 0.318097 0.802418 0.327647 0.776602 0.317281 0.764483 0.307731 0.790299
0 0.485841 0.458304 0.479787 0.423855 0.454349 0.437983 0.460402 0.472432
0 0.145995 0.976172 0.18981 0.905114 0.157677 0.842492 0.113862 0.91355
0 0.726548 0.717662 0.72804 0.694596 0.713745 0.691672 0.712252 0.714738
0 0.0698522 0.873191 0.0863221 0.837482 0.0737182 0.819109 0.0572483 0.854819
0 0.469095 0.701763 0.481751 0.687385 0.468067 0.649315 0.455411 0.663692
0 0.149314 0.848215 0.170466 0.818532 0.158729 0.792097 0.137577 0.821781
0 0.423123 0.694262 0.430608 0.673782 0.413056 0.653507 0.405571 0.673986
0 0.724621 0.835827 0.727327 0.813224 0.71646 0.809114 0.713755 0.831717
0 0.419173 0.778603 0.427915 0.751648 0.414429 0.737825 0.405687 0.764781
0 0.128752 0.988209 0.142722 0.951241 0.128266 0.933974 0.114295 0.970943
0 0.11669 0.908709 0.117775 0.877965 0.0966957 0.875614 0.0956107 0.906357
0 0.64029 0.70059 0.649058 0.672989 0.619189 0.642999 0.61042 0.6706
0 0.224492 0.923044 0.25671 0.876834 0.237495 0.834495 0.205277 0.880705
0 0.510608 0.536949 0.516073 0.498463 0.496116 0.489505 0.490651 0.527991
0 0.676642 0.843651 0.680359 0.817258 0.667377 0.811481 0.663661 0.837873
0 0.647725 0.851515 0.653202 0.826738 0.636563 0.815113 0.631085 0.83989
0 0.816182 0.796833 0.828189 0.775052 0.813506 0.749467 0.801498 0.771248
0 0.351428 0.880455 0.370508 0.850301 0.359294 0.827878 0.340215 0.858032
0 0.324629 0.97017 0.334516 0.941861 0.322343 0.928424 0.312456 0.956733
0 0.441223 0.683546 0.448811 0.648821 0.427015 0.633769 0.419427 0.668495
0 0.450411 0.918323 0.452979 0.895832 0.436447 0.889865 0.433879 0.912356
0 0.854841 0.804136 0.854871 0.777154 0.835528 0.777086 0.835498 0.804069
0 0.254857 0.916902 0.267072 0.889493 0.256066 0.873992 0.243851 0.901401
0 0.504457 0.979313 0.510711 0.942067 0.49295 0.932642 0.486696 0.969889
0 0.383335 1.00291 0.388037 0.974237 0.374232 0.967084 0.369531 0.995758
0 0.499943 0.943843 0.499347 0.904466 0.481084 0.90534 0.481681 0.944717
0 0.270939 0.845554 0.273004 0.810041 0.255817 0.806882 0.253752 0.842396
0 0.259105 0.823595 0.260829 0.786147 0.240566 0.783198 0.238842 0.820646
0 0.435231 0.60573 0.439044 0.585059 0.427721 0.578458 0.423908 0.599129
0 0.631208 0.910269 0.635025 0.831488 0.595176 0.825387 0.59136 0.904169
0 0.35106 0.775671 0.353909 0.750725 0.339198 0.745415 0.33635 0.770361
0 0.0932303 0.888566 0.117526 0.830671 0.0957022 0.801727 0.0714069 0.859622
0 0.863269 0.788961 0.866502 0.771428 0.853586 0.763901 0.850353 0.781433
0 0.66048 0.609429 0.665112 0.581648 0.633802 0.565149 0.62917 0.59293
0 0.396401 0.932123 0.402793 0.905308 0.392066 0.897226 0.385674 0.924041
0 0.175951 0.979185 0.188761 0.943229 0.173326 0.925851 0.160517 0.961807
0 0.637068 0.721835 0.642172 0.692242 0.617321 0.678696 0.612217 0.708288
0 0.0739253 0.724513 0.103691 0.704497 0.0983983 0.679623 0.0686329 0.699638
0 0.509659 0.720436 0.511944 0.687111 0.497199 0.683915 0.494914 0.717241
0 0.208194 0.770192 0.212857 0.751427 0.202762 0.7435 0.1981 0.762264
0 0.671141 0.527477 0.672332 0.506949 0.660026 0.504693 0.658835 0.525221
0 0.483925 0.63245 0.485957 0.612243 0.476135 0.609121 0.474103 0.629329
0 0.0613044 0.713302 0.079518 0.682966 0.068189 0.661469 0.0499754 0.691805
0 0.537174 0.760665 0.544279 0.721658 0.521092 0.708311 0.513987 0.747318
0 0.432184 0.726389 0.434057 0.703794 0.419992 0.700108 0.418119 0.722704
0 0.112564 0.733631 0.118333 0.711531 0.101093 0.697309 0.0953248 0.719409
0 0.474989 0.989737 0.478932 0.961001 0.460397 0.952963 0.456454 0.981699
0 0.291133 0.804605 0.29468 0.78276 0.282384 0.776451 0.278837 0.798296
0 0.621881 0.767724 0.625846 0.75134 0.61526 0.743245 0.611295 0.759628
0 0.43179 0.992016 0.437655 0.966327 0.426128 0.95801 0.420264 0.983698
0 0.3166 0.919544 0.312504 0.866961 0.274694 0.876269 0.27879 0.928852
0 0.399705 0.994024 0.404971 0.972585 0.391395 0.962045 0.386129 0.983484
0 0.664512 0.966933 0.668206 0.938548 0.648763 0.930551 0.645069 0.958935
0 0.276433 0.896671 0.291496 0.870516 0.282601 0.854325 0.267537 0.88048
0 0.416434 0.998419 0.423951 0.969519 0.41354 0.960962 0.406024 0.989863
0 0.669681 0.584056 0.673108 0.562141 0.654226 0.552811 0.650799 0.574726
0 0.654625 1.01185 0.662759 0.990471 0.646009 0.970327 0.637875 0.991704
0 0.684507 0.66422 0.688436 0.63158 0.664564 0.622497 0.660634 0.655136
0 0.307355 0.87964 0.325324 0.846724 0.312742 0.825017 0.294773 0.857933
0 0.178928 0.823545 0.188219 0.800969 0.178268 0.788024 0.168976 0.8106
0 0.555019 0.903354 0.563908 0.811691 0.521585 0.798719 0.512696 0.890382
0 0.486593 0.584136 0.48777 0.561149 0.47357 0.558852 0.472393 0.58184
0 0.865318 0.761525 0.874551 0.741326 0.856334 0.715008 0.847101 0.735206
0 0.0555812 0.866675 0.0686328 0.839518 0.0603466 0.826932 0.0472949 0.854089
0 0.472674 0.539135 0.476735 0.517255 0.465845 0.510867 0.461784 0.532747
0 0.478702 0.906278 0.486053 0.880504 0.468727 0.864886 0.461376 0.89066
0 0.584696 0.994226 0.592393 0.977176 0.579098 0.958205 0.571401 0.975255
0 0.583391 0.916841 0.590638 0.878086 0.576645 0.869815 0.569398 0.908571
0 0.432743 0.849749 0.431357 0.825438 0.414917 0.828398 0.416302 0.85271
0 0.6322 0.833802 0.637705 0.812284 0.624628 0.801711 0.619123 0.823229
0 0.799312 0.784122 0.80201 0.759574 0.788219 0.754784 0.785521 0.779332
0 0.480014 0.556029 0.485945 0.530541 0.474488 0.522116 0.468558 0.547604
0 0.457818 0.651939 0.462492 0.623481 0.444164 0.613967 0.43949 0.642426
0 0.120858 0.678545 0.121449 0.65072 0.100078 0.649285 0.0994866 0.67711
0 0.430367 0.655389 0.43224 0.609373 0.403867 0.605723 0.401994 0.651739
0 0.480367 1.00285 0.48046 0.981824 0.463684 0.981589 0.463591 1.00261
0 0.604755 0.565751 0.609598 0.531142 0.591228 0.523019 0.586386 0.557628
0 0.267215 0.953303 0.283343 0.928005 0.274827 0.910845 0.258699 0.936144
0 0.843922 0.75744 0.842012 0.726169 0.82093 0.73024 0.822841 0.761511
0 0.356046 0.938518 0.364973 0.904399 0.35271 0.894258 0.343783 0.928378
0 0.226626 0.973781 0.241645 0.947182 0.2311 0.928364 0.216081 0.954963
0 0.487054 0.508491 0.491953 0.487665 0.479719 0.478569 0.47482 0.499395
0 0.370033 0.909017 0.372894 0.886022 0.35713 0.879822 0.354269 0.902817
0 0.469882 0.858317 0.466867 0.785386 0.428093 0.790453 0.431109 0.863383
0 0.596621 0.807341 0.602432 0.778668 0.590818 0.77123 0.585008 0.799903
0 0.659374 0.84017 0.662611 0.820067 0.649824 0.813561 0.646588 0.833664
0 0.122209 0.710643 0.126235 0.686782 0.110684 0.678491 0.106659 0.702352
0 0.632545 0.618111 0.636737 0.586313 0.622349 0.580318 0.618157 0.612116
0 0.346179 0.968448 0.355388 0.943983 0.343907 0.930325 0.334699 0.95479
0 0.10591 0.938901 0.114802 0.912419 0.103073 0.899972 0.0941807 0.926454
0 0.683595 0.902742 0.688092 0.856891 0.669342 0.851079 0.664845 0.89693
0 0.18013 0.778095 0.190565 0.755452 0.182543 0.743769 0.172108 0.766412
0 0.722698 0.857212 0.725637 0.837084 0.714175 0.831794 0.711236 0.851922
0 0.304534 0.858919 0.307338 0.807655 0.284879 0.803773 0.282076 0.855037
0 0.301639 0.777922 0.311213 0.743731 0.297157 0.731291 0.287583 0.765483
0 0.314137 0.939811 0.31512 0.918489 0.301528 0.916508 0.300545 0.93783
0 0.267576 0.88807 0.274371 0.85268 0.261479 0.844857 0.254684 0.880247
0 0.210285 0.836567 0.209832 0.806225 0.185294 0.807382 0.185747 0.837724
0 0.892383 0.763103 0.901115 0.747316 0.8872 0.722993 0.878468 0.73878
0 0.31065 1.00547 0.315398 0.979672 0.304227 0.973172 0.299478 0.998967
0 0.45919 0.778644 0.461582 0.753087 0.447895 0.749039 0.445503 0.774597
0 0.417334 0.971158 0.426306 0.92891 0.408129 0.916712 0.399158 0.95896
0 0.399102 1.00579 0.400248 0.986727 0.382469 0.983348 0.381323 1.00241
0 0.125588 0.852321 0.130905 0.819529 0.11312 0.810416 0.107803 0.843208
0 0.863569 0.673044 0.866162 0.651313 0.852664 0.646222 0.850071 0.667953
0 0.281507 0.819741 0.282754 0.798693 0.265377 0.79544 0.264131 0.816489
0 0.680208 0.661839 0.681402 0.62207 0.649967 0.619087 0.648773 0.658857
0 0.614843 0.807029 0.616663 0.784585 0.603927 0.781321 0.602107 0.803765
0 0.627466 0.807198 0.629796 0.784291 0.616557 0.780034 0.614227 0.802941
0 0.110048 0.792336 0.109891 0.767545 0.0892759 0.76796 0.0894337 0.792751
0 0.306907 0.729818 0.318246 0.706819 0.309119 0.692595 0.297779 0.715594
0 0.572624 0.955853 0.580998 0.937291 0.565985 0.915886 0.557611 0.934448
0 0.370128 0.755508 0.370627 0.734117 0.358219 0.733203 0.35772 0.754594
0 0.485335 0.978854 0.493414 0.948578 0.482027 0.938976 0.473949 0.969252
0 0.68774 0.764659 0.694536 0.742064 0.682636 0.730751 0.67584 0.753345
0 0.768159 0.578248 0.774159 0.55829 0.755489 0.540549 0.749488 0.560507
0 0.478144 0.72674 0.481671 0.702538 0.464126 0.694458 0.460599 0.718659
0 0.651374 0.906071 0.657219 0.885441 0.642026 0.871836 0.636181 0.892466
0 0.453458 0.70735 0.46179 0.678829 0.453434 0.671115 0.445103 0.699636
0 0.427629 0.345225 0.428822 0.296247 0.401805 0.294168 0.400613 0.343146
0 0.711458 0.824049 0.71428 0.799341 0.699624 0.79405 0.696802 0.818759
0 0.310764 0.708772 0.318023 0.670063 0.295002 0.65642 0.287743 0.695129
0 0.470553 0.661644 0.474423 0.645211 0.463772 0.637282 0.459901 0.653715
0 0.00787574 0.871699 0.0356889 0.84248 0.0273936 0.817524 -0.000419573 0.846744
0 0.355134 0.894832 0.366725 0.868832 0.356279 0.854114 0.344688 0.880113
0 0.446249 0.560662 0.447276 0.546193 0.437991 0.54411 0.436964 0.558579
0 0.270236 0.795486 0.273955 0.756579 0.252393 0.750064 0.248674 0.788972
0 0.671403 0.812235 0.674371 0.796418 0.664364 0.790483 0.661396 0.8063
0 0.406426 0.908604 0.414866 0.883039 0.405658 0.873432 0.397218 0.898997
0 0.422678 0.572757 0.423699 0.55312 0.410086 0.550883 0.409065 0.57052
0 0.694925 0.876151 0.697038 0.85395 0.684562 0.850197 0.682449 0.872398
0 0.398349 0.900961 0.397949 0.877984 0.381111 0.878912 0.381511 0.901889
0 0.18585 0.69104 0.188218 0.665061 0.172585 0.660558 0.170217 0.686537
0 0.311983 0.971024 0.316144 0.947388 0.302048 0.939544 0.297887 0.96318
0 0.268386 0.973245 0.271607 0.949499 0.256038 0.942823 0.252816 0.966569
0 0.825956 0.771443 0.830206 0.756315 0.816923 0.744522 0.812673 0.75965
0 0.266609 0.555638 0.260809 0.524948 0.231979 0.542167 0.237778 0.572857
0 0.292953 0.761256 0.301384 0.71921 0.283455 0.707849 0.275024 0.749894
0 0.689959 0.696981 0.691405 0.680337 0.680834 0.677434 0.679388 0.694078
0 0.566402 0.77121 0.569329 0.736591 0.541309 0.729105 0.538382 0.763724
0 0.987343 1.0526 1.01346 0.890175 0.851535 0.807877 0.825416 0.970303
0 0.344048 0.886392 0.360649 0.856108 0.351151 0.839653 0.33455 0.869937
0 0.690951 0.803955 0.696341 0.785937 0.685828 0.775997 0.680438 0.794015
0 0.423816 0.615354 0.429111 0.594057 0.415734 0.583545 0.410439 0.604842
0 0.78461 0.809349 0.787317 0.790553 0.773034 0.784053 0.770328 0.802849
0 0.60014 0.709961 0.603132 0.681546 0.589696 0.677074 0.586704 0.70549
0 0.620029 0.657447 0.630454 0.633365 0.610605 0.606206 0.600179 0.630288
0 0.232051 0.562047 0.236902 0.530109 0.218029 0.521048 0.213177 0.552985
0 0.261691 0.752166 0.269451 0.726216 0.257777 0.715182 0.250017 0.741132
0 0.12812 0.62802 0.134879 0.59431 0.112862 0.580359 0.106103 0.614069
0 0.440295 0.939135 0.444748 0.915147 0.433186 0.908363 0.428733 0.932352
0 0.166302 0.720348 0.177552 0.692493 0.165182 0.676705 0.153932 0.70456
0 0.685794 0.577734 0.689456 0.555267 0.678526 0.549637 0.674864 0.572104
0 0.747539 0.827313 0.748951 0.810256 0.736476 0.806993 0.735064 0.824049
0 0.58345 0.793497 0.588615 0.771953 0.576232 0.762571 0.571067 0.784115
0 0.0590784 0.83027 0.0586238 0.806651 0.0414651 0.807695 0.0419197 0.831314
0 0.409104 0.988132 0.413727 0.963665 0.403581 0.957605 0.398957 0.982071
0 0.387314 0.929464 0.390625 0.904492 0.379511 0.899836 0.3762 0.924808
0 0.220866 0.976876 0.235381 0.948112 0.22583 0.93288 0.211315 0.961644
0 0.18091 0.803427 0.188646 0.782555 0.176201 0.767977 0.168465 0.788849
0 0.52951 0.981092 0.5392 0.942542 0.527038 0.93288 0.517348 0.97143
0 0.887053 0.793455 0.889736 0.775414 0.879162 0.770443 0.876479 0.788484
0 0.776897 0.725818 0.780099 0.709594 0.766258 0.700961 0.763056 0.717185
0 0.0669023 0.911576 0.0649949 0.869182 0.0375619 0.873082 0.0394692 0.915477
0 0.482981 0.524195 0.486526 0.506726 0.476356 0.500205 0.472811 0.517674
0 0.608804 1.00372 0.611002 0.970461 0.589875 0.966049 0.587677 0.999304
0 0.26408 0.544985 0.29092 0.490315 0.272764 0.462145 0.245925 0.516815
0 0.189617 0.625258 0.194354 0.598061 0.176602 0.588289 0.171865 0.615486
0 0.400043 0.966272 0.403759 0.942578 0.389651 0.935587 0.385936 0.95928
0 0.665471 0.927215 0.669686 0.89771 0.656588 0.891796 0.652373 0.921301
0 0.470774 0.594258 0.469754 0.55822 0.457188 0.559345 0.458208 0.595382
0 0.890617 0.818402 0.894077 0.798989 0.877627 0.78972 0.874167 0.809134
0 0.0847546 0.901309 0.08006 0.859305 0.0526248 0.868997 0.0573194 0.911
0 0.4782 0.752271 0.47905 0.727079 0.463205 0.725389 0.462354 0.750581
0 0.0814828 0.796472 0.0856387 0.776864 0.0753244 0.769955 0.0711686 0.789563
0 0.700116 0.650877 0.701862 0.633145 0.690968 0.629755 0.689222 0.647487
0 0.712495 0.635735 0.715361 0.620337 0.705243 0.614386 0.702377 0.629784
0 0.0666174 0.842758 0.0751341 0.81831 0.064509 0.806612 0.0559923 0.83106
0 0.312409 0.787105 0.323273 0.748843 0.308262 0.735372 0.297398 0.773633
0 0.487564 0.612157 0.489779 0.593459 0.479718 0.589691 0.477503 0.608389
0 0.469555 0.794966 0.471013 0.769535 0.458708 0.767307 0.45725 0.792737
0 0.438439 0.650837 0.445998 0.619648 0.416089 0.596739 0.40853 0.627927
0 0.229253 0.839504 0.235933 0.814652 0.225358 0.805669 0.218679 0.830521
0 0.492508 0.543812 0.49654 0.516877 0.485808 0.511799 0.481776 0.538733
0 0.109642 0.775372 0.119082 0.745763 0.10768 0.734273 0.0982396 0.763882
0 0.800078 0.613849 0.801435 0.593102 0.789136 0.590561 0.787779 0.611308
0 0.423862 1.00871 0.425969 0.990084 0.416114 0.986561 0.414007 1.00518
0 0.444608 0.973423 0.447683 0.950366 0.435895 0.945399 0.432821 0.968455
0 0.682751 0.596967 0.687542 0.575153 0.678245 0.568699 0.673454 0.590513
0 0.621095 0.947749 0.623564 0.915867 0.606601 0.911715 0.604132 0.943597
0 0.659838 0.890276 0.67017 0.868459 0.651652 0.840742 0.64132 0.862559
0 0.178138 0.305401 0.174115 0.257431 0.155106 0.262469 0.159128 0.310438
0 0.61247 0.828445 0.615073 0.807018 0.604678 0.803027 0.602075 0.824453
0 0.264829 0.919552 0.275044 0.89065 0.265464 0.879947 0.255248 0.90885
0 0.908672 0.753996 0.913964 0.731424 0.902192 0.7227 0.896899 0.745272
0 0.426058 0.531874 0.424679 0.510706 0.410285 0.51367 0.411664 0.534837
0 0.769981 0.785197 0.771916 0.763141 0.760539 0.759987 0.758604 0.782043
0 0.399488 0.952632 0.400248 0.929034 0.38245 0.927223 0.38169 0.95082
0 0.595708 0.744244 0.601508 0.719203 0.591161 0.711629 0.585361 0.73667
0 0.111064 0.756702 0.113659 0.727662 0.0927072 0.721745 0.0901122 0.750784
0 0.584965 0.805178 0.58729 0.78496 0.575201 0.780565 0.572875 0.800783
0 0.0154907 0.921871 0.0171568 0.887029 -0.00126912 0.884245 -0.00293522 0.919087
0 0.402237 0.80861 0.397531 0.755227 0.356537 0.766649 0.361243 0.820032
0 0.55112 0.959703 0.553331 0.932127 0.538245 0.928305 0.536034 0.955882
0 0.714249 0.844863 0.716204 0.819352 0.70228 0.815981 0.700325 0.841492
0 0.652433 0.794474 0.655859 0.774302 0.643718 0.767787 0.640292 0.787959
0 0.121807 0.809632 0.122528 0.789546 0.105016 0.787558 0.104295 0.807644
0 0.821828 0.741733 0.822966 0.722022 0.809486 0.719562 0.808348 0.739274
0 0.42549 0.885998 0.437704 0.855843 0.426805 0.841891 0.414591 0.872046
0 0.379478 0.966989 0.383749 0.932287 0.368382 0.926309 0.36411 0.961011
0 0.762267 0.591456 0.7677 0.571959 0.750048 0.556415 0.744616 0.575913
0 0.663769 0.791855 0.666902 0.774587 0.656386 0.768558 0.653253 0.785826
0 0.749592 0.632768 0.752512 0.611535 0.736067 0.604387 0.733147 0.625619
0 0.0889078 0.98244 0.0966147 0.958953 0.0829972 0.94483 0.0752904 0.968317
0 0.531125 0.684264 0.540874 0.661298 0.532185 0.64964 0.522436 0.672606
0 0.744159 0.802154 0.747311 0.784739 0.736332 0.778461 0.733181 0.795875
0 0.0267887 0.852448 0.0418353 0.827944 0.0328606 0.810527 0.017814 0.83503
0 0.325026 0.693904 0.339805 0.646064 0.322525 0.629193 0.307746 0.677033
0 0.158744 1.00513 0.177309 0.978834 0.168403 0.95896 0.149838 0.985252
0 0.747341 0.617065 0.74881 0.593049 0.734174 0.590219 0.732705 0.614235
0 0.848982 0.727456 0.852469 0.709141 0.842171 0.702944 0.838684 0.721259
0 0.52188 0.950566 0.527886 0.923788 0.516634 0.915812 0.510628 0.94259
0 0.645298 0.970573 0.65154 0.956886 0.639526 0.939568 0.633284 0.953256
0 0.299337 1.00664 0.302074 0.979165 0.281091 0.972559 0.278354 1.00003
0 0.722158 0.651371 0.723614 0.635267 0.712823 0.632183 0.711367 0.648287
0 0.546304 0.570533 0.547564 0.547603 0.534673 0.545363 0.533412 0.568293
0 0.163138 0.870245 0.189148 0.831462 0.176168 0.803949 0.150158 0.842732
0 0.354081 0.648647 0.354527 0.624281 0.340592 0.623474 0.340145 0.64784
0 0.77303 0.770246 0.777593 0.74977 0.767572 0.742712 0.763009 0.763188
0 0.360482 1.00403 0.361424 0.984167 0.346807 0.981977 0.345865 1.00184
0 0.63595 0.762146 0.641285 0.742914 0.625926 0.729448 0.620591 0.74868
0 0.918989 0.831191 0.92212 0.801008 0.902203 0.794476 0.899071 0.824659
0 0.495435 0.636745 0.496711 0.617224 0.486349 0.615083 0.485073 0.634604
0 0.116813 0.934904 0.13299 0.90335 0.122719 0.886708 0.106542 0.918262
0 0.0921854 1.01303 0.100798 0.984999 0.0887858 0.973334 0.0801737 1.00136
0 0.524115 0.886816 0.52042 0.842273 0.506207 0.845999 0.509902 0.890542
0 0.44454 0.709095 0.450963 0.681836 0.440867 0.674319 0.434445 0.701578
0 0.878616 0.742317 0.880516 0.719226 0.867785 0.715915 0.865885 0.739006
0 0.312676 0.563332 0.316661 0.532186 0.300637 0.525708 0.296653 0.556854
0 0.732502 0.811606 0.735752 0.794446 0.725156 0.788105 0.721907 0.805265
0 0.864235 0.648676 0.865463 0.624114 0.851759 0.621948 0.850531 0.64651
0 0.850525 0.766935 0.852369 0.747986 0.84124 0.744563 0.839395 0.763511
0 0.246692 0.784463 0.247857 0.762371 0.235282 0.760275 0.234117 0.782368
0 0.435541 0.571078 0.437081 0.553075 0.426756 0.550285 0.425216 0.568287
0 0.569368 0.904327 0.576757 0.875914 0.560715 0.862727 0.553325 0.891141
0 0.429444 0.90774 0.440107 0.879189 0.429942 0.867191 0.419279 0.895742
0 0.422959 0.797572 0.432536 0.77391 0.422226 0.760721 0.412648 0.784383
0 0.464608 0.633845 0.467446 0.610019 0.455925 0.60568 0.453086 0.629506
0 0.332239 0.777748 0.336993 0.753641 0.325612 0.746547 0.320858 0.770654
0 0.558342 1.0058 0.56259 0.974572 0.547399 0.968041 0.543151 0.999271
0 0.240697 0.952371 0.250952 0.929071 0.242004 0.916623 0.231749 0.939923
0 0.687774 0.639976 0.690619 0.62129 0.677319 0.61489 0.674474 0.633577
0 0.740683 0.715849 0.742814 0.693661 0.730709 0.689987 0.728578 0.712175
0 0.910416 0.80692 0.914678 0.776406 0.89593 0.768129 0.891668 0.798643
0 0.470034 0.57164 0.472893 0.549615 0.462058 0.545171 0.459199 0.567196
0 0.715221 0.802718 0.719288 0.783108 0.707886 0.775633 0.703819 0.795244
0 0.584349 0.632394 0.594942 0.610565 0.586504 0.597624 0.575911 0.619453
0 0.853603 0.84066 0.8564 0.819702 0.84124 0.813308 0.838443 0.834266
0 0.682358 0.681065 0.684143 0.662754 0.672817 0.659264 0.671032 0.677575
0 0.340379 0.956535 0.343266 0.930491 0.327039 0.924805 0.324151 0.950849
0 0.849195 0.750576 0.853866 0.732877 0.842869 0.723704 0.838198 0.741403
0 0.236727 0.773381 0.237019 0.749354 0.220368 0.748713 0.220075 0.77274
0 0.465433 0.903989 0.46754 0.873253 0.450779 0.869622 0.448673 0.900359
0 0.131933 1.00768 0.13489 0.984384 0.120337 0.978546 0.11738 1.00184
0 0.662618 1.03259 0.848678 0.878233 0.820234 0.76987 0.634174 0.924223
0 0.240236 0.759602 0.241352 0.732879 0.224586 0.730666 0.22347 0.75739
0 1.00167 0.827534 1.00238 0.773759 0.955573 0.771825 0.95487 0.8256
0 0.657088 0.882873 0.664134 0.854615 0.643802 0.838593 0.636756 0.86685
0 0.13739 0.848715 0.150275 0.830717 0.141548 0.810972 0.128663 0.82897
0 0.881543 0.649449 0.882303 0.625091 0.865343 0.623418 0.864583 0.647776
0 0.336329 0.755769 0.347325 0.737899 0.339908 0.723476 0.328912 0.741346
0 0.316135 0.985011 0.326488 0.965792 0.317101 0.949812 0.306749 0.969032
0 0.140899 0.696828 0.144894 0.661366 0.130144 0.656115 0.126149 0.691577
0 0.224145 0.856996 0.230015 0.831061 0.218786 0.823027 0.212915 0.848963
0 0.197737 0.72632 0.203314 0.699799 0.183655 0.686733 0.178078 0.713255
0 0.654561 0.70774 0.658394 0.68158 0.646013 0.675847 0.642181 0.702008
0 0.517518 0.71396 0.523312 0.694402 0.514174 0.685847 0.508381 0.705406
0 0.348572 0.85613 0.353668 0.824041 0.339627 0.816994 0.334531 0.849083
0 0.470968 0.641497 0.47387 0.619605 0.464591 0.615718 0.461689 0.63761
0 0.149391 0.705481 0.15522 0.683154 0.144682 0.674459 0.138854 0.696787
0 0.132736 0.822282 0.13285 0.801334 0.117226 0.801065 0.117112 0.822013
0 0.0670995 0.796594 0.0731939 0.773059 0.0646842 0.766095 0.0585898 0.78963
0 0.249109 0.73377 0.265801 0.710491 0.257357 0.691353 0.240665 0.714632
0 0.142535 0.690923 0.147442 0.642815 0.132124 0.637877 0.127217 0.685985
0 0.26321 1.00882 0.269128 0.973383 0.249465 0.963004 0.243546 0.998444
0 0.139795 0.813632 0.14107 0.790807 0.126423 0.788222 0.125148 0.811047
0 0.281373 0.72563 0.285727 0.692423 0.273263 0.687258 0.268909 0.720465
0 0.346109 0.82491 0.353309 0.796508 0.34142 0.786982 0.334219 0.815383
0 0.284385 1.00206 0.284676 0.966187 0.253512 0.965387 0.253221 1.00126
0 0.343269 0.156235 0.366448 0.144111 0.347585 0.0301386 0.324406 0.0422629
0 0.606245 0.75533 0.610864 0.727802 0.599855 0.721964 0.595237 0.749493
0 0.939592 0.72639 0.940645 0.700166 0.92239 0.69785 0.921337 0.724073
0 0.457547 0.687939 0.463884 0.665111 0.454408 0.656797 0.44807 0.679624
0 0.749048 0.743697 0.749352 0.728532 0.738742 0.727859 0.738437 0.743023
0 0.571255 0.707901 0.575647 0.676697 0.56294 0.671045 0.558548 0.702249
0 0.2337 0.735317 0.234383 0.714987 0.221579 0.713629 0.220897 0.733959
0 0.459148 0.998056 0.461775 0.966174 0.448513 0.962719 0.445885 0.994602
0 0.472016 0.773122 0.475063 0.750961 0.464135 0.746212 0.461088 0.768373
0 0.673976 0.929394 0.678457 0.903501 0.668101 0.897837 0.663621 0.92373
0 0.734157 0.844269 0.736367 0.819989 0.725578 0.816885 0.723368 0.841165
0 0.694604 0.791876 0.70709 0.765863 0.694666 0.747017 0.682181 0.77303
0 0.207847 0.747058 0.209434 0.727147 0.198206 0.724318 0.196619 0.74423
0 0.253032 0.953789 0.263283 0.932918 0.255657 0.921079 0.245405 0.94195
0 0.769391 1.01623 0.777813 0.964819 0.741043 0.94578 0.73262 0.997191
0 0.415051 0.993659 0.420232 0.967024 0.409372 0.960347 0.404191 0.986982
0 0.446096 0.898097 0.448874 0.875251 0.438075 0.8711 0.435296 0.893946
0 0.150205 0.81016 0.154949 0.787541 0.143343 0.779848 0.1386 0.802467
0 0.704034 0.784785 0.711625 0.755068 0.698071 0.744126 0.69048 0.773842
0 0.842711 0.588593 0.842558 0.564233 0.825847 0.564565 0.826 0.588924
0 0.414884 0.835386 0.419279 0.814101 0.403275 0.803656 0.398879 0.824942
0 0.0150847 0.842072 0.0157722 0.799637 -0.00254725 0.798699 -0.00323475 0.841134
0 0.795265 0.755668 0.800494 0.724539 0.782636 0.715059 0.777407 0.746188
0 0.887076 0.715538 0.888351 0.696776 0.875577 0.694032 0.874302 0.712794
0 0.354693 1.00459 0.354888 0.983792 0.338018 0.983293 0.337824 1.00409
0 0.720915 0.697993 0.722461 0.672733 0.704483 0.669256 0.702937 0.694516
0 0.744261 0.765317 0.745919 0.744115 0.734968 0.741407 0.73331 0.76261
0 0.68201 0.784538 0.686321 0.764625 0.676294 0.757763 0.671982 0.777675
0 0.15275 0.873397 0.167662 0.845133 0.15589 0.825503 0.140978 0.853768
0 0.16305 0.681331 0.165257 0.646235 0.144594 0.642129 0.142387 0.677225
0 0.53242 0.569173 0.536494 0.537988 0.520975 0.531581 0.516901 0.562765
0 0.596473 0.775836 0.601851 0.753679 0.591778 0.745953 0.586401 0.76811
0 0.161928 0.810543 0.167757 0.792086 0.158192 0.782539 0.152363 0.800996
0 0.111909 0.968516 0.116935 0.943657 0.102358 0.934342 0.0973316 0.959201
0 0.19281 0.981508 0.200893 0.955728 0.19166 0.94658 0.183578 0.972361
0 0.149801 1.00853 0.153753 0.986043 0.137399 0.976957 0.133447 0.99944
0 0.363416 0.770497 0.366988 0.749706 0.35529 0.743354 0.351718 0.764145
0 0.550943 0.74514 0.552569 0.720626 0.537258 0.717417 0.535632 0.74193
0 0.409701 0.762474 0.411438 0.742014 0.401843 0.73944 0.400107 0.7599
0 0.505598 0.550577 0.512546 0.530576 0.504114 0.521319 0.497166 0.541321
0 0.32988 0.73891 0.332629 0.715343 0.321694 0.711312 0.318945 0.734879
0 0.561391 0.968869 0.565728 0.940207 0.553966 0.934583 0.549629 0.963244
0 0.9267 0.796506 0.930109 0.773587 0.914568 0.76628 0.911159 0.789198
0 0.933314 0.759655 0.934563 0.727503 0.91327 0.724889 0.912021 0.757041
0 0.902658 0.836706 0.90804 0.816487 0.887838 0.799492 0.882456 0.819711
0 0.235267 0.983976 0.249212 0.951748 0.240262 0.939509 0.226317 0.971737
0 0.0861609 0.689476 0.0901573 0.667363 0.0762185 0.659401 0.0722221 0.681515
0 0.220379 0.783088 0.221509 0.762509 0.208851 0.760311 0.207721 0.78089
0 0.425863 0.929605 0.43083 0.902979 0.419784 0.896467 0.414818 0.923094
0 0.832556 0.794977 0.834727 0.774025 0.825241 0.770918 0.82307 0.79187
0 0.181337 0.559278 0.184817 0.526074 0.16927 0.520925 0.16579 0.554128
0 0.456856 0.618517 0.459495 0.598612 0.448953 0.594194 0.446314 0.614099
0 0.25124 0.862808 0.254574 0.840466 0.240985 0.834058 0.237652 0.8564
0 0.211464 0.787681 0.213509 0.768899 0.202883 0.765243 0.200839 0.784025
0 0.535577 0.990386 0.543774 0.960294 0.534846 0.952608 0.526649 0.982701
0 0.873197 0.716464 0.874639 0.699495 0.863105 0.696397 0.861663 0.713366
0 0.544706 0.677494 0.550513 0.650571 0.540315 0.643619 0.534508 0.670542
0 0.760705 0.832089 0.760822 0.815532 0.749223 0.815273 0.749106 0.83183
0 0.651689 0.681809 0.656027 0.664875 0.64239 0.653834 0.638052 0.670769
0 0.848941 0.7877 0.850243 0.769001 0.83771 0.766242 0.836408 0.784941
0 0.594233 0.918531 0.598415 0.888565 0.585779 0.882992 0.581597 0.912958
0 0.476968 0.608568 0.478555 0.585031 0.468355 0.582857 0.466768 0.606394
0 0.186162 0.594108 0.188734 0.571689 0.176179 0.567136 0.173606 0.589554
0 0.316225 0.548949 0.331236 0.528266 0.316312 0.494038 0.301302 0.51472
0 0.933251 0.81161 0.935258 0.790919 0.921126 0.786587 0.91912 0.807278
0 0.00989596 0.882483 0.013194 0.852547 -0.00106962 0.847581 -0.00436764 0.877517
0 0.658132 0.809158 0.661686 0.793633 0.651049 0.785938 0.647495 0.801463
0 0.683554 0.554784 0.68428 0.535437 0.671044 0.533868 0.670318 0.553215
0 0.217117 0.755567 0.220823 0.739232 0.21169 0.732685 0.207984 0.74902
0 0.142948 0.797018 0.141252 0.769211 0.118635 0.773569 0.12033 0.801375
0 0.762166 0.691568 0.76269 0.674792 0.751346 0.673671 0.750822 0.690448
0 0.337083 0.750231 0.349552 0.728975 0.342688 0.716249 0.330219 0.737505
0 0.360031 0.900771 0.367644 0.877526 0.356055 0.865529 0.348441 0.888774
0 0.691724 0.274971 0.687671 0.248207 0.665308 0.258911 0.669361 0.285675
0 0.200058 0.579533 0.233457 0.513984 0.208515 0.473818 0.175116 0.539367
0 0.195362 0.644231 0.20136 0.62052 0.190952 0.612199 0.184954 0.63591
0 0.115837 0.886666 0.117636 0.865447 0.101971 0.861249 0.100172 0.882469
0 0.413044 0.87134 0.41487 0.849785 0.400192 0.845854 0.398366 0.86741
0 0.662173 0.989328 0.667778 0.967061 0.654965 0.956868 0.64936 0.979135
0 0.177415 0.612676 0.180029 0.592525 0.167292 0.587303 0.164677 0.607454
0 0.84796 0.696945 0.849692 0.681382 0.839637 0.677845 0.837905 0.693408
0 0.183519 0.635649 0.184781 0.615682 0.171499 0.613029 0.170237 0.632996
0 0.873855 0.791616 0.876797 0.776742 0.867247 0.77077 0.864304 0.785644
0 0.806805 0.741303 0.809622 0.722752 0.798566 0.717446 0.795749 0.735997
0 0.43729 0.945991 0.438849 0.9228 0.42689 0.92026 0.425331 0.943451
0 0.232927 0.818682 0.233767 0.795402 0.220468 0.793884 0.219627 0.817164
0 0.663698 0.844117 0.668053 0.824257 0.655938 0.815861 0.651583 0.83572
0 0.309814 0.816308 0.312917 0.793639 0.300283 0.788173 0.29718 0.810843
0 0.450604 0.739478 0.452088 0.714475 0.438213 0.711872 0.436729 0.736875
0 0.698422 0.564463 0.700332 0.547105 0.689353 0.543287 0.687443 0.560645
0 0.272659 0.704281 0.274842 0.67765 0.256703 0.672951 0.25452 0.699582
0 0.496936 0.730289 0.49961 0.710412 0.488382 0.705638 0.485708 0.725515
0 0.868639 0.82811 0.869822 0.801054 0.854755 0.798972 0.853572 0.826028
0 0.638843 0.813377 0.647621 0.795946 0.63465 0.775303 0.625873 0.792734
0 0.43292 0.926602 0.435991 0.901133 0.424231 0.896653 0.421161 0.922122
0 0.44925 0.768837 0.453702 0.736788 0.438781 0.730238 0.434329 0.762287
0 0.299353 0.794235 0.303239 0.773596 0.291822 0.766801 0.287935 0.78744
0 0.17306 0.729068 0.177991 0.704187 0.166837 0.697199 0.161905 0.722081
0 0.346236 0.795871 0.34959 0.776211 0.339434 0.770733 0.336079 0.790393
0 0.785048 0.786486 0.787486 0.771187 0.778066 0.766443 0.775628 0.781742
0 0.74804 0.626215 0.750762 0.60408 0.733575 0.5974 0.730853 0.619536
0 0.269261 0.922044 0.279305 0.895857 0.267901 0.882031 0.257856 0.908218
0 0.48553 0.439308 0.490197 0.418062 0.478808 0.410155 0.474141 0.4314
0 0.318571 0.343298 0.3208 0.309277 0.302487 0.305486 0.300259 0.339508
0 0.504932 0.998982 0.50668 0.971208 0.490949 0.968078 0.4892 0.995852
0 0.799276 0.677225 0.800301 0.643114 0.77156 0.640385 0.770536 0.674495
0 0.712164 0.852142 0.712705 0.827873 0.701217 0.827063 0.700675 0.851332
0 0.285583 0.773646 0.288798 0.754799 0.276643 0.748246 0.273428 0.767093
0 0.728351 0.817493 0.728435 0.797765 0.715069 0.797586 0.714986 0.817314
0 0.135257 0.591633 0.142364 0.552209 0.123016 0.541185 0.115908 0.580608
0 0.519345 0.977772 0.523754 0.947433 0.511954 0.942012 0.507544 0.972351
0 0.509057 0.587453 0.510408 0.561806 0.497411 0.559643 0.496061 0.58529
0 0.72734 0.749019 0.729294 0.728086 0.717328 0.724556 0.715374 0.745489
0 0.480415 0.643858 0.481169 0.626171 0.470906 0.624788 0.470152 0.642475
0 0.827771 0.814126 0.829808 0.793423 0.817719 0.789664 0.815682 0.810366
0 0.890184 0.685383 0.891893 0.665252 0.876911 0.661231 0.875202 0.681362
0 0.0895845 0.296503 0.109139 0.187582 0.00658126 0.12939 -0.0129735 0.23831
0 0.699237 0.679015 0.701163 0.662075 0.691864 0.658734 0.689938 0.675674
0 0.636566 0.736793 0.638823 0.716197 0.626255 0.711845 0.623998 0.732441
0 0.545956 0.993175 0.553758 0.96407 0.543146 0.95508 0.535345 0.984185
0 0.511259 0.497624 0.512503 0.480724 0.50044 0.477916 0.499196 0.494816
0 0.736251 0.79293 0.738622 0.776749 0.727087 0.771407 0.724716 0.787587
0 0.662473 0.538972 0.663567 0.523233 0.653086 0.520931 0.651992 0.53667
0 0.294514 0.719073 0.297544 0.693166 0.285209 0.688607 0.282179 0.714514
0 0.869875 0.763671 0.875401 0.748267 0.858173 0.728733 0.852646 0.744137
0 0.43671 1.00443 0.43824 0.984631 0.42798 0.982126 0.42645 1.00192
0 0.418119 0.906274 0.428483 0.873948 0.419403 0.864747 0.409039 0.897073
0 0.520274 0.462049 0.520931 0.433349 0.501946 0.431975 0.501288 0.460675
0 0.637839 0.789985 0.64514 0.766328 0.626057 0.747714 0.618756 0.771371
0 0.696365 0.5862 0.697423 0.56798 0.686621 0.565999 0.685563 0.584219
0 0.807475 0.76597 0.81311 0.749929 0.803734 0.739519 0.798099 0.75556
0 0.786214 0.76428 0.788272 0.746748 0.778745 0.743214 0.776687 0.760746
0 0.488341 0.994536 0.490854 0.969835 0.479119 0.966062 0.476606 0.990763
0 0.324465 0.75196 0.330853 0.728035 0.319554 0.7185 0.313166 0.742425
0 0.43472 0.528941 0.440075 0.504349 0.429305 0.496937 0.42395 0.521528
0 0.391483 0.903446 0.391358 0.87985 0.376986 0.88009 0.37711 0.903687
0 0.0857578 0.664205 0.0890105 0.634268 0.0659626 0.626354 0.0627099 0.65629
0 0.213972 0.814847 0.216326 0.794193 0.205727 0.790375 0.203373 0.811029
0 0.167628 0.809579 0.175541 0.78875 0.167284 0.778837 0.159372 0.799666
0 0.883282 0.760995 0.887174 0.744008 0.876536 0.736305 0.872644 0.753291
0 0.102891 1.00204 0.12391 0.97245 0.114335 0.950957 0.0933163 0.980551
0 0.496613 0.750325 0.498039 0.725333 0.483045 0.722629 0.481619 0.747622
0 0.610393 0.693798 0.61282 0.67369 0.601525 0.669383 0.599098 0.68949
0 0.87365 0.62935 0.874314 0.610337 0.861863 0.608963 0.861199 0.627976
0 0.10291 0.818374 0.1063 0.790239 0.0930253 0.785185 0.0896358 0.81332
0 0.338799 0.810888 0.341401 0.787269 0.33084 0.783592 0.328238 0.807211
0 0.46287 0.523017 0.464395 0.503164 0.451441 0.50002 0.449917 0.519873
0 0.680607 0.821546 0.680988 0.801488 0.668219 0.800721 0.667838 0.820779
0 0.768299 0.681788 0.771309 0.664643 0.759919 0.658323 0.756909 0.675468
0 0.381691 0.569091 0.384826 0.545861 0.374534 0.541471 0.371399 0.564701
0 0.377519 0.838097 0.37903 0.81171 0.359945 0.808255 0.358434 0.834643
0 0.321286 0.819123 0.325659 0.799394 0.315553 0.792313 0.31118 0.812042
0 0.651542 0.926687 0.654956 0.90416 0.641616 0.89777 0.638202 0.920298
0 0.490887 0.663983 0.495331 0.645269 0.485271 0.63772 0.480828 0.656434
0 0.638222 0.978592 0.640365 0.951781 0.626753 0.948343 0.62461 0.975154
0 0.896365 0.637346 0.90009 0.620281 0.887971 0.611921 0.884246 0.628987
0 0.440189 0.495289 0.442336 0.474772 0.430239 0.470771 0.428092 0.491288
0 0.15877 0.70065 0.166749 0.679553 0.158011 0.669109 0.150032 0.690206
0 0.464125 0.712027 0.469352 0.690524 0.458772 0.682395 0.453545 0.703898
0 0.233253 1.00307 0.235676 0.980414 0.220755 0.975369 0.218331 0.998027
0 0.440284 0.583386 0.444957 0.565407 0.436147 0.55817 0.431474 0.576149
0 0.890486 0.797477 0.895531 0.781363 0.884558 0.770505 0.879513 0.78662
0 0.702943 0.798951 0.710229 0.776051 0.702754 0.768534 0.695468 0.791434
0 0.767055 0.799903 0.76806 0.784631 0.758596 0.782663 0.757591 0.797935
0 0.865139 0.803702 0.869065 0.788233 0.859085 0.780228 0.855159 0.795697
0 0.0698821 0.743825 0.0706104 0.718088 0.0574384 0.71691 0.0567101 0.742647
0 0.447299 0.947744 0.449135 0.928037 0.439466 0.925189 0.437629 0.944896
0 0.388673 0.600298 0.395355 0.569085 0.378671 0.557797 0.371989 0.58901
0 0.513588 0.66706 0.516727 0.650625 0.506691 0.644567 0.503553 0.661002
0 0.432542 0.97003 0.436519 0.950899 0.42791 0.945245 0.423934 0.964375
0 0.639381 1.00696 0.642816 0.980725 0.627829 0.974522 0.624394 1.00075
0 0.884916 0.833379 0.886565 0.812475 0.870802 0.808545 0.869153 0.829449
0 0.735537 0.582205 0.736977 0.562298 0.723798 0.559285 0.722358 0.579192
0 0.758195 0.807383 0.759492 0.792013 0.750112 0.789513 0.748816 0.804883
0 0.410825 0.927295 0.418034 0.902239 0.408123 0.893227 0.400915 0.918283
0 0.641559 0.990303 0.64372 0.958668 0.628682 0.955421 0.626521 0.987056
0 0.244221 0.990944 0.255747 0.967788 0.248003 0.955604 0.236476 0.97876
0 0.608169 0.53238 0.609542 0.503572 0.592468 0.501001 0.591095 0.529809
0 0.185337 0.989081 0.192742 0.964456 0.181295 0.953575 0.173889 0.9782
0 0.655142 0.910158 0.659693 0.885759 0.647131 0.878353 0.64258 0.902751
0 0.710928 0.651136 0.712598 0.635705 0.703941 0.632744 0.702271 0.648174
0 0.433512 0.580875 0.435391 0.561221 0.423113 0.557511 0.421234 0.577165
0 0.0683113 0.726012 0.0896762 0.695141 0.0819186 0.678173 0.0605537 0.709044
0 0.488217 0.566138 0.490673 0.54707 0.480273 0.542837 0.477817 0.561905
0 0.829903 0.820909 0.830431 0.799976 0.815815 0.798812 0.815288 0.819745
0 0.667111 0.932313 0.67161 0.904268 0.659398 0.898076 0.654899 0.926121
0 0.533441 0.69852 0.538482 0.680757 0.529833 0.672999 0.524792 0.690762
0 0.145718 0.879764 0.156394 0.855711 0.147434 0.843141 0.136757 0.867194
0 0.0695201 0.814956 0.0826224 0.79175 0.0748033 0.777798 0.0617011 0.801004
0 0.0307365 0.904203 0.0355642 0.872808 0.0169514 0.863762 0.0121236 0.895158
0 0.633632 0.858879 0.639836 0.846059 0.62568 0.824407 0.619476 0.837228
0 0.673361 0.953109 0.683269 0.922215 0.673544 0.912357 0.663635 0.943251
0 0.783744 0.819159 0.783391 0.803078 0.769338 0.804055 0.769691 0.820136
