0 0.994808 0.945881 1.0072 0.824256 0.805851 0.75944 0.793463 0.881065
0 0.85588 0.731843 0.852235 0.687618 0.831995 0.69289 0.835639 0.737115
0 0.0671 1.01775 0.100484 0.979588 0.0865547 0.941079 0.0531706 0.979244
0 0.371811 0.999352 0.37118 0.957865 0.348604 0.958951 0.349235 1.00044
0 0.388335 0.960609 0.395643 0.919614 0.37331 0.907031 0.366002 0.948027
0 0.313054 0.826192 0.312771 0.788148 0.289226 0.788703 0.289509 0.826747
0 0.223931 0.825183 0.229759 0.785772 0.214736 0.778752 0.208909 0.818163
0 0.935277 0.679918 0.970399 0.644498 0.959046 0.608916 0.923923 0.644336
0 0.283548 0.834751 0.293205 0.787219 0.272095 0.773665 0.262439 0.821196
0 0.256388 0.857886 0.256671 0.825071 0.235371 0.824489 0.235087 0.857304
0 0.190141 0.834155 0.186867 0.797011 0.161918 0.80396 0.165192 0.841103
0 0.281861 0.867319 0.292393 0.830274 0.277753 0.817119 0.267221 0.854164
0 0.206657 0.814753 0.221628 0.771002 0.206237 0.754357 0.191266 0.798108
0 0.0489706 1.01157 0.0668638 0.98052 0.0536175 0.956392 0.0357243 0.98744
0 0.315603 0.869953 0.315887 0.833405 0.299292 0.832998 0.299008 0.869546
0 0.0881316 0.925378 0.0863047 0.895477 0.0652276 0.899547 0.0670545 0.929448
0 0.431237 0.741881 0.433791 0.715966 0.416972 0.710728 0.414418 0.736643
0 0.208772 0.776524 0.212249 0.746742 0.196929 0.74109 0.193453 0.770872
0 0.0358503 0.95957 0.0600298 0.932258 0.0518452 0.909357 0.0276657 0.936668
0 0.294881 1.01071 0.308487 0.963597 0.285223 0.942364 0.271618 0.989478
0 0.310603 0.78905 0.314118 0.763504 0.298746 0.75682 0.295232 0.782366
0 0.328272 0.940633 0.341731 0.913765 0.330492 0.895971 0.317033 0.922839
0 0.109604 0.794067 0.111146 0.754917 0.0774785 0.750725 0.0759363 0.789876
0 0.0235948 1.00295 0.0239703 0.969019 0.00223773 0.968259 0.00186232 1.00219
0 0.229835 0.853869 0.223391 0.816033 0.191324 0.833294 0.197768 0.871131
0 0.368332 0.841798 0.380338 0.805456 0.362744 0.787085 0.350738 0.823428
0 0.269485 0.934804 0.298161 0.895057 0.28207 0.858369 0.253395 0.898116
0 0.546472 0.712346 0.55718 0.681704 0.544489 0.667686 0.53378 0.698329
0 0.367265 0.863589 0.374776 0.838659 0.357761 0.822456 0.35025 0.847387
0 0.0384124 0.931086 0.0579418 0.910585 0.0501273 0.887058 0.0305979 0.90756
0 0.416836 0.82391 0.425033 0.795839 0.406248 0.778502 0.398051 0.806572
0 0.57932 0.794264 0.578875 0.757359 0.561143 0.758034 0.561588 0.79494
0 0.881283 0.755228 0.895256 0.73 0.876817 0.697722 0.862843 0.72295
0 0.236389 0.811868 0.246448 0.789007 0.235925 0.774374 0.225866 0.797235
0 0.279563 0.775236 0.28623 0.746916 0.274974 0.738541 0.268307 0.766861
0 0.307687 0.745774 0.309197 0.720199 0.286855 0.716029 0.285345 0.741605
0 0.313127 0.920898 0.320549 0.88042 0.302478 0.869947 0.295055 0.910425
0 0.458587 0.746188 0.462754 0.721046 0.451691 0.715251 0.447523 0.740392
0 0.264094 0.838947 0.26981 0.810488 0.255652 0.801499 0.249936 0.829959
0 0.873409 0.709904 0.87937 0.689558 0.866152 0.677318 0.860191 0.697664
0 0.264195 0.807889 0.266356 0.7839 0.248408 0.778789 0.246246 0.802778
0 0.432495 0.709385 0.436422 0.683886 0.421875 0.676806 0.417948 0.702305
0 0.112713 0.931762 0.113912 0.900253 0.0942075 0.897882 0.0930079 0.929391
0 0.463754 0.783043 0.463558 0.751674 0.443779 0.752065 0.443976 0.783433
0 0.0337116 0.993064 0.0416495 0.965528 0.0301683 0.955068 0.0222304 0.982604
0 0.210319 0.83417 0.209267 0.80933 0.188468 0.812113 0.18952 0.836953
0 0.92151 0.623031 0.940836 0.599544 0.932604 0.578136 0.913278 0.601622
0 0.262087 0.89573 0.262631 0.861363 0.241971 0.860328 0.241426 0.894695
0 0.197645 0.817959 0.20061 0.792949 0.184557 0.786935 0.181592 0.811946
0 0.248892 0.764513 0.252344 0.743583 0.238875 0.736564 0.235424 0.757494
0 0.954261 0.448649 0.967586 0.421986 0.95688 0.405078 0.943556 0.431741
0 0.910984 0.619908 0.927611 0.581494 0.914609 0.563707 0.897982 0.602121
0 0.860018 0.214846 0.850351 0.153673 0.805626 0.176012 0.815293 0.237184
0 0.316631 0.846117 0.325271 0.8257 0.315007 0.811973 0.306368 0.832391
0 0.176327 0.80604 0.198397 0.770479 0.185149 0.744496 0.16308 0.780057
0 0.296938 0.7203 0.299783 0.696809 0.287907 0.692264 0.285063 0.715756
0 0.943327 0.523027 0.956646 0.500746 0.947328 0.48314 0.934008 0.505421
0 0.760878 0.771863 0.779735 0.754586 0.77292 0.731079 0.754063 0.748355
0 0.323524 0.864995 0.326263 0.837968 0.314098 0.834071 0.311358 0.861098
0 0.111689 0.907237 0.111525 0.876089 0.0920345 0.876413 0.0921986 0.907561
0 0.991807 0.517127 1.00559 0.491985 0.983555 0.453815 0.969773 0.478957
0 0.425101 0.875776 0.428259 0.839375 0.408482 0.833952 0.405324 0.870353
0 0.322485 0.920864 0.336428 0.889134 0.32541 0.873833 0.311467 0.905563
0 0.448512 0.697421 0.450865 0.679112 0.433802 0.672181 0.431449 0.690491
0 0.440205 0.79339 0.441303 0.767033 0.428709 0.765376 0.427611 0.791733
0 0.31115 0.958098 0.323534 0.923655 0.311326 0.909782 0.298941 0.944226
0 0.353099 0.83236 0.355324 0.807459 0.339711 0.803049 0.337485 0.82795
0 0.408294 0.88396 0.411237 0.856912 0.396299 0.851774 0.393356 0.878823
0 0.899307 0.472142 0.904189 0.446707 0.888503 0.437192 0.883622 0.462627
0 0.219832 0.768171 0.226934 0.75112 0.21313 0.732947 0.206028 0.749999
0 0.0252368 0.982561 0.0326479 0.946731 0.017899 0.93709 0.010488 0.972919
0 0.299529 0.802486 0.306326 0.774788 0.286757 0.759611 0.27996 0.787309
0 0.946822 0.565526 0.948524 0.540892 0.934487 0.537826 0.932784 0.562461
0 0.134463 0.919419 0.135315 0.894588 0.113788 0.892253 0.112936 0.917084
0 0.471276 0.830986 0.473948 0.797926 0.45779 0.793799 0.455119 0.826859
0 0.372951 0.910083 0.375336 0.879827 0.360938 0.876239 0.358553 0.906496
0 0.452111 0.681223 0.45469 0.660697 0.441475 0.655451 0.438896 0.675976
0 0.0541163 0.971556 0.0725096 0.938264 0.0619536 0.919832 0.0435603 0.953124
0 0.179719 0.306579 0.208978 0.26932 0.176923 0.189758 0.147663 0.227017
0 0.641083 0.796639 0.644287 0.760549 0.630111 0.756571 0.626907 0.792661
0 0.062621 0.975644 0.0802295 0.949404 0.0727035 0.933442 0.0550951 0.959683
0 0.391044 0.897543 0.400646 0.873889 0.384807 0.853568 0.375205 0.877223
0 0.0248636 0.63349 0.0353193 0.602196 0.0218795 0.588004 0.0114238 0.619298
0 0.149579 0.991375 0.149315 0.944193 0.116961 0.944765 0.117226 0.991948
0 0.43809 0.833378 0.434002 0.785814 0.418986 0.789892 0.423074 0.837457
0 0.425417 0.77595 0.428716 0.750563 0.414905 0.744893 0.411606 0.770279
0 0.745503 0.710975 0.748786 0.689961 0.737364 0.684323 0.734082 0.705336
0 0.592362 0.779552 0.599735 0.751914 0.586797 0.741006 0.579424 0.768644
0 0.150918 0.903241 0.14983 0.875268 0.132074 0.877451 0.133162 0.905424
0 0.232907 0.783333 0.236153 0.759435 0.222619 0.753624 0.219373 0.777523
0 0.0122997 0.924996 0.0145224 0.892614 -0.00202377 0.889025 -0.00424652 0.921406
0 0.39864 0.933445 0.407641 0.905991 0.388353 0.886005 0.379352 0.913458
0 0.156302 0.930468 0.151021 0.901959 0.124335 0.917581 0.129615 0.94609
0 1.00386 0.496954 1.00724 0.444165 0.975797 0.437787 0.97241 0.490576
0 0.998358 0.718697 0.997148 0.681516 0.971398 0.684164 0.972608 0.721345
0 0.26055 0.762471 0.269125 0.745626 0.260367 0.731535 0.251791 0.74838
0 0.0719358 0.906386 0.0799431 0.883738 0.0695622 0.872138 0.0615549 0.894786
0 0.254474 0.178596 0.260239 0.127665 0.216515 0.112025 0.21075 0.162956
0 0.955281 0.552683 0.962647 0.536076 0.949889 0.518191 0.942523 0.534797
0 0.381878 0.815144 0.392052 0.798018 0.377217 0.770165 0.367043 0.787292
0 0.863758 0.673466 0.870991 0.649118 0.857037 0.636018 0.849805 0.660366
0 0.558999 0.860973 0.563099 0.842328 0.550177 0.833347 0.546077 0.851992
0 0.234627 0.907315 0.234661 0.882201 0.21595 0.88212 0.215916 0.907234
0 0.775618 0.747159 0.792749 0.720454 0.781936 0.698532 0.764805 0.725236
0 0.780935 0.691649 0.790059 0.668515 0.77847 0.654069 0.769346 0.677203
0 0.225754 0.745322 0.232581 0.720777 0.221648 0.711166 0.214821 0.735711
0 0.439578 0.747601 0.442611 0.726626 0.430653 0.721161 0.42762 0.742137
0 0.357854 0.802807 0.377239 0.782544 0.368991 0.757605 0.349606 0.777868
0 0.245329 0.786891 0.252988 0.76687 0.244683 0.756829 0.237024 0.77685
0 0.991699 0.57838 1.00018 0.561478 0.990916 0.546787 0.982435 0.563688
0 0.27489 0.889719 0.278774 0.861432 0.264137 0.85508 0.260253 0.883367
0 0.125418 1.00662 0.127565 0.973736 0.104295 0.968935 0.102148 1.00182
0 0.299432 0.86346 0.301721 0.828421 0.286754 0.825331 0.284465 0.86037
0 0.817837 0.726269 0.829895 0.702275 0.821032 0.688196 0.808973 0.71219
0 0.80241 0.66233 0.811584 0.635315 0.792853 0.615211 0.783679 0.642226
0 0.298771 0.161321 0.310696 0.0961695 0.254748 0.0638063 0.242824 0.128958
0 0.278335 0.565475 0.321672 0.502474 0.29238 0.438794 0.249044 0.501796
0 0.151389 0.94815 0.146413 0.913709 0.115587 0.927786 0.120563 0.962227
0 0.819659 0.696949 0.827742 0.665809 0.816435 0.656533 0.808352 0.687673
0 0.0595631 0.126245 0.0807947 0.029603 0.0509121 0.00885444 0.0296805 0.105497
0 0.17974 0.903991 0.17893 0.864854 0.154737 0.866437 0.155547 0.905574
0 0.953324 0.712314 0.99841 0.66881 0.984217 0.622321 0.939131 0.665825
0 0.461813 0.686061 0.46576 0.664854 0.451803 0.656645 0.447856 0.677852
0 0.102348 0.8758 0.113312 0.846853 0.100933 0.832034 0.0899689 0.86098
0 0.489618 0.813934 0.496026 0.781271 0.482527 0.772901 0.476119 0.805564
0 0.0376871 0.984138 0.0483452 0.958248 0.036153 0.942385 0.0254949 0.968275
0 0.248513 0.307813 0.285848 0.224968 0.232371 0.148801 0.195036 0.231647
0 0.973662 0.528334 0.981503 0.505622 0.971609 0.494827 0.963768 0.517539
0 0.969016 0.604798 0.992687 0.580821 0.984671 0.55581 0.961 0.579788
0 0.618202 0.727673 0.6255 0.704664 0.616782 0.695924 0.609484 0.718933
0 0.232951 0.853792 0.242092 0.826634 0.231786 0.81567 0.222645 0.842828
0 0.408229 1.00354 0.415819 0.973947 0.40158 0.962406 0.39399 0.992002
0 0.993734 0.535798 0.996731 0.517012 0.979368 0.508259 0.976371 0.527045
0 0.931793 0.584924 0.939002 0.564166 0.923799 0.54748 0.91659 0.568238
0 0.339097 1.0152 0.356458 0.968223 0.335339 0.943559 0.317978 0.990539
0 0.819667 0.482592 0.826766 0.468814 0.813855 0.447792 0.806757 0.461569
0 0.347891 0.917727 0.351526 0.896031 0.338822 0.889303 0.335186 0.910998
0 0.979776 0.552716 0.983795 0.531449 0.966865 0.521336 0.962845 0.542603
0 0.168345 0.852805 0.170891 0.823082 0.153302 0.81832 0.150756 0.848043
0 0.276506 0.748431 0.279227 0.729119 0.267781 0.724022 0.26506 0.743335
0 0.569694 0.825757 0.571796 0.796814 0.556749 0.793359 0.554646 0.822302
0 0.131215 0.92842 0.131598 0.906093 0.113213 0.905096 0.112829 0.927423
0 0.613663 0.759501 0.617836 0.741319 0.608477 0.734531 0.604304 0.752712
0 0.571456 0.853924 0.578088 0.825589 0.568263 0.818322 0.561632 0.846657
0 0.583252 0.763501 0.585054 0.734183 0.571356 0.731522 0.569554 0.76084
0 0.126939 0.283474 0.130044 0.237694 0.105319 0.232394 0.102214 0.278174
0 0.0503754 0.845782 0.0509832 0.824051 0.0358138 0.82271 0.035206 0.844441
0 0.0613433 0.894465 0.0776771 0.869027 0.0693143 0.852056 0.0529805 0.877495
0 0.812397 0.488968 0.815494 0.4669 0.800009 0.460032 0.796912 0.482099
0 0.615603 0.836924 0.632062 0.793358 0.614495 0.772384 0.598037 0.815949
0 0.833605 0.772472 0.834589 0.745462 0.815349 0.743247 0.814365 0.770257
0 0.729458 0.687208 0.734469 0.659708 0.723285 0.653268 0.718275 0.680768
0 0.0433993 0.790515 0.0547917 0.765978 0.0466914 0.754092 0.0352991 0.778629
0 0.405322 0.862226 0.406956 0.837261 0.392282 0.834225 0.390648 0.859189
0 0.023423 0.702502 0.028329 0.68532 0.0127048 0.67122 0.00779888 0.688402
0 0.902198 0.763859 0.905549 0.743208 0.892746 0.736644 0.889396 0.757294
0 0.267167 1.00376 0.273718 0.973656 0.251568 0.95842 0.245016 0.988524
0 0.568287 1.00792 0.571351 0.979074 0.542423 0.969363 0.539359 0.998211
0 0.208012 0.100752 0.227123 0.0802644 0.210412 0.0309962 0.191301 0.051484
0 0.728993 0.513972 0.736652 0.492699 0.719181 0.472818 0.711522 0.494091
0 0.436131 0.651836 0.43749 0.625457 0.422258 0.622977 0.420899 0.649356
0 0.449885 0.665512 0.451078 0.639122 0.435471 0.636893 0.434278 0.663283
0 0.849829 0.660044 0.85166 0.641904 0.840103 0.638217 0.838272 0.656358
0 0.162515 0.145025 0.158838 0.101336 0.117856 0.112238 0.121534 0.155927
0 0.309001 0.721717 0.31128 0.701968 0.30015 0.697909 0.297871 0.717657
0 0.162956 0.795925 0.168849 0.766699 0.154157 0.757336 0.148264 0.786562
0 0.908359 0.493562 0.910114 0.470403 0.898053 0.467514 0.896298 0.490673
0 0.615531 0.629484 0.630085 0.595012 0.618385 0.579401 0.603832 0.613874
0 1.00136 0.77942 1.00412 0.738803 0.971313 0.731767 0.968557 0.772384
0 0.44344 0.71738 0.446007 0.695971 0.434983 0.691793 0.432416 0.713203
0 0.570197 0.755676 0.571991 0.736891 0.559319 0.733066 0.557525 0.751851
0 0.658294 0.794066 0.663953 0.75468 0.642272 0.744836 0.636613 0.784222
0 0.761924 0.749715 0.766562 0.72899 0.752822 0.719272 0.748184 0.739996
0 0.256142 0.784794 0.262888 0.764228 0.25432 0.755346 0.247574 0.775912
0 0.590626 0.711461 0.597853 0.697677 0.590445 0.685401 0.583218 0.699185
0 0.0957242 0.900195 0.101376 0.84291 0.0776324 0.835507 0.0719809 0.892792
0 0.157093 0.285175 0.16144 0.247182 0.139862 0.23938 0.135515 0.277372
0 0.85599 0.698937 0.863365 0.676715 0.8469 0.659444 0.839525 0.681666
0 0.893143 0.495007 0.900744 0.472765 0.889193 0.46029 0.881592 0.482532
0 0.132274 0.900219 0.137871 0.859701 0.108633 0.846937 0.103036 0.887455
0 0.532595 0.809963 0.524915 0.757986 0.500759 0.769266 0.508438 0.821243
0 0.890032 0.770395 0.889299 0.741222 0.86697 0.742996 0.867703 0.772168
0 0.0094445 0.974034 0.0214674 0.941854 0.0104051 0.928792 -0.00161778 0.960971
0 0.395208 0.746799 0.396563 0.725042 0.386629 0.723087 0.385275 0.744844
0 0.968891 0.490982 0.974927 0.472288 0.964571 0.461721 0.958535 0.480415
0 0.0610411 0.840081 0.0738285 0.814729 0.0639639 0.799004 0.0511765 0.824356
0 0.912484 0.575716 0.913744 0.552211 0.898279 0.54959 0.897019 0.573096
0 0.291932 0.948689 0.30664 0.915821 0.290247 0.892637 0.27554 0.925505
0 0.7303 0.660973 0.735946 0.635529 0.726176 0.628677 0.72053 0.654121
0 0.378556 0.993378 0.391686 0.962408 0.380186 0.947 0.367057 0.977971
0 0.450756 0.639436 0.452215 0.61913 0.440773 0.616533 0.439314 0.636838
0 0.304035 0.963284 0.30373 0.932537 0.278676 0.933324 0.278982 0.964071
0 0.9117 0.527617 0.916475 0.495089 0.903488 0.489063 0.898712 0.521591
0 0.0211471 0.722649 0.0229059 0.693367 0.006409 0.690235 0.00465014 0.719517
0 0.536958 0.719149 0.539336 0.68574 0.523017 0.682068 0.520639 0.715477
0 0.173378 0.138756 0.197816 0.107015 0.171176 0.042194 0.146738 0.073935
0 0.901164 0.614749 0.905285 0.574011 0.877525 0.565135 0.873404 0.605874
0 0.623096 0.782491 0.62549 0.762833 0.613412 0.758184 0.611018 0.777841
0 0.833622 0.66308 0.837288 0.643549 0.827926 0.637995 0.82426 0.657526
0 0.898014 0.51052 0.902428 0.490532 0.892286 0.483455 0.887872 0.503443
0 0.630717 1.00865 0.634522 0.975211 0.616234 0.968634 0.612429 1.00207
0 1.00336 0.32925 1.00459 0.283625 0.989378 0.282328 0.988147 0.327952
0 0.55353 0.738997 0.556522 0.706566 0.540957 0.702028 0.537966 0.73446
0 0.48819 0.719236 0.496932 0.696358 0.486559 0.683832 0.477818 0.70671
0 0.945021 0.542326 0.947161 0.521909 0.933938 0.517528 0.931798 0.537945
0 0.128771 0.768377 0.129835 0.742823 0.113249 0.74064 0.112185 0.766194
0 0.301723 0.767825 0.305269 0.747924 0.288817 0.73866 0.285271 0.758561
0 0.97089 0.614797 0.987806 0.588983 0.97592 0.564366 0.959004 0.590179
0 0.517159 0.855417 0.524195 0.819459 0.50483 0.807483 0.497794 0.843441
0 1.00224 0.531595 1.00476 0.509501 0.986894 0.503072 0.984378 0.525166
0 0.208266 0.882596 0.210234 0.861073 0.196349 0.85706 0.194381 0.878583
0 0.597709 0.726288 0.603916 0.707461 0.595351 0.698536 0.589143 0.717363
0 0.233554 0.0966608 0.246036 0.0614683 0.224286 0.0370887 0.211805 0.0722812
0 0.996973 0.647401 1.00636 0.626662 0.984515 0.595416 0.975129 0.616155
0 0.473759 0.598551 0.475648 0.574159 0.463514 0.571189 0.461625 0.595582
0 0.595245 0.890926 0.600695 0.851111 0.585752 0.844647 0.580302 0.884462
0 0.301338 0.87808 0.302588 0.844259 0.287076 0.842447 0.285826 0.876268
0 0.837753 0.70436 0.838941 0.681279 0.827944 0.679491 0.826756 0.702572
0 0.852595 0.503526 0.850175 0.480136 0.829033 0.487048 0.831452 0.510437
0 0.175587 0.862536 0.17803 0.839107 0.165402 0.834946 0.162959 0.858375
0 1.00083 0.556189 1.00374 0.535502 0.98714 0.528128 0.984231 0.548815
0 0.0107972 0.664784 0.0255179 0.645066 0.0167896 0.624471 0.00206892 0.644189
0 0.552113 0.98427 0.56279 0.922914 0.537023 0.908744 0.526347 0.9701
0 0.831138 0.625666 0.837337 0.600261 0.826457 0.59187 0.820258 0.617275
0 0.977355 0.467952 0.979755 0.44051 0.965084 0.436456 0.962685 0.463898
0 0.044049 0.152442 0.0517017 -0.00751423 -0.0237711 -0.0189261 -0.0314238 0.14103
0 0.455031 0.832088 0.457832 0.780692 0.437871 0.777254 0.43507 0.82865
0 0.976366 0.382619 1.00226 0.353617 0.99096 0.321718 0.965063 0.350721
0 0.551496 0.666327 0.556589 0.638578 0.54349 0.63098 0.538397 0.658729
0 1.00068 0.289248 1.00624 0.256587 0.990184 0.247957 0.984628 0.280618
0 0.185963 0.625151 0.199869 0.554335 0.180581 0.542365 0.166676 0.613182
0 0.262854 0.702297 0.265057 0.684908 0.254266 0.680588 0.252063 0.697977
0 0.322729 0.88677 0.325157 0.864652 0.311468 0.859902 0.30904 0.882019
0 0.879999 0.707136 0.896786 0.689994 0.883844 0.649936 0.867056 0.667079
0 0.2609 0.92614 0.265081 0.900137 0.250323 0.892638 0.246143 0.918641
0 0.495198 0.844648 0.503235 0.817573 0.493729 0.808655 0.485692 0.83573
0 0.0127865 0.935414 0.0205358 0.916759 0.0112024 0.904505 0.00345305 0.92316
0 0.624987 0.765026 0.632493 0.738952 0.621645 0.729082 0.614138 0.755156
0 0.600054 0.975963 0.609388 0.943197 0.595399 0.930603 0.586065 0.963369
0 0.146893 0.810796 0.15451 0.790839 0.144741 0.779056 0.137124 0.799014
0 0.385413 0.90559 0.387289 0.876277 0.374047 0.873598 0.372171 0.902911
0 0.0317474 0.735147 0.033621 0.714242 0.0210783 0.710689 0.0192047 0.731595
0 0.0962457 0.962989 0.0987889 0.942423 0.0849586 0.937017 0.0824154 0.957584
0 0.334151 0.889363 0.343073 0.859723 0.331588 0.848797 0.322666 0.878437
0 0.594839 0.743938 0.599828 0.727025 0.591022 0.718815 0.586033 0.735729
0 0.947437 0.501351 0.952487 0.457657 0.934309 0.451018 0.92926 0.494712
0 0.906817 0.45164 0.911002 0.433558 0.898815 0.424641 0.894629 0.442723
0 0.91669 0.491064 0.920712 0.473561 0.908204 0.464478 0.904182 0.481981
0 0.0946446 0.940164 0.0969314 0.917795 0.0844995 0.913778 0.0822127 0.936147
0 0.34804 0.859871 0.35256 0.840598 0.340106 0.831367 0.335586 0.85064
0 0.622207 0.741274 0.628288 0.720437 0.618952 0.711827 0.612871 0.732664
0 0.141782 0.706465 0.158386 0.689157 0.152353 0.670867 0.135749 0.688175
0 0.962322 0.63113 0.972453 0.611429 0.962954 0.59599 0.952823 0.615692
0 0.630791 0.75157 0.641647 0.731461 0.634842 0.719851 0.623986 0.73996
0 0.902057 0.729629 0.907699 0.707608 0.892348 0.695177 0.886705 0.717198
0 0.067551 0.920382 0.0712707 0.89229 0.0555342 0.885704 0.0518145 0.913797
0 0.910029 0.713131 0.912632 0.687982 0.897005 0.682869 0.894402 0.708018
0 0.610141 0.738508 0.614045 0.718377 0.605256 0.71299 0.601352 0.733121
0 0.16188 0.878108 0.167179 0.856703 0.156242 0.848145 0.150942 0.86955
0 0.931806 0.704102 0.937331 0.67872 0.926062 0.670968 0.920537 0.69635
0 0.999732 0.608915 1.00441 0.587045 0.989918 0.577241 0.985238 0.599111
0 0.0733809 0.716521 0.0902133 0.683705 0.0794285 0.666222 0.0625961 0.699038
0 0.0640849 0.175643 0.06389 -0.0324683 -3.26685e-05 -0.032279 0.000162281 0.175832
0 0.286086 0.875944 0.290059 0.855298 0.27627 0.846912 0.272297 0.867557
