0 0.988105 0.957192 0.999944 0.841891 0.795181 0.775441 0.783342 0.890742
0 0.140104 0.703491 0.152108 0.664959 0.135787 0.648889 0.123783 0.687422
0 0.240933 0.811589 0.238383 0.779372 0.214876 0.785252 0.217426 0.817469
0 0.440974 0.770024 0.444464 0.744713 0.429097 0.738016 0.425607 0.763326
0 0.0565464 0.922405 0.0605582 0.896483 0.0469818 0.889842 0.04297 0.915764
0 0.657819 0.794074 0.67015 0.739391 0.625382 0.707485 0.613051 0.762167
0 0.445444 0.728137 0.449509 0.708538 0.43915 0.701748 0.435085 0.721346
0 0.427718 0.786777 0.43348 0.762099 0.41418 0.747858 0.408418 0.772536
0 0.430614 0.582878 0.4256 0.527857 0.401192 0.534888 0.406207 0.589909
0 0.183218 0.840649 0.191596 0.799951 0.172896 0.787784 0.164518 0.828482
0 0.102631 0.987306 0.130676 0.94795 0.11903 0.92172 0.0909844 0.961076
0 0.034221 0.951296 0.0491856 0.923364 0.0379061 0.904265 0.0229416 0.932198
0 0.261695 0.836484 0.267378 0.814035 0.25497 0.804106 0.249286 0.826555
0 0.104764 0.736487 0.104438 0.714312 0.0882247 0.715064 0.08855 0.737239
0 0.553855 0.724814 0.554963 0.703581 0.540452 0.701188 0.539344 0.722421
0 0.514532 0.880001 0.516636 0.848361 0.499078 0.844671 0.496974 0.876311
0 0.495538 0.838916 0.500582 0.822717 0.487794 0.810134 0.482751 0.826334
0 0.257404 0.882839 0.285205 0.854882 0.276635 0.827945 0.248833 0.855902
0 0.105029 0.327497 0.10132 0.279304 0.0787631 0.284791 0.0824722 0.332984
0 0.532344 0.74528 0.534372 0.722884 0.521326 0.719151 0.519298 0.741547
0 0.174029 0.778618 0.178188 0.758179 0.163073 0.748459 0.158914 0.768898
0 0.379335 0.846024 0.383751 0.824662 0.367121 0.813796 0.362705 0.835158
0 0.55383 0.865156 0.557151 0.832855 0.54 0.827282 0.536678 0.859582
0 0.396374 0.918804 0.396221 0.8799 0.373081 0.880187 0.373233 0.919091
0 0.15581 0.865003 0.172903 0.825254 0.157817 0.804749 0.140723 0.844498
0 0.170074 0.726023 0.170933 0.704019 0.157494 0.702361 0.156635 0.724365
0 0.381867 0.791604 0.388669 0.760084 0.375491 0.751097 0.368689 0.782616
0 0.146364 0.800775 0.168063 0.778244 0.160953 0.756603 0.139254 0.779135
0 0.174268 0.683206 0.175556 0.658955 0.157981 0.656005 0.156693 0.680255
0 0.0878759 0.707445 0.0898463 0.688515 0.0782694 0.684706 0.076299 0.703637
0 0.75183 0.758653 0.753839 0.728135 0.733422 0.723887 0.731413 0.754405
0 0.23899 0.783389 0.239507 0.76475 0.227174 0.763669 0.226657 0.782307
0 0.209925 0.754408 0.214488 0.724549 0.197171 0.716185 0.192608 0.746045
0 0.559983 0.826055 0.567539 0.799524 0.554838 0.788092 0.547282 0.814623
0 0.61419 0.615152 0.622856 0.592982 0.604657 0.570498 0.595991 0.592667
0 0.246517 0.841454 0.251742 0.80853 0.235809 0.800539 0.230584 0.833463
0 0.0305681 0.927822 0.0309453 0.905644 0.00864148 0.904445 0.00826433 0.926623
0 0.513544 0.780721 0.521709 0.755512 0.50396 0.737344 0.495796 0.762554
0 0.15958 0.716349 0.159784 0.696353 0.14546 0.695891 0.145256 0.715887
0 0.411404 0.793667 0.416191 0.770135 0.402482 0.761323 0.397695 0.784855
0 0.0567246 1.01049 0.0683272 0.981299 0.0547562 0.964251 0.0431536 0.993443
0 0.374704 1.00391 0.376504 0.972432 0.357783 0.969049 0.355982 1.00052
0 0.497251 0.809959 0.495737 0.779481 0.477239 0.782386 0.478753 0.812864
0 0.531457 0.845645 0.535888 0.813481 0.519495 0.806342 0.515063 0.838506
0 0.143944 0.746176 0.146727 0.722845 0.133436 0.717834 0.130653 0.741165
0 0.0492324 0.660371 0.0527593 0.623744 0.0319084 0.617398 0.0283815 0.654026
0 0.389178 0.756757 0.395368 0.738835 0.385279 0.727822 0.379089 0.745744
0 0.157226 0.813035 0.167317 0.790788 0.15907 0.778964 0.148979 0.801212
0 0.0578313 0.833744 0.0588711 0.810192 0.0459369 0.808387 0.044897 0.831939
0 0.15724 0.766883 0.163005 0.749454 0.154094 0.740138 0.148329 0.757567
0 0.5284 0.801779 0.534919 0.779678 0.519963 0.765735 0.513444 0.787836
0 0.0832402 0.93468 0.0926986 0.910166 0.0818991 0.896997 0.0724408 0.92151
0 0.585586 0.811903 0.595448 0.789477 0.584358 0.774063 0.574496 0.796489
0 0.413037 0.75509 0.422863 0.724222 0.409949 0.711231 0.400123 0.742098
0 0.521408 0.819182 0.524176 0.796691 0.510387 0.791328 0.507619 0.813819
0 0.694396 0.76644 0.697589 0.746355 0.685224 0.740145 0.682032 0.760229
0 0.674614 0.725269 0.678272 0.706259 0.668338 0.700218 0.66468 0.719228
0 0.0247371 0.617927 0.02505 0.551886 -0.00717312 0.551404 -0.007486 0.617445
0 0.773689 0.770332 0.770639 0.733162 0.754213 0.737421 0.757263 0.774592
0 0.57822 0.73039 0.588464 0.714052 0.576966 0.691265 0.566722 0.707603
0 0.547554 0.828163 0.551444 0.781695 0.535353 0.777438 0.531464 0.823906
0 0.410797 0.771959 0.414075 0.751927 0.403219 0.746312 0.399941 0.766345
0 0.407459 0.731437 0.408884 0.696793 0.393136 0.694746 0.391711 0.729389
0 0.389805 0.751022 0.392806 0.730991 0.380812 0.725312 0.377811 0.745343
0 0.193153 0.569961 0.196402 0.545623 0.17509 0.536633 0.171842 0.560971
0 0.0996779 0.701753 0.101611 0.685567 0.0918715 0.681891 0.0899387 0.698078
0 0.694389 0.745418 0.698827 0.726604 0.690503 0.720398 0.686065 0.739212
0 0.574215 0.793745 0.577093 0.774044 0.567059 0.76941 0.56418 0.789111
0 0.472193 0.710391 0.476325 0.689757 0.460688 0.679862 0.456557 0.700496
0 0.191552 0.719774 0.197194 0.680465 0.17715 0.671373 0.171508 0.710682
0 0.19626 0.544429 0.197133 0.524771 0.183299 0.52283 0.182426 0.542487
0 0.0428992 0.904963 0.0502807 0.890468 0.0432115 0.87909 0.03583 0.893585
0 0.0699501 0.855237 0.0708695 0.83323 0.0591991 0.831689 0.0582797 0.853696
0 0.699994 0.722792 0.70456 0.701838 0.694523 0.694925 0.689956 0.715879
0 0.0996475 0.837793 0.0994394 0.818354 0.0829764 0.818911 0.0831845 0.83835
0 0.581091 0.773588 0.584312 0.750918 0.573068 0.745868 0.569846 0.768538
0 0.0791542 0.921172 0.0867623 0.867834 0.0694525 0.860031 0.0618444 0.913368
0 0.216633 0.496457 0.22435 0.462074 0.200845 0.4454 0.193128 0.479783
0 0.186834 0.771724 0.191462 0.750814 0.177402 0.740981 0.172775 0.761891
0 0.0945552 0.797396 0.100288 0.769149 0.087669 0.761055 0.0819364 0.789302
0 0.740679 0.729908 0.750206 0.707894 0.739807 0.693673 0.730281 0.715687
0 0.999887 0.572856 1.00035 0.547628 0.982651 0.546592 0.982184 0.571819
0 0.483145 0.833106 0.486475 0.810966 0.474965 0.805495 0.471635 0.827635
0 0.394415 0.826162 0.394969 0.796145 0.375735 0.795023 0.375181 0.82504
0 0.21514 0.518805 0.217017 0.497838 0.204349 0.494254 0.202472 0.515221
0 0.0779957 0.747637 0.0851585 0.727272 0.0768355 0.71802 0.0696727 0.738384
0 0.0828506 0.342607 0.091425 0.296146 0.060949 0.27837 0.0523746 0.324831
0 0.731909 0.743721 0.735255 0.71973 0.72561 0.71548 0.722265 0.739471
0 0.0697607 0.773781 0.0774568 0.752956 0.0696925 0.743888 0.0619964 0.764713
0 0.795491 0.545658 0.802755 0.523853 0.793153 0.513743 0.785889 0.535548
0 0.491049 0.899167 0.496937 0.881084 0.481372 0.865068 0.475485 0.88315
0 0.0944429 0.801445 0.0980577 0.777785 0.0837697 0.770886 0.0801549 0.794546
0 0.665275 0.718794 0.667768 0.69552 0.653819 0.690799 0.651327 0.714073
0 0.0398695 0.920675 0.0445384 0.899487 0.0324078 0.891038 0.0277388 0.912226
0 0.0982519 0.823757 0.0992531 0.798209 0.0822823 0.796107 0.081281 0.821655
0 0.205541 0.797188 0.216964 0.768106 0.193888 0.739459 0.182464 0.768542
0 0.194204 0.505052 0.195786 0.480213 0.176281 0.476285 0.174698 0.501124
0 0.142669 0.802453 0.160852 0.779742 0.153824 0.761957 0.135641 0.784668
0 0.757026 0.789027 0.759376 0.753297 0.739657 0.749197 0.737306 0.784927
0 0.0615204 0.765199 0.0712256 0.747084 0.062905 0.732995 0.0531998 0.75111
0 0.220684 0.787167 0.229583 0.767814 0.22162 0.75624 0.21272 0.775593
0 0.199718 0.801693 0.207899 0.779427 0.189296 0.757823 0.181114 0.780088
0 0.545017 0.880617 0.546942 0.857946 0.532591 0.854095 0.530666 0.876766
0 0.21145 0.552526 0.214797 0.529617 0.197072 0.521434 0.193725 0.544342
0 0.362648 0.749263 0.364201 0.726142 0.350426 0.723217 0.348872 0.746338
0 0.0513985 0.587514 0.052023 0.569668 0.040327 0.568375 0.0397025 0.58622
0 0.160846 0.742502 0.16176 0.719375 0.14635 0.717451 0.145436 0.740578
0 0.262702 0.852919 0.267138 0.829693 0.25473 0.822203 0.250294 0.84543
0 0.0460873 0.614367 0.0470293 0.594533 0.0335718 0.592513 0.0326298 0.612347
0 0.046029 1.00574 0.0461337 0.983206 0.0231679 0.982869 0.0230632 1.0054
0 0.0323738 0.780046 0.0395484 0.688855 -0.00564113 0.677618 -0.0128158 0.768809
0 0.558295 0.743248 0.562828 0.723088 0.552533 0.715771 0.548 0.735931
0 0.400081 0.68878 0.401103 0.663531 0.389799 0.662085 0.388777 0.687334
0 0.165108 0.820369 0.175845 0.792919 0.167178 0.782204 0.15644 0.809655
0 0.724389 0.724391 0.728302 0.703382 0.717784 0.697189 0.71387 0.718198
0 0.0765381 0.791033 0.0899151 0.767649 0.0810999 0.751711 0.0677229 0.775095
0 0.0804535 0.883806 0.0853308 0.846655 0.068594 0.839711 0.0637167 0.876861
0 0.399247 0.838581 0.40263 0.813588 0.38964 0.808032 0.386257 0.833024
0 0.449599 0.613031 0.451136 0.59318 0.439903 0.590431 0.438366 0.610282
0 0.0601959 0.897451 0.068485 0.874705 0.0584302 0.863124 0.0501411 0.88587
0 0.51293 0.855197 0.52115 0.842556 0.511094 0.821891 0.502874 0.834531
0 0.562761 0.794419 0.567124 0.763952 0.55086 0.75659 0.546497 0.787057
0 0.158183 0.6984 0.160231 0.672235 0.145532 0.668598 0.143484 0.694763
0 0.072992 0.816374 0.0793746 0.795093 0.0704729 0.786655 0.0640904 0.807936
0 0.450489 0.696571 0.45285 0.678476 0.441376 0.673744 0.439015 0.691839
0 0.0735696 0.835893 0.0757345 0.817801 0.0659952 0.814118 0.0638303 0.83221
0 0.0878795 1.00172 0.103566 0.979677 0.0943156 0.95887 0.0786291 0.980912
0 0.168311 0.802232 0.175384 0.779033 0.165095 0.769118 0.158022 0.792317
0 0.439398 0.709705 0.444067 0.69517 0.434212 0.685165 0.429543 0.699699
0 0.612955 0.767987 0.615066 0.750561 0.604717 0.746599 0.602606 0.764024
0 0.41296 0.838895 0.414699 0.821054 0.402231 0.817212 0.400492 0.835052
0 0.467764 0.832154 0.475109 0.816237 0.464271 0.80043 0.456926 0.816347
0 0.415063 0.709256 0.41825 0.689703 0.407914 0.684378 0.404727 0.703931
0 0.390593 0.7183 0.391847 0.697737 0.379389 0.695335 0.378134 0.715898
0 0.595264 0.740543 0.597163 0.716265 0.583903 0.712988 0.582004 0.737266
0 0.571728 0.886327 0.583238 0.864479 0.574263 0.849535 0.562753 0.871384
0 0.437128 0.846796 0.448821 0.816325 0.427263 0.790178 0.415569 0.820649
0 0.109564 0.795074 0.112707 0.773327 0.102486 0.768659 0.0993431 0.790406
0 0.150259 0.574261 0.149129 0.549838 0.130438 0.552572 0.131569 0.576995
0 0.548647 0.805947 0.550737 0.771262 0.536305 0.768514 0.534216 0.803199
0 0.10794 0.650531 0.108039 0.626851 0.0961927 0.626693 0.0960932 0.650374
0 0.118312 0.824552 0.122095 0.794518 0.10627 0.788218 0.102487 0.818251
0 0.0320991 0.658354 0.0338255 0.635871 0.0205357 0.632646 0.0188092 0.655129
0 0.434007 0.694204 0.437409 0.675432 0.427137 0.669548 0.423735 0.68832
0 0.432038 0.660027 0.434897 0.639013 0.423549 0.634133 0.42069 0.655148
0 0.568588 0.375278 0.570217 0.344374 0.552323 0.341393 0.550694 0.372297
0 0.0445482 0.797336 0.0487914 0.773677 0.0319455 0.764128 0.0277024 0.787787
0 0.253722 0.848962 0.25545 0.824474 0.240932 0.821236 0.239204 0.845724
0 0.394425 0.799114 0.395718 0.779166 0.382187 0.776394 0.380894 0.796342
0 0.624833 0.725656 0.628875 0.710391 0.616716 0.700216 0.612674 0.715481
0 0.785186 0.533505 0.797918 0.516692 0.791523 0.501385 0.778791 0.518198
0 0.388797 0.973918 0.388351 0.946672 0.367444 0.947753 0.36789 0.974999
0 0.683517 0.750668 0.690695 0.728618 0.679785 0.717395 0.672608 0.739444
0 0.103546 0.919486 0.121899 0.886923 0.110449 0.866526 0.0920954 0.899089
0 0.038499 1.00262 0.049978 0.963129 0.0290669 0.943918 0.0175878 0.98341
0 0.531434 0.808963 0.537093 0.782905 0.521335 0.772087 0.515675 0.798145
0 0.601021 0.794607 0.603732 0.773587 0.592554 0.769031 0.589843 0.790051
0 0.0349842 0.900985 0.0346973 0.879655 0.0205796 0.880256 0.0208665 0.901585
0 0.0191068 1.00387 0.0256759 0.972248 0.0111343 0.9627 0.00456514 0.99432
0 0.744368 0.674685 0.746008 0.653553 0.73282 0.65032 0.731181 0.671452
0 0.156159 0.591933 0.156696 0.568239 0.139942 0.567039 0.139405 0.590733
0 0.0199595 0.891053 0.0206952 0.871999 0.00810604 0.870462 0.00737032 0.889517
0 0.148716 0.820435 0.149798 0.796984 0.133186 0.794564 0.132105 0.818014
0 0.510383 0.827293 0.511991 0.808107 0.50228 0.805534 0.500671 0.824719
0 0.302674 0.0521197 0.309528 0.000146767 0.273269 -0.0149656 0.266415 0.0370073
0 0.711839 0.721764 0.716511 0.699957 0.706527 0.693196 0.701855 0.715004
0 0.383405 0.776758 0.386816 0.750056 0.375244 0.745384 0.371833 0.772086
0 0.0616631 0.871415 0.0636499 0.85284 0.0526854 0.849133 0.0506986 0.867708
0 0.0194415 0.927944 0.0202009 0.907598 0.00123344 0.905361 0.000474074 0.925707
0 0.0775945 0.992937 0.0828839 0.962825 0.0637193 0.952186 0.0584299 0.982297
0 0.359762 0.682449 0.367632 0.66036 0.357906 0.649409 0.350037 0.671497
0 0.461704 0.718385 0.463812 0.704378 0.453288 0.699373 0.45118 0.71338
0 0.382496 0.735028 0.383873 0.71352 0.370315 0.710778 0.368939 0.732285
0 0.141511 0.799867 0.148493 0.780005 0.139196 0.769676 0.132214 0.789538
0 0.176029 0.741099 0.178857 0.720704 0.167391 0.715679 0.164563 0.736074
0 0.0403779 0.59708 0.0421652 0.57655 0.0287097 0.572847 0.0269223 0.593377
0 0.645665 0.722388 0.650472 0.702467 0.63547 0.691027 0.630663 0.710949
0 0.440354 0.804404 0.444061 0.78109 0.429194 0.773618 0.425487 0.796932
0 0.581111 0.70642 0.583958 0.687293 0.573886 0.682553 0.571039 0.701681
0 0.721649 0.795049 0.72332 0.771119 0.706821 0.76748 0.705151 0.79141
0 0.685368 0.725176 0.6907 0.708497 0.681353 0.699054 0.676021 0.715733
0 0.0516309 0.811248 0.0532787 0.791168 0.0404469 0.78784 0.0387991 0.80792
0 0.55769 0.6509 0.559998 0.629475 0.548012 0.625395 0.545704 0.64682
0 0.565095 0.714781 0.570147 0.699636 0.559447 0.688355 0.554395 0.7035
0 0.0255812 0.953498 0.0284508 0.931837 0.0130405 0.925385 0.0101709 0.947046
0 0.480424 0.772939 0.486006 0.743984 0.475191 0.737394 0.469609 0.766349
0 0.53407 0.867005 0.539453 0.840515 0.525643 0.831647 0.52026 0.858136
0 0.732315 0.789049 0.733875 0.766099 0.722904 0.763742 0.721344 0.786692
0 0.232117 0.835697 0.233894 0.814308 0.219753 0.810597 0.217977 0.831985
0 0.101577 1.00877 0.118283 0.98472 0.108886 0.96409 0.0921789 0.988142
0 0.0905865 0.755191 0.0940455 0.738502 0.0842089 0.732059 0.0807499 0.748748
0 0.202683 0.527923 0.202244 0.498497 0.180333 0.499531 0.180773 0.528957
0 0.131977 0.781928 0.14106 0.748965 0.129285 0.738711 0.120203 0.771675
0 0.690019 0.709342 0.697347 0.691121 0.688716 0.68015 0.681388 0.698371
0 0.436294 0.607885 0.437194 0.581216 0.419324 0.57931 0.418424 0.605979
0 0.564948 0.759085 0.569333 0.744682 0.559918 0.735624 0.555533 0.750026
0 0.131389 0.855413 0.147052 0.836609 0.138557 0.814245 0.122894 0.833049
0 0.330982 0.802882 0.355417 0.787998 0.351006 0.765114 0.326572 0.779998
0 0.0678671 0.731123 0.06949 0.709201 0.0495166 0.704528 0.0478937 0.726449
0 0.0904036 0.848828 0.090664 0.829719 0.0766674 0.829117 0.076407 0.848226
0 0.389475 0.67043 0.39092 0.647085 0.380342 0.645015 0.378896 0.66836
0 0.565495 0.855308 0.56829 0.827935 0.555924 0.823945 0.553129 0.851318
0 0.107321 0.874036 0.13694 0.847411 0.129918 0.822723 0.100299 0.849349
0 0.486674 0.783996 0.489256 0.760504 0.477913 0.756563 0.475331 0.780055
0 0.189972 0.642397 0.191116 0.61872 0.17432 0.616156 0.173177 0.639833
0 0.574605 0.739438 0.577587 0.721953 0.566493 0.715973 0.563511 0.733457
0 0.138954 1.00615 0.138973 0.985265 0.118293 0.985206 0.118274 1.00609
0 0.0355099 0.979856 0.0455773 0.950935 0.0320278 0.936029 0.0219604 0.964949
0 0.0138609 0.940559 0.0149684 0.922423 0.00174962 0.919872 0.000642148 0.938008
0 0.642079 0.819272 0.645334 0.772531 0.614159 0.765668 0.610903 0.812409
0 0.16012 0.541982 0.162279 0.5253 0.146508 0.518849 0.144349 0.535531
0 0.461635 0.783779 0.462514 0.766257 0.450917 0.764418 0.450037 0.781939
0 0.095589 0.893594 0.0996175 0.870307 0.0867722 0.863284 0.0827437 0.88657
0 0.144514 0.863673 0.151021 0.844788 0.141154 0.834044 0.134647 0.852929
0 0.71425 0.757894 0.717888 0.738938 0.706008 0.731734 0.702371 0.750689
0 0.197165 0.660629 0.209295 0.635787 0.2 0.621446 0.187871 0.646288
0 0.329936 0.826278 0.330416 0.804295 0.315162 0.803244 0.314683 0.825227
0 0.40449 0.739732 0.40712 0.711833 0.392655 0.707523 0.390025 0.735423
0 0.445837 0.864071 0.454405 0.840696 0.44421 0.828885 0.435642 0.852261
0 0.0464747 0.963488 0.0562045 0.937952 0.0430737 0.92214 0.0333439 0.947676
0 0.0644902 0.962385 0.0823224 0.93186 0.0741566 0.916783 0.0563244 0.947308
0 0.234254 0.500436 0.245323 0.483903 0.233726 0.459364 0.222657 0.475896
0 0.636397 0.730641 0.641792 0.715486 0.628102 0.700082 0.622707 0.715238
0 0.56904 0.676252 0.571861 0.65979 0.561622 0.654244 0.558801 0.670707
0 0.948425 0.655273 0.950985 0.620839 0.935962 0.617308 0.933401 0.651742
0 0.376757 0.684745 0.380246 0.662324 0.368297 0.656448 0.364808 0.678869
0 0.0159678 0.671742 0.0239357 0.629888 0.00108731 0.61614 -0.00688058 0.657994
0 0.0630285 0.943444 0.0697261 0.917749 0.0546529 0.905332 0.0479553 0.931027
0 0.394923 0.77769 0.3982 0.750649 0.387443 0.746529 0.384166 0.77357
0 0.0489348 0.675051 0.0500229 0.657256 0.0355711 0.654463 0.0344831 0.672258
0 0.032704 0.678675 0.0341106 0.657839 0.0226272 0.655389 0.0212206 0.676225
0 0.440066 0.622327 0.442461 0.604236 0.431164 0.59951 0.428769 0.617601
0 0.490606 0.866244 0.496866 0.842661 0.479036 0.827702 0.472776 0.851285
0 0.0639218 0.676761 0.0659147 0.663149 0.0527809 0.657072 0.050788 0.670684
0 0.542544 0.75139 0.544432 0.729833 0.533693 0.726861 0.531806 0.748418
0 0.485954 0.537944 0.519125 0.436499 0.484662 0.400885 0.451492 0.50233
0 0.511864 0.801887 0.518089 0.781926 0.508593 0.772565 0.502367 0.792526
0 0.0423481 0.114919 0.0549426 -0.00873512 -0.0112351 -0.0300381 -0.0238296 0.0936156
0 0.181054 0.735584 0.182191 0.71605 0.169933 0.713794 0.168796 0.733328
0 0.361647 0.703002 0.364463 0.684891 0.353804 0.679654 0.350988 0.697765
0 0.0974564 0.609575 0.0992563 0.589991 0.0889649 0.587001 0.087165 0.606586
0 0.614874 0.752735 0.619346 0.731208 0.609197 0.724544 0.604725 0.746071
0 0.349532 0.382214 0.351258 0.353915 0.323154 0.348496 0.321428 0.376795
0 0.356312 0.807535 0.360813 0.784028 0.348674 0.776681 0.344172 0.800188
0 0.807965 0.678002 0.808569 0.649803 0.792129 0.64869 0.791525 0.676889
0 0.13087 0.668597 0.128298 0.639627 0.103406 0.646611 0.105978 0.675581
0 0.513198 1.00366 0.516353 0.977537 0.497987 0.970528 0.494832 0.996653
0 0.389466 1.00584 0.398771 0.974902 0.386556 0.96329 0.377251 0.994226
0 0.163431 0.894006 0.170776 0.872551 0.159155 0.859977 0.15181 0.881432
0 0.777378 0.572182 0.781658 0.544195 0.76755 0.537377 0.76327 0.565364
0 0.0551143 0.0884824 0.0774942 0.0085522 0.0492582 -0.0164343 0.0268783 0.0634959
0 0.175137 0.656821 0.177163 0.637833 0.166137 0.634116 0.164111 0.653103
0 0.230947 0.118004 0.251725 0.102173 0.228943 0.00767369 0.208165 0.0235046
0 0.507641 0.683419 0.508954 0.664065 0.49742 0.661591 0.496107 0.680945
0 0.714797 0.685592 0.727445 0.661104 0.716726 0.643605 0.704077 0.668093
0 0.215818 0.804877 0.222237 0.782982 0.212847 0.774281 0.206428 0.796176
0 0.364839 0.711322 0.37145 0.696497 0.363917 0.685879 0.357305 0.700704
0 0.457372 0.675472 0.45926 0.656632 0.448564 0.653243 0.446675 0.672083
0 0.245036 0.807864 0.247397 0.786509 0.237765 0.783143 0.235404 0.804498
0 0.564745 0.667142 0.56934 0.653994 0.560277 0.643985 0.555683 0.657133
0 0.440946 0.667502 0.444657 0.649186 0.435746 0.64348 0.432035 0.661795
0 0.260205 0.78805 0.26509 0.764682 0.25464 0.757777 0.249755 0.781145
0 0.185737 0.797252 0.191129 0.774821 0.17703 0.764109 0.171638 0.786541
0 0.437133 0.743041 0.440625 0.727087 0.430731 0.720243 0.427239 0.736197
0 0.601734 0.859779 0.605979 0.836515 0.583878 0.823772 0.579634 0.847036
0 0.105714 0.312239 0.126352 0.278349 0.0941081 0.216292 0.0734705 0.250182
0 0.412991 0.852822 0.414689 0.83596 0.404264 0.832641 0.402565 0.849503
0 0.431585 0.860121 0.435918 0.838749 0.418029 0.827287 0.413696 0.848659
0 0.214694 0.761651 0.220675 0.742602 0.211683 0.73368 0.205702 0.752729
0 0.0639301 0.805042 0.0705832 0.786511 0.062186 0.776982 0.0555329 0.795514
0 0.44444 0.743695 0.44611 0.724296 0.433335 0.720819 0.431665 0.740218
0 0.169208 0.756257 0.172964 0.740886 0.161232 0.731825 0.157476 0.747196
0 0.152624 0.51841 0.15322 0.50256 0.141386 0.501155 0.140791 0.517004
0 0.0852562 0.72968 0.0893926 0.709042 0.0795286 0.702794 0.0753922 0.723431
0 0.0989217 0.765982 0.101558 0.751416 0.0925622 0.746269 0.0899255 0.760834
