0 0.531494 1.00216 0.532183 0.959323 0.507512 0.95807 0.506824 1.00091
0 0.819991 1.06675 0.873042 0.964448 0.800363 0.845325 0.747311 0.947622
0 0.420599 0.707685 0.416795 0.662052 0.395114 0.667764 0.398918 0.713397
0 0.198682 1.00716 0.209142 0.969357 0.189821 0.952459 0.179361 0.990262
0 0.11966 0.994212 0.118039 0.949533 0.0927671 0.952431 0.0943882 0.99711
0 0.507782 0.558836 0.515146 0.524529 0.497804 0.512764 0.49044 0.547071
0 0.544046 0.965604 0.541937 0.910162 0.510308 0.913966 0.512417 0.969407
0 0.422348 0.885622 0.434788 0.848794 0.418709 0.831629 0.40627 0.868457
0 0.409466 0.860974 0.41465 0.83604 0.396444 0.824077 0.39126 0.849012
0 0.0971761 0.91681 0.0993041 0.873331 0.0718721 0.869088 0.0697441 0.912566
0 0.0235149 1.01337 0.0495238 0.98184 0.039709 0.956249 0.0137 0.987776
0 0.172267 0.891745 0.198061 0.868272 0.190542 0.84216 0.164749 0.865633
0 0.504162 0.751181 0.518886 0.729048 0.509666 0.709663 0.494942 0.731796
0 0.239526 0.982933 0.239823 0.95728 0.222104 0.95663 0.221807 0.982283
0 0.285248 0.64387 0.290609 0.617553 0.270969 0.604909 0.265608 0.631226
0 0.402183 0.774551 0.411426 0.724686 0.370119 0.700485 0.360876 0.75035
0 0.157405 0.912138 0.168474 0.857377 0.143475 0.841407 0.132406 0.896168
0 0.565368 0.81084 0.567819 0.788727 0.549206 0.782207 0.546755 0.804321
0 0.048289 0.90889 0.0504517 0.879663 0.032814 0.875538 0.0306512 0.904765
0 0.496211 1.01525 0.503449 0.954035 0.465395 0.939814 0.458157 1.00103
0 0.410604 0.820074 0.440315 0.771684 0.417781 0.727958 0.388071 0.776347
0 0.18943 0.975011 0.20349 0.944678 0.192398 0.928428 0.178338 0.958761
0 0.600757 0.664343 0.60561 0.643145 0.592936 0.633976 0.588084 0.655174
0 0.413493 0.925061 0.42041 0.886937 0.398072 0.874127 0.391154 0.91225
0 0.300788 0.842925 0.303117 0.768529 0.264271 0.764686 0.261942 0.839082
0 0.574596 0.770044 0.577062 0.739908 0.561567 0.7359 0.5591 0.766035
0 0.599685 0.952388 0.60567 0.92776 0.588312 0.914428 0.582327 0.939057
0 0.561182 0.747264 0.5647 0.724074 0.553173 0.718549 0.549656 0.741739
0 0.223939 0.868046 0.238255 0.819789 0.217627 0.800448 0.203311 0.848706
0 0.273058 0.617854 0.275797 0.598441 0.258154 0.590573 0.255415 0.609986
0 0.615251 0.778513 0.621587 0.748293 0.599419 0.733603 0.593083 0.763823
0 0.541103 0.763945 0.541788 0.741022 0.527819 0.739702 0.527134 0.762626
0 0.63446 0.678765 0.637493 0.659039 0.626801 0.653842 0.623767 0.673568
0 0.498364 0.7985 0.505784 0.758762 0.492559 0.750958 0.485139 0.790696
0 0.610104 0.638124 0.618461 0.61294 0.607816 0.601775 0.599459 0.626959
0 0.460907 0.591595 0.469217 0.549697 0.453352 0.539752 0.445042 0.58165
0 0.564766 0.934628 0.576685 0.904068 0.564712 0.889309 0.552793 0.919869
0 0.223157 0.973495 0.226488 0.945113 0.212909 0.940077 0.209578 0.968458
0 0.307052 0.45433 0.301809 0.419082 0.27548 0.431459 0.280722 0.466707
0 0.518459 0.823136 0.54625 0.798348 0.537699 0.76805 0.509909 0.792838
0 0.455826 0.824331 0.462024 0.757791 0.428192 0.747831 0.421994 0.814371
0 0.236134 0.886901 0.236004 0.859437 0.218889 0.859692 0.219019 0.887156
0 0.0767033 0.942685 0.0820158 0.906699 0.0640882 0.898334 0.0587757 0.93432
0 0.593692 0.983643 0.600018 0.950093 0.585479 0.941428 0.579153 0.974979
0 0.522085 0.88773 0.528603 0.862376 0.517313 0.853202 0.510795 0.878556
0 0.336485 0.521582 0.339857 0.482744 0.319353 0.477117 0.31598 0.515955
0 0.553685 1.00165 0.555742 0.966218 0.535619 0.962526 0.533562 0.99796
0 0.102237 1.00773 0.103716 0.979093 0.0845108 0.975957 0.0830315 1.00459
0 0.441956 0.675252 0.447893 0.655265 0.430506 0.638942 0.424569 0.658929
0 0.370387 0.717352 0.374486 0.6816 0.352028 0.673463 0.347929 0.709215
0 0.209772 0.87994 0.215807 0.852799 0.198404 0.840568 0.192369 0.867709
0 0.336021 0.902167 0.34084 0.864629 0.322791 0.857307 0.317973 0.894845
0 0.624338 0.664832 0.626586 0.643119 0.615368 0.639449 0.61312 0.661162
0 0.250576 0.746051 0.251799 0.725743 0.237053 0.722936 0.23583 0.743244
0 0.0603102 0.890535 0.0620712 0.846623 0.0363958 0.843369 0.0346348 0.88728
0 0.332667 0.981498 0.349088 0.958335 0.340975 0.940155 0.324553 0.963317
0 0.535688 0.852815 0.542193 0.822792 0.514295 0.803686 0.507789 0.833708
0 0.207795 0.940487 0.209405 0.917187 0.190796 0.913124 0.189187 0.936423
0 0.209251 0.899008 0.210423 0.87389 0.194575 0.871553 0.193403 0.896672
0 0.0349668 0.881941 0.0335888 0.848726 0.011577 0.851612 0.012955 0.884827
0 0.587245 0.660573 0.589758 0.641506 0.578544 0.636834 0.57603 0.655901
0 0.473865 0.554175 0.478667 0.528757 0.455284 0.514794 0.450481 0.540211
0 0.589243 1.0061 0.590993 0.978736 0.573604 0.975221 0.571854 1.00258
0 0.634543 0.80742 0.637167 0.779931 0.621267 0.775133 0.618643 0.802622
0 0.522122 0.665993 0.523828 0.641285 0.508924 0.638032 0.507218 0.66274
0 0.341823 0.927547 0.351169 0.895884 0.337227 0.882877 0.327881 0.91454
0 0.45971 0.770984 0.463395 0.754261 0.450153 0.745039 0.446468 0.761762
0 0.460009 0.653794 0.459736 0.622096 0.43403 0.622795 0.434303 0.654493
0 0.343801 0.954353 0.360259 0.927893 0.348863 0.905489 0.332404 0.931949
0 0.55378 0.931712 0.555432 0.905195 0.538897 0.90194 0.537245 0.928457
0 0.520836 0.720796 0.52629 0.703605 0.517363 0.694655 0.511909 0.711846
0 0.268913 0.968861 0.277074 0.942866 0.267659 0.933525 0.259499 0.95952
0 0.182665 0.948733 0.175293 0.886644 0.126479 0.90496 0.133851 0.967049
0 0.287431 0.894565 0.288941 0.87259 0.272795 0.869083 0.271285 0.891058
0 0.282361 0.596756 0.284646 0.571098 0.270498 0.567117 0.268214 0.592776
0 0.495511 0.746027 0.497662 0.725986 0.486305 0.722134 0.484154 0.742174
0 0.49038 0.564695 0.490912 0.545423 0.475 0.544034 0.474468 0.563306
0 0.413355 0.671549 0.420561 0.647537 0.406958 0.634635 0.399752 0.658648
0 0.558839 0.829475 0.562206 0.805727 0.538595 0.795148 0.535228 0.818896
0 0.511549 0.90663 0.520024 0.885043 0.504082 0.865263 0.495607 0.88685
0 0.471799 0.758008 0.472673 0.736386 0.459644 0.734722 0.45877 0.756344
0 0.243992 0.778564 0.260433 0.754923 0.25058 0.733266 0.234139 0.756906
0 0.615337 0.712381 0.622191 0.693003 0.609272 0.678563 0.602419 0.697941
0 0.235118 0.958456 0.237107 0.924488 0.217023 0.92077 0.215034 0.954738
0 0.0653223 0.909015 0.0819223 0.8749 0.0685363 0.854315 0.0519363 0.88843
0 0.247441 0.957917 0.260439 0.920161 0.248601 0.907282 0.235604 0.945038
0 0.635897 0.768947 0.638936 0.748793 0.626983 0.743096 0.623944 0.763251
0 0.254627 0.982348 0.263563 0.951737 0.252242 0.941292 0.243305 0.971903
0 0.118355 0.921884 0.142841 0.883662 0.130957 0.859601 0.106471 0.897822
0 0.458608 0.876191 0.455266 0.84543 0.426816 0.855199 0.430158 0.88596
0 0.778474 0.674365 0.780123 0.650911 0.765953 0.647763 0.764304 0.671217
0 0.488627 0.930211 0.501464 0.892048 0.474474 0.863355 0.461637 0.901519
0 0.567733 0.894314 0.574376 0.843349 0.547294 0.832194 0.540652 0.883159
0 0.510088 0.93961 0.513242 0.897048 0.49528 0.892842 0.492127 0.935403
0 0.511192 0.766913 0.514716 0.747969 0.503646 0.741459 0.500121 0.760403
0 0.503816 0.833022 0.507258 0.809486 0.492638 0.802727 0.489195 0.826263
0 0.466226 0.970578 0.495025 0.936072 0.482428 0.902844 0.453629 0.937349
0 0.622318 0.998719 0.623851 0.949371 0.596666 0.946702 0.595133 0.99605
0 0.646299 0.706616 0.651399 0.688145 0.636879 0.675474 0.631779 0.693945
0 0.497117 0.597912 0.500186 0.567517 0.470373 0.558003 0.467304 0.588398
0 0.404223 1.00695 0.406818 0.980498 0.388868 0.97493 0.386272 1.00138
0 0.649184 1.0083 0.654419 0.952718 0.627112 0.944589 0.621877 1.00017
0 0.166641 0.903579 0.183876 0.878109 0.175701 0.860625 0.158466 0.886095
0 0.298773 0.528241 0.300583 0.506966 0.289101 0.503877 0.28729 0.525153
0 0.301874 0.686563 0.313509 0.665922 0.297592 0.637566 0.285957 0.658206
0 0.147075 0.994068 0.160351 0.963434 0.148838 0.947664 0.135561 0.978298
0 0.298113 0.590345 0.295601 0.55441 0.281702 0.557481 0.284213 0.593415
0 0.61033 0.946906 0.617583 0.92193 0.606711 0.911952 0.599458 0.936928
0 0.0178936 0.990461 0.0596831 0.940587 0.0426681 0.895528 0.000878576 0.945402
0 0.442141 1.00485 0.447763 0.962292 0.429614 0.954714 0.423992 0.997275
0 0.514196 0.791854 0.518634 0.764246 0.505014 0.757327 0.500576 0.784935
0 0.234548 0.925647 0.235951 0.902775 0.223175 0.900298 0.221772 0.923171
0 0.573897 0.7383 0.575424 0.720225 0.564117 0.717206 0.56259 0.73528
0 0.605881 0.929291 0.609188 0.903814 0.587379 0.894868 0.584072 0.920344
0 0.180507 0.911749 0.192789 0.8887 0.183312 0.872741 0.17103 0.89579
0 0.798015 0.777726 0.799832 0.742308 0.782185 0.739446 0.780368 0.774864
0 0.587062 0.934497 0.58851 0.909544 0.571105 0.906351 0.569656 0.931304
0 0.219121 0.999236 0.222583 0.97083 0.207531 0.965032 0.204069 0.993438
0 0.0575641 0.978991 0.07479 0.950873 0.0654018 0.932695 0.0481759 0.960814
0 0.46127 0.917141 0.464524 0.885418 0.452615 0.881556 0.44936 0.913279
0 0.289327 0.763016 0.294322 0.739413 0.283508 0.73218 0.278513 0.755783
0 0.252598 0.79289 0.268063 0.771493 0.260506 0.754231 0.245041 0.775628
0 0.258515 0.852289 0.267437 0.827459 0.255704 0.814134 0.246782 0.838964
0 0.49769 0.526398 0.501131 0.504739 0.490743 0.499523 0.487302 0.521183
0 0.99426 1.03997 1.01378 0.891199 0.854933 0.825345 0.835418 0.974117
0 0.500065 0.861959 0.50931 0.835747 0.498133 0.823289 0.488888 0.8495
0 0.241851 0.868266 0.244113 0.842472 0.228242 0.838074 0.22598 0.863868
0 0.231331 0.904095 0.231091 0.8811 0.215979 0.881597 0.216218 0.904591
0 0.185291 0.95427 0.194919 0.914572 0.182604 0.905132 0.172976 0.94483
0 0.297137 0.633102 0.299897 0.605472 0.287149 0.601446 0.284388 0.629077
0 0.523532 0.617025 0.525276 0.595945 0.51293 0.592716 0.511186 0.613797
0 0.625145 0.829479 0.628498 0.796032 0.601031 0.787328 0.597677 0.820775
0 0.573161 1.00459 0.573997 0.980155 0.562183 0.978878 0.561347 1.00331
0 0.252281 0.809446 0.255657 0.788912 0.239199 0.78036 0.235823 0.800894
0 0.219198 0.825283 0.219926 0.793293 0.199739 0.791841 0.199011 0.823831
0 0.193988 0.927493 0.203931 0.899788 0.191636 0.885843 0.181693 0.913547
0 0.439496 0.72027 0.44419 0.690033 0.43224 0.68417 0.427546 0.714407
0 0.319245 0.868407 0.322595 0.840934 0.303878 0.833721 0.300528 0.861195
0 0.526128 0.9084 0.530312 0.88386 0.518792 0.877651 0.514607 0.902191
0 0.634141 0.743479 0.638856 0.718439 0.628586 0.712326 0.623871 0.737367
0 0.485462 0.530065 0.487301 0.510489 0.472372 0.506054 0.470532 0.52563
0 0.248879 0.973778 0.252527 0.95116 0.242008 0.945798 0.23836 0.968416
0 0.761183 0.731486 0.752258 0.594858 0.660609 0.61378 0.669534 0.750408
0 0.184009 1.00082 0.185218 0.976517 0.158918 0.972383 0.157709 0.996687
0 0.259573 0.606606 0.263792 0.588695 0.249425 0.577999 0.245206 0.595909
0 0.643501 0.751661 0.6453 0.732832 0.633778 0.729353 0.631979 0.748182
0 0.559596 0.911962 0.562612 0.88903 0.547959 0.882939 0.544943 0.905871
0 0.24771 0.613831 0.25154 0.593737 0.237929 0.585538 0.234099 0.605633
0 0.418615 0.843615 0.429263 0.809442 0.415511 0.7959 0.404863 0.830073
0 0.521625 0.924763 0.523901 0.902172 0.512565 0.898563 0.510289 0.921154
0 0.584852 0.907144 0.591946 0.883683 0.581405 0.873611 0.574311 0.897072
0 0.600329 0.847984 0.60823 0.815775 0.58506 0.797811 0.577158 0.830021
0 0.587827 0.712907 0.588141 0.683581 0.569736 0.682957 0.569422 0.712283
0 0.511363 0.697228 0.518615 0.672111 0.507736 0.662184 0.500484 0.687301
0 0.663002 0.8194 0.670388 0.797348 0.655668 0.781765 0.648281 0.803818
0 0.246013 0.837965 0.254078 0.8171 0.238922 0.798586 0.230857 0.81945
0 0.588749 0.761738 0.590832 0.741762 0.578476 0.737689 0.576392 0.757665
0 0.420906 0.899048 0.423875 0.881118 0.412708 0.875276 0.40974 0.893205
0 0.369432 1.00146 0.37657 0.977407 0.367205 0.968626 0.360067 0.99268
0 0.586833 0.963563 0.590073 0.931908 0.570745 0.925655 0.567504 0.95731
0 0.510696 0.5828 0.512106 0.561718 0.501521 0.55948 0.500111 0.580562
0 0.402054 0.72285 0.405646 0.690509 0.381761 0.682126 0.378169 0.714466
0 0.316291 0.927192 0.320655 0.87663 0.290412 0.86838 0.286048 0.918942
0 0.212104 0.978735 0.218363 0.946059 0.202924 0.936712 0.196665 0.969389
0 0.609772 0.680603 0.611142 0.660279 0.599307 0.657757 0.597937 0.678082
0 0.488971 0.818339 0.492366 0.795385 0.481215 0.790171 0.477819 0.813126
0 0.486156 0.854521 0.492182 0.833322 0.480494 0.82282 0.474468 0.84402
0 0.316327 0.948759 0.319596 0.921825 0.300691 0.914573 0.297422 0.941507
0 0.0147451 1.0057 0.0154968 0.967645 -0.00320535 0.966477 -0.00395702 1.00453
0 0.0885979 0.870525 0.0892306 0.847326 0.0709297 0.845749 0.0702971 0.868947
0 0.439661 0.898325 0.441121 0.876479 0.424669 0.873005 0.42321 0.894851
0 0.570965 0.992732 0.583717 0.96471 0.570056 0.945063 0.557304 0.973084
0 0.282794 0.946059 0.286141 0.91928 0.272632 0.913944 0.269285 0.940723
0 0.427474 0.523554 0.433331 0.492495 0.417932 0.483316 0.412074 0.514375
0 0.70339 0.773364 0.704028 0.735046 0.681343 0.733853 0.680706 0.772172
0 0.133093 0.832656 0.143137 0.805347 0.132716 0.793235 0.122672 0.820544
0 0.58785 0.743307 0.589565 0.726408 0.577638 0.722583 0.575923 0.739482
0 0.424539 1.00778 0.428393 0.985763 0.417051 0.979489 0.413198 1.00151
0 0.54611 0.89723 0.549354 0.871208 0.535188 0.865628 0.531945 0.891651
0 0.621145 0.681982 0.622755 0.663071 0.611647 0.660083 0.610037 0.678994
0 0.634009 0.620748 0.635117 0.597904 0.620655 0.595688 0.619547 0.618532
0 0.432478 0.973977 0.44194 0.908383 0.414561 0.895902 0.405099 0.961496
0 0.257443 0.533845 0.263572 0.504039 0.249038 0.494594 0.24291 0.524401
0 0.393931 0.687879 0.3971 0.658801 0.375611 0.651399 0.372442 0.680478
0 0.299106 1.01147 0.309365 0.986696 0.29688 0.970358 0.286621 0.995138
0 0.28346 0.752483 0.284409 0.719972 0.269243 0.718575 0.268295 0.751085
0 0.463762 0.633946 0.468672 0.609897 0.450221 0.597992 0.445311 0.622041
0 0.416874 0.745897 0.419405 0.721027 0.404834 0.716341 0.402303 0.74121
0 0.607568 0.745961 0.608789 0.724081 0.595915 0.721812 0.594695 0.743692
0 0.59921 0.727276 0.602094 0.706576 0.59151 0.701915 0.588625 0.722614
0 0.646417 0.586053 0.647795 0.568343 0.638504 0.566058 0.637126 0.583768
0 0.241918 1.00386 0.242323 0.976674 0.218424 0.975549 0.218018 1.00274
0 0.300111 0.649585 0.303031 0.628356 0.290849 0.62306 0.287929 0.644289
0 0.395912 0.983197 0.400242 0.959449 0.386569 0.95157 0.382239 0.975317
0 0.259638 0.873421 0.270417 0.841893 0.259586 0.83019 0.248807 0.861718
0 0.0285968 0.86053 0.0470995 0.838307 0.0394029 0.818054 0.0209001 0.840277
0 0.572985 0.793634 0.575142 0.772648 0.561609 0.768252 0.559452 0.789238
0 0.416991 0.998543 0.427247 0.955989 0.413776 0.945728 0.40352 0.988282
0 0.368384 0.913636 0.37917 0.880118 0.369228 0.870006 0.358442 0.903524
0 0.273605 0.878565 0.280071 0.852395 0.268385 0.843269 0.261919 0.869438
0 0.232021 0.803988 0.234701 0.763855 0.211503 0.75896 0.208824 0.799093
0 0.538557 0.597368 0.538961 0.571839 0.523578 0.571069 0.523174 0.596598
0 0.387176 0.852757 0.402391 0.762141 0.357847 0.738503 0.342632 0.829119
0 0.272035 0.911613 0.275683 0.883479 0.261534 0.87768 0.257886 0.905815
0 0.65055 0.615059 0.652427 0.596898 0.640795 0.593098 0.638918 0.611259
0 0.17129 0.867837 0.174282 0.840374 0.156563 0.834275 0.153572 0.861737
0 0.334837 1.01178 0.34844 0.982159 0.336772 0.965223 0.323169 0.994846
0 0.495068 0.502188 0.496141 0.483526 0.484169 0.481352 0.483097 0.500014
0 0.253706 0.690642 0.255578 0.664116 0.234842 0.659492 0.23297 0.686018
0 0.678063 0.645108 0.679363 0.621404 0.665606 0.619018 0.664306 0.642723
0 0.764244 0.683813 0.768294 0.664398 0.753816 0.654854 0.749766 0.674269
0 0.0157347 0.935039 0.0310114 0.895176 0.018929 0.880542 0.00365231 0.920405
0 0.614055 0.658589 0.616027 0.63682 0.605606 0.633836 0.603634 0.655605
0 0.268327 0.932623 0.272374 0.914677 0.26217 0.907404 0.258123 0.92535
0 0.119531 0.89911 0.120815 0.842538 0.0944315 0.840644 0.0931469 0.897217
0 0.620961 0.732703 0.625332 0.712193 0.611118 0.70262 0.606747 0.72313
0 0.584533 0.638018 0.586944 0.615801 0.57517 0.611763 0.57276 0.63398
0 0.546096 0.552257 0.548937 0.529497 0.535728 0.524286 0.532887 0.547046
0 0.66952 0.956365 0.675458 0.929725 0.663107 0.921025 0.65717 0.947666
0 0.311749 0.969822 0.317414 0.946875 0.306943 0.938704 0.301277 0.961652
0 0.0260241 0.935142 0.0393472 0.906855 0.028993 0.891442 0.0156699 0.919728
0 0.369193 0.974699 0.372648 0.948901 0.361042 0.943988 0.357587 0.969786
0 0.409647 0.968197 0.411611 0.946882 0.400267 0.943579 0.398304 0.964894
0 0.556163 0.971465 0.561905 0.945244 0.552133 0.93848 0.54639 0.964701
0 0.319258 0.529777 0.321368 0.504825 0.309039 0.50153 0.306929 0.526482
0 0.39597 0.924439 0.39954 0.901763 0.388122 0.896081 0.384551 0.918757
0 0.350051 0.955005 0.365572 0.924749 0.352559 0.903652 0.337039 0.933908
0 0.767333 0.766927 0.766659 0.722438 0.74466 0.72349 0.745333 0.767979
0 0.532167 0.743164 0.53392 0.722328 0.522147 0.719197 0.520393 0.740033
0 0.474578 0.862709 0.478618 0.843924 0.4671 0.836096 0.46306 0.854882
0 0.76335 0.714981 0.770404 0.693282 0.758442 0.680993 0.751388 0.702692
0 0.627325 0.695173 0.629298 0.676239 0.61813 0.672561 0.616157 0.691496
0 0.657342 0.968935 0.663693 0.945465 0.649271 0.933131 0.64292 0.9566
0 0.532535 0.628813 0.533749 0.609315 0.522383 0.607078 0.521169 0.626576
0 0.608286 0.720952 0.610167 0.703433 0.600109 0.700021 0.598228 0.71754
0 0.073789 0.857582 0.081908 0.809597 0.0508999 0.793015 0.0427809 0.841001
0 0.645653 0.950109 0.649067 0.930579 0.630971 0.920581 0.627557 0.940111
0 0.662795 0.843394 0.664137 0.817389 0.650285 0.81513 0.648943 0.841135
0 0.514006 0.638536 0.516587 0.618808 0.505529 0.614236 0.502948 0.633965
0 0.244548 0.538356 0.245372 0.517055 0.231007 0.5153 0.230184 0.5366
0 0.0546253 1.00361 0.0633373 0.98005 0.0526794 0.967596 0.0439674 0.99116
0 0.486829 0.788085 0.490462 0.758136 0.471794 0.750979 0.468161 0.780927
0 0.0133173 0.958402 0.0131937 0.917231 -0.00261771 0.917381 -0.00249418 0.958552
0 0.747295 0.745497 0.749484 0.718003 0.737438 0.714973 0.735249 0.742467
0 0.455216 0.751009 0.461839 0.73395 0.449689 0.719041 0.443066 0.7361
0 0.120401 0.745628 0.123007 0.695981 0.0973056 0.691718 0.0947 0.741365
0 0.646358 0.540862 0.646147 0.518917 0.632573 0.51933 0.632784 0.541275
0 0.356111 1.00926 0.369065 0.97074 0.352902 0.953559 0.339947 0.992075
0 0.358884 0.894953 0.367873 0.873026 0.359555 0.862248 0.350566 0.884174
0 0.261015 0.495246 0.263345 0.475163 0.250051 0.470287 0.24772 0.490369
0 0.615662 0.860157 0.624933 0.82987 0.610422 0.815831 0.601151 0.846118
0 0.493435 0.763453 0.49544 0.741988 0.483602 0.738493 0.481597 0.759959
0 0.55393 0.952514 0.557007 0.921813 0.543544 0.917549 0.540468 0.94825
0 0.204219 0.851463 0.205101 0.824571 0.187319 0.822727 0.186436 0.849619
0 0.413931 0.959036 0.422596 0.922196 0.408673 0.911847 0.400008 0.948686
0 0.241823 0.904364 0.250244 0.878966 0.241508 0.869811 0.233087 0.895208
0 0.348674 0.497662 0.352198 0.473774 0.338713 0.467486 0.335188 0.491375
0 0.610573 0.8988 0.616973 0.876328 0.607136 0.867473 0.600736 0.889946
0 0.578243 0.837052 0.581268 0.812008 0.566034 0.806193 0.563009 0.831237
0 0.620477 0.743794 0.626894 0.727911 0.613675 0.71103 0.607258 0.726914
0 0.284062 0.608324 0.285031 0.589514 0.274491 0.587797 0.273522 0.606607
0 0.812314 0.629006 0.819555 0.613125 0.799722 0.584547 0.792481 0.600428
0 0.0141681 0.847106 0.0315799 0.829388 0.0242596 0.806652 0.00684777 0.82437
0 0.441903 0.951352 0.458562 0.939985 0.447107 0.886925 0.430447 0.898292
0 0.451195 0.85609 0.452999 0.822982 0.434439 0.819786 0.432635 0.852893
0 0.527488 0.74033 0.529161 0.719391 0.517125 0.716352 0.515452 0.73729
0 0.486728 0.542069 0.488945 0.525562 0.478845 0.521275 0.476628 0.537782
0 0.291879 0.936302 0.297313 0.914856 0.286662 0.906326 0.281228 0.927773
0 0.327906 0.935286 0.33463 0.902586 0.320543 0.89343 0.313818 0.92613
0 0.557199 0.725042 0.558302 0.706821 0.546017 0.704471 0.544914 0.722692
0 0.311737 0.61725 0.314634 0.598036 0.303693 0.592821 0.300795 0.612035
0 0.667941 0.790086 0.674622 0.772319 0.661567 0.756805 0.654887 0.774572
0 0.313317 0.498704 0.316514 0.477785 0.30202 0.470785 0.298824 0.491705
0 0.570207 0.725336 0.571602 0.709528 0.56147 0.706703 0.560076 0.722511
0 0.586455 0.81843 0.609556 0.790021 0.597112 0.758042 0.574012 0.786451
0 0.30864 0.708275 0.310601 0.683793 0.294583 0.679739 0.292623 0.704221
0 0.546486 0.741706 0.548245 0.724304 0.539081 0.721376 0.537321 0.738778
0 0.506381 0.67675 0.511296 0.653027 0.499819 0.645511 0.494904 0.669234
0 0.298496 0.878373 0.303628 0.850639 0.290629 0.843036 0.285497 0.87077
0 0.434233 0.229798 0.443174 0.175637 0.413936 0.160383 0.404995 0.214545
0 0.430484 0.738215 0.432499 0.713247 0.41932 0.709885 0.417305 0.734853
0 0.475591 0.635344 0.477373 0.613824 0.467173 0.611155 0.465391 0.632675
0 0.258027 1.00074 0.266076 0.973428 0.257548 0.965485 0.249499 0.9928
0 0.0737037 1.01016 0.0952881 0.975999 0.0858113 0.957073 0.0642269 0.991232
0 0.261159 0.653289 0.25944 0.602735 0.223445 0.606605 0.225165 0.657159
0 0.645192 0.632357 0.646149 0.616767 0.637878 0.615164 0.636921 0.630753
0 0.346907 0.524536 0.355452 0.499073 0.345316 0.488324 0.336772 0.513787
0 0.0997334 0.80659 0.107951 0.760522 0.0863744 0.748358 0.0781569 0.794426
0 0.427007 0.656146 0.428861 0.633759 0.41712 0.630685 0.415265 0.653071
0 0.266345 0.679605 0.274995 0.652111 0.253285 0.630524 0.244635 0.658017
0 0.284105 0.697635 0.291178 0.674644 0.281853 0.665576 0.274779 0.688567
0 0.0722412 0.752539 0.0724461 0.720297 0.0544695 0.719936 0.0542645 0.752178
0 0.495522 0.712753 0.497594 0.693144 0.486717 0.689512 0.484646 0.709121
0 0.151268 0.777263 0.166434 0.757598 0.160252 0.742529 0.145086 0.762194
0 0.14057 0.785233 0.150944 0.74891 0.135974 0.735398 0.1256 0.771721
0 0.54176 0.915675 0.5432 0.888443 0.527922 0.885889 0.526482 0.91312
0 0.398388 0.965964 0.40484 0.93383 0.392145 0.925773 0.385692 0.957907
0 0.162805 0.802754 0.175819 0.785266 0.167961 0.766786 0.154948 0.784274
0 0.406712 0.880638 0.415631 0.864331 0.404606 0.845272 0.395687 0.861579
0 0.493522 0.486819 0.495397 0.468032 0.484836 0.4647 0.482961 0.483487
0 0.659165 0.940593 0.661265 0.918561 0.648193 0.914624 0.646093 0.936655
0 0.268946 0.593274 0.271259 0.572258 0.260565 0.568538 0.258252 0.589554
0 0.301082 0.775676 0.306292 0.750172 0.294133 0.742321 0.288922 0.767825
0 0.389575 0.973163 0.396847 0.919819 0.371995 0.909111 0.364722 0.962455
0 0.105498 0.82644 0.132559 0.796672 0.120184 0.761118 0.0931234 0.790886
0 0.780947 0.7894 0.786269 0.772835 0.775451 0.761851 0.770129 0.778416
0 0.26057 0.720996 0.261796 0.700467 0.247918 0.697848 0.246692 0.718377
0 0.125548 0.856111 0.12788 0.830642 0.111975 0.82604 0.109643 0.851509
0 0.767218 0.752547 0.765459 0.705556 0.745383 0.707932 0.747143 0.754923
0 0.782746 0.729805 0.785726 0.707072 0.771597 0.701218 0.768617 0.723951
0 0.102523 0.845722 0.10391 0.821486 0.0884993 0.818699 0.0871126 0.842935
0 0.513288 0.818227 0.516873 0.798133 0.503778 0.790749 0.500193 0.810842
0 0.631804 0.653024 0.635067 0.636405 0.62528 0.630332 0.622017 0.646952
0 0.0641001 0.933223 0.0650415 0.898641 0.0431029 0.896754 0.0421615 0.931336
0 0.115901 0.971245 0.137757 0.927087 0.122398 0.903061 0.100542 0.947219
0 0.673095 0.613404 0.677702 0.591386 0.666831 0.584197 0.662224 0.606215
0 0.557927 0.783583 0.559746 0.765026 0.549768 0.761935 0.547949 0.780493
0 0.616797 0.663427 0.619162 0.642217 0.608408 0.638427 0.606043 0.659637
0 0.646283 0.902209 0.64871 0.878648 0.638143 0.875207 0.635716 0.898769
0 0.301064 0.950734 0.304368 0.926332 0.292145 0.921102 0.288841 0.945504
0 0.255866 0.573631 0.25943 0.554028 0.249543 0.548346 0.245979 0.567949
0 0.509117 0.714612 0.512259 0.694723 0.501582 0.689393 0.498441 0.709282
0 0.340102 0.676929 0.342137 0.657176 0.328465 0.652724 0.32643 0.672477
0 0.11616 0.825244 0.137845 0.797103 0.12612 0.768547 0.104435 0.796688
0 0.413416 0.522806 0.4163 0.503929 0.405884 0.498898 0.402999 0.517775
0 0.508924 0.525171 0.511972 0.509684 0.502056 0.503516 0.499009 0.519004
0 0.261349 0.950204 0.267813 0.925068 0.258544 0.917534 0.25208 0.94267
0 0.815573 0.632106 0.822715 0.616497 0.807121 0.593949 0.799979 0.609558
0 0.623334 0.570856 0.624823 0.554232 0.614074 0.551189 0.612585 0.567813
0 0.286181 0.684896 0.292484 0.658678 0.2807 0.649724 0.274397 0.675942
0 0.357346 0.971572 0.361375 0.948465 0.349026 0.94166 0.344997 0.964768
0 0.551108 0.786204 0.553098 0.767804 0.542515 0.764186 0.540524 0.782585
0 0.144841 0.748007 0.147387 0.723171 0.133717 0.718742 0.13117 0.743577
0 0.27667 0.54865 0.277329 0.529564 0.265146 0.528233 0.264486 0.547319
0 0.386655 0.89498 0.392762 0.869784 0.381339 0.861034 0.375232 0.88623
0 0.252396 0.945156 0.260488 0.907063 0.248908 0.899288 0.240815 0.937381
0 0.18042 0.308697 0.178236 0.262122 0.159161 0.264948 0.161345 0.311523
0 0.322449 0.997741 0.329672 0.977106 0.320283 0.96672 0.31306 0.987355
0 0.0826441 0.978853 0.0935687 0.950758 0.0837536 0.938695 0.0728289 0.96679
0 0.287134 0.661199 0.290676 0.640115 0.278427 0.63361 0.274885 0.654694
0 0.306004 0.54628 0.311487 0.518892 0.300487 0.511933 0.295005 0.539321
0 0.244347 0.894171 0.248877 0.871264 0.238698 0.864903 0.234169 0.887809
0 0.633176 0.561429 0.634827 0.544676 0.622854 0.540946 0.621202 0.557699
0 0.102173 0.967639 0.11139 0.932332 0.0953736 0.919117 0.0861567 0.954424
0 0.535143 0.877163 0.539353 0.856603 0.530435 0.850831 0.526225 0.871391
0 0.595164 0.674902 0.597047 0.658365 0.587641 0.654978 0.585757 0.671516
0 0.75232 0.622935 0.756576 0.603105 0.741244 0.592705 0.736988 0.612536
0 0.0830316 0.947121 0.107832 0.921937 0.100688 0.899703 0.0758876 0.924886
0 0.153046 1.01093 0.170077 0.991956 0.162482 0.970405 0.145451 0.989376
0 0.0680516 0.852725 0.0713106 0.82208 0.0500012 0.814918 0.0467422 0.845563
0 0.119522 0.762281 0.128775 0.735456 0.117796 0.723487 0.108543 0.750312
0 0.0970999 0.938691 0.124184 0.918596 0.118887 0.896036 0.0918036 0.916131
0 0.298893 0.962976 0.301498 0.943784 0.289599 0.938678 0.286993 0.95787
0 0.465429 0.668052 0.469796 0.652871 0.461193 0.645049 0.456825 0.66023
0 0.173318 0.984131 0.18343 0.954827 0.168956 0.93904 0.158843 0.968344
0 0.806395 0.678202 0.808845 0.651862 0.791443 0.646745 0.788993 0.673084
0 0.371541 0.544059 0.373757 0.525299 0.363503 0.52147 0.361287 0.540231
0 0.660899 0.725602 0.662691 0.708094 0.650826 0.704257 0.649034 0.721765
0 0.606059 0.869978 0.613063 0.842874 0.601505 0.833436 0.594502 0.86054
0 0.661354 0.862697 0.662864 0.843793 0.648495 0.840167 0.646985 0.859071
0 0.63821 0.859688 0.640002 0.84047 0.626978 0.83663 0.625186 0.855847
0 0.313235 0.882679 0.314555 0.859583 0.296723 0.856361 0.295403 0.879457
0 0.573754 0.89862 0.578328 0.879358 0.5675 0.871232 0.562926 0.890493
0 0.469192 0.801347 0.472535 0.778878 0.460753 0.773338 0.45741 0.795807
0 0.130617 0.97761 0.137355 0.951855 0.125239 0.941838 0.118502 0.967593
0 0.508061 1.00035 0.511361 0.965176 0.496579 0.960793 0.493279 0.995973
0 0.509479 0.604927 0.511266 0.585176 0.500728 0.582164 0.498941 0.601915
0 0.58417 0.611078 0.586883 0.595644 0.578294 0.590873 0.575581 0.606307
0 0.399685 0.986649 0.403011 0.963444 0.388219 0.956744 0.384893 0.979948
0 0.0394653 0.799441 0.0605429 0.765166 0.0512055 0.747018 0.0301279 0.781293
0 0.547214 0.657475 0.548422 0.641908 0.539509 0.63972 0.5383 0.655287
0 0.391193 0.580219 0.39646 0.563271 0.38821 0.555168 0.382944 0.572117
0 0.425896 0.683081 0.428536 0.660073 0.417017 0.655897 0.414378 0.678905
0 0.437491 0.529638 0.439944 0.508795 0.4289 0.504686 0.426446 0.525529
0 0.179257 0.808334 0.198126 0.785375 0.191185 0.767346 0.172316 0.790305
0 0.648991 0.670718 0.651513 0.652177 0.639516 0.647018 0.636994 0.665559
0 0.444703 0.759483 0.448045 0.738282 0.435775 0.732168 0.432433 0.753369
0 0.366056 0.495059 0.370547 0.469504 0.356791 0.461864 0.3523 0.487419
0 0.639757 0.713439 0.642823 0.69629 0.63079 0.689492 0.627725 0.70664
0 0.132848 0.725438 0.144098 0.700201 0.13404 0.686032 0.122791 0.711269
0 0.462193 0.85576 0.464298 0.829444 0.449885 0.825799 0.447779 0.852115
0 0.565503 0.708348 0.567546 0.691731 0.558942 0.688388 0.556899 0.705005
0 0.663195 0.669065 0.671076 0.651013 0.660994 0.637103 0.653114 0.655156
0 0.54915 0.771677 0.55005 0.750514 0.539489 0.749094 0.538588 0.770257
0 0.34686 0.795362 0.348424 0.764668 0.33631 0.762716 0.334745 0.79341
0 0.663719 0.998696 0.66653 0.976921 0.653611 0.971648 0.650799 0.993423
0 0.278685 0.910601 0.279179 0.885498 0.265748 0.884663 0.265255 0.909766
0 0.296598 0.564543 0.298698 0.542413 0.28723 0.538973 0.28513 0.561104
0 0.474422 0.839327 0.476757 0.817293 0.464084 0.813048 0.461749 0.835082
0 0.628458 0.732478 0.628718 0.710457 0.615887 0.709977 0.615626 0.731999
0 0.775708 0.698309 0.778071 0.67921 0.76658 0.674717 0.764217 0.693816
0 0.533845 0.714315 0.535307 0.696627 0.525037 0.693942 0.523574 0.71163
0 0.238937 0.578979 0.242657 0.561556 0.231711 0.554171 0.227992 0.571594
0 0.44045 0.596485 0.443742 0.569403 0.429849 0.564066 0.426558 0.591148
0 0.751586 0.70842 0.755533 0.684621 0.74258 0.677833 0.738634 0.701632
0 0.521494 0.771821 0.524083 0.75424 0.513948 0.749522 0.511358 0.767103
0 0.297897 0.480428 0.298873 0.458964 0.283188 0.45671 0.282212 0.478174
0 0.661561 0.609453 0.66362 0.593726 0.654614 0.59 0.652555 0.605726
0 0.128639 1.00184 0.139646 0.973125 0.12822 0.959282 0.117212 0.987997
0 0.243399 0.847868 0.251548 0.829803 0.239515 0.812649 0.231366 0.830714
0 0.463399 0.711357 0.464296 0.684079 0.447944 0.68238 0.447048 0.709659
0 0.680487 0.733649 0.681816 0.713051 0.669152 0.710469 0.667824 0.731068
0 0.623298 0.556874 0.623535 0.522313 0.603523 0.52188 0.603287 0.556441
0 0.510089 0.713974 0.516091 0.693613 0.506986 0.685129 0.500983 0.705491
0 0.308534 0.433245 0.310203 0.411605 0.298699 0.408801 0.29703 0.430441
0 0.649294 0.925875 0.653208 0.905333 0.642642 0.89897 0.638728 0.919513
0 0.296186 0.617247 0.296737 0.596512 0.285285 0.595551 0.284734 0.616286
0 0.259576 0.739313 0.261615 0.72191 0.250118 0.717653 0.248079 0.735056
0 0.59669 0.697569 0.598407 0.681182 0.590204 0.678465 0.588487 0.694852
0 0.0537334 0.805245 0.0682305 0.778713 0.0576439 0.760431 0.0431468 0.786962
0 0.515051 0.691411 0.523276 0.668422 0.513565 0.657442 0.505341 0.68043
0 0.223598 0.763084 0.224593 0.748662 0.213273 0.746195 0.212279 0.760618
0 0.147567 0.805885 0.1502 0.782564 0.138668 0.778449 0.136035 0.80177
0 0.165041 0.671351 0.167213 0.647705 0.154417 0.64399 0.152245 0.667636
0 0.814498 0.66085 0.817628 0.643116 0.801794 0.634284 0.798664 0.652018
0 0.715678 0.607704 0.716405 0.589178 0.703671 0.587599 0.702944 0.606125
0 0.183828 0.778812 0.193889 0.754985 0.184439 0.742374 0.174378 0.766202
0 0.619705 0.800768 0.624889 0.782399 0.610454 0.769524 0.60527 0.787892
0 0.602416 0.743178 0.603491 0.724423 0.592457 0.722426 0.591383 0.741181
0 0.593148 0.623767 0.595548 0.608084 0.586045 0.603488 0.583646 0.619171
0 0.579229 0.823056 0.595677 0.795405 0.586015 0.777242 0.569568 0.804892
0 0.225599 0.928641 0.22565 0.905287 0.213318 0.905203 0.213268 0.928558
0 0.579482 0.852639 0.581087 0.830703 0.568154 0.827712 0.566549 0.849648
0 0.596913 0.877421 0.600319 0.859414 0.590788 0.853717 0.587383 0.871724
0 0.331315 0.954047 0.337966 0.935472 0.329004 0.92533 0.322353 0.943905
0 0.599341 0.898074 0.603601 0.877657 0.592715 0.870479 0.588455 0.890897
0 0.656264 0.795231 0.660656 0.776068 0.648538 0.767289 0.644145 0.786451
0 0.051291 0.78824 0.0657745 0.759444 0.0541896 0.741028 0.0397061 0.769824
0 0.283311 0.874257 0.286161 0.855695 0.276435 0.850975 0.273584 0.869537
0 0.454228 0.623744 0.45869 0.595906 0.440985 0.586936 0.436523 0.614774
0 0.250261 0.588391 0.253456 0.570607 0.242783 0.564548 0.239589 0.582333
0 0.0689931 1.01159 0.0850009 0.988875 0.0768425 0.970708 0.0608348 0.993428
0 0.768794 1.01882 0.779693 0.972139 0.745069 0.946589 0.73417 0.993272
0 0.3382 0.848883 0.343528 0.828664 0.333086 0.819966 0.327757 0.840185
0 0.449854 0.697392 0.453303 0.678641 0.442954 0.672626 0.439506 0.691377
0 0.497139 0.613833 0.499197 0.591528 0.487744 0.588188 0.485686 0.610493
0 0.242668 0.936151 0.246248 0.909303 0.234844 0.904497 0.231264 0.931344
0 0.275525 1.00488 0.292111 0.980677 0.283957 0.963014 0.267371 0.987215
0 0.283639 0.562218 0.28506 0.545658 0.275714 0.543123 0.274292 0.559683
0 0.570305 0.62148 0.572135 0.604568 0.561276 0.600856 0.559447 0.617767
0 0.477551 0.526349 0.47894 0.509212 0.465387 0.50574 0.463998 0.522878
0 0.619212 0.929588 0.62361 0.910919 0.613678 0.903523 0.60928 0.922192
0 0.628878 0.897289 0.632826 0.872104 0.618258 0.864885 0.614309 0.89007
0 0.172608 0.974418 0.177043 0.941777 0.156141 0.932802 0.151706 0.965442
0 0.168841 0.878567 0.179416 0.851185 0.16527 0.833919 0.154696 0.861301
0 0.380383 0.915535 0.383868 0.888006 0.372622 0.883507 0.369137 0.911035
0 0.0596256 0.757106 0.0623948 0.724515 0.0353816 0.717261 0.0326123 0.749852
0 0.275079 0.535347 0.276988 0.51055 0.26074 0.506597 0.258831 0.531394
0 0.408015 0.835192 0.412079 0.802973 0.394659 0.796029 0.390595 0.828248
0 0.636262 0.695093 0.638243 0.67742 0.628351 0.673916 0.62637 0.691588
0 0.383124 0.962995 0.390496 0.914849 0.368362 0.904138 0.36099 0.952283
0 0.591 0.576293 0.591515 0.54338 0.576347 0.54263 0.575832 0.575543
0 0.171061 0.979513 0.177655 0.953763 0.162601 0.941581 0.156007 0.96733
0 0.50249 0.963911 0.505983 0.94188 0.490182 0.933962 0.486689 0.955993
0 0.636369 0.715026 0.638046 0.697972 0.627058 0.694557 0.625381 0.71161
0 0.223497 0.930735 0.224217 0.909333 0.209439 0.907762 0.208719 0.929165
0 0.560106 0.767189 0.562162 0.749093 0.55338 0.745939 0.551324 0.764036
0 0.619466 0.956577 0.625345 0.932287 0.614156 0.923729 0.608277 0.948018
0 0.344124 0.449853 0.344288 0.421081 0.32684 0.420766 0.326676 0.449538
0 0.281436 0.975205 0.285975 0.952566 0.277172 0.946986 0.272632 0.969625
0 0.194251 0.658434 0.194208 0.628169 0.175591 0.628252 0.175634 0.658517
0 0.390256 0.715058 0.392271 0.682615 0.373484 0.678927 0.371469 0.71137
0 0.432316 0.70947 0.438157 0.679751 0.429273 0.674233 0.423432 0.703953
0 0.178739 0.743582 0.186688 0.668516 0.148142 0.655616 0.140193 0.730682
0 0.180357 0.852152 0.185101 0.820027 0.160941 0.808751 0.156197 0.840876
0 0.361783 0.745177 0.370567 0.717397 0.358686 0.705524 0.349902 0.733304
0 0.357423 0.873362 0.361078 0.848257 0.351247 0.843734 0.347592 0.86884
0 0.464988 0.89167 0.475063 0.87375 0.464927 0.855737 0.454851 0.873657
0 0.657876 0.879695 0.660524 0.862434 0.646094 0.855435 0.643445 0.872696
0 0.483086 0.480596 0.484731 0.462577 0.475735 0.459981 0.47409 0.478
0 0.553052 0.718001 0.554142 0.700263 0.543074 0.698114 0.541984 0.715851
0 0.571109 0.64963 0.572653 0.632724 0.564122 0.630261 0.562578 0.647168
0 0.66042 0.706558 0.663189 0.689389 0.65285 0.684121 0.650082 0.701289
0 0.209146 0.649386 0.210488 0.621192 0.196788 0.619131 0.195446 0.647326
0 0.327314 0.479985 0.328625 0.459313 0.317449 0.457073 0.316138 0.477744
0 0.251375 0.912457 0.259456 0.881059 0.248314 0.871996 0.240233 0.903395
0 0.58275 0.881272 0.584315 0.85728 0.572721 0.854889 0.571156 0.878882
0 0.322597 0.976211 0.330431 0.950931 0.320361 0.941069 0.312527 0.966349
0 0.311341 0.637132 0.314207 0.619162 0.303934 0.613986 0.301069 0.631956
0 0.0810612 0.853211 0.0832577 0.816262 0.0628762 0.812433 0.0606797 0.849381
0 0.653046 0.832592 0.653936 0.802389 0.634769 0.800604 0.633879 0.830807
0 0.483524 0.74762 0.484631 0.729734 0.474464 0.727746 0.473357 0.745631
0 0.786907 0.655224 0.788687 0.639098 0.779162 0.635774 0.777381 0.6519
0 0.377359 0.640879 0.378638 0.62056 0.368011 0.618445 0.366732 0.638763
0 0.663508 0.627665 0.664359 0.613371 0.654421 0.6115 0.65357 0.625794
0 0.663121 1.03005 0.855274 0.887564 0.825841 0.762114 0.633688 0.904596
0 0.490245 0.263357 0.493012 0.243987 0.477124 0.236815 0.474357 0.256185
0 0.645405 0.666633 0.648063 0.650301 0.63695 0.644586 0.634292 0.660918
0 0.750098 0.803599 0.751696 0.782792 0.741037 0.780206 0.73944 0.801014
0 0.47679 0.714951 0.477786 0.694129 0.465884 0.69233 0.464888 0.713151
0 0.540157 0.696225 0.541582 0.678126 0.53014 0.675279 0.528715 0.693377
0 0.473504 0.614517 0.477874 0.593847 0.465107 0.585317 0.460737 0.605987
0 0.367953 0.582823 0.373477 0.563799 0.364085 0.555179 0.358561 0.574202
0 0.632092 0.92168 0.637129 0.90168 0.621468 0.889216 0.616432 0.909216
0 0.788506 0.710529 0.791854 0.68802 0.779441 0.682184 0.776093 0.704693
0 0.111924 0.837824 0.115094 0.814156 0.103583 0.809283 0.100413 0.832951
0 0.482733 0.725231 0.483883 0.706578 0.474197 0.704691 0.473047 0.723344
0 0.564683 0.871724 0.572994 0.828502 0.551894 0.81568 0.543584 0.858902
0 0.23729 0.768659 0.23988 0.750624 0.229863 0.746078 0.227273 0.764112
0 0.559003 0.562889 0.559554 0.545007 0.547981 0.543881 0.54743 0.561762
0 0.64929 0.564022 0.650473 0.549194 0.641132 0.546839 0.639949 0.561667
0 0.268169 0.900896 0.272559 0.874132 0.260243 0.867748 0.255853 0.894512
0 0.355853 0.553252 0.367591 0.516162 0.352836 0.501404 0.341098 0.538494
0 0.286856 0.523608 0.289369 0.499738 0.274749 0.494875 0.272236 0.518744
0 0.455347 0.746881 0.458449 0.720137 0.444101 0.714876 0.440998 0.741619
0 0.543328 0.620764 0.544379 0.605139 0.534636 0.603068 0.533585 0.618692
0 0.609772 0.918262 0.611286 0.896162 0.596816 0.893029 0.595302 0.915129
0 0.663363 0.750352 0.665458 0.729246 0.651827 0.72497 0.649732 0.746076
0 0.285112 1.0033 0.28608 0.979949 0.269874 0.977826 0.268906 1.00118
0 0.276854 0.47754 0.278301 0.458959 0.267498 0.456299 0.266051 0.47488
0 0.145821 0.841268 0.151939 0.817027 0.141887 0.80901 0.13577 0.833251
0 0.274789 0.704321 0.279647 0.67872 0.269024 0.67235 0.264167 0.697951
0 0.311254 0.730804 0.313123 0.704041 0.299298 0.700991 0.29743 0.727754
0 0.0803652 0.774639 0.0881829 0.735679 0.0735045 0.72637 0.0656868 0.76533
0 0.483625 0.628843 0.484666 0.612247 0.475589 0.610447 0.474547 0.627044
0 0.744676 0.584598 0.748678 0.567407 0.732894 0.555794 0.728892 0.572985
0 0.0851551 0.95202 0.100326 0.916061 0.0902358 0.902607 0.0750649 0.938566
0 0.661819 0.665647 0.668026 0.646599 0.655409 0.633606 0.649202 0.652654
0 0.518515 0.755447 0.521736 0.73675 0.511714 0.731292 0.508492 0.749988
0 0.11276 0.775048 0.120325 0.749679 0.109243 0.739235 0.101677 0.764604
0 0.619849 0.572443 0.621219 0.554819 0.610799 0.552258 0.609429 0.569882
0 0.301074 0.870499 0.304683 0.839868 0.289829 0.834337 0.28622 0.864968
0 0.644409 0.522383 0.645361 0.502254 0.633256 0.500444 0.632304 0.520573
0 0.168273 0.771374 0.176792 0.751199 0.168916 0.740689 0.160397 0.760863
0 0.314689 0.905387 0.31815 0.864407 0.295289 0.858305 0.291828 0.899285
0 0.45036 0.563034 0.453845 0.537836 0.441969 0.532645 0.438484 0.557842
0 0.381833 1.00314 0.382776 0.977791 0.367975 0.976052 0.367033 1.00141
0 0.998532 0.796767 0.999897 0.775285 0.982112 0.771713 0.980747 0.793195
0 0.319873 1.01032 0.330297 0.994209 0.323299 0.979895 0.312874 0.996005
0 0.430301 0.647001 0.43127 0.628841 0.418641 0.626711 0.417672 0.644871
0 0.416122 0.581187 0.420249 0.562526 0.411647 0.556514 0.40752 0.575175
0 0.0790636 0.729263 0.0810507 0.705828 0.0688998 0.702572 0.0669127 0.726007
0 0.567187 0.668951 0.56941 0.652769 0.559332 0.648392 0.557109 0.664575
0 0.270538 0.989046 0.279508 0.970545 0.271923 0.958922 0.262953 0.977423
0 0.656603 0.672657 0.65991 0.657647 0.647205 0.648801 0.643898 0.663811
0 0.67816 0.5846 0.678786 0.56831 0.667403 0.566926 0.666777 0.583217
0 0.047838 0.840162 0.0543374 0.819031 0.0427205 0.807738 0.0362211 0.828869
0 0.520826 0.567228 0.522603 0.55142 0.512589 0.547861 0.510811 0.563668
0 0.308687 0.570746 0.312471 0.54786 0.301451 0.542102 0.297667 0.564989
0 0.682092 0.583288 0.683326 0.564799 0.671749 0.562355 0.670514 0.580844
0 0.484287 0.590952 0.487084 0.563928 0.466099 0.557064 0.463303 0.584089
0 0.229801 0.494794 0.229761 0.471952 0.211355 0.472054 0.211395 0.494896
0 0.895847 0.793258 0.896577 0.769348 0.884487 0.768181 0.883757 0.792091
0 0.114473 0.588048 0.111698 0.556752 0.0920838 0.562248 0.0948583 0.593544
0 0.560826 0.892857 0.564968 0.851015 0.54128 0.843604 0.537138 0.885446
