0 0.524906 0.998195 0.519227 0.912347 0.470352 0.922566 0.476031 1.00841
0 0.436125 0.990848 0.438426 0.8824 0.371557 0.877916 0.369256 0.986364
0 0.487369 0.592311 0.486493 0.540274 0.457588 0.541812 0.458464 0.593849
0 0.513484 0.881806 0.515908 0.842479 0.494143 0.83824 0.491719 0.877567
0 0.566701 0.991995 0.554243 0.893691 0.505228 0.913323 0.517686 1.01163
0 0.378961 0.910726 0.386166 0.84275 0.358279 0.833408 0.351074 0.901384
0 0.983071 1.08332 1.0217 0.857754 0.792824 0.733894 0.7542 0.959459
0 0.472003 0.799935 0.474811 0.771575 0.455801 0.765625 0.452993 0.793985
0 0.374197 0.946421 0.377457 0.90805 0.354505 0.901887 0.351245 0.940259
0 0.33796 0.957182 0.363712 0.906047 0.344978 0.876228 0.319226 0.927363
0 0.912673 0.808122 0.909124 0.751775 0.87927 0.757717 0.882819 0.814064
0 0.100002 0.819581 0.10272 0.790208 0.0872537 0.785685 0.0845359 0.815058
0 0.447003 0.826918 0.457875 0.788549 0.446608 0.778458 0.435736 0.816827
0 0.122898 0.777675 0.122949 0.743878 0.0957285 0.743748 0.0956773 0.777545
0 0.768609 1.03535 0.820556 0.960877 0.743325 0.790617 0.691379 0.865088
0 0.343413 0.907681 0.355705 0.857734 0.33089 0.838434 0.318599 0.888381
0 0.379433 0.772366 0.395991 0.74407 0.38352 0.721004 0.366961 0.7493
0 0.132621 0.781101 0.142986 0.750747 0.128659 0.735287 0.118295 0.76564
0 0.104811 0.793427 0.106757 0.771574 0.0921712 0.767468 0.0902247 0.789321
0 0.537302 0.731456 0.542782 0.707855 0.529525 0.698127 0.524045 0.721728
0 0.377096 0.798041 0.374562 0.753893 0.347365 0.758828 0.3499 0.802976
0 0.0138732 0.979296 0.0371479 0.946442 0.0232191 0.915255 -5.56509e-05 0.948109
0 0.370738 0.985555 0.389195 0.9482 0.373144 0.923135 0.354687 0.96049
0 0.442727 0.865438 0.450253 0.830429 0.435732 0.820564 0.428206 0.855573
0 0.137849 0.750387 0.155596 0.707745 0.139768 0.686925 0.122021 0.729567
0 0.122282 0.726375 0.122434 0.703572 0.106167 0.703227 0.106015 0.72603
0 0.337173 0.862369 0.363941 0.843933 0.358605 0.81945 0.331838 0.837887
0 0.224895 0.998447 0.240527 0.981023 0.232519 0.958317 0.216887 0.97574
0 0.109566 0.753576 0.115505 0.731492 0.104032 0.72174 0.0980928 0.743824
0 0.442102 0.907562 0.443109 0.853863 0.408332 0.851801 0.407325 0.9055
0 0.932839 0.61557 0.935576 0.561918 0.886495 0.554007 0.883759 0.607658
0 0.467706 0.928319 0.470903 0.898109 0.454449 0.892606 0.451252 0.922816
0 0.116468 0.620886 0.107685 0.565455 0.0640985 0.587282 0.0728814 0.642713
0 0.521443 0.745204 0.528196 0.721486 0.517317 0.711697 0.510565 0.735416
0 0.440453 0.999485 0.436123 0.959703 0.406795 0.969792 0.411125 1.00957
0 0.548977 0.847611 0.549937 0.814117 0.532243 0.812514 0.531282 0.846008
0 0.455205 0.928904 0.45736 0.893102 0.437623 0.889346 0.435467 0.925148
0 0.45742 0.771192 0.458629 0.750102 0.445254 0.747678 0.444044 0.768767
0 0.529108 0.876339 0.532457 0.849796 0.51776 0.843935 0.514411 0.870478
0 0.439793 0.687961 0.449653 0.658085 0.439034 0.647008 0.429174 0.676884
0 0.112809 0.805458 0.120797 0.784321 0.109468 0.77079 0.10148 0.791927
0 0.270843 0.961315 0.2813 0.92201 0.268954 0.911629 0.258497 0.950934
0 0.447634 0.783847 0.45056 0.764895 0.440997 0.76023 0.438072 0.779181
0 0.531047 0.856197 0.538021 0.834849 0.524891 0.821293 0.517917 0.842641
0 0.499991 0.411287 0.502534 0.345956 0.468653 0.341788 0.46611 0.407119
0 0.919407 0.760216 0.934175 0.723949 0.91828 0.703494 0.903513 0.739761
0 0.0339433 0.982381 0.0476202 0.953389 0.0348294 0.934319 0.0211525 0.963311
0 0.0896823 1.02281 0.152444 0.919238 0.111174 0.840199 0.0484127 0.943769
0 0.915145 0.718601 0.918479 0.691758 0.893343 0.681891 0.890009 0.708734
0 0.216241 0.908165 0.224886 0.880341 0.213373 0.869035 0.204728 0.896859
0 0.243775 0.973133 0.255416 0.954228 0.247607 0.939031 0.235966 0.957937
0 0.394106 0.832319 0.417904 0.801205 0.405974 0.772368 0.382177 0.803482
0 0.463062 0.884513 0.468963 0.828772 0.447215 0.821495 0.441313 0.877236
0 0.0824294 0.836628 0.0885288 0.805983 0.0681006 0.793133 0.0620012 0.823777
0 0.127098 0.753015 0.130678 0.73076 0.116233 0.723416 0.112653 0.745671
0 0.474558 0.772581 0.476756 0.750454 0.464416 0.746581 0.462219 0.768708
0 0.317735 0.842472 0.321802 0.822504 0.311726 0.816018 0.307659 0.835985
0 0.939699 0.576667 0.943157 0.549027 0.918518 0.539284 0.915059 0.566924
0 0.589692 0.846004 0.594536 0.824633 0.57287 0.809114 0.568027 0.830485
0 0.468174 0.702377 0.467276 0.675944 0.445753 0.678255 0.446651 0.704687
0 0.523668 0.917468 0.532228 0.878283 0.513505 0.865356 0.504945 0.904542
0 0.184648 0.984506 0.196 0.965074 0.187889 0.950097 0.176537 0.969529
0 0.351169 0.992348 0.364651 0.964309 0.354878 0.949456 0.341395 0.977495
0 0.595211 1.01125 0.599011 0.970059 0.560675 0.958883 0.556875 1.00008
0 0.230451 0.975973 0.239952 0.958182 0.232343 0.94534 0.222843 0.963131
0 0.3282 0.536663 0.337262 0.508485 0.319155 0.490082 0.310093 0.51826
0 0.558004 0.831507 0.558439 0.809312 0.546646 0.80858 0.54621 0.830776
0 0.532629 0.829182 0.533693 0.805536 0.522367 0.803925 0.521303 0.827572
0 0.379172 0.849139 0.3933 0.80213 0.376473 0.786148 0.362346 0.833157
0 0.067694 0.340358 0.0858607 0.322521 0.0716635 0.276821 0.0534968 0.294657
0 0.564669 0.852977 0.566514 0.830869 0.553828 0.827523 0.551984 0.849631
0 0.478477 0.86601 0.482599 0.839599 0.468761 0.832773 0.464639 0.859184
0 0.328672 0.972558 0.332087 0.925206 0.305863 0.919229 0.302448 0.96658
0 0.0801555 0.773218 0.0917725 0.74737 0.08219 0.733759 0.0705729 0.759606
0 0.497297 0.919951 0.500689 0.894172 0.488158 0.888962 0.484767 0.914741
0 0.287605 0.965716 0.290118 0.946248 0.27836 0.94145 0.275846 0.960919
0 0.864142 0.739147 0.867877 0.715355 0.849447 0.70621 0.845712 0.730003
0 0.610659 0.58439 0.611956 0.541364 0.586184 0.538907 0.584886 0.581933
0 0.101608 0.658614 0.104859 0.632098 0.0882526 0.625664 0.085002 0.65218
0 0.291856 0.943513 0.305848 0.917014 0.295188 0.899224 0.281196 0.925723
0 0.474495 0.729171 0.477291 0.710256 0.465268 0.704639 0.462472 0.723553
0 0.940529 0.547923 0.936017 0.495537 0.887488 0.508747 0.892 0.561133
0 0.581762 0.860742 0.585869 0.839309 0.569923 0.829654 0.565817 0.851087
0 0.581027 0.969212 0.583824 0.936462 0.567091 0.931946 0.564295 0.964696
0 0.151253 0.980726 0.168573 0.950011 0.160513 0.935647 0.143193 0.966361
0 0.240496 0.935415 0.243295 0.917473 0.232642 0.91222 0.229843 0.930162
0 0.627496 0.62127 0.619665 0.585029 0.590428 0.604995 0.598258 0.641235
0 0.293604 0.846941 0.2934 0.824107 0.282333 0.824419 0.282537 0.847252
0 0.914896 0.569118 0.91933 0.533838 0.889158 0.521854 0.884724 0.557135
0 0.420136 0.544821 0.416404 0.507982 0.399076 0.51353 0.402808 0.550369
0 0.526088 0.760374 0.52848 0.739719 0.516471 0.735325 0.51408 0.75598
0 0.546398 0.874794 0.549893 0.847686 0.534856 0.841559 0.531361 0.868667
0 0.313579 1.00214 0.338021 0.984147 0.332589 0.960823 0.308147 0.978815
0 0.45695 0.677552 0.460055 0.657301 0.447504 0.65122 0.444399 0.671471
0 0.104268 0.777716 0.107703 0.754292 0.0917875 0.746916 0.0883526 0.77034
0 0.548128 0.920687 0.555072 0.878927 0.53155 0.866565 0.524605 0.908325
0 0.374632 0.999784 0.376335 0.975131 0.356586 0.970819 0.354883 0.995472
0 0.413363 0.104317 0.409498 0.065968 0.384884 0.0738075 0.388749 0.112156
0 0.9943 0.776077 1.0106 0.704849 0.959468 0.667874 0.94317 0.739102
0 0.587307 0.608249 0.596087 0.581322 0.577074 0.561728 0.568294 0.588655
0 0.099032 0.8397 0.105351 0.817123 0.0954944 0.808405 0.0891758 0.830981
0 0.369717 0.739558 0.372359 0.722255 0.360147 0.71636 0.357505 0.733663
0 0.0900898 0.843991 0.0896128 0.82552 0.0721455 0.826945 0.0726225 0.845417
0 0.253021 0.971943 0.261532 0.949872 0.251798 0.938011 0.243288 0.960082
0 0.284526 0.952766 0.292393 0.930006 0.28284 0.919571 0.274973 0.94233
0 0.474323 0.962775 0.484684 0.928114 0.470712 0.914913 0.460351 0.949574
0 0.129866 0.637877 0.131647 0.61384 0.11801 0.610647 0.116229 0.634685
0 0.179244 1.01015 0.184927 0.980492 0.166768 0.969496 0.161085 0.999153
0 0.732299 0.39622 0.734819 0.3509 0.708418 0.346261 0.705898 0.391581
0 0.482408 0.678435 0.484351 0.651832 0.469188 0.648332 0.467245 0.674935
0 0.219366 0.988235 0.22822 0.965994 0.219815 0.955418 0.210961 0.977659
0 0.0563666 0.865612 0.0748067 0.833501 0.0612442 0.808886 0.0428041 0.840997
0 0.342002 0.975412 0.365345 0.946601 0.354478 0.918775 0.331136 0.947586
0 0.683465 0.646799 0.68308 0.607603 0.662822 0.608231 0.663206 0.647427
0 0.462172 0.950593 0.466722 0.927749 0.455106 0.920437 0.450556 0.943281
0 0.459507 0.900373 0.460055 0.881907 0.448251 0.8808 0.447703 0.899266
0 0.202648 0.901981 0.209782 0.88303 0.203157 0.875148 0.196023 0.894099
0 0.232814 0.89856 0.244738 0.879928 0.237853 0.866002 0.225929 0.884633
0 0.00670977 0.917232 0.0358984 0.875258 0.018999 0.838116 -0.0101897 0.88009
0 0.018543 0.745764 0.0199131 0.705594 -0.00254474 0.703174 -0.00391485 0.743343
0 0.024508 0.707087 0.0269185 0.684221 0.0129942 0.679582 0.0105838 0.702448
0 0.196501 0.916901 0.203545 0.896063 0.194992 0.886925 0.187948 0.907763
0 0.0440137 1.0007 0.0420389 0.954879 0.00338703 0.960144 0.0053618 1.00596
0 0.517022 0.849928 0.519923 0.827925 0.507712 0.822836 0.504811 0.844839
0 0.144486 0.966136 0.157656 0.94218 0.148989 0.927121 0.135819 0.951077
0 0.431381 0.848241 0.435669 0.817455 0.422056 0.811464 0.417769 0.84225
0 0.0401968 0.9513 0.0517335 0.922058 0.0397346 0.907097 0.0281979 0.936338
0 0.677921 0.406235 0.688541 0.343409 0.65804 0.327115 0.64742 0.38994
0 0.241536 1.00889 0.25135 0.991178 0.242275 0.975285 0.232461 0.992997
0 0.0875808 0.740985 0.0923149 0.720819 0.0826608 0.713656 0.0779268 0.733822
0 0.191108 0.6395 0.194085 0.615559 0.18121 0.610498 0.178232 0.63444
0 0.168154 0.949513 0.174431 0.93061 0.165533 0.921272 0.159256 0.940175
0 0.508473 0.743794 0.511111 0.723217 0.498946 0.718288 0.496308 0.738865
0 0.0924855 0.72766 0.102595 0.712138 0.0946555 0.695794 0.0845455 0.711316
0 0.507197 0.923647 0.515416 0.902907 0.499465 0.882929 0.491246 0.903669
0 0.264682 0.99873 0.273653 0.976249 0.265698 0.966216 0.256727 0.988697
0 0.164708 0.986583 0.17586 0.955702 0.164606 0.942858 0.153454 0.973739
0 0.267708 0.96972 0.274691 0.941389 0.265188 0.933986 0.258205 0.962317
0 0.472771 0.822384 0.477497 0.805415 0.464874 0.794305 0.460148 0.811274
0 0.508124 0.725179 0.510513 0.702976 0.500208 0.699473 0.49782 0.721675
0 0.943484 0.693894 0.952131 0.662259 0.92849 0.641837 0.919844 0.673472
0 0.32591 0.913074 0.329097 0.88129 0.312148 0.875921 0.308962 0.907704
0 0.28098 0.836424 0.284373 0.817631 0.276523 0.813152 0.27313 0.831944
0 0.0828413 0.915624 0.0866355 0.887792 0.0728114 0.881836 0.0690171 0.909667
0 0.252781 0.417685 0.259311 0.373774 0.216711 0.353752 0.210181 0.397663
0 0.345609 0.569752 0.346373 0.549803 0.333702 0.548268 0.332938 0.568218
0 0.689523 0.235015 0.692212 0.175017 0.658927 0.170303 0.656238 0.230301
0 0.503117 0.707802 0.50558 0.674634 0.490732 0.671149 0.488269 0.704318
0 0.520252 0.702709 0.522544 0.672092 0.505056 0.667954 0.502764 0.698571
0 0.311668 0.740476 0.322982 0.697168 0.302543 0.680291 0.291228 0.7236
0 0.876494 0.797696 0.888791 0.776264 0.866336 0.735548 0.85404 0.75698
0 0.548652 0.618507 0.548087 0.596282 0.532274 0.597553 0.532839 0.619779
0 0.825229 0.737186 0.829619 0.715211 0.811188 0.703574 0.806798 0.725549
0 0.36182 0.754844 0.364683 0.730709 0.350445 0.725372 0.347582 0.749508
0 0.320292 0.880634 0.321451 0.86092 0.311778 0.859123 0.310619 0.878838
0 0.549681 0.659858 0.554743 0.624236 0.539768 0.617511 0.534706 0.653132
0 0.0806414 1.00881 0.0831387 0.974183 0.0487607 0.966348 0.0462633 1.00098
0 0.212274 0.985851 0.217359 0.965942 0.207648 0.958104 0.202563 0.978013
0 0.546562 0.902009 0.551479 0.870438 0.533216 0.86145 0.5283 0.893021
0 0.396173 0.566445 0.398359 0.547335 0.386856 0.543176 0.38467 0.562285
0 0.489597 0.640597 0.50371 0.621983 0.488452 0.585423 0.474339 0.604037
0 0.239122 0.9931 0.249756 0.972253 0.241667 0.959211 0.231032 0.980058
0 0.436603 0.825998 0.441951 0.802535 0.429081 0.793265 0.423733 0.816728
0 0.269602 0.896126 0.274594 0.872603 0.267438 0.867803 0.262446 0.891326
0 0.180388 0.908652 0.187114 0.886518 0.179437 0.879144 0.17271 0.901278
0 0.156715 0.999244 0.168507 0.973112 0.160007 0.960988 0.148214 0.98712
0 0.50658 0.134462 0.50859 0.0877989 0.474931 0.0832173 0.472921 0.12988
0 0.601056 0.874256 0.602712 0.851412 0.591059 0.848743 0.589403 0.871587
0 0.161084 0.933442 0.167766 0.917011 0.159399 0.906256 0.152716 0.922686
0 0.521879 0.624282 0.525351 0.597667 0.50439 0.589026 0.500918 0.615641
0 0.57771 0.904317 0.582577 0.874791 0.564893 0.865578 0.560026 0.895104
0 0.411319 0.57266 0.414161 0.555707 0.402927 0.549753 0.400084 0.566706
0 0.259234 0.895689 0.262539 0.877249 0.253786 0.87229 0.25048 0.89073
0 0.612215 0.855616 0.622873 0.842089 0.610893 0.812256 0.600235 0.825782
0 0.65632 0.168981 0.656836 0.12716 0.636135 0.126353 0.635619 0.168174
0 0.482386 1.01006 0.485697 0.983865 0.464785 0.975512 0.461474 1.00171
0 0.235525 0.998753 0.23784 0.975686 0.22057 0.970209 0.218255 0.993276
0 0.42664 0.810445 0.430093 0.788204 0.417749 0.782146 0.414296 0.804387
0 0.175134 0.125618 0.192959 0.114966 0.169203 -0.0106794 0.151378 -2.78336e-05
0 0.300637 0.833584 0.30197 0.817076 0.292833 0.814745 0.291501 0.831253
0 0.316158 0.885055 0.319435 0.867371 0.309856 0.861762 0.30658 0.879445
0 0.438563 0.804486 0.446792 0.786309 0.438072 0.773832 0.429843 0.79201
0 0.262876 0.934049 0.266822 0.913614 0.257149 0.90771 0.253203 0.928145
0 0.23989 0.287221 0.257964 0.268792 0.238154 0.20739 0.22008 0.225819
0 0.46946 0.900802 0.471518 0.883081 0.459727 0.878752 0.457668 0.896473
0 0.0229803 0.0628411 0.0199341 -0.0103097 -0.00696935 -0.00676891 -0.00392317 0.0663819
0 0.845546 0.742908 0.853788 0.724056 0.840975 0.706349 0.832732 0.725202
0 0.466974 0.753547 0.469939 0.724744 0.457076 0.720559 0.45411 0.749361
0 0.339953 0.395959 0.342687 0.355001 0.321699 0.350573 0.318965 0.391532
0 0.667473 0.270125 0.671733 0.220334 0.644815 0.213055 0.640555 0.262845
0 0.109165 0.85896 0.110008 0.840238 0.098336 0.838578 0.0974937 0.8573
0 0.562527 0.127528 0.58668 0.0311682 0.513 -0.0272002 0.488847 0.0691592
0 0.307314 0.855054 0.309599 0.835997 0.301624 0.832975 0.299339 0.852031
0 0.257452 0.989949 0.264664 0.973419 0.25872 0.965222 0.251508 0.981752
0 0.58731 0.876427 0.590073 0.857289 0.578066 0.851811 0.575303 0.870949
0 0.601497 0.993029 0.606686 0.973421 0.591877 0.961035 0.586688 0.980643
0 0.479117 0.827392 0.480398 0.807162 0.467348 0.804549 0.466067 0.824779
0 0.501656 0.831642 0.502714 0.812911 0.492931 0.811165 0.491873 0.829896
0 0.569439 0.949342 0.577208 0.921374 0.562174 0.908174 0.554404 0.936142
0 0.0284337 0.901758 0.0602479 0.87298 0.0513627 0.841936 0.0195485 0.870714
