0 0.449293 0.837496 0.474304 0.738293 0.42984 0.702863 0.404828 0.802065
0 0.99717 0.995996 1.01436 0.873366 0.835282 0.794009 0.818088 0.91664
0 0.0266731 0.950377 0.0413021 0.902841 0.0205753 0.882681 0.00594622 0.930217
0 0.00455251 1.01286 0.0396488 0.975637 0.027864 0.940523 -0.00723235 0.977751
0 0.887629 0.574813 0.893385 0.545131 0.874464 0.533533 0.868708 0.563214
0 0.628819 0.551623 0.647209 0.524917 0.636649 0.501935 0.618259 0.528641
0 0.778208 0.588332 0.781496 0.527789 0.747951 0.522031 0.744663 0.582574
0 0.64607 0.556139 0.664089 0.528314 0.655597 0.510934 0.637578 0.538759
0 0.596089 0.648174 0.602908 0.616226 0.591645 0.608629 0.584826 0.640577
0 0.731246 0.666132 0.750042 0.63349 0.738547 0.612571 0.719752 0.645213
0 0.576583 0.617608 0.580203 0.587154 0.567161 0.582254 0.563541 0.612708
0 0.422445 0.718162 0.42475 0.682603 0.404525 0.678459 0.402219 0.714018
0 0.80938 0.402546 0.817167 0.37523 0.803054 0.362515 0.795267 0.389832
0 0.6717 0.424962 0.673961 0.395715 0.660414 0.392405 0.658153 0.421652
0 0.491072 0.892123 0.501732 0.870582 0.484717 0.843969 0.474057 0.86551
0 0.772539 0.511048 0.77764 0.479978 0.75928 0.470451 0.754178 0.501521
0 0.743156 0.438819 0.749912 0.412744 0.726072 0.393222 0.719316 0.419297
0 0.600045 0.613722 0.600706 0.588262 0.583002 0.586811 0.582341 0.612271
0 0.791223 0.69431 0.792216 0.660048 0.775032 0.658474 0.774039 0.692735
0 0.600671 0.730143 0.604506 0.711444 0.591912 0.70328 0.588077 0.721979
0 0.656352 0.412386 0.669661 0.387117 0.657962 0.367644 0.644653 0.392913
0 0.793133 0.629328 0.787577 0.572026 0.761773 0.579933 0.767329 0.637235
0 0.583531 0.930943 0.584216 0.905645 0.569033 0.904347 0.568348 0.929645
0 0.874336 0.680566 0.886483 0.658912 0.869684 0.629128 0.857537 0.650783
0 0.72443 0.578804 0.726405 0.550364 0.713811 0.547599 0.711835 0.57604
0 0.717915 0.537386 0.720987 0.514609 0.710113 0.509973 0.707041 0.532751
0 0.616727 0.512522 0.623227 0.482546 0.610615 0.473902 0.604115 0.503878
0 0.650597 0.632638 0.656915 0.609308 0.637748 0.592903 0.63143 0.616233
0 0.655272 0.574665 0.662677 0.548986 0.652272 0.539503 0.644866 0.565182
0 0.832552 0.77767 0.841681 0.750285 0.819715 0.727139 0.810585 0.754524
0 0.866521 0.757228 0.873936 0.718256 0.856686 0.707883 0.849271 0.746855
0 0.55728 0.617435 0.564124 0.593558 0.554964 0.58526 0.54812 0.609136
0 0.58299 1.00642 0.584631 0.967609 0.561016 0.964452 0.559375 1.00326
0 0.558582 0.879553 0.566702 0.852862 0.557329 0.843851 0.549209 0.870541
0 0.755089 0.640244 0.76456 0.620552 0.751698 0.601001 0.742227 0.620692
0 0.889162 0.47761 0.888647 0.423096 0.860515 0.423935 0.86103 0.478449
0 0.826844 0.846434 0.840814 0.701677 0.72197 0.665427 0.708 0.810184
0 0.669504 0.526287 0.676252 0.516108 0.66366 0.489724 0.656911 0.499903
0 0.504192 0.695492 0.513961 0.668555 0.502966 0.655954 0.493198 0.68289
0 0.5224 0.816487 0.533518 0.787187 0.518421 0.76908 0.507302 0.79838
0 0.379551 0.886095 0.379707 0.834564 0.358889 0.834365 0.358734 0.885896
0 0.823137 0.654051 0.826782 0.635414 0.813855 0.627423 0.81021 0.646061
0 0.837292 0.745763 0.842718 0.710998 0.825474 0.702492 0.820048 0.737257
0 0.663262 0.490874 0.668288 0.475767 0.659538 0.466568 0.654512 0.481675
0 0.484229 0.730097 0.490604 0.702719 0.479778 0.694753 0.473403 0.722131
0 0.519255 0.665644 0.525521 0.642906 0.516347 0.634917 0.510081 0.657654
0 0.648086 0.498105 0.657531 0.467917 0.644695 0.455224 0.63525 0.485412
0 0.521165 0.607044 0.52438 0.584402 0.51142 0.578585 0.508205 0.601227
0 0.644455 0.714171 0.647052 0.695792 0.63182 0.68899 0.629223 0.70737
0 0.68664 0.298593 0.688956 0.261577 0.669106 0.25765 0.666789 0.294667
0 0.539676 0.683344 0.543971 0.652882 0.525233 0.644532 0.520938 0.674994
0 0.615838 0.755173 0.622298 0.726754 0.610241 0.718093 0.603781 0.746511
0 0.569771 0.912802 0.578313 0.884764 0.567551 0.8744 0.559009 0.902438
0 0.8467 0.756375 0.85029 0.733327 0.836516 0.726545 0.832925 0.749593
0 0.775798 0.655827 0.779436 0.628454 0.762686 0.621418 0.759048 0.648791
0 0.186715 0.504637 0.225247 0.474647 0.200076 0.372439 0.161545 0.402429
0 0.884885 0.601308 0.886815 0.570804 0.869253 0.567293 0.867323 0.597797
0 0.953385 0.408792 0.949875 0.375049 0.919943 0.384889 0.923453 0.418632
0 0.684389 0.431938 0.685762 0.410945 0.672838 0.408273 0.671465 0.429266
0 0.547038 0.839367 0.550065 0.815585 0.53825 0.810832 0.535222 0.834613
0 0.697308 0.416223 0.698589 0.395264 0.687943 0.393209 0.686662 0.414168
0 0.799703 0.47331 0.807879 0.457693 0.78943 0.42717 0.781254 0.442788
0 0.568563 0.764875 0.57467 0.740636 0.561471 0.730128 0.555365 0.754367
0 0.798343 1.00334 0.841583 0.924474 0.780765 0.81909 0.737524 0.897958
0 0.695229 0.716419 0.697455 0.677598 0.673384 0.673236 0.671158 0.712057
0 0.67146 0.473241 0.674775 0.453203 0.66235 0.446706 0.659035 0.466744
0 0.507788 0.729125 0.509892 0.707273 0.499927 0.704241 0.497823 0.726092
0 0.719246 0.506772 0.723049 0.473486 0.708013 0.468057 0.70421 0.501343
0 0.920858 0.412694 0.923369 0.392134 0.912165 0.387808 0.909653 0.408368
0 0.520305 0.735412 0.531431 0.725161 0.519552 0.684415 0.508427 0.694665
0 0.668165 0.585842 0.671923 0.566782 0.661648 0.560378 0.657889 0.579438
0 0.554702 0.595111 0.562 0.572029 0.552256 0.562291 0.544957 0.585374
0 0.682883 0.411457 0.685141 0.389088 0.6732 0.385278 0.670942 0.407647
0 0.594486 0.704387 0.597079 0.682813 0.583952 0.677825 0.581358 0.699399
0 0.506782 0.71122 0.513486 0.690434 0.504666 0.681444 0.497962 0.702229
0 0.0371407 0.895571 0.0309471 0.84051 -0.00385399 0.852882 0.00233963 0.907944
0 0.988055 0.762352 1.02243 0.704448 0.973001 0.611688 0.938621 0.669593
0 0.739291 0.592644 0.752935 0.568494 0.745316 0.554889 0.731672 0.57904
0 0.755448 0.609263 0.761939 0.594528 0.750654 0.578816 0.744163 0.593551
0 0.580567 0.853601 0.585095 0.829114 0.57423 0.822763 0.569702 0.84725
0 0.856624 0.642935 0.861207 0.618281 0.844586 0.608516 0.840003 0.63317
0 0.73585 0.572413 0.740427 0.548353 0.728797 0.541361 0.72422 0.565421
0 0.799192 0.634388 0.805451 0.612035 0.795423 0.603161 0.789164 0.625514
0 0.530303 0.622501 0.537159 0.598953 0.52763 0.590184 0.520774 0.613732
0 0.637447 0.749222 0.640744 0.726598 0.62874 0.721069 0.625443 0.743693
0 0.573778 0.21649 0.570337 0.165045 0.539817 0.171497 0.543258 0.222942
0 0.520301 0.683314 0.524062 0.664367 0.512816 0.657312 0.509055 0.676259
0 0.812722 0.711962 0.814784 0.683617 0.800708 0.680381 0.798646 0.708726
0 0.367961 0.776357 0.379763 0.760949 0.366982 0.730006 0.35518 0.745414
0 0.62272 0.456957 0.626331 0.422399 0.607604 0.416215 0.603994 0.450773
0 0.774343 0.393205 0.777074 0.371165 0.765636 0.366686 0.762905 0.388727
0 0.663202 0.460611 0.666204 0.44392 0.653247 0.436553 0.650244 0.453245
0 0.651536 0.695722 0.659427 0.659893 0.643957 0.649125 0.636067 0.684955
0 0.572009 0.87348 0.578753 0.852797 0.569856 0.843628 0.563112 0.864311
0 0.696905 0.455887 0.704687 0.434062 0.695534 0.423747 0.687752 0.445572
0 0.608637 0.86946 0.61206 0.841887 0.596716 0.835866 0.593292 0.863439
0 0.647247 0.438826 0.651669 0.418298 0.641944 0.411676 0.637521 0.432204
0 0.58454 0.568534 0.589701 0.54505 0.579478 0.53795 0.574317 0.561434
0 0.390418 0.87405 0.393633 0.839151 0.37864 0.834785 0.375425 0.869685
0 0.780077 0.545084 0.787292 0.521625 0.764205 0.499182 0.756989 0.52264
0 0.664481 0.295899 0.668663 0.274087 0.656722 0.266851 0.65254 0.288664
0 0.556477 0.672239 0.563689 0.642072 0.551906 0.63317 0.544694 0.663337
0 0.53295 0.597757 0.537276 0.574813 0.525044 0.567522 0.520717 0.590467
0 0.590049 0.832278 0.592032 0.785711 0.568396 0.782529 0.566413 0.829097
0 0.74466 0.66504 0.75337 0.642154 0.744352 0.631307 0.735642 0.654193
0 0.753303 0.458937 0.756145 0.435177 0.742223 0.429916 0.739382 0.453676
0 0.58233 0.687911 0.593247 0.666254 0.584576 0.652439 0.573659 0.674096
0 0.733627 0.458832 0.741645 0.442333 0.729157 0.423155 0.721139 0.439655
0 0.498468 0.863251 0.511749 0.826394 0.498956 0.811825 0.485675 0.848681
0 0.417259 0.853097 0.420572 0.795802 0.388724 0.789981 0.38541 0.847276
0 0.598834 0.575922 0.603391 0.548881 0.592243 0.542943 0.587685 0.569984
0 0.675649 0.453759 0.67756 0.437334 0.667226 0.433534 0.665315 0.449959
0 1.00011 0.310671 1.00309 0.244003 0.970718 0.239425 0.967735 0.306093
0 0.594166 0.612427 0.594823 0.588179 0.580238 0.586931 0.579582 0.611179
0 0.362465 0.72596 0.379812 0.699933 0.371659 0.682758 0.354311 0.708785
0 0.665708 0.278857 0.674926 0.254764 0.665524 0.243394 0.656306 0.267487
0 0.529572 0.637401 0.539538 0.614788 0.530427 0.602098 0.520461 0.62471
0 0.665493 0.443448 0.668676 0.428011 0.65835 0.421282 0.655167 0.436719
0 0.920349 0.176771 0.92325 0.157258 0.909893 0.15098 0.906992 0.170493
0 0.0476836 0.921595 0.0577186 0.839296 0.0388302 0.832017 0.0287953 0.914316
0 0.702575 0.690236 0.709508 0.665941 0.68825 0.64677 0.681318 0.671065
0 0.261027 0.973919 0.269934 0.748532 0.24073 0.744885 0.231824 0.970272
0 0.497819 0.740434 0.499374 0.717984 0.486455 0.715156 0.4849 0.737606
0 0.890927 0.543647 0.902669 0.517781 0.890209 0.499904 0.878467 0.52577
0 0.823604 0.621553 0.828549 0.603052 0.815456 0.59199 0.810511 0.610491
0 0.865618 0.446583 0.865088 0.423426 0.848731 0.424608 0.849261 0.447765
0 0.661381 0.350791 0.665932 0.329055 0.656286 0.322672 0.651735 0.344407
0 0.706409 0.544554 0.709305 0.525507 0.698982 0.520547 0.696086 0.539594
0 0.609085 1.00641 0.617372 0.970818 0.601676 0.959267 0.593389 0.994859
0 0.745685 0.613042 0.751878 0.589849 0.741672 0.581236 0.735479 0.604428
0 0.816504 0.640457 0.822186 0.61467 0.80671 0.603891 0.801028 0.629679
0 0.692481 0.577248 0.701908 0.54221 0.689536 0.531689 0.680108 0.566726
0 0.824424 0.739062 0.825331 0.70416 0.809125 0.702829 0.808218 0.73773
0 0.610088 0.563791 0.612886 0.544565 0.603445 0.540223 0.600647 0.559448
0 0.530974 0.846849 0.538501 0.811249 0.524844 0.802123 0.517317 0.837723
0 0.522298 0.63789 0.530044 0.618156 0.52227 0.608511 0.514524 0.628246
0 0.643861 1.00821 0.659711 0.98488 0.642283 0.947458 0.626433 0.970787
0 0.770764 0.327051 0.772123 0.304073 0.759097 0.30164 0.757739 0.324618
0 0.857476 0.491359 0.859152 0.45025 0.828699 0.446329 0.827024 0.487437
0 0.803546 0.362497 0.805713 0.339371 0.793096 0.335635 0.790929 0.358761
0 0.395663 0.974841 0.399427 0.922622 0.379969 0.918188 0.376204 0.970408
0 0.707634 0.588541 0.712568 0.553223 0.696615 0.546178 0.691681 0.581497
0 0.360662 1.00643 0.36286 0.964457 0.338073 0.960356 0.335875 1.00233
0 0.745716 0.484389 0.749 0.465611 0.739389 0.460297 0.736104 0.479075
0 0.582327 0.655837 0.589261 0.643939 0.578287 0.623724 0.571353 0.635622
0 0.872641 0.568838 0.875198 0.532561 0.856026 0.52829 0.853469 0.564567
0 1.00257 0.36448 1.00316 0.343776 0.989755 0.342584 0.989173 0.363289
0 0.728508 0.486709 0.737706 0.471906 0.724308 0.445596 0.71511 0.4604
0 0.537258 0.899863 0.543379 0.857265 0.516259 0.844949 0.510138 0.887547
0 0.623842 0.729822 0.63346 0.691172 0.618481 0.679391 0.608863 0.718041
0 0.628533 0.732002 0.631852 0.700919 0.617038 0.69592 0.61372 0.727004
0 0.622663 0.660836 0.627604 0.644315 0.618428 0.635641 0.613487 0.652162
0 0.984071 0.377248 0.986019 0.356158 0.969402 0.351305 0.967453 0.372395
0 0.858088 0.41312 0.85925 0.383958 0.843223 0.38194 0.842061 0.411101
0 0.80189 0.613081 0.80554 0.577678 0.786866 0.571594 0.783216 0.606996
0 0.905187 0.588568 0.91458 0.57155 0.900497 0.546985 0.891104 0.564002
0 0.585175 0.720806 0.587805 0.701206 0.577759 0.696945 0.575129 0.716545
0 0.940612 0.228645 0.945067 0.20962 0.931056 0.19925 0.926601 0.218276
0 0.855501 0.787573 0.862346 0.753394 0.846362 0.743278 0.839518 0.777457
0 0.0788517 0.995252 0.088651 0.846167 0.0529594 0.838752 0.0431601 0.987838
0 0.510152 0.656956 0.514975 0.634521 0.505851 0.628323 0.501029 0.650758
0 0.611363 0.668816 0.618459 0.655212 0.610479 0.642056 0.603383 0.655661
0 0.915554 0.818025 0.922695 0.7954 0.894686 0.76746 0.887545 0.790085
0 0.6911 0.316884 0.696411 0.293642 0.68515 0.28551 0.679839 0.308751
0 0.880227 0.780094 0.896931 0.764594 0.878073 0.700364 0.861369 0.715863
0 0.656352 0.651143 0.65713 0.631479 0.639771 0.629309 0.638994 0.648972
0 0.792651 0.660143 0.805258 0.635868 0.797 0.622313 0.784393 0.646588
0 0.631558 0.523723 0.641226 0.499883 0.632709 0.488967 0.623041 0.512807
0 0.718718 0.647036 0.731639 0.617025 0.720095 0.601319 0.707175 0.631329
0 0.673549 0.705645 0.675188 0.684185 0.663666 0.681405 0.662028 0.702866
0 0.724208 0.365087 0.729116 0.339011 0.714589 0.330369 0.709681 0.356445
0 0.79774 0.55808 0.807132 0.538996 0.78936 0.51135 0.779967 0.530434
0 0.486722 0.844994 0.49521 0.811585 0.482391 0.801291 0.473902 0.8347
0 0.630922 0.592868 0.636068 0.573983 0.628531 0.567493 0.623385 0.586377
0 0.0209514 0.843375 0.0223366 0.802138 -0.000555913 0.799707 -0.00194117 0.840944
0 0.834203 0.698616 0.842148 0.674621 0.821018 0.652509 0.813073 0.676505
0 0.542026 0.720227 0.544526 0.687991 0.530065 0.684447 0.527565 0.716682
0 0.588064 0.760423 0.595329 0.738319 0.585234 0.727831 0.577968 0.749936
0 0.628065 0.693032 0.642595 0.666891 0.632272 0.648756 0.617742 0.674896
0 0.617423 0.543261 0.621398 0.520223 0.60628 0.51198 0.602306 0.535018
0 0.646572 0.594394 0.650189 0.575775 0.639521 0.569225 0.635904 0.587844
0 0.731804 0.377221 0.73274 0.360545 0.720983 0.35846 0.720047 0.375136
0 0.71068 0.382887 0.71196 0.364375 0.70217 0.362236 0.700889 0.380747
0 0.732598 0.503651 0.738528 0.487473 0.726578 0.47363 0.720648 0.489808
0 0.453401 0.949515 0.451375 0.913351 0.429046 0.917305 0.431072 0.953469
0 0.743719 0.358901 0.745551 0.342133 0.734829 0.338431 0.732997 0.355198
0 0.545694 0.568882 0.548971 0.540743 0.534422 0.535389 0.531145 0.563528
0 0.529391 0.771405 0.527446 0.725347 0.496539 0.729472 0.498484 0.775531
0 0.38364 0.726565 0.39026 0.701289 0.378953 0.691929 0.372333 0.717205
0 0.568113 0.571197 0.572676 0.55241 0.564143 0.54586 0.55958 0.564647
0 0.199099 0.822507 0.269615 0.779693 0.237561 0.612834 0.167045 0.655648
0 0.402629 0.714754 0.406543 0.686505 0.389726 0.679142 0.385813 0.70739
0 0.575392 0.737768 0.576038 0.720591 0.563402 0.719089 0.562756 0.736266
0 0.641511 0.575735 0.649432 0.552293 0.638525 0.540645 0.630604 0.564087
0 0.616751 0.628296 0.622156 0.60788 0.610439 0.598074 0.605033 0.618491
0 0.546619 0.617938 0.551804 0.59631 0.542738 0.589441 0.537553 0.611069
0 0.498407 1.00531 0.500767 0.964446 0.476355 0.959992 0.473996 1.00086
0 0.647516 0.956296 0.656886 0.938956 0.641271 0.91229 0.631901 0.92963
0 0.0352274 0.814761 0.0525496 0.789898 0.0401855 0.762673 0.0228633 0.787537
0 0.665779 0.695489 0.668056 0.668669 0.653715 0.664822 0.651438 0.691641
0 0.838178 0.615441 0.841685 0.595224 0.828165 0.58781 0.824657 0.608027
0 0.941938 0.579767 0.95432 0.553697 0.943278 0.537122 0.930896 0.563192
0 0.605013 0.514529 0.605953 0.48271 0.589662 0.481188 0.588721 0.513007
0 0.464311 0.725773 0.467169 0.701949 0.454465 0.697132 0.451607 0.720956
0 0.391677 0.663075 0.396833 0.640144 0.387291 0.633363 0.382134 0.656293
0 0.846525 0.331993 0.854946 0.273483 0.819488 0.257354 0.811067 0.315864
0 0.897349 0.601121 0.899953 0.57419 0.888552 0.570705 0.885947 0.597636
0 0.665226 0.616038 0.674343 0.603591 0.663645 0.578824 0.654527 0.591272
0 0.619863 0.570429 0.624767 0.551445 0.615955 0.544251 0.611051 0.563236
0 0.716747 0.615413 0.719205 0.593183 0.70616 0.588623 0.703702 0.610853
0 0.662547 0.638159 0.664607 0.622161 0.653062 0.617462 0.651002 0.63346
0 0.490294 0.709327 0.497884 0.677497 0.483826 0.666901 0.476235 0.698732
0 0.973284 0.588714 0.975567 0.559023 0.956283 0.554336 0.953999 0.584027
0 0.684803 0.338483 0.68837 0.320834 0.679685 0.315286 0.676118 0.332935
0 0.633833 0.657441 0.639973 0.636249 0.630228 0.627325 0.624088 0.648517
0 0.552296 0.709919 0.555128 0.683488 0.541493 0.678871 0.538661 0.705301
0 0.650127 0.771863 0.653158 0.755947 0.641102 0.748693 0.638071 0.764608
0 0.527018 0.89664 0.536456 0.844221 0.505713 0.826727 0.496275 0.879146
0 0.902537 0.457968 0.90532 0.434473 0.892621 0.42972 0.889839 0.453214
0 0.696143 0.366683 0.701147 0.350785 0.693759 0.343434 0.688755 0.359332
0 0.85217 0.433688 0.853486 0.414974 0.838083 0.411549 0.836767 0.430263
0 0.571867 0.595344 0.57591 0.575032 0.566456 0.569084 0.562412 0.589396
0 0.603051 0.689504 0.613978 0.673248 0.60104 0.645764 0.590114 0.662019
0 0.57476 0.709555 0.581372 0.683423 0.570623 0.674827 0.564011 0.700959
0 0.632738 0.480614 0.637484 0.457957 0.629022 0.452354 0.624276 0.475011
0 0.594771 0.591854 0.596438 0.570349 0.583267 0.567123 0.5816 0.588627
0 0.500196 0.609248 0.503021 0.587853 0.493688 0.583958 0.490863 0.605353
0 0.543913 0.639141 0.550264 0.619922 0.542831 0.61216 0.536481 0.631379
0 0.910304 0.424563 0.915449 0.405166 0.900671 0.392778 0.895526 0.412176
0 0.407637 0.91912 0.415466 0.866978 0.396307 0.857887 0.388478 0.910028
0 0.735974 0.71215 0.754183 0.698008 0.748201 0.673659 0.729991 0.6878
0 0.797504 0.255859 0.805258 0.238592 0.791316 0.218804 0.783562 0.23607
0 0.657451 0.748066 0.662428 0.724981 0.645797 0.713648 0.640819 0.736733
0 0.761005 0.48045 0.765296 0.456344 0.753434 0.44967 0.749142 0.473776
0 0.704401 0.614283 0.709104 0.592387 0.689485 0.579069 0.684782 0.600965
0 0.5566 0.824079 0.571592 0.791755 0.55927 0.773693 0.544279 0.806018
0 0.663846 0.622922 0.673092 0.607698 0.661675 0.585783 0.652429 0.601007
0 0.586577 0.636096 0.591657 0.615984 0.5814 0.607797 0.57632 0.627909
0 0.809938 0.618669 0.814166 0.60113 0.802922 0.592563 0.798694 0.610103
0 0.685061 0.45154 0.687564 0.43416 0.677735 0.429686 0.675232 0.447066
0 0.57364 0.633938 0.576683 0.6173 0.566386 0.611348 0.563343 0.627987
0 0.793621 0.397193 0.797862 0.374457 0.786624 0.367832 0.782383 0.390567
0 0.843707 0.538478 0.845998 0.52196 0.835191 0.517225 0.832901 0.533743
0 0.716354 0.449124 0.722114 0.436608 0.712938 0.42326 0.707178 0.435776
0 0.549826 0.884437 0.554893 0.862277 0.542908 0.853615 0.537841 0.875776
0 0.581692 0.744203 0.583401 0.72433 0.57244 0.721351 0.570732 0.741224
0 0.814755 0.601043 0.822389 0.573047 0.811454 0.563623 0.80382 0.591619
0 0.35268 0.925434 0.363882 0.862104 0.345111 0.85161 0.333908 0.91494
0 0.636319 0.437512 0.639231 0.415849 0.628759 0.411399 0.625846 0.433061
0 0.644946 0.413297 0.649481 0.393839 0.641072 0.387645 0.636537 0.407102
0 0.724581 0.588775 0.726833 0.558044 0.713012 0.554843 0.71076 0.585574
0 0.535263 0.656225 0.539062 0.636256 0.529179 0.630314 0.52538 0.650283
0 0.8491 0.656532 0.852236 0.635743 0.838844 0.629357 0.835707 0.650146
0 0.891297 0.244112 0.906668 0.222344 0.89726 0.201347 0.881889 0.223115
0 0.387064 0.683597 0.390455 0.656202 0.373576 0.649598 0.370184 0.676992
0 0.0309085 0.787264 0.0410042 0.763294 0.0289034 0.747186 0.0188078 0.771156
0 0.66254 0.654279 0.664063 0.635707 0.644584 0.630658 0.643061 0.64923
0 0.680618 0.325651 0.68477 0.306317 0.672027 0.297668 0.667875 0.317002
0 0.65848 0.616334 0.665001 0.602426 0.654028 0.586166 0.647507 0.600075
0 0.911093 0.557227 0.916644 0.539642 0.903713 0.52674 0.898161 0.544326
0 0.731299 0.598082 0.743608 0.576603 0.736316 0.563396 0.724007 0.584876
0 0.539148 0.817122 0.541805 0.797798 0.529509 0.792456 0.526853 0.81178
0 0.232358 0.11461 0.240526 0.0366853 0.209499 0.0264068 0.201331 0.104331
0 0.283138 0.513016 0.297836 0.477342 0.282346 0.45717 0.267647 0.492844
0 0.587624 0.90542 0.592002 0.879287 0.581722 0.873845 0.577344 0.899978
0 0.389711 0.759461 0.392125 0.723708 0.374261 0.719895 0.371846 0.755647
0 0.835058 0.633971 0.837966 0.61688 0.825462 0.610157 0.822554 0.627248
0 0.609941 0.586784 0.613192 0.566557 0.603944 0.561859 0.600693 0.582085
0 0.740427 0.621183 0.745842 0.599841 0.735935 0.591898 0.73052 0.61324
0 0.661931 0.472257 0.665746 0.454002 0.654035 0.446267 0.65022 0.464522
0 0.615164 0.580473 0.620632 0.565464 0.613224 0.556935 0.607756 0.571944
0 0.657139 0.370645 0.66278 0.351211 0.654294 0.343426 0.648653 0.362859
0 0.369792 0.830362 0.371835 0.806963 0.359795 0.80364 0.357752 0.82704
0 0.62684 1.00521 0.630111 0.978406 0.613282 0.971916 0.610011 0.998724
0 0.901208 0.714445 0.910568 0.691589 0.887051 0.661151 0.877691 0.684007
0 0.872582 0.58631 0.874015 0.564091 0.861312 0.561502 0.859879 0.583721
0 0.671658 0.341815 0.67518 0.324763 0.666403 0.319034 0.662881 0.336086
0 0.960968 0.80979 0.982195 0.739788 0.908931 0.669576 0.887705 0.739579
0 0.0165514 0.966921 0.0193525 0.93481 0.00251998 0.930169 -0.000281118 0.962281
0 0.788301 0.380262 0.794105 0.344614 0.779229 0.336959 0.773425 0.372607
0 0.998559 0.615467 1.00209 0.578593 0.973248 0.56987 0.969719 0.606743
0 0.673945 0.323501 0.678094 0.300443 0.663427 0.292103 0.659278 0.315162
0 0.648372 0.458802 0.652468 0.440435 0.642767 0.433598 0.638671 0.451965
0 0.136757 0.326537 0.153231 0.313805 0.141425 0.265521 0.124951 0.278252
0 0.367002 0.702866 0.370688 0.668635 0.344974 0.659882 0.341287 0.694113
0 0.635285 0.929177 0.640809 0.908783 0.629834 0.899388 0.62431 0.919782
0 0.797255 0.490998 0.804185 0.472095 0.790971 0.456783 0.78404 0.475686
0 0.687847 0.356109 0.691716 0.340224 0.683582 0.333963 0.679713 0.349848
0 0.842414 0.673928 0.846242 0.653438 0.834295 0.646385 0.830467 0.666875
0 0.663303 0.787826 0.66676 0.770972 0.652187 0.761523 0.64873 0.778378
0 0.952262 0.31117 0.954714 0.27711 0.933498 0.272284 0.931047 0.306343
0 0.680261 0.509544 0.685359 0.483258 0.67517 0.477012 0.670072 0.503298
0 0.606811 0.718127 0.614587 0.702789 0.602169 0.682891 0.594393 0.698229
0 0.633502 0.420946 0.638852 0.392307 0.627037 0.385333 0.621688 0.413971
0 0.278077 1.0234 0.320458 0.980973 0.287693 0.877539 0.245313 0.919969
0 0.38235 0.916014 0.386776 0.884653 0.372282 0.878189 0.367857 0.90955
0 0.832671 0.650743 0.836418 0.632497 0.825413 0.625355 0.821666 0.643601
0 0.658098 0.0440802 0.66068 0.0177426 0.645561 0.0130582 0.642979 0.0393958
0 0.562976 0.839062 0.567267 0.815773 0.555295 0.808802 0.551004 0.83209
0 0.946168 0.35701 0.947599 0.336754 0.935222 0.333992 0.933792 0.354248
0 0.797265 0.281173 0.802141 0.262373 0.792717 0.254648 0.787841 0.273448
0 0.561747 0.75572 0.562508 0.72729 0.548041 0.726066 0.54728 0.754495
0 0.607934 0.488107 0.612809 0.466726 0.602728 0.459462 0.597853 0.480844
0 0.543484 0.662122 0.548422 0.640014 0.540491 0.634416 0.535553 0.656524
0 0.822428 0.392323 0.826221 0.368645 0.815196 0.363063 0.811403 0.386741
0 0.890871 0.442734 0.893567 0.417225 0.875828 0.4113 0.873132 0.436809
0 0.549962 0.589841 0.554035 0.570764 0.544688 0.564456 0.540615 0.583533
0 0.675867 0.368002 0.679323 0.344879 0.668141 0.339597 0.664685 0.362719
0 0.891252 0.460617 0.894715 0.423572 0.876511 0.418193 0.873047 0.455237
0 0.422185 0.687908 0.425455 0.662029 0.411258 0.65636 0.407989 0.682239
0 0.716503 0.267949 0.720841 0.253046 0.713279 0.24609 0.708942 0.260992
0 0.468967 0.699479 0.476222 0.667817 0.462514 0.657891 0.45526 0.689553
0 0.717592 0.456128 0.724244 0.443233 0.71581 0.429483 0.709159 0.442377
0 0.581503 0.976337 0.587801 0.947777 0.575361 0.939106 0.569063 0.967666
0 0.808846 0.689944 0.813571 0.661232 0.800441 0.654402 0.795715 0.683114
0 0.70686 0.435483 0.712224 0.417123 0.704108 0.409629 0.698744 0.42799
0 0.656687 0.328439 0.661676 0.296315 0.64845 0.289823 0.643461 0.321948
0 0.738493 0.400605 0.742735 0.381545 0.730568 0.372988 0.726327 0.392048
0 0.698672 0.39004 0.70058 0.372274 0.691385 0.369154 0.689478 0.38692
0 0.281583 0.73065 0.284338 0.695398 0.262408 0.689982 0.259654 0.725233
0 0.622178 0.629439 0.625175 0.608711 0.614013 0.603611 0.611016 0.624338
0 0.90498 0.396149 0.920543 0.368009 0.911905 0.35291 0.896342 0.381049
0 0.65911 0.437159 0.662048 0.418753 0.652554 0.413962 0.649615 0.432369
0 0.508094 0.784948 0.510521 0.766167 0.496944 0.760621 0.494517 0.779402
0 0.877313 0.415363 0.879857 0.392019 0.868292 0.388034 0.865748 0.411379
0 0.745832 0.38735 0.748392 0.365003 0.737925 0.361213 0.735365 0.38356
0 0.383887 0.817618 0.384996 0.777589 0.363782 0.775731 0.362672 0.81576
0 0.757225 0.500885 0.759995 0.479028 0.747734 0.474117 0.744964 0.495974
0 0.778274 0.28923 0.778738 0.270542 0.767477 0.269657 0.767012 0.288346
0 0.810335 0.575839 0.812798 0.555029 0.797778 0.549411 0.795315 0.57022
0 0.0286532 0.863593 0.049713 0.835793 0.0394012 0.811104 0.0183414 0.838904
0 0.570639 0.44317 0.572807 0.4185 0.560072 0.414962 0.557904 0.439633
0 0.10673 0.877003 0.137307 0.801863 0.111319 0.768441 0.0807427 0.843581
0 0.567761 0.575472 0.571799 0.559184 0.56282 0.552151 0.558783 0.568439
0 0.875762 0.302803 0.877914 0.281066 0.865163 0.277076 0.863011 0.298814
0 0.768386 0.268392 0.770528 0.252927 0.760713 0.248632 0.758572 0.264097
0 0.179654 0.66369 0.181422 0.602666 0.134322 0.598355 0.132554 0.659379
0 0.510277 0.605132 0.512948 0.585968 0.504079 0.582061 0.501408 0.601225
0 0.695743 0.768366 0.705562 0.712543 0.691709 0.704843 0.681891 0.760666
0 0.572476 0.666802 0.57576 0.641453 0.564992 0.637043 0.561708 0.662392
0 0.738563 0.273111 0.744057 0.254449 0.736349 0.247278 0.730855 0.26594
0 0.301315 0.950249 0.330898 0.903433 0.287189 0.816143 0.257606 0.86296
0 0.722971 0.380428 0.725076 0.36106 0.712598 0.356775 0.710494 0.376143
0 0.812543 0.669298 0.816934 0.646598 0.803165 0.638179 0.798773 0.660879
