0 0.309943 0.81547 0.312948 0.793858 0.301973 0.789035 0.298968 0.810647
0 0.0889338 0.948327 0.0852099 0.91149 0.0606945 0.919323 0.0644184 0.95616
0 0.17832 0.963255 0.219456 0.920594 0.186909 0.821405 0.145773 0.864066
0 0.447475 0.807865 0.443792 0.742819 0.410265 0.748819 0.413948 0.813866
0 0.988857 1.05693 1.01859 0.829998 0.81157 0.744262 0.781834 0.971189
0 0.422124 0.620104 0.426033 0.597088 0.410157 0.588565 0.406247 0.611581
0 0.283142 0.946795 0.288853 0.917935 0.271427 0.907036 0.265716 0.935896
0 0.200605 0.976191 0.2174 0.939719 0.206242 0.923481 0.189447 0.959953
0 0.547786 0.656824 0.548655 0.629127 0.532162 0.627492 0.531293 0.655188
0 0.631456 0.554555 0.643963 0.523627 0.629931 0.505695 0.617425 0.536623
0 0.0757344 0.629349 0.0656853 0.576657 0.0280384 0.599349 0.0380875 0.652041
0 0.133411 0.993739 0.179208 0.924209 0.148262 0.859788 0.102465 0.929318
0 0.575342 0.666325 0.580098 0.644655 0.559057 0.630059 0.554301 0.651729
0 0.545756 0.844439 0.55287 0.824688 0.535997 0.805482 0.528884 0.825233
0 0.538806 0.756836 0.547081 0.70945 0.510478 0.689248 0.502203 0.736635
0 0.596969 0.870735 0.596719 0.836955 0.56873 0.837608 0.568979 0.871388
0 0.403966 0.963462 0.399578 0.924275 0.371348 0.934265 0.375736 0.973452
0 0.327399 0.851543 0.330409 0.805397 0.308692 0.80092 0.305682 0.847067
0 0.650928 0.743577 0.652441 0.712082 0.633789 0.709251 0.632276 0.740746
0 0.213688 0.783372 0.214773 0.761844 0.200195 0.759521 0.19911 0.78105
0 0.566111 0.868946 0.573588 0.832326 0.554899 0.820266 0.547422 0.856886
0 0.686738 0.809627 0.67998 0.768521 0.652328 0.78289 0.659087 0.823996
0 0.294649 0.987114 0.306954 0.967967 0.290961 0.935483 0.278655 0.95463
0 0.541857 0.704179 0.556609 0.684233 0.538902 0.642841 0.524149 0.662787
0 0.21982 0.943661 0.239534 0.905488 0.225903 0.883241 0.20619 0.921414
0 0.107028 0.932887 0.105483 0.899334 0.0816674 0.902801 0.0832129 0.936354
0 0.12277 1.00683 0.135063 0.967817 0.118483 0.951307 0.10619 0.990325
0 0.571709 0.712323 0.578133 0.680005 0.565779 0.672245 0.559356 0.704562
0 0.29418 0.929885 0.3008 0.896686 0.279578 0.883312 0.272958 0.916512
0 0.163888 0.981796 0.181852 0.958212 0.172196 0.934967 0.154232 0.958551
0 0.921293 0.795361 0.93272 0.620316 0.831249 0.599381 0.819822 0.774425
0 0.410808 0.596902 0.412912 0.575833 0.397587 0.570996 0.395483 0.592065
0 0.218927 0.815464 0.219238 0.790152 0.20422 0.78957 0.20391 0.814882
0 0.484075 0.949847 0.494169 0.923833 0.483114 0.910276 0.47302 0.93629
0 0.56594 0.79405 0.567567 0.735861 0.531433 0.732668 0.529807 0.790858
0 0.717043 0.778145 0.722309 0.748878 0.705015 0.739045 0.69975 0.768312
0 0.13588 0.871849 0.14845 0.833711 0.130633 0.815151 0.118063 0.853289
0 0.25412 1.02158 0.291105 0.981664 0.272969 0.928557 0.235983 0.968477
0 0.679608 0.77253 0.684963 0.748578 0.667732 0.736403 0.662377 0.760354
0 0.586918 0.585729 0.599034 0.54549 0.584627 0.531779 0.57251 0.572017
0 0.760041 0.640505 0.762051 0.611021 0.745624 0.607482 0.743614 0.636966
0 0.212394 0.915033 0.249827 0.871144 0.233934 0.828303 0.196501 0.872192
0 0.787927 1.02531 0.844428 0.937431 0.766163 0.778389 0.709662 0.866264
0 0.258207 0.875249 0.263722 0.843805 0.247419 0.834768 0.241904 0.866212
0 0.344189 0.9244 0.348379 0.896936 0.334533 0.890259 0.330343 0.917723
0 0.325381 0.973917 0.342882 0.935828 0.326466 0.911989 0.308965 0.950078
0 0.323111 0.931831 0.328751 0.903233 0.315242 0.894813 0.309602 0.92341
0 0.00271093 1.02588 0.0768798 0.989662 0.0664511 0.922168 -0.00771772 0.958387
0 0.746738 0.668886 0.750789 0.645559 0.734751 0.636757 0.7307 0.660084
0 0.0647026 0.943122 0.0665615 0.903884 0.0433376 0.900407 0.0414788 0.939645
0 0.366504 0.946889 0.368634 0.912855 0.350187 0.909205 0.348056 0.943239
0 0.39748 0.715699 0.399133 0.696213 0.383609 0.692051 0.381956 0.711537
0 0.591288 0.628424 0.597274 0.603922 0.57338 0.585473 0.567394 0.609975
0 0.0419387 0.7647 0.0704283 0.739282 0.0639918 0.716481 0.0355022 0.741898
0 0.671525 0.59589 0.673722 0.570769 0.655476 0.565726 0.653279 0.590847
0 0.401359 0.814823 0.416766 0.798275 0.410757 0.780592 0.39535 0.79714
0 0.294672 0.836536 0.292056 0.783798 0.268539 0.787485 0.271156 0.840223
0 0.055665 0.868452 0.0712025 0.833851 0.0593397 0.817015 0.0438023 0.851616
0 0.395663 0.741534 0.404195 0.718847 0.393144 0.705713 0.384612 0.7284
0 0.464446 0.506902 0.470448 0.473634 0.452544 0.463425 0.446542 0.496694
0 0.762924 0.724405 0.770573 0.703905 0.753435 0.683694 0.745786 0.704194
0 0.602698 0.546325 0.60607 0.521577 0.580844 0.510714 0.577472 0.535463
0 0.464347 0.891102 0.467649 0.835176 0.439128 0.829854 0.435826 0.88578
0 0.387181 0.9024 0.388579 0.880966 0.373877 0.877936 0.372479 0.89937
0 0.339213 0.97196 0.352838 0.954307 0.345772 0.937072 0.332147 0.954725
0 0.275717 0.854097 0.280185 0.814434 0.255489 0.805642 0.251021 0.845305
0 0.771135 0.6692 0.7721 0.648944 0.758491 0.646894 0.757525 0.66715
0 0.424174 0.636492 0.426857 0.617068 0.416303 0.612461 0.41362 0.631884
0 0.65997 0.716244 0.661183 0.697891 0.650315 0.69562 0.649102 0.713973
0 0.396626 0.663669 0.400176 0.641659 0.382032 0.632409 0.378482 0.654419
0 0.421486 0.928991 0.428593 0.903403 0.418434 0.894487 0.411328 0.920076
0 0.637716 0.793575 0.640998 0.755402 0.62728 0.751674 0.623998 0.789847
0 0.221466 0.760756 0.219855 0.740002 0.201141 0.744593 0.202752 0.765348
0 0.319964 1.01139 0.350298 0.986622 0.343222 0.959233 0.312889 0.983997
0 0.592374 0.78994 0.595134 0.740989 0.564451 0.735521 0.561691 0.784472
0 0.244812 0.907362 0.2578 0.880862 0.248697 0.866761 0.235709 0.893262
0 0.0246558 0.759703 0.038355 0.724104 0.0248483 0.707677 0.011149 0.743275
0 0.479995 0.870521 0.483533 0.841109 0.466579 0.834663 0.463041 0.864075
0 0.612201 0.524608 0.614435 0.504098 0.600068 0.499152 0.597834 0.519662
0 0.357159 0.917908 0.363025 0.887961 0.349074 0.879324 0.343208 0.909271
0 0.504195 0.700334 0.507601 0.663328 0.48667 0.657239 0.483264 0.694245
0 0.341342 0.894821 0.346445 0.84875 0.308791 0.835569 0.303689 0.88164
0 0.176489 0.807164 0.183038 0.77818 0.167182 0.766857 0.160633 0.795842
0 0.651685 0.789662 0.654685 0.765132 0.640336 0.759587 0.637336 0.784117
0 0.158755 0.820209 0.167553 0.80112 0.157539 0.786534 0.148741 0.805622
0 0.589046 0.648041 0.592223 0.618223 0.568638 0.61028 0.56546 0.640097
0 0.23169 0.842775 0.236211 0.820185 0.220487 0.81024 0.215966 0.832831
0 0.13918 1.00619 0.1626 0.981413 0.154637 0.957623 0.131217 0.9824
0 0.379043 0.95664 0.382563 0.92228 0.368476 0.91772 0.364957 0.95208
0 0.336895 0.852797 0.342921 0.827389 0.331564 0.818875 0.325537 0.844283
0 0.554712 0.826747 0.562089 0.7907 0.548564 0.781951 0.541187 0.817999
0 0.673354 0.845764 0.676405 0.815199 0.653803 0.808071 0.650753 0.838636
0 0.435292 0.860072 0.437799 0.837508 0.424444 0.832821 0.421938 0.855385
0 0.312784 1.00462 0.313439 0.977526 0.298395 0.976376 0.29774 1.00347
0 0.188007 0.783951 0.190772 0.761868 0.17849 0.757007 0.175724 0.779089
0 0.819524 0.705614 0.824225 0.688195 0.813768 0.679275 0.809067 0.696695
0 0.378317 0.8247 0.387073 0.784046 0.369828 0.772308 0.361072 0.812962
0 0.530482 0.822743 0.536151 0.742209 0.495087 0.733073 0.489418 0.813607
0 0.197309 0.79485 0.199331 0.775153 0.18675 0.77107 0.184727 0.790767
0 0.619166 0.559308 0.620055 0.539134 0.603053 0.536766 0.602164 0.556939
0 0.693958 0.794811 0.700466 0.777251 0.687393 0.761939 0.680885 0.779499
0 0.523122 0.674597 0.527511 0.648006 0.509301 0.638506 0.504912 0.665097
0 0.65346 0.667422 0.657083 0.640821 0.642562 0.63457 0.638939 0.661171
0 0.2625 0.813144 0.265727 0.794483 0.252833 0.787438 0.249607 0.806099
0 0.0835099 0.715979 0.0831511 0.686437 0.0607989 0.687295 0.0611578 0.716837
0 0.408724 0.942457 0.416099 0.913908 0.406284 0.905895 0.398909 0.934444
0 0.786779 0.686995 0.787569 0.665385 0.773381 0.663745 0.77259 0.685355
0 0.614309 0.796587 0.617209 0.777124 0.602224 0.770067 0.599324 0.789531
0 0.112307 0.874563 0.111227 0.842154 0.0892482 0.844469 0.0903283 0.876878
0 0.614773 0.777261 0.619675 0.751785 0.605234 0.743003 0.600332 0.76848
0 0.626573 0.591514 0.628916 0.558588 0.599612 0.551996 0.597268 0.584922
0 0.251855 0.841362 0.258484 0.806147 0.244157 0.797624 0.237528 0.832839
0 0.0375546 0.888408 0.0518276 0.863637 0.043378 0.84825 0.0291049 0.87302
0 0.409663 0.934371 0.416673 0.905461 0.406588 0.897732 0.399578 0.926642
0 0.155253 0.798958 0.165741 0.779547 0.158431 0.767065 0.147943 0.786476
0 0.640544 0.942961 0.631961 0.895202 0.600919 0.912835 0.609502 0.960594
0 0.381335 0.849632 0.395118 0.819225 0.383052 0.801939 0.369269 0.832345
0 0.3853 1.01081 0.393469 0.975976 0.375624 0.96275 0.367456 0.99758
0 0.417957 0.578762 0.419994 0.552752 0.406836 0.549496 0.404799 0.575505
0 0.155108 0.841786 0.16934 0.817702 0.161172 0.802447 0.14694 0.826531
0 0.436665 0.530934 0.441678 0.508467 0.431398 0.501217 0.426385 0.523684
0 0.731729 0.717392 0.731324 0.686052 0.710459 0.686905 0.710865 0.718245
0 0.773969 0.70398 0.777016 0.686577 0.764297 0.679538 0.76125 0.696941
0 0.299867 0.861923 0.314231 0.827025 0.299544 0.80792 0.28518 0.842818
0 0.303191 0.952125 0.306304 0.928586 0.291422 0.922365 0.288309 0.945905
0 0.109035 0.342371 0.104491 0.295531 0.0828958 0.302153 0.0874404 0.348993
0 0.632532 0.926856 0.644383 0.893894 0.616501 0.86221 0.604649 0.895171
0 0.645888 0.851569 0.646589 0.829738 0.631917 0.828249 0.631216 0.850081
0 0.0546821 0.822092 0.0654198 0.799688 0.0561775 0.785689 0.0454398 0.808093
0 0.241608 0.824646 0.244175 0.792477 0.223667 0.787304 0.221099 0.819473
0 0.217107 0.860834 0.227394 0.839682 0.218765 0.826419 0.208478 0.847571
0 0.312207 0.970935 0.316058 0.945127 0.303333 0.939125 0.299481 0.964933
0 0.431364 0.455613 0.433503 0.418847 0.411646 0.414828 0.409506 0.451593
0 0.673126 0.782122 0.674483 0.760029 0.658229 0.756873 0.656872 0.778967
0 0.485225 0.897425 0.492378 0.866982 0.47947 0.857395 0.472316 0.887839
0 0.436955 1.00538 0.442952 0.967489 0.426258 0.959139 0.420262 0.997029
0 0.339628 0.839489 0.35847 0.8203 0.351071 0.797337 0.332228 0.816527
0 0.648965 0.760298 0.650224 0.74015 0.638328 0.737801 0.637069 0.757949
0 0.707692 0.65676 0.710931 0.63381 0.700979 0.629371 0.69774 0.652322
0 0.173724 0.850217 0.191685 0.82416 0.182475 0.804097 0.164514 0.830154
0 0.704361 0.74803 0.70556 0.725655 0.691236 0.72323 0.690037 0.745605
0 0.07756 0.921901 0.0992156 0.863598 0.075345 0.835576 0.0536894 0.893878
0 0.0707998 0.799723 0.0799487 0.769662 0.0638428 0.75417 0.0546938 0.784231
0 0.608978 0.753407 0.610767 0.729035 0.595211 0.725425 0.593422 0.749797
0 0.548181 0.862572 0.555369 0.845994 0.541271 0.826675 0.534083 0.843252
0 0.381298 0.922788 0.383468 0.897181 0.371588 0.893999 0.369418 0.919606
0 0.548169 0.994953 0.557959 0.980362 0.543643 0.950002 0.533853 0.964593
0 0.362164 0.893511 0.370687 0.873814 0.359933 0.859109 0.351411 0.878806
0 0.0211453 0.888468 0.0342639 0.863435 0.0235153 0.845633 0.0103967 0.870665
0 0.462977 0.913321 0.464865 0.88535 0.446247 0.881379 0.444359 0.90935
0 0.371874 0.9107 0.375243 0.884879 0.362731 0.879718 0.359362 0.90554
0 0.638571 0.827999 0.64071 0.805226 0.628333 0.801553 0.626194 0.824326
0 0.555931 0.908211 0.563086 0.868604 0.538894 0.854792 0.531739 0.894399
0 0.431329 0.573664 0.4315 0.538295 0.416813 0.53807 0.416642 0.573439
0 0.0869573 0.824586 0.0852148 0.79663 0.0614272 0.801316 0.0631696 0.829272
0 0.420623 0.701208 0.426052 0.68034 0.415799 0.67191 0.41037 0.692778
0 0.0809706 0.667944 0.0928052 0.642142 0.0756515 0.617276 0.063817 0.643078
0 0.565958 0.595507 0.577411 0.575145 0.564228 0.55171 0.552775 0.572072
0 0.776356 0.562536 0.778175 0.544679 0.764698 0.54034 0.762879 0.558197
0 0.588878 0.675702 0.590435 0.659218 0.578484 0.655651 0.576927 0.672134
0 0.691491 0.501697 0.698514 0.486264 0.686181 0.468527 0.679159 0.483959
0 0.256401 0.79705 0.261944 0.755646 0.233917 0.743788 0.228374 0.785192
0 0.344973 0.947905 0.351237 0.926169 0.334837 0.911231 0.328573 0.932967
0 0.625476 0.81741 0.630225 0.794874 0.618746 0.78723 0.613998 0.809766
0 0.447685 0.687844 0.45111 0.664628 0.43433 0.656804 0.430905 0.68002
0 0.80137 0.677351 0.802713 0.658272 0.78864 0.655141 0.787297 0.67422
0 0.0890775 0.745601 0.093104 0.725263 0.077168 0.715292 0.0731415 0.735629
0 0.372574 0.982758 0.376543 0.95869 0.362187 0.951207 0.358218 0.975274
0 0.39316 0.86223 0.40332 0.835355 0.394326 0.824609 0.384166 0.851484
0 0.556807 0.945288 0.577285 0.90089 0.562237 0.878955 0.541759 0.923352
0 0.270421 0.753489 0.280163 0.714456 0.262615 0.700613 0.252872 0.739646
0 0.664694 0.627495 0.666053 0.60647 0.654035 0.604016 0.652676 0.625041
0 0.781962 0.629635 0.78563 0.608796 0.767873 0.598918 0.764205 0.619757
0 0.423705 0.593636 0.425655 0.575772 0.413963 0.571738 0.412013 0.589602
0 0.0346899 0.909399 0.0447017 0.882686 0.0339577 0.869959 0.0239459 0.896672
0 0.799782 0.565812 0.799886 0.547666 0.78658 0.547425 0.786476 0.56557
0 0.0517136 0.909027 0.0663784 0.873969 0.0533636 0.856762 0.0386987 0.891821
0 0.569299 0.97672 0.573263 0.937826 0.555637 0.932149 0.551673 0.971042
0 0.404066 0.91459 0.41242 0.87374 0.398064 0.864463 0.38971 0.905313
0 0.623686 0.525743 0.630254 0.498483 0.619922 0.490615 0.613354 0.517875
0 0.409738 0.83884 0.420558 0.810772 0.409519 0.797324 0.398699 0.825392
0 0.387796 0.881171 0.390376 0.859647 0.379624 0.855573 0.377044 0.877098
0 0.26058 0.904677 0.266732 0.878607 0.25706 0.871393 0.250908 0.897463
0 0.364519 0.853322 0.368245 0.832391 0.357056 0.826096 0.35333 0.847027
0 0.0332355 0.842254 0.0434018 0.822641 0.0358432 0.810258 0.025677 0.829871
0 0.645271 0.831141 0.648387 0.807694 0.635149 0.802133 0.632033 0.82558
0 0.585425 0.813686 0.58841 0.780528 0.565648 0.77405 0.562663 0.807208
0 0.120869 0.747009 0.122317 0.724162 0.10925 0.721545 0.107802 0.744392
0 0.400642 0.58312 0.402317 0.563284 0.389408 0.559837 0.387732 0.579673
0 0.0270369 0.958808 0.050468 0.931149 0.0394833 0.901739 0.0160522 0.929398
0 0.544243 0.822408 0.546392 0.790156 0.528188 0.786322 0.526039 0.818573
0 0.275159 0.795125 0.276225 0.773815 0.264312 0.771932 0.263246 0.793242
0 0.268615 0.88193 0.285896 0.853584 0.275868 0.834261 0.258586 0.862608
0 0.110039 0.726517 0.110548 0.69301 0.0934927 0.69219 0.0929834 0.725698
0 0.434072 0.612343 0.436476 0.592688 0.42617 0.588705 0.423766 0.60836
0 0.396481 0.934726 0.398362 0.914303 0.382394 0.909654 0.380512 0.930077
0 0.492412 0.978048 0.495625 0.952192 0.483207 0.947316 0.479995 0.973173
0 0.232506 0.971014 0.246092 0.948335 0.238422 0.933812 0.224835 0.956491
0 0.79981 0.720565 0.80761 0.700564 0.789592 0.678358 0.781792 0.69836
0 0.405379 1.00183 0.412496 0.963809 0.394457 0.953137 0.387341 0.991154
0 0.282365 0.77001 0.295163 0.732742 0.27943 0.715667 0.266632 0.752935
0 0.201724 0.587262 0.226331 0.564849 0.219901 0.542538 0.195294 0.564951
0 0.344122 0.861533 0.353846 0.840789 0.344948 0.827608 0.335224 0.848352
0 0.564991 0.883905 0.567275 0.862741 0.552026 0.85754 0.549742 0.878703
0 0.64736 0.68934 0.649838 0.663487 0.636526 0.659453 0.634047 0.685306
0 0.411575 0.652247 0.415067 0.622716 0.395022 0.615225 0.391531 0.644756
0 0.350657 0.897824 0.356837 0.866516 0.344375 0.858742 0.338196 0.89005
0 0.630801 0.705732 0.635103 0.681102 0.623056 0.674451 0.618754 0.699082
0 0.108153 0.958508 0.121843 0.924299 0.108643 0.907604 0.0949531 0.941812
0 0.293077 0.770323 0.302731 0.738686 0.2923 0.728627 0.282646 0.760263
0 0.646414 0.704119 0.649058 0.670478 0.63457 0.66688 0.631926 0.70052
0 0.663737 0.749841 0.664921 0.731476 0.651671 0.728778 0.650487 0.747143
0 0.383511 0.864669 0.387814 0.844797 0.376626 0.837141 0.372323 0.857013
0 0.225549 0.960324 0.235439 0.932333 0.223534 0.919039 0.213644 0.94703
0 0.495355 0.635182 0.500517 0.614673 0.491856 0.607782 0.486693 0.628291
0 0.424683 0.719721 0.426513 0.695006 0.412828 0.691802 0.410998 0.716518
0 0.227977 0.741791 0.24144 0.71195 0.229032 0.694258 0.215569 0.724098
0 0.0834249 0.763836 0.0850093 0.740588 0.0671819 0.736748 0.0655975 0.759995
0 0.676188 0.567741 0.677375 0.549362 0.666205 0.547082 0.665018 0.565462
0 0.292979 0.731805 0.301506 0.709245 0.292527 0.698518 0.284 0.721078
0 0.787085 0.542675 0.786689 0.522817 0.773273 0.523663 0.773669 0.543522
0 0.590412 0.659089 0.592209 0.64008 0.579319 0.636228 0.577522 0.655237
0 0.586283 0.729936 0.59282 0.714573 0.580389 0.697857 0.573853 0.71322
0 0.756532 0.749641 0.757836 0.72635 0.744764 0.724037 0.74346 0.747328
0 0.561918 0.828583 0.566973 0.793322 0.55276 0.786881 0.547704 0.822142
0 0.563005 0.727596 0.564765 0.700056 0.552738 0.697627 0.550978 0.725166
0 0.4337 0.905101 0.435852 0.882649 0.424849 0.879315 0.422697 0.901767
0 0.787496 0.748677 0.789542 0.727422 0.77816 0.723959 0.776114 0.745213
0 0.280748 0.906373 0.308108 0.882699 0.298225 0.8466 0.270865 0.870274
0 0.722089 0.641905 0.724426 0.617129 0.712325 0.613521 0.709988 0.638297
0 0.647079 1.01411 0.805535 0.83728 0.763983 0.719602 0.605527 0.896436
0 0.223605 0.792041 0.225927 0.768965 0.215105 0.765523 0.212783 0.7886
0 0.27094 0.924806 0.279404 0.900808 0.269811 0.890115 0.261347 0.914113
0 0.168857 0.407735 0.195191 0.354978 0.157864 0.296093 0.13153 0.348851
0 0.1014 0.839088 0.101292 0.818232 0.0828933 0.818533 0.0830014 0.83939
0 0.102903 0.990827 0.107917 0.96406 0.0927852 0.955103 0.0877716 0.98187
0 0.336558 0.823137 0.338394 0.795083 0.322329 0.791759 0.320493 0.819814
0 0.481547 0.921764 0.485427 0.898724 0.474812 0.893075 0.470933 0.916116
0 0.537559 0.944624 0.549534 0.918054 0.53943 0.903662 0.527455 0.930232
0 0.767874 0.752009 0.777565 0.739264 0.76606 0.711612 0.756368 0.724356
0 0.501541 0.925438 0.505046 0.89653 0.490411 0.890922 0.486906 0.91983
0 0.533658 0.645929 0.534634 0.623627 0.520342 0.62165 0.519366 0.643952
0 0.271368 0.899389 0.27391 0.878331 0.263827 0.874484 0.261285 0.895542
0 0.0580785 0.727072 0.0609167 0.699541 0.0484511 0.69548 0.045613 0.723011
0 0.20904 0.748896 0.213169 0.724839 0.197836 0.716521 0.193706 0.740578
0 0.0479032 0.730367 0.0509743 0.710394 0.0364098 0.703316 0.0333387 0.723289
0 0.43718 0.63599 0.440874 0.617088 0.430791 0.61086 0.427097 0.629762
0 0.311909 0.760086 0.318763 0.7408 0.309518 0.730416 0.302664 0.749701
0 0.307819 0.738934 0.311455 0.707427 0.299152 0.70294 0.295516 0.734447
0 0.598345 0.659839 0.599836 0.642335 0.588393 0.639254 0.586902 0.656759
0 0.388814 0.593241 0.391436 0.56974 0.3798 0.565636 0.377178 0.589138
0 0.42698 0.873756 0.428119 0.850955 0.414548 0.848813 0.41341 0.871614
0 0.580895 0.883956 0.580876 0.860733 0.563389 0.860778 0.563408 0.884002
0 0.142451 0.622108 0.150543 0.600371 0.140788 0.588893 0.132696 0.61063
0 0.787585 0.614967 0.790822 0.599557 0.780062 0.592414 0.776826 0.607824
0 0.736363 0.677452 0.738977 0.661218 0.728979 0.656131 0.726366 0.672365
0 0.731442 0.76931 0.732799 0.748462 0.720707 0.745973 0.71935 0.766821
0 0.11948 0.819947 0.116599 0.787909 0.0879808 0.796042 0.0908616 0.82808
0 0.577597 0.743263 0.578376 0.723323 0.567374 0.721964 0.566595 0.741905
0 0.531774 0.955164 0.543238 0.899877 0.516958 0.882655 0.505494 0.937942
0 0.461351 0.839818 0.467804 0.816454 0.451335 0.802077 0.444881 0.82544
0 0.631691 0.743556 0.633533 0.720225 0.621538 0.717233 0.619697 0.740564
0 0.574044 0.726889 0.576868 0.705899 0.566504 0.701492 0.56368 0.722482
0 0.0704694 0.675762 0.0753665 0.647691 0.0587203 0.638513 0.0538233 0.666585
0 0.499815 0.851312 0.502239 0.827497 0.491281 0.823972 0.488857 0.847787
0 0.358983 0.963549 0.362159 0.941227 0.349572 0.935566 0.346395 0.957888
0 0.399203 0.933523 0.402033 0.911493 0.386126 0.905036 0.383297 0.927066
0 0.596286 0.765405 0.600896 0.751763 0.585939 0.735788 0.581328 0.74943
0 0.210088 0.858133 0.218641 0.82824 0.207959 0.81858 0.199406 0.848474
0 0.397874 0.62457 0.395456 0.58778 0.369742 0.593121 0.37216 0.629911
0 0.732688 0.751488 0.735022 0.730292 0.721467 0.725573 0.719132 0.74677
0 0.808499 0.685943 0.810801 0.66506 0.796633 0.660124 0.794331 0.681006
0 0.242136 0.757466 0.247987 0.729057 0.234239 0.720109 0.228388 0.748519
0 0.758225 0.671807 0.759957 0.654916 0.748912 0.651337 0.74718 0.668227
0 0.417264 0.568261 0.418845 0.544331 0.405552 0.541556 0.403971 0.565485
0 0.0330513 0.786034 0.0349505 0.764992 0.0245656 0.76203 0.0226664 0.783072
0 0.552058 0.51681 0.55567 0.487297 0.540777 0.481534 0.537164 0.511048
0 0.053441 0.837398 0.0608846 0.815637 0.0508675 0.804807 0.0434239 0.826568
0 0.648507 0.637782 0.652475 0.61554 0.638103 0.607437 0.634135 0.62968
0 0.139528 0.740732 0.142936 0.71307 0.130103 0.708071 0.126694 0.735733
0 0.382446 0.55817 0.383951 0.538046 0.371511 0.535106 0.370006 0.55523
0 0.620281 0.497304 0.621755 0.478114 0.611189 0.475548 0.609714 0.494738
0 0.722029 0.527199 0.72298 0.509178 0.712161 0.507374 0.71121 0.525395
0 0.375583 0.926022 0.378489 0.902182 0.366842 0.897694 0.363935 0.921534
0 0.284022 0.784326 0.286144 0.766843 0.276136 0.763003 0.274013 0.780486
0 0.449083 0.516721 0.452442 0.494579 0.441543 0.489352 0.438184 0.511495
0 0.776293 0.582758 0.778129 0.565213 0.766189 0.561264 0.764353 0.57881
0 0.764526 0.570888 0.765836 0.551377 0.754131 0.548892 0.752821 0.568403
0 0.416218 0.956493 0.423652 0.932473 0.413043 0.922097 0.40561 0.946117
0 0.300363 1.00455 0.301381 0.979867 0.28635 0.97791 0.285333 1.0026
0 0.453131 0.972399 0.458663 0.943851 0.446342 0.936306 0.44081 0.964854
0 0.634776 0.674879 0.641036 0.652195 0.631297 0.643701 0.625037 0.666384
0 0.470004 0.943713 0.473394 0.921295 0.463303 0.916473 0.459913 0.938891
0 0.487171 0.972969 0.491693 0.949067 0.480539 0.942398 0.476017 0.9663
0 0.477041 0.486063 0.480194 0.463383 0.467721 0.457903 0.464568 0.480583
0 0.306416 0.734501 0.317301 0.702982 0.305769 0.690396 0.294884 0.721915
0 0.383049 0.762359 0.382143 0.724259 0.354178 0.726361 0.355084 0.764461
0 0.831389 0.653861 0.833176 0.632904 0.817191 0.628597 0.815404 0.649554
0 0.189644 0.799905 0.19442 0.781647 0.184597 0.773525 0.179821 0.791783
0 0.201563 0.878272 0.208386 0.852203 0.187422 0.834862 0.180599 0.860931
0 0.63955 0.885912 0.643363 0.868161 0.6287 0.858206 0.624887 0.875956
0 0.037094 0.768904 0.0425697 0.741738 0.0309525 0.734338 0.0254768 0.761503
0 0.591829 0.743579 0.598208 0.728502 0.585755 0.711848 0.579375 0.726925
0 0.107035 1.00837 0.117738 0.981953 0.106347 0.967368 0.0956434 0.993789
0 0.283803 0.718147 0.293955 0.698106 0.286469 0.686122 0.276318 0.706163
0 0.0967348 0.962143 0.101002 0.934147 0.0873968 0.927594 0.0831301 0.95559
0 0.409033 0.697953 0.41049 0.680536 0.400751 0.67796 0.399293 0.695378
0 0.206829 1.01102 0.220471 0.97992 0.208822 0.963767 0.195179 0.994865
0 0.0364065 0.86483 0.0483247 0.841946 0.0403182 0.828767 0.0284001 0.851651
0 0.622708 0.788232 0.62944 0.765411 0.615563 0.752471 0.60883 0.775293
0 0.267045 0.948183 0.26995 0.927061 0.256097 0.921041 0.253193 0.942162
0 0.155706 0.714665 0.158096 0.686577 0.141258 0.68205 0.138868 0.710137
0 0.0865306 0.797563 0.0900131 0.774833 0.0799442 0.769957 0.0764617 0.792688
0 0.51606 0.949546 0.51779 0.921362 0.505787 0.919033 0.504056 0.947217
0 0.419511 0.890871 0.423348 0.872333 0.412783 0.865423 0.408946 0.883961
0 0.588582 0.937854 0.602033 0.924699 0.588 0.879352 0.574549 0.892507
0 0.821854 0.682142 0.826086 0.654837 0.813081 0.648467 0.80885 0.675772
0 0.432849 0.732778 0.434774 0.711008 0.422204 0.707497 0.42028 0.729267
0 0.514086 0.894137 0.519122 0.860327 0.50776 0.854979 0.502724 0.888789
0 0.901488 0.614966 0.906192 0.596442 0.883721 0.578407 0.879017 0.596931
0 0.550927 0.72392 0.55473 0.701438 0.540381 0.693765 0.536577 0.716247
0 0.189971 0.717959 0.189644 0.691856 0.169723 0.692643 0.17005 0.718746
0 0.622726 0.886205 0.627155 0.867894 0.612317 0.856551 0.607888 0.874862
0 0.412974 0.681132 0.420529 0.655438 0.410617 0.646226 0.403061 0.671919
0 0.423966 0.676387 0.430874 0.649004 0.420548 0.640772 0.41364 0.668154
0 0.153627 0.648637 0.15679 0.616661 0.141385 0.611845 0.138222 0.64382
0 0.338992 0.918261 0.342329 0.895991 0.328377 0.889382 0.325039 0.911652
0 0.590481 0.984226 0.593212 0.949604 0.573726 0.944746 0.570994 0.979368
0 0.628256 0.84583 0.631026 0.823355 0.616551 0.817717 0.613781 0.840192
0 0.48979 0.542062 0.493052 0.500646 0.476048 0.496413 0.472785 0.537829
0 0.687856 0.559341 0.68833 0.543593 0.677588 0.542571 0.677114 0.558319
0 0.423104 0.846467 0.42806 0.822028 0.415715 0.814116 0.410759 0.838556
0 0.300055 0.784124 0.30346 0.762287 0.292655 0.756961 0.28925 0.778798
0 0.688341 0.633718 0.689793 0.616503 0.680049 0.613906 0.678598 0.631121
0 0.444045 0.483991 0.445978 0.464587 0.436069 0.461467 0.434136 0.480871
0 0.327936 0.732954 0.329662 0.712604 0.317981 0.709472 0.316255 0.729823
0 0.543961 0.964819 0.550871 0.94815 0.535126 0.927522 0.528216 0.94419
0 0.634386 0.806956 0.636093 0.788902 0.626951 0.786171 0.625244 0.804225
0 0.669627 0.717052 0.672816 0.701278 0.661539 0.694071 0.658349 0.709845
0 0.941137 0.711686 0.947142 0.690333 0.931737 0.676642 0.925732 0.697994
0 0.813114 0.660346 0.817049 0.641271 0.804288 0.63295 0.800353 0.652025
0 0.646104 1.01494 0.654034 0.950998 0.611097 0.93417 0.603168 0.998114
0 0.234397 0.823413 0.236964 0.798515 0.221679 0.793534 0.219112 0.818432
0 0.334812 0.776704 0.357202 0.752752 0.349683 0.730538 0.327293 0.754489
0 0.211851 0.840475 0.215235 0.817081 0.205123 0.812457 0.201738 0.835851
0 0.137219 0.773399 0.139344 0.749391 0.127691 0.746132 0.125566 0.770139
0 0.69628 0.654541 0.697697 0.639153 0.688388 0.636443 0.686971 0.651831
0 0.638793 0.579617 0.642981 0.564741 0.634193 0.55692 0.630004 0.571796
0 0.488718 0.72513 0.49068 0.700269 0.479196 0.697404 0.477234 0.722265
0 0.743344 0.629369 0.746296 0.61014 0.734837 0.604582 0.731886 0.623811
0 0.276644 0.872397 0.286802 0.845244 0.276785 0.8334 0.266627 0.860553
0 0.46839 0.975884 0.471078 0.958162 0.460102 0.952901 0.457414 0.970623
0 0.375423 0.784687 0.376542 0.753996 0.356949 0.751738 0.355829 0.782429
0 0.364683 0.837328 0.370995 0.813149 0.356332 0.801052 0.35002 0.825231
0 0.71228 0.796386 0.716132 0.780531 0.703404 0.77076 0.699553 0.786615
0 0.443401 0.665927 0.453151 0.649052 0.435799 0.617367 0.426049 0.634242
0 0.479597 0.645861 0.479559 0.627538 0.46909 0.627609 0.469129 0.645931
0 0.111518 0.852968 0.111724 0.830712 0.0942381 0.8302 0.0940318 0.852456
0 0.193197 0.981704 0.197852 0.959448 0.185561 0.951323 0.180906 0.973579
0 0.0100555 0.897898 0.0129619 0.86536 -0.000456259 0.861572 -0.00336265 0.89411
0 0.657747 0.859704 0.659418 0.838044 0.649569 0.835643 0.647898 0.857304
0 0.403081 0.870108 0.411125 0.841076 0.400943 0.83216 0.392899 0.861193
0 0.763748 0.774042 0.765564 0.749763 0.744537 0.744791 0.742721 0.769071
0 0.0519201 0.781531 0.0643036 0.761216 0.0564394 0.746065 0.044056 0.76638
0 0.927194 0.731195 0.928522 0.70831 0.913657 0.705584 0.912329 0.728469
0 0.495431 0.885578 0.498897 0.862241 0.488362 0.857296 0.484897 0.880633
0 0.195712 0.581558 0.199869 0.551785 0.175135 0.54087 0.170978 0.570643
0 0.474677 0.965447 0.477757 0.945823 0.468218 0.941093 0.465139 0.960717
0 0.660232 0.610244 0.66025 0.587713 0.645099 0.587674 0.645081 0.610205
0 0.26579 0.770385 0.269141 0.753642 0.255737 0.745164 0.252386 0.761907
0 0.602833 0.805793 0.6049 0.785207 0.59136 0.78091 0.589293 0.801496
0 0.76611 0.766766 0.773035 0.757897 0.761633 0.729764 0.754708 0.738633
0 0.286448 0.702905 0.291919 0.661741 0.267903 0.651653 0.262431 0.692817
0 0.451234 0.841797 0.454412 0.813873 0.435579 0.8071 0.432402 0.835024
0 0.402457 0.692365 0.403479 0.671267 0.390113 0.669219 0.38909 0.690317
0 0.587508 0.845681 0.592884 0.820215 0.575406 0.808554 0.57003 0.83402
0 0.719644 0.65541 0.722767 0.635267 0.713538 0.630745 0.710415 0.650888
0 0.524321 0.715561 0.533458 0.680828 0.513153 0.663947 0.504017 0.698681
0 0.178679 0.854931 0.195491 0.835086 0.186209 0.810233 0.169397 0.830078
0 0.440742 0.625636 0.443065 0.607998 0.433803 0.604142 0.43148 0.62178
0 0.418801 0.862114 0.421314 0.837388 0.410138 0.833797 0.407624 0.858523
0 0.486733 1.0097 0.493598 0.977325 0.478367 0.967118 0.471503 0.99949
0 0.198368 0.80667 0.200612 0.788133 0.190368 0.784213 0.188124 0.80275
0 0.412449 0.968894 0.419177 0.944308 0.409093 0.935586 0.402365 0.960172
0 0.607379 0.881364 0.612542 0.857919 0.599441 0.8488 0.594278 0.872245
0 0.928388 0.748733 0.92949 0.727165 0.914786 0.724791 0.913685 0.74636
0 0.589246 0.705008 0.59479 0.684471 0.582262 0.673781 0.576717 0.694317
0 0.243767 0.927782 0.248575 0.902342 0.238542 0.89635 0.233735 0.92179
0 0.715099 0.741386 0.716694 0.723852 0.704799 0.720433 0.703204 0.737967
0 0.771506 0.543382 0.773681 0.526998 0.763259 0.522626 0.761085 0.539011
0 0.547208 0.630901 0.549228 0.612351 0.53679 0.608071 0.53477 0.62662
0 0.420674 0.907205 0.423341 0.886653 0.41355 0.882638 0.410883 0.90319
0 0.520475 0.970902 0.522022 0.947117 0.511175 0.944888 0.509629 0.968674
0 0.566599 0.954045 0.586814 0.90789 0.5644 0.876864 0.544185 0.923019
0 0.423565 0.975604 0.429313 0.947943 0.419386 0.941423 0.413638 0.969083
0 0.602552 0.521016 0.604344 0.505054 0.591989 0.500669 0.590197 0.516632
0 0.912145 0.593616 0.918095 0.577319 0.9002 0.556673 0.89425 0.572969
0 0.648765 0.54196 0.650128 0.524655 0.640757 0.522322 0.639393 0.539626
0 0.148553 0.893311 0.170049 0.853892 0.156247 0.830106 0.134752 0.869524
0 0.239349 0.860838 0.244667 0.840309 0.230191 0.828457 0.224873 0.848986
0 0.309478 0.797853 0.314994 0.777181 0.305788 0.769418 0.300272 0.79009
0 0.420601 0.654312 0.424573 0.633385 0.416367 0.628462 0.412395 0.64939
0 0.312155 0.723081 0.321306 0.701567 0.311369 0.68821 0.302219 0.709724
0 0.578704 0.56086 0.581934 0.536683 0.569092 0.53126 0.565862 0.555437
0 0.60036 0.907397 0.606934 0.88686 0.594512 0.874294 0.587939 0.894831
0 0.183813 1.01124 0.189534 0.979513 0.16848 0.967515 0.162759 0.999241
0 0.596145 0.732787 0.604779 0.719714 0.591535 0.692072 0.582901 0.705145
0 0.630717 0.736134 0.631402 0.715736 0.618694 0.714386 0.618009 0.734785
0 0.363697 0.716306 0.371229 0.701248 0.363733 0.689396 0.3562 0.704454
0 0.384066 0.523319 0.384747 0.504138 0.370976 0.502593 0.370295 0.521774
0 0.812532 0.719663 0.816446 0.704648 0.804624 0.694906 0.800709 0.709921
0 0.338852 0.715652 0.341801 0.685272 0.322768 0.679433 0.319819 0.709813
0 0.50684 0.629516 0.509531 0.607007 0.499319 0.603148 0.496628 0.625657
0 0.127334 0.708351 0.131763 0.671391 0.109655 0.663017 0.105225 0.699977
0 0.650756 0.815988 0.654353 0.798966 0.641878 0.790637 0.638282 0.807658
0 0.473745 0.840831 0.479626 0.81696 0.468826 0.808551 0.462945 0.832423
0 0.685557 0.585863 0.686733 0.568273 0.674973 0.565789 0.673797 0.583379
0 0.245765 0.863455 0.247611 0.836119 0.23276 0.83295 0.230914 0.860286
0 0.922275 0.645669 0.930775 0.627523 0.910085 0.596896 0.901586 0.615042
0 0.75816 0.651869 0.759464 0.635373 0.749577 0.632902 0.748272 0.649399
0 0.209253 0.561588 0.215353 0.523282 0.188697 0.509867 0.182597 0.548173
0 0.198257 0.830855 0.20191 0.813657 0.190235 0.805819 0.186582 0.823017
0 0.801655 0.743123 0.802377 0.726724 0.789251 0.724897 0.788529 0.741296
0 0.0114558 0.775265 0.0164786 0.748247 0.0037418 0.740764 -0.00128093 0.767782
0 0.456885 0.942195 0.461735 0.923127 0.453247 0.916303 0.448397 0.935371
0 0.67595 0.634819 0.677292 0.618712 0.666641 0.615906 0.665298 0.632013
0 0.386312 0.724115 0.387905 0.708483 0.377262 0.705056 0.375669 0.720688
0 0.67014 0.743691 0.671874 0.724008 0.657883 0.720113 0.65615 0.739796
0 0.406994 0.543751 0.408015 0.52675 0.397951 0.524839 0.396929 0.541841
0 0.613379 0.812919 0.616698 0.795252 0.605111 0.788373 0.601792 0.80604
0 0.61107 0.837869 0.615194 0.816069 0.602652 0.80857 0.598528 0.83037
0 0.121454 0.867614 0.128939 0.841865 0.117899 0.831721 0.110414 0.85747
0 0.502947 0.768435 0.501988 0.718535 0.482348 0.719728 0.483307 0.769628
0 0.439285 0.58044 0.442406 0.563453 0.433922 0.558527 0.430801 0.575514
0 0.504467 0.869587 0.508899 0.841291 0.497523 0.83566 0.493091 0.863956
0 0.753745 0.753976 0.754334 0.729204 0.739831 0.728114 0.739243 0.752887
0 0.296614 0.81529 0.295422 0.777346 0.277377 0.779138 0.278569 0.817082
0 0.828595 0.617712 0.828977 0.594229 0.814918 0.593506 0.814536 0.616989
0 0.239104 0.941565 0.245407 0.916083 0.234742 0.907746 0.228439 0.933228
0 0.410026 0.744804 0.416682 0.723572 0.407713 0.714686 0.401057 0.735918
0 0.627607 0.722662 0.629316 0.704957 0.618386 0.701622 0.616677 0.719327
0 0.609475 0.706649 0.610796 0.688103 0.601566 0.686026 0.600246 0.704573
0 0.578602 0.833023 0.583085 0.809144 0.566947 0.79957 0.562465 0.823449
0 0.407311 0.626073 0.410349 0.591475 0.379556 0.582928 0.376518 0.617527
0 0.152726 0.877674 0.167881 0.841288 0.154985 0.82431 0.139829 0.860697
0 0.637932 0.859433 0.639271 0.839701 0.627025 0.837075 0.625686 0.856808
0 0.517901 0.664153 0.521102 0.643326 0.504906 0.635459 0.501705 0.656286
0 0.636912 0.596953 0.638961 0.57848 0.628628 0.574858 0.62658 0.593331
0 0.414861 0.762957 0.426157 0.739336 0.416583 0.724864 0.405286 0.748486
0 0.538649 0.904765 0.542871 0.881932 0.530653 0.874792 0.526431 0.897625
0 0.397136 0.483136 0.398994 0.463314 0.385114 0.459202 0.383256 0.479024
0 0.0438787 0.745477 0.0508534 0.724342 0.0398179 0.712832 0.0328432 0.733968
0 0.188638 0.741867 0.191452 0.717036 0.178157 0.712274 0.175343 0.737105
0 0.00951811 0.955102 0.0337663 0.903879 0.0136829 0.873831 -0.0105652 0.925054
0 0.457825 0.998518 0.461929 0.972139 0.450433 0.966486 0.446329 0.992865
0 0.0111432 0.748275 0.01586 0.727235 0.00528054 0.719739 0.000563699 0.740779
0 0.509433 1.00112 0.514101 0.954436 0.49674 0.94895 0.492072 0.995629
0 0.489536 0.847809 0.490028 0.823268 0.476719 0.822424 0.476227 0.846965
0 0.306497 0.77176 0.311897 0.745867 0.301742 0.739173 0.296341 0.765067
0 0.430089 0.652595 0.431826 0.629566 0.42054 0.626875 0.418803 0.649904
0 0.974851 0.827343 0.985454 0.74975 0.922679 0.722639 0.912076 0.800232
0 0.373086 0.727887 0.376927 0.709327 0.367253 0.703 0.363412 0.721561
0 0.636458 0.616523 0.637552 0.598813 0.628092 0.596967 0.626998 0.614676
0 0.448997 0.589719 0.450805 0.573443 0.442366 0.570481 0.440558 0.586757
0 0.662327 0.767383 0.665039 0.751133 0.653692 0.745147 0.65098 0.761397
0 0.625971 0.774619 0.629453 0.749801 0.616887 0.74423 0.613405 0.769048
0 0.786339 0.706302 0.789535 0.688079 0.778362 0.681885 0.775166 0.700108
0 0.610939 0.620951 0.617938 0.605363 0.607914 0.591138 0.600915 0.606726
0 0.133799 1.00322 0.147065 0.974087 0.13726 0.959977 0.123994 0.989112
0 0.596858 0.5011 0.598124 0.485002 0.588537 0.482618 0.587271 0.498716
0 0.688656 0.761436 0.693031 0.743094 0.681768 0.734604 0.677393 0.752945
0 0.308433 0.709966 0.312266 0.687736 0.298396 0.680177 0.294562 0.702407
0 0.391699 0.175933 0.410381 0.128934 0.379098 0.0896338 0.360416 0.136633
0 0.480155 0.822721 0.481566 0.799669 0.470181 0.797467 0.468771 0.820519
0 0.663287 0.566917 0.66498 0.549799 0.654714 0.54659 0.653021 0.563708
0 0.128013 0.823123 0.12875 0.80608 0.117384 0.804525 0.116646 0.821568
0 0.439579 0.937515 0.444102 0.912367 0.432106 0.905548 0.427583 0.930696
0 0.575425 0.992516 0.577258 0.965152 0.562249 0.961974 0.560415 0.989338
0 0.308404 0.928451 0.311041 0.907084 0.299243 0.902483 0.296606 0.92385
0 0.38889 0.84493 0.401983 0.810425 0.388776 0.794585 0.375683 0.829091
0 0.617169 0.708294 0.620036 0.693042 0.610098 0.687138 0.607231 0.702391
0 0.334366 0.795227 0.338316 0.771708 0.324441 0.764343 0.320491 0.787862
0 0.255548 0.731513 0.261846 0.6946 0.249597 0.687995 0.243299 0.724909
0 0.178215 0.821497 0.181511 0.801891 0.170205 0.795884 0.166909 0.81549
0 0.61972 0.914919 0.625595 0.882957 0.60665 0.871949 0.600774 0.903911
0 0.339283 0.360108 0.341192 0.304635 0.310585 0.301306 0.308676 0.356779
0 0.23672 0.70914 0.242508 0.68533 0.223228 0.670517 0.21744 0.694327
0 0.442703 0.551449 0.446359 0.53119 0.435689 0.525105 0.432033 0.545364
0 0.391156 0.75888 0.397154 0.740673 0.386561 0.729644 0.380563 0.747851
0 0.581416 0.953506 0.589312 0.903546 0.564608 0.891206 0.556711 0.941165
0 0.111206 0.716107 0.113503 0.673705 0.09253 0.670114 0.090233 0.712517
0 0.557361 0.640118 0.55926 0.619096 0.547776 0.615818 0.545877 0.636841
