0 0.596643 0.929022 0.600032 0.866619 0.564463 0.860515 0.561075 0.922918
0 0.954314 0.517475 0.957566 0.476585 0.936078 0.471183 0.932826 0.512073
0 0.659953 0.893613 0.64628 0.786052 0.590955 0.80828 0.604629 0.915841
0 0.606153 0.780855 0.612249 0.745868 0.589911 0.733569 0.583816 0.768555
0 0.0171505 1.01827 0.0538355 0.976791 0.0394253 0.936511 0.00274027 0.977989
0 0.957658 0.442777 0.966623 0.412874 0.955022 0.401881 0.946056 0.431784
0 0.563201 0.873765 0.561477 0.827105 0.54111 0.829484 0.542834 0.876144
0 0.801886 0.722227 0.80606 0.685662 0.786259 0.678518 0.782085 0.715082
0 0.552314 0.821227 0.561082 0.792617 0.54333 0.775424 0.534563 0.804034
0 0.548278 0.886565 0.549621 0.858806 0.535198 0.856602 0.533856 0.884361
0 0.939967 0.327153 0.961143 0.303085 0.952475 0.278981 0.931298 0.30305
0 0.526324 0.995797 0.527872 0.954294 0.502454 0.951297 0.500906 0.992801
0 0.507455 0.835484 0.523584 0.806072 0.511155 0.784531 0.495026 0.813944
0 0.941204 0.486183 0.944416 0.45396 0.91988 0.446231 0.916668 0.478453
0 0.99472 0.99472 1.01066 0.871992 0.827396 0.796747 0.811452 0.919475
0 0.829162 0.739564 0.839731 0.713811 0.819967 0.688175 0.809398 0.713927
0 0.0235365 0.937128 0.0454073 0.908216 0.03444 0.881996 0.0125693 0.910908
0 0.535787 0.902204 0.537474 0.854419 0.519907 0.852459 0.51822 0.900244
0 0.948575 0.345659 0.952053 0.317587 0.929939 0.308927 0.926461 0.336999
0 0.877219 0.66689 0.907269 0.634173 0.896403 0.602631 0.866353 0.635348
0 0.150263 0.83021 0.149251 0.790588 0.123615 0.792658 0.124627 0.832279
0 0.743669 0.721953 0.74134 0.696208 0.720993 0.702024 0.723322 0.727769
0 0.387007 0.875476 0.39788 0.836069 0.378084 0.818806 0.36721 0.858212
0 0.0161022 0.998917 0.0144889 0.957864 -0.00452016 0.960225 -0.00290687 1.00128
0 0.432509 0.770795 0.434022 0.741042 0.415337 0.738041 0.413825 0.767793
0 0.254805 1.00358 0.271706 0.956258 0.249746 0.931473 0.232845 0.9788
0 0.828067 0.777517 0.836786 0.739643 0.817361 0.725508 0.808641 0.763383
0 0.548787 0.842731 0.550911 0.815656 0.535879 0.811929 0.533755 0.839004
0 0.870971 0.620457 0.882634 0.595415 0.869581 0.5762 0.857917 0.601243
0 0.394828 0.762338 0.395691 0.738041 0.382696 0.736582 0.381833 0.760879
0 0.513458 0.968489 0.527861 0.914816 0.505815 0.896119 0.491412 0.949791
0 0.88667 0.565415 0.890902 0.541503 0.879747 0.535264 0.875515 0.559175
0 0.855182 0.608896 0.870665 0.579904 0.85995 0.561818 0.844467 0.59081
0 0.504936 0.864038 0.521243 0.844161 0.513795 0.82485 0.497488 0.844727
0 0.976091 0.354298 0.983803 0.313424 0.953816 0.295543 0.946104 0.336417
0 0.543227 0.736487 0.550299 0.703161 0.526157 0.686969 0.519085 0.720295
0 0.582018 0.801857 0.591235 0.774062 0.582456 0.764862 0.57324 0.792658
0 0.0554044 0.913246 0.0696917 0.884561 0.0556684 0.862486 0.0413811 0.891172
0 0.0665039 0.925313 0.0697534 0.893986 0.0504186 0.887647 0.0471691 0.918975
0 0.0483138 0.89188 0.0595935 0.831383 0.0363216 0.817669 0.0250419 0.878166
0 0.727406 0.752016 0.729194 0.728341 0.713254 0.724536 0.711466 0.748211
0 0.568703 0.940403 0.569968 0.9085 0.5536 0.906449 0.552336 0.938353
0 0.970416 0.502217 0.973388 0.473425 0.95376 0.46702 0.950787 0.495812
0 0.611884 0.79659 0.614976 0.775639 0.602076 0.76962 0.598983 0.790571
0 0.804335 0.680614 0.806938 0.657894 0.793144 0.6529 0.790541 0.67562
0 0.557162 0.949045 0.555777 0.888429 0.534616 0.889957 0.536002 0.950573
0 0.39919 0.744354 0.401336 0.726529 0.388299 0.721569 0.386153 0.739393
0 0.49309 0.712379 0.503388 0.683092 0.492708 0.671223 0.48241 0.700509
0 0.570295 0.770208 0.571117 0.742305 0.558839 0.741163 0.558017 0.769066
0 0.333743 0.989555 0.336345 0.944869 0.314647 0.940876 0.312045 0.985562
0 0.930606 0.705477 0.93124 0.671273 0.907716 0.669894 0.907082 0.704099
0 0.139507 0.803491 0.14974 0.760736 0.130062 0.745851 0.119829 0.788606
0 0.53233 0.654532 0.535357 0.634156 0.523233 0.628463 0.520206 0.648839
0 0.343452 0.952841 0.362553 0.91549 0.347219 0.890707 0.328118 0.928058
0 0.0658363 0.78852 0.0665169 0.742626 0.0313569 0.740978 0.0306764 0.786872
0 0.772061 0.712903 0.780585 0.687778 0.77102 0.677522 0.762496 0.702647
0 0.0116078 0.935777 0.0133655 0.897471 -0.00125093 0.895352 -0.00300867 0.933658
0 0.42188 0.672979 0.424132 0.650147 0.411269 0.646136 0.409016 0.668968
0 0.94459 0.289169 0.950049 0.254858 0.934844 0.247211 0.929384 0.281522
0 0.400039 0.704188 0.403171 0.686187 0.391985 0.680035 0.388852 0.698035
0 0.560348 0.809438 0.572773 0.793322 0.561982 0.767029 0.549557 0.783144
0 0.950139 0.58331 0.952545 0.555032 0.935468 0.550439 0.933061 0.578717
0 0.533987 0.830785 0.54176 0.804107 0.530963 0.794162 0.523189 0.82084
0 0.811409 0.666246 0.818222 0.646624 0.806052 0.633268 0.799239 0.652891
0 0.502948 0.789842 0.504715 0.765972 0.488175 0.762102 0.486408 0.785972
0 0.581304 1.00716 0.584074 0.972082 0.560887 0.966295 0.558118 1.00137
0 0.550707 0.763838 0.557462 0.737184 0.544857 0.727087 0.538102 0.753742
0 0.942379 0.731057 0.946215 0.704275 0.926527 0.69536 0.92269 0.722142
0 0.435608 0.74997 0.437821 0.730569 0.423624 0.72545 0.42141 0.744851
0 0.432757 0.823466 0.442805 0.792498 0.430361 0.779736 0.420312 0.810704
0 0.0138131 0.972965 0.036229 0.946749 0.0288585 0.926832 0.0064427 0.953048
0 0.522758 0.910682 0.526124 0.878429 0.509614 0.872983 0.506248 0.905236
0 0.944563 0.643633 0.952518 0.624729 0.930484 0.595425 0.922529 0.614329
0 0.595354 0.865793 0.599501 0.809205 0.580998 0.80492 0.576851 0.861508
0 0.776296 0.478217 0.779143 0.463565 0.76632 0.455691 0.763474 0.470343
0 0.457473 0.77165 0.459577 0.749787 0.446693 0.745868 0.444589 0.767731
0 0.944434 0.615688 0.950212 0.596172 0.938147 0.584881 0.932368 0.604397
0 0.492228 0.873867 0.500641 0.839101 0.48618 0.828042 0.477768 0.862808
0 0.818654 0.224682 0.810359 0.167998 0.766213 0.188416 0.774508 0.2451
0 0.697322 0.68435 0.701367 0.657743 0.691386 0.652948 0.687342 0.679556
0 0.397473 0.728139 0.40112 0.704976 0.387549 0.698222 0.383902 0.721386
0 0.917212 0.601426 0.920866 0.569321 0.903876 0.563209 0.900222 0.595314
0 0.531722 0.757958 0.541385 0.735905 0.532399 0.723462 0.522736 0.745515
0 0.813112 0.724028 0.81752 0.698539 0.805586 0.692016 0.801177 0.717504
0 0.419707 0.878481 0.427316 0.859648 0.414687 0.843521 0.407078 0.862353
0 0.142833 0.895197 0.140485 0.853142 0.112838 0.858021 0.115186 0.900077
0 0.46663 0.654883 0.467138 0.63046 0.450505 0.629365 0.449997 0.653789
0 0.933313 0.512652 0.937847 0.480706 0.917621 0.471634 0.913087 0.503581
0 0.72306 0.68547 0.729817 0.667513 0.716822 0.652058 0.710065 0.670015
0 0.499171 0.766368 0.501521 0.736639 0.484379 0.732357 0.48203 0.762086
0 0.91807 0.527403 0.922162 0.503996 0.910622 0.49762 0.90653 0.521028
0 0.761714 0.652017 0.76426 0.620111 0.744145 0.615038 0.741599 0.646944
0 0.941336 0.538103 0.945889 0.517908 0.930376 0.506853 0.925822 0.527048
0 0.799251 0.50938 0.803019 0.490075 0.786002 0.479578 0.782234 0.498883
0 0.765908 0.490644 0.770613 0.470448 0.758457 0.461498 0.753752 0.481693
0 0.709695 0.781646 0.712209 0.754105 0.695813 0.749375 0.693299 0.776916
0 0.895987 0.546554 0.899832 0.527641 0.889168 0.520788 0.885323 0.539702
0 0.921935 0.389029 0.942198 0.361181 0.930078 0.33331 0.909815 0.361158
0 0.562516 0.723228 0.567542 0.706969 0.554752 0.694474 0.549726 0.710733
0 0.486786 0.951178 0.489047 0.921924 0.468878 0.916997 0.466617 0.946252
0 0.518604 0.664499 0.524327 0.633505 0.513772 0.627346 0.508049 0.658339
0 0.963629 0.575293 0.96659 0.554526 0.952367 0.548116 0.949406 0.568883
0 0.527505 0.798338 0.5345 0.770855 0.524578 0.762875 0.517584 0.790358
0 0.506619 0.90359 0.510298 0.876057 0.500704 0.872004 0.497025 0.899538
0 0.804101 0.775342 0.812711 0.761368 0.799615 0.735862 0.791004 0.749836
0 0.873063 0.581795 0.880232 0.563852 0.863891 0.543216 0.856721 0.56116
0 0.0731237 0.162647 0.0849178 0.000737183 -0.0123781 -0.0216625 -0.0241722 0.140248
0 0.35668 0.882924 0.365756 0.858514 0.350864 0.841013 0.341788 0.865422
0 0.929299 0.287689 0.935516 0.263911 0.926102 0.256132 0.919885 0.279909
0 0.43413 0.65385 0.43398 0.636116 0.41795 0.636542 0.418099 0.654277
0 0.496107 0.738329 0.497626 0.716888 0.486313 0.714355 0.484795 0.735797
0 0.979307 0.418215 0.989472 0.398502 0.981928 0.386208 0.971763 0.405921
0 0.124529 0.785211 0.126837 0.753221 0.110151 0.749416 0.107842 0.781406
0 0.607417 0.742848 0.610075 0.719233 0.595716 0.714125 0.593058 0.73774
0 0.00552761 0.962741 0.0241327 0.932915 0.0134344 0.911824 -0.00517064 0.94165
0 0.453988 0.816036 0.465808 0.797106 0.451183 0.768245 0.439363 0.787175
0 0.558857 0.89432 0.559623 0.877282 0.546985 0.875485 0.546219 0.892524
0 0.723033 0.776934 0.726289 0.754852 0.712173 0.748276 0.708918 0.770358
0 0.708252 0.809122 0.709743 0.781659 0.698981 0.779812 0.69749 0.807275
0 0.74859 0.743328 0.755269 0.718306 0.744663 0.709359 0.737984 0.73438
0 0.426271 0.70413 0.428956 0.682286 0.416958 0.677626 0.414274 0.69947
0 0.898122 0.455081 0.909628 0.429712 0.899419 0.415078 0.887913 0.440448
0 0.146206 0.310972 0.14167 0.269254 0.121734 0.276105 0.12627 0.317823
0 0.704237 0.788693 0.705175 0.768148 0.69171 0.766205 0.690772 0.78675
0 0.882282 0.757201 0.887352 0.731062 0.867466 0.718872 0.862396 0.745011
0 0.93915 0.449896 0.946924 0.429595 0.938236 0.419082 0.930463 0.439382
0 0.0917695 0.104776 0.12265 0.00995284 0.0958883 -0.017592 0.0650077 0.0772314
0 0.523459 0.684694 0.528791 0.658448 0.518575 0.651889 0.513244 0.678135
0 0.546074 0.793523 0.548692 0.770141 0.536183 0.765714 0.533565 0.789096
0 0.938134 0.419499 0.942318 0.396151 0.93013 0.389248 0.925946 0.412596
0 0.449301 0.753272 0.451954 0.73167 0.4388 0.726563 0.436147 0.748165
0 0.899845 0.691275 0.931943 0.654062 0.91772 0.615292 0.885623 0.652505
0 0.723508 0.824844 0.732873 0.794325 0.713211 0.775258 0.703846 0.805777
0 0.53338 0.961821 0.535533 0.931298 0.521996 0.92828 0.519843 0.958802
0 0.930659 0.573503 0.93543 0.55312 0.920419 0.542013 0.915647 0.562396
0 0.574236 0.707463 0.581126 0.683835 0.570724 0.674247 0.563834 0.697875
0 0.0934284 0.99196 0.100757 0.954518 0.0708918 0.936043 0.063563 0.973485
0 0.651184 0.771189 0.668227 0.757912 0.663316 0.737989 0.646273 0.751266
0 0.533802 0.94364 0.537411 0.905934 0.524731 0.902098 0.521122 0.939804
0 0.895187 0.518481 0.896651 0.495503 0.882839 0.492723 0.881376 0.515702
0 0.771412 0.508018 0.773201 0.484177 0.759605 0.480952 0.757816 0.504793
0 0.521762 0.752089 0.524505 0.724405 0.509652 0.719753 0.506909 0.747437
0 0.697536 0.748561 0.699812 0.72832 0.689556 0.724676 0.68728 0.744916
0 0.472348 0.641064 0.478676 0.617952 0.467133 0.607964 0.460805 0.631076
0 0.762519 0.520992 0.764795 0.5018 0.753092 0.497413 0.750816 0.516605
0 0.821362 0.696754 0.826908 0.679251 0.815229 0.667553 0.809682 0.685056
0 0.771439 0.777539 0.776785 0.752855 0.760638 0.741803 0.755292 0.766487
0 0.775928 0.6775 0.778532 0.656508 0.767769 0.652289 0.765166 0.673281
0 0.508261 0.697304 0.513175 0.673516 0.502045 0.66625 0.497131 0.690038
0 0.84796 0.749619 0.849391 0.727684 0.837248 0.725179 0.835817 0.747115
0 0.538576 0.864348 0.539733 0.841861 0.525478 0.839543 0.524322 0.86203
0 0.413995 0.661314 0.418557 0.635953 0.404094 0.627732 0.399533 0.653092
0 0.947692 0.384045 0.950758 0.366495 0.937327 0.359082 0.934262 0.376631
0 0.913974 0.547728 0.917112 0.528953 0.905212 0.522668 0.902075 0.541443
0 0.0569309 0.87065 0.0708328 0.841766 0.0585322 0.823055 0.0446303 0.851938
0 0.689537 0.67374 0.690833 0.647269 0.680156 0.645616 0.67886 0.672087
0 0.924263 0.552564 0.929156 0.535585 0.911195 0.519226 0.906302 0.536205
0 0.830634 0.462861 0.83621 0.44329 0.828242 0.436116 0.822667 0.455688
0 0.498474 0.831758 0.503465 0.802707 0.491755 0.796349 0.486764 0.8254
0 0.584824 0.769676 0.586311 0.73976 0.571508 0.737435 0.570022 0.767351
0 0.938556 0.644921 0.945178 0.62842 0.923328 0.600708 0.916706 0.61721
0 0.920541 0.629615 0.923114 0.611616 0.908139 0.60485 0.905565 0.622848
0 0.494973 0.931975 0.500051 0.900109 0.484682 0.892368 0.479604 0.924235
0 0.373465 0.871871 0.377113 0.846375 0.365023 0.840908 0.361375 0.866404
0 0.232022 0.929512 0.259338 0.895206 0.245865 0.861299 0.218548 0.895604
0 0.534293 0.823669 0.541974 0.791474 0.530624 0.782916 0.522943 0.815111
0 0.972868 0.431662 0.979816 0.411376 0.96942 0.400122 0.962472 0.420408
0 0.760417 0.706749 0.763919 0.685759 0.750046 0.678443 0.746543 0.699432
0 0.313913 0.829392 0.341731 0.817526 0.322794 0.677213 0.294976 0.689079
0 0.485471 1.00413 0.488141 0.974052 0.470731 0.969168 0.468061 0.999245
0 0.451001 0.695448 0.453903 0.671408 0.439115 0.665764 0.436212 0.689804
0 0.48335 0.732593 0.49153 0.708699 0.481265 0.697592 0.473085 0.721486
0 0.52061 0.79086 0.523038 0.763559 0.510659 0.760079 0.50823 0.78738
0 0.840729 0.494186 0.848476 0.476191 0.839953 0.464594 0.832206 0.482589
0 0.931467 0.438977 0.936458 0.418554 0.928247 0.412213 0.923257 0.432637
0 0.570325 0.842143 0.570475 0.819556 0.557217 0.819277 0.557067 0.841864
0 0.734358 0.705022 0.740633 0.680013 0.730228 0.671762 0.723953 0.696771
0 0.739399 0.679814 0.742727 0.65843 0.730144 0.652243 0.726817 0.673627
0 0.971261 0.38806 0.976443 0.364591 0.947804 0.344605 0.942621 0.368073
0 0.597114 0.802109 0.600989 0.777831 0.588561 0.771562 0.584686 0.795841
0 0.99802 0.439246 0.999058 0.41989 0.987185 0.417878 0.986147 0.437235
0 0.963291 0.636753 0.963449 0.598333 0.948389 0.598138 0.948231 0.636557
0 0.991271 0.233013 0.987882 0.20514 0.967122 0.213117 0.970511 0.24099
0 0.113567 0.921845 0.109841 0.894977 0.0834281 0.906551 0.0871535 0.933419
0 0.391504 0.829585 0.407064 0.820835 0.399009 0.775563 0.383449 0.784313
0 0.538412 0.665286 0.544018 0.647254 0.534983 0.638377 0.529377 0.656409
0 0.936306 0.595787 0.938082 0.575208 0.924077 0.571388 0.922301 0.591967
0 0.821915 0.455855 0.826166 0.440278 0.817767 0.433035 0.813517 0.448611
0 0.845305 0.611272 0.849142 0.579548 0.834238 0.573851 0.830401 0.605575
0 0.523917 0.856535 0.533279 0.827831 0.520466 0.814624 0.511104 0.843327
0 0.978736 0.366506 0.9811 0.346543 0.966034 0.340903 0.96367 0.360866
0 0.717489 0.713207 0.720254 0.695613 0.710316 0.690678 0.707551 0.708272
0 0.0136444 0.832641 0.0287466 0.808521 0.0185848 0.788412 0.00348257 0.812531
0 0.879969 0.645489 0.901543 0.617383 0.891752 0.593627 0.870177 0.621733
0 0.495726 0.681641 0.499956 0.663502 0.491203 0.657052 0.486973 0.675191
0 0.0651886 0.958614 0.067367 0.925416 0.0468728 0.921166 0.0446944 0.954364
0 0.363817 0.926706 0.376325 0.898715 0.35616 0.870237 0.343652 0.898229
0 0.403864 0.643122 0.405691 0.621182 0.391921 0.617558 0.390094 0.639498
0 0.79798 0.656563 0.80279 0.639678 0.793718 0.63151 0.788908 0.648396
0 0.932622 0.320092 0.934887 0.296976 0.923051 0.293311 0.920786 0.316427
0 0.509958 0.638794 0.513964 0.619772 0.505165 0.613916 0.501159 0.632939
0 0.626135 0.764789 0.62866 0.740771 0.61394 0.735881 0.611416 0.759899
0 0.862092 0.763372 0.867177 0.726289 0.850844 0.71921 0.845759 0.756293
0 0.969793 0.532335 0.974515 0.506639 0.956014 0.495894 0.951292 0.521589
0 0.709144 0.678008 0.71142 0.662202 0.701908 0.657873 0.699632 0.673679
0 0.473743 0.753682 0.481501 0.726845 0.470421 0.716722 0.462663 0.743559
0 0.438097 0.794513 0.443361 0.770706 0.432763 0.763299 0.427499 0.787107
0 0.437037 0.676371 0.439088 0.649273 0.425057 0.645918 0.423007 0.673016
0 0.172232 0.857484 0.175395 0.827997 0.154191 0.820808 0.151028 0.850294
0 0.474648 0.875632 0.479605 0.8551 0.469142 0.847117 0.464185 0.86765
0 0.936358 0.555723 0.940268 0.53853 0.924585 0.527257 0.920675 0.54445
0 0.708865 0.741683 0.7113 0.726106 0.70097 0.721001 0.698534 0.736578
0 0.630804 0.802475 0.630774 0.783277 0.614075 0.783359 0.614105 0.802557
0 0.465693 0.894166 0.46983 0.870504 0.458495 0.864239 0.454357 0.887902
0 0.0227712 0.912106 0.0244524 0.883548 0.00643252 0.880195 0.00475126 0.908753
0 0.708749 0.70111 0.7102 0.684068 0.699778 0.681263 0.698327 0.698305
0 0.973064 0.530395 0.979272 0.510776 0.961762 0.493264 0.955554 0.512883
0 0.489146 0.670564 0.494817 0.648938 0.4851 0.640883 0.479428 0.66251
0 0.688932 0.701475 0.694158 0.683547 0.682045 0.672389 0.67682 0.690317
0 0.225458 0.888471 0.225779 0.855484 0.204633 0.854835 0.204313 0.887822
0 0.286161 0.911691 0.301552 0.879362 0.291441 0.86415 0.27605 0.896479
0 0.54115 0.985299 0.549363 0.955336 0.53707 0.944687 0.528857 0.974649
0 0.963424 0.554228 0.96379 0.530825 0.943536 0.529824 0.94317 0.553226
0 0.532663 0.563437 0.541571 0.529455 0.5241 0.514982 0.515193 0.548964
0 0.937022 0.304846 0.943381 0.279594 0.931306 0.269983 0.924946 0.295235
0 0.653104 0.804078 0.657729 0.782229 0.642713 0.772182 0.638087 0.794031
0 0.415458 0.760058 0.418442 0.734518 0.406405 0.730072 0.40342 0.755612
0 0.0848706 1.00645 0.0870807 0.966546 0.0500796 0.96007 0.0478695 0.999976
0 0.109641 0.947757 0.105316 0.903765 0.0696545 0.914845 0.0739792 0.958836
0 0.692043 0.510068 0.697632 0.487765 0.680695 0.474353 0.675107 0.496656
0 0.951424 0.461446 0.955981 0.437085 0.944519 0.430309 0.939962 0.45467
0 0.706779 0.654577 0.711805 0.640257 0.704359 0.631999 0.699333 0.646318
0 0.505827 0.879744 0.515406 0.859819 0.506982 0.847019 0.497403 0.866944
0 0.774759 0.753488 0.778479 0.732645 0.763547 0.724224 0.759828 0.745067
0 0.0905478 0.914731 0.0934153 0.885469 0.0682943 0.877689 0.0654269 0.906952
0 0.764555 0.680379 0.768306 0.660075 0.756672 0.65328 0.75292 0.673584
0 0.459936 0.785763 0.465252 0.765667 0.454011 0.75627 0.448696 0.776365
0 0.0852662 0.765225 0.0882024 0.736079 0.0660162 0.729015 0.0630801 0.758161
0 0.697657 0.573448 0.696936 0.543701 0.683411 0.544737 0.684132 0.574484
0 0.469461 0.95011 0.468977 0.905869 0.452689 0.906433 0.453173 0.950673
0 0.92223 0.452597 0.927349 0.433809 0.914526 0.422766 0.909407 0.441554
0 0.743583 0.820506 0.748085 0.794136 0.736472 0.787871 0.73197 0.814241
0 0.844668 0.704518 0.850537 0.675873 0.839765 0.668898 0.833896 0.697542
0 0.141291 0.130663 0.165967 0.114024 0.138563 -0.0144178 0.113887 0.00222127
0 0.478385 0.97218 0.480849 0.947534 0.467596 0.943346 0.465132 0.967993
0 0.863029 0.720628 0.864802 0.700717 0.849641 0.69645 0.847868 0.716361
0 0.560761 0.742673 0.564998 0.723693 0.553972 0.715912 0.549734 0.734893
0 0.464584 0.693535 0.465779 0.665608 0.452809 0.663855 0.451614 0.691782
0 0.597493 0.818622 0.60238 0.788371 0.590218 0.782161 0.585331 0.812412
0 0.510434 0.713763 0.518 0.694925 0.510335 0.685195 0.502769 0.704034
0 0.887482 0.499593 0.900598 0.461992 0.884644 0.444403 0.871528 0.482004
0 0.412807 0.704691 0.415652 0.686025 0.403484 0.680162 0.400638 0.698828
0 0.51812 0.728862 0.522091 0.706134 0.512032 0.70058 0.508061 0.723308
0 0.405786 0.680692 0.411662 0.662942 0.398574 0.649249 0.392698 0.667
0 0.857128 0.573152 0.858332 0.55081 0.843903 0.548352 0.842699 0.570694
0 0.337198 0.902723 0.340775 0.869149 0.326168 0.864232 0.322592 0.897806
0 0.534977 0.990337 0.540529 0.963203 0.529655 0.956171 0.524103 0.983305
0 0.445094 0.774857 0.447662 0.752286 0.436339 0.748214 0.433771 0.770786
0 0.485327 0.646178 0.490824 0.61759 0.479816 0.6109 0.474318 0.639487
0 0.931966 0.661759 0.936003 0.640116 0.92659 0.634567 0.922553 0.65621
0 0.744093 0.526365 0.753208 0.49999 0.74361 0.489506 0.734495 0.515882
0 0.768663 0.80485 0.770579 0.782153 0.758515 0.778936 0.756599 0.801632
0 0.573778 0.859733 0.579559 0.833907 0.565007 0.823612 0.559226 0.849438
0 0.480959 0.906979 0.485784 0.874656 0.474102 0.869145 0.469277 0.901468
0 0.761424 0.616885 0.764515 0.597984 0.75172 0.591371 0.748629 0.610271
0 0.248369 0.861646 0.247364 0.825294 0.197958 0.829611 0.198963 0.865963
0 0.787312 0.743952 0.79166 0.722729 0.779424 0.714806 0.775076 0.736029
0 0.874556 0.692913 0.879554 0.665902 0.867806 0.659032 0.862808 0.686043
0 0.750733 0.786943 0.753618 0.749922 0.732106 0.744625 0.729221 0.781646
0 0.383935 0.995614 0.39126 0.964661 0.381195 0.957133 0.37387 0.988086
0 0.528687 0.637964 0.533672 0.616237 0.524503 0.60959 0.519519 0.631317
0 0.42161 0.740602 0.424294 0.724534 0.414538 0.719383 0.411854 0.735451
0 0.504999 0.724412 0.510336 0.703865 0.501633 0.696721 0.496296 0.717268
0 0.750672 0.480003 0.753637 0.45237 0.741221 0.448159 0.738256 0.475791
0 0.364335 0.852642 0.380946 0.828961 0.373138 0.811652 0.356527 0.835333
0 0.755516 0.811635 0.760068 0.791784 0.74804 0.783066 0.743487 0.802917
0 1.00277 0.780909 1.00229 0.736497 0.981579 0.737206 0.98206 0.781617
0 0.750724 0.543548 0.753025 0.525228 0.74333 0.52138 0.741029 0.5397
0 0.837064 0.682454 0.836895 0.648571 0.82071 0.648827 0.82088 0.68271
0 0.498422 0.887525 0.503195 0.863784 0.492073 0.856718 0.4873 0.880458
0 0.530189 0.648924 0.533254 0.626707 0.522969 0.622222 0.519903 0.644439
0 0.0859087 0.924202 0.0850234 0.902017 0.0661402 0.904399 0.0670255 0.926584
0 0.863063 0.682664 0.866579 0.659886 0.853758 0.653631 0.850242 0.676409
0 0.487111 0.839583 0.49397 0.811277 0.483615 0.803347 0.476756 0.831653
0 0.997949 0.526306 1.00048 0.493239 0.982614 0.488918 0.980083 0.521984
0 0.102161 0.903803 0.108999 0.87215 0.0944484 0.862216 0.0876106 0.893869
0 0.614675 0.728148 0.620787 0.700751 0.602479 0.687842 0.596367 0.715238
0 0.867726 0.44361 0.869865 0.420947 0.857675 0.417312 0.855536 0.439975
0 1.0046 0.285904 1.00527 0.238018 0.985524 0.237144 0.984854 0.28503
0 0.845431 0.712694 0.847221 0.691464 0.835395 0.688312 0.833605 0.709542
0 0.587044 0.993895 0.590823 0.943041 0.572483 0.938733 0.568704 0.989587
0 0.496434 0.906243 0.500919 0.881297 0.488699 0.874353 0.484214 0.899299
0 0.339037 0.849532 0.34048 0.826053 0.325147 0.823076 0.323704 0.846555
0 1.00076 0.129898 1.00273 0.102595 0.988876 0.0994391 0.986908 0.126742
0 0.473508 0.674927 0.475823 0.656534 0.465079 0.652259 0.462764 0.670652
0 0.215167 0.299715 0.243741 0.270411 0.21494 0.181651 0.186366 0.210955
0 0.421862 0.720661 0.424253 0.704465 0.414301 0.699822 0.411911 0.716018
0 0.770662 0.654641 0.775859 0.633956 0.767917 0.627649 0.76272 0.648334
0 0.910525 0.477477 0.913775 0.457363 0.902656 0.451685 0.899406 0.471799
0 0.48902 0.883307 0.494994 0.847261 0.481801 0.84035 0.475827 0.876396
0 0.341164 0.982413 0.357495 0.952506 0.347023 0.934433 0.330691 0.96434
0 0.45853 0.839941 0.460133 0.816087 0.448816 0.813685 0.447213 0.837539
0 0.839233 0.56907 0.841022 0.546395 0.827644 0.543058 0.825855 0.565733
0 0.552731 0.996412 0.561183 0.96015 0.548582 0.950868 0.540131 0.98713
0 0.876491 0.504619 0.879056 0.486564 0.865047 0.480275 0.862482 0.49833
0 0.49888 0.987082 0.501912 0.958696 0.487742 0.953913 0.48471 0.982299
0 0.848367 0.671721 0.850771 0.64878 0.838403 0.644684 0.835999 0.667625
0 0.726594 0.655121 0.729851 0.63377 0.718749 0.628417 0.715492 0.649769
0 1.00364 0.197192 1.00361 0.157378 0.983462 0.157428 0.983494 0.197243
0 0.276179 0.913114 0.285039 0.870315 0.266114 0.857934 0.257255 0.900733
0 0.778954 0.646743 0.780468 0.627188 0.770058 0.624642 0.768545 0.644197
0 0.282916 1.00277 0.289947 0.979191 0.279117 0.968983 0.272087 0.992558
0 0.906227 0.523137 0.910022 0.496909 0.89827 0.491533 0.894474 0.517761
