0 0.992681 0.955812 1.00402 0.838157 0.791461 0.773399 0.780119 0.891053
0 0.177003 0.953697 0.206973 0.904499 0.189535 0.870928 0.159566 0.920126
0 0.447256 1.00327 0.453363 0.962879 0.433145 0.953218 0.427038 0.993613
0 0.474055 0.967244 0.476274 0.92158 0.450561 0.917632 0.448342 0.963296
0 0.0217579 0.870363 0.0295967 0.840835 0.00722194 0.822062 -0.000616804 0.85159
0 0.279676 0.902664 0.34399 0.84338 0.320625 0.763267 0.256311 0.822552
0 0.32433 0.72294 0.334117 0.694528 0.308827 0.666993 0.29904 0.695405
0 0.327517 0.77102 0.35409 0.742179 0.345148 0.716139 0.318575 0.744981
0 0.182939 0.895705 0.191825 0.869797 0.17846 0.855309 0.169574 0.881218
0 0.196258 0.853895 0.195408 0.828271 0.178061 0.830089 0.178911 0.855713
0 0.382327 0.986786 0.382574 0.939311 0.356541 0.938883 0.356294 0.986357
0 0.982535 0.565297 0.992074 0.549819 0.975826 0.518168 0.966287 0.533645
0 0.115523 0.784373 0.116327 0.758944 0.0977078 0.757083 0.0969038 0.782512
0 0.20975 0.848488 0.218861 0.822133 0.206556 0.80869 0.197446 0.835045
0 0.552464 0.860114 0.559324 0.827166 0.543111 0.816498 0.536251 0.849446
0 0.453258 0.857587 0.453081 0.832401 0.437027 0.832756 0.437203 0.857942
0 0.165761 0.848422 0.173035 0.825181 0.158294 0.8106 0.15102 0.833842
0 0.142824 0.917293 0.140157 0.871716 0.107187 0.877812 0.109854 0.92339
0 0.548088 0.803406 0.548717 0.774655 0.528752 0.773274 0.528123 0.802026
0 0.361474 0.820684 0.371977 0.774009 0.349143 0.75777 0.338641 0.804445
0 0.34852 0.788903 0.353381 0.757669 0.339811 0.750995 0.33495 0.782228
0 0.376921 0.903149 0.377127 0.846382 0.358138 0.846164 0.357932 0.90293
0 0.466686 0.814705 0.478306 0.792979 0.460838 0.763451 0.449218 0.785177
0 0.509167 0.891164 0.510836 0.852417 0.491022 0.84972 0.489354 0.888467
0 0.0400571 0.879462 0.0532268 0.83454 0.036038 0.818614 0.0228684 0.863535
0 0.160841 0.875471 0.177454 0.847019 0.166188 0.826227 0.149574 0.854679
0 0.539928 0.694794 0.540896 0.673446 0.527918 0.671585 0.526949 0.692933
0 0.21908 0.739311 0.22505 0.704235 0.195506 0.68834 0.189535 0.723416
0 0.16328 0.561884 0.164214 0.539669 0.151089 0.537925 0.150155 0.56014
0 0.450798 0.915114 0.458855 0.883881 0.446235 0.873591 0.438177 0.904824
0 0.975147 0.589196 0.977127 0.561609 0.961676 0.558104 0.959696 0.585691
0 0.168023 0.88873 0.183094 0.860923 0.173504 0.844495 0.158433 0.872302
0 0.213811 0.867278 0.220292 0.841019 0.207539 0.831069 0.201057 0.857329
0 0.556866 0.684077 0.567254 0.667516 0.554936 0.643097 0.544548 0.659659
0 0.536648 0.679886 0.538254 0.654473 0.522755 0.651378 0.521149 0.676791
0 0.0805196 0.33802 0.0985227 0.323245 0.0865546 0.277155 0.0685515 0.29193
0 0.0707505 0.925961 0.0716727 0.893592 0.0502465 0.891663 0.0493243 0.924031
0 0.213491 0.810296 0.221399 0.784419 0.209256 0.77269 0.201348 0.798567
0 0.550641 0.704098 0.5538 0.678322 0.540238 0.673069 0.537079 0.698845
0 0.466677 0.835795 0.463735 0.79635 0.440935 0.801726 0.443878 0.84117
0 0.186661 0.761427 0.188019 0.737597 0.174219 0.73511 0.172861 0.75894
0 0.477966 0.951804 0.494855 0.929039 0.476841 0.8868 0.459952 0.909564
0 0.457963 1.00764 0.472418 0.976012 0.459483 0.957332 0.445028 0.988964
0 0.169654 0.934265 0.177172 0.889487 0.160109 0.880432 0.152591 0.92521
0 0.546277 0.765842 0.550066 0.740741 0.538554 0.735248 0.534765 0.760349
0 0.636065 0.755373 0.651909 0.726282 0.640419 0.706504 0.624575 0.735595
0 0.51138 0.784808 0.512694 0.761091 0.500267 0.758915 0.498953 0.782633
0 0.516935 0.749086 0.518595 0.726115 0.504028 0.722789 0.502368 0.745759
0 0.0503404 0.827241 0.0757788 0.795814 0.0679646 0.775823 0.0425262 0.807251
0 0.476324 0.903953 0.480353 0.872121 0.462434 0.864954 0.458405 0.896786
0 0.653255 0.693706 0.652405 0.671065 0.636322 0.672972 0.637172 0.695613
0 0.134252 0.83195 0.140758 0.812336 0.125142 0.795966 0.118636 0.81558
0 0.278301 0.822107 0.294193 0.786987 0.281421 0.768721 0.265528 0.80384
0 0.0545361 0.659135 0.0668723 0.636654 0.0591386 0.623242 0.0468025 0.645723
0 0.140945 0.972869 0.149317 0.94196 0.134969 0.929677 0.126597 0.960586
0 0.296665 0.659134 0.299862 0.629612 0.270327 0.619504 0.26713 0.649026
0 0.489322 0.895505 0.492401 0.869472 0.478195 0.864162 0.475116 0.890195
0 0.472021 0.863655 0.500589 0.847296 0.494878 0.815775 0.46631 0.832133
0 0.152407 0.901137 0.155226 0.878097 0.143502 0.873564 0.140683 0.896604
0 0.398027 0.8793 0.406837 0.861578 0.392145 0.838497 0.383336 0.856218
0 0.972152 0.563564 0.974698 0.537984 0.957741 0.532649 0.955195 0.558229
0 0.459329 0.884918 0.463594 0.851906 0.44659 0.844963 0.442325 0.877974
0 0.250357 0.847669 0.250883 0.821356 0.234371 0.820313 0.233845 0.846626
0 0.111749 0.629741 0.121692 0.607174 0.112113 0.593836 0.10217 0.616404
0 0.14291 0.88654 0.151857 0.862517 0.141888 0.850783 0.132941 0.874806
0 0.18972 0.831609 0.192232 0.807158 0.178936 0.80284 0.176424 0.827292
0 0.860484 0.576521 0.870923 0.558348 0.854206 0.527998 0.843767 0.546171
0 0.582516 0.842484 0.584336 0.808526 0.565246 0.805292 0.563425 0.83925
0 0.253699 0.87373 0.253327 0.849519 0.234192 0.850446 0.234563 0.874658
0 0.14537 0.960066 0.150886 0.93098 0.136701 0.922478 0.131185 0.951565
0 0.412914 0.546045 0.413945 0.506067 0.392166 0.504291 0.391134 0.544269
0 0.51709 0.771669 0.520269 0.750218 0.505715 0.743402 0.502537 0.764854
0 0.959422 0.528619 0.964486 0.498797 0.95115 0.49164 0.946086 0.521462
0 0.520798 0.85912 0.524916 0.816887 0.505333 0.810852 0.501215 0.853086
0 0.565987 0.827133 0.566151 0.802749 0.54912 0.802386 0.548956 0.826771
0 1.00541 0.25591 1.00561 0.208096 0.980476 0.207757 0.980272 0.255571
0 0.0858497 0.637775 0.086744 0.617416 0.075263 0.615822 0.0743687 0.636181
0 0.578173 0.882942 0.589025 0.856036 0.579625 0.844053 0.568773 0.870959
0 0.129475 0.998573 0.142032 0.966481 0.132689 0.954927 0.120132 0.987019
0 0.368768 0.660442 0.370307 0.63538 0.353778 0.632173 0.352239 0.657235
0 0.498678 0.837517 0.509361 0.817421 0.495861 0.794739 0.485178 0.814836
0 0.050522 0.784834 0.0542534 0.758791 0.040016 0.752344 0.0362846 0.778387
0 0.132016 0.661419 0.137924 0.637427 0.122036 0.625063 0.116129 0.649056
0 0.38322 0.649654 0.386106 0.618184 0.368635 0.61312 0.365749 0.64459
0 0.603014 0.74403 0.605616 0.720785 0.59258 0.716173 0.589978 0.739417
0 0.131372 0.881833 0.14155 0.854132 0.131279 0.842206 0.121102 0.869907
0 0.117611 0.762155 0.118455 0.739014 0.103788 0.737323 0.102944 0.760464
0 0.0172524 1.00238 0.041085 0.984278 0.0348907 0.958507 0.0110581 0.976611
0 0.525155 0.809222 0.527148 0.782799 0.514713 0.779834 0.51272 0.806258
0 0.125412 0.867368 0.133546 0.839916 0.121588 0.828719 0.113454 0.856171
0 0.335273 0.871849 0.337664 0.851094 0.324375 0.846256 0.321984 0.867011
0 0.470146 0.756456 0.471223 0.736847 0.460407 0.734969 0.459329 0.754578
0 0.237882 0.939032 0.247709 0.90349 0.224918 0.883575 0.215091 0.919117
0 0.152531 0.590463 0.154526 0.569964 0.142608 0.566299 0.140613 0.586797
0 0.534912 0.714609 0.538988 0.692436 0.525135 0.684387 0.521058 0.706561
0 0.203618 0.827601 0.209385 0.787029 0.190723 0.778644 0.184956 0.819216
0 0.149276 0.650042 0.15196 0.623277 0.137905 0.618823 0.135221 0.645587
0 0.433031 0.884482 0.439019 0.860897 0.424322 0.849105 0.418334 0.872689
0 0.0384996 0.893771 0.0402288 0.872526 0.0238535 0.868314 0.0221243 0.889559
0 0.0517869 0.886132 0.0549404 0.862173 0.0410973 0.856415 0.0379438 0.880373
0 0.160045 0.80991 0.165497 0.789501 0.154401 0.780132 0.148949 0.800541
0 0.575229 0.813546 0.578492 0.793039 0.565553 0.786532 0.562289 0.807039
0 0.075431 0.784593 0.0792672 0.762388 0.0672707 0.755838 0.0634344 0.778043
0 0.114802 0.107461 0.126423 0.0922916 0.10293 0.0354096 0.0913092 0.0505786
0 0.0153393 0.891825 0.0184801 0.860078 0.00428121 0.855639 0.00114035 0.887385
0 0.157133 0.896784 0.161176 0.870768 0.148729 0.864654 0.144686 0.89067
0 0.501707 0.785146 0.501847 0.751359 0.485524 0.751146 0.485384 0.784932
0 0.114851 0.877056 0.119003 0.855316 0.103201 0.845778 0.0990493 0.867517
0 0.638718 0.714631 0.640675 0.693767 0.626782 0.689648 0.624825 0.710513
0 0.0363582 0.0854558 0.0376497 -0.0132656 -0.012058 -0.0153209 -0.0133496 0.0834005
0 0.0162727 0.914415 0.0253296 0.8861 0.0144674 0.875119 0.0054104 0.903434
0 0.168754 0.669337 0.171415 0.653034 0.161082 0.647704 0.158421 0.664007
0 0.214398 0.632876 0.215739 0.611755 0.205269 0.609653 0.203928 0.630775
0 0.538471 0.916967 0.543286 0.894626 0.52827 0.884397 0.523454 0.906738
0 0.527163 0.705217 0.530658 0.685001 0.517378 0.677744 0.513882 0.69796
0 0.0945083 0.786103 0.0967437 0.76612 0.0862304 0.762403 0.083995 0.782386
0 0.17807 0.309312 0.212293 0.26323 0.174322 0.174105 0.140099 0.220187
0 0.576475 0.861439 0.580167 0.839758 0.567397 0.832885 0.563705 0.854566
0 0.164197 0.717693 0.176508 0.69966 0.169715 0.685 0.157403 0.703033
0 0.0260562 0.846724 0.0387828 0.820094 0.0286492 0.804788 0.0159225 0.831418
0 0.676718 0.816297 0.680625 0.789903 0.664888 0.78254 0.660981 0.808933
0 0.268134 0.867939 0.276546 0.82201 0.257406 0.81093 0.248994 0.856859
0 0.805987 0.606199 0.812901 0.557492 0.779666 0.54258 0.772751 0.591287
0 0.598748 0.7862 0.602871 0.763858 0.590866 0.756856 0.586743 0.779198
0 0.550129 0.684559 0.553173 0.667258 0.540364 0.660138 0.537321 0.677438
0 0.484205 0.878439 0.494924 0.85282 0.483577 0.837814 0.472858 0.863433
0 0.511179 0.685098 0.515446 0.662306 0.505386 0.656354 0.501119 0.679145
0 0.959416 0.363538 0.969346 0.276079 0.935797 0.264039 0.925866 0.351498
0 0.412618 0.897956 0.425058 0.873254 0.415171 0.857519 0.402732 0.882221
0 0.42404 0.907578 0.431355 0.881861 0.420843 0.872411 0.413527 0.898128
0 0.234603 0.860937 0.240088 0.839999 0.221566 0.824665 0.216082 0.845604
0 0.158107 0.661838 0.159936 0.641981 0.149697 0.639001 0.147868 0.658858
0 0.0397406 0.808945 0.0495451 0.790013 0.0401862 0.774695 0.0303817 0.793627
0 0.152457 0.629038 0.154969 0.611249 0.141894 0.605413 0.139382 0.623203
0 0.522383 0.784721 0.52464 0.765703 0.513117 0.761381 0.51086 0.780399
0 0.565465 0.859441 0.568299 0.833137 0.555518 0.828784 0.552683 0.855088
0 0.160713 0.952358 0.164426 0.931934 0.153367 0.925581 0.149655 0.946005
0 0.962564 0.604012 0.964992 0.581674 0.949593 0.576386 0.947166 0.598724
0 0.466725 1.00878 0.476549 0.973738 0.460039 0.959112 0.450216 0.994157
0 0.166047 0.786742 0.167078 0.76888 0.154118 0.766514 0.153087 0.784376
0 0.622686 0.775636 0.627612 0.753532 0.618054 0.746799 0.613127 0.768903
0 0.0507086 0.988592 0.0540817 0.964249 0.0386632 0.957497 0.0352901 0.98184
0 0.0642518 0.744669 0.0651245 0.722314 0.0487306 0.720291 0.0478579 0.742647
0 0.059289 0.79241 0.0656849 0.771528 0.0562254 0.762371 0.0498295 0.783253
0 0.398971 0.689535 0.399572 0.641628 0.373496 0.640595 0.372896 0.688502
0 0.472014 0.838548 0.475899 0.815287 0.464787 0.809422 0.460902 0.832683
0 0.27591 0.798532 0.282013 0.763016 0.265203 0.753886 0.2591 0.789402
0 0.32895 0.790069 0.33209 0.770499 0.316245 0.762464 0.313105 0.782034
0 0.133232 0.592207 0.134941 0.572344 0.124125 0.569402 0.122416 0.589265
0 0.518111 0.710738 0.522491 0.694125 0.511369 0.684858 0.506989 0.70147
0 0.863387 0.662042 0.877441 0.645033 0.86274 0.606643 0.848686 0.623652
0 0.780031 0.526377 0.799303 0.500517 0.789957 0.478507 0.770686 0.504367
0 0.0629084 0.840519 0.0832609 0.820735 0.0764889 0.798717 0.0561364 0.818501
0 0.24705 0.902113 0.25299 0.874865 0.227548 0.857337 0.221609 0.884585
0 0.374751 0.527177 0.388894 0.46945 0.362113 0.448713 0.34797 0.506439
0 0.110129 0.636165 0.118965 0.609989 0.108433 0.598752 0.0995967 0.624929
0 0.162926 0.986401 0.186272 0.965072 0.179335 0.941072 0.155988 0.962401
0 0.483892 0.829391 0.491102 0.806474 0.481434 0.79686 0.474224 0.819777
0 0.125241 0.895964 0.125934 0.871734 0.107455 0.870062 0.106761 0.894292
0 0.0475282 0.978274 0.0662179 0.954358 0.0562967 0.929855 0.0376069 0.953771
0 0.253648 0.672763 0.255187 0.647946 0.242314 0.645424 0.240775 0.67024
0 0.536048 0.750122 0.53962 0.730389 0.530387 0.725107 0.526815 0.744841
0 0.00842458 0.970509 0.0137843 0.941275 0.00319077 0.935137 -0.00216892 0.96437
0 0.109993 0.604824 0.113532 0.585776 0.104322 0.580367 0.100783 0.599415
0 0.093144 0.0823674 0.105155 0.0660694 0.0802315 0.00801936 0.0682206 0.0243174
0 0.869847 0.779545 0.874627 0.75436 0.864673 0.748389 0.859893 0.773574
0 0.933121 0.522931 0.940644 0.504264 0.928474 0.488763 0.920951 0.50743
0 0.539731 0.849166 0.541956 0.805441 0.522531 0.802317 0.520306 0.846042
0 0.5731 0.694936 0.576836 0.667869 0.564311 0.662406 0.560575 0.689473
0 0.465346 0.850535 0.465972 0.828883 0.45167 0.827576 0.451044 0.849227
0 0.466324 0.868927 0.479299 0.847493 0.469919 0.829547 0.456944 0.850981
0 0.720367 0.794618 0.72902 0.771835 0.719579 0.760503 0.710926 0.783286
0 0.0293927 0.93922 0.0524225 0.910379 0.0420536 0.884211 0.0190238 0.913052
0 0.70877 0.713402 0.72102 0.697222 0.715439 0.683869 0.703189 0.700049
0 0.596434 0.764528 0.599422 0.74613 0.589793 0.741189 0.586806 0.759586
0 0.20242 0.0965135 0.22061 0.0812833 0.198851 -0.000848226 0.180661 0.014382
0 0.870061 0.732151 0.876791 0.707422 0.86762 0.699534 0.86089 0.724264
0 0.165088 0.623139 0.169684 0.603434 0.159338 0.595808 0.154742 0.615513
0 0.529781 0.736982 0.531234 0.716065 0.518872 0.713352 0.517419 0.73427
0 0.587663 0.769208 0.589311 0.741654 0.574949 0.738938 0.573301 0.766493
0 0.225974 0.635394 0.22822 0.615248 0.215084 0.610619 0.212838 0.630765
0 0.94647 0.530265 0.95325 0.49822 0.939739 0.489184 0.932958 0.52123
0 0.126941 0.771859 0.128854 0.752524 0.117522 0.748981 0.11561 0.768315
0 0.522291 0.662837 0.524579 0.640843 0.511835 0.636654 0.509547 0.658648
0 0.391046 0.853804 0.393066 0.8063 0.364501 0.80246 0.362481 0.849965
0 0.139947 0.635334 0.142906 0.616803 0.130523 0.610553 0.127564 0.629084
0 0.861223 0.775838 0.863277 0.743905 0.846091 0.740412 0.844037 0.772345
0 0.591576 0.804012 0.590902 0.773889 0.578772 0.774746 0.579446 0.804869
0 0.294028 0.759184 0.292903 0.720175 0.267423 0.722497 0.268548 0.761506
0 0.359211 0.976834 0.36244 0.914584 0.330521 0.90935 0.327292 0.9716
0 0.196724 0.59714 0.200253 0.572667 0.1859 0.566126 0.182371 0.590599
0 0.0110455 0.56622 0.011853 0.536135 -0.00120296 0.535028 -0.00201039 0.565112
0 0.152635 0.607731 0.153506 0.589539 0.140903 0.58763 0.140031 0.605822
0 0.668826 0.83986 0.672698 0.810964 0.656125 0.803945 0.652253 0.832841
0 0.378646 0.934006 0.393812 0.911574 0.386314 0.895551 0.371147 0.917982
0 0.545206 0.81661 0.545498 0.784278 0.524959 0.783693 0.524668 0.816026
0 0.874539 0.677144 0.877631 0.661773 0.864789 0.653607 0.861697 0.668978
0 0.546153 0.752613 0.550236 0.733926 0.540551 0.727239 0.536469 0.745926
0 0.0572523 0.859672 0.0604539 0.837973 0.0489852 0.832625 0.0457836 0.854324
0 0.0764285 0.347487 0.0831589 0.246695 0.0271483 0.234875 0.0204179 0.335667
0 0.650053 0.680114 0.653898 0.661848 0.642789 0.654457 0.638944 0.672723
0 0.998728 0.534754 1.00187 0.508511 0.986672 0.502767 0.983533 0.529011
