0 0.0649272 0.945173 0.082535 0.899023 0.0612041 0.873302 0.0435963 0.919452
0 0.422521 0.686399 0.424624 0.657973 0.407171 0.653894 0.405068 0.68232
0 0.418527 0.94804 0.441332 0.895301 0.403555 0.843674 0.38075 0.896413
0 0.136998 1.00458 0.137017 0.968608 0.113408 0.968569 0.11339 1.00454
0 0.0548469 1.00284 0.106888 0.961269 0.0923299 0.903669 0.0402884 0.945241
0 0.322224 0.690091 0.335032 0.659929 0.316129 0.634562 0.303322 0.664724
0 0.117523 0.987303 0.128248 0.95511 0.113872 0.939973 0.103147 0.972167
0 0.191653 0.602448 0.196752 0.576382 0.179906 0.565968 0.174808 0.592034
0 0.447683 0.903076 0.455559 0.858269 0.435414 0.847078 0.427538 0.891885
0 0.548877 0.918429 0.551056 0.893812 0.536362 0.889701 0.534183 0.914317
0 0.14859 0.8751 0.150994 0.827534 0.125918 0.823529 0.123514 0.871095
0 0.350493 0.758457 0.343522 0.705088 0.308623 0.719495 0.315595 0.772865
0 0.450401 0.762542 0.450977 0.737814 0.425494 0.735939 0.424918 0.760667
0 0.174393 0.633403 0.174937 0.610733 0.155503 0.609259 0.154959 0.631929
0 0.353736 0.642732 0.356368 0.62062 0.335498 0.612767 0.332866 0.634879
0 0.499906 0.872259 0.502453 0.850447 0.490023 0.845858 0.487475 0.86767
0 0.188101 0.654323 0.190301 0.626863 0.170546 0.621862 0.168346 0.649321
0 0.402136 0.525951 0.410081 0.495671 0.395658 0.483711 0.387713 0.51399
0 0.218727 0.843258 0.224763 0.770605 0.182486 0.759505 0.176451 0.832157
0 0.525943 0.855832 0.527689 0.819572 0.506919 0.816411 0.505173 0.852671
0 0.463187 0.855053 0.458447 0.810959 0.428886 0.821002 0.433625 0.865095
0 0.534457 0.615203 0.536847 0.596827 0.523664 0.591407 0.521273 0.609783
0 0.59863 0.935717 0.601865 0.904666 0.58594 0.899422 0.582705 0.930473
0 0.510378 0.627163 0.513522 0.609428 0.499757 0.601718 0.496614 0.619453
0 0.378222 0.757255 0.373958 0.70164 0.340968 0.709632 0.345231 0.765248
0 0.275982 0.914064 0.290032 0.890022 0.279797 0.871119 0.265747 0.895161
0 0.40964 0.73318 0.416777 0.702749 0.405463 0.694362 0.398326 0.724794
0 0.316812 0.810691 0.322002 0.696993 0.25901 0.687907 0.253821 0.801605
0 0.495231 0.592269 0.49743 0.570842 0.485101 0.566842 0.482901 0.588269
0 0.346129 0.865348 0.346099 0.826695 0.32268 0.826751 0.32271 0.865405
0 0.144414 1.00531 0.157255 0.977417 0.146002 0.961045 0.133162 0.988937
0 0.270802 0.94004 0.281077 0.911756 0.270299 0.899382 0.260024 0.927665
0 0.432675 0.814493 0.435971 0.792207 0.421052 0.785236 0.417757 0.807522
0 0.447582 0.694358 0.449598 0.673991 0.436522 0.6699 0.434506 0.690267
0 0.477037 0.68535 0.479467 0.662988 0.466692 0.658601 0.464262 0.680964
0 0.521992 0.95932 0.530807 0.905224 0.501054 0.889901 0.492239 0.943997
0 0.179496 0.614794 0.182051 0.58836 0.167051 0.583778 0.164496 0.610211
0 0.268554 0.896433 0.279446 0.867181 0.266 0.851357 0.255108 0.880609
0 0.146094 0.902084 0.159867 0.876168 0.149257 0.858347 0.135484 0.884263
0 0.431801 0.743557 0.453359 0.717724 0.444554 0.694502 0.422996 0.720335
0 0.281881 0.699598 0.28324 0.666548 0.262776 0.663888 0.261416 0.696938
0 0.242733 0.906478 0.249842 0.862408 0.219151 0.846762 0.212042 0.890832
0 0.506562 0.685943 0.515608 0.663392 0.499829 0.643387 0.490783 0.665938
0 0.350168 0.683177 0.355732 0.657748 0.344394 0.649908 0.33883 0.675337
0 0.48086 0.786727 0.479976 0.734158 0.454005 0.735538 0.454889 0.788108
0 0.161193 0.706867 0.16143 0.680879 0.135971 0.680143 0.135733 0.706131
0 0.129896 0.956172 0.13362 0.9308 0.117437 0.923293 0.113713 0.948664
0 0.420571 0.617143 0.424912 0.595321 0.414794 0.58896 0.410453 0.610781
0 0.983705 1.06932 1.02415 0.843892 0.816416 0.726089 0.775967 0.951521
0 0.437682 0.801262 0.445916 0.780462 0.434925 0.76671 0.426691 0.78751
0 0.528831 0.701403 0.529724 0.680117 0.5165 0.678364 0.515607 0.69965
0 0.320675 0.64936 0.327476 0.624047 0.314164 0.612742 0.307363 0.638055
0 0.0311923 0.936897 0.0227729 0.879525 -0.00477354 0.892301 0.0036459 0.949674
0 0.361863 0.567557 0.369421 0.527295 0.354067 0.518186 0.34651 0.558449
0 0.614308 0.896359 0.620166 0.875098 0.608485 0.864925 0.602627 0.886186
0 0.15801 0.935405 0.165942 0.906629 0.153598 0.895876 0.145666 0.924651
0 0.263648 0.874122 0.26698 0.841721 0.24814 0.835597 0.244808 0.867999
0 0.466298 0.739643 0.465482 0.714697 0.446897 0.716619 0.447713 0.741565
0 0.516816 1.02356 0.546796 0.975061 0.526466 0.935346 0.496486 0.983849
0 0.486311 0.865828 0.493335 0.839459 0.481907 0.829839 0.474884 0.856209
0 0.0970343 1.00489 0.11104 0.974254 0.100194 0.958581 0.0861884 0.989212
0 0.153028 0.788592 0.172346 0.769423 0.166342 0.750299 0.147024 0.769469
0 0.333509 0.810852 0.33503 0.789294 0.317513 0.785387 0.315991 0.806945
0 0.65983 0.753256 0.663351 0.732263 0.649046 0.724682 0.645525 0.745675
0 0.486653 0.719133 0.509425 0.695057 0.501231 0.670563 0.478459 0.694639
0 0.504081 0.916164 0.518652 0.875121 0.501892 0.856317 0.487322 0.89736
0 0.162142 0.611975 0.16613 0.5912 0.152124 0.582702 0.148136 0.603477
0 0.475937 0.905879 0.476491 0.857389 0.461317 0.856842 0.460763 0.905331
0 0.43528 0.678575 0.438068 0.660332 0.428317 0.655621 0.425529 0.673865
0 0.339682 0.936034 0.340849 0.913163 0.324422 0.910514 0.323255 0.933385
0 0.0314439 0.962637 0.0578839 0.924823 0.0437264 0.893537 0.0172864 0.93135
0 0.395645 0.872651 0.420004 0.847477 0.41044 0.818226 0.38608 0.8434
0 0.186778 0.973905 0.193153 0.940476 0.181875 0.933679 0.1755 0.967108
0 0.483471 0.819555 0.485178 0.791886 0.47166 0.78925 0.469953 0.816919
0 0.55028 0.876937 0.556748 0.850175 0.543588 0.840123 0.53712 0.866885
0 0.522731 0.720315 0.523296 0.694772 0.504776 0.693476 0.504211 0.71902
0 0.385497 0.709155 0.387114 0.687603 0.373628 0.684404 0.37201 0.705957
0 0.231324 0.528822 0.235159 0.490608 0.215129 0.484256 0.211295 0.52247
0 0.394833 0.497523 0.397456 0.474735 0.386474 0.47074 0.383852 0.493529
0 0.445452 0.815329 0.446911 0.793084 0.433494 0.790304 0.432036 0.812549
0 0.421562 0.727855 0.428052 0.702642 0.417918 0.694397 0.411428 0.71961
0 0.621287 0.63764 0.617778 0.510489 0.545845 0.516763 0.549354 0.643914
0 0.706184 0.744683 0.708297 0.70298 0.687389 0.699632 0.685276 0.741335
0 0.187313 0.551102 0.193313 0.529427 0.183253 0.520627 0.177253 0.542302
0 0.495338 0.84168 0.498483 0.814759 0.48527 0.80988 0.482124 0.836801
0 0.550384 0.843547 0.544863 0.801964 0.526763 0.809559 0.532285 0.851143
0 0.552992 0.697606 0.556282 0.678064 0.54235 0.670651 0.53906 0.690194
0 0.0443891 0.91123 0.0560324 0.887898 0.0469185 0.873524 0.0352751 0.896856
0 0.326271 0.513393 0.3272 0.481454 0.310996 0.479965 0.310067 0.511904
0 0.512271 0.592012 0.515086 0.574341 0.505751 0.56964 0.502935 0.587311
0 0.54467 0.952384 0.546487 0.921332 0.530702 0.918412 0.528885 0.949465
0 0.367225 0.620319 0.368309 0.599149 0.351671 0.596458 0.350588 0.617628
0 0.106689 0.970146 0.119623 0.937046 0.107991 0.92268 0.0950564 0.95578
0 0.519009 0.74732 0.522649 0.718282 0.509477 0.713064 0.505838 0.742103
0 0.153438 0.976505 0.156827 0.94422 0.140559 0.938823 0.13717 0.971108
0 0.49034 0.892793 0.492708 0.86155 0.477336 0.857867 0.474967 0.889111
0 0.663455 0.71596 0.664427 0.699026 0.652721 0.696902 0.651749 0.713836
0 0.111998 0.944058 0.124683 0.919839 0.114487 0.902962 0.101803 0.927181
0 0.205661 0.886086 0.214066 0.865775 0.205265 0.854264 0.19686 0.874574
0 0.162644 0.967582 0.166263 0.930974 0.144525 0.924182 0.140906 0.96079
0 0.791229 0.72632 0.789139 0.671702 0.756379 0.675663 0.758468 0.730281
0 0.375791 0.522394 0.376998 0.503237 0.362543 0.50036 0.361337 0.519517
0 0.342902 0.90433 0.367618 0.861439 0.352201 0.833361 0.327485 0.876252
0 0.537902 0.721779 0.548801 0.696557 0.536999 0.680439 0.5261 0.705661
0 0.540638 0.808003 0.545037 0.787938 0.533249 0.779772 0.528851 0.799837
0 0.471379 0.806656 0.472945 0.786162 0.461411 0.783376 0.459845 0.80387
0 0.460459 0.708611 0.4621 0.688097 0.449609 0.684939 0.447968 0.705453
0 0.0896228 0.354384 0.106497 0.333536 0.0901441 0.291703 0.0732698 0.31255
0 0.508568 0.827248 0.510725 0.799919 0.496732 0.79643 0.494576 0.823759
0 0.431683 0.847337 0.433178 0.81155 0.416516 0.80935 0.415021 0.845137
0 0.483326 0.657036 0.488317 0.637735 0.478994 0.630116 0.474003 0.649417
0 0.370434 0.599623 0.37186 0.573612 0.349102 0.56967 0.347676 0.59568
0 0.201143 0.559858 0.203481 0.536123 0.191221 0.532305 0.188882 0.55604
0 0.204677 0.686128 0.216876 0.669416 0.202983 0.637363 0.190784 0.654076
0 0.233765 0.979036 0.24752 0.957534 0.239264 0.940843 0.225509 0.962345
0 0.214303 0.623928 0.217277 0.607477 0.207082 0.601652 0.204108 0.618102
0 0.358125 0.822411 0.380204 0.803128 0.373703 0.7796 0.351623 0.798883
0 0.45791 0.817401 0.459695 0.792423 0.445811 0.789285 0.444025 0.814263
0 0.257662 0.904433 0.260296 0.872681 0.248444 0.869574 0.245811 0.901326
0 0.249924 0.917029 0.249317 0.892812 0.229553 0.894379 0.230161 0.918597
0 0.2714 0.914302 0.285414 0.889678 0.275556 0.871948 0.261543 0.896572
0 0.15679 0.763608 0.162259 0.74283 0.150167 0.732774 0.144699 0.753552
0 0.197719 0.634125 0.199508 0.611843 0.186578 0.608562 0.184789 0.630843
0 0.166455 0.902376 0.172612 0.879901 0.161707 0.87046 0.155551 0.892935
0 0.415806 0.834595 0.417835 0.80157 0.392039 0.796561 0.39001 0.829586
0 0.17503 0.700182 0.182254 0.626965 0.125999 0.609425 0.118776 0.682642
0 0.564746 0.802155 0.565397 0.780851 0.554481 0.779798 0.55383 0.801101
0 0.497573 0.815175 0.497369 0.795448 0.485227 0.795844 0.485431 0.815571
0 0.435967 0.655047 0.438645 0.637101 0.429275 0.632683 0.426597 0.650629
0 0.180785 0.877017 0.192089 0.845475 0.181464 0.83344 0.17016 0.864983
0 0.532619 0.907999 0.542062 0.883351 0.532336 0.871575 0.522893 0.896222
0 0.0741576 1.0146 0.0849867 0.988864 0.0713873 0.970776 0.0605581 0.996508
0 0.64313 0.852154 0.650733 0.835975 0.638027 0.817104 0.630424 0.833282
0 0.469361 0.842458 0.473036 0.816642 0.461533 0.811467 0.457858 0.837282
0 0.1639 0.804707 0.18064 0.781995 0.172796 0.763723 0.156056 0.786435
0 0.476133 0.641621 0.486278 0.619885 0.477101 0.606348 0.466956 0.628083
0 0.547995 0.993108 0.557146 0.971779 0.541404 0.950433 0.532253 0.971762
0 0.32419 0.73972 0.325985 0.68505 0.285464 0.680845 0.283668 0.735514
0 0.188487 0.675925 0.19587 0.662847 0.186136 0.645477 0.178752 0.658555
0 0.458907 0.796141 0.460597 0.774758 0.44872 0.771792 0.44703 0.793175
0 0.504727 0.740615 0.506228 0.711728 0.484457 0.708154 0.482956 0.737041
0 0.570268 1.00418 0.573273 0.972098 0.558615 0.96776 0.55561 0.999844
0 0.521554 0.906082 0.533733 0.873964 0.523609 0.86183 0.51143 0.893948
0 0.466676 0.886969 0.470793 0.853935 0.456482 0.848299 0.452366 0.881333
0 0.342981 0.827432 0.357553 0.796226 0.346186 0.779449 0.331614 0.810655
0 0.164882 0.74023 0.168411 0.717193 0.154215 0.710321 0.150686 0.733358
0 0.242894 0.499901 0.246045 0.478291 0.234054 0.472765 0.230903 0.494375
0 0.38266 0.50393 0.383473 0.482422 0.370021 0.480815 0.369208 0.502323
0 0.159404 0.985595 0.174816 0.969162 0.167524 0.94755 0.152112 0.963983
0 0.472623 0.858634 0.479369 0.83671 0.470555 0.82814 0.46381 0.850064
0 0.160843 0.583745 0.16273 0.56402 0.151963 0.560764 0.150076 0.580489
0 0.585697 0.908019 0.590872 0.886874 0.579485 0.878068 0.57431 0.899212
0 0.15299 1.0103 0.180478 0.992232 0.174164 0.961868 0.146676 0.979932
0 0.785005 0.588704 0.783476 0.548143 0.755136 0.551521 0.756666 0.592082
0 0.0895049 0.913206 0.113486 0.880028 0.105221 0.861148 0.0812399 0.894326
0 0.145341 0.614308 0.147774 0.595028 0.135879 0.590284 0.133446 0.609564
0 0.515858 0.653689 0.518248 0.633242 0.506345 0.628845 0.503955 0.649292
0 0.344935 0.573774 0.346952 0.55215 0.332888 0.548004 0.330871 0.569628
0 0.344749 0.660911 0.34844 0.639447 0.337704 0.633611 0.334012 0.655075
0 0.172567 0.860955 0.188072 0.832531 0.178658 0.816301 0.163153 0.844725
0 0.315606 0.696255 0.319404 0.665972 0.297457 0.657272 0.293658 0.687555
0 0.335502 0.653145 0.336987 0.634625 0.326019 0.631847 0.324534 0.650367
0 0.368309 0.522777 0.368526 0.502585 0.351835 0.502017 0.351618 0.522209
0 0.407811 0.543087 0.409679 0.527351 0.401145 0.524149 0.399277 0.539885
0 0.368555 0.633216 0.369181 0.61402 0.354895 0.612547 0.354268 0.631744
0 0.167646 0.489746 0.196365 0.464101 0.187852 0.43397 0.159132 0.459616
0 0.511937 0.803589 0.511507 0.781735 0.493802 0.782836 0.494232 0.804689
0 0.463969 0.672912 0.465104 0.654678 0.455483 0.652785 0.454348 0.671018
0 0.342686 0.703974 0.348813 0.684545 0.334472 0.670251 0.328345 0.689681
0 0.00622419 0.895876 0.0206972 0.870934 0.0112149 0.853544 -0.00325806 0.878487
0 0.141432 0.9767 0.145696 0.947474 0.130438 0.940439 0.126174 0.969665
0 0.390372 0.534547 0.390779 0.515533 0.376245 0.514549 0.375838 0.533564
0 0.098445 0.905032 0.118663 0.880575 0.11062 0.859561 0.090402 0.884017
0 0.101242 0.932236 0.114848 0.905206 0.104194 0.888256 0.0905878 0.915287
0 0.232667 0.583056 0.237946 0.568718 0.226034 0.554859 0.220756 0.569197
0 0.126806 0.898008 0.13163 0.869108 0.116379 0.861063 0.111556 0.889964
0 0.185432 0.627535 0.187123 0.607174 0.175036 0.604002 0.173346 0.624363
0 0.549736 0.764964 0.551002 0.747863 0.542199 0.745804 0.540934 0.762906
0 0.749477 0.549392 0.752776 0.529107 0.736698 0.520841 0.733399 0.541126
0 0.468044 0.826929 0.468631 0.80167 0.453072 0.800527 0.452485 0.825785
0 0.219684 0.705854 0.219672 0.683848 0.204441 0.683874 0.204454 0.705881
0 0.214452 0.536422 0.216328 0.516243 0.20457 0.512788 0.202694 0.532966
0 0.523969 0.683118 0.525462 0.666969 0.515151 0.663957 0.513658 0.680106
0 0.0234178 0.870037 0.0385508 0.833068 0.0241508 0.814438 0.00901779 0.851408
0 0.299751 0.671696 0.304303 0.646485 0.28768 0.636999 0.283128 0.66221
0 0.421435 0.796546 0.429362 0.776501 0.421211 0.766312 0.413283 0.786358
0 0.436666 0.711373 0.443124 0.69514 0.434191 0.683906 0.427732 0.70014
0 0.196625 0.92072 0.199857 0.903262 0.1897 0.897319 0.186468 0.914778
0 0.221693 0.865802 0.228836 0.839138 0.216135 0.828383 0.208991 0.855047
0 0.780058 1.02698 0.839425 0.939261 0.765187 0.780475 0.705821 0.868197
0 0.487876 0.677744 0.489886 0.658387 0.480194 0.655207 0.478184 0.674564
0 0.211002 0.92803 0.214901 0.908176 0.205001 0.902031 0.201102 0.921885
0 0.621398 0.938132 0.631624 0.900573 0.619881 0.890467 0.609654 0.928027
0 0.270734 0.99663 0.280167 0.967917 0.269054 0.956379 0.259621 0.985091
0 0.144486 0.596482 0.153272 0.576613 0.145655 0.565967 0.136868 0.585836
0 0.370234 0.439827 0.370835 0.421603 0.359991 0.420473 0.35939 0.438697
0 0.202683 0.504562 0.204885 0.487216 0.192163 0.482111 0.189961 0.499457
0 0.65271 0.716039 0.653044 0.699346 0.641417 0.698612 0.641084 0.715304
0 0.608606 0.926141 0.61368 0.900156 0.60119 0.892448 0.596116 0.918433
0 0.286212 0.927531 0.292469 0.905744 0.281657 0.895931 0.2754 0.917717
0 0.409359 0.627745 0.411445 0.609047 0.402372 0.605848 0.400286 0.624546
0 0.448618 0.677145 0.45113 0.660284 0.441523 0.655761 0.439011 0.672621
0 0.177824 0.949021 0.188103 0.904639 0.175494 0.895409 0.165214 0.939791
0 0.15181 0.882658 0.168965 0.860366 0.161026 0.841058 0.143871 0.863349
0 0.0256157 1.01368 0.059214 0.969676 0.0453876 0.936308 0.0117893 0.980309
0 0.420524 0.762694 0.423052 0.740352 0.41246 0.736565 0.409932 0.758907
0 0.400786 0.726555 0.404929 0.703526 0.393527 0.697044 0.389385 0.720073
0 0.147901 0.558012 0.150967 0.524482 0.134242 0.519649 0.131176 0.553179
0 0.336616 0.830408 0.339438 0.809719 0.3236 0.80289 0.320778 0.823579
0 0.57321 0.817727 0.574354 0.795633 0.561357 0.793506 0.560213 0.8156
0 0.399973 0.559673 0.39865 0.527127 0.369685 0.530848 0.371008 0.563394
0 0.299236 0.881237 0.304677 0.841096 0.292886 0.836044 0.287445 0.876186
0 0.753967 0.725468 0.761109 0.702534 0.740461 0.682212 0.733319 0.705146
0 0.529011 0.643135 0.529865 0.626401 0.520005 0.624811 0.519151 0.641544
0 0.368043 0.702693 0.373998 0.69035 0.362592 0.672957 0.356637 0.685301
0 0.309975 0.915405 0.328393 0.881709 0.31193 0.853268 0.293512 0.886964
0 0.498419 0.648497 0.499811 0.632601 0.49022 0.629946 0.488828 0.645843
0 0.494456 0.940023 0.497821 0.915424 0.484852 0.909818 0.481487 0.934416
0 0.314241 0.851273 0.317861 0.829182 0.304961 0.822501 0.301341 0.844592
0 0.353574 0.844818 0.364424 0.821569 0.354796 0.807367 0.343945 0.830616
0 0.193303 0.686512 0.201106 0.670014 0.188858 0.651706 0.181055 0.668204
0 0.337995 0.670028 0.345095 0.649383 0.335087 0.638504 0.327987 0.659149
0 0.147643 0.520433 0.149726 0.50059 0.134641 0.495586 0.132559 0.51543
0 0.388024 0.477309 0.389096 0.461727 0.379636 0.45967 0.378564 0.475252
0 0.504301 0.854158 0.508267 0.824712 0.495684 0.819356 0.491718 0.848802
0 0.326473 0.909338 0.334816 0.878374 0.322106 0.867551 0.313764 0.898515
0 0.0103217 0.966845 0.0123623 0.931243 -0.0020461 0.928633 -0.00408666 0.964235
0 0.629808 0.729625 0.63865 0.713689 0.624029 0.688048 0.615187 0.703984
0 0.0394969 0.830211 0.0516478 0.79625 0.0367043 0.779352 0.0245535 0.813313
0 0.0129188 0.798072 0.0140513 0.758496 -0.00256027 0.756994 -0.00369275 0.79657
0 0.422893 0.696163 0.425895 0.676931 0.415019 0.671564 0.412017 0.690796
0 0.368646 0.673685 0.374026 0.650796 0.361879 0.641774 0.3565 0.664663
0 0.0887056 0.932276 0.100718 0.900568 0.088787 0.886283 0.0767745 0.917991
0 0.0862389 0.998492 0.0954886 0.970428 0.0840543 0.958517 0.0748046 0.986581
0 0.591603 0.886295 0.595683 0.865031 0.583503 0.857645 0.579423 0.878909
0 0.256188 0.945079 0.261464 0.921167 0.25095 0.913836 0.245674 0.937747
0 0.340156 0.796612 0.347861 0.763528 0.334361 0.753591 0.326656 0.786675
0 0.318963 0.926357 0.321199 0.902753 0.308033 0.898812 0.305797 0.922416
0 0.585749 0.858501 0.589104 0.844839 0.578829 0.836865 0.575474 0.850527
0 0.398098 0.964099 0.404062 0.935828 0.392224 0.927935 0.38626 0.956206
0 0.389119 0.616003 0.390927 0.594506 0.378485 0.591199 0.376677 0.612696
0 0.530807 0.65793 0.534645 0.641279 0.527527 0.636093 0.523689 0.652745
0 0.560033 0.782135 0.561933 0.763024 0.550696 0.759494 0.548797 0.778605
0 0.325841 0.870924 0.326939 0.851615 0.31415 0.849317 0.313052 0.868626
0 0.303345 0.923069 0.304516 0.900729 0.29308 0.898834 0.291909 0.921174
0 0.0526536 0.815319 0.0690167 0.794874 0.0626421 0.77875 0.046279 0.799195
0 0.46695 0.723891 0.468583 0.70535 0.454281 0.701369 0.452648 0.719911
0 0.5223 0.592976 0.523813 0.576041 0.515328 0.573647 0.513816 0.590581
0 0.525294 0.788941 0.527987 0.769586 0.517893 0.765148 0.515201 0.784503
0 0.539969 0.863073 0.541682 0.841968 0.528499 0.838587 0.526787 0.859692
0 0.162767 0.628566 0.165097 0.608691 0.146646 0.601855 0.144316 0.621731
0 0.546628 0.72802 0.555611 0.708062 0.54724 0.696154 0.538257 0.716111
0 0.251492 0.680331 0.252374 0.66054 0.241181 0.658963 0.240299 0.678753
0 0.375661 0.72166 0.378261 0.707946 0.364904 0.699942 0.362304 0.713656
0 0.472798 0.720474 0.473335 0.69925 0.460101 0.698191 0.459564 0.719414
0 0.471208 0.65372 0.473309 0.639751 0.465097 0.635847 0.462996 0.649816
0 0.133813 0.56582 0.13308 0.546221 0.117185 0.5481 0.117918 0.567699
0 0.289727 0.856323 0.291683 0.835497 0.28009 0.832057 0.278134 0.852883
0 0.246923 0.519997 0.249078 0.499072 0.238634 0.495673 0.236479 0.516598
0 0.582927 0.940801 0.587766 0.917383 0.574992 0.909039 0.570152 0.932457
0 0.564089 0.892222 0.567981 0.872377 0.554089 0.863765 0.550197 0.88361
0 0.290763 0.680605 0.292471 0.660862 0.279824 0.657405 0.278116 0.677148
0 0.621755 0.858911 0.623495 0.839119 0.613576 0.836364 0.611837 0.856155
0 0.557742 0.956904 0.562754 0.931696 0.552216 0.925073 0.547203 0.950282
0 0.428981 0.641791 0.429384 0.625446 0.419051 0.624643 0.418649 0.640988
0 0.358124 0.656668 0.359956 0.639301 0.349523 0.635821 0.34769 0.653189
0 0.569628 0.947622 0.574498 0.927957 0.563919 0.919678 0.55905 0.939343
0 0.525244 0.649957 0.527072 0.631632 0.518167 0.628824 0.516339 0.647149
0 0.0348365 0.798921 0.0432954 0.775384 0.0326282 0.763268 0.0241694 0.786805
0 0.422977 0.749118 0.427969 0.727904 0.41852 0.720876 0.413528 0.74209
0 0.534372 0.676576 0.535995 0.661837 0.527929 0.659029 0.526305 0.673768
0 0.411689 0.722879 0.416797 0.694999 0.406335 0.688941 0.401227 0.716821
0 0.519227 0.612161 0.520573 0.597548 0.512578 0.595221 0.511232 0.609834
0 0.349181 0.918026 0.358683 0.885228 0.345213 0.872894 0.335711 0.905691
0 0.163502 0.821785 0.168396 0.802322 0.154836 0.791546 0.149942 0.811009
0 0.354544 0.616739 0.356046 0.594512 0.341897 0.59149 0.340395 0.613717
0 0.332282 0.919734 0.334163 0.894271 0.319574 0.890864 0.317692 0.916327
0 0.0334945 0.150417 0.0607131 0.00723002 -0.00696786 -0.0334315 -0.0341864 0.109755
0 0.422715 0.655325 0.424578 0.637339 0.415202 0.63427 0.413339 0.652256
0 0.0840324 0.32306 0.0766299 0.250537 0.0291274 0.265861 0.0365299 0.338384
0 0.184126 0.71742 0.188939 0.691188 0.178902 0.685366 0.174088 0.711599
0 0.326917 0.643124 0.328093 0.625359 0.315912 0.62281 0.314735 0.640575
0 0.546947 0.748925 0.551555 0.73195 0.543844 0.725334 0.539236 0.742309
0 0.496761 0.613714 0.498763 0.59718 0.490236 0.593916 0.488234 0.61045
0 0.167483 0.842995 0.169551 0.821085 0.151801 0.815791 0.149733 0.8377
0 0.27097 0.540878 0.272717 0.523466 0.260537 0.519603 0.25879 0.537015
0 0.00786323 0.875468 0.0219756 0.832851 0.00619218 0.816332 -0.00792024 0.85895
0 0.489881 0.670914 0.492933 0.652681 0.483438 0.647657 0.480385 0.66589
0 0.599348 0.90229 0.603994 0.880515 0.593113 0.873179 0.588468 0.894954
0 0.797075 0.590695 0.80344 0.570236 0.788073 0.555127 0.781708 0.575586
0 0.367487 0.793954 0.370878 0.771777 0.351117 0.762226 0.347726 0.784403
0 0.765911 0.633843 0.77179 0.610351 0.75523 0.597254 0.749351 0.620746
0 0.1254 0.920677 0.132331 0.894284 0.119969 0.884023 0.113037 0.910416
0 0.380358 0.464792 0.380993 0.449039 0.37026 0.44767 0.369624 0.463423
0 0.406357 0.698961 0.40907 0.672237 0.398109 0.668721 0.395396 0.695445
0 0.176125 0.540705 0.177122 0.520847 0.162247 0.518486 0.16125 0.538344
0 0.57772 0.970003 0.580797 0.945682 0.569063 0.94099 0.565986 0.965311
0 0.733347 0.60698 0.731974 0.576973 0.699815 0.581625 0.701188 0.611632
0 0.385013 0.516286 0.387005 0.501346 0.37769 0.497421 0.375698 0.51236
0 0.52097 0.87846 0.523541 0.851755 0.51016 0.847683 0.507589 0.874389
0 0.389215 0.727093 0.392597 0.704137 0.381114 0.698791 0.377732 0.721747
0 0.333802 0.629612 0.335986 0.610143 0.325674 0.606487 0.32349 0.625956
0 0.484924 0.697431 0.492735 0.676905 0.484308 0.666771 0.476497 0.687297
0 0.167154 0.580767 0.167713 0.562406 0.15399 0.561084 0.15343 0.579445
0 0.558885 0.903877 0.560636 0.885512 0.550015 0.882311 0.548264 0.900677
0 0.132686 0.923612 0.140484 0.901409 0.131389 0.891315 0.123592 0.913518
0 0.775061 0.608242 0.777161 0.585245 0.75918 0.580054 0.757079 0.603051
0 0.422192 0.572394 0.424345 0.554664 0.415073 0.551103 0.412919 0.568834
0 0.338069 0.705761 0.342644 0.678937 0.328792 0.671472 0.324218 0.698296
0 0.560646 0.682309 0.564274 0.66654 0.554132 0.659166 0.550504 0.674935
0 0.236439 0.629305 0.237102 0.615537 0.228595 0.614243 0.227932 0.628012
0 0.436828 0.848542 0.437861 0.812491 0.422179 0.811071 0.421145 0.847121
0 0.308989 0.711445 0.312903 0.669806 0.285856 0.661771 0.281942 0.70341
0 0.400985 0.41368 0.405857 0.387461 0.379002 0.371688 0.374129 0.397907
0 0.205395 0.762651 0.206667 0.736691 0.192861 0.734553 0.191589 0.760513
0 0.429547 0.589974 0.434852 0.566799 0.426045 0.560428 0.42074 0.583603
0 0.209954 0.560586 0.213218 0.543158 0.204349 0.537909 0.201085 0.555336
0 0.210407 0.611408 0.210943 0.596949 0.202064 0.59591 0.201529 0.610369
0 0.525509 0.894376 0.53537 0.861546 0.526422 0.853051 0.516561 0.885882
0 0.239741 0.533182 0.243841 0.511598 0.23413 0.505767 0.23003 0.527352
0 0.772423 0.748378 0.776157 0.724076 0.755631 0.714108 0.751897 0.738411
0 0.219037 0.76846 0.221238 0.744141 0.209052 0.740656 0.206851 0.764975
0 0.234276 0.938359 0.236427 0.915332 0.224266 0.911743 0.222115 0.934769
0 0.632476 0.902164 0.636676 0.865712 0.621368 0.860138 0.617168 0.896591
0 0.578225 0.64975 0.580031 0.628722 0.566332 0.625003 0.564526 0.646031
0 0.401484 0.678831 0.402969 0.660254 0.393111 0.657763 0.391626 0.676341
0 0.0913081 0.881362 0.155708 0.819144 0.137494 0.75956 0.073094 0.821778
0 0.242789 0.853808 0.248124 0.829207 0.230149 0.816886 0.224813 0.841487
