0 0.989841 0.924163 0.999673 0.814363 0.793826 0.756104 0.783994 0.865905
0 0.436243 0.938344 0.452895 0.885188 0.429883 0.862406 0.413232 0.915562
0 0.135175 0.719157 0.137876 0.69229 0.122644 0.687451 0.119943 0.714318
0 0.142366 0.777724 0.144385 0.741768 0.119079 0.737276 0.117059 0.773233
0 0.112518 0.689352 0.116707 0.665084 0.100084 0.656016 0.0958953 0.680285
0 0.513056 0.672665 0.514974 0.645486 0.499564 0.642049 0.497646 0.669228
0 0.473244 0.889486 0.495242 0.866672 0.485079 0.835701 0.46308 0.858515
0 0.581178 0.913724 0.569548 0.81899 0.504908 0.844069 0.516538 0.938804
0 0.458107 0.737277 0.472231 0.716962 0.455809 0.680874 0.441684 0.701188
0 0.135206 0.674528 0.140431 0.654654 0.130368 0.646292 0.125143 0.666166
0 0.0823489 0.830148 0.0844451 0.80651 0.0711934 0.802796 0.0690972 0.826434
0 0.462541 0.843281 0.465565 0.816452 0.44895 0.810533 0.445926 0.837362
0 0.0885885 0.756232 0.103647 0.730289 0.0932397 0.711197 0.0781815 0.73714
0 0.428484 0.882863 0.44142 0.860261 0.432292 0.84375 0.419356 0.866352
0 0.0548954 0.849074 0.0585605 0.825098 0.0374056 0.814877 0.0337405 0.838853
0 0.53842 0.795949 0.545461 0.774096 0.527018 0.755317 0.519977 0.77717
0 0.168107 0.783561 0.168717 0.758005 0.152701 0.756797 0.152092 0.782353
0 0.0489801 0.99717 0.0460654 0.964551 0.0173825 0.972652 0.0202972 1.00527
0 0.154787 0.345312 0.170917 0.240383 0.0961658 0.204065 0.0800356 0.308995
0 0.261979 0.972713 0.271966 0.933562 0.256077 0.920753 0.24609 0.959904
0 0.420761 0.866234 0.432974 0.84055 0.42306 0.825652 0.410848 0.851335
0 0.0950992 0.815935 0.100865 0.780582 0.0829817 0.771365 0.0772163 0.806718
0 0.142471 0.626483 0.143595 0.604914 0.128509 0.602427 0.127384 0.623996
0 0.464216 0.864407 0.467553 0.838638 0.452887 0.832635 0.44955 0.858404
0 0.145944 0.740812 0.15153 0.723669 0.136019 0.707698 0.130434 0.724841
0 0.111875 0.930058 0.112051 0.855293 0.0714546 0.85499 0.0712783 0.929755
0 0.458702 0.815177 0.465119 0.788977 0.453241 0.779783 0.446824 0.805983
0 0.121957 0.683858 0.127097 0.66297 0.118024 0.655915 0.112885 0.676803
0 0.325754 0.798154 0.332284 0.761947 0.3202 0.755059 0.31367 0.791266
0 0.443451 0.844142 0.446144 0.81838 0.431339 0.81349 0.428647 0.839252
0 0.144303 0.970265 0.157023 0.939198 0.145654 0.924486 0.132934 0.955553
0 0.283487 0.974625 0.304407 0.919929 0.279588 0.889926 0.258667 0.944621
0 0.257632 1.00626 0.266739 0.973149 0.253363 0.96152 0.244256 0.994628
0 0.230462 0.980407 0.237994 0.949035 0.223022 0.937675 0.21549 0.969048
0 0.11578 0.661426 0.127023 0.633414 0.116994 0.620692 0.105751 0.648705
0 0.0629175 0.894583 0.0887384 0.866831 0.0810093 0.844103 0.0551884 0.871855
0 0.422316 0.824967 0.426948 0.798668 0.410422 0.789468 0.40579 0.815767
0 0.581761 0.800429 0.582282 0.743 0.549275 0.742055 0.548755 0.799484
0 0.0602146 0.987836 0.0638947 0.959718 0.0478783 0.953093 0.0441983 0.981211
0 0.33465 0.720833 0.336456 0.698411 0.323433 0.695096 0.321627 0.717517
0 0.393753 0.886585 0.398939 0.844461 0.372616 0.83422 0.367431 0.876344
0 0.509806 0.703815 0.511704 0.672035 0.495851 0.669043 0.493953 0.700823
0 0.0722634 0.728675 0.0734723 0.709382 0.0622505 0.70716 0.0610415 0.726453
0 0.1524 1.01419 0.170028 0.98363 0.157157 0.960161 0.139529 0.990718
0 0.343212 0.858748 0.346603 0.833022 0.330498 0.826313 0.327107 0.852039
0 0.197374 0.760841 0.20019 0.737199 0.181933 0.730328 0.179118 0.75397
0 0.25005 0.950285 0.256091 0.924721 0.236903 0.910388 0.230861 0.935952
0 0.544443 0.76662 0.548056 0.727448 0.53024 0.722254 0.526627 0.761426
0 0.122835 0.699283 0.125116 0.679896 0.114638 0.676 0.112357 0.695387
0 0.395959 0.935545 0.402894 0.901383 0.390649 0.893527 0.383714 0.927688
0 0.0917156 0.350415 0.087113 0.302121 0.0671347 0.308139 0.0717373 0.356432
0 0.381352 0.748092 0.382332 0.721945 0.366381 0.720055 0.3654 0.746202
0 0.163846 0.968208 0.179045 0.920738 0.162652 0.904149 0.147452 0.951619
0 0.246538 0.97826 0.25168 0.954235 0.239309 0.945869 0.234168 0.969893
0 0.331309 0.762286 0.349067 0.742437 0.343046 0.725411 0.325288 0.745261
0 0.418272 0.851559 0.426705 0.819775 0.411243 0.806809 0.40281 0.838593
0 0.290073 0.893676 0.295107 0.873325 0.283638 0.864359 0.278604 0.884709
0 0.0663961 0.983059 0.0822004 0.957927 0.0720216 0.937697 0.0562172 0.962828
0 0.215812 0.860272 0.217996 0.83608 0.20503 0.832381 0.202845 0.856572
0 0.048545 0.975765 0.0586444 0.93891 0.0451051 0.927184 0.0350058 0.964039
0 0.309988 0.790136 0.31791 0.77133 0.303379 0.751985 0.295457 0.770792
0 0.093344 0.999836 0.106536 0.968152 0.0964491 0.954879 0.0832573 0.986564
0 0.42084 0.943643 0.423732 0.918581 0.412376 0.914439 0.409484 0.939501
0 0.417941 0.796877 0.427247 0.773225 0.41099 0.753012 0.401685 0.776665
0 0.518501 0.847264 0.532709 0.816358 0.521083 0.799466 0.506875 0.830372
0 0.134658 0.99646 0.150319 0.971916 0.142395 0.955936 0.126734 0.98048
0 0.161683 0.609322 0.162667 0.593208 0.152652 0.591275 0.151668 0.60739
0 0.0281546 0.914951 0.0648777 0.865676 0.053877 0.839765 0.0171539 0.88904
0 0.103686 1.00617 0.115053 0.978746 0.104356 0.964733 0.0929888 0.992158
0 0.422194 0.913262 0.427665 0.872252 0.411155 0.865291 0.405684 0.9063
0 0.145453 0.69453 0.14698 0.676623 0.137746 0.674135 0.136219 0.692042
0 0.0453934 0.72019 0.0473743 0.694262 0.0338538 0.690997 0.0318729 0.716926
0 0.194481 1.00003 0.209379 0.977036 0.201251 0.960394 0.186354 0.983388
0 0.173673 0.686556 0.173714 0.661536 0.153912 0.661433 0.153871 0.686453
0 0.471713 0.832923 0.478749 0.810729 0.463141 0.795091 0.456105 0.817286
0 0.144676 0.941781 0.158343 0.913023 0.14733 0.896481 0.133663 0.925239
0 0.487634 0.853375 0.499151 0.833982 0.490675 0.818073 0.479158 0.837466
0 0.0891836 0.954442 0.102852 0.934895 0.0956217 0.918916 0.0819532 0.938462
0 0.164435 0.755485 0.170434 0.737736 0.160832 0.72748 0.154833 0.74523
0 0.052639 1.01203 0.0897649 0.994138 0.0850399 0.96316 0.0479141 0.981056
0 0.242333 0.527999 0.244004 0.507103 0.224925 0.50228 0.223254 0.523176
0 0.18302 0.695853 0.185318 0.676066 0.17486 0.672226 0.172561 0.692013
0 0.31998 0.766242 0.328232 0.74329 0.318835 0.732612 0.310583 0.755563
0 0.0706815 0.811986 0.0821463 0.786465 0.071912 0.771934 0.0604472 0.797456
0 0.0804081 0.981277 0.0971498 0.957948 0.0891709 0.939851 0.0724292 0.963181
0 0.0223513 0.684934 0.01988 0.651306 -0.00212995 0.656418 0.000341286 0.690046
0 0.105869 0.807694 0.119018 0.789388 0.112701 0.775047 0.0995519 0.793353
0 0.38264 0.722078 0.384178 0.703862 0.372238 0.700675 0.3707 0.718891
0 0.262488 0.929796 0.266287 0.910195 0.254091 0.902726 0.250293 0.922326
0 0.334199 0.992042 0.336534 0.958664 0.318799 0.954744 0.316465 0.988121
0 0.172642 0.999988 0.185906 0.963844 0.175758 0.952073 0.162493 0.988218
0 0.0878405 0.701549 0.0990872 0.683623 0.0928559 0.671267 0.0816092 0.689193
0 0.00812129 0.85874 0.0169488 0.824269 0.00160559 0.811851 -0.00722194 0.846322
0 0.0130859 0.82429 0.0257164 0.802297 0.0165324 0.785627 0.00390189 0.807619
0 0.431649 0.804597 0.439198 0.778028 0.42695 0.767029 0.419401 0.793598
0 0.119418 1.00462 0.134104 0.973059 0.123537 0.957521 0.108852 0.989081
0 0.10928 0.706303 0.11142 0.68541 0.0966548 0.680631 0.0945151 0.701524
0 0.00822907 0.652683 0.0100362 0.629835 -0.00100077 0.627077 -0.00280788 0.649924
0 0.148942 0.585555 0.15114 0.570195 0.141936 0.566033 0.139738 0.581393
0 0.233229 0.999421 0.23918 0.973575 0.228646 0.965911 0.222696 0.991756
0 0.0337291 0.699765 0.0350815 0.681367 0.0242524 0.678851 0.0229 0.697249
0 0.540145 0.822442 0.545421 0.801178 0.528409 0.787839 0.523134 0.809104
0 0.465687 0.897494 0.467182 0.862925 0.447477 0.860232 0.445982 0.894801
0 0.448094 0.861933 0.450689 0.842363 0.437014 0.83663 0.434418 0.856201
0 0.229186 0.874155 0.231613 0.849639 0.216127 0.844793 0.213699 0.869308
0 0.197533 0.950662 0.210009 0.925564 0.201562 0.912293 0.189086 0.937392
0 0.341949 1.00303 0.35233 0.980814 0.342767 0.96669 0.332387 0.988903
0 0.43767 0.818261 0.442032 0.794098 0.430493 0.787513 0.42613 0.811677
0 0.133277 0.742112 0.135602 0.726726 0.124085 0.721227 0.121761 0.736613
0 0.572999 0.713036 0.572964 0.691952 0.559178 0.692025 0.559213 0.713108
0 0.41035 0.70291 0.410834 0.68189 0.397576 0.680924 0.397092 0.701944
0 0.169076 0.733208 0.173797 0.713039 0.163521 0.705437 0.1588 0.725607
0 0.183814 0.996831 0.195884 0.968268 0.187364 0.956889 0.175294 0.985452
0 0.293497 0.839943 0.300567 0.817376 0.29263 0.809517 0.28556 0.832084
0 0.151779 0.785586 0.151483 0.765675 0.137567 0.766328 0.137863 0.786239
0 0.119678 0.748399 0.121868 0.728621 0.112435 0.725321 0.110246 0.745099
0 0.151162 0.676097 0.153375 0.655275 0.142897 0.651756 0.140684 0.672578
0 0.192576 0.750809 0.194572 0.731609 0.17886 0.726447 0.176864 0.745647
0 0.408515 0.763064 0.410411 0.739613 0.398899 0.736671 0.397003 0.760122
0 0.141984 0.714916 0.145672 0.696169 0.133356 0.68851 0.129667 0.707258
0 0.0638394 0.852081 0.0754848 0.833391 0.0670504 0.816782 0.055405 0.835472
0 0.209837 0.720758 0.280486 0.626676 0.240123 0.530884 0.169474 0.624966
0 0.000857418 0.959517 0.0227383 0.934698 0.0146461 0.91215 -0.0072347 0.936969
0 0.278752 0.65379 0.278104 0.612512 0.259394 0.61344 0.260041 0.654717
0 0.160476 0.765745 0.161389 0.749449 0.149832 0.7474 0.148919 0.763697
0 0.36688 0.755126 0.367918 0.738358 0.355351 0.735899 0.354313 0.752667
0 0.0628628 0.793664 0.0666861 0.771542 0.0556692 0.765524 0.0518459 0.787646
0 0.197652 0.929957 0.198039 0.881817 0.174535 0.881219 0.174147 0.929359
0 0.274764 0.979239 0.277998 0.950993 0.263941 0.945906 0.260707 0.974153
0 0.110865 0.958995 0.121367 0.92826 0.10816 0.913997 0.0976574 0.944732
0 0.344299 0.774153 0.352933 0.753329 0.343513 0.740986 0.33488 0.76181
0 0.0904057 0.681142 0.0927911 0.657476 0.0774957 0.652604 0.0751104 0.676269
0 0.448692 0.808221 0.465683 0.774111 0.45105 0.751073 0.434058 0.785184
0 0.335962 0.999067 0.333175 0.976208 0.31103 0.984742 0.313817 1.0076
0 0.181845 0.592299 0.188132 0.568432 0.179531 0.561273 0.173245 0.58514
0 0.163884 0.980021 0.177093 0.950157 0.167281 0.936442 0.154073 0.966306
0 0.112103 0.738355 0.114149 0.717513 0.102864 0.714013 0.100819 0.734855
0 0.450045 0.821833 0.453173 0.791514 0.437764 0.786489 0.434636 0.816809
0 0.203386 0.737918 0.203698 0.718175 0.189342 0.717458 0.189031 0.737201
0 0.0811347 0.953043 0.0863279 0.928176 0.0725725 0.919097 0.0673793 0.943963
0 0.412839 0.628025 0.414029 0.609196 0.402795 0.606952 0.401605 0.625781
0 0.177219 0.989977 0.190034 0.954497 0.179402 0.942358 0.166586 0.977839
0 0.41574 0.134637 0.413626 0.0821953 0.361549 0.0888284 0.363663 0.14127
0 0.319722 0.814744 0.321171 0.793381 0.311555 0.791321 0.310107 0.812683
0 0.151668 0.611081 0.153159 0.594755 0.142684 0.591731 0.141193 0.608058
0 0.158557 0.723804 0.165998 0.704324 0.158815 0.695651 0.151374 0.715132
0 0.0197046 1.00531 0.0194591 0.981597 0.00143956 0.982187 0.0016851 1.0059
0 0.00683679 0.984785 0.0259214 0.948365 0.0156858 0.931413 -0.00339882 0.967834
0 0.200375 0.869386 0.205465 0.844794 0.192329 0.8362 0.187238 0.860792
0 0.487379 0.901583 0.496367 0.889014 0.486568 0.866866 0.477579 0.879435
0 0.00945149 0.914418 0.0298857 0.882603 0.0195424 0.861606 -0.000891794 0.893421
0 0.141247 0.853267 0.140539 0.819669 0.113142 0.821494 0.11385 0.855092
0 0.247686 0.896505 0.249008 0.880372 0.238255 0.877588 0.236933 0.893721
0 0.0802844 0.864264 0.0970153 0.839267 0.0890148 0.822343 0.072284 0.84734
0 0.318664 0.968017 0.330717 0.918892 0.316327 0.907733 0.304274 0.956859
0 0.300117 0.873498 0.304001 0.854072 0.293952 0.847722 0.290068 0.867148
0 0.30182 0.640808 0.304158 0.621231 0.289834 0.615823 0.287495 0.6354
0 0.136742 0.803517 0.139491 0.770144 0.120053 0.765084 0.117304 0.798456
0 0.643722 0.718948 0.650036 0.702157 0.636984 0.686647 0.630671 0.703438
0 0.0362275 0.930232 0.069991 0.909461 0.0651218 0.884446 0.0313583 0.905217
0 0.0576609 0.809101 0.060844 0.792088 0.0499864 0.785668 0.0468033 0.802681
0 0.325091 0.842785 0.323717 0.819442 0.306455 0.822655 0.307829 0.845997
0 0.135202 0.693249 0.136458 0.675512 0.125442 0.673046 0.124186 0.690783
0 0.0888029 0.84353 0.10303 0.819088 0.0940989 0.802657 0.0798714 0.827099
0 0.341597 0.813335 0.349967 0.797978 0.336371 0.774558 0.328001 0.789915
0 0.207772 0.595842 0.233243 0.565136 0.223961 0.540799 0.198489 0.571505
0 0.116356 0.715514 0.119051 0.696044 0.109031 0.69166 0.106336 0.71113
0 0.214296 0.70917 0.22779 0.68433 0.218333 0.668091 0.204838 0.692931
0 0.128788 0.730392 0.129289 0.712208 0.118232 0.711245 0.117731 0.729429
0 0.162578 0.71799 0.172714 0.699558 0.165497 0.687014 0.155361 0.705446
0 0.15674 0.708736 0.162543 0.689878 0.153067 0.680661 0.147263 0.69952
0 0.00895985 0.706903 0.0134938 0.684361 0.00218704 0.677173 -0.00234689 0.699715
0 0.184412 0.888569 0.191077 0.86581 0.179766 0.85534 0.173101 0.878099
0 0.0227209 0.147357 0.0553947 0.0210757 -0.00135431 -0.0253301 -0.0340281 0.100951
0 0.103994 0.792043 0.111044 0.771487 0.103889 0.763732 0.0968389 0.784288
0 0.146469 0.568443 0.152635 0.551524 0.14392 0.541486 0.137754 0.558405
0 0.317688 0.680443 0.316539 0.656931 0.298232 0.659758 0.299381 0.68327
0 0.337755 0.795724 0.341539 0.772379 0.330809 0.766882 0.327025 0.790227
0 0.295434 0.179942 0.345437 0.108567 0.277577 -0.0416861 0.227574 0.0296887
0 0.129316 0.980898 0.142039 0.945439 0.127228 0.928642 0.114505 0.964101
0 0.581996 0.724082 0.583725 0.704114 0.572495 0.701041 0.570766 0.721009
0 0.194846 0.839931 0.201952 0.820464 0.193987 0.811275 0.186881 0.830742
0 0.613301 0.722713 0.621984 0.693386 0.602612 0.675258 0.593928 0.704585
0 0.351114 0.72342 0.352724 0.705341 0.342613 0.702496 0.341003 0.720574
0 0.183361 0.67766 0.185876 0.661608 0.173226 0.655342 0.170711 0.671394
0 0.429672 0.75264 0.434505 0.731105 0.425556 0.724759 0.420724 0.746293
0 0.593092 0.757676 0.595447 0.738745 0.58067 0.732936 0.578315 0.751866
0 0.210621 0.961887 0.213398 0.941771 0.20034 0.936072 0.197562 0.956188
0 0.271925 1.00284 0.278549 0.972822 0.2663 0.964281 0.259676 0.994302
0 0.0917053 0.784719 0.0928495 0.766268 0.0797128 0.763693 0.0785686 0.782145
0 0.060536 0.531538 0.0618271 0.496512 0.042856 0.494302 0.041565 0.529328
0 0.159909 0.922872 0.171138 0.896734 0.161726 0.883953 0.150496 0.910091
0 0.105968 0.65925 0.111743 0.642482 0.10249 0.63241 0.0967148 0.649179
0 0.606708 0.908366 0.618807 0.870136 0.594138 0.845462 0.582039 0.883692
0 0.108576 0.967921 0.112179 0.947281 0.101274 0.941265 0.0976713 0.961905
0 0.30015 0.569144 0.302618 0.546025 0.291234 0.542184 0.288765 0.565303
0 0.236444 0.544983 0.236136 0.523705 0.216265 0.524613 0.216572 0.545891
0 0.417112 0.753809 0.421675 0.735296 0.41205 0.7278 0.407488 0.746312
0 0.469738 0.626214 0.469684 0.60731 0.457254 0.607423 0.457308 0.626327
0 0.144098 0.827185 0.164677 0.798138 0.153625 0.773393 0.133047 0.80244
0 0.248215 0.919731 0.251919 0.903891 0.238378 0.893885 0.234674 0.909725
0 0.135733 0.555018 0.142011 0.531827 0.132063 0.523315 0.125785 0.546506
0 0.446114 0.883072 0.449748 0.861617 0.438781 0.855747 0.435148 0.877202
0 0.0644302 0.908297 0.0780419 0.888559 0.0694784 0.869895 0.0558667 0.889634
0 0.462049 0.761862 0.469103 0.743281 0.453282 0.724297 0.446227 0.742879
0 0.357016 0.164304 0.365856 0.125088 0.340619 0.107108 0.331779 0.146324
0 0.584824 0.811675 0.587346 0.789331 0.575162 0.784984 0.57264 0.807328
0 0.625324 0.855316 0.631856 0.812285 0.618542 0.805897 0.61201 0.848928
0 0.47838 0.749571 0.48013 0.728385 0.465256 0.724504 0.463506 0.745689
0 0.308575 0.934813 0.313795 0.908248 0.30266 0.901332 0.297439 0.927897
0 0.307445 0.699824 0.307412 0.680565 0.293963 0.680637 0.293995 0.699896
0 0.475155 0.959419 0.491908 0.940643 0.476051 0.895926 0.459298 0.914703
0 0.548556 0.798104 0.551679 0.777149 0.538901 0.771131 0.535779 0.792087
0 0.125783 0.855395 0.145554 0.792935 0.119561 0.766932 0.0997902 0.829391
0 0.270319 0.481546 0.272986 0.465555 0.261568 0.459539 0.258902 0.47553
0 0.334018 0.899474 0.333971 0.875131 0.31565 0.875243 0.315697 0.899586
0 0.0817942 0.724763 0.0877999 0.70539 0.0788302 0.696602 0.0728246 0.715975
0 0.192359 0.789075 0.200487 0.766261 0.193614 0.758521 0.185485 0.781335
0 0.307275 0.829888 0.311624 0.806521 0.303165 0.801546 0.298816 0.824913
0 0.0472173 0.706644 0.0481523 0.686076 0.0367431 0.684437 0.0358081 0.705005
0 0.505853 0.843226 0.513313 0.817016 0.504204 0.808822 0.496744 0.835032
0 0.0122321 0.734812 0.0198539 0.702146 0.00728209 0.692875 -0.000339657 0.725541
0 0.117749 0.978915 0.122819 0.953237 0.110973 0.945845 0.105903 0.971523
0 0.536496 0.561563 0.544577 0.494944 0.510188 0.481761 0.502107 0.548381
0 0.18101 0.723986 0.183098 0.701456 0.171574 0.69808 0.169486 0.72061
0 0.359433 0.68923 0.367207 0.670595 0.352904 0.651738 0.34513 0.670374
0 0.266498 0.797462 0.271106 0.777778 0.258185 0.768217 0.253576 0.787901
0 0.155441 0.8413 0.16495 0.812039 0.153117 0.799887 0.143609 0.829148
0 0.115913 0.754248 0.121347 0.733959 0.111512 0.725635 0.106078 0.745924
0 0.190618 0.947117 0.192992 0.926295 0.179357 0.921381 0.176983 0.942203
0 0.17779 0.731141 0.1792 0.709315 0.166102 0.706641 0.164693 0.728467
0 0.131751 0.96514 0.141731 0.93506 0.128098 0.920764 0.118118 0.950844
0 0.0313187 0.957822 0.0424276 0.933224 0.0327043 0.919346 0.0215954 0.943944
0 0.419457 0.700006 0.428671 0.680033 0.421156 0.669075 0.411941 0.689049
0 0.113929 0.862494 0.115613 0.841488 0.0999901 0.837529 0.0983055 0.858534
0 0.392083 0.757553 0.393481 0.738405 0.382652 0.735905 0.381253 0.755053
0 0.245019 0.994311 0.250187 0.973125 0.240146 0.965383 0.234978 0.986568
0 0.470453 0.681618 0.472739 0.661934 0.461071 0.657652 0.458785 0.677336
0 0.215975 0.901993 0.217994 0.878433 0.2042 0.874697 0.202181 0.898257
0 0.229263 0.533662 0.227421 0.512951 0.207986 0.518413 0.209828 0.539124
0 0.191932 0.714713 0.196314 0.69406 0.184111 0.685876 0.179729 0.706529
0 0.134399 0.604742 0.135532 0.591318 0.125148 0.588548 0.124015 0.601971
0 0.295549 0.810176 0.301393 0.788415 0.292676 0.781015 0.286831 0.802776
0 0.233033 0.855141 0.2374 0.834078 0.223823 0.825181 0.219455 0.846243
0 0.0509894 0.764192 0.0514872 0.747901 0.0401558 0.746807 0.039658 0.763097
0 0.746566 0.566437 0.748128 0.536657 0.731613 0.533919 0.730051 0.563699
0 0.40937 0.739504 0.411363 0.720304 0.402552 0.717413 0.400559 0.736612
0 0.409301 0.906446 0.415427 0.876281 0.403287 0.868491 0.397162 0.898655
0 0.188189 0.851888 0.195148 0.834612 0.187232 0.824534 0.180273 0.841809
0 0.22011 0.951557 0.222239 0.930178 0.206939 0.925365 0.204811 0.946744
0 0.193176 0.617467 0.204172 0.597331 0.196404 0.583924 0.185408 0.60406
0 0.333329 0.738267 0.334958 0.7183 0.322473 0.715083 0.320845 0.73505
0 0.361039 0.736908 0.362866 0.715944 0.351593 0.712838 0.349765 0.733802
0 0.0665856 0.324648 0.076392 0.287534 0.0506335 0.266024 0.0408271 0.303137
0 0.306378 0.948316 0.31405 0.916501 0.30417 0.908972 0.296499 0.940786
0 0.390573 0.979319 0.396467 0.95779 0.387806 0.950297 0.381912 0.971827
0 0.301001 0.911065 0.303745 0.889139 0.288737 0.883202 0.285993 0.905129
0 0.460919 0.919491 0.463266 0.894063 0.448842 0.889856 0.446495 0.915283
0 0.0359748 0.582514 0.0358106 0.5568 0.0155224 0.557209 0.0156867 0.582923
0 0.170763 0.814875 0.175455 0.798363 0.166298 0.790139 0.161606 0.806651
0 0.176286 0.795366 0.18957 0.773174 0.181683 0.758255 0.1684 0.780447
0 0.157208 0.873887 0.161503 0.848928 0.150983 0.843206 0.146688 0.868165
0 0.628374 0.901214 0.640296 0.876484 0.621116 0.847261 0.609194 0.871991
0 0.649764 0.420788 0.651935 0.398062 0.637115 0.393587 0.634943 0.416313
0 0.19382 0.980243 0.202196 0.958815 0.192009 0.946228 0.183632 0.967657
0 0.400367 0.857336 0.405024 0.835463 0.393316 0.827584 0.388659 0.849457
0 0.59084 0.79108 0.594813 0.762974 0.582102 0.757295 0.578129 0.785401
0 0.161499 0.592331 0.164837 0.576724 0.155904 0.570685 0.152565 0.586293
0 0.394252 0.836409 0.396662 0.814021 0.385675 0.810284 0.383266 0.832672
0 0.441486 0.855891 0.444529 0.831091 0.430937 0.825819 0.427893 0.85062
0 0.268201 0.922927 0.271826 0.902226 0.261692 0.896617 0.258066 0.917317
0 0.391048 0.970692 0.399698 0.948145 0.392798 0.939778 0.384147 0.962325
0 0.615438 0.854885 0.614777 0.813448 0.600751 0.814156 0.601412 0.855593
0 0.207075 0.847249 0.213376 0.823635 0.201523 0.813639 0.195222 0.837253
0 0.43023 0.965075 0.433548 0.940044 0.415998 0.932692 0.41268 0.957724
0 0.224577 0.518422 0.227321 0.492233 0.211469 0.486985 0.208726 0.513175
0 0.0473121 0.561804 0.0500919 0.547226 0.0380291 0.539956 0.0352492 0.554535
0 0.0315129 0.83666 0.0420605 0.814489 0.0331982 0.801164 0.0226506 0.823334
0 0.0471837 0.868527 0.0516026 0.840911 0.0357387 0.832888 0.0313198 0.860505
0 0.367882 1.00147 0.373502 0.97514 0.362548 0.967753 0.356928 0.994087
0 0.476871 0.85735 0.485343 0.829016 0.473044 0.817392 0.464571 0.845726
0 0.550184 0.724526 0.552046 0.699098 0.539351 0.696161 0.537489 0.721589
0 0.198788 0.669618 0.208549 0.617421 0.184945 0.603471 0.175184 0.655668
0 0.221187 1.00236 0.226478 0.976579 0.212703 0.967646 0.207413 0.993427
0 0.0668301 0.156082 0.0741521 0.0814947 0.0300147 0.0678009 0.0226927 0.142388
0 0.18939 0.590503 0.198283 0.566703 0.189302 0.556097 0.180409 0.579896
0 0.960523 0.810529 0.968198 0.747719 0.874207 0.711422 0.866532 0.774232
0 0.146403 0.861196 0.15287 0.838858 0.142994 0.82982 0.136526 0.852158
0 0.0714958 0.574246 0.0727915 0.557323 0.0617415 0.554649 0.0604459 0.571572
0 0.32003 0.953893 0.329387 0.908024 0.315124 0.898828 0.305767 0.944697
0 0.24501 0.411619 0.254156 0.385936 0.219575 0.347013 0.210429 0.372695
0 0.375743 0.793825 0.376142 0.770102 0.35756 0.769113 0.357161 0.792836
0 0.391002 0.952919 0.397256 0.924275 0.386808 0.917066 0.380554 0.94571
0 0.067899 0.853447 0.0792283 0.83077 0.0716764 0.818846 0.0603472 0.841523
0 0.401352 0.721216 0.402459 0.704528 0.389912 0.701896 0.388804 0.718584
0 0.020818 0.529127 0.0296366 0.505084 0.0196121 0.493463 0.0107934 0.517507
0 0.191438 0.821645 0.199049 0.801512 0.191253 0.792197 0.183641 0.81233
0 0.0340883 0.135919 0.059708 0.0104026 0.0238805 -0.0127097 -0.00173915 0.112807
0 0.352081 0.786092 0.354313 0.769692 0.342589 0.764648 0.340356 0.781048
0 0.358087 0.999366 0.364862 0.976142 0.356297 0.968245 0.349522 0.991469
0 0.474774 0.708322 0.478568 0.690411 0.465855 0.681899 0.46206 0.69981
0 0.295262 0.982953 0.30703 0.951607 0.292882 0.934821 0.281114 0.966167
0 0.427782 0.730581 0.429203 0.712329 0.419716 0.709994 0.418295 0.728247
0 0.287127 0.870905 0.28919 0.852355 0.278986 0.848768 0.276923 0.867318
0 0.175542 0.762226 0.177455 0.746475 0.16823 0.742934 0.166317 0.758684
0 0.223413 0.934498 0.230649 0.901641 0.214735 0.890566 0.207499 0.923423
0 0.216584 0.892969 0.21967 0.871165 0.206404 0.865231 0.203318 0.887034
0 0.0197297 0.840242 0.032768 0.819672 0.0244432 0.802995 0.0114049 0.823565
0 0.11926 0.574395 0.117968 0.547483 0.100108 0.550192 0.1014 0.577104
0 0.310634 0.883169 0.314806 0.862427 0.305441 0.856475 0.30127 0.877217
0 0.173213 0.829509 0.177233 0.812299 0.167759 0.805304 0.163739 0.822515
0 0.514436 0.879731 0.514185 0.834611 0.494534 0.834956 0.494784 0.880076
0 0.301725 0.182296 0.323092 0.144018 0.290214 0.0860151 0.268847 0.124293
0 0.101475 0.765241 0.10643 0.742769 0.0943203 0.73433 0.0893652 0.756801
0 0.359853 0.773009 0.361303 0.754963 0.349093 0.751862 0.347643 0.769909
0 0.158675 0.744881 0.161824 0.726994 0.153705 0.722478 0.150557 0.740364
0 0.48917 0.930295 0.501137 0.906168 0.480723 0.874167 0.468756 0.898295
0 0.405572 0.843474 0.412201 0.815249 0.402104 0.807753 0.395474 0.835978
0 0.0825455 0.735679 0.0854796 0.71407 0.0727086 0.708589 0.0697745 0.730198
0 0.135024 0.592972 0.138235 0.576129 0.128214 0.570091 0.125003 0.586933
0 0.119221 0.592651 0.125032 0.572717 0.117118 0.565426 0.111307 0.585359
0 0.290322 0.761731 0.290387 0.745643 0.279601 0.745505 0.279536 0.761593
0 0.483905 0.806593 0.486396 0.787798 0.474712 0.782903 0.472221 0.801698
0 0.137714 0.923191 0.152431 0.895946 0.142663 0.879272 0.127946 0.906517
0 0.428395 0.828469 0.430836 0.803515 0.417161 0.799287 0.41472 0.824241
0 0.394819 0.900394 0.403408 0.879829 0.395121 0.868891 0.386532 0.889456
0 0.407186 0.872219 0.410837 0.847365 0.398767 0.841761 0.395116 0.866616
0 0.0245854 0.995958 0.0303776 0.961581 0.0159787 0.953914 0.0101865 0.988291
