0 0.994529 0.975735 1.01043 0.851102 0.809719 0.770187 0.793821 0.894821
0 0.175047 0.92783 0.24447 0.841912 0.217768 0.773722 0.148345 0.85964
0 0.836913 0.738522 0.836643 0.695734 0.81712 0.696122 0.81739 0.73891
0 0.0615187 0.993533 0.0917744 0.935672 0.0723942 0.903644 0.0421385 0.961505
0 0.412312 0.887696 0.414041 0.856642 0.395526 0.853383 0.393797 0.884437
0 0.101487 0.767326 0.107062 0.730102 0.0768792 0.715818 0.0713052 0.753042
0 0.91798 0.693013 0.952297 0.654394 0.939694 0.618999 0.905377 0.657618
0 0.993575 0.499563 0.990691 0.455232 0.959323 0.461683 0.962208 0.506014
0 0.0366331 0.893118 0.0532692 0.873354 0.0446705 0.850479 0.0280345 0.870243
0 0.864728 0.763416 0.876808 0.738223 0.857897 0.709566 0.845818 0.734759
0 0.836776 0.701943 0.843336 0.684082 0.829162 0.66763 0.822602 0.685492
0 0.894983 0.629449 0.911967 0.594625 0.899857 0.57596 0.882874 0.610784
0 0.85481 0.795365 0.873668 0.773375 0.863439 0.745653 0.844581 0.767644
0 0.190842 0.301673 0.21909 0.274186 0.190181 0.180291 0.161933 0.207778
0 0.187246 0.761366 0.202119 0.724399 0.186434 0.704455 0.171561 0.741421
0 0.802081 0.730954 0.812254 0.704381 0.802821 0.692968 0.792648 0.71954
0 1.00378 0.535006 1.00848 0.492597 0.984866 0.484337 0.980171 0.526746
0 0.271246 0.991093 0.290608 0.952647 0.273131 0.924831 0.253769 0.963277
0 0.0308007 0.951733 0.034064 0.926643 0.0207414 0.921167 0.0174781 0.946257
0 0.195571 0.775541 0.196052 0.747708 0.174259 0.74652 0.173779 0.774353
0 0.941589 0.464779 0.957185 0.442255 0.94772 0.421541 0.932124 0.444065
0 0.263705 0.899374 0.264089 0.869258 0.243867 0.868443 0.243482 0.898559
0 0.996867 0.600884 1.00243 0.576937 0.987687 0.566102 0.98212 0.590049
0 0.360132 0.841542 0.360856 0.816263 0.344931 0.814821 0.344207 0.8401
0 0.277965 0.743792 0.287438 0.725715 0.268392 0.694173 0.258919 0.712251
0 0.41797 0.810166 0.429782 0.793213 0.416022 0.762912 0.40421 0.779865
0 0.299503 0.799834 0.297478 0.772754 0.278489 0.77724 0.280513 0.80432
0 0.149924 0.711479 0.151161 0.683226 0.136415 0.681186 0.135178 0.709439
0 0.641724 0.711744 0.641147 0.679743 0.627026 0.680548 0.627603 0.712549
0 0.234602 0.773965 0.236407 0.71577 0.204999 0.712692 0.203194 0.770887
0 0.849159 0.682782 0.853474 0.654829 0.837972 0.647266 0.833658 0.675219
0 0.254071 0.84049 0.260842 0.807675 0.238037 0.792803 0.231266 0.825619
0 0.0182882 0.96252 0.0184361 0.929782 -0.00210379 0.929489 -0.00225164 0.962226
0 0.260415 0.569703 0.254819 0.507235 0.226908 0.515137 0.232504 0.577605
0 0.982732 0.573565 0.988128 0.55521 0.971657 0.539906 0.966261 0.55826
0 0.252886 0.53121 0.267206 0.516781 0.244245 0.444758 0.229925 0.459187
0 0.0476726 0.934202 0.0647244 0.898889 0.0540417 0.882586 0.0369899 0.9179
0 0.929779 0.535537 0.94097 0.51275 0.931211 0.497602 0.92002 0.520389
0 0.0465847 0.839645 0.0557006 0.812999 0.0458404 0.802338 0.0367244 0.828983
0 0.0576229 0.935288 0.0863547 0.901663 0.0791349 0.882165 0.0504031 0.915791
0 0.115794 0.860085 0.120844 0.832332 0.101705 0.821326 0.0966554 0.849079
0 0.451571 0.771945 0.453472 0.744125 0.435019 0.74014 0.433118 0.76796
0 0.272736 0.786556 0.276539 0.756566 0.259044 0.749554 0.255241 0.779544
0 0.996271 0.556305 0.999447 0.532181 0.974088 0.521631 0.970912 0.545755
0 0.962233 0.541125 0.967095 0.519319 0.954936 0.510751 0.950074 0.532556
0 0.0303429 0.917807 0.0556741 0.893983 0.0490123 0.871596 0.023681 0.895419
0 0.585786 0.772575 0.587897 0.751098 0.577295 0.747804 0.575183 0.769281
0 0.620577 0.710886 0.63045 0.695275 0.616398 0.66719 0.606526 0.682801
0 0.806681 0.698912 0.811262 0.671868 0.799909 0.665791 0.795328 0.692835
0 0.277157 0.853701 0.278481 0.827331 0.259824 0.824372 0.2585 0.850741
0 0.949982 0.622567 0.974811 0.599319 0.966015 0.569631 0.941187 0.592879
0 0.148544 0.689025 0.160718 0.656327 0.147573 0.640861 0.1354 0.673559
0 0.77349 0.737988 0.771185 0.710759 0.749137 0.716657 0.751442 0.743886
0 0.981036 0.528058 0.984655 0.504256 0.969365 0.496908 0.965746 0.52071
0 0.615553 0.678499 0.620404 0.656213 0.60966 0.64882 0.604808 0.671105
0 0.933956 0.729463 0.980788 0.683305 0.964814 0.632084 0.917982 0.678242
0 0.424399 0.850913 0.429788 0.814524 0.41208 0.806235 0.406691 0.842624
0 0.626109 0.851165 0.628411 0.807269 0.603615 0.803159 0.601313 0.847054
0 0.111268 0.906806 0.135469 0.87572 0.126116 0.852709 0.101916 0.883795
0 0.529694 0.764236 0.531024 0.718441 0.502021 0.715778 0.500691 0.761573
0 0.84857 0.747726 0.855444 0.723976 0.841953 0.711637 0.83508 0.735386
0 0.309548 0.805233 0.31097 0.783012 0.299199 0.780631 0.297777 0.802853
0 0.281308 0.901802 0.286381 0.852867 0.263214 0.845275 0.25814 0.894211
0 0.772199 0.569632 0.772902 0.541643 0.759084 0.540547 0.758381 0.568536
0 0.448469 0.671356 0.449331 0.652471 0.431735 0.649933 0.430873 0.668818
0 0.0574486 0.806458 0.0585094 0.786258 0.046887 0.784329 0.0458262 0.804529
0 1.00218 0.569972 1.00493 0.551349 0.989986 0.544361 0.987231 0.562984
0 0.914294 0.595061 0.920071 0.577541 0.904539 0.561354 0.898762 0.578873
0 0.0488091 0.982231 0.0592056 0.935819 0.0400313 0.922245 0.0296347 0.968657
0 0.559553 0.984737 0.575276 0.955 0.547635 0.908808 0.531911 0.938545
0 0.97378 0.732297 0.977571 0.69901 0.953201 0.690239 0.94941 0.723527
0 0.755328 0.764785 0.755517 0.742967 0.740066 0.742546 0.739878 0.764364
0 0.811215 0.488377 0.814667 0.463903 0.801891 0.458208 0.798439 0.482682
0 0.39959 0.838808 0.420237 0.808874 0.411715 0.790298 0.391068 0.820232
0 0.0572673 0.860377 0.0719728 0.834981 0.0618037 0.81637 0.0470982 0.841766
0 0.999733 0.325289 1.00511 0.299499 0.990454 0.289833 0.985074 0.315624
0 0.395181 0.674245 0.40425 0.64853 0.386122 0.628323 0.377053 0.654038
0 0.0614749 0.896248 0.0732795 0.878018 0.0639212 0.858865 0.0521165 0.877095
0 0.857664 0.718813 0.863443 0.698697 0.849598 0.686127 0.843819 0.706243
0 0.622696 0.737181 0.634661 0.716737 0.620058 0.689727 0.608094 0.710171
0 0.598018 0.747827 0.601756 0.720623 0.58817 0.714721 0.584431 0.741926
0 0.366992 0.772269 0.376225 0.743931 0.36314 0.730456 0.353907 0.758795
0 0.576893 0.770647 0.577499 0.733631 0.562096 0.732835 0.56149 0.76985
0 0.106093 0.874896 0.105516 0.841573 0.0842737 0.842736 0.0848505 0.876058
0 0.470153 0.763326 0.476872 0.741786 0.468012 0.733051 0.461293 0.754591
0 0.420036 0.747613 0.42625 0.734004 0.414383 0.716878 0.408169 0.730487
0 0.243566 0.805759 0.247657 0.781755 0.234741 0.774798 0.23065 0.798801
0 0.97682 0.590717 0.982243 0.573399 0.96836 0.55966 0.962938 0.576978
0 0.13536 0.699135 0.13473 0.677847 0.11998 0.679228 0.120611 0.700516
0 0.0950717 0.661345 0.0951254 0.642534 0.0833689 0.642428 0.0833151 0.661239
0 0.394138 0.831178 0.397159 0.796138 0.374383 0.789931 0.371362 0.824971
0 0.377103 0.644441 0.376978 0.595847 0.356687 0.596011 0.356812 0.644605
0 0.035543 0.984532 0.043827 0.94341 0.0301806 0.934722 0.0218966 0.975844
0 0.0927453 0.856829 0.105731 0.827218 0.0930364 0.809622 0.0800502 0.839232
0 0.351947 0.798439 0.357295 0.770484 0.342505 0.761542 0.337157 0.789498
0 0.735009 0.687117 0.736527 0.660969 0.717709 0.657515 0.716191 0.683662
0 0.85132 0.772187 0.854483 0.744214 0.835231 0.737336 0.832069 0.765308
0 0.0190304 0.667051 0.0215709 0.64926 0.00919162 0.643673 0.00665106 0.661465
0 0.578122 0.813897 0.579963 0.783622 0.564206 0.780594 0.562365 0.81087
0 0.833325 0.674091 0.838866 0.655722 0.828122 0.64548 0.822581 0.663849
0 0.22621 0.378782 0.24291 0.343763 0.195688 0.272592 0.178988 0.307611
0 0.431686 0.778655 0.434078 0.749828 0.417632 0.745514 0.41524 0.774341
0 0.661709 0.620158 0.666699 0.599106 0.655854 0.590982 0.650864 0.612033
0 0.585084 0.747717 0.588141 0.724052 0.574794 0.718603 0.571737 0.742268
0 0.653168 0.498244 0.655023 0.479415 0.643908 0.475954 0.642053 0.494783
0 0.237866 0.877692 0.238631 0.856707 0.224135 0.855038 0.22337 0.876022
0 1.00009 0.348916 1.00231 0.319427 0.978913 0.313853 0.97669 0.343342
0 0.323717 0.857973 0.326648 0.839286 0.316447 0.834229 0.313516 0.852915
0 0.884039 0.623347 0.890991 0.594673 0.873949 0.581614 0.866997 0.610288
0 0.851338 0.708621 0.855772 0.689272 0.843538 0.680411 0.839104 0.699761
0 0.309842 0.896616 0.316259 0.874637 0.305954 0.865128 0.299536 0.887107
0 0.886272 0.733271 0.887562 0.710477 0.871514 0.707609 0.870225 0.730403
0 0.906644 0.634377 0.919811 0.606762 0.910261 0.592371 0.897094 0.619986
0 0.533501 0.775939 0.540281 0.754203 0.530895 0.744951 0.524115 0.766687
0 0.290763 0.925405 0.301618 0.899782 0.292096 0.887033 0.281241 0.912656
0 0.319367 0.793218 0.320796 0.769953 0.306364 0.76715 0.304934 0.790416
0 0.992916 0.668955 1.00236 0.644023 0.97698 0.613653 0.967539 0.638585
0 0.0587083 0.871743 0.0629938 0.846767 0.0493833 0.839386 0.0450979 0.864362
0 0.800386 0.499026 0.804692 0.480428 0.791277 0.470612 0.786971 0.489209
0 0.0437276 0.75309 0.0514664 0.731856 0.0435244 0.722708 0.0357856 0.743942
0 0.114549 0.699402 0.115162 0.680437 0.102456 0.679137 0.101842 0.698102
0 0.562828 0.711126 0.572958 0.692261 0.564104 0.677236 0.553974 0.696101
0 0.897195 0.741236 0.898757 0.720868 0.885923 0.717758 0.884361 0.738126
0 0.392508 0.89254 0.396983 0.871108 0.385372 0.863444 0.380896 0.884876
0 0.987371 0.761379 0.993242 0.735352 0.973403 0.721208 0.967532 0.747235
0 0.898845 0.587075 0.899786 0.564842 0.878656 0.562013 0.877714 0.584246
0 0.416199 0.861298 0.418995 0.838247 0.403158 0.832175 0.400362 0.855226
0 0.960385 0.519491 0.965452 0.502339 0.95561 0.493149 0.950543 0.510301
0 0.0314974 0.840069 0.0417662 0.820517 0.0333176 0.806493 0.0230488 0.826044
0 0.414162 0.774055 0.414442 0.739966 0.392511 0.739396 0.392231 0.773484
0 0.234461 0.312611 0.269319 0.265401 0.224407 0.1606 0.18955 0.20781
0 0.694494 0.765541 0.699818 0.722221 0.684297 0.716191 0.678972 0.759512
0 0.286624 0.764763 0.290659 0.741878 0.275121 0.733219 0.271086 0.756104
0 0.541251 0.757595 0.550438 0.732904 0.542584 0.723668 0.533397 0.748358
0 0.824734 0.794221 0.827948 0.773545 0.814296 0.766838 0.811082 0.787514
0 0.55546 0.817055 0.562121 0.785068 0.550348 0.77732 0.543687 0.809307
0 0.035925 0.863522 0.0460972 0.837482 0.03197 0.820041 0.0217978 0.84608
0 0.88178 0.505825 0.890157 0.483114 0.879182 0.47032 0.870805 0.49303
0 0.264361 0.818876 0.278455 0.788867 0.268541 0.774152 0.254448 0.80416
0 0.612107 0.719961 0.614734 0.692147 0.597352 0.686957 0.594724 0.714771
0 0.746618 0.728861 0.749442 0.708971 0.739541 0.704529 0.736717 0.724419
0 0.00503088 0.928351 0.0178477 0.903386 0.00923315 0.889408 -0.00358368 0.914374
0 0.610442 0.632114 0.617679 0.61367 0.609606 0.603658 0.602369 0.622102
0 0.873135 0.703108 0.87314 0.66569 0.856916 0.665684 0.856911 0.703102
0 0.965885 0.461732 0.970884 0.440934 0.954987 0.428857 0.949988 0.449655
0 0.172081 0.845838 0.187749 0.80076 0.175254 0.787034 0.159586 0.832113
0 0.821777 0.681716 0.826894 0.663022 0.817121 0.654566 0.812003 0.67326
0 0.0331015 0.702974 0.0348117 0.68084 0.0223411 0.677795 0.0206309 0.699929
0 0.969208 0.462419 0.975003 0.44735 0.959298 0.42826 0.953502 0.44333
0 0.0196849 0.935199 0.0312384 0.901367 0.0199689 0.889204 0.0084154 0.923035
0 0.771881 0.765036 0.77406 0.744821 0.763558 0.741242 0.761379 0.761458
0 0.964656 0.473993 0.966118 0.454047 0.955437 0.451573 0.953975 0.47152
0 0.736069 0.773754 0.741103 0.752486 0.729513 0.743815 0.724478 0.765084
0 0.186754 0.0347539 0.193654 0.0016712 0.171374 -0.0130146 0.164475 0.0200681
0 0.600094 0.806942 0.601654 0.774727 0.581735 0.77168 0.580176 0.803896
0 0.230375 0.792284 0.240674 0.768992 0.23218 0.757122 0.221881 0.780414
0 0.799147 0.799982 0.805914 0.772645 0.790123 0.760291 0.783356 0.787629
0 0.695237 0.494083 0.69818 0.464516 0.68637 0.460801 0.683428 0.490368
0 0.17123 0.276797 0.179731 0.255528 0.142784 0.208852 0.134282 0.230122
0 0.910425 0.715797 0.922154 0.696117 0.913976 0.680713 0.902246 0.700393
0 0.0196938 0.938924 0.0249125 0.912287 0.0125868 0.904655 0.00736819 0.931291
0 0.0433769 1.00968 0.05948 0.992028 0.0527738 0.972697 0.0366708 0.990353
0 0.0881253 1.0154 0.127505 0.995323 0.120879 0.954246 0.0814995 0.974321
0 0.364731 0.968423 0.378897 0.933626 0.367818 0.919372 0.353653 0.954169
0 0.0375146 0.940214 0.0446164 0.918281 0.033984 0.9074 0.0268821 0.929333
0 0.975237 0.577704 0.981955 0.561835 0.962235 0.535453 0.955518 0.551322
0 0.583621 0.717683 0.585684 0.696375 0.576459 0.693551 0.574396 0.71486
0 0.837134 0.520413 0.839057 0.497437 0.822496 0.493057 0.820573 0.516033
0 0.605477 0.770966 0.609127 0.74827 0.598896 0.74307 0.595246 0.765766
0 0.830289 0.649248 0.833507 0.624869 0.820967 0.619637 0.817749 0.644016
0 0.047285 0.985929 0.0538453 0.949632 0.0397983 0.941608 0.033238 0.977906
0 0.837037 0.792259 0.846034 0.770665 0.826363 0.744761 0.817366 0.766355
0 0.57901 0.659305 0.588282 0.641324 0.581985 0.631061 0.572712 0.649043
0 0.578931 0.681953 0.584701 0.659536 0.575488 0.652042 0.569719 0.67446
0 0.634939 0.748845 0.641778 0.726981 0.633359 0.718658 0.62652 0.740522
0 0.589945 0.670201 0.596203 0.652614 0.588589 0.644051 0.582331 0.661638
0 0.305277 0.884615 0.313979 0.853176 0.298946 0.840026 0.290244 0.871464
0 0.439779 0.686324 0.441322 0.66642 0.42504 0.662431 0.423497 0.682334
0 0.451159 0.737596 0.452359 0.711247 0.439762 0.709433 0.438561 0.735781
0 0.192748 0.798517 0.196467 0.778185 0.183614 0.770755 0.179895 0.791087
0 0.263072 0.732182 0.26608 0.705048 0.253564 0.700662 0.250556 0.727796
0 0.145681 0.900977 0.146187 0.878777 0.128081 0.877473 0.127575 0.899673
0 0.0234851 0.897907 0.0296219 0.875414 0.0189439 0.866206 0.0128071 0.888699
0 0.00483827 0.763273 0.0172073 0.743955 0.00980954 0.728985 -0.00255947 0.748303
0 0.0703957 0.872366 0.0780116 0.848476 0.0655189 0.835889 0.0579031 0.859779
0 0.795589 0.62777 0.796331 0.603603 0.784398 0.602444 0.783655 0.626612
0 0.461505 0.657129 0.466755 0.633683 0.452241 0.623411 0.446991 0.646858
0 0.677673 0.565177 0.680585 0.540197 0.668367 0.535695 0.665455 0.560675
0 0.648381 0.725882 0.657853 0.699197 0.645976 0.685874 0.636504 0.712559
0 0.278061 0.908656 0.283123 0.869992 0.266078 0.862939 0.261016 0.901604
0 0.884295 0.775102 0.887306 0.756413 0.874377 0.749829 0.871366 0.768519
0 0.133147 0.761775 0.141001 0.735515 0.128854 0.724032 0.121 0.750292
0 0.747031 0.749564 0.749162 0.731531 0.735196 0.726315 0.733065 0.744348
0 0.369679 0.501586 0.380103 0.477788 0.351501 0.438192 0.341077 0.46199
0 0.5704 0.730437 0.577405 0.7061 0.568809 0.698281 0.561805 0.722618
0 0.10099 0.331655 0.118449 0.318768 0.106943 0.269508 0.089485 0.282395
0 0.234805 0.470704 0.243493 0.390814 0.218415 0.382196 0.209728 0.462086
0 0.459749 0.794019 0.467825 0.774207 0.459137 0.763014 0.451061 0.782826
0 0.364305 0.821322 0.367076 0.794488 0.351561 0.789423 0.348789 0.816258
0 0.71786 0.784765 0.727827 0.757351 0.716612 0.744464 0.706645 0.771878
0 0.139616 0.68185 0.141883 0.657294 0.125399 0.652485 0.123133 0.677041
0 0.896205 0.508816 0.899838 0.486073 0.889295 0.480751 0.885662 0.503494
0 0.301152 0.546154 0.310679 0.498175 0.276578 0.476775 0.267051 0.524754
0 0.599078 0.78008 0.603089 0.75494 0.589802 0.748242 0.585792 0.773381
0 0.963735 0.650857 0.965603 0.632475 0.949392 0.627268 0.947524 0.64565
0 0.594645 0.661884 0.605207 0.637997 0.596414 0.625708 0.585851 0.649595
0 0.0261488 0.602041 0.033545 0.573645 0.0211734 0.563461 0.0137773 0.591856
0 0.636706 0.529348 0.641975 0.498543 0.62903 0.491545 0.623761 0.522351
0 0.986082 0.616395 0.98839 0.59519 0.972675 0.589784 0.970367 0.610989
0 0.555851 0.729928 0.564148 0.711308 0.555839 0.699605 0.547541 0.718225
0 0.732701 0.64721 0.734999 0.626768 0.723184 0.622569 0.720885 0.643011
0 0.889424 0.481277 0.891845 0.459177 0.878135 0.45443 0.875713 0.47653
0 0.86016 0.223473 0.851142 0.163631 0.801506 0.187272 0.810524 0.247113
0 0.0181173 1.00595 0.0288585 0.982368 0.017674 0.966267 0.00693287 0.989848
0 0.148577 0.279173 0.156994 0.233737 0.117826 0.210807 0.109409 0.256242
0 0.314725 0.770167 0.316939 0.75246 0.304505 0.747547 0.302292 0.765253
0 0.288413 0.946699 0.294677 0.926141 0.282678 0.914587 0.276415 0.935145
0 0.333891 0.791948 0.345117 0.766094 0.334934 0.752121 0.323709 0.777976
0 0.9247 0.785903 0.931028 0.755794 0.906966 0.739811 0.900638 0.76992
0 0.0548528 0.351147 0.0620785 0.294975 0.00127315 0.270254 -0.00595253 0.326426
0 0.16112 0.680567 0.171001 0.659621 0.162203 0.646505 0.152323 0.667451
0 0.791146 0.723929 0.794616 0.701252 0.779836 0.694104 0.776366 0.716782
0 0.303805 0.859955 0.306092 0.837891 0.293089 0.833631 0.290802 0.855695
0 0.94556 0.534039 0.953922 0.509513 0.94395 0.498767 0.935587 0.523293
0 0.0198097 0.845117 0.0289378 0.817247 0.0181028 0.806032 0.00897472 0.833902
0 0.749622 0.795426 0.755775 0.77689 0.741275 0.761678 0.735122 0.780215
0 0.784862 0.670809 0.797918 0.648955 0.782214 0.619301 0.769157 0.641155
0 0.971376 0.549888 0.975985 0.531985 0.9648 0.522885 0.960192 0.540788
0 0.558389 0.795602 0.562526 0.770741 0.552659 0.765552 0.548522 0.790413
0 0.147261 0.95224 0.144129 0.892131 0.105016 0.89857 0.108147 0.958679
0 0.958094 0.563473 0.963047 0.549649 0.950722 0.535693 0.945769 0.549517
0 0.196991 0.714479 0.204822 0.691449 0.194083 0.679907 0.186251 0.702937
0 0.135566 0.863946 0.148706 0.843589 0.141518 0.828926 0.128378 0.849283
0 0.82015 0.761557 0.825304 0.744067 0.809657 0.729496 0.804503 0.746987
0 0.13362 0.984193 0.138351 0.954218 0.121529 0.945826 0.116797 0.975802
0 0.839184 0.455249 0.84634 0.433616 0.837677 0.424559 0.830521 0.446191
0 0.905234 0.455045 0.910225 0.434986 0.901968 0.428492 0.896977 0.448551
0 0.0234821 0.864553 0.0243708 0.839552 0.00844623 0.837763 0.00755755 0.862764
