0 0.514305 0.836839 0.517479 0.808746 0.49962 0.80237 0.496447 0.830463
0 0.967366 0.925305 0.974397 0.823844 0.782244 0.781762 0.775214 0.883222
0 0.520075 0.788938 0.521567 0.765642 0.50876 0.76305 0.507269 0.786346
0 0.468126 0.898256 0.463609 0.859907 0.440061 0.868674 0.444578 0.907023
0 0.498067 0.856445 0.505917 0.8311 0.486507 0.812097 0.478656 0.837441
0 0.595478 0.985743 0.60729 0.959807 0.590202 0.935212 0.57839 0.961149
0 0.592649 0.866997 0.607856 0.841816 0.591001 0.809647 0.575794 0.834829
0 0.483212 0.763734 0.48669 0.735019 0.474711 0.730433 0.471233 0.759147
0 0.933999 0.610479 0.936604 0.585332 0.91929 0.579663 0.916685 0.60481
0 0.384651 0.930484 0.390915 0.862948 0.359907 0.853859 0.353643 0.921395
0 0.544597 0.773132 0.551856 0.751965 0.535171 0.733882 0.527912 0.755048
0 0.446673 0.926228 0.454827 0.905896 0.436972 0.883266 0.428818 0.903598
0 0.471652 0.623231 0.482049 0.561626 0.453247 0.546263 0.44285 0.607869
0 0.483812 0.787205 0.489988 0.768568 0.478874 0.756927 0.472697 0.775564
0 0.480147 0.820869 0.492463 0.785431 0.475217 0.766488 0.462901 0.801926
0 0.518221 0.754676 0.521786 0.735936 0.510318 0.729041 0.506753 0.747781
0 0.159791 0.0283964 0.16012 -0.00800513 0.135534 -0.00870712 0.135205 0.0276945
0 0.469492 1.00506 0.470196 0.965691 0.44416 0.964221 0.443456 1.00359
0 0.501697 0.70644 0.503733 0.684249 0.490888 0.680525 0.488853 0.702716
0 0.671478 0.684536 0.672211 0.654554 0.657088 0.653385 0.656355 0.683367
0 0.50929 0.766383 0.51178 0.74918 0.500308 0.743933 0.497818 0.761136
0 0.22343 0.367962 0.227982 0.334375 0.205401 0.324703 0.200849 0.35829
0 0.642725 0.803257 0.645889 0.776484 0.627944 0.76978 0.624779 0.796553
0 0.467727 0.794987 0.48053 0.755072 0.466053 0.740395 0.45325 0.78031
0 0.515199 0.858753 0.531632 0.839961 0.524386 0.819932 0.507952 0.838724
0 0.504415 0.926579 0.522164 0.913719 0.507326 0.848995 0.489577 0.861856
0 0.611698 0.901197 0.625131 0.886079 0.61266 0.85106 0.599228 0.866178
0 0.41832 0.529969 0.43382 0.469219 0.413482 0.452818 0.397981 0.513568
0 0.504097 0.748757 0.509114 0.724723 0.498522 0.717737 0.493506 0.74177
0 0.520017 0.654278 0.52093 0.628766 0.508349 0.627344 0.507436 0.652855
0 0.462835 0.849575 0.467338 0.827714 0.45565 0.820105 0.451147 0.841966
0 0.577888 0.894349 0.575109 0.855086 0.550144 0.860671 0.552924 0.899935
0 0.497919 0.785726 0.507273 0.7688 0.491456 0.741174 0.482102 0.7581
0 0.563969 0.920982 0.566178 0.89884 0.552941 0.894667 0.550733 0.916809
0 0.482524 0.863755 0.485686 0.834281 0.46987 0.828917 0.466707 0.858392
0 0.0850448 0.32898 0.0849854 0.284945 0.0617046 0.285045 0.061764 0.329079
0 0.641384 0.71646 0.647806 0.696826 0.635603 0.684212 0.629181 0.703846
0 0.171482 0.444955 0.166423 0.390326 0.142199 0.397416 0.147258 0.452044
0 0.947065 0.604121 0.948832 0.582081 0.936357 0.578919 0.93459 0.600959
0 0.514075 0.807853 0.515918 0.789979 0.50393 0.786072 0.502087 0.803947
0 0.646647 0.821809 0.652511 0.795289 0.640965 0.78722 0.635101 0.81374
0 0.486737 0.903155 0.492756 0.886253 0.479856 0.871733 0.473836 0.888635
0 0.59334 0.893747 0.6035 0.866123 0.592367 0.853182 0.582207 0.880806
0 0.999603 0.626609 1.00224 0.596822 0.988026 0.59285 0.985391 0.622636
0 0.616791 0.940402 0.622835 0.904099 0.606916 0.895723 0.600872 0.932026
0 0.622205 0.756849 0.624949 0.730975 0.613565 0.727158 0.61082 0.753033
0 0.00889468 1.00474 0.0291692 0.981014 0.0218462 0.961234 0.00157162 0.984957
0 0.567779 0.863289 0.569301 0.837026 0.551703 0.833802 0.550181 0.860065
0 0.583163 0.827141 0.586102 0.806241 0.572533 0.800208 0.569593 0.821109
0 0.22157 0.802785 0.247704 0.797586 0.236893 0.625833 0.210759 0.631032
0 0.506748 0.93515 0.510695 0.912951 0.49202 0.902455 0.488072 0.924654
0 0.426301 0.838668 0.438423 0.812421 0.418559 0.783425 0.406436 0.809672
0 0.548269 0.917818 0.552991 0.895234 0.539268 0.886167 0.534546 0.908751
0 0.603808 0.95806 0.611293 0.938895 0.59407 0.917634 0.586584 0.936799
0 0.234285 0.546381 0.232322 0.490642 0.181358 0.496313 0.18332 0.552051
0 0.577337 1.00852 0.585096 0.981122 0.561774 0.960248 0.554014 0.987649
0 0.468127 0.884828 0.466563 0.851824 0.443347 0.855299 0.44491 0.888303
0 0.55993 0.843695 0.56386 0.816375 0.551083 0.810567 0.547153 0.837887
0 0.609404 0.797443 0.617139 0.782677 0.605113 0.76277 0.597379 0.777537
0 0.543026 0.713857 0.54508 0.695573 0.536191 0.692417 0.534137 0.7107
0 0.520673 0.97405 0.524972 0.953317 0.51176 0.944658 0.50746 0.965391
0 0.458556 0.808553 0.459655 0.787816 0.446615 0.785632 0.445516 0.806369
0 0.402334 0.632485 0.401592 0.58207 0.376983 0.583214 0.377725 0.63363
0 0.533292 0.864849 0.53824 0.842955 0.526868 0.834831 0.521919 0.856724
0 0.644997 0.740311 0.646603 0.716562 0.632091 0.713461 0.630485 0.73721
0 0.659247 0.746571 0.662351 0.725433 0.649047 0.719259 0.645943 0.740398
0 0.534548 0.918957 0.539762 0.90138 0.526898 0.889321 0.521685 0.906898
0 0.411469 0.769228 0.418817 0.733746 0.408246 0.726827 0.400898 0.762309
0 0.481833 0.837893 0.484484 0.813714 0.471471 0.809204 0.46882 0.833383
0 1.00094 0.408613 1.0014 0.359781 0.988152 0.359383 0.987688 0.408216
0 0.513991 0.717434 0.519208 0.694283 0.508377 0.686569 0.50316 0.70972
0 0.929278 0.562784 0.930322 0.539778 0.916989 0.537866 0.915945 0.560872
0 0.170841 0.27359 0.182356 0.206526 0.140641 0.183889 0.129126 0.250954
0 0.596619 0.786819 0.600636 0.766862 0.588659 0.759243 0.584642 0.779199
0 0.628127 0.703856 0.629171 0.68101 0.610916 0.678372 0.609871 0.701218
0 0.904869 0.643454 0.910347 0.615843 0.892313 0.604536 0.886835 0.632147
0 0.428651 0.878978 0.431586 0.860588 0.417627 0.853547 0.414692 0.871937
0 0.507958 0.944961 0.511978 0.919342 0.493157 0.910008 0.489137 0.935627
0 0.578036 0.928855 0.582892 0.909738 0.568145 0.897898 0.563288 0.917015
0 0.671572 0.754372 0.673166 0.733751 0.661484 0.730896 0.65989 0.751517
0 0.63586 0.875493 0.636326 0.850589 0.620324 0.849641 0.619857 0.874545
0 0.439745 0.779743 0.449787 0.743999 0.432381 0.728543 0.422339 0.764287
0 0.0160769 0.989441 0.0151762 0.939418 -0.00244737 0.940421 -0.00154669 0.990444
0 0.621292 0.724533 0.625539 0.705851 0.612028 0.696145 0.607781 0.714826
0 0.134334 0.294647 0.144574 0.221231 0.0926252 0.198332 0.0823857 0.271748
