0 0.998342 0.981936 1.01341 0.865774 0.80643 0.780932 0.791364 0.897093
0 0.128576 0.917537 0.132264 0.870319 0.106895 0.864056 0.103207 0.911274
0 0.591426 1.01885 0.613831 0.966065 0.56953 0.906641 0.547126 0.95943
0 0.0598268 1.00816 0.0930302 0.986565 0.086006 0.952435 0.0528026 0.974032
0 0.0639098 0.974345 0.0644654 0.937591 0.0422343 0.936529 0.0416787 0.973283
0 0.0356644 0.985661 0.046892 0.952404 0.0316074 0.936096 0.0203798 0.969353
0 0.769121 1.00957 0.82139 0.928126 0.761342 0.806336 0.709073 0.887784
0 0.127343 0.808639 0.129387 0.784762 0.11467 0.780782 0.112627 0.804659
0 0.0338121 0.937106 0.0566608 0.916765 0.0494885 0.891303 0.0266398 0.911644
0 0.228189 0.258532 0.239092 0.209721 0.199727 0.181931 0.188824 0.230742
0 0.454203 0.804069 0.467146 0.773494 0.453842 0.755694 0.440899 0.78627
0 0.119681 0.85706 0.123592 0.828196 0.0997241 0.817975 0.0958132 0.846839
0 0.123288 0.776053 0.130806 0.750912 0.116658 0.737542 0.10914 0.762683
0 0.144635 0.74565 0.147272 0.721255 0.134138 0.716768 0.131501 0.741163
0 0.127961 0.869664 0.145849 0.858468 0.136087 0.809172 0.118199 0.820368
0 0.511482 0.604082 0.511867 0.572549 0.497285 0.571987 0.496901 0.60352
0 0.559157 0.537002 0.575476 0.504434 0.564383 0.486866 0.548063 0.519434
0 0.65541 0.636853 0.668975 0.598753 0.654822 0.582827 0.641257 0.620927
0 0.694671 0.563502 0.69901 0.506987 0.666674 0.499142 0.662336 0.555657
0 0.683324 0.490092 0.696559 0.463186 0.684825 0.444944 0.67159 0.47185
0 0.158339 0.860559 0.171254 0.805783 0.146611 0.78742 0.133696 0.842196
0 0.594176 0.506108 0.601627 0.495187 0.589759 0.469595 0.582308 0.480517
0 0.573158 0.546373 0.591388 0.513435 0.580403 0.494222 0.562174 0.52716
0 0.57794 0.483589 0.582829 0.453794 0.568605 0.446416 0.563716 0.476212
0 0.0770788 0.848196 0.0742173 0.817372 0.0435323 0.826376 0.0463938 0.857199
0 0.108337 0.925005 0.109712 0.894591 0.0914037 0.891975 0.0900288 0.922389
0 0.176261 0.795476 0.173021 0.763284 0.147214 0.771493 0.150455 0.803686
0 0.439694 0.947603 0.456149 0.845804 0.389359 0.811684 0.372905 0.913483
0 0.0995804 0.333334 0.116013 0.316061 0.101742 0.27315 0.0853092 0.290423
0 0.581706 0.561123 0.591167 0.534127 0.579841 0.521583 0.57038 0.548579
0 0.168379 0.759271 0.170014 0.73407 0.15653 0.731306 0.154896 0.756507
0 0.462165 0.762211 0.461984 0.722815 0.431442 0.723257 0.431622 0.762653
0 0.663578 0.421055 0.670289 0.395366 0.650144 0.378735 0.643433 0.404424
0 0.252754 0.752138 0.253684 0.712176 0.227927 0.710283 0.226998 0.750245
0 0.0916736 0.941234 0.0926336 0.906687 0.0689119 0.904603 0.0679519 0.939151
0 0.389145 0.806908 0.389826 0.783738 0.375086 0.782369 0.374405 0.805539
0 0.187114 0.726084 0.188223 0.70665 0.175935 0.704433 0.174825 0.723867
0 0.154165 0.701722 0.154749 0.681736 0.140524 0.680422 0.13994 0.700408
0 0.0257039 0.925346 0.0333685 0.905764 0.0179414 0.88668 0.0102768 0.906263
0 0.597471 0.460175 0.599194 0.43846 0.589545 0.436041 0.587822 0.457756
0 0.790281 0.54044 0.797411 0.516302 0.782226 0.502127 0.775096 0.526265
0 0.146616 0.77319 0.149685 0.748044 0.133762 0.741902 0.130693 0.767049
0 0.742051 0.736243 0.752436 0.712376 0.732919 0.685535 0.722534 0.709402
0 0.0406561 0.913887 0.0738731 0.87606 0.0614219 0.841504 0.028205 0.879331
0 0.705659 0.600585 0.703787 0.54648 0.678973 0.549195 0.680846 0.603299
0 0.791186 0.450884 0.789395 0.403361 0.768872 0.405805 0.770663 0.453329
0 0.674701 0.476742 0.676703 0.45685 0.664923 0.453102 0.66292 0.472994
0 0.156342 0.741333 0.166812 0.712001 0.155272 0.698982 0.144801 0.728313
0 0.658399 0.573269 0.669879 0.54713 0.660635 0.534299 0.649155 0.560437
0 0.50444 0.747513 0.506832 0.722288 0.492143 0.717884 0.48975 0.74311
0 0.544362 0.504807 0.553261 0.474751 0.5422 0.464401 0.533301 0.494457
0 0.530593 0.637737 0.536321 0.604084 0.522639 0.596724 0.516911 0.630377
0 0.375206 0.957488 0.389175 0.922755 0.373765 0.903166 0.359795 0.937899
0 0.178835 0.844371 0.187044 0.808946 0.171905 0.797859 0.163696 0.833284
0 0.176744 0.675103 0.178849 0.645971 0.161498 0.642009 0.159393 0.671141
0 0.19058 0.77667 0.200382 0.756115 0.191956 0.743416 0.182154 0.76397
0 0.768436 0.7102 0.776348 0.674129 0.762054 0.66422 0.754142 0.70029
0 0.620093 0.686063 0.620159 0.652918 0.598622 0.652783 0.598557 0.685929
0 0.650408 0.469548 0.658413 0.451824 0.642391 0.428956 0.634387 0.446681
0 0.152065 0.717211 0.151341 0.697703 0.135133 0.699604 0.135857 0.719112
0 0.741091 0.657457 0.746464 0.635107 0.726434 0.619889 0.721061 0.642239
0 0.126718 0.68316 0.128388 0.660188 0.115629 0.657258 0.11396 0.680229
0 0.731229 0.820514 0.748267 0.673388 0.64384 0.63517 0.626803 0.782295
0 0.729076 0.382686 0.731787 0.354627 0.714872 0.349461 0.712161 0.377521
0 0.11525 0.821615 0.117945 0.784026 0.0942104 0.778648 0.0915155 0.816237
0 0.300849 0.717677 0.301585 0.687911 0.283043 0.686463 0.282308 0.716229
0 0.588737 0.396196 0.593576 0.370465 0.578465 0.361484 0.573626 0.387215
0 0.111789 0.783612 0.114916 0.766004 0.100196 0.75774 0.0970685 0.775348
0 0.592166 0.414781 0.603215 0.397333 0.59193 0.374749 0.580881 0.392197
0 0.0937261 0.971781 0.0964358 0.940366 0.0760998 0.934822 0.0733901 0.966237
0 0.541897 0.840417 0.542616 0.815808 0.523883 0.81408 0.523164 0.838689
0 0.59163 0.765402 0.597062 0.749294 0.580296 0.731427 0.574864 0.747535
0 0.341262 0.778402 0.344286 0.743203 0.327554 0.73866 0.324529 0.773859
0 0.74642 0.699788 0.750352 0.668286 0.734811 0.662156 0.730879 0.693657
0 0.135081 0.788266 0.137178 0.769807 0.12089 0.763959 0.118793 0.782419
0 0.149878 0.659598 0.150326 0.641606 0.136505 0.640518 0.136058 0.65851
0 0.0303972 0.895013 0.0320296 0.863267 0.0158145 0.860632 0.0141821 0.892377
0 0.127899 0.73019 0.1292 0.708458 0.114526 0.705682 0.113225 0.727414
0 0.132557 0.746963 0.134488 0.726618 0.120386 0.722387 0.118454 0.742732
0 0.164654 0.706087 0.168256 0.685037 0.155394 0.678083 0.151792 0.699132
0 0.421714 0.786244 0.42507 0.757687 0.407052 0.750994 0.403696 0.779551
0 0.176936 0.708066 0.181327 0.680618 0.169622 0.674701 0.165231 0.702148
0 0.144371 0.820457 0.147361 0.791874 0.133938 0.787437 0.130949 0.81602
0 0.512956 0.674926 0.526454 0.652538 0.51906 0.638448 0.505561 0.660835
0 0.695633 0.522703 0.704948 0.504482 0.68547 0.473013 0.676155 0.491234
0 0.0525982 0.838618 0.0583126 0.802928 0.0370329 0.792159 0.0313184 0.82785
0 0.430311 0.815817 0.432288 0.791016 0.418648 0.78758 0.416671 0.812381
0 0.581612 0.503014 0.584907 0.482813 0.574163 0.477273 0.570867 0.497474
0 0.71237 0.459503 0.7236 0.447146 0.707216 0.400089 0.695986 0.412446
0 0.520905 0.810905 0.523925 0.762199 0.496908 0.756905 0.493888 0.805611
0 0.50848 0.572762 0.513654 0.550576 0.504748 0.544014 0.499575 0.5662
0 0.513966 0.638689 0.519464 0.6205 0.505999 0.607638 0.500501 0.625827
0 0.561087 0.675329 0.572504 0.652213 0.561957 0.635749 0.55054 0.658865
0 0.654429 0.438798 0.662404 0.419038 0.648685 0.401539 0.64071 0.421299
0 0.514526 0.74417 0.528162 0.722808 0.520704 0.707761 0.507068 0.729124
0 0.646477 0.562171 0.651533 0.536077 0.63707 0.527221 0.632015 0.553316
0 0.0963336 0.86572 0.0994524 0.839204 0.0852173 0.833912 0.0820985 0.860429
0 0.627388 0.479234 0.63414 0.442814 0.620375 0.434749 0.613623 0.471169
0 0.819929 0.290307 0.821604 0.250981 0.800397 0.248128 0.798722 0.287454
0 0.548282 0.738239 0.554652 0.710705 0.540474 0.700337 0.534103 0.727871
0 0.85662 0.745786 0.867472 0.690033 0.802592 0.650121 0.79174 0.705874
0 0.209762 0.84106 0.219099 0.811064 0.210234 0.802343 0.200897 0.832339
0 0.611785 0.422985 0.615016 0.401951 0.60143 0.395355 0.598199 0.416389
0 0.214123 0.698855 0.214307 0.682885 0.199273 0.682338 0.199089 0.698307
0 0.738399 0.584794 0.739985 0.565123 0.727474 0.561936 0.725888 0.581607
0 0.714755 0.581736 0.716487 0.542349 0.695467 0.539427 0.693735 0.578814
0 0.460325 0.631176 0.472427 0.607449 0.464405 0.594519 0.452304 0.618246
0 0.545618 0.533682 0.552077 0.510569 0.534464 0.495014 0.528006 0.518128
0 0.610089 0.307014 0.622912 0.283312 0.601732 0.247096 0.588909 0.270797
0 0.845567 0.391996 0.846158 0.355006 0.822014 0.353785 0.821423 0.390776
0 0.70603 0.623674 0.715226 0.601377 0.706762 0.590343 0.697565 0.61264
0 0.594209 0.569124 0.600464 0.544822 0.590278 0.536535 0.584022 0.560837
0 0.0845443 0.861101 0.0853702 0.834647 0.0694749 0.833079 0.068649 0.859532
0 0.193022 0.649393 0.19358 0.62774 0.177187 0.626404 0.176629 0.648058
0 0.812014 0.399854 0.815989 0.381233 0.798434 0.369389 0.794459 0.38801
0 0.544624 0.651125 0.546569 0.631747 0.535431 0.628213 0.533486 0.647592
0 0.591655 0.632737 0.591779 0.610931 0.570165 0.610541 0.570041 0.632346
0 0.496514 0.640697 0.501341 0.620019 0.491078 0.612447 0.486251 0.633125
0 0.738568 0.69388 0.737711 0.654593 0.721796 0.655691 0.722654 0.694977
0 0.506292 0.910088 0.515732 0.889355 0.506981 0.876762 0.497541 0.897494
0 0.770093 0.466149 0.772409 0.41797 0.742766 0.413467 0.740451 0.461646
0 0.348512 0.215571 0.350331 0.18174 0.308796 0.174683 0.306977 0.208515
0 0.550215 0.677827 0.553807 0.655613 0.541833 0.649493 0.53824 0.671707
0 0.0632376 0.931586 0.0700711 0.904688 0.0579026 0.894918 0.0510692 0.921815
0 0.806017 0.552833 0.815311 0.539013 0.802672 0.512151 0.793378 0.525971
0 0.675573 0.460073 0.679454 0.438144 0.668536 0.432038 0.664655 0.453967
0 0.0687994 0.687548 0.0702351 0.648703 0.0486252 0.646179 0.0471896 0.685024
0 0.723142 0.651952 0.727561 0.621307 0.714116 0.61518 0.709697 0.645825
0 0.165802 0.899377 0.16995 0.876139 0.153419 0.866813 0.149271 0.890051
0 0.471947 0.63978 0.478922 0.614382 0.470167 0.606784 0.463192 0.632182
0 0.637842 0.590926 0.640403 0.567448 0.629212 0.56359 0.626651 0.587068
0 0.0148975 0.99767 0.0278392 0.971344 0.0173366 0.955027 0.00439491 0.981352
0 0.532776 0.563714 0.535076 0.539056 0.523455 0.53563 0.521155 0.560288
0 0.485291 0.584553 0.494454 0.564039 0.487499 0.554221 0.478336 0.574735
0 0.140528 0.720082 0.140723 0.698412 0.124849 0.697961 0.124654 0.719631
0 0.758704 0.493223 0.772703 0.468555 0.763374 0.451824 0.749375 0.476493
0 0.575764 0.430306 0.579981 0.408746 0.569719 0.402402 0.565502 0.423962
0 0.670819 0.31676 0.681773 0.300195 0.665759 0.266726 0.654805 0.28329
0 0.191404 0.678512 0.193107 0.655939 0.179431 0.652678 0.177727 0.675251
0 0.149676 0.689938 0.151279 0.662614 0.134807 0.659561 0.133204 0.686885
0 0.101124 0.792 0.103961 0.77081 0.0895164 0.764698 0.0866796 0.785888
0 0.784622 0.73226 0.799895 0.713659 0.778798 0.65891 0.763525 0.677511
0 0.590368 0.674662 0.596053 0.650866 0.584662 0.642266 0.578977 0.666062
0 0.562488 0.514327 0.575276 0.485293 0.565483 0.471662 0.552695 0.500696
0 0.479281 0.823069 0.482871 0.801818 0.46962 0.794744 0.466031 0.815995
0 0.70468 0.420697 0.71346 0.411722 0.702121 0.376663 0.693341 0.385637
0 0.677483 0.608589 0.679725 0.583989 0.666088 0.58006 0.663846 0.60466
0 0.666008 0.447124 0.672479 0.428477 0.662463 0.417491 0.655992 0.436138
0 0.568537 0.58117 0.570072 0.562489 0.560195 0.559923 0.55866 0.578604
0 0.0594755 0.106903 0.0894122 0.0158361 0.0588828 -0.0158829 0.028946 0.0751839
0 0.819389 0.390738 0.823945 0.372838 0.812948 0.363992 0.808392 0.381892
0 0.471613 0.708103 0.479191 0.676971 0.466259 0.667022 0.458681 0.698154
0 0.614152 0.44859 0.618935 0.432279 0.610621 0.424573 0.605837 0.440885
0 0.503207 0.216613 0.502038 0.164267 0.471197 0.166444 0.472366 0.218791
0 0.753247 0.58093 0.754184 0.559572 0.73923 0.557499 0.738293 0.578856
0 0.532596 0.665669 0.541624 0.646956 0.52983 0.628972 0.520801 0.647685
0 0.149673 0.786168 0.150559 0.765104 0.138202 0.763461 0.137316 0.784525
0 0.174853 0.327178 0.192779 0.219093 0.118918 0.180376 0.100992 0.288461
0 0.58022 0.615188 0.584206 0.588987 0.567046 0.580735 0.563059 0.606937
0 0.587775 0.456778 0.590547 0.436338 0.580789 0.432155 0.578017 0.452595
0 0.509299 0.702935 0.512023 0.678468 0.501237 0.674673 0.498514 0.69914
0 0.565641 0.448072 0.570842 0.429335 0.562842 0.422316 0.557641 0.441054
0 0.0381631 0.886663 0.0465132 0.852488 0.0312758 0.840721 0.0229257 0.874897
0 0.734351 0.624728 0.740218 0.604137 0.725865 0.591212 0.719998 0.611802
0 0.438428 0.624914 0.447465 0.60319 0.438777 0.591768 0.42974 0.613492
0 0.610428 0.328581 0.613592 0.308921 0.602062 0.303056 0.598898 0.322717
0 0.540673 0.576087 0.544614 0.55694 0.53562 0.551088 0.531679 0.570235
0 0.758405 0.618996 0.761033 0.596415 0.747733 0.591523 0.745105 0.614104
0 0.311738 0.774283 0.315874 0.7445 0.301632 0.73825 0.297497 0.768034
0 0.035409 1.01253 0.056218 0.989837 0.0458444 0.959769 0.0250353 0.982459
0 0.355665 0.748706 0.365935 0.724614 0.355124 0.710047 0.344854 0.734139
0 0.0486947 0.115146 0.0535933 -0.0118254 -0.0145156 -0.02013 -0.0194142 0.106842
0 0.687989 0.321164 0.691943 0.300713 0.679711 0.293239 0.675757 0.31369
0 0.766645 0.396148 0.768839 0.369611 0.754968 0.365987 0.752774 0.392524
0 0.757355 0.733605 0.76783 0.706894 0.757754 0.694405 0.747278 0.721115
0 0.836211 0.360864 0.839054 0.334746 0.825574 0.330109 0.822732 0.356227
0 0.987358 0.222802 0.991354 0.177008 0.973327 0.172037 0.969331 0.21783
0 0.478396 0.890811 0.485261 0.843391 0.448746 0.826684 0.441882 0.874104
0 0.784981 0.742742 0.787586 0.720454 0.768851 0.713534 0.766246 0.735822
0 0.492322 0.863018 0.499496 0.834087 0.488834 0.825731 0.48166 0.854661
0 0.198885 0.722244 0.202469 0.698666 0.191564 0.693425 0.187979 0.717004
0 0.453657 0.655138 0.463083 0.631854 0.454173 0.620456 0.444748 0.643739
0 0.283405 0.354693 0.293489 0.322337 0.25839 0.287767 0.248306 0.320122
0 0.775683 0.637067 0.788859 0.625133 0.779005 0.590751 0.765829 0.602685
0 0.739752 0.630051 0.745724 0.608223 0.732399 0.596701 0.726428 0.618529
0 0.468452 0.678094 0.47503 0.644344 0.459211 0.6346 0.452633 0.668351
0 0.130563 0.790561 0.132332 0.771281 0.116636 0.766728 0.114866 0.786008
0 0.696105 0.285423 0.700034 0.263451 0.690657 0.258152 0.686728 0.280123
0 0.637486 0.491582 0.645483 0.464099 0.632196 0.451882 0.6242 0.479365
0 0.674454 0.497166 0.677423 0.479349 0.667201 0.473963 0.664231 0.49178
0 0.770799 0.750803 0.773362 0.730351 0.760768 0.725361 0.758204 0.745814
0 0.700063 0.461502 0.707693 0.437492 0.695773 0.42552 0.688143 0.44953
0 0.841337 0.446953 0.843835 0.427992 0.829967 0.422217 0.827469 0.441178
0 0.669824 1.0011 0.6839 0.80326 0.620416 0.788985 0.60634 0.986826
0 0.493969 0.803006 0.499127 0.755786 0.484089 0.750593 0.47893 0.797814
0 0.717527 0.463762 0.727268 0.448891 0.715513 0.424557 0.705773 0.439428
0 0.520919 0.706718 0.524052 0.687946 0.513676 0.682472 0.510543 0.701244
0 0.895191 0.570294 0.901191 0.554127 0.886526 0.536925 0.880526 0.553092
0 0.674949 0.583283 0.678185 0.560867 0.664851 0.554782 0.661614 0.577198
0 0.646042 0.353982 0.649232 0.330492 0.635869 0.324758 0.632679 0.348248
0 0.658578 0.54714 0.664033 0.522975 0.652382 0.514662 0.646927 0.538827
0 0.783146 0.567403 0.791986 0.544919 0.781688 0.532123 0.772848 0.554607
0 0.947336 0.756288 0.952757 0.727927 0.90938 0.701722 0.903958 0.730083
0 0.456877 0.726373 0.467098 0.712212 0.454328 0.683083 0.444107 0.697244
0 0.810487 0.75985 0.819125 0.737694 0.795457 0.708532 0.78682 0.730689
0 0.506337 0.655388 0.51166 0.630798 0.502091 0.624251 0.496768 0.648841
0 0.676513 0.432036 0.678645 0.412959 0.666149 0.408545 0.664017 0.427622
0 0.215776 0.671229 0.221591 0.656944 0.210886 0.643173 0.205071 0.657458
0 0.0120497 0.983298 0.027358 0.958765 0.0181562 0.940618 0.00284792 0.96515
0 0.117891 0.422682 0.11722 0.386874 0.090723 0.388442 0.0913936 0.42425
0 0.355578 0.67204 0.364877 0.638558 0.352209 0.627439 0.34291 0.660921
0 0.539425 0.702874 0.541376 0.676655 0.529633 0.673893 0.527682 0.700113
0 0.508609 0.852077 0.510182 0.830061 0.497213 0.827132 0.49564 0.849148
0 0.0782686 0.826517 0.0785533 0.802259 0.0637645 0.80171 0.0634799 0.825969
0 0.443535 0.702705 0.448285 0.682846 0.439092 0.675896 0.434342 0.695755
0 0.601637 0.681765 0.602878 0.659949 0.591208 0.657851 0.589967 0.679667
0 0.589002 0.72218 0.589081 0.694888 0.568888 0.694703 0.568809 0.721996
0 0.535692 0.670947 0.542041 0.65045 0.527836 0.636543 0.521487 0.65704
0 0.0695165 0.81476 0.0702294 0.78879 0.055213 0.787487 0.0545 0.813457
0 0.659345 0.593207 0.665081 0.574406 0.65556 0.565227 0.649825 0.584028
0 0.594921 0.42966 0.597623 0.413118 0.587081 0.407676 0.584379 0.424218
0 0.549993 0.61235 0.551858 0.591613 0.539514 0.588104 0.537649 0.60884
0 0.563975 0.432109 0.567394 0.409083 0.557194 0.404297 0.553776 0.427323
0 0.718325 0.350717 0.72128 0.328083 0.710774 0.323747 0.707818 0.34638
0 0.0782822 0.962565 0.0786092 0.935426 0.0635413 0.934852 0.0632143 0.961991
0 0.188878 0.70882 0.192819 0.691343 0.18287 0.684252 0.178929 0.701729
0 0.633718 0.562328 0.634826 0.534046 0.620668 0.532293 0.61956 0.560575
0 0.796028 0.509629 0.804851 0.483619 0.794355 0.472367 0.785533 0.498378
0 0.758109 0.313993 0.763851 0.265635 0.733767 0.254345 0.728025 0.302703
0 0.370704 0.704746 0.381872 0.680015 0.372314 0.666374 0.361146 0.691106
0 0.860524 0.712526 0.870999 0.679759 0.828599 0.63692 0.818124 0.669687
0 0.622228 0.438723 0.626424 0.414102 0.616668 0.408847 0.612472 0.433469
0 0.378264 0.64804 0.381843 0.624835 0.372406 0.620235 0.368827 0.64344
0 0.842144 0.540313 0.850175 0.514333 0.837797 0.502241 0.829766 0.528221
0 0.536525 0.820809 0.539319 0.800558 0.525758 0.794647 0.522965 0.814897
0 0.326934 0.309086 0.32957 0.264897 0.303153 0.259916 0.300517 0.304105
0 0.515238 0.829562 0.516444 0.805309 0.502934 0.803187 0.501729 0.827439
0 0.186205 0.758471 0.196141 0.740665 0.188747 0.727625 0.178811 0.745431
0 0.688872 0.621863 0.691834 0.597841 0.677988 0.592445 0.675026 0.616467
0 0.709082 0.510333 0.720779 0.491929 0.702038 0.454286 0.690342 0.47269
0 0.182508 0.742447 0.182824 0.723147 0.170201 0.722494 0.169885 0.741794
0 0.583712 0.670832 0.586478 0.637157 0.570074 0.6329 0.567308 0.666574
0 0.488716 0.662369 0.494396 0.639378 0.484075 0.631319 0.478394 0.65431
0 0.589438 0.445864 0.591279 0.425889 0.580563 0.422769 0.578723 0.442744
0 0.769655 0.785742 0.779398 0.76697 0.763587 0.741033 0.753843 0.759805
0 0.657419 0.385685 0.662003 0.364345 0.647879 0.354756 0.643295 0.376097
0 0.749933 0.672576 0.75253 0.651831 0.738226 0.646171 0.735629 0.666917
0 0.714187 0.528432 0.719677 0.510366 0.703027 0.494372 0.697536 0.512438
0 0.0979954 0.161639 0.117672 0.0916876 0.0605751 0.0409263 0.0408981 0.110878
0 0.545101 0.630596 0.546828 0.613733 0.537462 0.610702 0.535735 0.627565
0 0.67758 0.353201 0.686536 0.334068 0.678642 0.32239 0.669686 0.341523
0 0.526477 0.735848 0.52801 0.714955 0.515945 0.712157 0.514411 0.73305
0 0.234496 0.928136 0.232462 0.898729 0.213939 0.902777 0.215973 0.932185
0 0.642691 0.621016 0.650092 0.592535 0.635843 0.580832 0.628442 0.609313
0 0.827634 0.341594 0.829862 0.316534 0.815969 0.312631 0.813741 0.337691
0 0.194235 0.829618 0.196829 0.806578 0.182961 0.801643 0.180367 0.824683
0 0.43752 0.685299 0.452078 0.663796 0.444199 0.646937 0.429641 0.668441
0 0.884504 0.56757 0.890137 0.543372 0.871101 0.529365 0.865467 0.553562
0 0.637938 0.441855 0.644121 0.425934 0.632423 0.411577 0.62624 0.427497
0 0.483431 0.607782 0.487496 0.586474 0.476202 0.579665 0.472137 0.600973
0 0.481152 0.648233 0.483038 0.627949 0.47205 0.624719 0.470164 0.645004
0 0.569287 0.373834 0.573114 0.353237 0.562151 0.346799 0.558324 0.367396
0 0.375657 0.926273 0.37867 0.894331 0.3581 0.888198 0.355087 0.920141
0 0.43327 0.775765 0.435815 0.751965 0.424749 0.748227 0.422205 0.772027
0 0.163208 0.686923 0.165398 0.667161 0.152058 0.662488 0.149867 0.68225
0 0.519933 0.57253 0.522743 0.55163 0.513636 0.54776 0.510826 0.56866
0 0.959565 0.592128 0.960582 0.563727 0.939689 0.561361 0.938671 0.589763
0 0.211762 0.752597 0.214965 0.714806 0.197127 0.710028 0.193924 0.747819
0 0.339053 0.375095 0.352114 0.369316 0.339991 0.282733 0.32693 0.288512
0 0.755592 0.788391 0.769021 0.765762 0.745324 0.721312 0.731894 0.743941
0 0.621846 0.37313 0.624602 0.35139 0.613982 0.347136 0.611227 0.368876
0 0.785416 0.395589 0.78767 0.373452 0.776178 0.369753 0.773923 0.39189
0 0.708755 0.393217 0.716469 0.36609 0.703299 0.354254 0.695585 0.381381
0 0.583409 0.411338 0.588269 0.395172 0.576613 0.384099 0.571753 0.400265
0 0.590401 0.429737 0.591982 0.411396 0.580651 0.408309 0.57907 0.42665
0 0.520739 1.00048 0.522961 0.970475 0.502381 0.96566 0.50016 0.995666
0 0.548207 0.58981 0.55247 0.571905 0.543959 0.565501 0.539696 0.583406
0 0.510882 0.725353 0.513014 0.706467 0.497749 0.701021 0.495617 0.719907
0 0.144473 0.695731 0.146087 0.666539 0.128407 0.66345 0.126793 0.692642
0 0.790896 0.325496 0.809042 0.302456 0.802168 0.285344 0.784021 0.308384
0 0.666806 0.486931 0.669456 0.472979 0.660738 0.467746 0.658089 0.481698
0 0.59385 0.478676 0.597069 0.462288 0.589091 0.457335 0.585872 0.473724
0 0.0897921 0.344122 0.102356 0.28982 0.0670219 0.263981 0.0544576 0.318283
0 0.60649 0.494944 0.611451 0.469749 0.60125 0.463401 0.596289 0.488596
