0 0.478684 0.778683 0.482542 0.754672 0.466531 0.746542 0.462673 0.770554
0 0.149576 0.970188 0.175311 0.935258 0.163941 0.908783 0.138206 0.943712
0 0.982272 0.946214 0.993657 0.833304 0.788795 0.768019 0.77741 0.880929
0 0.281267 0.807402 0.279782 0.775199 0.258065 0.778365 0.25955 0.810568
0 0.460843 0.798389 0.470888 0.779758 0.45533 0.753247 0.445284 0.771878
0 0.185347 0.690306 0.198046 0.653568 0.184034 0.638262 0.171336 0.675
0 0.304278 0.830243 0.305787 0.805372 0.291219 0.802579 0.289711 0.827451
0 0.190801 0.793701 0.21106 0.768939 0.202518 0.746851 0.182259 0.771612
0 0.430923 0.834219 0.431596 0.801105 0.411881 0.79984 0.411209 0.832954
0 0.572356 0.759939 0.574151 0.737476 0.561511 0.734285 0.559717 0.756748
0 0.0933553 0.929005 0.0977955 0.894938 0.0813704 0.888172 0.0769302 0.922239
0 0.10334 0.996935 0.118306 0.965874 0.106942 0.948569 0.0919767 0.979631
0 0.0220761 0.998677 0.0264781 0.96871 0.0108349 0.961447 0.00643283 0.991415
0 0.152071 0.721635 0.152099 0.702162 0.139069 0.702102 0.139041 0.721575
0 0.20146 0.850941 0.216246 0.814897 0.20169 0.796026 0.186904 0.832071
0 0.622737 0.640581 0.625874 0.613526 0.612558 0.608645 0.60942 0.635701
0 0.555909 0.796632 0.563081 0.765521 0.54344 0.751212 0.536268 0.782322
0 0.106873 0.908238 0.111645 0.883695 0.0973881 0.874935 0.0926164 0.899478
0 0.0746394 1.01065 0.0985796 0.985878 0.0886583 0.955578 0.0647181 0.980353
0 0.219802 0.671815 0.220192 0.649069 0.202389 0.648106 0.201999 0.670851
0 0.433329 0.930439 0.434842 0.887221 0.412397 0.884737 0.410884 0.927955
0 0.596229 0.742965 0.597991 0.721504 0.581787 0.7173 0.580025 0.738761
0 0.228989 0.83213 0.234528 0.789008 0.214178 0.780747 0.208639 0.823869
0 0.108267 0.876888 0.115746 0.853674 0.106501 0.844261 0.0990222 0.867475
0 0.0152626 0.971559 0.031923 0.94856 0.0228217 0.927723 0.00616138 0.950723
0 0.212981 0.720619 0.217646 0.697964 0.204949 0.6897 0.200284 0.712356
0 0.143108 0.805982 0.143413 0.784117 0.127951 0.783436 0.127646 0.805301
0 0.596644 0.885237 0.596183 0.849948 0.578347 0.850683 0.578808 0.885973
0 0.414518 0.85199 0.419546 0.832092 0.405244 0.82067 0.400215 0.840568
0 0.511699 0.717458 0.514752 0.694887 0.499257 0.688262 0.496204 0.710834
0 0.522032 0.851 0.524617 0.826397 0.512597 0.822405 0.510012 0.847009
0 0.06082 1.00993 0.0674091 0.984425 0.0538314 0.97334 0.0472422 0.998848
0 0.554028 0.896213 0.557239 0.868319 0.539231 0.861767 0.53602 0.889661
0 0.0330135 0.998643 0.0421186 0.974085 0.0318193 0.962017 0.0227142 0.986574
0 0.13764 0.694409 0.138521 0.67481 0.126959 0.673167 0.126078 0.692766
0 0.249243 0.783083 0.257648 0.758933 0.231571 0.730251 0.223166 0.754402
0 0.264565 0.489964 0.268658 0.454771 0.245347 0.446203 0.241254 0.481396
0 0.252327 0.749336 0.257515 0.719238 0.241381 0.710447 0.236192 0.740544
0 0.842113 0.596164 0.844778 0.563531 0.823667 0.558082 0.821002 0.590715
0 0.087006 0.897555 0.101453 0.877486 0.0951478 0.86314 0.0807006 0.883209
0 0.295687 0.881264 0.322608 0.858252 0.314663 0.828875 0.287742 0.851886
0 0.536661 0.85442 0.54093 0.839157 0.52645 0.826358 0.522181 0.841621
0 0.16665 0.811143 0.170647 0.785157 0.154284 0.777203 0.150287 0.803189
0 0.0817677 0.906804 0.0824743 0.886494 0.0602739 0.884053 0.0595672 0.904363
0 0.622983 0.794125 0.627196 0.771748 0.615873 0.765011 0.61166 0.787388
0 0.533484 0.82965 0.534592 0.795616 0.51289 0.793383 0.511782 0.827417
0 0.434756 0.785623 0.436196 0.762976 0.42363 0.760449 0.422189 0.783096
0 0.148783 0.866421 0.152082 0.845403 0.137656 0.838247 0.134357 0.859265
0 0.0514568 0.849444 0.0523392 0.822464 0.0361878 0.820795 0.0353054 0.847775
0 0.238954 0.705745 0.241476 0.666222 0.219487 0.661789 0.216966 0.701312
0 0.240311 0.539912 0.242204 0.521311 0.228131 0.516785 0.226238 0.535387
0 0.236714 0.633385 0.237381 0.609823 0.219285 0.608206 0.218619 0.631768
0 0.857243 0.568242 0.863762 0.549522 0.850285 0.534688 0.843766 0.553408
0 0.0304065 0.847196 0.0397089 0.821955 0.02885 0.809307 0.0195476 0.834548
0 0.0141863 0.927602 0.0325878 0.901068 0.0248042 0.884007 0.00640269 0.910541
0 0.226693 0.927806 0.229588 0.906152 0.216591 0.900661 0.213696 0.922314
0 0.610897 0.693499 0.613757 0.675129 0.600604 0.668656 0.597743 0.687026
0 0.29569 0.849907 0.297792 0.825144 0.284184 0.821494 0.282083 0.846258
0 0.216407 0.769314 0.224099 0.752631 0.212655 0.735956 0.204964 0.75264
0 0.00977967 0.851737 0.0245286 0.834073 0.018052 0.816981 0.00330305 0.834645
0 0.127266 0.900231 0.133487 0.849588 0.117121 0.843234 0.1109 0.893877
0 0.469117 0.584935 0.463148 0.53027 0.439074 0.538578 0.445043 0.593243
0 0.233217 0.728569 0.239411 0.707903 0.230059 0.699045 0.223866 0.719711
0 0.286098 0.833751 0.291229 0.804098 0.276048 0.795797 0.270918 0.82545
0 0.438807 0.697137 0.438593 0.666591 0.426135 0.666867 0.426349 0.697413
0 0.180966 0.637467 0.194782 0.602852 0.180344 0.584639 0.166527 0.619254
0 0.108064 0.816375 0.109586 0.792903 0.0977739 0.790482 0.0962518 0.813954
0 0.129236 0.867828 0.133377 0.831864 0.116682 0.825787 0.112541 0.861752
0 0.127711 0.776922 0.138633 0.750284 0.128297 0.736892 0.117376 0.76353
0 0.140376 0.840735 0.14316 0.820921 0.12717 0.81382 0.124386 0.833634
0 0.0585433 0.938669 0.0603733 0.911442 0.0452001 0.908218 0.0433701 0.935446
0 0.572813 0.86651 0.576364 0.831506 0.556613 0.825173 0.553062 0.860177
0 0.101764 0.64789 0.107015 0.610492 0.0870542 0.601635 0.0818034 0.639032
0 0.0256476 0.830931 0.0305551 0.805483 0.0180624 0.797869 0.0131549 0.823318
0 0.211918 0.872195 0.226798 0.839926 0.211702 0.817925 0.196822 0.850194
0 0.393623 0.809982 0.397599 0.78759 0.386577 0.781405 0.382601 0.803798
0 0.237241 0.562552 0.240543 0.540417 0.223609 0.532432 0.220306 0.554568
0 0.219447 0.730219 0.226816 0.708978 0.217592 0.698864 0.210223 0.720105
0 0.253548 0.547696 0.254914 0.524238 0.241758 0.521817 0.240392 0.545275
0 0.0858614 0.885474 0.0880014 0.862835 0.0743924 0.858769 0.0722525 0.881408
0 0.485239 0.707017 0.489402 0.687323 0.47839 0.679966 0.474227 0.699661
0 0.0790972 0.337031 0.097499 0.322317 0.0861067 0.277287 0.0677049 0.292001
0 0.186668 1.00217 0.18516 0.969815 0.156918 0.973974 0.158426 1.00633
0 0.215576 0.501084 0.21706 0.483601 0.204434 0.480213 0.20295 0.497695
0 0.657835 0.752509 0.660812 0.722224 0.647994 0.718241 0.645017 0.748527
0 0.192869 0.567465 0.193001 0.544076 0.178919 0.543824 0.178787 0.567213
0 0.659326 0.774663 0.662172 0.750668 0.650876 0.746433 0.64803 0.770428
0 0.399981 0.752147 0.400901 0.728438 0.387823 0.726833 0.386902 0.750542
0 0.741316 0.731805 0.748101 0.708646 0.736554 0.697956 0.72977 0.721115
0 0.1565 0.860698 0.190304 0.832185 0.182244 0.801983 0.14844 0.830496
0 0.226822 0.545311 0.228927 0.526678 0.217564 0.522621 0.215459 0.541254
0 0.181184 0.778429 0.192062 0.737864 0.175032 0.72343 0.164154 0.763995
0 0.222006 0.529931 0.22546 0.510717 0.212708 0.503471 0.209254 0.522685
0 0.434551 0.807717 0.4369 0.787166 0.420807 0.781354 0.418458 0.801905
0 0.0647249 0.981255 0.0780749 0.9539 0.0682771 0.938788 0.0549271 0.966143
0 0.185668 0.593992 0.188461 0.575586 0.175843 0.569535 0.17305 0.587941
0 0.488699 0.618771 0.490758 0.599144 0.478082 0.594942 0.476023 0.614569
0 0.34507 0.704365 0.352905 0.679102 0.339914 0.666369 0.332079 0.691632
0 0.633548 0.834626 0.635763 0.802786 0.617035 0.798668 0.614819 0.830508
0 0.655837 0.632095 0.667547 0.606686 0.650109 0.581289 0.638399 0.606698
0 0.555961 0.878027 0.563418 0.863091 0.550007 0.84193 0.54255 0.856865
0 0.25165 0.582938 0.25394 0.55503 0.238742 0.551089 0.236452 0.578997
0 0.118284 0.750175 0.121478 0.724324 0.110219 0.719928 0.107026 0.74578
0 0.240422 0.494877 0.240393 0.473125 0.221776 0.473204 0.221805 0.494956
0 0.276798 0.228296 0.27645 0.164441 0.233476 0.165181 0.233824 0.229036
0 0.538361 0.791193 0.540781 0.772937 0.528602 0.767833 0.526181 0.786089
0 0.47115 0.66525 0.47384 0.646888 0.461592 0.641217 0.458903 0.659579
0 0.237323 0.529615 0.246874 0.500597 0.232788 0.485944 0.223237 0.514962
0 0.272677 0.831445 0.275215 0.806763 0.261256 0.802227 0.258718 0.826909
0 0.167741 0.878677 0.183659 0.851571 0.175217 0.835903 0.159299 0.863008
0 0.056983 0.516873 0.0572266 0.49932 0.0389023 0.498516 0.0386587 0.51607
0 0.772415 0.765043 0.77351 0.745725 0.761738 0.743615 0.760643 0.762932
0 0.515657 0.716804 0.519564 0.695176 0.504948 0.686832 0.501042 0.70846
0 0.0430937 0.98346 0.0519861 0.953246 0.0409794 0.943007 0.032087 0.973222
0 0.625532 0.752643 0.630595 0.73523 0.617493 0.72319 0.61243 0.740603
0 0.571431 0.823463 0.574016 0.796066 0.558785 0.791524 0.5562 0.818922
0 0.132128 0.919543 0.141183 0.893584 0.128851 0.879989 0.119796 0.905948
0 0.484506 0.737475 0.48674 0.713842 0.474336 0.710137 0.472103 0.73377
0 0.110577 0.852234 0.111889 0.835944 0.102174 0.833473 0.100863 0.849763
0 0.749701 0.749198 0.754871 0.727393 0.744402 0.719547 0.739232 0.741353
0 0.152874 0.909235 0.167452 0.870977 0.154338 0.855184 0.13976 0.893442
0 0.202168 0.709116 0.2043 0.687751 0.191354 0.683667 0.189222 0.705032
0 0.0140873 0.909648 0.0256319 0.864671 0.00166883 0.845231 -0.0098758 0.890208
0 0.0877024 0.311674 0.109962 0.287643 0.0868286 0.219921 0.0645693 0.243951
0 0.553078 0.839906 0.555627 0.817885 0.542701 0.813157 0.540153 0.835178
0 0.471264 0.854601 0.484611 0.831209 0.465704 0.797112 0.452356 0.820504
0 0.121881 0.976891 0.132114 0.944154 0.11648 0.92871 0.106247 0.961447
0 0.464908 0.725741 0.469324 0.706167 0.456549 0.697059 0.452133 0.716632
0 0.207657 0.807374 0.219401 0.781142 0.210383 0.768383 0.19864 0.794616
0 0.11896 0.998054 0.126731 0.974124 0.116106 0.963219 0.108335 0.987149
0 0.469805 0.701136 0.475374 0.682234 0.466273 0.673759 0.460704 0.69266
0 0.202506 0.73019 0.204657 0.710618 0.190623 0.705744 0.188472 0.725317
0 0.154322 0.931506 0.172911 0.905957 0.16291 0.88296 0.144321 0.908509
0 0.669356 0.74619 0.671734 0.72831 0.659584 0.723203 0.657206 0.741083
0 0.199884 0.584278 0.202427 0.563225 0.190479 0.558665 0.187936 0.579717
0 0.331321 0.826472 0.335623 0.8015 0.314654 0.790082 0.310352 0.815055
0 0.444058 0.739961 0.448137 0.704048 0.432348 0.698381 0.42827 0.734293
0 0.239811 0.753324 0.243248 0.73545 0.228014 0.726191 0.224577 0.744065
0 0.410037 0.737859 0.411236 0.714835 0.400731 0.713106 0.399532 0.73613
0 0.790296 0.764387 0.80474 0.746707 0.797482 0.727966 0.783038 0.745646
0 0.139144 1.01318 0.170178 0.978891 0.160864 0.952247 0.12983 0.986533
0 0.566847 0.809855 0.570467 0.789484 0.55795 0.782454 0.55433 0.802825
0 0.448515 0.797814 0.450267 0.775457 0.438047 0.772429 0.436294 0.794786
0 0.411915 0.949874 0.41332 0.924991 0.399158 0.922464 0.397754 0.947347
0 0.416245 1.00167 0.432819 0.969918 0.418033 0.945525 0.40146 0.977274
0 0.112118 0.765359 0.11419 0.750574 0.104898 0.746459 0.102826 0.761245
0 0.348995 0.718996 0.353446 0.698512 0.343151 0.691442 0.338701 0.711926
0 0.638149 0.759712 0.639435 0.733897 0.625639 0.731725 0.624354 0.757541
0 0.0737925 0.346826 0.081786 0.298948 0.0484817 0.281375 0.0404883 0.329252
0 0.046736 0.166437 0.097919 0.119836 0.0609499 -0.00849347 0.00976686 0.0381075
0 0.0284548 0.976383 0.0378959 0.952471 0.0294475 0.941929 0.0200065 0.965841
0 0.0086618 0.991158 0.0110583 0.96132 -0.000825221 0.958304 -0.00322173 0.988142
0 0.441058 0.749697 0.445809 0.715025 0.432085 0.70908 0.427333 0.743753
0 0.0452821 0.942639 0.0496129 0.922111 0.0395202 0.915382 0.0351894 0.93591
0 0.547303 0.69661 0.54983 0.678647 0.536445 0.672695 0.533918 0.690659
0 0.427018 0.723848 0.428337 0.704428 0.416481 0.701881 0.415161 0.721302
0 0.050506 0.542403 0.0516735 0.51511 0.0216365 0.511049 0.0204689 0.538342
0 0.0904754 0.747736 0.0905076 0.662667 0.0421912 0.662609 0.0421589 0.747678
0 0.246802 0.792776 0.252757 0.771411 0.232486 0.753553 0.226531 0.774919
0 0.48835 0.789385 0.489759 0.768849 0.478606 0.766431 0.477197 0.786967
0 0.791623 0.707151 0.802524 0.686073 0.793557 0.671415 0.782655 0.692494
0 0.61364 0.761716 0.6203 0.753219 0.612298 0.733395 0.605638 0.741892
0 0.201057 0.0690261 0.217117 0.0474813 0.193736 -0.0076003 0.177676 0.0139445
0 0.238722 0.474917 0.240874 0.456738 0.227123 0.451593 0.224971 0.469772
0 0.23096 0.633784 0.231943 0.614348 0.217576 0.612051 0.216593 0.631487
0 0.110362 1.01201 0.118941 0.989685 0.106994 0.975172 0.0984147 0.997493
0 0.165404 0.741934 0.166389 0.721422 0.153958 0.719535 0.152973 0.740047
0 0.870133 0.713638 0.872569 0.685111 0.853282 0.679905 0.850846 0.708433
0 0.420342 0.792783 0.424433 0.764388 0.412038 0.758743 0.407947 0.787138
0 0.586754 0.808445 0.588723 0.785949 0.576087 0.782454 0.574118 0.80495
0 0.170167 0.614934 0.175411 0.594372 0.165712 0.586554 0.160468 0.607116
0 0.712744 0.742134 0.714747 0.724444 0.70017 0.719227 0.698167 0.736917
0 0.149506 0.929569 0.152857 0.908929 0.139919 0.90229 0.136568 0.92293
0 0.129599 0.884739 0.135304 0.832023 0.117703 0.826002 0.111997 0.878718
0 0.121719 0.718541 0.123946 0.695701 0.104096 0.689584 0.101869 0.712425
0 0.529935 0.923198 0.535518 0.89768 0.517611 0.885298 0.512028 0.910817
0 0.578056 0.793636 0.580248 0.772332 0.56749 0.768184 0.565299 0.789488
0 0.192727 0.807774 0.193455 0.788636 0.179095 0.78691 0.178368 0.806049
0 0.370376 0.804651 0.394376 0.785741 0.388407 0.761795 0.364407 0.780705
0 0.0919668 0.586112 0.095977 0.567064 0.084333 0.559316 0.0803228 0.578364
0 0.157316 0.833401 0.169043 0.813249 0.161795 0.799917 0.150067 0.820068
0 0.496658 0.846645 0.498724 0.830448 0.485433 0.82509 0.483367 0.841287
0 0.145455 0.787343 0.147448 0.760706 0.132439 0.757156 0.130445 0.783793
0 0.1904 0.730607 0.191656 0.707247 0.179622 0.705201 0.178366 0.728561
0 0.183648 0.50134 0.184327 0.48478 0.173462 0.483373 0.172783 0.499933
0 0.109818 0.945483 0.123608 0.926767 0.116721 0.910729 0.102931 0.929445
0 0.0852408 0.976734 0.0980505 0.947742 0.0829073 0.926596 0.0700977 0.955588
0 0.0760842 0.942394 0.0784134 0.916865 0.0618563 0.912091 0.0595271 0.93762
0 0.452519 0.757392 0.461165 0.729951 0.450175 0.719007 0.441529 0.746448
0 0.604692 0.847648 0.608404 0.814919 0.593307 0.809509 0.589596 0.842238
0 0.524923 0.694442 0.532662 0.680915 0.518377 0.655086 0.510638 0.668613
0 0.115699 0.795414 0.120871 0.770656 0.110079 0.763531 0.104906 0.788288
0 0.383089 0.974643 0.386914 0.946379 0.372837 0.940356 0.369012 0.968621
0 0.257201 0.520569 0.25886 0.499713 0.248954 0.497221 0.247294 0.518077
0 0.537506 0.8782 0.542279 0.852979 0.522075 0.840896 0.517303 0.866118
0 0.0870436 0.0577031 0.101816 0.0321623 0.0745165 -0.017743 0.0597437 0.00779771
0 0.776487 0.724686 0.779965 0.705084 0.76933 0.69912 0.765852 0.718722
0 0.224325 0.608978 0.226507 0.582598 0.210346 0.578373 0.208164 0.604753
0 0.0203317 0.871828 0.0285198 0.845082 0.0154898 0.832475 0.00730164 0.859221
0 0.0920432 0.958513 0.0980825 0.928935 0.081491 0.918229 0.0754518 0.947806
0 0.65834 0.79195 0.659129 0.771949 0.647592 0.770511 0.646803 0.790513
0 0.520676 0.797282 0.523341 0.770409 0.510469 0.766375 0.507804 0.793248
0 0.00878234 0.927298 0.0109698 0.901455 -0.000864865 0.898289 -0.00305236 0.924132
0 0.613949 0.907843 0.625394 0.88657 0.616026 0.870641 0.604581 0.891914
0 0.232701 0.608952 0.237502 0.586345 0.228789 0.580497 0.223987 0.603103
0 0.135922 0.724585 0.137109 0.705494 0.125696 0.70325 0.124508 0.722341
0 0.588134 0.702606 0.590269 0.683935 0.579794 0.680149 0.577659 0.698821
0 0.410756 0.728299 0.412952 0.709048 0.402674 0.705343 0.400478 0.724594
0 0.0977881 0.774755 0.0996766 0.753507 0.0846091 0.749274 0.0827206 0.770522
0 0.603729 0.815767 0.605506 0.787455 0.591787 0.784734 0.59001 0.813046
0 0.0764358 0.927835 0.0789851 0.907204 0.0634326 0.90113 0.0608833 0.921761
0 0.201052 0.514114 0.201011 0.497054 0.18644 0.497166 0.186481 0.514226
0 0.788062 0.725894 0.793634 0.701883 0.778585 0.690846 0.773013 0.714856
0 0.0733032 0.870584 0.0739385 0.851299 0.0630979 0.85017 0.0624625 0.869455
0 0.478314 0.627473 0.479329 0.605604 0.463773 0.603321 0.462757 0.62519
0 0.462633 0.765074 0.466799 0.746014 0.455859 0.738456 0.451693 0.757516
0 0.195595 0.746812 0.198255 0.727911 0.18629 0.72259 0.18363 0.74149
0 0.571169 0.890525 0.580798 0.864764 0.568605 0.85036 0.558976 0.876122
0 0.250645 0.679916 0.251848 0.659406 0.24059 0.657319 0.239387 0.677829
0 0.110605 0.923489 0.11767 0.900204 0.10225 0.885417 0.0951847 0.908701
0 0.561374 0.836235 0.563735 0.812598 0.549534 0.808115 0.547173 0.831752
0 0.661706 0.592931 0.662859 0.572578 0.648843 0.57007 0.647691 0.590422
0 0.20268 0.802804 0.216814 0.778893 0.208586 0.763521 0.194452 0.787432
0 0.534639 0.901921 0.539998 0.883189 0.527586 0.871965 0.522227 0.890697
0 0.173325 0.868949 0.185833 0.842619 0.177152 0.829585 0.164643 0.855915
0 0.780602 0.775696 0.78892 0.758536 0.780661 0.745882 0.772343 0.763042
0 0.0291512 0.702976 0.0397421 0.67399 0.0288968 0.661466 0.0183058 0.690452
0 0.411799 0.570933 0.40883 0.535716 0.38167 0.542951 0.384638 0.578168
0 0.482379 0.892482 0.48589 0.875893 0.473958 0.867912 0.470447 0.884501
0 0.187825 0.386686 0.190515 0.362449 0.175906 0.357325 0.173216 0.381562
0 0.641366 0.66217 0.643851 0.648679 0.633838 0.64285 0.631353 0.65634
0 0.12672 0.807839 0.12895 0.790666 0.118498 0.786376 0.116268 0.803549
0 0.0302938 0.88002 0.0419525 0.861539 0.0338442 0.845373 0.0221856 0.863854
0 0.615224 0.851474 0.620663 0.832424 0.608351 0.821314 0.602911 0.840363
0 0.789505 0.684433 0.792981 0.659573 0.774095 0.651227 0.770619 0.676088
0 0.0137324 1.01029 0.0155352 0.985081 0.00177506 0.981971 -2.77785e-05 1.00718
0 0.460721 0.815937 0.464412 0.798414 0.453984 0.791471 0.450292 0.808994
0 0.498265 0.794724 0.499569 0.777535 0.488114 0.774787 0.486809 0.791977
0 0.734743 0.773053 0.737695 0.747528 0.722733 0.742059 0.71978 0.767584
0 0.486039 0.726427 0.487237 0.708525 0.475748 0.706094 0.47455 0.723996
0 0.600447 0.56867 0.603373 0.549971 0.590167 0.543441 0.587241 0.56214
0 0.519923 0.772229 0.521811 0.750142 0.511935 0.747473 0.510046 0.76956
0 0.125861 0.798191 0.129098 0.776041 0.117591 0.770727 0.114355 0.792878
0 0.1648 0.80286 0.166408 0.777821 0.151475 0.77479 0.149867 0.799829
0 0.0356748 0.900116 0.04974 0.88045 0.04209 0.863158 0.0280248 0.882824
0 0.0942951 0.673594 0.0957909 0.656622 0.084483 0.653472 0.0829872 0.670444
0 0.0314067 0.929402 0.0431238 0.908477 0.0346326 0.893449 0.0229154 0.914374
0 0.589589 0.846255 0.595766 0.804973 0.579523 0.797292 0.573346 0.838573
0 0.060319 0.862377 0.0622772 0.841363 0.0498453 0.837702 0.0478872 0.858715
0 0.395376 0.7253 0.396481 0.699604 0.382866 0.697753 0.38176 0.723449
0 0.226916 0.595855 0.229179 0.572896 0.21648 0.56894 0.214217 0.5919
0 0.435987 0.843565 0.438856 0.815648 0.426223 0.811545 0.423354 0.839462
0 0.0104759 0.853754 0.0194142 0.827176 0.00950594 0.816645 0.000567586 0.843223
0 0.54754 0.82133 0.550479 0.797135 0.53884 0.792665 0.5359 0.81686
0 0.601647 0.75907 0.603167 0.736815 0.589449 0.733856 0.587929 0.756111
0 0.489705 0.708566 0.493331 0.693175 0.484541 0.686629 0.480915 0.70202
0 0.449296 0.757506 0.45712 0.728046 0.445595 0.718372 0.437771 0.747831
0 0.454402 0.835325 0.457077 0.813875 0.443663 0.808589 0.440989 0.830039
0 0.11828 0.839742 0.120455 0.819539 0.10939 0.815775 0.107215 0.835978
0 0.49353 0.751183 0.494289 0.731004 0.482775 0.729635 0.482016 0.749814
0 0.510319 0.864421 0.513124 0.843317 0.502154 0.83871 0.499349 0.859813
0 0.245579 0.719724 0.24881 0.701255 0.240365 0.696585 0.237134 0.715054
0 0.621477 0.696297 0.622569 0.680543 0.613282 0.678508 0.612189 0.694262
0 0.217767 0.745532 0.221674 0.727553 0.211013 0.72023 0.207105 0.73821
0 0.497046 0.697457 0.499183 0.681385 0.490987 0.677941 0.48885 0.694013
0 0.157523 0.766282 0.158784 0.749262 0.149089 0.74699 0.147827 0.76401
0 0.599578 0.724936 0.602634 0.708558 0.589829 0.701007 0.586773 0.717385
0 0.00511957 0.813111 0.0144053 0.79084 0.00670235 0.780689 -0.00258336 0.80296
0 0.447244 0.388631 0.445527 0.354538 0.423233 0.358087 0.42495 0.39218
0 0.035506 0.0844891 0.0384496 -0.01343 -0.0110532 -0.0181333 -0.0139968 0.0797859
0 0.619722 0.608908 0.621619 0.58875 0.609551 0.585161 0.607654 0.60532
0 0.765271 0.749963 0.76697 0.729896 0.755407 0.726801 0.753707 0.746867
0 0.209208 0.739347 0.211859 0.723625 0.203109 0.718961 0.200458 0.734683
0 0.430153 0.805478 0.431282 0.786904 0.416833 0.78413 0.415704 0.802703
0 0.26929 0.294463 0.278377 0.266291 0.247615 0.234931 0.238528 0.263104
0 0.513822 0.668787 0.520184 0.659179 0.512276 0.642626 0.505913 0.652234
0 0.411137 1.00635 0.414766 0.982727 0.398262 0.974712 0.394633 0.998331
0 0.17762 0.961802 0.198264 0.935908 0.189639 0.914174 0.168994 0.940068
0 0.201346 0.685375 0.204579 0.658831 0.193766 0.654669 0.190533 0.681213
0 0.469406 0.742773 0.474723 0.721677 0.461902 0.711464 0.456585 0.73256
0 0.311471 0.841732 0.316017 0.818382 0.304435 0.811255 0.299889 0.834606
0 0.215048 0.695588 0.21705 0.675003 0.203283 0.670772 0.201281 0.691357
0 0.693771 0.713657 0.697902 0.690735 0.685767 0.683824 0.681636 0.706746
0 0.200048 0.709768 0.201599 0.689894 0.186547 0.686182 0.184996 0.706056
0 0.764241 0.768494 0.765418 0.751952 0.753911 0.749365 0.752734 0.765907
0 0.176902 0.793855 0.179776 0.775258 0.16645 0.768749 0.163576 0.787347
0 0.782944 0.744005 0.789315 0.726111 0.780401 0.71608 0.77403 0.733974
0 0.865558 0.742246 0.879727 0.712114 0.868923 0.696057 0.854754 0.726189
0 0.237493 0.585968 0.23965 0.566212 0.229419 0.56268 0.227261 0.582437
0 0.775972 0.748159 0.778526 0.725959 0.768552 0.722331 0.765997 0.74453
0 0.190131 0.853298 0.196016 0.835727 0.185547 0.824645 0.179662 0.842216
0 0.597049 0.664475 0.598413 0.64527 0.586517 0.6426 0.585153 0.661805
0 0.85947 0.592954 0.865903 0.576564 0.853431 0.561092 0.846998 0.577482
0 0.22042 0.651797 0.222536 0.634389 0.210454 0.629747 0.208338 0.647155
0 0.162062 0.628935 0.164295 0.61301 0.154394 0.608622 0.152161 0.624548
0 0.61776 0.882704 0.623532 0.859232 0.610308 0.848954 0.604536 0.872426
0 0.521892 0.744441 0.523491 0.71624 0.507594 0.713391 0.505994 0.741592
0 0.139683 0.965572 0.143554 0.943018 0.132265 0.936895 0.128394 0.959449
0 0.00844804 0.756988 0.0127924 0.731181 0.00161774 0.725236 -0.00272661 0.751042
0 0.486485 0.877931 0.489774 0.856612 0.477547 0.850651 0.474258 0.87197
0 0.752497 0.709832 0.760141 0.685309 0.751035 0.67634 0.743392 0.700863
0 0.13768 0.607703 0.140184 0.576572 0.116732 0.570608 0.114227 0.601739
0 0.477578 0.815036 0.481891 0.790593 0.465231 0.781302 0.460918 0.805745
0 0.212917 0.654513 0.215582 0.636003 0.204525 0.630972 0.20186 0.649482
0 0.644059 0.740628 0.647279 0.717186 0.637433 0.712912 0.634213 0.736355
0 0.869866 0.561888 0.877305 0.541011 0.868057 0.530598 0.860619 0.551474
0 0.0996234 0.660692 0.100914 0.643182 0.087916 0.640156 0.0866259 0.657665
0 0.0896394 0.564517 0.0913546 0.543738 0.0759061 0.539708 0.0741909 0.560487
0 0.269245 0.589275 0.27123 0.570884 0.261972 0.567727 0.259988 0.586117
0 0.504824 0.957532 0.518868 0.9306 0.509612 0.915346 0.495568 0.942278
0 0.209115 0.933537 0.211886 0.90678 0.197628 0.902113 0.194857 0.92887
0 0.13954 0.73803 0.140805 0.7204 0.129684 0.717878 0.128419 0.735508
0 0.624422 0.808764 0.62811 0.788651 0.617816 0.782685 0.614127 0.802798
0 0.282646 0.783923 0.283994 0.767793 0.271048 0.764372 0.269699 0.780502
