0 0.569385 0.824727 0.578339 0.798175 0.561665 0.780403 0.552711 0.806956
0 0.195829 0.897347 0.203904 0.865234 0.189886 0.854094 0.181811 0.886207
0 0.99253 0.966851 1.00564 0.844101 0.806391 0.776819 0.793276 0.899569
0 0.0719023 0.671843 0.0720269 0.646227 0.0554921 0.645972 0.0553676 0.671588
0 0.0712766 0.632186 0.0739166 0.612654 0.063698 0.608289 0.061058 0.62782
0 0.209163 1.01196 0.224281 0.976412 0.206503 0.952517 0.191385 0.988066
0 0.141986 0.954956 0.152941 0.93378 0.144762 0.920409 0.133808 0.941586
0 0.0757677 0.726855 0.0766313 0.697866 0.0529253 0.695634 0.0520618 0.724624
0 0.251187 0.952841 0.270837 0.9148 0.25679 0.891867 0.237139 0.929908
0 0.0801558 0.90439 0.0896001 0.875285 0.0776851 0.863065 0.0682407 0.89217
0 0.278913 0.818455 0.282326 0.79875 0.266993 0.790357 0.26358 0.810061
0 0.106841 1.02309 0.139735 0.98583 0.124259 0.94265 0.091365 0.979911
0 0.131985 0.95162 0.139015 0.928152 0.128439 0.91814 0.12141 0.941609
0 0.212161 0.8744 0.21501 0.852169 0.200745 0.84639 0.197895 0.868621
0 0.191647 0.977405 0.199452 0.938914 0.181836 0.927623 0.17403 0.966115
0 0.141736 0.983002 0.151728 0.954314 0.137293 0.938423 0.127301 0.967112
0 0.370824 0.811775 0.370644 0.778493 0.349119 0.778859 0.349299 0.812142
0 0.583566 0.743289 0.586877 0.72072 0.573105 0.714335 0.569794 0.736904
0 0.131349 0.923632 0.143021 0.903788 0.13529 0.889416 0.123618 0.909259
0 0.139658 1.01217 0.16006 0.980698 0.148197 0.956391 0.127795 0.987858
0 0.135238 0.806203 0.139687 0.784867 0.128682 0.777614 0.124233 0.79895
0 0.504703 0.887655 0.509021 0.865278 0.492765 0.855362 0.488446 0.877738
0 0.271257 0.714662 0.272182 0.694033 0.257648 0.691974 0.256723 0.712603
0 0.545861 0.741943 0.546866 0.716235 0.535558 0.714838 0.534553 0.740546
0 0.059771 0.966879 0.0746064 0.934467 0.0603294 0.913814 0.0454939 0.946226
0 0.214241 0.851808 0.221118 0.829807 0.209911 0.818734 0.203033 0.840735
0 0.523253 0.823006 0.528657 0.796957 0.51674 0.789144 0.511336 0.815193
0 0.271691 1.0118 0.281034 0.968977 0.257862 0.953 0.248519 0.995826
0 0.0990118 0.90001 0.112407 0.857645 0.0962013 0.84145 0.0828058 0.883816
0 0.550233 0.787628 0.548223 0.754212 0.522887 0.759029 0.524898 0.792446
0 0.505377 0.828511 0.516875 0.798752 0.50501 0.784264 0.493513 0.814024
0 0.10066 0.706754 0.103788 0.686798 0.0924517 0.681183 0.089324 0.701139
0 0.524582 0.974439 0.525083 0.930549 0.501428 0.929695 0.500927 0.973585
0 0.170323 0.900313 0.170697 0.874152 0.155872 0.873482 0.155497 0.899642
0 0.0481879 1.01405 0.0647555 0.977883 0.0495975 0.955935 0.03303 0.992098
0 0.0489517 0.64644 0.0497626 0.619849 0.0315186 0.618091 0.0307077 0.644682
0 0.164944 0.98043 0.174362 0.945076 0.162322 0.934939 0.152904 0.970293
0 0.241917 0.842348 0.250612 0.823048 0.237053 0.80374 0.228357 0.82304
0 0.0587536 0.635211 0.0605013 0.616175 0.0508025 0.613361 0.0490548 0.632396
0 0.0777649 0.588023 0.0771831 0.567297 0.0599784 0.568824 0.0605601 0.589549
0 0.00602535 0.964681 0.0279686 0.928332 0.0100935 0.894228 -0.0118498 0.930577
0 0.0561039 0.617343 0.0573224 0.586826 0.0431408 0.585037 0.0419222 0.615553
0 0.176531 0.881841 0.17823 0.863085 0.165029 0.859306 0.16333 0.878063
0 0.552652 0.836654 0.563138 0.816113 0.547857 0.791458 0.537371 0.811999
0 0.119262 0.655027 0.120825 0.633077 0.109761 0.630586 0.108198 0.652536
0 0.177339 1.00065 0.185159 0.965793 0.169512 0.9547 0.161693 0.98956
0 0.278779 0.770069 0.2791 0.726604 0.265263 0.726281 0.264943 0.769746
0 0.57952 0.773844 0.58119 0.751297 0.567426 0.748075 0.565756 0.770622
0 0.132209 0.8811 0.146532 0.859154 0.138896 0.843403 0.124573 0.86535
0 0.00745179 0.99911 0.0190321 0.955911 0.0015229 0.941077 -0.0100575 0.984275
0 0.187358 1.00392 0.202247 0.976107 0.192091 0.958924 0.177202 0.986739
0 0.0189791 0.884853 0.0533842 0.833697 0.0311009 0.786332 -0.00330423 0.837489
0 0.658929 0.864407 0.667197 0.831538 0.644475 0.813474 0.636206 0.846343
0 0.160172 0.812431 0.164875 0.791388 0.153669 0.783473 0.148966 0.804516
0 0.0286503 0.761782 0.0305791 0.733976 0.0117456 0.729847 0.00981685 0.757653
0 0.205563 0.971125 0.221034 0.941112 0.209542 0.92239 0.194072 0.952403
0 0.315441 0.797594 0.319832 0.777743 0.306661 0.768535 0.30227 0.788386
0 0.0871846 0.632544 0.0882908 0.614402 0.0776545 0.612353 0.0765483 0.630494
0 0.632957 0.887688 0.633583 0.850236 0.608956 0.848934 0.60833 0.886385
0 0.574177 0.792875 0.576145 0.776534 0.562552 0.771362 0.560585 0.787702
0 0.100733 0.75864 0.0962043 0.725368 0.0654195 0.738612 0.0699486 0.771884
0 0.187894 0.877292 0.189642 0.854602 0.174631 0.850946 0.172882 0.873637
0 0.0482886 0.988256 0.0508202 0.929014 0.0232729 0.925293 0.0207412 0.984536
0 0.484842 0.803276 0.49745 0.784663 0.481281 0.750046 0.468673 0.768659
0 0.607555 0.765525 0.613841 0.74397 0.596878 0.728335 0.590592 0.74989
0 0.522766 0.84096 0.525484 0.818314 0.509773 0.812354 0.507055 0.835
0 0.634364 0.918991 0.639232 0.901522 0.626466 0.890277 0.621598 0.907747
0 0.0838437 0.694686 0.0885425 0.676624 0.070865 0.66209 0.0661661 0.680152
0 0.707457 0.749912 0.709085 0.727828 0.695354 0.724629 0.693726 0.746713
0 0.386095 0.893647 0.412342 0.870494 0.403467 0.838698 0.37722 0.861851
0 0.105573 0.932839 0.119279 0.898029 0.109392 0.885726 0.0956861 0.920536
0 0.0801456 0.793269 0.0755357 0.755041 0.0445764 0.766841 0.0491863 0.805068
0 0.763264 1.0624 0.835961 0.957295 0.76434 0.800736 0.691643 0.905844
0 0.020374 0.710427 0.0418258 0.68442 0.0333602 0.662351 0.0119085 0.688359
0 0.182289 0.904413 0.184448 0.881692 0.17173 0.877871 0.16957 0.900593
0 0.64051 0.901419 0.643355 0.878233 0.630128 0.873103 0.627283 0.89629
0 0.522023 0.870731 0.523314 0.836288 0.501448 0.833697 0.500157 0.868141
0 0.105748 0.735827 0.10588 0.710462 0.087878 0.710166 0.0877459 0.73553
0 0.527553 0.773536 0.540554 0.741751 0.528901 0.726687 0.5159 0.758472
0 0.0971338 0.784442 0.0989607 0.756823 0.0827854 0.753441 0.0809585 0.781061
0 0.191582 0.849994 0.195131 0.83038 0.184278 0.824174 0.180729 0.843789
0 0.14426 0.786862 0.146797 0.764363 0.134294 0.759907 0.131757 0.782405
0 0.545014 0.876069 0.546896 0.849836 0.534762 0.847085 0.53288 0.873318
0 0.258565 0.679701 0.259761 0.662412 0.249494 0.660167 0.248299 0.677456
0 0.0778843 0.957446 0.100715 0.916146 0.0891856 0.896002 0.0663547 0.937302
0 0.488727 0.841322 0.490208 0.821119 0.477864 0.818257 0.476382 0.83846
0 0.0277317 1.00836 0.0310471 0.971512 0.0101179 0.96556 0.00680247 1.00241
0 0.182539 0.833448 0.184282 0.817059 0.173054 0.813285 0.171311 0.829673
0 0.0525249 0.93665 0.0655428 0.91008 0.0560663 0.895406 0.0430484 0.921975
0 0.127866 0.85905 0.133242 0.826416 0.11083 0.814748 0.105454 0.847382
0 0.116624 0.324652 0.111943 0.276327 0.0916009 0.282555 0.0962824 0.33088
0 0.0623327 0.909249 0.0743334 0.878056 0.0616444 0.862627 0.0496437 0.893821
0 0.213521 0.89495 0.221172 0.872889 0.209871 0.860503 0.20222 0.882564
0 0.621141 0.909163 0.622976 0.884822 0.608501 0.881375 0.606667 0.905716
0 0.564748 0.693546 0.565644 0.670514 0.552671 0.668919 0.551775 0.691951
0 0.54631 0.763694 0.54786 0.744424 0.535987 0.741406 0.534438 0.760677
0 0.0798321 0.880459 0.0948693 0.85163 0.0849268 0.835239 0.0698896 0.864068
0 0.073287 1.00375 0.0811192 0.96322 0.0657813 0.953852 0.0579491 0.994378
0 0.447077 0.880489 0.452191 0.825123 0.423211 0.816663 0.418097 0.872028
0 0.036146 0.729324 0.0399568 0.709278 0.0292652 0.702854 0.0254543 0.722901
0 0.0935852 0.679826 0.103352 0.660739 0.0967637 0.650084 0.0869969 0.669171
0 0.240137 0.810036 0.241962 0.794018 0.228837 0.789292 0.227012 0.805311
0 0.270101 0.858339 0.280561 0.831921 0.270699 0.81958 0.260239 0.845998
0 0.695001 0.741438 0.697781 0.717284 0.686607 0.71322 0.683827 0.737373
0 0.327781 0.68038 0.33462 0.659423 0.314371 0.638542 0.307533 0.659498
0 0.15888 0.954059 0.166404 0.930361 0.157376 0.921302 0.149852 0.945
0 0.603351 0.899671 0.604829 0.875354 0.591944 0.872879 0.590466 0.897195
0 0.229623 0.772619 0.234558 0.751283 0.224237 0.743738 0.219302 0.765075
0 0.539704 0.834622 0.542424 0.808726 0.527867 0.803894 0.525148 0.82979
0 0.592167 0.685015 0.59997 0.651973 0.586476 0.641902 0.578673 0.674944
0 0.174934 0.945957 0.18199 0.917701 0.171727 0.909602 0.164672 0.937858
0 0.160066 0.997366 0.167165 0.970333 0.156122 0.961167 0.149023 0.9882
0 0.0700068 0.521143 0.0766919 0.50324 0.0683473 0.493392 0.0616622 0.511294
0 0.586591 0.794113 0.590025 0.770807 0.578497 0.765439 0.575063 0.788745
0 0.01625 0.917295 0.0341013 0.888008 0.0248946 0.870273 0.00704327 0.899559
0 0.242893 0.802315 0.24493 0.784476 0.233024 0.780177 0.230987 0.798016
0 0.669096 0.796555 0.676425 0.782104 0.665162 0.76405 0.657833 0.7785
0 0.149249 0.839388 0.1526 0.816706 0.140109 0.810874 0.136758 0.833557
0 0.705366 0.815677 0.711237 0.791023 0.689494 0.77466 0.683623 0.799313
0 0.198981 0.861529 0.204954 0.839743 0.195692 0.831716 0.189718 0.853502
0 0.0298356 0.931552 0.0393197 0.904341 0.0289141 0.892878 0.01943 0.92009
0 0.130145 0.707057 0.131925 0.688029 0.116529 0.683479 0.11475 0.702507
0 0.251284 0.662312 0.251506 0.643042 0.23911 0.64259 0.238888 0.66186
0 0.117569 0.925975 0.1282 0.902273 0.11966 0.890168 0.109029 0.913871
0 0.107912 0.800232 0.113877 0.775616 0.100263 0.76519 0.0942985 0.789806
0 0.178456 0.328564 0.202305 0.224886 0.129166 0.171714 0.105317 0.275392
0 0.698668 0.76329 0.702396 0.744011 0.687414 0.734856 0.683687 0.754134
0 0.251507 0.886855 0.265678 0.849811 0.253684 0.83531 0.239513 0.872353
0 0.677623 0.824795 0.683434 0.803963 0.66813 0.790469 0.662319 0.811301
0 0.446765 0.813853 0.453617 0.789836 0.443548 0.780757 0.436696 0.804774
0 0.529897 0.723203 0.528837 0.691566 0.515622 0.692966 0.516682 0.724603
0 0.145997 0.923534 0.154134 0.900436 0.145958 0.891333 0.137821 0.914431
0 0.0871456 0.735834 0.086699 0.713793 0.0724333 0.714707 0.07288 0.736747
0 0.36091 0.771118 0.361485 0.751467 0.348992 0.750312 0.348417 0.769962
0 0.375887 0.842307 0.383696 0.812701 0.369712 0.801044 0.361903 0.83065
0 0.226087 0.872007 0.232815 0.832083 0.219385 0.82493 0.212657 0.864855
0 0.406259 0.863746 0.41136 0.827516 0.389458 0.81777 0.384357 0.854
0 0.197734 0.93651 0.201092 0.896482 0.183823 0.891903 0.180465 0.931931
0 0.125223 0.876579 0.127896 0.85644 0.115946 0.851427 0.113273 0.871566
0 0.0435125 0.900674 0.0574716 0.867336 0.0458258 0.851925 0.0318667 0.885263
0 0.23429 1.01357 0.257065 0.983889 0.244543 0.953523 0.221767 0.983206
0 0.133833 0.781723 0.136269 0.761484 0.126054 0.757597 0.123618 0.777837
0 0.0642396 0.860769 0.0882856 0.837495 0.0824956 0.818589 0.0584496 0.841862
0 0.421894 0.624326 0.423632 0.601836 0.407946 0.598004 0.406208 0.620494
0 0.540895 0.810365 0.541376 0.787425 0.52761 0.786512 0.527129 0.809453
0 0.524212 0.887195 0.528838 0.865387 0.516807 0.857321 0.512181 0.879129
0 0.119918 0.946497 0.125867 0.919742 0.112911 0.910636 0.106961 0.937391
0 0.11278 0.910962 0.124208 0.879606 0.115628 0.869724 0.104201 0.90108
0 0.567683 0.728638 0.570588 0.706461 0.560283 0.702194 0.557378 0.724371
0 0.561307 0.7948 0.562865 0.776531 0.551695 0.77352 0.550136 0.791789
0 0.0971231 0.570282 0.0977637 0.553926 0.0873818 0.552641 0.0867412 0.568997
0 0.272325 0.79337 0.275369 0.776384 0.265661 0.770887 0.262618 0.787872
0 0.164143 0.901143 0.166297 0.875662 0.15294 0.872094 0.150786 0.897574
0 0.589947 0.899741 0.593505 0.882501 0.579456 0.873337 0.575897 0.890577
0 0.0797562 0.703978 0.0814546 0.686998 0.0632367 0.681239 0.0615382 0.698219
0 0.0730221 0.930456 0.0841569 0.903955 0.0735464 0.889865 0.0624116 0.916366
0 0.321406 0.753966 0.32996 0.710237 0.312005 0.699137 0.303451 0.742866
0 0.0874575 0.523998 0.0884599 0.506917 0.0786587 0.505099 0.0776563 0.52218
0 1.00138 0.680257 1.00249 0.652894 0.990933 0.651405 0.989818 0.678768
0 0.190812 0.857372 0.193326 0.835205 0.180805 0.830716 0.17829 0.852883
0 0.22541 0.794228 0.227207 0.776626 0.216869 0.773289 0.215071 0.790892
0 0.27438 0.926989 0.281942 0.905128 0.271749 0.893983 0.264186 0.915845
0 0.509942 0.388564 0.507483 0.361338 0.481393 0.368787 0.483853 0.396013
0 0.101935 0.644475 0.103382 0.621141 0.0884566 0.618216 0.0870096 0.641549
0 0.292631 0.127557 0.299327 0.0922548 0.282349 0.0820771 0.275653 0.11738
0 0.0912545 0.816922 0.0975377 0.79268 0.0886111 0.785368 0.082328 0.809609
0 0.178382 0.494874 0.179632 0.476255 0.162151 0.472545 0.1609 0.491164
0 0.128841 0.82612 0.129532 0.804475 0.112028 0.802707 0.111337 0.824352
0 0.0689186 0.862764 0.0921175 0.839873 0.0865575 0.822065 0.0633585 0.844956
0 0.514299 0.538227 0.518434 0.46784 0.480199 0.460741 0.476064 0.531128
0 0.0823083 0.651499 0.0831335 0.630264 0.07078 0.628747 0.0699548 0.649981
0 0.29755 0.818743 0.298591 0.796902 0.284671 0.794806 0.28363 0.816646
0 0.161545 0.486365 0.162817 0.46304 0.14705 0.460323 0.145778 0.483647
0 0.263995 0.763159 0.264684 0.744223 0.25427 0.743026 0.253581 0.761962
0 0.291157 0.744809 0.292528 0.717612 0.280442 0.715687 0.279072 0.742884
0 0.098865 0.914797 0.1119 0.882443 0.102665 0.870684 0.0896299 0.903038
0 0.0948627 1.00417 0.112384 0.937471 0.0871892 0.916552 0.0696677 0.983248
0 0.233687 0.231932 0.229072 0.175577 0.205275 0.181736 0.20989 0.238091
0 0.116065 0.633636 0.118114 0.614722 0.104596 0.610095 0.102548 0.629009
0 0.716772 0.792706 0.719117 0.774058 0.702744 0.767553 0.7004 0.786201
0 0.240842 0.964615 0.245107 0.938882 0.229468 0.93069 0.225203 0.956424
0 0.148595 0.806397 0.154544 0.78465 0.143501 0.775103 0.137552 0.79685
0 0.0867353 0.568531 0.0868042 0.553444 0.0756325 0.553283 0.0755636 0.56837
0 0.141295 0.892994 0.148296 0.87677 0.140091 0.86558 0.13309 0.881803
0 0.0271442 0.894454 0.0378466 0.868515 0.0277259 0.855317 0.0170235 0.881256
0 0.589816 0.720374 0.592166 0.700523 0.580372 0.696112 0.578023 0.715963
0 0.056036 0.764101 0.0787151 0.73529 0.0691366 0.71146 0.0464575 0.740272
0 0.042347 0.937013 0.0481044 0.911788 0.0353419 0.902582 0.0295845 0.927807
0 0.319447 0.925219 0.321549 0.900485 0.308502 0.896981 0.3064 0.921715
0 0.153298 0.970445 0.161956 0.946866 0.155 0.938793 0.146342 0.962371
0 0.373002 0.784491 0.375809 0.766432 0.360662 0.758991 0.357855 0.77705
0 0.231342 0.838794 0.234714 0.805843 0.219338 0.80087 0.215966 0.833821
0 0.0412425 0.62131 0.0456611 0.601172 0.0338887 0.593008 0.0294701 0.613146
0 0.220862 0.81078 0.221717 0.793113 0.21248 0.791701 0.211626 0.809368
0 0.0570384 0.884209 0.0708323 0.863159 0.0630547 0.847051 0.0492608 0.868101
0 0.723415 0.757483 0.727117 0.737343 0.71226 0.72871 0.708558 0.74885
0 0.123762 0.794359 0.127675 0.774736 0.118876 0.76919 0.114963 0.788813
0 0.0906857 1.00847 0.105207 0.959759 0.0834662 0.939276 0.0689449 0.98799
0 0.583743 0.836457 0.584588 0.813714 0.570293 0.812035 0.569448 0.834778
0 0.100778 0.61588 0.102962 0.598311 0.0923256 0.594132 0.0901417 0.611701
0 0.585211 0.645126 0.586022 0.620119 0.571613 0.618642 0.570802 0.643649
0 0.685485 0.762298 0.689696 0.737408 0.678243 0.731284 0.674032 0.756174
0 0.238157 0.710423 0.241332 0.693111 0.23033 0.686735 0.227156 0.704047
0 0.413727 0.205656 0.419974 0.178418 0.396038 0.161066 0.389791 0.188304
0 0.213905 0.786874 0.215446 0.767315 0.204879 0.764684 0.203338 0.784243
0 0.163865 0.50705 0.164701 0.48262 0.148198 0.480835 0.147362 0.505266
0 0.180974 0.920944 0.184763 0.898698 0.174771 0.893319 0.170982 0.915565
0 0.391644 0.839734 0.393635 0.81335 0.38032 0.810174 0.378329 0.836559
0 0.299934 0.742241 0.302548 0.7205 0.292304 0.716607 0.28969 0.738348
0 0.14847 0.886766 0.15548 0.863754 0.144382 0.853069 0.137372 0.876082
0 0.53739 0.610647 0.551233 0.549256 0.525083 0.53062 0.511239 0.592011
0 0.0426331 0.754911 0.053364 0.735986 0.0463769 0.723465 0.035646 0.74239
0 0.302741 0.268738 0.298058 0.22936 0.25591 0.245201 0.260593 0.284579
0 0.114252 0.745744 0.127559 0.726149 0.121355 0.712834 0.108048 0.732428
0 0.0917406 0.716751 0.095063 0.701158 0.0850011 0.694382 0.0816787 0.709975
0 0.178163 0.855123 0.179913 0.835465 0.168103 0.832143 0.166354 0.851801
0 0.108679 0.763633 0.11107 0.745433 0.100861 0.741194 0.0984699 0.759395
0 0.549809 0.852072 0.552111 0.83532 0.542001 0.830927 0.539698 0.84768
0 0.130203 0.557262 0.132745 0.538967 0.120971 0.533796 0.118429 0.552091
0 0.560657 0.773016 0.567083 0.756394 0.554879 0.741485 0.548454 0.758107
0 0.538997 0.900645 0.540951 0.883411 0.530403 0.879631 0.528449 0.896866
0 0.0896037 0.666653 0.0965822 0.648145 0.0882521 0.638218 0.0812736 0.656726
0 0.52454 0.773754 0.532901 0.745935 0.523165 0.736686 0.514804 0.764505
0 0.467604 0.803247 0.47311 0.778025 0.460749 0.769496 0.455242 0.794718
0 0.308218 0.807975 0.311724 0.793286 0.298749 0.783495 0.295242 0.798184
0 0.673132 0.850569 0.674194 0.827294 0.662796 0.82565 0.661734 0.848926
0 0.516771 0.759956 0.521059 0.739481 0.511531 0.733174 0.507243 0.753648
0 0.544108 0.976726 0.551762 0.950189 0.541954 0.941249 0.534301 0.967786
0 0.233463 0.75341 0.241064 0.729346 0.230205 0.718507 0.222605 0.74257
0 0.141162 0.826743 0.142506 0.801915 0.128517 0.799521 0.127172 0.824349
0 0.0579186 0.695676 0.0593522 0.675316 0.0492575 0.673069 0.0478239 0.693429
0 0.0954281 0.665519 0.0999819 0.645133 0.0893151 0.637602 0.0847612 0.657988
0 0.283637 0.795246 0.29227 0.769006 0.28222 0.758556 0.273587 0.784795
0 0.0407571 0.661217 0.042259 0.641717 0.0289834 0.638486 0.0274815 0.657986
0 0.291738 0.775607 0.298296 0.751485 0.288983 0.743481 0.282424 0.767604
0 0.111386 0.683787 0.115511 0.662966 0.105894 0.656945 0.101769 0.677766
0 0.289249 0.348961 0.299874 0.316044 0.269319 0.284871 0.258694 0.317788
0 0.0210475 0.660443 0.0285831 0.642585 0.0202861 0.63152 0.0127505 0.649377
0 0.37049 0.188461 0.372028 0.15428 0.355227 0.151889 0.353688 0.18607
0 0.133816 0.545848 0.149551 0.522589 0.141098 0.504517 0.125364 0.527775
0 0.219207 0.764529 0.22578 0.743128 0.217906 0.735484 0.211333 0.756885
0 0.647892 0.745358 0.651854 0.726537 0.63939 0.718244 0.635428 0.737065
0 0.222768 0.72578 0.227497 0.704786 0.218441 0.698339 0.213712 0.719333
0 0.198494 0.617899 0.201365 0.595358 0.189556 0.590603 0.186685 0.613144
0 0.62642 0.853996 0.628312 0.834601 0.613778 0.830119 0.611886 0.849514
0 0.19113 0.518905 0.191893 0.499742 0.176418 0.497795 0.175655 0.516958
0 0.591335 0.844752 0.594516 0.82584 0.583351 0.819906 0.580171 0.838819
0 0.00920017 0.786069 0.0101872 0.768488 -0.000365288 0.766615 -0.00135231 0.784197
0 0.143479 0.76661 0.149718 0.744798 0.141539 0.737404 0.1353 0.759216
0 0.139512 0.517863 0.141845 0.491731 0.123297 0.486495 0.120963 0.512627
0 0.326935 0.273114 0.330093 0.244952 0.310069 0.237854 0.30691 0.266017
0 0.0381161 0.745669 0.0444089 0.724144 0.0346481 0.715126 0.0283554 0.73665
0 0.785478 0.696109 0.789843 0.652043 0.763983 0.643949 0.759619 0.688014
0 0.139546 0.936315 0.148854 0.916187 0.14111 0.904869 0.131802 0.924997
0 0.681143 0.786453 0.685504 0.766672 0.6748 0.759213 0.670439 0.778994
0 0.311258 0.117607 0.315444 0.0825818 0.297417 0.0757733 0.293231 0.110799
0 0.141611 0.557866 0.169888 0.533953 0.163716 0.510887 0.135439 0.534801
0 0.23366 0.893331 0.244001 0.872054 0.234191 0.856984 0.22385 0.878262
0 0.111741 0.719056 0.113389 0.702521 0.102836 0.699195 0.101188 0.71573
0 0.21923 0.970992 0.224917 0.949336 0.214257 0.94049 0.208571 0.962146
0 0.155914 0.61667 0.192849 0.566873 0.170381 0.514203 0.133446 0.564
0 0.383081 0.857058 0.384783 0.833452 0.372724 0.830704 0.371022 0.854309
0 0.369975 0.99892 0.374985 0.972022 0.355596 0.960609 0.350586 0.987507
0 0.280041 0.747295 0.279023 0.717889 0.265881 0.719327 0.266899 0.748733
0 0.0193285 0.809882 0.0308668 0.780341 0.0179759 0.764428 0.00643758 0.793969
0 0.432555 0.829944 0.435333 0.802998 0.421712 0.79856 0.418934 0.825506
0 0.0107441 0.756304 0.0128551 0.729742 0.00104415 0.726776 -0.00106682 0.753338
0 0.072314 0.496261 0.0752867 0.480417 0.0664009 0.475148 0.0634281 0.490992
0 0.501668 0.751193 0.510331 0.722367 0.494852 0.707666 0.48619 0.736491
0 0.573884 0.897259 0.573804 0.861893 0.556425 0.862018 0.556505 0.897383
0 0.575541 0.705115 0.577881 0.681263 0.566937 0.677869 0.564597 0.701721
0 0.249181 0.682474 0.249602 0.664035 0.238143 0.663209 0.237723 0.681647
0 0.518313 0.799947 0.52327 0.780466 0.5126 0.771886 0.507644 0.791368
0 0.13923 0.62656 0.146148 0.573228 0.118587 0.561928 0.111669 0.61526
0 0.196972 0.832658 0.198694 0.818235 0.189351 0.81471 0.187629 0.829132
0 0.112714 0.747111 0.116837 0.723133 0.106134 0.717316 0.102011 0.741294
0 0.0425635 0.712064 0.044777 0.692359 0.0337758 0.688453 0.0315622 0.708158
0 0.675839 0.698562 0.679592 0.668608 0.660251 0.66095 0.656498 0.690904
0 0.453913 0.787649 0.456987 0.758623 0.439243 0.752686 0.43617 0.781712
0 0.591517 0.758154 0.593443 0.740692 0.582994 0.737049 0.581068 0.754511
0 0.271264 0.875412 0.279496 0.848588 0.268905 0.838314 0.260672 0.865138
0 0.0918553 0.860029 0.103697 0.836951 0.0966321 0.825494 0.0847905 0.848572
0 0.0230715 0.640936 0.0256539 0.619438 0.0122636 0.614355 0.00968112 0.635852
0 0.0939986 0.831529 0.100774 0.81478 0.0937022 0.805739 0.0869268 0.822488
0 0.0869117 0.547467 0.0880766 0.531075 0.0784756 0.528918 0.0773107 0.54531
0 0.123508 0.77116 0.129271 0.752619 0.121062 0.744553 0.115298 0.763094
0 0.735501 0.792127 0.741255 0.774657 0.732098 0.765125 0.726344 0.782595
0 0.0102903 0.903088 0.0207712 0.871877 0.00631666 0.856536 -0.00416422 0.887747
0 0.516149 0.89247 0.522326 0.872936 0.513524 0.864139 0.507347 0.883674
0 0.129203 0.734028 0.129925 0.714294 0.117799 0.712892 0.117077 0.732626
0 0.759213 0.726486 0.760952 0.707996 0.748959 0.704432 0.74722 0.722921
0 0.11902 0.634004 0.12183 0.615728 0.108517 0.60926 0.105707 0.627536
0 0.327418 0.856971 0.331295 0.828973 0.319783 0.823935 0.315906 0.851932
0 0.485548 0.820403 0.486892 0.792291 0.469801 0.789708 0.468457 0.81782
0 0.743167 0.697911 0.744883 0.668558 0.725257 0.664932 0.723541 0.694285
0 0.605552 0.598295 0.628612 0.44967 0.589489 0.430486 0.56643 0.579111
0 0.277013 0.69885 0.278071 0.682176 0.26767 0.680092 0.266613 0.696766
0 0.383932 0.169577 0.392403 0.147299 0.371853 0.122604 0.363382 0.144883
0 0.568673 0.86402 0.572502 0.839853 0.555312 0.831245 0.551483 0.855412
0 0.168054 0.925982 0.172123 0.901805 0.163939 0.897452 0.159871 0.921629
0 0.163828 0.937552 0.169151 0.915848 0.159444 0.908322 0.15412 0.930027
0 0.690484 0.727031 0.701751 0.703315 0.685547 0.678987 0.67428 0.702703
0 0.603837 0.757071 0.607757 0.73726 0.592362 0.727632 0.588442 0.747443
