0 0.996602 0.98188 1.01272 0.861777 0.808315 0.775063 0.792194 0.895166
0 0.0537723 1.00697 0.0871468 0.988559 0.0813317 0.95525 0.0479572 0.973664
0 0.116768 0.925057 0.129311 0.878829 0.107722 0.860316 0.0951794 0.906545
0 0.0318859 0.986135 0.041401 0.954223 0.0251573 0.938916 0.0156422 0.970828
0 0.0485992 0.985742 0.061934 0.949336 0.045316 0.930098 0.0319812 0.966504
0 0.584986 1.0139 0.608534 0.96109 0.565315 0.900182 0.541766 0.952994
0 0.784178 0.534373 0.790304 0.505332 0.773107 0.493867 0.766981 0.522908
0 0.115939 0.853874 0.115135 0.822321 0.0923197 0.824158 0.0931238 0.855712
0 0.126647 0.87079 0.144853 0.848794 0.128189 0.805199 0.109982 0.827194
0 0.649424 0.633603 0.662059 0.596489 0.647132 0.580428 0.634497 0.617542
0 0.172038 0.793804 0.166673 0.762284 0.137883 0.77777 0.143248 0.80929
0 0.373325 0.956512 0.385406 0.918943 0.365957 0.899175 0.353876 0.936744
0 0.441608 0.937701 0.449682 0.826226 0.382823 0.810921 0.374749 0.922396
0 0.138762 0.745565 0.140658 0.723377 0.128685 0.720144 0.126789 0.742332
0 0.778454 0.99929 0.82229 0.911467 0.755573 0.806217 0.711737 0.894039
0 0.0727075 0.846528 0.0690517 0.81827 0.0387044 0.830679 0.0423602 0.858937
0 0.124742 0.772993 0.125297 0.745621 0.10689 0.74444 0.106335 0.771812
0 0.720507 0.822058 0.740012 0.677848 0.638158 0.634309 0.618653 0.778519
0 0.171547 0.614692 0.172334 0.590373 0.157032 0.588808 0.156245 0.613128
0 0.687488 0.560636 0.691348 0.501596 0.659527 0.49502 0.655667 0.554061
0 0.170799 0.67684 0.174285 0.647545 0.158428 0.641582 0.154942 0.670876
0 0.0270072 0.938299 0.0513209 0.91865 0.0453586 0.895333 0.0210449 0.914982
0 0.0974538 0.932553 0.106613 0.902839 0.0913717 0.887991 0.0822127 0.917705
0 0.152114 0.862931 0.166056 0.80714 0.142092 0.788213 0.12815 0.844005
0 0.023377 0.896911 0.0260349 0.867871 0.0115562 0.863683 0.0088982 0.892722
0 0.158241 0.765397 0.165541 0.741497 0.155586 0.731887 0.148286 0.755788
0 0.614077 0.68329 0.614473 0.647363 0.592315 0.646591 0.591919 0.682517
0 0.59189 0.408517 0.594189 0.382543 0.579496 0.378433 0.577197 0.404407
0 0.0833249 0.942326 0.0855941 0.91092 0.0657066 0.906378 0.0634374 0.937785
0 0.454028 0.800022 0.461425 0.765414 0.445934 0.754949 0.438537 0.789557
0 0.0492533 0.837513 0.0512774 0.798343 0.0298005 0.794835 0.0277765 0.834005
0 0.666928 0.582681 0.673188 0.565417 0.660823 0.551244 0.654562 0.568508
0 0.723025 0.379291 0.725456 0.351195 0.707254 0.346217 0.704822 0.374312
0 0.571772 0.540751 0.583692 0.508518 0.571645 0.494437 0.559724 0.52667
0 0.580687 0.395358 0.58665 0.365352 0.573352 0.357 0.567389 0.387006
0 0.68295 0.48242 0.685571 0.454448 0.669667 0.449739 0.667047 0.477711
0 0.553363 0.535171 0.570054 0.504282 0.559474 0.486214 0.542783 0.517103
0 0.150722 0.702231 0.149978 0.681797 0.134848 0.683539 0.135592 0.703973
0 0.522985 0.63437 0.53067 0.602157 0.518862 0.593254 0.511177 0.625468
0 0.0353562 0.915027 0.0688189 0.880364 0.0574111 0.845558 0.0239484 0.880222
0 0.121039 0.810027 0.125069 0.786341 0.11057 0.778545 0.106541 0.80223
0 0.690654 0.517152 0.698086 0.493394 0.677805 0.473342 0.670373 0.497099
0 0.699373 0.596666 0.701308 0.542145 0.673215 0.538995 0.671281 0.593516
0 0.170642 0.847059 0.182367 0.812696 0.169145 0.798438 0.157421 0.832801
0 0.123839 0.686113 0.12645 0.662585 0.108956 0.656449 0.106345 0.679977
0 0.16837 0.709706 0.177697 0.684384 0.168733 0.673948 0.159406 0.699271
0 0.641476 0.464166 0.650052 0.452981 0.637361 0.422226 0.628784 0.433411
0 0.161266 0.707684 0.164827 0.683205 0.150024 0.676401 0.146464 0.700879
0 0.733727 0.729106 0.743417 0.708563 0.725701 0.682155 0.716012 0.702699
0 0.00923266 1.00509 0.0216198 0.974252 0.00968769 0.959105 -0.00269948 0.989946
0 0.101158 0.334812 0.119807 0.321363 0.108634 0.272396 0.0899849 0.285845
0 0.33389 0.610609 0.348352 0.607289 0.341006 0.506154 0.326544 0.509474
0 0.521848 0.602443 0.528295 0.577193 0.516725 0.567856 0.510278 0.593106
0 0.496257 0.211108 0.490796 0.164377 0.462919 0.174672 0.46838 0.221403
0 0.801079 0.547989 0.808625 0.528337 0.795149 0.511983 0.787603 0.531636
0 0.771541 0.634349 0.782465 0.61604 0.767564 0.587941 0.75664 0.606251
0 0.707155 0.455113 0.717688 0.441979 0.702366 0.403145 0.691833 0.416279
0 0.671653 0.605382 0.674349 0.579833 0.659713 0.57495 0.657016 0.600499
0 0.514294 0.744072 0.521236 0.715201 0.507841 0.70502 0.500898 0.733891
0 0.721656 0.597851 0.723885 0.57413 0.710029 0.570015 0.7078 0.593736
0 0.187992 0.828854 0.190903 0.806065 0.178456 0.801042 0.175546 0.823831
0 0.134477 0.824788 0.14316 0.801414 0.132039 0.788359 0.123357 0.811733
0 0.510059 0.672953 0.521339 0.648511 0.513203 0.636643 0.501922 0.661085
0 0.547094 0.733942 0.550552 0.702253 0.535277 0.696986 0.53182 0.728675
0 0.306863 0.655156 0.310777 0.57798 0.252364 0.568618 0.24845 0.645794
0 0.506478 0.57271 0.511705 0.553056 0.499179 0.542527 0.493952 0.562181
0 0.58888 0.5054 0.595927 0.489901 0.58189 0.46973 0.574843 0.485229
0 0.747373 0.306411 0.746724 0.266248 0.726201 0.267296 0.726849 0.307458
0 0.531863 0.70087 0.539839 0.686812 0.529189 0.667717 0.521214 0.681775
0 0.596609 0.352344 0.598579 0.331356 0.587015 0.327925 0.585045 0.348914
0 0.631132 0.614809 0.647663 0.591345 0.639773 0.573775 0.623241 0.597239
0 0.740952 0.579744 0.747072 0.563243 0.73542 0.549588 0.729301 0.566089
0 0.3737 0.923363 0.373343 0.890514 0.351931 0.89125 0.352288 0.924098
0 0.762518 0.704794 0.769817 0.671429 0.754099 0.660563 0.7468 0.693927
0 0.155219 0.7384 0.163029 0.710175 0.149159 0.698046 0.141349 0.72627
0 0.785767 0.447262 0.7815 0.395841 0.760477 0.401355 0.764744 0.452776
0 0.640342 0.557628 0.645679 0.535555 0.630606 0.524038 0.625269 0.546112
0 0.0198924 0.925798 0.0277817 0.907377 0.0117908 0.885732 0.00390144 0.904152
0 0.795746 0.501683 0.796532 0.475408 0.781561 0.473993 0.780776 0.500268
0 0.0338533 1.01513 0.052844 0.987906 0.0424928 0.965084 0.0235021 0.992306
0 0.814571 0.388242 0.817689 0.370511 0.805334 0.363644 0.802216 0.381375
0 0.686117 0.616101 0.688295 0.592404 0.674427 0.588374 0.672249 0.612071
0 0.159287 0.755334 0.166102 0.734606 0.156172 0.724288 0.149357 0.745016
0 0.585057 0.429115 0.587893 0.411939 0.576974 0.406241 0.574138 0.423417
0 0.621199 0.658734 0.625834 0.631693 0.605303 0.620571 0.600668 0.647612
0 0.588445 0.672561 0.592324 0.648821 0.578793 0.641834 0.574914 0.665574
0 0.758651 0.389838 0.760035 0.362433 0.746198 0.360226 0.744814 0.38763
0 0.187337 0.298339 0.21624 0.270222 0.18961 0.183703 0.160707 0.21182
0 0.573504 0.612402 0.579817 0.586201 0.561526 0.57227 0.555212 0.598471
0 0.127463 0.744753 0.128177 0.725393 0.113595 0.723693 0.112881 0.743053
0 0.644341 0.437749 0.653205 0.424149 0.641684 0.400418 0.63282 0.414018
0 0.498667 0.744342 0.501683 0.720806 0.488588 0.715504 0.485573 0.73904
0 0.849666 0.736353 0.861256 0.671993 0.795534 0.634585 0.783944 0.698945
0 0.835714 0.389142 0.836175 0.353788 0.813206 0.352841 0.812745 0.388194
0 0.518672 0.579246 0.521459 0.55571 0.50964 0.551287 0.506853 0.574823
0 0.693874 0.45651 0.698447 0.430314 0.683944 0.422313 0.679371 0.448509
0 0.0742952 0.978014 0.0948461 0.957478 0.0864792 0.931015 0.0659283 0.95155
0 0.79653 0.720925 0.804236 0.698471 0.788627 0.681538 0.78092 0.703992
0 0.71046 0.350498 0.715556 0.326 0.704321 0.318614 0.699225 0.343112
0 0.550597 0.816601 0.55301 0.784251 0.534165 0.779807 0.531752 0.812157
0 0.493464 0.662955 0.502561 0.638536 0.493335 0.627673 0.484238 0.652092
0 0.784164 0.323038 0.802671 0.298463 0.795412 0.281185 0.776905 0.30576
0 0.506984 0.833243 0.512668 0.803383 0.501521 0.796676 0.495836 0.826536
0 0.8001 0.395993 0.804654 0.376668 0.790012 0.365764 0.785459 0.385089
0 0.0690464 0.890991 0.0773074 0.865631 0.067093 0.855115 0.0588321 0.880475
0 0.171733 0.746405 0.177057 0.72971 0.167644 0.720221 0.162319 0.736916
0 0.139193 0.697941 0.143138 0.66924 0.127867 0.662606 0.123922 0.691307
0 0.126432 0.786133 0.12738 0.767323 0.112391 0.764935 0.111443 0.783745
0 0.0293883 0.889881 0.0439694 0.859276 0.0303394 0.838752 0.0157583 0.869357
0 0.474154 0.819111 0.478931 0.795985 0.468 0.788848 0.463223 0.811975
0 0.508014 0.721695 0.508141 0.701822 0.490764 0.701471 0.490637 0.721345
0 0.874792 0.374738 0.892217 0.358995 0.886464 0.338869 0.869039 0.354612
0 0.746741 0.706038 0.750349 0.685342 0.737603 0.67832 0.733995 0.699016
0 0.50587 0.634677 0.512948 0.623597 0.501803 0.601098 0.494726 0.612178
0 0.545648 0.500382 0.550842 0.471121 0.534154 0.46176 0.52896 0.491021
0 0.58045 0.556026 0.584964 0.528797 0.571576 0.521781 0.567061 0.54901
0 0.751917 0.733589 0.760763 0.704127 0.747669 0.691701 0.738822 0.721162
0 0.447763 0.656404 0.456258 0.635155 0.447796 0.624463 0.439301 0.645712
0 0.243876 0.753819 0.246947 0.714299 0.223815 0.708618 0.220744 0.748137
0 0.511961 0.553211 0.516903 0.534964 0.50576 0.525428 0.500819 0.543674
0 0.670676 0.477714 0.672738 0.454418 0.659565 0.450734 0.657503 0.47403
0 0.59779 0.529512 0.601113 0.504989 0.588745 0.499692 0.585422 0.524215
0 0.0916939 0.98094 0.106614 0.952279 0.0942881 0.932 0.0793681 0.960661
0 0.861285 0.800907 0.878692 0.756318 0.842409 0.711553 0.825002 0.756143
0 0.0614916 0.813372 0.0641683 0.790664 0.0513957 0.785905 0.048719 0.808613
0 0.798339 0.425804 0.798914 0.401376 0.787483 0.400525 0.786908 0.424953
0 0.148946 0.650161 0.151099 0.628327 0.140034 0.624879 0.137881 0.646712
0 0.687992 0.376867 0.689647 0.355198 0.677981 0.352381 0.676325 0.37405
0 0.546229 0.639238 0.551631 0.622074 0.54304 0.61353 0.537638 0.630693
0 0.75768 0.6003 0.759819 0.575429 0.74516 0.571444 0.743021 0.596315
0 0.147211 0.721178 0.146412 0.700007 0.129772 0.701993 0.130571 0.723164
0 0.725416 0.615807 0.729829 0.594951 0.718052 0.587074 0.713638 0.60793
0 0.541862 0.528973 0.545831 0.503025 0.529614 0.495186 0.525645 0.521135
0 0.505689 0.907082 0.511417 0.881229 0.499415 0.872825 0.493687 0.898677
0 0.78763 0.428141 0.78927 0.391242 0.77102 0.388678 0.769379 0.425577
0 0.534368 0.840007 0.537604 0.815437 0.520336 0.808249 0.5171 0.832819
0 0.571277 0.481946 0.580233 0.456683 0.569262 0.444391 0.560307 0.469654
0 0.795564 0.519135 0.799762 0.501517 0.789706 0.493943 0.785508 0.511562
0 0.574241 0.50621 0.57982 0.486211 0.569311 0.476946 0.563732 0.496945
0 0.50379 0.600376 0.507141 0.569317 0.492898 0.564459 0.489546 0.595518
0 0.113934 0.71528 0.115351 0.689992 0.101418 0.687525 0.100002 0.712812
0 0.0529284 0.946667 0.0654645 0.912682 0.0531114 0.898281 0.0405753 0.932266
0 0.194003 0.855079 0.201768 0.83881 0.1892 0.819853 0.181436 0.836123
0 0.205387 0.841136 0.214951 0.808895 0.205932 0.800438 0.196367 0.832679
0 0.707311 0.600156 0.711286 0.577506 0.701762 0.572222 0.697786 0.594872
0 0.489317 0.855306 0.494014 0.828482 0.483744 0.822798 0.479047 0.849622
0 0.553722 0.860167 0.558583 0.836686 0.544761 0.827642 0.5399 0.851123
0 0.698776 0.363849 0.704956 0.326437 0.688679 0.31794 0.682499 0.355351
0 0.587941 0.566283 0.591851 0.543661 0.578237 0.536225 0.574327 0.558847
0 0.539106 0.675207 0.548196 0.655662 0.538986 0.642124 0.529896 0.661669
0 0.544132 0.755284 0.544713 0.731282 0.530794 0.730216 0.530212 0.754218
0 0.471691 0.700909 0.473436 0.671521 0.457672 0.668562 0.455927 0.697951
0 0.0698601 0.969086 0.074196 0.939635 0.059672 0.932877 0.0553361 0.962328
0 0.0433753 0.955019 0.0610271 0.926336 0.0509052 0.906649 0.0332533 0.935332
0 0.0960304 0.794221 0.098845 0.770541 0.0836908 0.764848 0.0808761 0.788528
0 0.1431 0.666045 0.146126 0.645997 0.133801 0.640118 0.130776 0.660166
0 0.0586067 0.794322 0.0592976 0.770994 0.0435339 0.769518 0.042843 0.792846
0 0.6976 0.660466 0.701113 0.620832 0.685627 0.616494 0.682114 0.656128
0 0.827002 0.427579 0.8322 0.401451 0.813309 0.389573 0.808111 0.4157
0 0.51642 0.804752 0.517 0.759043 0.49624 0.758211 0.49566 0.803919
0 0.755627 0.457743 0.755671 0.422144 0.733703 0.422058 0.733659 0.457657
0 0.728278 0.688915 0.729598 0.65769 0.716702 0.655967 0.715382 0.687192
0 0.740252 0.694221 0.742226 0.66318 0.727344 0.66019 0.725371 0.69123
0 0.527839 0.559918 0.529307 0.537955 0.5176 0.535484 0.516133 0.557447
0 0.451867 0.702914 0.455143 0.672768 0.441287 0.668008 0.43801 0.698154
0 0.738776 0.596621 0.741067 0.579183 0.728124 0.573808 0.725833 0.591246
0 0.198155 0.820959 0.210791 0.789545 0.196131 0.770908 0.183495 0.802322
0 0.561315 0.724785 0.564451 0.703913 0.553039 0.698493 0.549903 0.719366
0 0.61857 0.435713 0.622272 0.410592 0.610874 0.405284 0.607172 0.430404
0 0.532548 0.669461 0.538538 0.64851 0.524426 0.635758 0.518435 0.656709
0 0.748361 0.610146 0.75083 0.594082 0.738694 0.588189 0.736226 0.604253
0 0.444798 0.677556 0.452595 0.656209 0.441323 0.643197 0.433526 0.664545
0 0.616852 0.485953 0.625809 0.43723 0.61379 0.430248 0.604834 0.47897
0 0.656701 0.4174 0.662995 0.388895 0.642577 0.374645 0.636282 0.40315
0 0.456998 0.631889 0.46632 0.603834 0.454585 0.59151 0.445263 0.619565
0 0.107835 0.782777 0.10974 0.764906 0.0971134 0.760651 0.0952082 0.778522
0 0.0798106 0.865302 0.0828319 0.839691 0.0672978 0.833899 0.0642766 0.85951
0 0.539074 0.625155 0.543658 0.605496 0.535004 0.599118 0.53042 0.618777
0 0.6595 0.589043 0.663046 0.569866 0.651517 0.56313 0.647972 0.582307
0 0.697099 0.6139 0.704177 0.589276 0.69504 0.580974 0.687961 0.605598
0 0.977781 0.218088 0.978149 0.170871 0.960916 0.170445 0.960548 0.217663
0 0.542969 0.612021 0.549449 0.58805 0.539952 0.579935 0.533471 0.603905
0 0.761099 0.743911 0.766994 0.72302 0.756588 0.713739 0.750692 0.734629
0 0.746532 0.780481 0.759123 0.760077 0.739859 0.722508 0.727269 0.742912
0 0.0238488 0.80745 0.025528 0.782372 0.00418148 0.777855 0.00250225 0.802933
0 0.587732 0.473123 0.590278 0.455565 0.579002 0.450398 0.576456 0.467956
0 0.500009 0.888021 0.504094 0.862025 0.492157 0.856097 0.488073 0.882093
0 0.647114 0.478677 0.6517 0.46462 0.640334 0.452902 0.635749 0.466959
0 0.0581116 0.915832 0.0693192 0.886738 0.0591077 0.874306 0.0479001 0.9034
0 0.621991 1.00637 0.796529 0.871788 0.750104 0.681502 0.575566 0.816085
0 0.239879 0.503847 0.254768 0.487109 0.238759 0.442101 0.22387 0.458839
0 0.16195 0.902912 0.165303 0.874007 0.148657 0.867903 0.145304 0.896809
0 0.493481 0.679788 0.498898 0.657709 0.488857 0.649924 0.483441 0.672003
0 0.836799 0.289732 0.838634 0.262198 0.822712 0.258843 0.820876 0.286377
0 0.686506 0.646196 0.68908 0.613344 0.674862 0.609823 0.672288 0.642676
0 0.701876 0.479832 0.706369 0.4599 0.692189 0.449798 0.687696 0.46973
0 0.254237 0.668459 0.249685 0.607163 0.225701 0.612791 0.230253 0.674087
0 0.614635 0.399541 0.618305 0.383879 0.60973 0.377528 0.60606 0.39319
0 0.438801 0.704272 0.443622 0.677773 0.433259 0.671813 0.428437 0.698312
0 0.0729205 0.781113 0.0759194 0.753942 0.0589799 0.748033 0.055981 0.775204
0 0.667917 0.353856 0.673264 0.332034 0.663586 0.324539 0.658239 0.346361
0 0.159343 0.113147 0.174989 0.087166 0.149462 0.038584 0.133816 0.0645656
0 0.123118 0.638679 0.124025 0.61417 0.10489 0.611932 0.103983 0.63644
0 0.584754 0.453556 0.588833 0.438138 0.57658 0.427892 0.572501 0.44331
0 0.579083 0.716169 0.580751 0.692391 0.561305 0.688078 0.559637 0.711856
0 0.589026 0.598298 0.597996 0.580853 0.582748 0.556075 0.573778 0.57352
0 0.73864 0.156948 0.752014 0.088749 0.726055 0.0726611 0.712682 0.14086
0 0.743207 0.271643 0.746613 0.252428 0.735158 0.24601 0.731752 0.265225
0 0.798566 0.410019 0.800027 0.392027 0.788842 0.389157 0.787382 0.407149
0 0.735429 0.618108 0.740415 0.597969 0.728683 0.58879 0.723697 0.608929
0 0.663797 0.438361 0.66703 0.415581 0.655302 0.410321 0.652069 0.433101
0 0.101819 0.825248 0.109702 0.798494 0.0923164 0.782301 0.0844324 0.809055
0 0.181747 0.811532 0.186702 0.791839 0.174142 0.781851 0.169187 0.801545
0 0.771092 0.217591 0.789974 0.188773 0.777669 0.163292 0.758787 0.19211
0 0.55783 0.895066 0.56865 0.874503 0.559722 0.859655 0.548902 0.880218
0 0.433139 0.684581 0.445126 0.662251 0.437008 0.648477 0.425021 0.670807
0 0.56295 0.445281 0.56792 0.429496 0.560549 0.42216 0.555578 0.437945
0 0.189827 0.776701 0.19453 0.750827 0.182509 0.743921 0.177806 0.769795
0 0.652332 0.570008 0.664396 0.541973 0.65555 0.529944 0.643486 0.557979
0 0.196976 0.730158 0.200287 0.700452 0.186438 0.695573 0.183127 0.72528
0 0.665151 0.488373 0.669186 0.472912 0.659245 0.464711 0.65521 0.480173
0 0.767012 0.534479 0.773 0.506997 0.760089 0.498107 0.754101 0.525588
0 0.575033 0.669617 0.57998 0.635949 0.565711 0.629323 0.560764 0.662991
0 0.483702 0.582343 0.492485 0.560662 0.485173 0.5513 0.47639 0.572981
0 0.533157 0.607678 0.538338 0.588002 0.529918 0.580995 0.524737 0.60067
0 0.485428 0.607571 0.490333 0.583827 0.480739 0.577563 0.475834 0.601307
0 0.629658 0.589936 0.635631 0.567573 0.626268 0.559669 0.620295 0.582033
0 0.181909 0.729803 0.182548 0.71069 0.170002 0.709364 0.169363 0.728477
0 0.191542 0.895531 0.196226 0.865779 0.183316 0.859355 0.178632 0.889107
0 0.809941 0.428054 0.810982 0.411852 0.799993 0.409619 0.798951 0.425822
0 0.560333 0.585198 0.56275 0.564283 0.553438 0.560881 0.551021 0.581797
0 0.0333116 0.281352 0.0372299 0.189111 -0.0127327 0.182403 -0.016651 0.274644
0 0.0698191 0.828545 0.0716442 0.806478 0.0594329 0.803286 0.0576078 0.825353
0 0.08987 0.346622 0.106705 0.298378 0.0760961 0.26462 0.0592609 0.312864
0 0.620542 0.587585 0.624297 0.564868 0.607466 0.556076 0.603711 0.578793
0 0.585777 0.76179 0.59018 0.743366 0.577796 0.734011 0.573393 0.752435
0 0.585047 0.901038 0.599305 0.862445 0.586652 0.847672 0.572394 0.886265
0 0.893725 0.349494 0.900572 0.324221 0.877223 0.30423 0.870377 0.329502
0 0.495342 0.836033 0.501151 0.814839 0.491876 0.806803 0.486066 0.827996
0 0.660793 0.518751 0.663996 0.496937 0.653351 0.491996 0.650147 0.513811
0 0.473756 0.71342 0.475021 0.68704 0.461296 0.68496 0.460032 0.711341
0 0.6315 0.524671 0.636657 0.49568 0.626107 0.489749 0.62095 0.51874
0 0.614076 0.543605 0.619637 0.52084 0.609182 0.512767 0.60362 0.535533
0 0.0192468 0.865038 0.0296278 0.84282 0.0206521 0.829566 0.0102711 0.851784
0 0.705081 0.526787 0.713753 0.505166 0.694743 0.481066 0.686071 0.502687
0 0.657627 0.460843 0.660997 0.440293 0.652107 0.435685 0.648737 0.456235
0 0.608595 0.382948 0.610644 0.367084 0.602202 0.363639 0.600154 0.379503
0 0.483649 0.660636 0.492331 0.631551 0.481544 0.621374 0.472862 0.650459
0 0.710816 0.327667 0.716938 0.303838 0.705634 0.294659 0.699512 0.318487
0 0.703689 0.617265 0.711496 0.591331 0.701966 0.582263 0.694159 0.608197
0 0.492808 0.618479 0.49611 0.59874 0.486724 0.593777 0.483422 0.613516
0 0.548491 0.706192 0.560091 0.666196 0.546033 0.65331 0.534433 0.693306
0 0.210718 0.699995 0.210816 0.682168 0.194713 0.681888 0.194615 0.699716
0 0.573819 0.853782 0.576633 0.835563 0.565534 0.830146 0.56272 0.848365
0 0.609088 0.45208 0.612446 0.431823 0.601028 0.42584 0.59767 0.446097
0 0.424271 0.79411 0.429144 0.771164 0.416876 0.762929 0.412002 0.785874
0 0.573488 0.673704 0.577411 0.645873 0.564917 0.640306 0.560994 0.668138
0 0.477015 0.787609 0.480673 0.734881 0.455065 0.729265 0.451406 0.781994
0 0.66198 0.265163 0.66749 0.248449 0.657796 0.238348 0.652286 0.255062
0 0.46289 0.675752 0.468385 0.64186 0.456366 0.635701 0.450871 0.669594
0 0.228036 0.541894 0.235334 0.47268 0.219839 0.467516 0.21254 0.53673
0 0.558554 0.476918 0.563491 0.451293 0.553771 0.445374 0.548834 0.470998
0 0.784682 0.228855 0.797319 0.20575 0.7888 0.191025 0.776163 0.21413
0 0.563112 0.62538 0.566228 0.606879 0.555603 0.601224 0.552488 0.619725
0 0.0891864 0.866462 0.0946179 0.838997 0.0822025 0.831237 0.076771 0.858703
0 0.0693748 0.921888 0.0832477 0.889237 0.0714374 0.873378 0.0575644 0.906028
0 0.775267 0.243394 0.780422 0.210778 0.764003 0.202576 0.758848 0.235192
0 0.151701 0.973657 0.15263 0.939968 0.129386 0.937943 0.128457 0.971632
