0 0.924281 0.804703 0.924431 0.758194 0.900418 0.757949 0.900268 0.804458
0 0.129668 0.952982 0.159786 0.902057 0.142285 0.869343 0.112166 0.920268
0 0.235513 0.892179 0.300518 0.833134 0.279251 0.759135 0.214246 0.81818
0 0.958107 0.834232 0.970266 0.804927 0.94646 0.773708 0.9343 0.803013
0 0.422688 0.945018 0.430643 0.902966 0.408797 0.889906 0.400842 0.931958
0 0.898261 0.271053 0.957606 0.243405 0.948022 0.178386 0.888677 0.206033
0 0.336918 0.971687 0.339236 0.922817 0.314317 0.919081 0.311999 0.967951
0 0.093883 0.917024 0.0894919 0.872036 0.0532277 0.883223 0.0576189 0.928211
0 0.395836 0.884775 0.400044 0.854229 0.387076 0.848583 0.382868 0.879129
0 0.924609 0.763322 0.931158 0.741825 0.912002 0.723381 0.905453 0.744878
0 0.424927 0.816292 0.42118 0.778994 0.39655 0.786814 0.400297 0.824112
0 0.461899 0.866232 0.465546 0.832497 0.446313 0.825925 0.442666 0.85966
0 0.170761 0.743578 0.178186 0.706473 0.149538 0.688356 0.142113 0.72546
0 0.687039 0.771653 0.697491 0.739021 0.677384 0.718668 0.666933 0.7513
0 0.881758 0.793131 0.896886 0.768944 0.886918 0.749241 0.87179 0.773427
0 0.139023 0.862174 0.153838 0.838304 0.144024 0.819052 0.129209 0.842922
0 0.427674 0.793782 0.434319 0.768633 0.413216 0.751012 0.406572 0.776161
0 0.995672 1.00397 1.01204 0.877836 0.831461 0.80378 0.815094 0.929917
0 0.17184 0.842368 0.172897 0.809472 0.154294 0.807583 0.153237 0.840479
0 0.474326 0.732801 0.474941 0.708416 0.458436 0.7071 0.457821 0.731485
0 0.407797 0.893034 0.414375 0.86447 0.400147 0.854113 0.393568 0.882677
0 0.413842 0.761615 0.422211 0.742047 0.409443 0.724788 0.401074 0.744356
0 0.962911 0.86022 0.965821 0.825299 0.938055 0.817988 0.935145 0.85291
0 0.502796 0.782564 0.503664 0.754788 0.484081 0.752855 0.483214 0.780631
0 0.516724 0.663384 0.518908 0.636204 0.503824 0.632374 0.50164 0.659555
0 0.523342 0.773018 0.52563 0.752189 0.514045 0.748166 0.511757 0.768995
0 0.109717 0.851482 0.125102 0.830749 0.117047 0.811857 0.101662 0.832591
0 0.645226 0.697821 0.652502 0.676239 0.644096 0.667284 0.636821 0.688866
0 0.719879 0.811701 0.720551 0.787251 0.697898 0.785283 0.697226 0.809733
0 0.457632 0.811766 0.46523 0.787537 0.449507 0.771954 0.441909 0.796184
0 0.938151 0.742135 0.94392 0.713383 0.925482 0.70169 0.919712 0.730441
0 0.474241 0.750164 0.475476 0.731267 0.46083 0.728243 0.459596 0.74714
0 0.119726 0.889401 0.135409 0.860322 0.126249 0.844709 0.110566 0.873787
0 0.34264 0.893109 0.349394 0.831907 0.319915 0.821625 0.31316 0.882826
0 0.941134 0.83535 0.94278 0.810483 0.916865 0.805062 0.915219 0.829929
0 0.110267 0.876544 0.12777 0.849368 0.118343 0.830178 0.10084 0.857355
0 0.433732 0.924888 0.446743 0.901726 0.428106 0.86864 0.415095 0.891802
0 0.175542 0.875111 0.204779 0.848532 0.197012 0.821531 0.167775 0.84811
0 0.49538 0.680805 0.497178 0.662755 0.484678 0.658818 0.482879 0.676869
0 0.85162 0.790066 0.848237 0.76246 0.822669 0.772363 0.826052 0.799968
0 0.11794 0.939224 0.130373 0.890961 0.115095 0.878523 0.102663 0.926786
0 0.611164 0.753954 0.616075 0.734985 0.605926 0.726682 0.601015 0.745651
0 0.490744 0.887896 0.495882 0.86704 0.482829 0.856877 0.477691 0.877733
0 0.680717 0.891133 0.684574 0.847139 0.660546 0.840482 0.656689 0.884476
0 0.585838 0.799984 0.59179 0.777949 0.581349 0.769036 0.575398 0.791072
0 0.633312 0.702271 0.642022 0.682257 0.632317 0.668907 0.623607 0.688922
0 0.476748 0.828519 0.472863 0.779555 0.457427 0.783426 0.461313 0.83239
0 0.484572 0.717556 0.486862 0.697971 0.476936 0.694302 0.474646 0.713888
0 0.640481 0.810015 0.644911 0.783274 0.633626 0.777365 0.629196 0.804106
0 0.890101 0.533473 0.902044 0.523505 0.892046 0.485642 0.880103 0.49561
0 0.116076 0.821568 0.120883 0.789004 0.102052 0.780218 0.0972445 0.812782
0 0.629247 0.842157 0.632125 0.812303 0.616355 0.807498 0.613477 0.837352
0 0.653997 0.839489 0.655745 0.811776 0.640059 0.80865 0.638311 0.836363
0 0.84921 0.608209 0.850194 0.578839 0.83577 0.577312 0.834786 0.606682
0 0.327921 0.822085 0.32923 0.780978 0.304135 0.778453 0.302826 0.81956
0 0.410569 0.840685 0.410776 0.815289 0.394373 0.814865 0.394165 0.840261
0 0.638885 0.749224 0.642597 0.723558 0.631694 0.718575 0.627983 0.744241
0 0.508384 0.831912 0.511919 0.801111 0.496776 0.795619 0.493241 0.82642
0 0.641353 0.880734 0.646224 0.858195 0.631725 0.848292 0.626854 0.87083
0 0.944987 0.784171 0.952684 0.764104 0.936484 0.744467 0.928788 0.764534
0 0.667844 0.657784 0.677815 0.640119 0.670519 0.627103 0.660548 0.644768
0 0.476052 0.766745 0.477548 0.745731 0.466495 0.743243 0.464999 0.764257
0 0.922477 0.729393 0.925302 0.708626 0.91083 0.702404 0.908005 0.723171
0 0.592901 0.779718 0.602509 0.756292 0.594535 0.745956 0.584927 0.769382
0 0.490199 0.669924 0.495398 0.64344 0.480339 0.634098 0.47514 0.660582
0 0.102485 0.90799 0.107137 0.886166 0.0948501 0.877889 0.0901981 0.899712
0 0.535364 0.811468 0.536777 0.782371 0.52086 0.779928 0.519447 0.809025
0 0.172352 0.862327 0.173362 0.832131 0.156715 0.83037 0.155705 0.860567
0 0.347198 0.842768 0.354278 0.819047 0.338898 0.804538 0.331818 0.82826
0 0.636809 0.777993 0.641254 0.755952 0.626614 0.746619 0.622168 0.76866
0 0.9387 0.8132 0.944366 0.783237 0.92812 0.773527 0.922453 0.80349
0 0.499539 0.746943 0.503859 0.725319 0.493478 0.718765 0.489158 0.740389
0 0.576979 0.790251 0.586296 0.751652 0.559001 0.730827 0.549683 0.769427
0 0.068299 0.788485 0.0655619 0.762367 0.0442262 0.769434 0.0469634 0.795552
0 0.42805 0.882147 0.437239 0.859513 0.422411 0.840487 0.413222 0.863121
0 0.0937016 0.89162 0.105061 0.860941 0.0945136 0.848599 0.0831544 0.879277
0 0.119565 0.797579 0.129162 0.775666 0.120479 0.763647 0.110882 0.78556
0 0.229821 0.815245 0.251605 0.783938 0.243014 0.765046 0.22123 0.796353
0 0.890706 0.750339 0.892851 0.72397 0.879902 0.720641 0.877757 0.747011
0 0.484224 0.743806 0.486502 0.721891 0.474094 0.717816 0.471817 0.739731
0 0.429854 0.85158 0.456573 0.834371 0.450864 0.806355 0.424144 0.823564
0 0.865839 0.721377 0.877096 0.694446 0.859176 0.670772 0.847918 0.697703
0 0.148577 0.821954 0.175641 0.777589 0.161396 0.750125 0.134332 0.79449
0 0.412923 0.863422 0.415489 0.838462 0.398775 0.833032 0.396209 0.857991
0 0.890694 0.558447 0.891774 0.529271 0.875028 0.527313 0.873948 0.556488
0 0.575935 0.745801 0.579372 0.731321 0.563971 0.719768 0.560535 0.734248
0 0.131168 0.896173 0.144903 0.874059 0.136431 0.857431 0.122697 0.879545
0 0.89852 0.551061 0.903317 0.534686 0.891043 0.523323 0.886247 0.539698
0 0.364545 0.826327 0.366782 0.796692 0.351687 0.79309 0.34945 0.822725
0 0.885408 0.535093 0.888949 0.51183 0.8736 0.504445 0.870058 0.527708
0 0.0832122 0.833522 0.0885252 0.81279 0.073001 0.800216 0.067688 0.820948
0 0.619331 0.729459 0.625381 0.706281 0.615532 0.698154 0.609481 0.721332
0 0.511506 0.806798 0.519376 0.786296 0.509528 0.774347 0.501657 0.794849
0 0.54607 0.770241 0.554028 0.744652 0.544905 0.735685 0.536947 0.761275
0 0.137676 0.322776 0.153407 0.29448 0.134418 0.261117 0.118688 0.289413
0 0.0340224 0.646965 0.0357874 0.622409 0.0213728 0.619135 0.0196079 0.64369
0 0.402121 0.980331 0.408221 0.938697 0.388877 0.929738 0.382776 0.971372
0 0.620601 0.76402 0.630663 0.742568 0.62242 0.730349 0.612358 0.751801
0 0.638464 0.819023 0.642124 0.792752 0.630453 0.787612 0.626792 0.813883
0 0.325659 0.845407 0.329005 0.816974 0.314519 0.811586 0.311173 0.840019
0 0.101024 0.854751 0.105957 0.83109 0.0948778 0.82379 0.0899449 0.847451
0 0.441741 0.807862 0.444943 0.78262 0.433477 0.778022 0.430274 0.803264
0 0.296971 0.820094 0.308985 0.806071 0.29461 0.767144 0.282595 0.781167
0 0.170296 0.894962 0.174175 0.860523 0.156305 0.854161 0.152425 0.8886
0 0.44572 0.873354 0.448402 0.846469 0.43452 0.842092 0.431838 0.868976
0 0.694889 0.784672 0.701448 0.763769 0.69263 0.755026 0.686072 0.775928
0 0.657515 0.867235 0.660263 0.840938 0.647768 0.836812 0.64502 0.863109
0 0.131004 0.820777 0.14182 0.801573 0.133107 0.786063 0.122291 0.805268
0 0.0201728 0.938576 0.0211659 0.899339 -0.00183911 0.897498 -0.00283221 0.936736
0 0.655453 0.77716 0.658908 0.746006 0.643853 0.740728 0.640398 0.771881
0 0.46676 0.772494 0.467879 0.74584 0.454368 0.744048 0.45325 0.770702
0 0.161992 0.826664 0.17308 0.786591 0.158564 0.773898 0.147477 0.813971
0 0.664985 0.679325 0.671283 0.661818 0.659303 0.648197 0.653005 0.665704
0 0.664831 0.717933 0.670312 0.696655 0.661375 0.689379 0.655894 0.710658
0 0.240946 0.521878 0.25625 0.450466 0.20851 0.418133 0.193207 0.489545
0 0.381269 0.888516 0.386168 0.864138 0.375023 0.857058 0.370123 0.881436
0 0.606248 0.795047 0.618055 0.768875 0.60755 0.753898 0.595743 0.78007
0 0.656257 0.81003 0.657503 0.785814 0.642952 0.783448 0.641706 0.807663
0 0.797859 1.00615 0.839049 0.90943 0.772837 0.820305 0.731646 0.917021
0 0.101687 0.63551 0.103177 0.617601 0.0912926 0.614476 0.0898024 0.632384
0 0.0825723 0.883281 0.0922514 0.856865 0.0818792 0.844853 0.0722001 0.87127
0 0.675038 0.814248 0.678297 0.793365 0.666189 0.787393 0.66293 0.808276
0 0.079288 0.998905 0.0921156 0.969394 0.0832736 0.957247 0.070446 0.986758
0 0.661368 0.647798 0.671693 0.617861 0.658332 0.603296 0.648006 0.633232
0 0.138085 0.671758 0.143927 0.653072 0.13553 0.644774 0.129688 0.66346
0 1.00216 0.693925 1.00766 0.646809 0.988147 0.639605 0.982644 0.686721
0 0.105256 0.903261 0.110628 0.881268 0.0991321 0.872394 0.0937603 0.894387
0 0.919699 0.554445 0.922731 0.532912 0.903062 0.52416 0.900031 0.545693
0 0.526999 0.678531 0.532931 0.649841 0.520469 0.641699 0.514538 0.670388
0 0.970272 0.769988 0.964946 0.721788 0.944537 0.728915 0.949862 0.777115
0 0.851331 0.821153 0.865316 0.793304 0.852903 0.773604 0.838918 0.801453
0 0.486107 0.763366 0.488862 0.742063 0.477299 0.737337 0.474544 0.75864
0 0.60953 0.84329 0.612593 0.816397 0.599681 0.811749 0.596619 0.838642
0 0.880099 0.510711 0.887321 0.490452 0.878881 0.480943 0.871659 0.501202
0 0.171884 0.767374 0.175648 0.741791 0.158136 0.733648 0.154372 0.759231
0 0.490134 0.696603 0.492955 0.676224 0.479274 0.670237 0.476452 0.690617
0 0.185632 0.825948 0.188504 0.794158 0.168964 0.788577 0.166091 0.820367
0 0.900607 0.798086 0.905965 0.767258 0.893862 0.760609 0.888504 0.791438
0 0.633216 0.675663 0.633879 0.65694 0.6225 0.655667 0.621837 0.674391
0 0.768077 0.813483 0.770853 0.767366 0.747668 0.762954 0.744891 0.809071
0 0.0927974 0.895316 0.100374 0.867919 0.0889837 0.857964 0.0814074 0.885361
0 0.0725165 0.880334 0.0788964 0.856829 0.0684953 0.847906 0.0621153 0.871411
0 0.173508 0.483955 0.18765 0.388648 0.15235 0.372094 0.138208 0.467401
0 0.0370797 0.8578 0.0573454 0.84074 0.0515993 0.819167 0.0313336 0.836228
0 0.973473 0.816522 0.979303 0.798629 0.962737 0.781569 0.956907 0.799462
0 0.824583 0.758166 0.836355 0.732666 0.818766 0.707004 0.806995 0.732504
0 0.304078 0.323155 0.327673 0.202782 0.242059 0.149744 0.218464 0.270118
0 0.91496 0.531042 0.918225 0.513232 0.902773 0.50428 0.899508 0.522089
0 0.292909 0.862073 0.29446 0.839423 0.279578 0.836204 0.278027 0.858854
0 0.508024 0.764188 0.508716 0.743523 0.497 0.742283 0.496307 0.762948
0 0.41782 0.851563 0.417914 0.82583 0.404621 0.825677 0.404528 0.85141
0 0.816043 0.807006 0.823532 0.787791 0.809679 0.770726 0.80219 0.789941
0 0.877463 0.498498 0.879786 0.471434 0.866858 0.467926 0.864534 0.49499
0 0.45581 0.766408 0.456971 0.740038 0.44271 0.738053 0.441549 0.764422
0 0.2072 0.924139 0.210219 0.864444 0.174505 0.858736 0.171486 0.91843
0 0.988957 0.571123 0.99013 0.547897 0.976097 0.545659 0.974924 0.568884
0 0.328479 0.780005 0.331058 0.745299 0.317677 0.742156 0.315097 0.776862
0 0.657771 0.699941 0.662455 0.682857 0.654133 0.675645 0.649449 0.69273
0 0.519653 0.832127 0.521999 0.809962 0.508087 0.805309 0.505741 0.827474
0 0.54552 0.710232 0.546646 0.690271 0.534042 0.688024 0.532916 0.707985
0 0.667068 0.768602 0.671062 0.742474 0.661021 0.737622 0.657026 0.76375
0 0.656619 0.684752 0.662099 0.665097 0.650648 0.655007 0.645168 0.674662
0 0.645459 0.854125 0.64599 0.830406 0.630113 0.829282 0.629582 0.853001
0 0.585263 0.777082 0.59715 0.74028 0.584106 0.726964 0.572219 0.763767
0 0.448222 1.00445 0.4567 0.973591 0.445602 0.963956 0.437124 0.994816
0 0.0996932 0.677363 0.102095 0.65934 0.09215 0.655151 0.0897482 0.673174
0 0.0935903 0.964659 0.101638 0.93474 0.0888752 0.92389 0.0808277 0.95381
0 0.836513 0.817176 0.836229 0.790651 0.812316 0.791459 0.812599 0.817984
0 0.339391 0.939126 0.357364 0.911516 0.346263 0.888678 0.328291 0.916288
0 0.629952 0.801583 0.633056 0.765527 0.617065 0.761176 0.613961 0.797233
0 0.411539 0.979162 0.425366 0.949187 0.41405 0.932691 0.400224 0.962666
0 0.925745 0.563764 0.929123 0.53906 0.907173 0.529574 0.903795 0.554278
0 0.49974 0.716212 0.501526 0.692483 0.488391 0.689359 0.486605 0.713088
0 0.332323 0.69258 0.358378 0.675339 0.338312 0.579498 0.312257 0.596739
0 0.105786 0.573034 0.115653 0.554416 0.107324 0.540467 0.0974576 0.559085
0 0.631289 0.807208 0.636901 0.770183 0.62265 0.763357 0.617039 0.800382
0 1.00695 0.872046 1.00494 0.813973 0.977768 0.816944 0.979778 0.875017
0 0.426959 0.743953 0.429514 0.725237 0.41853 0.720499 0.415975 0.739214
0 0.656295 0.881018 0.660135 0.853473 0.648595 0.848388 0.644754 0.875932
0 0.782795 0.736135 0.784611 0.69748 0.762435 0.694186 0.760618 0.732842
0 0.0862446 0.665104 0.0875338 0.640742 0.0657039 0.637091 0.0644147 0.661453
0 0.943264 0.72256 0.952035 0.704779 0.936639 0.680779 0.927869 0.69856
0 0.933376 0.504466 0.936734 0.486504 0.927047 0.480781 0.923689 0.498743
0 0.663481 0.801005 0.664787 0.780223 0.650323 0.777352 0.649017 0.798133
0 0.631096 0.845281 0.633644 0.815285 0.620844 0.811849 0.618296 0.841845
0 0.879008 0.577237 0.880108 0.550061 0.864284 0.548036 0.863183 0.575212
0 0.557878 0.743826 0.562838 0.719973 0.551718 0.712664 0.546757 0.736517
0 0.687749 0.691639 0.700826 0.65929 0.685921 0.640245 0.672843 0.672594
0 0.10823 0.893973 0.118611 0.875131 0.111907 0.863457 0.101526 0.882299
0 0.608682 0.7165 0.614909 0.698186 0.607593 0.690324 0.601366 0.708639
0 0.0843855 0.795827 0.0903895 0.775923 0.0812464 0.767206 0.0752424 0.78711
0 0.700188 0.553378 0.706018 0.523387 0.691678 0.514577 0.685848 0.544567
0 0.0983866 0.658069 0.102189 0.640779 0.0898708 0.632217 0.0860681 0.649506
0 0.200546 0.838956 0.213628 0.818387 0.205892 0.802839 0.19281 0.823408
0 0.514338 0.783862 0.516205 0.760521 0.504417 0.757541 0.50255 0.780883
0 0.630179 0.734857 0.632061 0.711627 0.619932 0.708521 0.61805 0.731751
0 0.877216 0.750184 0.880827 0.729132 0.867346 0.721823 0.863735 0.742875
0 0.975394 0.765307 0.978428 0.741363 0.965919 0.736353 0.962884 0.760297
0 0.621834 0.817912 0.623544 0.797685 0.611678 0.794516 0.609969 0.814742
0 0.893934 0.815805 0.89833 0.793263 0.878715 0.781173 0.874318 0.803715
0 0.220963 0.820209 0.228175 0.795654 0.21866 0.786821 0.211448 0.811376
0 0.332082 0.925675 0.334513 0.904363 0.320934 0.899467 0.318503 0.920779
0 0.675453 0.582191 0.6761 0.553648 0.659384 0.55245 0.658736 0.580993
0 0.0991561 0.802248 0.106664 0.774155 0.0945048 0.763884 0.0869967 0.791978
0 0.631407 0.726334 0.636491 0.703891 0.627895 0.697735 0.62281 0.720178
0 0.563048 0.720414 0.571411 0.705419 0.561361 0.687702 0.552997 0.702697
0 0.0019439 0.833962 0.0226994 0.804279 0.0126761 0.782128 -0.00807935 0.811811
0 0.661534 0.8074 0.662582 0.781919 0.646881 0.779878 0.645832 0.805359
