0 0.572748 0.59107 0.577293 0.541087 0.546773 0.532318 0.542229 0.5823
0 0.537143 0.969143 0.540381 0.863794 0.474602 0.857403 0.471364 0.962752
0 0.987279 1.0761 1.02437 0.860257 0.815167 0.746643 0.778077 0.962488
0 0.445072 0.926199 0.463895 0.868025 0.443007 0.846665 0.424184 0.904838
0 0.610912 0.872319 0.612979 0.831092 0.589492 0.827371 0.587425 0.868597
0 0.630162 0.993391 0.620991 0.896685 0.571618 0.911482 0.580789 1.00819
0 0.474553 0.919719 0.477941 0.88389 0.456034 0.877342 0.452646 0.913172
0 0.628666 0.903224 0.630238 0.859691 0.606528 0.856985 0.604956 0.900518
0 0.48581 0.747627 0.4866 0.714791 0.469037 0.713457 0.468247 0.746293
0 0.155451 0.915386 0.167713 0.877765 0.149936 0.859453 0.137674 0.897074
0 0.546133 0.844663 0.548164 0.811361 0.531695 0.808186 0.529663 0.841488
0 0.309771 0.998262 0.313273 0.974188 0.300378 0.96826 0.296876 0.992334
0 0.694172 0.593839 0.706734 0.556556 0.683323 0.531625 0.670761 0.568908
0 0.238062 0.74402 0.239424 0.712655 0.217677 0.70967 0.216315 0.741036
0 0.0533256 0.838667 0.0574729 0.814424 0.0377185 0.803743 0.0335712 0.827986
0 0.474702 0.775849 0.470817 0.732366 0.445138 0.739617 0.449023 0.7831
0 0.0915333 0.834545 0.088395 0.791768 0.0680212 0.796492 0.0711595 0.839269
0 0.544434 0.810429 0.553002 0.772834 0.540658 0.763943 0.53209 0.801538
0 0.214083 0.718986 0.217295 0.697326 0.203451 0.690839 0.200239 0.712499
0 0.289771 0.974938 0.298638 0.941306 0.282036 0.927473 0.273169 0.961105
0 0.415837 1.00543 0.429059 0.979561 0.419066 0.963419 0.405845 0.989285
0 0.789663 1.04194 0.840197 0.961928 0.760407 0.802653 0.709873 0.882663
0 0.534232 1.00261 0.542449 0.946223 0.515101 0.933627 0.506884 0.990013
0 0.43528 0.838497 0.461865 0.821972 0.45657 0.795049 0.429985 0.811574
0 0.284299 0.927414 0.289003 0.905052 0.27137 0.89333 0.266666 0.915692
0 0.481698 0.879997 0.482091 0.81361 0.453322 0.813072 0.45293 0.879459
0 0.298032 0.995231 0.300111 0.963842 0.282353 0.960126 0.280274 0.991515
0 0.13946 0.708067 0.152029 0.670605 0.123117 0.639947 0.110548 0.677409
0 0.129624 0.831355 0.131449 0.787032 0.10935 0.784157 0.107525 0.82848
0 0.214817 0.627794 0.218892 0.603669 0.20543 0.596483 0.201355 0.620608
0 0.48132 0.95292 0.487353 0.905506 0.464806 0.89644 0.458774 0.943854
0 0.0853722 0.881315 0.0852123 0.857493 0.0656849 0.857907 0.0658448 0.881729
0 0.569677 0.915759 0.57539 0.887494 0.556035 0.875128 0.550321 0.903394
0 0.220513 0.774106 0.222256 0.751176 0.206464 0.747383 0.204721 0.770312
0 0.63412 0.72377 0.636192 0.697961 0.620376 0.693947 0.618303 0.719756
0 0.263309 0.990068 0.27789 0.966563 0.26785 0.946881 0.25327 0.970386
0 0.215735 0.698501 0.216463 0.678669 0.202013 0.676992 0.201285 0.696824
0 0.508087 0.79814 0.504767 0.767608 0.482384 0.775302 0.485704 0.805834
0 0.113587 0.851311 0.115578 0.818833 0.0943084 0.814712 0.0923173 0.84719
0 0.646847 0.863358 0.647288 0.835812 0.629136 0.834893 0.628695 0.862439
0 0.642535 0.841298 0.645882 0.810823 0.628781 0.804886 0.625433 0.835361
0 0.135991 0.864248 0.131986 0.822678 0.106532 0.830429 0.110537 0.871999
0 0.576762 0.850268 0.578512 0.824488 0.563577 0.821284 0.561828 0.847064
0 0.63523 0.618009 0.637115 0.593774 0.622896 0.590278 0.621011 0.614514
0 0.557058 0.693253 0.557489 0.668862 0.536665 0.6677 0.536234 0.69209
0 0.679367 0.608701 0.688403 0.582543 0.66716 0.55935 0.658123 0.585508
0 0.294843 0.922967 0.303145 0.902804 0.294928 0.892111 0.286626 0.912274
0 0.204256 0.790012 0.210461 0.765857 0.192682 0.751422 0.186477 0.775576
0 0.449872 0.873562 0.453625 0.829122 0.427337 0.822106 0.423584 0.866545
0 0.239203 0.957176 0.260391 0.826233 0.197936 0.794293 0.176748 0.925236
0 0.225722 0.6022 0.22634 0.547521 0.190244 0.546232 0.189626 0.600912
0 0.458029 0.962745 0.465816 0.93575 0.451357 0.922569 0.44357 0.949563
0 0.208555 0.74755 0.215329 0.728666 0.205345 0.717348 0.198571 0.736232
0 0.363399 0.937489 0.364652 0.908172 0.346526 0.905724 0.345274 0.935041
0 0.319423 0.979023 0.321972 0.952541 0.299019 0.945557 0.29647 0.97204
0 0.553258 0.911486 0.557883 0.879174 0.539164 0.870707 0.53454 0.90302
0 0.561825 0.86667 0.564686 0.824948 0.545518 0.820793 0.542656 0.862514
0 0.0444315 0.82837 0.0683424 0.797229 0.0581689 0.772541 0.034258 0.803682
0 0.334635 0.969635 0.336013 0.948051 0.323188 0.945465 0.32181 0.967048
0 0.251096 0.737122 0.252779 0.708461 0.23832 0.705779 0.236638 0.73444
0 0.167542 0.921143 0.178769 0.895149 0.167871 0.880272 0.156644 0.906267
0 0.253912 0.712654 0.26335 0.668252 0.248078 0.657993 0.23864 0.702394
0 0.720736 0.625433 0.715441 0.588067 0.689054 0.599885 0.694349 0.637252
0 0.0621067 0.900172 0.0638915 0.849332 0.00565023 0.84287 0.00386537 0.893709
0 0.62621 0.864278 0.628438 0.84259 0.614404 0.838033 0.612176 0.859721
0 0.538387 0.887304 0.544174 0.855173 0.528342 0.846163 0.522555 0.878294
0 0.19566 0.808469 0.196364 0.771016 0.175019 0.769747 0.174315 0.807201
0 0.257492 0.976211 0.259606 0.947911 0.245161 0.9445 0.243046 0.9728
0 0.334445 0.98672 0.345952 0.965656 0.338374 0.952573 0.326867 0.973637
0 0.102173 0.929178 0.126493 0.908834 0.120827 0.887427 0.0965074 0.907771
0 0.347447 0.973393 0.355339 0.950463 0.345496 0.939757 0.337605 0.962687
0 0.580904 1.00676 0.586174 0.967156 0.569034 0.959948 0.563763 0.999557
0 0.23523 0.760892 0.237107 0.742668 0.225752 0.738973 0.223875 0.757196
0 0.208677 1.02452 0.251527 0.98002 0.234718 0.928865 0.191868 0.973366
0 0.0521087 0.700888 0.0609887 0.663085 0.0461398 0.652061 0.0372599 0.689864
0 0.531731 0.884785 0.537721 0.845198 0.509301 0.831606 0.503311 0.871193
0 0.56275 0.787913 0.567009 0.769776 0.554378 0.760403 0.550119 0.778541
0 0.309982 1.01128 0.31713 0.99417 0.308546 0.982837 0.301397 0.999951
0 0.531935 0.674885 0.538189 0.645953 0.526753 0.638141 0.5205 0.667073
0 0.337287 1.00297 0.338171 0.981718 0.326884 0.980235 0.326001 1.00149
0 0.567168 0.671729 0.574088 0.655846 0.561159 0.638045 0.554239 0.653928
0 0.344516 0.953336 0.346058 0.929231 0.328845 0.92575 0.327302 0.949855
0 0.384097 0.912618 0.385681 0.887032 0.370833 0.884126 0.369248 0.909712
0 0.238007 0.611905 0.239247 0.593693 0.227415 0.591149 0.226176 0.60936
0 0.403886 0.903683 0.40673 0.879369 0.392733 0.874195 0.389889 0.898509
0 0.20022 0.818277 0.202966 0.797069 0.191516 0.792383 0.188769 0.813592
0 0.48356 0.819696 0.48535 0.775289 0.464929 0.772687 0.463138 0.817094
0 0.247465 0.951785 0.254699 0.926916 0.243493 0.916615 0.23626 0.941484
0 0.0657782 0.78403 0.0679577 0.758054 0.0499379 0.753276 0.0477584 0.779251
0 0.504866 0.535464 0.504381 0.500809 0.488129 0.501528 0.488614 0.536182
0 0.231399 0.75046 0.231962 0.725306 0.212137 0.723904 0.211574 0.749058
0 0.574574 0.945036 0.582631 0.910349 0.568305 0.899833 0.560249 0.93452
0 0.55999 0.932267 0.564448 0.912102 0.551182 0.902833 0.546724 0.922998
0 0.348245 0.996043 0.354954 0.973389 0.34489 0.96397 0.338181 0.986623
0 0.547883 0.75927 0.550471 0.738555 0.536838 0.733172 0.53425 0.753887
0 0.139637 0.807904 0.140377 0.786071 0.126753 0.784611 0.126013 0.806444
0 0.154221 0.852096 0.155582 0.807447 0.128677 0.804854 0.127316 0.849502
0 0.232745 0.716183 0.233703 0.688957 0.217111 0.687112 0.216153 0.714338
0 0.606073 0.909469 0.614513 0.887334 0.596644 0.865798 0.588203 0.887933
0 0.458047 0.93688 0.461 0.902708 0.441971 0.897511 0.439018 0.931682
0 0.647807 0.614218 0.687339 0.542147 0.659047 0.493101 0.619515 0.565172
0 0.22565 0.673751 0.226423 0.655796 0.214244 0.654139 0.213472 0.672095
0 0.943044 0.82485 0.954849 0.790228 0.930992 0.764519 0.919187 0.799141
0 0.628872 0.843129 0.632017 0.82075 0.61763 0.81436 0.614485 0.836739
0 0.285895 1.00562 0.286153 0.984572 0.268258 0.983878 0.268 1.00492
0 0.0441606 0.66024 0.0541639 0.630462 0.0443566 0.62005 0.0343533 0.649827
0 0.27405 0.854695 0.274929 0.840126 0.265549 0.838337 0.26467 0.852906
0 0.533016 0.809287 0.536677 0.785703 0.524296 0.77963 0.520636 0.803214
0 0.114362 0.880693 0.116974 0.860237 0.101062 0.853814 0.0984493 0.874271
0 0.234723 0.694557 0.236824 0.673039 0.222545 0.668633 0.220445 0.690151
0 0.649805 0.890658 0.649915 0.857579 0.629832 0.857369 0.629723 0.890448
0 0.371498 0.964427 0.378198 0.945841 0.369742 0.936207 0.363042 0.954793
0 0.110356 0.907478 0.122491 0.886584 0.111928 0.867194 0.0997926 0.888087
0 0.0679078 0.835901 0.0792527 0.786503 0.0597569 0.772352 0.0484121 0.821751
0 0.385204 0.940065 0.387321 0.921183 0.375743 0.917079 0.373625 0.935961
0 0.0367104 0.807803 0.0545161 0.784299 0.0461103 0.764174 0.0283046 0.787678
0 0.364541 0.892237 0.368752 0.87477 0.358882 0.867248 0.35467 0.884715
0 0.393727 0.934224 0.397733 0.915064 0.384916 0.906593 0.38091 0.925754
0 0.429541 0.893192 0.43196 0.856842 0.41334 0.852926 0.410921 0.889275
0 0.18209 0.769701 0.190668 0.742628 0.182108 0.734056 0.173529 0.761128
0 0.573238 0.871366 0.5754 0.853288 0.565267 0.84946 0.563106 0.867537
0 0.330664 0.791739 0.335675 0.766221 0.325364 0.759823 0.320353 0.785341
0 0.220013 0.697642 0.221435 0.679485 0.208664 0.676323 0.207241 0.69448
0 0.401623 1.00024 0.400977 0.971496 0.382627 0.9728 0.383273 1.00155
0 0.079743 0.674881 0.0802871 0.655824 0.0674812 0.654668 0.0669371 0.673725
0 0.320592 0.922851 0.323907 0.904946 0.313305 0.898741 0.30999 0.916647
0 0.581832 0.633384 0.592758 0.604951 0.572064 0.579821 0.561139 0.608254
0 0.349943 0.955406 0.351201 0.931009 0.33298 0.92804 0.331722 0.952437
0 0.0468375 0.634571 0.0564735 0.607874 0.0477133 0.597881 0.0380773 0.624578
0 0.221198 0.787368 0.223512 0.769586 0.2138 0.765592 0.211486 0.783374
0 0.159517 0.795193 0.165454 0.773197 0.156422 0.765493 0.150486 0.787489
0 0.565565 0.76074 0.568977 0.733609 0.556281 0.728562 0.552869 0.755693
0 0.270845 0.938003 0.274022 0.91626 0.261729 0.910582 0.258551 0.932324
0 0.0271884 0.832161 0.0353738 0.802447 0.0205941 0.78958 0.0124087 0.819294
0 0.548827 1.00985 0.554539 0.980974 0.540253 0.972043 0.534542 1.00092
0 0.557835 0.885175 0.559507 0.864752 0.546526 0.861393 0.544854 0.881816
0 0.234611 0.649917 0.235342 0.633559 0.226382 0.632295 0.225651 0.648652
0 0.288185 0.90005 0.290135 0.882576 0.280492 0.879174 0.278542 0.896648
0 0.785526 0.649713 0.783656 0.609156 0.759106 0.612734 0.760977 0.653291
0 0.642323 0.652645 0.645016 0.621312 0.62917 0.617008 0.626477 0.648341
0 0.325017 0.959733 0.32661 0.933477 0.310035 0.930299 0.308442 0.956555
0 0.0978268 0.88435 0.100975 0.860193 0.0885368 0.855069 0.0853883 0.879226
0 0.103665 0.331688 0.120322 0.312327 0.104365 0.268938 0.0877076 0.288299
0 0.536189 0.85081 0.537394 0.834083 0.524432 0.831132 0.523227 0.847859
0 0.565124 0.718504 0.567189 0.695522 0.555062 0.692079 0.552997 0.71506
0 0.618753 0.754614 0.622004 0.730989 0.610319 0.725908 0.607069 0.749533
0 0.569902 0.820206 0.576814 0.812164 0.568167 0.788673 0.561254 0.796715
0 0.304726 0.953353 0.310452 0.932268 0.301513 0.924597 0.295788 0.945682
0 0.500534 0.398305 0.500327 0.372824 0.482317 0.373286 0.482524 0.398767
0 0.225742 0.753719 0.226677 0.734561 0.210185 0.732018 0.20925 0.751175
0 0.313144 0.941166 0.319513 0.925062 0.310636 0.913966 0.304267 0.93007
0 0.360782 0.910555 0.362269 0.88638 0.348613 0.883726 0.347126 0.9079
0 0.652421 0.832558 0.653733 0.80432 0.63984 0.80228 0.638528 0.830518
0 0.734362 0.995088 0.733922 0.909653 0.696948 0.910254 0.697388 0.995689
0 0.593916 0.90682 0.59724 0.881995 0.584639 0.876663 0.581315 0.901487
0 0.82184 0.402474 0.826833 0.34481 0.795408 0.33621 0.790415 0.393874
0 0.372599 0.927714 0.375352 0.907433 0.366342 0.903567 0.363589 0.923848
0 0.324092 0.871289 0.327449 0.849569 0.316755 0.844347 0.313399 0.866067
0 0.696578 0.828861 0.71574 0.795724 0.702444 0.771425 0.683282 0.804562
0 0.0850046 0.775318 0.0890077 0.756479 0.079655 0.750198 0.0756518 0.769037
0 0.292264 0.754137 0.294393 0.736229 0.283707 0.732212 0.281577 0.75012
0 0.464923 0.713926 0.466726 0.694709 0.456669 0.691727 0.454866 0.710943
0 0.510729 1.00752 0.511339 0.955671 0.442882 0.953129 0.442273 1.00498
0 0.490635 0.717184 0.493287 0.697981 0.481792 0.692964 0.47914 0.712167
0 0.130791 0.887605 0.137373 0.862859 0.126267 0.853524 0.119686 0.87827
0 0.255158 0.921258 0.262608 0.898529 0.25272 0.888285 0.24527 0.911014
0 0.0522614 0.837222 0.0788669 0.803141 0.0645332 0.767776 0.0379277 0.801858
0 0.62822 0.388147 0.633941 0.349869 0.605637 0.336501 0.599917 0.37478
0 0.497348 0.414373 0.497746 0.389911 0.479993 0.388999 0.479595 0.41346
0 0.42604 0.94722 0.436182 0.899505 0.413081 0.883987 0.402939 0.931701
0 0.228536 0.628424 0.229664 0.608212 0.217734 0.606109 0.216607 0.62632
0 0.315545 0.894806 0.320588 0.875193 0.310803 0.867242 0.30576 0.886854
0 0.475374 0.965238 0.476512 0.944722 0.457784 0.94144 0.456646 0.961956
0 0.199242 0.616093 0.200855 0.595047 0.187245 0.591752 0.185633 0.612798
0 0.301031 0.201575 0.320618 0.191231 0.305556 0.101089 0.285969 0.111433
0 0.350005 0.423133 0.352502 0.392395 0.323398 0.384922 0.320901 0.41566
0 0.716493 0.802703 0.727878 0.776298 0.702033 0.741077 0.690648 0.767483
0 0.135103 0.90521 0.147138 0.876802 0.137221 0.863525 0.125187 0.891933
0 0.408909 0.985588 0.411193 0.965862 0.400623 0.961993 0.398339 0.981719
0 0.109891 0.709711 0.119131 0.687673 0.108767 0.673939 0.0995267 0.695977
0 0.342586 0.890957 0.34304 0.871001 0.332318 0.87023 0.331864 0.890186
0 0.356193 0.967242 0.363344 0.949428 0.355279 0.939197 0.348129 0.957011
0 0.529523 0.823667 0.530408 0.803375 0.519106 0.801818 0.518222 0.82211
0 0.250358 0.808582 0.2515 0.792154 0.241401 0.789934 0.240258 0.806362
0 0.419859 0.817061 0.422931 0.789106 0.41251 0.785486 0.409438 0.813442
0 0.424447 0.967799 0.43137 0.947576 0.421483 0.936879 0.414559 0.957101
0 0.185129 0.727956 0.188825 0.710934 0.180532 0.705243 0.176836 0.722265
0 0.135334 0.78901 0.136791 0.770902 0.125283 0.767975 0.123826 0.786084
0 0.611809 0.83604 0.612805 0.818473 0.600073 0.816193 0.599077 0.833761
0 0.331615 1.00112 0.332582 0.98176 0.31963 0.979716 0.318663 0.99908
0 0.475346 0.936585 0.483722 0.896119 0.462486 0.882226 0.45411 0.922692
0 0.30902 0.920008 0.313833 0.905022 0.306233 0.897309 0.301421 0.912295
0 0.646569 0.910724 0.651047 0.865316 0.629071 0.858465 0.624592 0.903874
0 0.311142 0.902588 0.3156 0.883706 0.307312 0.877521 0.302854 0.896403
0 0.345047 0.904897 0.346228 0.885554 0.336433 0.883663 0.335252 0.903007
0 0.140692 0.653774 0.141484 0.637784 0.128659 0.635779 0.127868 0.651769
0 0.407525 0.722359 0.418478 0.676073 0.398863 0.661404 0.38791 0.707689
0 0.299594 1.00529 0.301036 0.987889 0.2904 0.985102 0.288957 1.0025
0 0.324555 1.0079 0.329035 0.985294 0.318848 0.978912 0.314367 1.00151
0 0.526406 0.39842 0.529339 0.375067 0.514404 0.369138 0.511471 0.39249
0 0.566604 0.807134 0.571882 0.797756 0.562909 0.781795 0.557631 0.791174
0 0.555524 0.869706 0.559491 0.836057 0.542236 0.829627 0.538269 0.863276
0 0.387623 0.8915 0.392945 0.874523 0.383875 0.865538 0.378554 0.882515
0 0.0831737 0.859054 0.0852626 0.831282 0.0657864 0.826652 0.0636975 0.854425
0 0.112939 0.734106 0.122261 0.702135 0.109011 0.689926 0.0996898 0.721897
0 0.193421 1.01033 0.196871 0.96403 0.159552 0.955242 0.156103 1.00154
0 0.5673 0.409313 0.567427 0.371107 0.539728 0.370818 0.539602 0.409023
0 0.242045 0.714925 0.24529 0.696546 0.233942 0.690213 0.230696 0.708591
0 0.381642 0.969821 0.386982 0.95072 0.379441 0.944057 0.3741 0.963157
0 0.370022 0.897177 0.372942 0.878746 0.365339 0.874939 0.362419 0.89337
0 0.43129 0.994912 0.440455 0.966587 0.431858 0.957795 0.422693 0.98612
0 0.630217 0.64309 0.631215 0.613475 0.617932 0.61206 0.616934 0.641675
0 0.343805 0.922345 0.345629 0.903704 0.335718 0.90064 0.333894 0.919281
0 0.274743 0.760197 0.276203 0.741529 0.258088 0.737051 0.256628 0.755718
0 0.38341 0.861993 0.388284 0.84014 0.379975 0.834284 0.375101 0.856136
