0 0.109698 0.982539 0.141314 0.933798 0.123815 0.897922 0.0921982 0.946662
0 0.292676 0.836546 0.292789 0.801962 0.271392 0.801741 0.27128 0.836326
0 0.32007 0.815123 0.329358 0.770994 0.309778 0.757968 0.300489 0.802097
0 0.590609 0.85919 0.589323 0.826458 0.567072 0.829222 0.568358 0.861954
0 0.917699 0.792022 0.914835 0.746496 0.891375 0.751161 0.894239 0.796686
0 0.683256 0.832739 0.69448 0.797502 0.670004 0.772862 0.65878 0.808099
0 0.0361739 0.966198 0.0743894 0.943676 0.0668938 0.903478 0.0286783 0.925999
0 0.917796 0.74943 0.920457 0.723798 0.904581 0.71859 0.90192 0.744223
0 0.49879 0.789199 0.502141 0.760405 0.481948 0.752977 0.478597 0.781772
0 0.322105 0.997661 0.338951 0.956308 0.318793 0.930357 0.301948 0.97171
0 0.228548 0.805091 0.228312 0.769694 0.206073 0.770163 0.206309 0.805559
0 0.149897 0.891256 0.158312 0.864176 0.144706 0.850813 0.136291 0.877893
0 0.627081 1.00106 0.62869 0.942132 0.607974 0.940345 0.606366 0.999272
0 0.316328 0.849972 0.327266 0.81374 0.313356 0.800467 0.302417 0.836699
0 0.994385 1.00054 1.01127 0.87619 0.826691 0.796997 0.80981 0.921347
0 0.400419 0.996098 0.40087 0.953681 0.379374 0.952958 0.378922 0.995375
0 0.421704 0.955667 0.425531 0.912671 0.402526 0.906199 0.398699 0.949195
0 0.264189 0.836763 0.262239 0.795784 0.231235 0.800448 0.233186 0.841427
0 0.588413 1.00619 0.595393 0.950221 0.569245 0.939914 0.562265 0.995878
0 0.619228 0.931969 0.620864 0.903219 0.607902 0.900887 0.606266 0.929638
0 0.30119 0.817739 0.306453 0.790057 0.291588 0.781124 0.286325 0.808806
0 0.11983 0.893166 0.134208 0.863589 0.121618 0.844245 0.10724 0.873822
0 0.888061 0.269804 0.943385 0.233849 0.9297 0.167299 0.874376 0.203254
0 0.15297 0.756816 0.15762 0.720646 0.128595 0.708851 0.123945 0.745022
0 0.562353 0.765042 0.567074 0.746746 0.557211 0.738701 0.552489 0.756996
0 0.347195 0.775914 0.350366 0.750119 0.335749 0.744441 0.332578 0.770236
0 0.100107 0.875292 0.103077 0.846641 0.083818 0.84033 0.0808473 0.868981
0 0.49858 0.839899 0.507074 0.808401 0.494522 0.797703 0.486028 0.829201
0 0.339975 0.861692 0.352494 0.850897 0.34357 0.818187 0.33105 0.828982
0 0.14215 0.873882 0.15729 0.848934 0.146271 0.8278 0.131131 0.852748
0 0.271702 0.877097 0.272266 0.852378 0.255749 0.851187 0.255185 0.875906
0 0.882705 0.742493 0.886429 0.719816 0.872773 0.712729 0.869049 0.735406
0 0.219991 0.872641 0.221441 0.833467 0.196854 0.830591 0.195404 0.869764
0 0.620395 0.797229 0.631328 0.773927 0.621566 0.759451 0.610633 0.782752
0 0.570602 0.827302 0.578436 0.8041 0.561004 0.785497 0.55317 0.8087
0 0.56462 0.788825 0.567746 0.766972 0.553722 0.760633 0.550596 0.782485
0 0.25995 0.799349 0.267922 0.76382 0.254948 0.75462 0.246976 0.790149
0 0.48487 0.700815 0.488658 0.683237 0.47431 0.673466 0.470523 0.691044
0 0.488199 0.685109 0.493159 0.663634 0.48092 0.6547 0.47596 0.676175
0 0.0583858 0.870101 0.0671857 0.847179 0.0492648 0.825435 0.0404649 0.848358
0 0.930486 0.729447 0.933049 0.69948 0.915441 0.694719 0.912877 0.724687
0 0.0413729 0.81273 0.0391885 0.787169 0.0162008 0.793378 0.0183852 0.818939
0 0.349465 0.812485 0.350863 0.777912 0.325803 0.77471 0.324405 0.809282
0 0.636804 0.918767 0.637875 0.872499 0.614369 0.870779 0.613298 0.917048
0 0.470844 0.710011 0.470242 0.683327 0.457109 0.684263 0.457711 0.710946
0 0.0991627 0.974686 0.110761 0.924061 0.0912167 0.909909 0.0796185 0.960535
0 0.471203 0.650495 0.473305 0.63058 0.460529 0.626318 0.458427 0.646233
0 0.408531 0.828516 0.410989 0.789039 0.390256 0.784958 0.387797 0.824435
0 0.246415 0.788166 0.261253 0.748556 0.246527 0.731121 0.231689 0.770731
0 0.303393 0.922592 0.331945 0.891396 0.317757 0.850357 0.289206 0.881552
0 0.630377 0.857606 0.631569 0.815258 0.610667 0.8134 0.609476 0.855748
0 0.608695 0.943961 0.608287 0.897528 0.589914 0.898038 0.590323 0.944472
0 0.057036 0.918886 0.0702724 0.888563 0.0593447 0.873487 0.0461083 0.90381
0 0.428762 0.935343 0.440203 0.911455 0.421302 0.882845 0.409861 0.906732
0 0.301603 0.78703 0.303622 0.762016 0.285925 0.757501 0.283906 0.782515
0 0.980595 0.679675 1.00504 0.646461 0.993653 0.619969 0.969206 0.653182
0 0.459709 0.880385 0.459117 0.840333 0.438612 0.841292 0.439204 0.881343
0 0.59812 0.830892 0.605522 0.80277 0.593979 0.793168 0.586577 0.82129
0 0.596608 0.709732 0.602009 0.68151 0.591009 0.674857 0.585608 0.703079
0 0.18479 0.868649 0.190099 0.842526 0.177471 0.834414 0.172161 0.860536
0 0.407896 0.992507 0.421299 0.966631 0.410804 0.949451 0.397401 0.975327
0 0.869199 0.742661 0.875161 0.725108 0.862612 0.711638 0.85665 0.729191
0 0.343478 0.909602 0.353623 0.868797 0.337652 0.856247 0.327507 0.897053
0 0.598079 0.890189 0.602655 0.861419 0.586892 0.853495 0.582316 0.882264
0 0.272247 0.825641 0.278028 0.798746 0.26603 0.790595 0.260249 0.817491
0 0.545418 0.775921 0.550292 0.746796 0.535933 0.739201 0.531059 0.768327
0 0.622532 0.88189 0.623689 0.851965 0.607212 0.849951 0.606055 0.879875
0 0.57094 0.752123 0.578542 0.732987 0.570035 0.722306 0.562433 0.741442
0 0.0830878 0.909391 0.110397 0.879634 0.101889 0.854957 0.07458 0.884714
0 0.172253 0.885595 0.180377 0.863903 0.161686 0.841777 0.153561 0.863469
0 0.871178 0.529466 0.877285 0.508001 0.864119 0.496163 0.858012 0.517628
0 0.466174 0.738415 0.468037 0.716892 0.452385 0.712611 0.450522 0.734133
0 0.881953 0.525787 0.890899 0.513067 0.879019 0.486657 0.870072 0.499376
0 0.876864 0.783924 0.88911 0.755012 0.877099 0.738933 0.864853 0.767845
0 0.220136 0.775853 0.240482 0.735699 0.225388 0.711525 0.205041 0.75168
0 0.438524 0.884171 0.442863 0.858571 0.428962 0.851125 0.424624 0.876726
0 0.471794 0.837603 0.466308 0.786033 0.451162 0.791125 0.456648 0.842695
0 0.33298 0.84123 0.343401 0.814778 0.330655 0.798908 0.320234 0.82536
0 0.248708 0.751681 0.252259 0.727177 0.238007 0.72065 0.234456 0.745154
0 0.619013 0.76855 0.620684 0.72393 0.593078 0.720661 0.591406 0.76528
0 0.640797 0.856056 0.647717 0.820178 0.628349 0.808373 0.62143 0.844251
0 0.593014 0.947345 0.595103 0.914884 0.580167 0.911846 0.578078 0.944307
0 0.0889595 0.926632 0.092242 0.900379 0.0781096 0.894795 0.074827 0.921048
0 0.106384 0.929448 0.126152 0.906079 0.119348 0.887888 0.0995798 0.911257
0 0.459979 0.7757 0.462197 0.751138 0.45021 0.747718 0.447992 0.772279
0 0.878095 0.549684 0.880264 0.526424 0.866189 0.522274 0.864019 0.545535
0 0.95477 0.849056 0.955316 0.810863 0.929402 0.809694 0.928856 0.847887
0 0.421408 0.895761 0.432581 0.87631 0.418547 0.850832 0.407374 0.870284
0 0.502471 0.764106 0.504256 0.742508 0.490988 0.739042 0.489203 0.76064
0 0.237124 0.785978 0.241163 0.758886 0.226414 0.751937 0.222375 0.779029
0 0.525635 0.893012 0.52675 0.869894 0.51339 0.867859 0.512276 0.890977
0 0.900608 0.72348 0.902553 0.705941 0.890824 0.701829 0.888879 0.719368
0 0.614595 0.665173 0.621777 0.64442 0.611699 0.633396 0.604517 0.65415
0 0.292334 0.873556 0.294352 0.849485 0.277645 0.84506 0.275628 0.86913
0 0.149957 0.835299 0.158036 0.805267 0.144178 0.793483 0.136098 0.823516
0 0.646006 0.747159 0.659369 0.720521 0.648917 0.70395 0.635554 0.730588
0 0.24826 0.806291 0.250092 0.783803 0.232009 0.779147 0.230176 0.801634
0 0.173926 0.993949 0.169549 0.953034 0.129725 0.966498 0.134102 1.00741
0 0.978409 0.77861 0.983467 0.758817 0.965462 0.744277 0.960404 0.76407
0 0.811898 0.799445 0.817576 0.778351 0.801373 0.764567 0.795696 0.785661
0 0.533432 0.838269 0.534315 0.789194 0.51256 0.787956 0.511676 0.837032
0 0.397199 0.797788 0.412895 0.76447 0.399781 0.744945 0.384085 0.778263
0 0.399455 0.8559 0.406665 0.835312 0.390401 0.817312 0.383191 0.8379
0 0.553451 0.843887 0.561389 0.81345 0.550306 0.804316 0.542369 0.834753
0 0.497724 0.720779 0.500658 0.694081 0.485169 0.688701 0.482235 0.715399
0 0.521349 0.793827 0.526176 0.770593 0.515244 0.763415 0.510417 0.786649
0 0.0948115 0.919003 0.116775 0.895033 0.108855 0.8721 0.0868922 0.89607
0 0.95017 0.818024 0.959468 0.781383 0.937229 0.763547 0.927931 0.800188
0 0.318835 0.754947 0.321893 0.729492 0.30944 0.724764 0.306382 0.750218
0 0.453402 0.819499 0.457095 0.789939 0.438338 0.782533 0.434645 0.812093
0 0.641558 0.764643 0.648729 0.746868 0.631697 0.725151 0.624526 0.742926
0 0.0714798 0.927993 0.0793854 0.898439 0.0671931 0.888131 0.0592876 0.917686
0 0.862418 0.494582 0.869598 0.473688 0.859312 0.462516 0.852132 0.48341
0 0.133313 0.901682 0.14239 0.879509 0.132061 0.866145 0.122984 0.888318
0 0.356182 0.909828 0.368336 0.879082 0.356554 0.864361 0.3444 0.895108
0 0.937471 0.770707 0.944165 0.751105 0.930121 0.735948 0.923427 0.75555
0 0.420747 0.807546 0.423354 0.781673 0.408355 0.776895 0.405748 0.802768
0 0.640535 0.999148 0.644969 0.965794 0.627849 0.958602 0.623416 0.991956
0 0.475043 0.796009 0.477022 0.771362 0.465118 0.76834 0.463138 0.792988
0 0.913278 0.716391 0.914577 0.696316 0.901988 0.69374 0.900689 0.713815
0 0.613719 0.717506 0.614747 0.692045 0.598473 0.68997 0.597445 0.715431
0 0.564723 0.735249 0.573173 0.70554 0.561349 0.694912 0.552899 0.72462
0 0.864388 0.702502 0.864896 0.668287 0.843625 0.66729 0.843117 0.701505
0 0.485247 0.670215 0.489043 0.642072 0.473128 0.635286 0.469331 0.663429
0 0.121956 0.853639 0.123745 0.834105 0.112148 0.830747 0.110359 0.850281
0 0.590694 0.780688 0.596477 0.749375 0.578215 0.738715 0.572432 0.770028
0 0.987574 0.806118 0.99008 0.783584 0.973356 0.777706 0.97085 0.80024
0 0.858654 0.777282 0.868245 0.763674 0.85536 0.734974 0.845769 0.748582
0 0.337205 0.782651 0.339379 0.753941 0.323746 0.7502 0.321572 0.77891
0 0.308748 0.872333 0.314558 0.8452 0.299021 0.834684 0.293211 0.861817
0 0.908048 0.816547 0.911137 0.793004 0.880273 0.780205 0.877184 0.803748
0 0.498586 0.752687 0.503426 0.72806 0.492009 0.720969 0.48717 0.745597
0 0.0755932 0.992979 0.078382 0.963126 0.063003 0.958586 0.0602142 0.988438
0 0.915768 0.549989 0.915086 0.526942 0.893185 0.528991 0.893867 0.552038
0 0.553755 0.9615 0.554781 0.940674 0.539818 0.938345 0.538792 0.959171
0 0.42772 0.82843 0.438942 0.79547 0.427578 0.783243 0.416357 0.816203
0 0.41214 0.839891 0.413809 0.820141 0.400718 0.816643 0.399049 0.836393
0 0.553319 0.863204 0.560665 0.841684 0.551935 0.832266 0.544589 0.853787
0 0.564605 0.858503 0.571291 0.831273 0.560828 0.823154 0.554142 0.850384
0 0.907495 0.539237 0.907389 0.519611 0.88993 0.519909 0.890036 0.539535
0 0.54482 0.853144 0.546039 0.831801 0.53405 0.829636 0.53283 0.850979
0 0.581049 0.742001 0.589584 0.722351 0.581031 0.710611 0.572497 0.730261
0 0.207041 0.75917 0.208915 0.727652 0.193621 0.724779 0.191748 0.756297
0 0.593764 0.714573 0.598292 0.688621 0.58782 0.682845 0.583291 0.708798
0 0.59107 0.669706 0.601175 0.65202 0.5935 0.638162 0.583395 0.655849
0 0.400221 0.906883 0.407133 0.876772 0.394998 0.867967 0.388085 0.898078
0 0.525693 0.865741 0.528227 0.843272 0.514882 0.838515 0.512348 0.860984
0 0.844448 0.784364 0.842075 0.754061 0.818091 0.759999 0.820465 0.790301
0 0.581798 0.717976 0.584786 0.695918 0.571806 0.690361 0.568818 0.71242
0 0.853044 0.511394 0.85773 0.479742 0.844275 0.473447 0.839589 0.505099
0 0.42654 0.967684 0.435015 0.934988 0.422286 0.924558 0.41381 0.957255
0 0.47002 0.680049 0.473226 0.658158 0.460526 0.652279 0.45732 0.674171
0 0.859954 0.645058 0.863257 0.61992 0.84772 0.613469 0.844417 0.638607
0 0.935953 0.81977 0.934928 0.793912 0.910088 0.797024 0.911114 0.822882
0 0.864444 0.672137 0.869884 0.652962 0.856433 0.640902 0.850993 0.660078
0 0.556038 0.752957 0.560537 0.730894 0.547494 0.722488 0.542995 0.744551
0 0.511255 0.669636 0.520007 0.651465 0.511474 0.638474 0.502722 0.656644
0 0.276425 0.790501 0.284473 0.762797 0.271277 0.750683 0.26323 0.778387
0 0.177075 0.956985 0.182525 0.920611 0.160518 0.910191 0.155069 0.946565
0 0.543019 0.903339 0.546675 0.881485 0.537158 0.876454 0.533502 0.898307
0 0.280102 0.859408 0.281578 0.835697 0.260799 0.83161 0.259323 0.855321
0 0.489147 0.895473 0.490931 0.871853 0.476731 0.868464 0.474947 0.892085
0 0.869628 0.506538 0.874619 0.48824 0.86595 0.480768 0.86096 0.499066
0 0.603197 0.788728 0.618682 0.770145 0.613103 0.75545 0.597618 0.774033
0 0.656309 0.847205 0.667659 0.818163 0.658327 0.806636 0.646977 0.835678
0 0.795759 0.992738 0.83527 0.908514 0.773518 0.816957 0.734007 0.901181
0 0.466394 0.756698 0.46854 0.738365 0.455706 0.733618 0.453561 0.751951
0 0.617269 0.816305 0.622378 0.795949 0.612792 0.788343 0.607682 0.8087
0 0.049322 0.935086 0.0514942 0.907553 0.0328677 0.902908 0.0306955 0.930442
0 0.614527 0.629753 0.630511 0.606802 0.622426 0.589005 0.606441 0.611955
0 0.781417 0.698914 0.787073 0.677471 0.777648 0.669615 0.771993 0.691059
0 0.35855 0.93187 0.37355 0.904027 0.363349 0.886659 0.348349 0.914502
0 0.868164 0.565353 0.868122 0.540763 0.852653 0.540848 0.852695 0.565437
0 0.550116 0.93133 0.554881 0.902259 0.542016 0.895595 0.537251 0.924665
0 0.796393 0.75345 0.799062 0.730574 0.786591 0.725975 0.783922 0.748851
0 0.551917 0.801032 0.55433 0.769974 0.540705 0.766627 0.538291 0.797686
0 0.193045 0.894138 0.19194 0.86875 0.171678 0.871537 0.172784 0.896925
0 0.896213 0.743766 0.897275 0.721449 0.884733 0.719563 0.883671 0.74188
0 0.357979 0.850342 0.359156 0.821941 0.347553 0.820421 0.346376 0.848822
0 0.138106 0.857598 0.147501 0.809621 0.125242 0.795846 0.115848 0.843823
0 0.608026 0.871337 0.613534 0.827932 0.601294 0.823023 0.595787 0.866429
0 0.0811628 0.583884 0.0901423 0.560698 0.079301 0.547428 0.0703215 0.570614
0 0.339338 0.946958 0.355138 0.915372 0.34492 0.89922 0.329121 0.930805
0 0.644963 0.809551 0.647821 0.781305 0.634228 0.776959 0.631371 0.805205
0 0.41588 1.00505 0.430339 0.979164 0.420542 0.961867 0.406082 0.987752
0 0.685633 0.785598 0.689241 0.763379 0.674127 0.755622 0.670519 0.777841
0 0.990491 0.629433 0.987866 0.601299 0.961668 0.609026 0.964293 0.637161
0 0.888789 0.542227 0.891704 0.526273 0.880032 0.519533 0.877117 0.535487
0 0.574214 0.681037 0.576816 0.65894 0.566256 0.655011 0.563655 0.677108
0 0.33367 0.860676 0.337641 0.826858 0.323241 0.821515 0.319271 0.855333
0 0.112245 0.790919 0.120666 0.765813 0.109675 0.754161 0.101254 0.779267
0 0.507754 0.754427 0.512164 0.727866 0.501613 0.72233 0.497203 0.748891
0 0.310071 0.767022 0.312347 0.742534 0.298351 0.738423 0.296075 0.76291
0 0.190124 0.917761 0.189639 0.88191 0.158794 0.883229 0.159279 0.91908
0 0.384234 0.781587 0.398113 0.751134 0.38776 0.736221 0.373881 0.766674
0 0.475275 0.751136 0.477821 0.7337 0.465527 0.728028 0.462981 0.745463
0 0.583392 0.895145 0.586637 0.864463 0.570552 0.859087 0.567308 0.889769
0 0.686666 0.735125 0.688185 0.710595 0.672247 0.707476 0.670728 0.732006
0 0.44902 0.776034 0.450999 0.745989 0.435612 0.742785 0.433633 0.77283
0 0.420246 0.738794 0.424292 0.721694 0.411071 0.711806 0.407025 0.728906
0 0.510351 0.795797 0.517212 0.772045 0.507543 0.763218 0.500682 0.78697
0 0.583175 0.686049 0.589936 0.660964 0.580368 0.652813 0.573607 0.677898
0 0.357571 0.83137 0.358088 0.805202 0.344906 0.80438 0.344389 0.830548
0 0.474396 0.999572 0.476597 0.966829 0.457153 0.962698 0.454952 0.995441
0 0.798528 0.726196 0.802167 0.709883 0.792772 0.703259 0.789133 0.719572
0 0.264414 0.742044 0.266052 0.721024 0.251546 0.717452 0.249909 0.738473
0 0.169224 0.859342 0.177342 0.82361 0.153991 0.806841 0.145872 0.842573
0 0.137377 0.919699 0.14068 0.899267 0.12666 0.892104 0.123357 0.912536
0 0.385876 0.830387 0.387973 0.798702 0.374586 0.795902 0.372489 0.827587
0 0.0963713 1.00385 0.110179 0.977655 0.100033 0.96075 0.0862254 0.986941
0 0.0471818 0.908708 0.0591629 0.877005 0.0486253 0.864419 0.0366442 0.896121
0 0.934248 0.801385 0.935912 0.766433 0.917371 0.763643 0.915707 0.798596
0 0.430153 0.865489 0.441977 0.845606 0.433143 0.829002 0.421319 0.848884
0 0.437784 1.00064 0.442967 0.976673 0.430315 0.968026 0.425132 0.991991
0 1.00102 0.409386 1.00222 0.377071 0.99142 0.3758 0.990217 0.408115
0 0.566217 0.965766 0.567512 0.934105 0.550351 0.931888 0.549057 0.96355
0 0.541825 0.810646 0.543014 0.784248 0.529308 0.782297 0.528119 0.808695
0 0.425586 0.725241 0.428542 0.702886 0.41333 0.69653 0.410375 0.718885
0 0.831123 0.766635 0.843186 0.740721 0.834209 0.727513 0.822145 0.753427
0 0.603004 1.00784 0.606496 0.981806 0.592797 0.975997 0.589305 1.00203
0 0.607779 0.678587 0.609477 0.65804 0.597213 0.654838 0.595515 0.675385
0 0.544994 0.831849 0.547196 0.798133 0.532319 0.795062 0.530117 0.828778
0 0.991946 0.492421 1.00014 0.475259 0.991049 0.461539 0.982854 0.478701
0 0.583809 0.920825 0.587315 0.898141 0.577767 0.893477 0.574261 0.916162
0 0.900557 0.520682 0.902748 0.503058 0.89044 0.498222 0.888249 0.515846
0 0.295727 0.854751 0.298412 0.833152 0.285117 0.827927 0.282431 0.849526
0 0.468453 0.821021 0.466451 0.779751 0.45303 0.781809 0.455033 0.823079
0 0.278343 0.768942 0.293537 0.748314 0.286014 0.7308 0.27082 0.751428
0 0.208365 0.786027 0.210391 0.759693 0.196039 0.756204 0.194013 0.782539
0 0.922083 0.494104 0.92344 0.476392 0.912869 0.473832 0.911512 0.491543
0 0.710044 0.501069 0.726862 0.476181 0.717658 0.456524 0.70084 0.481412
0 0.898044 0.761396 0.900515 0.738973 0.888622 0.734831 0.886151 0.757254
0 0.188185 0.883489 0.199756 0.860498 0.190345 0.845528 0.178774 0.868519
0 0.786971 0.618944 0.795396 0.594042 0.779509 0.577054 0.771084 0.601956
0 0.59235 0.808856 0.595157 0.789116 0.583462 0.78386 0.580655 0.8036
0 0.0949326 0.743685 0.105914 0.720258 0.0975477 0.707862 0.086566 0.731289
0 0.548407 0.948254 0.551883 0.913114 0.53816 0.908825 0.534684 0.943965
0 0.449208 0.790223 0.450613 0.769156 0.438223 0.766544 0.436818 0.78761
0 0.130602 0.323714 0.147592 0.307047 0.134793 0.265809 0.117803 0.282475
0 0.676915 0.860824 0.67913 0.823634 0.66388 0.820764 0.661666 0.857954
0 0.544251 0.745442 0.547318 0.722687 0.535299 0.717568 0.532233 0.740323
0 0.11198 0.874963 0.117721 0.851321 0.104316 0.841032 0.0985745 0.864675
0 0.561008 0.901154 0.569614 0.867906 0.555744 0.856559 0.547137 0.889807
0 0.484147 0.839474 0.488089 0.801106 0.472636 0.796088 0.468694 0.834456
0 0.0586767 0.661418 0.065112 0.64434 0.0499749 0.626312 0.0435396 0.643389
0 0.887335 0.67617 0.891263 0.653058 0.881763 0.647956 0.877835 0.671068
0 0.84493 0.607228 0.846151 0.582734 0.835604 0.581072 0.834383 0.605566
0 0.99819 0.684301 1.00598 0.654929 0.992831 0.643905 0.98504 0.673278
0 0.0790206 0.658211 0.0844859 0.642391 0.0710895 0.627764 0.0656242 0.643584
0 0.423093 0.76155 0.425448 0.745668 0.415437 0.740977 0.413083 0.756859
0 0.0221683 0.598542 0.0240212 0.478407 -0.00364363 0.477059 -0.0054966 0.597193
0 0.557341 0.912881 0.567683 0.875634 0.552014 0.861884 0.541672 0.899132
0 0.515133 0.714737 0.521529 0.693109 0.513038 0.685173 0.506642 0.706801
0 0.150984 0.929243 0.158006 0.891997 0.138689 0.880487 0.131667 0.917733
0 0.972634 0.794905 0.976205 0.771816 0.955792 0.761839 0.952221 0.784928
0 0.258484 0.794439 0.268164 0.754265 0.252819 0.74258 0.243139 0.782754
0 0.209534 0.824825 0.212687 0.793992 0.194798 0.78821 0.191644 0.819043
0 0.647486 0.783654 0.651141 0.768004 0.638748 0.758856 0.635093 0.774507
0 0.102136 1.01581 0.121554 0.99089 0.108123 0.957812 0.0887056 0.982729
0 0.542144 0.855695 0.543568 0.834674 0.530725 0.831924 0.529301 0.852946
0 0.28803 0.80309 0.2924 0.779351 0.281087 0.772769 0.276717 0.796508
0 0.601466 0.680799 0.605677 0.659749 0.5949 0.652936 0.590689 0.673986
0 0.843398 0.517413 0.843803 0.473083 0.820357 0.472406 0.819953 0.516737
0 0.572357 0.773433 0.57551 0.754355 0.564817 0.748769 0.561663 0.767847
0 0.554241 1.00182 0.561029 0.960228 0.536979 0.947822 0.53019 0.989415
0 0.565579 0.937578 0.570413 0.914352 0.559861 0.907411 0.555027 0.930637
0 0.582616 0.65371 0.586023 0.635325 0.577144 0.630125 0.573737 0.64851
0 0.899541 0.697971 0.902893 0.678673 0.892734 0.673097 0.889382 0.692395
0 1.00134 0.703798 1.00442 0.679114 0.989085 0.673066 0.986005 0.69775
0 0.0245676 0.884668 0.0246892 0.854608 0.00628552 0.854372 0.0061639 0.884433
0 0.629996 0.73267 0.631812 0.713716 0.620161 0.710188 0.618345 0.729143
0 0.334849 0.949376 0.335788 0.916954 0.31229 0.914805 0.311351 0.947227
0 0.0515083 0.808167 0.0544475 0.785686 0.0410548 0.780152 0.0381156 0.802633
0 0.177966 0.402433 0.188963 0.385028 0.160806 0.328799 0.149809 0.346204
0 0.525763 0.763933 0.528072 0.741582 0.513658 0.736877 0.51135 0.759228
0 0.59618 0.7969 0.601409 0.781471 0.591654 0.771023 0.586425 0.786451
0 0.812767 0.716109 0.819014 0.697379 0.809689 0.687549 0.803442 0.706279
0 0.0343027 0.856134 0.0362629 0.830483 0.0229851 0.827276 0.0210249 0.852927
0 0.843419 0.534695 0.847177 0.516838 0.837877 0.510653 0.83412 0.52851
0 0.96932 0.801917 0.973379 0.777504 0.952366 0.766463 0.948307 0.790876
0 0.194803 0.813382 0.196445 0.785553 0.181754 0.782813 0.180112 0.810643
0 0.813961 0.752046 0.816669 0.73053 0.802664 0.724961 0.799957 0.746477
0 0.0832245 0.68196 0.0854334 0.661057 0.0743218 0.657346 0.0721129 0.678249
0 0.413939 0.798597 0.420043 0.773938 0.407379 0.76403 0.401275 0.788689
0 0.526562 0.941034 0.540483 0.902634 0.526537 0.886655 0.512616 0.925054
0 0.510751 0.776602 0.514895 0.755211 0.503774 0.748402 0.49963 0.769793
0 0.482652 0.716168 0.484259 0.69553 0.472389 0.692609 0.470782 0.713247
0 0.166882 0.895895 0.171076 0.876589 0.15584 0.866128 0.151646 0.885433
0 0.561397 0.69208 0.565375 0.667655 0.552755 0.661159 0.548777 0.685584
0 0.634617 0.819083 0.639033 0.802747 0.625062 0.79081 0.620646 0.807146
0 0.833109 0.784905 0.833031 0.759879 0.815836 0.760048 0.815914 0.785073
0 0.581488 0.7389 0.583525 0.716888 0.57214 0.713558 0.570102 0.73557
0 0.520796 0.652567 0.527826 0.635076 0.519863 0.624961 0.512833 0.642452
0 0.860381 0.619971 0.862248 0.597977 0.847007 0.593889 0.845141 0.615884
0 0.607074 0.994634 0.611805 0.952921 0.59987 0.948643 0.59514 0.990356
0 0.881565 0.501442 0.886987 0.485019 0.877608 0.475233 0.872186 0.491655
0 0.545106 0.657592 0.546506 0.630508 0.533531 0.628388 0.53213 0.655472
0 0.542268 0.623638 0.547557 0.607045 0.538872 0.598296 0.533583 0.614888
0 0.545566 0.877254 0.547907 0.859621 0.538381 0.855624 0.53604 0.873257
0 0.946344 0.770937 0.963426 0.74833 0.946047 0.706828 0.928965 0.729435
0 0.592616 0.817125 0.596588 0.792418 0.584388 0.786219 0.580416 0.810926
0 0.535989 0.786229 0.537403 0.767614 0.52622 0.76493 0.524806 0.783545
0 0.89545 0.78946 0.898203 0.755541 0.885434 0.752264 0.88268 0.786183
0 0.271572 0.750709 0.295391 0.735575 0.290332 0.710412 0.266513 0.725546
0 0.782019 0.72886 0.78517 0.699104 0.7714 0.694495 0.768249 0.724252
0 0.293407 0.905998 0.298675 0.884764 0.285877 0.874729 0.280609 0.895963
0 0.858145 0.725985 0.861564 0.708111 0.851234 0.701864 0.847814 0.719738
0 0.559833 1.00843 0.569157 0.974813 0.547993 0.956262 0.538669 0.989881
0 0.410211 0.876977 0.415069 0.844983 0.400385 0.837936 0.395527 0.869931
0 0.37091 0.880436 0.377423 0.845686 0.363182 0.837249 0.356668 0.871999
0 1.00136 0.634018 1.00375 0.611744 0.991466 0.60758 0.989077 0.629854
0 0.519312 0.759357 0.522189 0.741809 0.510623 0.735814 0.507745 0.753362
0 0.269529 0.76408 0.278441 0.740774 0.26609 0.725847 0.257178 0.749154
0 0.0701889 0.59334 0.0735302 0.576428 0.0637087 0.570295 0.0603675 0.587208
0 0.486552 0.828064 0.490413 0.793897 0.476152 0.788804 0.472291 0.822971
0 0.797769 0.697359 0.802358 0.680538 0.793665 0.673043 0.789076 0.689863
0 0.398395 0.740289 0.401907 0.722872 0.390273 0.715458 0.386762 0.732875
0 0.911721 0.696032 0.91324 0.678445 0.902383 0.67548 0.900863 0.693067
0 0.957292 0.497084 0.958348 0.477963 0.947843 0.476129 0.946786 0.49525
0 0.620043 0.72489 0.621262 0.70464 0.609543 0.70241 0.608324 0.722661
0 0.886528 0.56649 0.888665 0.546638 0.875943 0.542312 0.873806 0.562164
0 0.488921 0.756936 0.492259 0.736606 0.481244 0.73089 0.477906 0.75122
0 0.970428 0.539551 0.972958 0.513668 0.957282 0.508826 0.954752 0.53471
0 0.48028 0.732846 0.480437 0.712382 0.468832 0.712102 0.468676 0.732566
0 0.796133 0.652483 0.79879 0.631141 0.788979 0.62728 0.786322 0.648622
0 0.673506 0.756148 0.675833 0.732427 0.659362 0.727321 0.657035 0.751042
0 0.578381 0.942936 0.58098 0.916153 0.569322 0.912578 0.566723 0.93936
0 0.776042 0.684975 0.785105 0.664547 0.777439 0.653796 0.768375 0.674224
0 0.810518 0.773204 0.817197 0.755124 0.807837 0.744197 0.801159 0.762277
0 0.784903 0.78181 0.79167 0.764702 0.777998 0.747612 0.771232 0.764719
0 0.536597 0.67674 0.539882 0.646953 0.519912 0.639993 0.516627 0.669779
0 0.899122 0.67076 0.900657 0.650195 0.889774 0.647627 0.888238 0.668192
0 0.794693 0.790457 0.800517 0.771524 0.786665 0.758056 0.78084 0.776988
0 0.935746 0.4735 0.937538 0.452864 0.926942 0.449956 0.925151 0.470593
0 0.426871 0.791123 0.429972 0.766701 0.4167 0.761375 0.413599 0.785797
0 0.636269 0.785831 0.641782 0.771456 0.630902 0.758266 0.625388 0.772642
0 0.616476 0.937961 0.617819 0.89912 0.6033 0.897533 0.601957 0.936374
0 0.984885 0.785908 0.988996 0.766316 0.976144 0.757793 0.972033 0.777385
0 0.834425 0.63301 0.837274 0.612159 0.826573 0.607538 0.823724 0.628389
0 0.452667 1.00365 0.452943 0.981242 0.439853 0.980732 0.439577 1.00314
0 0.308741 1.00537 0.311882 0.976537 0.295138 0.970773 0.291998 0.999607
0 0.293344 0.764669 0.2991 0.74283 0.290758 0.735881 0.285002 0.75772
0 0.244937 0.858037 0.248868 0.837324 0.235557 0.829339 0.231626 0.850051
0 0.159662 0.934435 0.163 0.910812 0.151078 0.905487 0.147739 0.929109
0 0.0710734 0.7042 0.0770256 0.686029 0.0692234 0.677951 0.0632712 0.696122
0 0.513144 0.833401 0.516091 0.801453 0.505117 0.798254 0.50217 0.830202
0 1.00096 0.858679 1.00203 0.831553 0.990209 0.830077 0.989137 0.857203
0 0.390132 0.893475 0.393642 0.865447 0.382299 0.860957 0.378789 0.888985
0 0.250359 0.794183 0.255482 0.764317 0.23973 0.755777 0.234607 0.785643
0 0.474578 0.63628 0.478524 0.621788 0.46632 0.611284 0.462373 0.625776
0 0.0833153 0.936376 0.0856615 0.910318 0.0713293 0.90624 0.0689831 0.932297
0 0.0997196 0.67596 0.10101 0.658223 0.0907922 0.655874 0.0895021 0.673611
0 0.421201 0.859879 0.428012 0.834042 0.414246 0.822571 0.407434 0.848408
0 0.532509 0.756962 0.536493 0.725793 0.524297 0.720867 0.520313 0.752035
0 0.578427 0.82104 0.579443 0.798041 0.565947 0.796156 0.564931 0.819155
0 0.80668 0.663675 0.8098 0.642857 0.799013 0.637748 0.795893 0.658565
0 0.661613 0.913524 0.677823 0.86484 0.662486 0.848699 0.646275 0.897382
0 0.46087 0.676287 0.463808 0.651706 0.453291 0.647734 0.450353 0.672314
0 0.115728 0.844029 0.119415 0.82114 0.10863 0.815651 0.104944 0.838539
0 0.631017 0.947716 0.633498 0.928311 0.621843 0.923602 0.619362 0.943006
0 0.819177 0.767891 0.827583 0.746639 0.818939 0.735834 0.810534 0.757087
0 0.300321 0.981823 0.303541 0.949278 0.283487 0.943007 0.280267 0.975552
0 0.690076 0.757796 0.695101 0.732442 0.682318 0.724434 0.677292 0.749787
0 0.587277 0.825861 0.589213 0.804579 0.577138 0.801106 0.575201 0.822388
0 0.456144 0.662635 0.459687 0.637802 0.442677 0.630132 0.439134 0.654964
0 0.607547 0.848769 0.612269 0.8183 0.601358 0.812956 0.596636 0.843424
0 0.969469 0.747856 0.976473 0.73073 0.963608 0.714102 0.956604 0.731228
0 0.611497 0.694287 0.613362 0.674382 0.601948 0.671002 0.600083 0.690907
