0 0.248647 0.575652 0.244748 0.523483 0.214111 0.53072 0.218011 0.582889
0 0.868027 0.710385 0.863761 0.667071 0.834645 0.676135 0.838911 0.719449
0 0.205583 0.956829 0.195796 0.855025 0.123971 0.876848 0.133758 0.978652
0 0.273295 0.834329 0.283276 0.796536 0.264601 0.780949 0.25462 0.818741
0 0.359802 0.912262 0.355169 0.854264 0.318377 0.863551 0.32301 0.92155
0 0.118393 0.990306 0.145904 0.951936 0.132674 0.921958 0.105164 0.960327
0 0.628793 0.580652 0.636353 0.537402 0.612155 0.524035 0.604596 0.567285
0 0.236642 0.887602 0.2396 0.858717 0.219829 0.852318 0.216871 0.881203
0 0.27075 0.964745 0.302379 0.884908 0.263403 0.836106 0.231774 0.915942
0 0.0735751 0.981748 0.113268 0.926185 0.097425 0.890413 0.0577317 0.945975
0 0.333448 0.962678 0.35151 0.924066 0.33582 0.900868 0.317757 0.93948
0 0.106347 0.960061 0.134553 0.937355 0.12626 0.904799 0.0980548 0.927506
0 0.739336 0.6284 0.748452 0.588992 0.72935 0.575027 0.720234 0.614435
0 0.782418 0.740903 0.799082 0.68919 0.779818 0.669572 0.763155 0.721285
0 0.548365 0.944071 0.584172 0.920918 0.565376 0.829043 0.529569 0.852195
0 0.555598 0.6628 0.561766 0.641129 0.546283 0.627201 0.540115 0.648872
0 0.837294 0.774042 0.845704 0.731594 0.803415 0.705111 0.795004 0.747558
0 0.533033 0.817454 0.532894 0.79057 0.515255 0.790858 0.515393 0.817742
0 0.650682 0.844326 0.668038 0.813899 0.643998 0.770558 0.626642 0.800985
0 0.234028 0.770219 0.23491 0.745428 0.215958 0.743297 0.215076 0.768088
0 0.439856 0.91934 0.44959 0.863509 0.42808 0.851657 0.418346 0.907487
0 0.328605 0.942387 0.322504 0.835097 0.278047 0.843087 0.284148 0.950377
0 0.309047 0.986137 0.327879 0.952985 0.317439 0.934242 0.298607 0.967395
0 0.218817 0.858059 0.235271 0.81507 0.215897 0.791634 0.199443 0.834624
0 0.0515463 0.5559 0.0566379 0.523547 0.0309194 0.510755 0.0258278 0.543108
0 0.218801 0.899128 0.223623 0.865571 0.201764 0.855644 0.196942 0.889201
0 0.0646534 0.935742 0.0991868 0.901869 0.0862858 0.860301 0.0517524 0.894175
0 0.262041 0.984726 0.27741 0.955335 0.265146 0.935066 0.249777 0.964457
0 0.388516 1.00271 0.394266 0.970427 0.375964 0.960124 0.370214 0.992411
0 0.471938 0.957425 0.475305 0.929524 0.458629 0.923164 0.455261 0.951064
0 0.346534 0.866038 0.348102 0.83835 0.332199 0.835504 0.330631 0.863191
0 0.121773 0.779984 0.147335 0.757327 0.138362 0.725336 0.112801 0.747993
0 0.498789 0.911124 0.510735 0.864019 0.490619 0.847897 0.478674 0.895002
0 0.12341 0.927145 0.14167 0.85766 0.112251 0.833227 0.0939916 0.902712
0 0.195807 0.844612 0.211954 0.810044 0.201333 0.794363 0.185185 0.828931
0 0.791721 1.06485 0.849131 0.967967 0.774101 0.827445 0.716691 0.924324
0 0.286709 0.973339 0.294886 0.939789 0.278015 0.926794 0.269838 0.960344
0 0.65414 0.750711 0.661228 0.724083 0.649192 0.713957 0.642103 0.740585
0 0.414799 0.955596 0.416961 0.898378 0.383111 0.894334 0.380948 0.951552
0 0.987186 1.0613 1.01282 0.879564 0.82353 0.795197 0.7979 0.976936
0 0.528018 0.792753 0.53068 0.771366 0.515627 0.765443 0.512964 0.786829
0 0.508474 0.941625 0.509569 0.913586 0.490204 0.911195 0.489109 0.939235
0 0.602549 0.485688 0.59651 0.45192 0.568412 0.467802 0.574452 0.50157
0 0.424931 1.01218 0.436218 0.981232 0.422238 0.965118 0.410951 0.996066
0 0.544962 0.641914 0.550349 0.623755 0.537261 0.611482 0.531874 0.629641
0 0.170177 0.547767 0.165605 0.509215 0.141909 0.518097 0.146481 0.556649
0 0.366461 0.829992 0.366695 0.791368 0.34778 0.791005 0.347546 0.829629
0 0.72044 0.807005 0.721994 0.770184 0.698123 0.767001 0.696569 0.803821
0 0.449014 0.972033 0.46087 0.929487 0.423938 0.896963 0.412082 0.939509
0 0.392871 0.91905 0.399856 0.886918 0.381713 0.874452 0.374728 0.906585
0 0.206995 0.799326 0.219149 0.77027 0.20952 0.757538 0.197365 0.786595
0 0.244693 0.970363 0.255705 0.932568 0.240321 0.918402 0.229309 0.956197
0 0.40439 0.984192 0.404918 0.942299 0.383348 0.94144 0.38282 0.983332
0 0.313567 0.782565 0.315858 0.753151 0.299391 0.749097 0.2971 0.778511
0 0.333464 0.98073 0.341437 0.955912 0.329662 0.943958 0.32169 0.968775
0 0.584372 0.574782 0.592191 0.553388 0.581896 0.541497 0.574077 0.56289
0 0.188194 0.797775 0.18855 0.77171 0.172949 0.771036 0.172593 0.797101
0 0.208554 0.698605 0.230699 0.67811 0.223297 0.652833 0.201153 0.673329
0 0.828392 0.725944 0.833821 0.703369 0.808647 0.684236 0.803218 0.706811
0 0.374814 0.904849 0.379386 0.866814 0.363774 0.860883 0.359202 0.898919
0 0.564167 0.696761 0.573602 0.673043 0.556193 0.651155 0.546758 0.674873
0 0.352019 0.756433 0.349818 0.731384 0.331562 0.736453 0.333762 0.761502
0 0.55696 0.995915 0.560633 0.969708 0.542228 0.961557 0.538556 0.987764
0 0.204459 0.879908 0.206001 0.838139 0.185348 0.83573 0.183806 0.877498
0 0.144733 0.827641 0.173766 0.800089 0.165589 0.772858 0.136556 0.80041
0 0.593274 0.594042 0.598801 0.565563 0.587423 0.558584 0.581896 0.587063
0 0.394198 0.888281 0.397451 0.842846 0.371597 0.836994 0.368344 0.882429
0 0.449081 1.00946 0.455959 0.985848 0.443457 0.974338 0.436578 0.997952
0 0.425611 0.804296 0.427361 0.756343 0.398536 0.753019 0.396786 0.800972
0 0.364986 0.543087 0.372066 0.504861 0.347693 0.490594 0.340613 0.52882
0 0.346767 0.813413 0.347237 0.788418 0.331106 0.787459 0.330636 0.812455
0 0.0975514 0.826676 0.124745 0.794223 0.111169 0.758268 0.083975 0.790721
0 0.181197 1.0035 0.210905 0.955498 0.194078 0.922587 0.164371 0.970588
0 0.195384 0.810576 0.203184 0.785713 0.191768 0.774394 0.183968 0.799258
0 0.462044 1.01127 0.470942 0.982575 0.457819 0.969715 0.448921 0.998411
0 0.569103 0.837311 0.570821 0.808212 0.555365 0.805328 0.553647 0.834427
0 0.583125 0.758699 0.597749 0.741677 0.581741 0.698211 0.567117 0.715233
0 0.191043 0.875644 0.189356 0.83977 0.165424 0.843327 0.167111 0.879201
0 0.805173 0.692421 0.811188 0.658879 0.774872 0.638297 0.768857 0.671839
0 0.566778 0.641095 0.570992 0.608609 0.556835 0.602804 0.55262 0.63529
0 0.41814 0.910612 0.427886 0.868057 0.410701 0.855619 0.400955 0.898174
0 0.836588 0.641634 0.841985 0.617681 0.827259 0.607194 0.821862 0.631147
0 0.321045 0.765984 0.323479 0.745466 0.312996 0.741536 0.310562 0.762054
0 0.478573 0.984198 0.480914 0.958355 0.465245 0.95387 0.462904 0.979712
0 0.626266 0.786231 0.628642 0.751617 0.613608 0.748354 0.611232 0.782969
0 0.28205 0.855021 0.297884 0.816454 0.28431 0.79884 0.268475 0.837408
0 0.0970507 1.00528 0.116887 0.979054 0.108354 0.958658 0.0885177 0.984885
0 0.233779 0.732023 0.237829 0.705229 0.218966 0.696218 0.214916 0.723012
0 0.538788 0.916434 0.542036 0.890289 0.520975 0.882022 0.517728 0.908167
0 0.711243 0.855743 0.722359 0.811151 0.695269 0.789807 0.684153 0.834399
0 0.07815 0.887542 0.108462 0.863318 0.102188 0.838506 0.0718762 0.862731
0 0.206899 0.994525 0.218361 0.964565 0.207502 0.951436 0.19604 0.981395
0 0.187336 0.83493 0.195272 0.806122 0.184622 0.79685 0.176686 0.825658
0 0.665262 0.623218 0.669899 0.601924 0.657426 0.593338 0.652788 0.614631
0 0.236706 0.708847 0.241386 0.686731 0.226572 0.676822 0.221892 0.698938
0 0.691305 0.861108 0.695225 0.821614 0.661845 0.811142 0.657925 0.850636
0 0.348897 0.560045 0.355378 0.535229 0.334823 0.518263 0.328342 0.543079
0 0.521989 1.00693 0.525851 0.979661 0.513244 0.974018 0.509383 1.00129
0 0.298206 0.796115 0.303275 0.773747 0.289743 0.764056 0.284674 0.786424
0 0.565584 0.752756 0.577096 0.718265 0.565675 0.706217 0.554163 0.740707
0 0.288619 0.816447 0.300847 0.796971 0.292986 0.781373 0.280758 0.800848
0 0.532724 0.955597 0.543818 0.915076 0.527051 0.900568 0.515957 0.941089
0 0.172592 1.0003 0.168714 0.963273 0.131305 0.975654 0.135183 1.01268
0 0.0707666 0.590707 0.072416 0.569728 0.0581099 0.566173 0.0564606 0.587152
0 0.460571 0.986145 0.467447 0.949853 0.452577 0.940949 0.445701 0.977241
0 0.454273 0.921364 0.476861 0.893147 0.466347 0.866545 0.443759 0.894761
0 0.220726 0.750476 0.222591 0.725756 0.208789 0.722465 0.206924 0.747185
0 0.512914 0.968099 0.522065 0.936551 0.509686 0.925204 0.500536 0.956752
0 0.532553 0.848227 0.539713 0.818934 0.525587 0.80802 0.518426 0.837314
0 0.782309 0.649939 0.780254 0.627112 0.757393 0.633617 0.759449 0.656445
0 0.444429 0.987969 0.452894 0.954534 0.422625 0.930314 0.41416 0.963749
0 0.748198 1.00509 0.747986 0.936326 0.710944 0.936687 0.711156 1.00545
0 0.226463 0.914919 0.232672 0.888075 0.21905 0.878118 0.212841 0.904962
0 0.24082 0.614829 0.245002 0.588978 0.229984 0.581301 0.225803 0.607151
0 0.0853532 0.989847 0.113355 0.958255 0.102879 0.928907 0.0748767 0.960499
0 0.568905 0.657312 0.571763 0.638012 0.561972 0.633431 0.559115 0.652731
0 0.597052 0.679659 0.599902 0.655549 0.589287 0.651583 0.586437 0.675693
0 0.142555 0.308072 0.147552 0.267538 0.126177 0.25921 0.121181 0.299744
0 0.297486 0.772002 0.30144 0.751218 0.291038 0.744966 0.287085 0.76575
0 0.42604 0.868675 0.431871 0.844053 0.417903 0.8336 0.412072 0.858222
0 0.841961 0.669805 0.847583 0.647032 0.832074 0.634933 0.826453 0.657706
0 0.560287 0.729734 0.56502 0.708439 0.555077 0.701456 0.550344 0.72275
0 0.516909 0.986298 0.528694 0.950691 0.517793 0.939289 0.506009 0.974897
0 0.821709 0.602082 0.826175 0.581148 0.810895 0.570845 0.806429 0.591779
0 0.547294 0.693878 0.5492 0.642728 0.512195 0.63837 0.510289 0.68952
0 0.607192 0.572117 0.610378 0.546468 0.59903 0.542014 0.595844 0.567662
0 0.450305 0.926859 0.460366 0.897307 0.448319 0.884344 0.438258 0.913896
0 0.497865 1.00712 0.498956 0.984832 0.483504 0.982441 0.482413 1.00473
0 0.331259 0.855333 0.344189 0.829317 0.334009 0.813328 0.32108 0.839344
0 0.256139 1.01165 0.266313 0.975881 0.248326 0.959711 0.238152 0.99548
0 0.299747 0.683878 0.305532 0.661381 0.29373 0.651789 0.287945 0.674285
0 0.38503 0.83983 0.390961 0.820792 0.376067 0.806127 0.370136 0.825166
0 0.359829 0.933655 0.371316 0.906066 0.359871 0.891006 0.348384 0.918595
0 0.35509 0.580217 0.381422 0.557033 0.373393 0.528213 0.347061 0.551397
0 0.608787 0.541058 0.611215 0.518202 0.595172 0.512815 0.592743 0.53567
0 0.481525 0.922825 0.491653 0.899858 0.477118 0.879601 0.466991 0.902568
0 0.84131 0.685417 0.842794 0.664639 0.828515 0.661415 0.827031 0.682193
0 0.423796 0.719587 0.421824 0.668468 0.396813 0.671517 0.398785 0.722636
0 0.23913 0.743937 0.240215 0.720841 0.226573 0.718816 0.225488 0.741912
0 0.518614 0.86446 0.527755 0.851376 0.515569 0.824472 0.506428 0.837556
0 0.243496 0.65768 0.246073 0.631331 0.229338 0.626158 0.226761 0.652507
0 0.442969 0.368913 0.444118 0.314957 0.41423 0.312945 0.41308 0.366902
0 0.513866 0.919538 0.515079 0.894071 0.495342 0.8911 0.494129 0.916567
0 0.433667 0.778397 0.444613 0.744244 0.431341 0.7308 0.420395 0.764952
0 0.961932 0.61271 0.959984 0.581897 0.94004 0.585883 0.941989 0.616696
0 0.0395028 0.784004 0.0503408 0.729825 0.0239565 0.713144 0.0131186 0.767323
0 0.238341 0.789582 0.241217 0.770748 0.22809 0.764414 0.225214 0.783247
0 0.648482 0.557977 0.650686 0.524201 0.632321 0.520413 0.630117 0.554189
0 0.500634 0.863665 0.501687 0.828996 0.477578 0.82668 0.476524 0.861349
0 0.256254 0.826417 0.261468 0.798487 0.251282 0.792477 0.246068 0.820407
0 0.532922 0.983042 0.539671 0.952191 0.526106 0.942811 0.519356 0.973661
0 0.819596 0.668596 0.825528 0.643232 0.806802 0.629391 0.80087 0.654755
0 0.233776 0.813112 0.236357 0.787136 0.219174 0.781741 0.216593 0.807717
0 0.318688 0.835972 0.319959 0.805065 0.297798 0.802185 0.296527 0.833092
0 0.775133 0.694222 0.776501 0.663656 0.758824 0.661157 0.757457 0.691723
0 0.637163 0.593154 0.652908 0.56261 0.641607 0.5442 0.625863 0.574744
0 0.196007 0.679736 0.208583 0.649173 0.197719 0.635045 0.185143 0.665608
0 0.0354302 1.01417 0.0768595 0.98871 0.068065 0.94348 0.0266357 0.968939
0 0.531215 0.733774 0.539263 0.710483 0.521242 0.690804 0.513194 0.714094
0 0.463919 0.804279 0.477849 0.782911 0.469957 0.76665 0.456027 0.788019
0 0.686368 0.811775 0.689669 0.774184 0.66619 0.767668 0.662889 0.805259
0 0.501225 0.962427 0.504878 0.938853 0.486514 0.929857 0.48286 0.953432
0 0.236769 0.913432 0.24914 0.882358 0.238049 0.868403 0.225678 0.899477
0 0.161298 0.574244 0.162922 0.554616 0.147853 0.550677 0.14623 0.570305
0 0.379499 0.817297 0.39047 0.78499 0.366752 0.759534 0.355781 0.791841
0 0.367777 0.762924 0.381659 0.736149 0.370717 0.718219 0.356835 0.744994
0 0.857219 0.759043 0.86563 0.735499 0.851279 0.719297 0.842869 0.742841
0 0.247278 0.804928 0.251189 0.787104 0.23682 0.777138 0.232908 0.794962
0 0.381398 0.945887 0.386515 0.917126 0.374242 0.910224 0.369124 0.938985
0 0.652818 0.938265 0.668628 0.871824 0.633779 0.845614 0.617968 0.912055
0 0.462651 0.938606 0.473034 0.910076 0.458853 0.893765 0.44847 0.922295
0 0.551363 0.721778 0.556497 0.682246 0.533906 0.672973 0.528772 0.712505
0 0.540765 1.00704 0.546081 0.970444 0.528482 0.962362 0.523165 0.998955
0 0.507105 1.00352 0.515792 0.973344 0.504326 0.962912 0.495638 0.993091
0 0.246459 0.687918 0.249635 0.664127 0.235179 0.65803 0.232003 0.681821
0 0.311419 0.826838 0.315973 0.799142 0.301532 0.791637 0.296978 0.819332
0 0.262992 0.678233 0.266242 0.647719 0.253016 0.643267 0.249766 0.673781
0 0.424519 0.764555 0.430387 0.741119 0.419085 0.732176 0.413218 0.755612
0 0.785979 0.799437 0.795474 0.766249 0.76104 0.735114 0.751546 0.768302
0 0.376377 0.547567 0.410138 0.50142 0.394673 0.465661 0.360912 0.511807
0 0.584871 0.710802 0.588514 0.690225 0.575489 0.682937 0.571846 0.703514
0 0.51758 0.886863 0.525546 0.867291 0.51163 0.849389 0.503663 0.868961
0 0.228829 0.115451 0.247147 0.106384 0.228967 -0.00968579 0.210649 -0.000618098
0 0.582183 0.627519 0.585465 0.589643 0.572498 0.586092 0.569217 0.623968
0 0.375873 0.976601 0.386314 0.949259 0.375557 0.936276 0.365116 0.963618
0 0.123362 0.854279 0.147232 0.816628 0.13339 0.788896 0.109521 0.826547
0 0.583715 0.993734 0.5977 0.973328 0.580993 0.937142 0.567009 0.957548
0 0.0200619 0.995243 0.0430032 0.961545 0.0331482 0.940341 0.0102069 0.974038
0 0.49753 0.988426 0.504856 0.962055 0.494691 0.95313 0.487365 0.979501
0 0.287784 1.01328 0.299237 0.976958 0.28241 0.960185 0.270956 0.996503
0 0.327807 0.998788 0.339551 0.976919 0.332168 0.964387 0.320423 0.986256
0 0.0487778 0.885138 0.0590723 0.855237 0.0490011 0.844279 0.0387067 0.874179
0 0.582142 0.643185 0.583339 0.613107 0.57045 0.611486 0.569253 0.641564
0 0.271926 0.856734 0.277623 0.832063 0.264162 0.82224 0.258466 0.846912
0 0.346659 0.966944 0.355831 0.943694 0.346008 0.931445 0.336835 0.954695
0 0.207503 0.766095 0.213741 0.748762 0.205605 0.739508 0.199367 0.756841
0 0.196501 0.764206 0.20363 0.744579 0.194888 0.734543 0.187758 0.75417
0 0.323418 0.812293 0.326375 0.79439 0.315698 0.788816 0.312741 0.806719
0 0.777357 0.824214 0.78483 0.790047 0.751947 0.76732 0.744475 0.801486
0 0.581109 0.643969 0.58515 0.597765 0.571723 0.594054 0.567683 0.640258
0 0.0884956 0.751751 0.0896874 0.714936 0.0679786 0.712715 0.0667868 0.74953
0 0.57407 0.98612 0.577831 0.944172 0.558092 0.938579 0.554331 0.980526
0 0.0526699 0.964895 0.0735681 0.934389 0.0585342 0.901839 0.0376361 0.932346
0 0.411367 0.882679 0.414061 0.831524 0.393701 0.828134 0.391006 0.879289
0 0.148434 0.737281 0.149167 0.716599 0.135542 0.715072 0.134809 0.735754
0 0.371442 1.00207 0.374308 0.973011 0.358272 0.968011 0.355406 0.997067
0 0.353286 0.955138 0.360579 0.927556 0.350271 0.918942 0.342978 0.946524
0 0.590617 0.792776 0.599349 0.767724 0.577219 0.743344 0.568487 0.768396
0 0.578112 0.679513 0.581515 0.65093 0.567052 0.645486 0.563648 0.674069
0 0.363565 0.879044 0.366834 0.857039 0.350569 0.849401 0.3473 0.871407
0 0.437549 0.809996 0.445315 0.783187 0.433786 0.772632 0.42602 0.799441
0 0.14806 0.874902 0.151177 0.852104 0.13452 0.844907 0.131403 0.867704
0 0.270155 1.00552 0.282817 0.969197 0.270456 0.95558 0.257794 0.991907
0 0.237663 0.847523 0.244866 0.828782 0.234936 0.816719 0.227733 0.83546
0 0.354867 0.789709 0.355646 0.767847 0.342126 0.766324 0.341347 0.788186
0 0.334963 1.00914 0.342529 0.988564 0.33281 0.977267 0.325243 0.997843
0 0.57721 0.701445 0.580001 0.678801 0.569163 0.674579 0.566372 0.697223
0 0.135944 0.806374 0.151143 0.768879 0.136884 0.75061 0.121684 0.788105
0 0.565033 0.71188 0.57179 0.696058 0.562909 0.684071 0.556152 0.699893
0 0.0391974 0.578436 0.0346143 0.544199 0.0048406 0.556795 0.00942364 0.591033
0 0.482724 0.883388 0.485443 0.848742 0.460392 0.84253 0.457674 0.877176
0 0.436858 0.741548 0.441262 0.720326 0.429655 0.712713 0.425251 0.733934
0 0.750731 0.666582 0.752839 0.639749 0.736826 0.635774 0.734718 0.662606
0 0.286422 0.703359 0.294102 0.676022 0.282329 0.665571 0.27465 0.692908
0 0.507775 0.852003 0.509813 0.792274 0.473479 0.788356 0.47144 0.848085
0 0.251884 0.776368 0.254878 0.754787 0.239367 0.747986 0.236373 0.769567
0 0.627725 0.915412 0.62676 0.877556 0.611081 0.87882 0.612046 0.916676
0 0.751205 0.830218 0.758477 0.806266 0.733283 0.782093 0.726012 0.806045
0 0.113227 0.748928 0.11282 0.729852 0.0996897 0.730736 0.100096 0.749812
0 0.372223 0.713448 0.380213 0.689345 0.362767 0.671067 0.354777 0.69517
0 0.483753 0.943202 0.48876 0.91726 0.47288 0.907575 0.467874 0.933517
0 0.414709 0.746237 0.42722 0.723704 0.41876 0.708858 0.406249 0.731391
0 0.225688 0.790983 0.230409 0.770071 0.21912 0.762017 0.214399 0.78293
0 0.620453 0.531839 0.623434 0.512654 0.610653 0.506379 0.607673 0.525564
0 0.041273 0.933587 0.0502539 0.912043 0.0419551 0.901109 0.0329742 0.922653
0 0.624528 0.590901 0.63025 0.570263 0.618634 0.560084 0.612912 0.580722
0 0.956944 0.689062 0.966257 0.664944 0.940361 0.633341 0.931048 0.657459
0 0.824519 0.677682 0.828921 0.661894 0.816907 0.651308 0.812505 0.667097
0 0.403024 0.771832 0.40867 0.726344 0.389968 0.719007 0.384322 0.764495
0 0.215391 0.6674 0.222896 0.644428 0.211488 0.632649 0.203983 0.655621
0 0.484659 1.00423 0.485118 0.980945 0.469604 0.97998 0.469145 1.00326
0 0.372671 0.864631 0.382025 0.828386 0.366693 0.815879 0.357338 0.852125
0 0.211281 0.949557 0.215777 0.92855 0.201836 0.919122 0.197341 0.940129
0 0.45773 0.807138 0.459831 0.783664 0.445633 0.779647 0.443532 0.803121
0 0.640718 0.78391 0.642738 0.76034 0.629272 0.756691 0.627251 0.780261
0 0.258188 0.398167 0.260346 0.337752 0.226176 0.333895 0.224018 0.39431
0 0.309359 0.803355 0.31693 0.784419 0.30734 0.772301 0.299769 0.791237
0 0.281522 0.666703 0.285 0.636242 0.268765 0.630384 0.265288 0.660845
0 0.348839 0.578245 0.351305 0.551566 0.334031 0.54652 0.331565 0.573199
0 0.554247 0.827418 0.565493 0.791915 0.551813 0.77822 0.540567 0.813723
0 0.682235 0.90074 0.686753 0.847484 0.656624 0.839406 0.652105 0.892661
0 0.513967 0.901952 0.517631 0.88008 0.505351 0.873577 0.501687 0.895449
0 0.240558 0.999929 0.247638 0.968359 0.234907 0.959335 0.227827 0.990906
0 0.27062 0.704308 0.272729 0.682429 0.260789 0.678791 0.25868 0.70067
0 0.776336 0.525291 0.777869 0.504694 0.765704 0.501831 0.76417 0.522429
0 0.678364 0.632066 0.679498 0.608267 0.667845 0.606512 0.666711 0.630311
0 0.0654567 0.54967 0.0686767 0.526937 0.0557218 0.521138 0.0525018 0.54387
0 0.805251 0.654112 0.806695 0.634287 0.790848 0.630639 0.789404 0.650463
0 0.484757 0.966459 0.485932 0.944189 0.47161 0.9418 0.470435 0.964069
0 0.26135 0.867426 0.267781 0.840802 0.256845 0.832454 0.250414 0.859077
0 0.80646 0.70381 0.809408 0.682922 0.796347 0.677097 0.793399 0.697985
0 0.666611 0.752476 0.67368 0.717745 0.662156 0.710331 0.655087 0.745063
0 0.535084 0.647487 0.537508 0.620079 0.522914 0.615999 0.52049 0.643407
0 0.237031 0.930129 0.244321 0.895908 0.232054 0.887649 0.224764 0.92187
0 0.523163 0.772324 0.52457 0.751713 0.511299 0.748848 0.509891 0.76946
0 0.347758 0.769919 0.348533 0.744266 0.330664 0.742559 0.329889 0.768212
0 0.323007 0.390534 0.323165 0.366531 0.299474 0.366039 0.299316 0.390042
0 0.585137 1.00306 0.583306 0.972512 0.558128 0.977282 0.559959 1.00783
0 0.480682 0.800237 0.488482 0.777434 0.478886 0.767061 0.471087 0.789864
0 0.421785 0.575888 0.428813 0.546195 0.414589 0.535554 0.40756 0.565247
0 0.7203 0.70433 0.726252 0.680427 0.713759 0.670596 0.707807 0.694499
0 0.434565 0.717227 0.448759 0.659043 0.430044 0.644614 0.41585 0.702797
0 0.289982 0.713977 0.293896 0.692777 0.284017 0.687012 0.280103 0.708213
0 0.663106 0.67101 0.666157 0.648202 0.655839 0.64384 0.652788 0.666648
0 0.758457 0.738477 0.766991 0.700431 0.741509 0.682368 0.732975 0.720414
0 0.38286 0.370913 0.384225 0.34285 0.369397 0.340571 0.368032 0.368634
0 0.325909 0.387957 0.325589 0.35432 0.299093 0.355116 0.299412 0.388752
0 0.360348 0.748039 0.373551 0.720841 0.363407 0.705278 0.350204 0.732475
0 0.584791 0.686896 0.588016 0.661674 0.578271 0.657736 0.575046 0.682958
0 0.723341 0.769601 0.723268 0.744271 0.70777 0.744412 0.707843 0.769741
0 0.570092 0.763148 0.582511 0.735777 0.573828 0.723327 0.56141 0.750697
0 0.0944604 0.706858 0.094386 0.677849 0.0782745 0.67798 0.078349 0.706989
0 0.846415 0.744161 0.851776 0.724556 0.839477 0.713926 0.834116 0.733531
0 0.801682 0.735996 0.808715 0.705301 0.793658 0.694399 0.786626 0.725093
0 0.751809 0.686097 0.755207 0.664091 0.742719 0.657997 0.739321 0.680004
0 0.589305 0.65203 0.591861 0.633677 0.5817 0.629205 0.579144 0.647558
0 0.0164232 0.900172 0.0199362 0.874338 0.00866467 0.869494 0.00515164 0.895328
0 0.577282 0.855924 0.581191 0.828082 0.567679 0.822087 0.563771 0.849929
0 0.158623 0.789236 0.166148 0.769325 0.157091 0.758506 0.149565 0.778417
0 0.165198 0.862848 0.167909 0.837404 0.154001 0.832721 0.15129 0.858165
0 1.00113 0.743215 1.00302 0.711608 0.988378 0.708837 0.986486 0.740444
0 0.307676 0.583936 0.309239 0.5618 0.296552 0.558969 0.294989 0.581105
0 0.242732 0.835609 0.24655 0.805393 0.231742 0.79948 0.227924 0.829696
0 0.0458797 0.833401 0.0569183 0.802923 0.0475611 0.792212 0.0365225 0.82269
0 0.648376 1.03294 0.82466 0.853712 0.787906 0.739462 0.611622 0.918692
0 0.227429 0.972963 0.240882 0.946048 0.231108 0.930608 0.217655 0.957523
0 0.619593 0.757867 0.623132 0.740724 0.610789 0.732671 0.60725 0.749814
0 0.33937 0.999614 0.3541 0.971231 0.345113 0.95649 0.330383 0.984872
0 0.24524 0.828003 0.249856 0.80015 0.233666 0.791671 0.229051 0.819524
0 0.814094 0.568048 0.819776 0.545485 0.801362 0.53083 0.795681 0.553393
0 0.0614688 0.602902 0.0610571 0.581358 0.0442756 0.582372 0.0446872 0.603916
0 0.243476 0.865371 0.250531 0.841402 0.239872 0.831487 0.232817 0.855456
0 0.335573 0.366285 0.340056 0.336871 0.30862 0.321728 0.304137 0.351142
0 0.813738 0.631177 0.81666 0.61481 0.805189 0.608337 0.802267 0.624703
0 0.272774 0.685245 0.274894 0.664613 0.264346 0.661188 0.262226 0.68182
0 0.256524 0.607633 0.259271 0.572878 0.238962 0.567804 0.236214 0.602558
0 0.0505912 0.58433 0.0506674 0.565554 0.0357112 0.565362 0.035635 0.584138
0 0.0801143 0.768694 0.0773854 0.7359 0.0534665 0.742191 0.0561954 0.774984
0 0.427526 0.823988 0.430206 0.801021 0.418527 0.796713 0.415847 0.81968
0 0.551163 0.967205 0.554738 0.941309 0.538181 0.934084 0.534606 0.95998
0 0.554986 0.748273 0.560343 0.724347 0.548848 0.716213 0.543491 0.740139
0 0.189189 0.754456 0.191958 0.732948 0.172039 0.724846 0.16927 0.746353
0 0.904974 0.545208 0.920221 0.514307 0.906394 0.492743 0.891146 0.523645
0 0.598227 0.629341 0.600066 0.611456 0.586981 0.607205 0.585143 0.62509
0 0.804452 0.628559 0.805386 0.607216 0.789541 0.605024 0.788607 0.626367
0 0.53631 0.561391 0.537609 0.538947 0.522709 0.53622 0.52141 0.558665
0 0.688932 0.648727 0.689725 0.630719 0.679246 0.629261 0.678453 0.647269
0 0.373815 0.945182 0.382889 0.916561 0.371228 0.904876 0.362154 0.933496
0 0.394542 0.351507 0.398515 0.328258 0.388824 0.323024 0.384851 0.346273
0 0.129439 1.02079 0.14691 0.9825 0.130274 0.958513 0.112803 0.996807
0 0.104778 0.777192 0.107763 0.744958 0.0890358 0.739475 0.08605 0.771709
0 0.330089 0.825687 0.331195 0.805946 0.319656 0.803902 0.31855 0.823643
0 0.487261 0.3586 0.487884 0.326177 0.465258 0.324803 0.464635 0.357225
0 0.284308 0.645042 0.299284 0.605338 0.272019 0.572837 0.257044 0.612542
0 0.0321198 0.835784 0.0502996 0.786744 0.0337839 0.767393 0.015604 0.816434
0 0.414038 0.99799 0.414209 0.971053 0.402136 0.970811 0.401965 0.997748
