0 0.150353 0.550582 0.169739 0.44767 0.134798 0.426868 0.115412 0.52978
0 0.214861 0.939586 0.241286 0.891827 0.223561 0.86083 0.197136 0.908589
0 0.433312 0.817644 0.435513 0.782924 0.413506 0.778514 0.411305 0.813234
0 0.400227 0.847716 0.4132 0.818753 0.401668 0.802428 0.388695 0.831391
0 0.0498963 0.688968 0.0529072 0.660686 0.035306 0.654764 0.0322952 0.683045
0 0.575306 0.695264 0.576401 0.671431 0.559177 0.66893 0.558082 0.692763
0 0.92325 0.824718 0.924424 0.792744 0.906802 0.7907 0.905628 0.822674
0 0.0549251 0.745632 0.0548827 0.725115 0.0401166 0.725211 0.0401591 0.745729
0 0.488819 0.853295 0.496609 0.815227 0.476598 0.802285 0.468808 0.840353
0 0.409968 0.814195 0.416003 0.76954 0.395231 0.760668 0.389196 0.805323
0 0.560201 0.70839 0.563008 0.687279 0.549109 0.681439 0.546302 0.70255
0 0.407993 1.00308 0.42067 0.958615 0.399597 0.939628 0.38692 0.984096
0 0.378872 0.831914 0.382097 0.799851 0.362522 0.793628 0.359297 0.825691
0 0.570575 0.732114 0.57572 0.713103 0.561365 0.700824 0.55622 0.719835
0 0.432824 0.739421 0.437721 0.717342 0.414159 0.700827 0.409263 0.722906
0 0.0870066 0.852286 0.0983539 0.806017 0.0813597 0.792845 0.0700125 0.839113
0 0.992559 1.00886 1.00927 0.878791 0.820801 0.802279 0.804093 0.93235
0 0.583937 0.886421 0.595716 0.855021 0.582523 0.839379 0.570744 0.870778
0 0.55433 0.767747 0.556251 0.742758 0.540393 0.738906 0.538472 0.763895
0 0.422404 0.83952 0.425228 0.81578 0.410653 0.810301 0.407829 0.834041
0 0.0682954 0.843188 0.0773903 0.817164 0.0586835 0.796501 0.0495886 0.822525
0 0.596905 0.733022 0.603414 0.707851 0.593467 0.699722 0.586958 0.724893
0 0.183048 0.895972 0.177636 0.855839 0.146551 0.869087 0.151963 0.90922
0 0.390066 0.815944 0.393717 0.788115 0.378096 0.781637 0.374445 0.809467
0 0.504501 0.988928 0.508836 0.944047 0.48354 0.936325 0.479205 0.981206
0 0.510362 0.91888 0.508571 0.881355 0.492948 0.883712 0.494738 0.921237
0 0.0607417 0.857404 0.0662256 0.836474 0.0554987 0.827591 0.0500148 0.848521
0 0.213994 0.886355 0.22891 0.862611 0.220292 0.8455 0.205376 0.869245
0 0.427371 0.867094 0.438106 0.847044 0.424543 0.82409 0.413807 0.84414
0 0.471162 0.838065 0.47285 0.814388 0.461453 0.81182 0.459765 0.835497
0 0.586272 0.8281 0.58916 0.797795 0.569107 0.791755 0.566219 0.82206
0 0.552563 0.784716 0.554019 0.766407 0.541114 0.763165 0.539658 0.781473
0 0.380517 0.874114 0.385774 0.846768 0.366141 0.834838 0.360884 0.862185
0 0.438729 0.945747 0.455769 0.924192 0.448097 0.905022 0.431057 0.926578
0 0.0980328 0.761279 0.10091 0.736726 0.0837013 0.730351 0.0808236 0.754905
0 0.483847 0.87748 0.491971 0.857602 0.473777 0.834103 0.465653 0.85398
0 0.0685644 0.820602 0.088764 0.79801 0.0818773 0.778549 0.0616777 0.80114
0 0.560426 0.829033 0.562459 0.805646 0.551078 0.80252 0.549046 0.825907
0 0.510938 0.972733 0.525489 0.95085 0.50752 0.913085 0.492968 0.934967
0 0.389607 0.784494 0.39077 0.757586 0.374492 0.755362 0.373328 0.78227
0 0.478586 0.810028 0.501903 0.786776 0.494283 0.762623 0.470965 0.785874
0 0.932635 0.837428 0.938233 0.809399 0.926397 0.801927 0.920799 0.829957
0 0.567125 0.753059 0.569887 0.729992 0.55855 0.725702 0.555788 0.748769
0 0.403313 0.75508 0.411637 0.729093 0.401679 0.719013 0.393355 0.744999
0 0.597318 0.705151 0.607263 0.681463 0.592038 0.661261 0.582092 0.684949
0 0.51104 0.855022 0.524898 0.826285 0.514086 0.809806 0.500228 0.838543
0 0.501657 0.82127 0.506375 0.792796 0.491652 0.785086 0.486934 0.81356
0 0.043088 0.902084 0.0558826 0.882583 0.0484466 0.867164 0.035652 0.886665
0 0.534585 0.851822 0.541877 0.827942 0.525052 0.811704 0.51776 0.835584
0 0.107482 0.72388 0.109387 0.69766 0.0955335 0.694478 0.0936282 0.720698
0 0.607639 0.744906 0.608819 0.723388 0.596495 0.721253 0.595316 0.742771
0 0.539594 0.768042 0.540515 0.746917 0.527837 0.745171 0.526916 0.766295
0 0.522777 0.915852 0.525479 0.884264 0.51181 0.880568 0.509107 0.912156
0 0.4219 0.789826 0.426981 0.757466 0.410556 0.749314 0.405475 0.781675
0 0.21186 0.287937 0.239415 0.26218 0.214167 0.176815 0.186612 0.202572
0 0.778634 1.02311 0.836414 0.946738 0.783334 0.819819 0.725554 0.896191
0 0.511517 0.817554 0.515926 0.795433 0.503652 0.787701 0.499243 0.809821
0 0.557614 0.677276 0.561869 0.654553 0.54961 0.647297 0.545355 0.670021
0 0.208779 0.920386 0.21387 0.876349 0.195062 0.869478 0.189971 0.913514
0 0.434001 0.787912 0.440677 0.761445 0.423208 0.747517 0.416532 0.773984
0 0.422869 0.708536 0.426523 0.687701 0.414645 0.681116 0.41099 0.701951
0 0.588046 0.704403 0.591508 0.683927 0.578078 0.676749 0.574616 0.697226
0 0.363986 0.813858 0.365116 0.789467 0.353036 0.787699 0.351907 0.81209
0 0.121609 0.762836 0.124346 0.738184 0.111209 0.733573 0.108472 0.758226
0 0.113587 0.907541 0.115483 0.870605 0.0933391 0.867013 0.0914435 0.903949
0 0.588089 0.720188 0.590961 0.697157 0.577747 0.691948 0.574874 0.714978
0 0.0281441 0.658038 0.0280376 0.636684 0.0127891 0.636924 0.0128957 0.658279
0 0.423437 1.00254 0.429609 0.972073 0.416397 0.963615 0.410225 0.994085
0 0.20583 0.877494 0.21893 0.847459 0.207726 0.832015 0.194626 0.86205
0 0.469509 0.795092 0.484442 0.770875 0.475522 0.753491 0.460589 0.777707
0 0.197632 0.862109 0.210607 0.835298 0.198562 0.816873 0.185586 0.843685
0 0.407745 0.863089 0.410219 0.837686 0.397369 0.833731 0.394895 0.859133
0 0.619192 0.873766 0.623034 0.831158 0.60302 0.825455 0.599179 0.868064
0 0.190994 0.886792 0.1941 0.860523 0.182747 0.856281 0.179642 0.88255
0 0.412219 0.911853 0.414496 0.860487 0.383443 0.856137 0.381166 0.907502
0 0.0285644 0.567374 0.0303451 0.539676 0.00143182 0.533801 -0.000348937 0.561499
0 0.423785 0.961336 0.437475 0.923646 0.424534 0.90879 0.410844 0.946481
0 0.140027 0.559025 0.182737 0.513824 0.171381 0.479914 0.128672 0.525115
0 0.551171 0.839981 0.551708 0.812004 0.539416 0.811259 0.538879 0.839236
0 0.0529578 0.974215 0.0637418 0.957158 0.056086 0.941861 0.045302 0.958918
0 0.514499 0.743555 0.515023 0.719112 0.500701 0.71814 0.500176 0.742583
0 0.0155868 0.713091 0.0178218 0.662543 -0.00423839 0.659461 -0.00647335 0.710008
0 0.395143 0.872857 0.400511 0.845117 0.385421 0.835887 0.380052 0.863627
0 0.42009 0.870102 0.423231 0.837012 0.408677 0.832647 0.405537 0.865737
0 0.130172 0.321776 0.147065 0.308251 0.135666 0.263253 0.118773 0.276778
0 0.0190337 1.01191 0.0608613 0.996727 0.0562614 0.956689 0.0144338 0.971877
0 0.537998 0.799674 0.537657 0.766935 0.522935 0.76742 0.523277 0.800158
0 0.479667 1.00879 0.483048 0.983147 0.463878 0.97516 0.460497 1.00081
0 0.557556 0.740282 0.559604 0.714968 0.547162 0.711786 0.545114 0.737101
0 0.572183 0.882442 0.576502 0.839383 0.55691 0.833173 0.552591 0.876232
0 0.440332 0.845967 0.445505 0.820266 0.432106 0.811742 0.426932 0.837442
0 0.923436 0.618932 0.935846 0.597355 0.916058 0.561389 0.903649 0.582966
0 0.436471 0.720316 0.440889 0.700364 0.426907 0.690579 0.422489 0.710531
0 0.394415 0.714379 0.399021 0.698405 0.386287 0.6868 0.381681 0.702774
0 0.0980022 0.801202 0.118282 0.774345 0.111554 0.75829 0.0912745 0.785147
0 0.91964 0.797973 0.929236 0.773225 0.917983 0.759434 0.908387 0.784181
0 0.0478957 0.863203 0.0541991 0.83642 0.0432547 0.828279 0.0369512 0.855062
0 0.535718 0.916044 0.546327 0.8872 0.528269 0.866208 0.517659 0.895053
0 0.487017 0.899892 0.497479 0.87534 0.487361 0.861714 0.476899 0.886266
0 0.556123 0.873279 0.554658 0.829183 0.53873 0.830857 0.540196 0.874952
0 0.504271 0.830162 0.505845 0.802246 0.490612 0.799532 0.489038 0.827447
0 0.530344 1.00527 0.531887 0.970473 0.508861 0.967245 0.507318 1.00204
0 0.584458 0.784807 0.58746 0.761982 0.575289 0.756922 0.572286 0.779747
0 0.574323 0.766722 0.577793 0.746679 0.568388 0.741533 0.564918 0.761577
0 0.485664 0.930369 0.490183 0.900761 0.47648 0.894151 0.471961 0.923759
0 0.182321 0.506652 0.192437 0.487949 0.163921 0.439203 0.153805 0.457906
0 0.0135009 1.00024 0.0171986 0.975956 0.00358922 0.969406 -0.000108512 0.993686
0 0.584229 0.773783 0.587084 0.754023 0.576587 0.749229 0.573732 0.768989
0 0.52683 0.888202 0.526621 0.860238 0.507836 0.860682 0.508045 0.888647
0 0.413079 0.670368 0.412494 0.65365 0.398901 0.655154 0.399487 0.671872
0 0.571678 0.843007 0.573531 0.820309 0.558705 0.816484 0.556852 0.839182
0 0.0134217 0.856435 0.0241723 0.837776 0.00653526 0.80566 -0.00421535 0.824318
0 0.315654 0.799357 0.345462 0.783343 0.320756 0.638008 0.290948 0.654022
0 0.184125 0.87368 0.192172 0.841121 0.179625 0.83132 0.171578 0.86388
0 0.548515 0.803821 0.549237 0.778548 0.536209 0.777373 0.535488 0.802646
0 0.422258 0.880418 0.425409 0.849294 0.411553 0.844861 0.408402 0.875985
0 0.180197 0.954389 0.188882 0.915432 0.17482 0.905523 0.166135 0.94448
0 0.564392 0.783189 0.565996 0.763245 0.552676 0.759859 0.551072 0.779803
0 0.440114 0.92586 0.450604 0.891297 0.436819 0.878074 0.426329 0.912636
0 0.510504 0.784483 0.512337 0.768313 0.501388 0.764391 0.499556 0.780561
0 0.41032 0.718823 0.413295 0.699923 0.40288 0.694742 0.399905 0.713642
0 0.427447 0.915328 0.435933 0.877729 0.41873 0.865459 0.410245 0.903058
0 0.618568 0.762032 0.619381 0.738997 0.606277 0.737536 0.605464 0.76057
0 0.0742797 0.85926 0.0786926 0.840614 0.0681493 0.832728 0.0637365 0.851374
0 0.20263 0.951913 0.212012 0.92807 0.202605 0.916372 0.193223 0.940215
0 0.0600058 0.886487 0.0693822 0.861474 0.0603165 0.850733 0.0509401 0.875746
0 0.246955 0.899947 0.273492 0.848959 0.253889 0.816714 0.227352 0.867702
0 0.351838 0.829884 0.358589 0.792547 0.332606 0.777699 0.325855 0.815036
0 0.563667 0.671106 0.570275 0.656497 0.559974 0.641773 0.553366 0.656382
0 0.162759 0.875103 0.16515 0.85499 0.149562 0.849135 0.147172 0.869248
0 0.0505972 0.919369 0.0524803 0.899808 0.0403267 0.89611 0.0384436 0.915671
0 0.584407 0.657086 0.586462 0.640184 0.575569 0.635999 0.573514 0.6529
0 0.0671143 0.972764 0.0822121 0.948779 0.0736578 0.931761 0.0585601 0.955745
0 0.459274 0.927228 0.464692 0.90843 0.454054 0.898738 0.448635 0.917536
0 0.948292 0.830259 0.950045 0.812509 0.938869 0.80902 0.937116 0.82677
0 0.566575 0.945607 0.57658 0.934092 0.566236 0.905691 0.556232 0.917206
0 0.945814 0.853125 0.949842 0.834356 0.937635 0.826077 0.933607 0.844846
0 0.045963 0.557339 0.0492485 0.536455 0.0246064 0.524203 0.0213209 0.545087
0 0.0652946 1.00316 0.076771 0.973518 0.0664048 0.960833 0.0549283 0.990475
0 0.0801807 1.01118 0.0991017 0.967761 0.0840812 0.947073 0.0651602 0.990489
0 0.702285 0.810691 0.70484 0.788467 0.691327 0.783555 0.688771 0.80578
0 0.520093 0.800861 0.523152 0.786747 0.51184 0.778997 0.50878 0.793111
0 0.0575559 0.806429 0.0710011 0.792371 0.0655706 0.775956 0.0521255 0.790015
0 0.229079 0.85714 0.232966 0.836208 0.216403 0.826487 0.212516 0.847419
0 0.600732 0.884323 0.605677 0.860475 0.592968 0.852146 0.588023 0.875994
0 0.357303 0.871387 0.357603 0.849504 0.340798 0.848774 0.340497 0.870658
0 0.0120204 0.622383 0.0137314 0.594633 0.00131469 0.592213 -0.000396357 0.619964
0 0.114573 0.679232 0.123813 0.669775 0.115755 0.644893 0.106515 0.65435
0 0.00915033 0.867546 0.0125084 0.840759 -4.9691e-05 0.835783 -0.00340778 0.86257
0 0.62288 0.683763 0.623948 0.653976 0.606304 0.651978 0.605237 0.681765
0 0.434053 0.989403 0.441037 0.96113 0.430106 0.952597 0.423122 0.98087
0 0.16825 0.978493 0.177436 0.949932 0.168146 0.940487 0.158959 0.969048
0 0.437018 0.886848 0.439996 0.864797 0.426091 0.858864 0.423114 0.880914
0 0.447199 1.006 0.458156 0.97266 0.444298 0.958265 0.43334 0.991607
0 0.0127361 0.890974 0.0226096 0.865242 0.0106739 0.850768 0.000800488 0.8765
0 0.0309911 0.64294 0.0344654 0.61824 0.0177624 0.610815 0.0142881 0.635514
0 0.0318687 0.895191 0.0434318 0.87329 0.0348364 0.858947 0.0232732 0.880847
0 0.597468 0.85594 0.603354 0.834675 0.591222 0.824061 0.585336 0.845326
0 0.609423 0.723577 0.617259 0.695494 0.605618 0.685227 0.597781 0.71331
0 0.195618 0.236185 0.202171 0.203602 0.176633 0.187371 0.170081 0.219954
0 0.683726 0.78282 0.692378 0.747404 0.675152 0.734104 0.6665 0.769521
0 0.549327 0.701183 0.551703 0.676817 0.541521 0.673679 0.539145 0.698044
0 0.537467 0.920299 0.543019 0.889854 0.523775 0.878764 0.518223 0.909208
0 0.0389277 0.913984 0.0394431 0.89265 0.0268619 0.891689 0.0263465 0.913024
0 0.196179 0.878305 0.200831 0.852399 0.188525 0.845414 0.183872 0.871319
0 0.135202 0.770353 0.141282 0.749403 0.130808 0.739794 0.124727 0.760744
0 0.362583 0.746671 0.364576 0.725541 0.351622 0.72168 0.349629 0.74281
0 0.161288 0.850484 0.174579 0.827824 0.16649 0.812829 0.153199 0.835489
0 0.696076 0.72106 0.696288 0.696121 0.680459 0.695696 0.680247 0.720635
0 0.0375573 0.937868 0.0424588 0.915518 0.0312473 0.907747 0.0263459 0.930097
0 0.0508662 0.718216 0.0513308 0.699411 0.0356157 0.698184 0.0351511 0.716989
0 0.542356 0.750503 0.544702 0.727083 0.529283 0.722202 0.526937 0.745622
0 0.104912 0.637638 0.110977 0.612992 0.101992 0.606005 0.0959276 0.630651
0 0.938343 0.821689 0.94128 0.800222 0.929296 0.795042 0.92636 0.816509
0 0.394292 0.759336 0.39783 0.740234 0.386577 0.733647 0.383039 0.75275
0 0.155616 0.859333 0.162092 0.838345 0.143446 0.820163 0.136971 0.841151
0 0.134094 0.976665 0.13719 0.945466 0.122036 0.940715 0.118941 0.971913
0 0.386862 0.843933 0.397385 0.825542 0.388095 0.808741 0.377572 0.827132
0 0.0624164 0.540131 0.0649012 0.518408 0.0528807 0.514062 0.0503959 0.535785
0 0.512583 1.00157 0.513627 0.966987 0.494909 0.965201 0.493865 0.99978
0 0.645907 1.0189 0.821279 0.856741 0.788961 0.746275 0.613588 0.908433
0 0.48653 0.950081 0.490957 0.921217 0.479504 0.915665 0.475077 0.944528
0 0.620052 0.732315 0.622965 0.707253 0.611925 0.703198 0.609013 0.72826
0 0.504801 1.00626 0.50522 0.984528 0.485603 0.983332 0.485184 1.00507
0 0.0974369 0.861006 0.0998321 0.836825 0.0853073 0.832278 0.0829121 0.856459
0 0.424896 0.757115 0.42946 0.735556 0.411531 0.723561 0.406967 0.745121
0 0.596294 0.78868 0.597624 0.766915 0.585934 0.764656 0.584603 0.786421
0 0.581692 0.756572 0.589088 0.73103 0.57665 0.719648 0.569254 0.74519
0 0.510538 0.367389 0.509774 0.322145 0.494444 0.322963 0.495207 0.368207
0 0.629932 0.793326 0.630863 0.763546 0.614576 0.761937 0.613646 0.791718
0 0.744862 0.770914 0.750118 0.753736 0.742363 0.746236 0.737107 0.763414
0 0.461529 0.828222 0.46254 0.802268 0.449793 0.800698 0.448782 0.826652
0 0.688851 0.804967 0.689904 0.776694 0.672946 0.774698 0.671893 0.80297
0 0.934466 0.781598 0.940367 0.755283 0.929012 0.747235 0.923111 0.77355
0 0.521546 0.805107 0.524117 0.789034 0.512522 0.783172 0.50995 0.799245
0 0.567077 0.803183 0.568648 0.781858 0.556634 0.779061 0.555063 0.800385
0 0.169876 0.867159 0.182623 0.839662 0.172993 0.825553 0.160246 0.853049
0 0.665111 0.783564 0.673301 0.750184 0.658976 0.739076 0.650786 0.772455
0 0.381556 0.734686 0.382852 0.711799 0.36742 0.709037 0.366125 0.731925
0 0.946715 0.809213 0.949731 0.78984 0.935534 0.782852 0.932517 0.802225
0 0.0108491 0.726461 0.0115482 0.706904 0.000239649 0.705626 -0.000459445 0.725183
0 0.143387 0.118698 0.166676 0.0978767 0.135133 -0.0136296 0.111844 0.00719136
0 0.689099 0.871345 0.68979 0.82832 0.655426 0.826575 0.654734 0.869599
0 0.628544 0.750483 0.629734 0.730382 0.614669 0.727562 0.613478 0.747663
0 0.434217 0.976574 0.441991 0.950762 0.431833 0.941092 0.424059 0.966904
