0 0.945267 0.704449 0.980405 0.670689 0.969095 0.633487 0.933957 0.667247
0 0.996708 0.995714 1.01363 0.869178 0.836201 0.794168 0.819276 0.920705
0 0.860394 0.756972 0.863565 0.713942 0.843339 0.709231 0.840169 0.752262
0 0.581882 0.796182 0.58388 0.761802 0.565079 0.75835 0.563082 0.792731
0 0.859064 0.71571 0.867609 0.698222 0.85422 0.677546 0.845675 0.695035
0 0.478063 0.657179 0.480472 0.63133 0.467072 0.627382 0.464662 0.653231
0 0.437577 0.729073 0.438445 0.704814 0.422652 0.703029 0.421784 0.727287
0 0.461602 0.678888 0.463652 0.659929 0.448116 0.65462 0.446066 0.673579
0 0.454013 0.660861 0.455762 0.635789 0.441123 0.632563 0.439374 0.657635
0 0.36729 0.82743 0.384991 0.79931 0.371902 0.77327 0.354201 0.80139
0 0.796859 0.75211 0.795379 0.721047 0.773985 0.724269 0.775465 0.755332
0 0.467879 0.777962 0.469143 0.747955 0.450664 0.745495 0.449399 0.775501
0 0.0457883 0.59649 0.0505664 0.569769 0.037018 0.562112 0.0322398 0.588833
0 0.614119 0.834287 0.633239 0.800508 0.620803 0.77826 0.601683 0.812038
0 0.832685 0.255088 0.886958 0.225264 0.875815 0.161175 0.821541 0.191
0 0.871119 0.695192 0.878368 0.671938 0.863138 0.656934 0.855889 0.680187
0 0.933265 0.647948 0.953688 0.623925 0.945083 0.600804 0.92466 0.624826
0 0.21583 0.0424115 0.229714 0.0161856 0.208737 -0.0189131 0.194853 0.00731284
0 0.427058 0.871055 0.430389 0.833044 0.410524 0.82754 0.407192 0.865552
0 0.960306 0.589149 0.96208 0.563213 0.947946 0.560157 0.946171 0.586093
0 0.391866 0.944996 0.397569 0.904911 0.374835 0.894688 0.369131 0.934774
0 0.597905 0.895046 0.603634 0.852461 0.58675 0.845282 0.581021 0.887867
0 0.962439 0.72815 1.00824 0.697559 0.998757 0.652699 0.952959 0.683291
0 0.115158 0.58837 0.159119 0.533214 0.10533 0.397716 0.0613681 0.452872
0 0.469027 0.830146 0.478739 0.799891 0.464738 0.785685 0.455025 0.81594
0 0.418203 0.814511 0.42947 0.793513 0.414929 0.768855 0.403662 0.789853
0 0.465347 0.744015 0.469327 0.718617 0.456577 0.712303 0.452597 0.7377
0 0.880552 0.733127 0.888726 0.714877 0.875433 0.696061 0.86726 0.714311
0 0.920024 0.642195 0.939236 0.606459 0.92683 0.585379 0.907617 0.621115
0 0.87445 0.75975 0.880214 0.733864 0.865212 0.723306 0.859448 0.749193
0 0.6355 0.761655 0.636385 0.740587 0.622673 0.738767 0.621788 0.759835
0 0.61176 0.797695 0.614672 0.77379 0.601012 0.768531 0.5981 0.792435
0 0.626423 0.787008 0.628705 0.769558 0.615087 0.763931 0.612805 0.78138
0 0.372248 0.851406 0.379716 0.828483 0.359908 0.808086 0.352439 0.831009
0 0.802432 0.768229 0.804406 0.745101 0.792112 0.741785 0.790138 0.764913
0 0.437896 0.748582 0.439911 0.729135 0.426379 0.724702 0.424363 0.74415
0 0.752044 0.726869 0.755934 0.703881 0.743516 0.69724 0.739626 0.720227
0 0.766662 0.763079 0.771494 0.742642 0.757673 0.732317 0.752842 0.752754
0 0.438863 0.707538 0.441201 0.687141 0.428661 0.682596 0.426323 0.702993
0 0.445435 0.743973 0.449248 0.724841 0.437018 0.717137 0.433205 0.736269
0 0.643447 0.805006 0.648531 0.768715 0.634028 0.762293 0.628944 0.798585
0 0.218087 0.120809 0.242584 0.0947819 0.216729 0.0178752 0.192232 0.0439027
0 0.96635 0.539812 0.966678 0.515485 0.950511 0.514797 0.950183 0.539124
0 0.621445 0.769289 0.623015 0.750435 0.610362 0.747103 0.608792 0.765957
0 0.889937 0.779974 0.902983 0.755006 0.883084 0.722148 0.870039 0.747116
0 0.736704 0.696679 0.739566 0.670753 0.72756 0.666565 0.724699 0.692491
0 0.606875 0.771543 0.610302 0.749816 0.600513 0.744935 0.597086 0.766662
0 0.289687 0.954816 0.32752 0.899239 0.284062 0.805742 0.246229 0.861319
0 0.427768 0.831417 0.443172 0.824187 0.435793 0.774499 0.420389 0.781729
0 0.983313 0.837226 0.994235 0.801738 0.961176 0.76958 0.950253 0.805067
0 0.569595 0.829339 0.573845 0.797693 0.560843 0.792173 0.556592 0.823819
0 0.810468 0.980487 0.841228 0.926764 0.781529 0.818736 0.75077 0.872459
0 0.623245 0.73353 0.630977 0.707304 0.620605 0.697639 0.612873 0.723864
0 0.812921 0.680643 0.819762 0.648587 0.799495 0.634918 0.792654 0.666975
0 0.906781 0.495815 0.917928 0.474174 0.908216 0.458362 0.897068 0.480003
0 0.89262 0.809925 0.897051 0.770861 0.875943 0.763294 0.871512 0.802359
0 0.82542 0.747584 0.836154 0.719053 0.825284 0.706129 0.81455 0.734659
0 0.550674 0.714885 0.561133 0.682935 0.548532 0.669898 0.538073 0.701848
0 0.745022 0.705384 0.749956 0.680222 0.740304 0.674241 0.73537 0.699402
0 0.941888 0.61114 0.950484 0.595559 0.936946 0.571953 0.92835 0.587535
0 0.967544 0.576798 0.973591 0.557338 0.961825 0.545782 0.955777 0.565242
0 0.396396 0.882433 0.40121 0.852736 0.384771 0.844314 0.379956 0.874011
0 0.484246 0.593648 0.48527 0.571236 0.471237 0.569209 0.470212 0.591621
0 0.386235 0.803124 0.396152 0.780954 0.380843 0.759311 0.370926 0.78148
0 0.457281 0.636355 0.458799 0.617342 0.4483 0.614694 0.446782 0.633707
0 0.471401 0.67916 0.472229 0.658518 0.45659 0.656537 0.455763 0.677179
0 0.184426 0.369516 0.186293 0.292678 0.144272 0.28945 0.142404 0.366288
0 0.562532 0.862199 0.565338 0.84186 0.553276 0.836601 0.55047 0.85694
0 0.980019 0.631678 1.00449 0.610452 0.997286 0.584226 0.97282 0.605452
0 1.00326 0.747662 1.00411 0.711961 0.981743 0.710269 0.980889 0.74597
0 0.423447 0.778746 0.425943 0.744097 0.407854 0.739978 0.405358 0.774627
0 0.187872 0.819497 0.255979 0.791811 0.231192 0.599098 0.163085 0.626785
0 0.976684 0.473525 0.983701 0.441357 0.968402 0.43081 0.961385 0.462978
0 0.621052 0.877503 0.628501 0.858462 0.612713 0.838943 0.605264 0.857985
0 0.820868 0.509096 0.827862 0.490002 0.814371 0.474385 0.807377 0.493479
0 0.836519 0.519784 0.840127 0.506793 0.828422 0.496518 0.824813 0.50951
0 0.086838 0.809686 0.129681 0.679545 0.0869081 0.635041 0.044065 0.765182
0 0.496795 0.806423 0.498234 0.775009 0.484598 0.773035 0.483159 0.804449
0 0.585184 0.767441 0.590589 0.738711 0.577475 0.730914 0.572071 0.759645
0 0.589758 0.827487 0.594436 0.799635 0.576082 0.789891 0.571403 0.817743
0 0.447561 0.720641 0.449821 0.696421 0.439261 0.693306 0.437001 0.717526
0 0.220778 0.302351 0.247842 0.278544 0.222298 0.186769 0.195234 0.210575
0 0.473911 0.583759 0.47539 0.559758 0.461954 0.557141 0.460475 0.581141
0 0.994162 0.550943 0.995859 0.527356 0.983737 0.524598 0.982039 0.548185
0 0.370865 0.983901 0.372346 0.943487 0.350987 0.941014 0.349506 0.981428
0 0.603096 0.840777 0.607111 0.809194 0.594049 0.803945 0.590033 0.835529
0 0.772662 0.803122 0.775012 0.783682 0.758388 0.777333 0.756038 0.796773
0 0.66396 0.801603 0.671725 0.760634 0.650373 0.747844 0.642608 0.788814
0 0.640311 0.798185 0.643914 0.762422 0.630017 0.757997 0.626414 0.79376
0 0.734575 0.725957 0.743168 0.711592 0.729736 0.686194 0.721142 0.700558
0 0.829494 0.506012 0.838996 0.494957 0.827795 0.464532 0.818294 0.475587
0 0.3992 0.819695 0.409848 0.788965 0.399337 0.777455 0.388689 0.808185
0 0.644897 0.752245 0.646762 0.734414 0.633595 0.73006 0.631729 0.747891
0 0.842788 0.729248 0.847221 0.705188 0.836941 0.699201 0.832508 0.723261
0 0.651155 0.823818 0.656609 0.799362 0.643557 0.790163 0.638103 0.814619
0 0.56622 1.00829 0.569637 0.977431 0.539473 0.966876 0.536057 0.997732
0 0.432935 0.76673 0.434726 0.742143 0.420519 0.738872 0.418728 0.763459
0 0.612053 0.667155 0.623366 0.645954 0.61689 0.635034 0.605578 0.656236
0 0.763576 0.727178 0.767217 0.700318 0.756462 0.695709 0.75282 0.72257
0 0.850898 0.669087 0.860978 0.634537 0.846804 0.621467 0.836724 0.656017
0 0.453318 0.694916 0.456607 0.67086 0.438793 0.663162 0.435504 0.687219
0 0.942189 0.724414 0.947431 0.702854 0.935724 0.693858 0.930482 0.715419
0 0.75944 0.80981 0.761851 0.786092 0.743447 0.78018 0.741037 0.803899
0 0.62805 1.00819 0.631476 0.978171 0.615568 0.972435 0.612143 1.00246
0 1.0018 0.656632 1.0054 0.636232 0.988785 0.626961 0.985184 0.64736
0 0.300303 1.01051 0.303242 0.916349 0.252072 0.9113 0.249133 1.00546
0 0.769028 0.785399 0.78207 0.763396 0.773387 0.747131 0.760346 0.769134
0 0.860499 0.810807 0.870958 0.794595 0.855051 0.762159 0.844591 0.778371
0 0.455655 0.830408 0.462219 0.780434 0.443844 0.772807 0.43728 0.82278
0 0.410259 0.875823 0.414588 0.848575 0.400908 0.841705 0.396579 0.868953
0 0.776967 0.778127 0.785791 0.755843 0.776064 0.743669 0.76724 0.765953
0 0.368987 0.708483 0.371621 0.690492 0.359673 0.684963 0.357039 0.702953
0 0.595091 0.785858 0.602045 0.759317 0.589391 0.748839 0.582437 0.775379
0 0.395028 0.758232 0.397098 0.739988 0.385926 0.735981 0.383856 0.754225
0 0.925587 0.756211 0.926601 0.73853 0.911536 0.735798 0.910521 0.753479
0 0.651881 0.764613 0.652535 0.743786 0.637997 0.742342 0.637342 0.763168
0 0.912801 0.634819 0.915669 0.598277 0.894532 0.593034 0.891664 0.629576
0 0.990332 0.574698 0.993345 0.556617 0.978466 0.548779 0.975453 0.56686
0 0.856672 0.681816 0.860179 0.664543 0.849537 0.657716 0.846031 0.674989
0 1.00103 0.508106 1.00371 0.474367 0.990527 0.471051 0.987842 0.50479
0 0.462183 0.708609 0.465588 0.686658 0.454037 0.680994 0.450631 0.702945
0 0.470879 0.664861 0.472874 0.641695 0.456059 0.637119 0.454065 0.660286
0 0.772488 0.702933 0.77784 0.686805 0.765899 0.674281 0.760547 0.690409
0 0.80333 0.804377 0.803432 0.777444 0.775165 0.777105 0.775063 0.804039
0 0.831319 0.709052 0.835069 0.68127 0.823665 0.676404 0.819915 0.704186
0 0.537759 0.71849 0.544361 0.699485 0.534286 0.688423 0.527683 0.707428
0 0.399224 0.921999 0.409473 0.894904 0.390523 0.872249 0.380274 0.899344
0 0.4234 0.739278 0.425965 0.721353 0.414389 0.716116 0.411823 0.734042
0 0.583404 0.864111 0.591582 0.840068 0.582207 0.829991 0.57403 0.854033
0 0.302214 0.756175 0.307161 0.73447 0.28848 0.721012 0.283533 0.742717
0 0.375894 0.980528 0.393922 0.954067 0.385112 0.935097 0.367084 0.961558
0 0.0812371 0.174809 0.0924324 -0.0047924 -0.00934213 -0.0248426 -0.0205374 0.154759
0 0.98171 0.653615 0.983818 0.628414 0.966642 0.623872 0.964533 0.649072
0 0.826542 0.809881 0.826417 0.775555 0.807979 0.775766 0.808103 0.810092
0 0.820695 0.707126 0.823192 0.685238 0.809976 0.680472 0.807479 0.70236
0 0.4547 0.730304 0.459364 0.705847 0.450768 0.700666 0.446104 0.725124
0 0.489347 0.667782 0.491079 0.639522 0.478483 0.637082 0.476751 0.665341
0 0.194729 0.105775 0.215384 0.086705 0.193426 0.0115435 0.172771 0.030614
0 0.904526 0.460145 0.910889 0.441684 0.901661 0.431631 0.895298 0.450092
0 0.631101 0.743763 0.637687 0.723284 0.629747 0.715214 0.623162 0.735693
0 0.893284 0.475386 0.902452 0.455483 0.895733 0.445702 0.886565 0.465605
0 0.997976 0.476905 1.00574 0.457605 0.990597 0.438364 0.982836 0.457664
0 0.46786 0.750043 0.469477 0.72784 0.455883 0.724713 0.454267 0.746917
0 0.793739 0.706959 0.797458 0.682838 0.78193 0.675272 0.778211 0.699392
0 0.617942 0.840436 0.632894 0.800206 0.620931 0.786153 0.605978 0.826384
0 0.743947 0.662679 0.750485 0.640431 0.741406 0.631998 0.734868 0.654246
0 0.982676 0.497293 0.995187 0.475589 0.986695 0.460118 0.974184 0.481822
0 0.394811 0.845785 0.423117 0.827561 0.417119 0.798115 0.388813 0.81634
0 0.813076 0.733648 0.814673 0.709822 0.799365 0.706579 0.797768 0.730405
0 0.368728 0.789767 0.38258 0.764663 0.370758 0.744045 0.356905 0.76915
0 0.402083 0.737634 0.403729 0.716936 0.392114 0.714017 0.390468 0.734715
0 0.449164 0.383823 0.451734 0.35045 0.428076 0.344694 0.425507 0.378067
0 0.389311 0.851327 0.397474 0.832038 0.386712 0.817645 0.378549 0.836934
0 0.923383 0.80776 0.931651 0.771098 0.917577 0.761066 0.909308 0.797728
0 0.277616 0.729699 0.27707 0.69226 0.254206 0.693313 0.254752 0.730752
0 0.115967 0.756052 0.149613 0.746964 0.13885 0.621039 0.105204 0.630128
0 0.398117 0.717272 0.399493 0.694238 0.385669 0.691628 0.384293 0.714661
0 0.0535051 1.00396 0.0660618 0.930764 0.0394714 0.916348 0.0269148 0.989547
0 0.946949 0.536045 0.949377 0.508979 0.932688 0.504248 0.93026 0.531313
0 0.638483 0.719406 0.644842 0.695106 0.636119 0.687892 0.629761 0.712191
0 0.464258 0.623185 0.46713 0.607447 0.456872 0.601532 0.454001 0.617271
0 0.413787 0.873095 0.426934 0.845157 0.413059 0.824521 0.399912 0.852459
0 0.92129 0.454446 0.925934 0.435509 0.916663 0.428325 0.91202 0.447261
0 0.770646 0.74316 0.772549 0.720923 0.761394 0.717906 0.759491 0.740143
0 0.211613 0.262208 0.208554 0.202568 0.17604 0.207839 0.179099 0.267479
0 0.479548 0.823543 0.481699 0.798318 0.467858 0.794589 0.465708 0.819814
0 0.170467 0.659865 0.173602 0.577928 0.123972 0.571925 0.120836 0.653862
0 0.57493 0.85201 0.5812 0.826033 0.570224 0.817659 0.563953 0.843636
0 0.568843 0.79606 0.567021 0.762459 0.546347 0.766002 0.548169 0.799603
0 0.452882 0.762981 0.45419 0.736425 0.440753 0.734333 0.439445 0.760889
0 0.552571 0.984545 0.563444 0.924638 0.53608 0.908941 0.525207 0.968848
0 0.597835 0.752015 0.604742 0.731118 0.594894 0.720831 0.587987 0.741728
