0 0.466329 1.00565 0.469695 0.968581 0.447394 0.962181 0.444028 0.999255
0 0.326972 0.843109 0.317556 0.78082 0.279402 0.799049 0.288819 0.861339
0 0.305228 0.752977 0.308757 0.705322 0.282043 0.699068 0.278513 0.746723
0 0.173313 0.943643 0.179228 0.858099 0.135506 0.848545 0.129591 0.934089
0 0.438667 0.770002 0.44081 0.747122 0.427826 0.743278 0.425683 0.766157
0 0.22667 0.981347 0.227596 0.942793 0.205583 0.941123 0.204658 0.979677
0 0.0760003 0.994155 0.0972862 0.941458 0.0756855 0.913882 0.0543995 0.96658
0 0.294571 0.817844 0.298231 0.764619 0.250214 0.754183 0.246554 0.807407
0 0.388663 0.567768 0.402799 0.534903 0.388325 0.515227 0.374189 0.548091
0 0.307726 0.906294 0.307902 0.877484 0.2878 0.877096 0.287624 0.905906
0 0.252225 0.770912 0.254835 0.728041 0.229338 0.723134 0.226728 0.766006
0 0.22872 1.01269 0.241997 0.977904 0.226928 0.959725 0.21365 0.994512
0 0.130347 0.691394 0.129354 0.660578 0.108061 0.662745 0.109053 0.693562
0 0.154743 0.655639 0.157233 0.614531 0.137677 0.610786 0.135187 0.651895
0 0.421378 1.01052 0.446213 0.989811 0.438511 0.960613 0.413675 0.98132
0 0.131044 0.519926 0.162733 0.488699 0.152237 0.455034 0.120548 0.486262
0 0.311253 1.02311 0.348404 0.985615 0.334393 0.941743 0.297242 0.979241
0 0.417096 0.829988 0.446904 0.799486 0.438234 0.772709 0.408426 0.803211
0 0.146032 0.715304 0.147582 0.681715 0.124615 0.678366 0.123065 0.711956
0 0.316798 0.975243 0.3181 0.929652 0.293649 0.927445 0.292346 0.973035
0 0.199538 0.567295 0.203609 0.52243 0.180713 0.515863 0.176642 0.560729
0 0.334549 0.702864 0.337358 0.678211 0.312088 0.669112 0.309279 0.693764
0 0.461326 0.773288 0.463534 0.75339 0.452245 0.74943 0.450037 0.769328
0 0.346163 0.614695 0.355106 0.568501 0.337182 0.557534 0.328239 0.603728
0 0.495717 0.649098 0.498441 0.627005 0.484192 0.621454 0.481468 0.643547
0 0.446751 0.981218 0.457092 0.925401 0.426736 0.907628 0.416396 0.963444
0 0.502862 0.968265 0.508799 0.931849 0.494328 0.924392 0.488391 0.960808
0 0.462539 0.930407 0.464154 0.904861 0.448116 0.901657 0.446501 0.927203
0 0.373958 0.993488 0.402384 0.959217 0.388637 0.923179 0.360211 0.95745
0 0.111596 0.679112 0.113078 0.65375 0.0977345 0.650916 0.0962521 0.676277
0 0.510222 0.758604 0.515592 0.730872 0.496545 0.719215 0.491175 0.746947
0 0.176104 0.683195 0.180717 0.659998 0.169576 0.652998 0.164964 0.676194
0 0.40493 1.00334 0.404176 0.969042 0.37173 0.971297 0.372484 1.0056
0 0.51123 0.931789 0.511399 0.90148 0.493335 0.901162 0.493166 0.931471
0 0.404347 0.940139 0.39934 0.884453 0.362911 0.894804 0.367918 0.95049
0 0.472892 0.762628 0.475195 0.733583 0.459828 0.729732 0.457525 0.758777
0 0.327602 0.948215 0.344935 0.928362 0.337092 0.906722 0.319759 0.926575
0 0.206196 0.997102 0.197839 0.944997 0.158249 0.965066 0.166606 1.01717
0 0.418363 0.953498 0.4205 0.910344 0.401269 0.907334 0.399132 0.950487
0 0.466954 0.805449 0.467051 0.782225 0.447633 0.781971 0.447536 0.805195
0 0.332993 0.928988 0.361118 0.899509 0.352133 0.872418 0.324009 0.901896
0 0.987811 1.07875 1.02738 0.84359 0.784931 0.714676 0.745367 0.949839
0 0.505673 0.617883 0.506539 0.592524 0.492585 0.591017 0.491719 0.616376
0 0.478874 0.702836 0.47987 0.677152 0.465581 0.6754 0.464584 0.701084
0 0.460495 0.740464 0.461932 0.721509 0.451163 0.718929 0.449726 0.737884
0 0.154212 0.587136 0.156234 0.564473 0.142961 0.560732 0.14094 0.583395
0 0.419765 0.91964 0.426543 0.897665 0.409229 0.880789 0.402451 0.902763
0 0.331772 0.751873 0.33467 0.71724 0.320115 0.713391 0.317217 0.748025
0 0.514147 0.718856 0.521661 0.704623 0.511345 0.687411 0.503831 0.701644
0 0.499205 0.993318 0.502658 0.966605 0.487928 0.960586 0.484475 0.9873
0 0.512129 0.693439 0.515727 0.669787 0.49977 0.662113 0.496171 0.685765
0 0.399413 0.8131 0.404032 0.770652 0.388888 0.765443 0.384268 0.80789
0 0.47326 0.89356 0.482169 0.820192 0.449962 0.807831 0.441053 0.881199
0 0.367891 0.784642 0.369293 0.758917 0.354197 0.756317 0.352795 0.782042
0 0.464575 0.908952 0.466733 0.88682 0.452419 0.882411 0.450262 0.904543
0 0.283881 0.904551 0.287901 0.802142 0.232778 0.795303 0.228758 0.897712
0 0.421519 0.762552 0.423665 0.742537 0.410417 0.738046 0.408271 0.758061
0 0.292705 0.710349 0.303957 0.687328 0.293252 0.670791 0.282 0.693812
0 0.44195 0.852843 0.443233 0.824518 0.417686 0.820859 0.416402 0.849184
0 0.462698 0.949855 0.46519 0.926021 0.452399 0.921793 0.449906 0.945627
0 0.32106 0.776092 0.322984 0.747799 0.3088 0.744751 0.306877 0.773044
0 0.163917 0.718738 0.168983 0.699214 0.15735 0.689675 0.152284 0.709199
0 0.513592 0.903737 0.51279 0.880979 0.489922 0.883528 0.490725 0.906286
0 0.114476 0.957312 0.139294 0.93521 0.133249 0.91376 0.108431 0.935862
0 0.525659 0.656753 0.527846 0.637596 0.517968 0.634031 0.515781 0.653188
0 0.317379 0.926207 0.330251 0.889254 0.314862 0.872311 0.30199 0.909264
0 0.480777 1.00812 0.490011 0.981078 0.477141 0.967188 0.467907 0.994231
0 0.404943 0.762532 0.41413 0.73229 0.400825 0.719516 0.391638 0.749758
0 0.217072 0.750815 0.218427 0.722408 0.204383 0.72029 0.203028 0.748698
0 0.460814 0.825742 0.460956 0.797734 0.438474 0.797372 0.438331 0.82538
0 0.402491 0.70765 0.414768 0.679483 0.405259 0.666386 0.392983 0.694553
0 0.320815 0.945769 0.324515 0.924976 0.312761 0.918366 0.309061 0.939158
0 0.429332 0.897947 0.433186 0.869562 0.418561 0.863286 0.414707 0.891671
0 0.162656 0.601646 0.167171 0.57583 0.155976 0.569642 0.151461 0.595458
0 0.523217 0.604413 0.524429 0.582956 0.511667 0.580678 0.510455 0.602135
0 0.528678 0.973932 0.530632 0.928348 0.505742 0.924978 0.503789 0.970561
0 0.0423168 0.357746 0.0613231 0.341433 0.0477998 0.291635 0.0287934 0.307948
0 0.354915 0.651975 0.355296 0.623125 0.331721 0.62214 0.33134 0.65099
0 0.150551 1.00017 0.168832 0.982831 0.162436 0.961516 0.144156 0.978852
0 0.525798 0.805592 0.525578 0.770658 0.500656 0.771153 0.500875 0.806087
0 0.473337 0.928894 0.482596 0.8971 0.470652 0.886105 0.461392 0.917899
0 0.350735 0.674245 0.348585 0.641898 0.326663 0.646501 0.328812 0.678848
0 0.42494 0.746933 0.428653 0.728586 0.416181 0.720607 0.412467 0.738954
0 0.394303 0.688945 0.400732 0.667752 0.39057 0.658009 0.38414 0.679201
0 0.416735 0.730137 0.423228 0.709276 0.413479 0.699685 0.406985 0.720546
0 0.296952 0.98282 0.298416 0.956449 0.282919 0.95373 0.281455 0.980101
0 0.315005 0.885724 0.322053 0.847149 0.308266 0.839186 0.301218 0.877761
0 0.289737 0.766781 0.291648 0.729812 0.265348 0.725516 0.263438 0.762484
0 0.406955 0.678365 0.4178 0.65362 0.408174 0.640288 0.39733 0.665033
0 0.169185 0.634714 0.171415 0.612031 0.159135 0.608215 0.156905 0.630898
0 0.282438 0.756355 0.277843 0.726219 0.252724 0.738324 0.257319 0.76846
0 0.172312 0.704161 0.176768 0.68755 0.167115 0.679366 0.162659 0.695977
0 0.49 0.925214 0.494192 0.899537 0.480469 0.892455 0.476277 0.918132
0 0.447459 0.919091 0.449145 0.894306 0.434828 0.891228 0.433142 0.916013
0 0.136104 0.670544 0.144188 0.639679 0.126299 0.624869 0.118214 0.655735
0 0.166627 0.544371 0.173882 0.529941 0.163325 0.513164 0.15607 0.527594
0 0.263684 0.994617 0.26926 0.948776 0.258055 0.944469 0.252479 0.99031
0 0.320905 0.72337 0.326585 0.701406 0.316737 0.693358 0.311058 0.715321
0 0.0864717 0.614413 0.0880008 0.586541 0.0695812 0.583347 0.068052 0.61122
0 0.38753 0.843223 0.392996 0.822607 0.381089 0.812631 0.375624 0.833248
0 0.433467 0.916335 0.436269 0.892144 0.424343 0.887778 0.421541 0.911969
0 0.307542 0.929889 0.310851 0.90326 0.294283 0.896756 0.290975 0.923385
0 0.55942 0.907136 0.563903 0.885383 0.552684 0.878077 0.548201 0.89983
0 0.540842 0.682113 0.545489 0.659934 0.529304 0.649216 0.524657 0.671395
0 0.114406 0.896541 0.130562 0.868829 0.120772 0.850791 0.104616 0.878504
0 0.391054 0.765098 0.394854 0.740832 0.383114 0.735022 0.379314 0.759288
0 0.190942 0.673509 0.193607 0.652434 0.182841 0.64813 0.180175 0.669204
0 0.0957697 0.608503 0.112794 0.575202 0.0999286 0.554416 0.0829045 0.587717
0 0.480465 0.988217 0.491483 0.954113 0.477239 0.939569 0.466221 0.973673
0 0.308282 0.54448 0.309919 0.512196 0.293356 0.509542 0.29172 0.541827
0 0.451835 0.786282 0.453008 0.765128 0.44205 0.763208 0.440877 0.784362
0 0.50391 0.832348 0.508058 0.796454 0.483611 0.787525 0.479463 0.823419
0 0.112246 0.777788 0.112127 0.748128 0.0840952 0.748482 0.0842137 0.778142
0 0.12906 0.992177 0.143035 0.947584 0.127795 0.932489 0.11382 0.977082
0 0.351885 0.775963 0.354629 0.754503 0.341383 0.74915 0.338639 0.770609
0 0.21339 0.531182 0.216348 0.507943 0.203898 0.502934 0.20094 0.526174
0 0.356515 0.849658 0.356792 0.783794 0.319243 0.783295 0.318966 0.849159
0 0.157335 0.850506 0.164012 0.822059 0.149518 0.811307 0.14284 0.839753
0 0.308638 0.656605 0.309761 0.639867 0.300056 0.637808 0.298933 0.654546
0 0.0997942 0.883578 0.122018 0.853102 0.111064 0.827855 0.0888397 0.85833
0 0.491646 0.958143 0.498022 0.923794 0.481354 0.914015 0.474978 0.948363
0 0.393263 0.880084 0.400138 0.855979 0.384926 0.842267 0.378051 0.866372
0 0.372128 0.577093 0.374215 0.557682 0.360327 0.552962 0.35824 0.572373
0 0.549509 0.915517 0.550256 0.894392 0.533347 0.892501 0.532599 0.913626
0 0.361683 0.564496 0.364098 0.544536 0.350911 0.539492 0.348495 0.559451
0 0.44707 0.748174 0.44748 0.729943 0.434468 0.729019 0.434058 0.747249
0 0.160664 0.698186 0.16252 0.669326 0.146534 0.666076 0.144678 0.694936
0 0.452275 0.724444 0.453667 0.705455 0.442859 0.702952 0.441467 0.72194
0 0.562607 0.611552 0.564549 0.592672 0.553264 0.589003 0.551322 0.607883
0 0.325479 0.622089 0.328771 0.594492 0.314711 0.589191 0.311419 0.616788
0 0.411469 0.80858 0.417066 0.780101 0.40443 0.772252 0.398833 0.800731
0 0.619368 0.542146 0.625447 0.526728 0.610398 0.507973 0.604319 0.523391
0 0.123784 0.810939 0.122702 0.784656 0.102491 0.787287 0.103574 0.81357
0 0.483918 0.767003 0.491597 0.747063 0.482988 0.736585 0.475309 0.756525
0 0.282773 0.727708 0.279613 0.692665 0.251787 0.700595 0.254947 0.735638
0 0.419343 0.638334 0.425076 0.61598 0.416255 0.60883 0.410522 0.631184
0 0.48542 0.719577 0.487813 0.701512 0.47606 0.696592 0.473667 0.714658
0 0.521942 0.67532 0.523884 0.656984 0.512546 0.65319 0.510604 0.671525
0 0.168643 0.754753 0.178677 0.727352 0.157294 0.702604 0.14726 0.730005
0 0.243924 0.581847 0.245971 0.560012 0.231428 0.555704 0.229381 0.577538
0 0.554935 0.812619 0.563703 0.787293 0.554199 0.776893 0.545431 0.802219
0 0.526134 0.75977 0.52764 0.739427 0.515402 0.736563 0.513896 0.756906
0 0.34646 0.990112 0.364264 0.975176 0.350921 0.924911 0.333117 0.939848
0 0.370473 0.540448 0.371545 0.519179 0.356572 0.516793 0.3555 0.538063
0 0.53234 0.783215 0.534981 0.758234 0.519696 0.753127 0.517055 0.778107
0 0.427557 0.59782 0.428234 0.573492 0.413918 0.572231 0.41324 0.59656
0 0.740927 1.03788 0.809344 0.950264 0.736559 0.770634 0.668142 0.858251
0 0.362841 0.539752 0.362988 0.519713 0.349029 0.51939 0.348882 0.539429
0 0.282234 0.952512 0.287236 0.927305 0.274761 0.919481 0.269759 0.944687
0 0.483434 0.752191 0.48631 0.732511 0.476885 0.72816 0.47401 0.747839
0 0.162727 0.474011 0.164843 0.451295 0.150526 0.447081 0.14841 0.469797
0 0.557262 0.784329 0.565653 0.764905 0.55148 0.745553 0.543088 0.764978
0 0.128517 0.753102 0.126622 0.673153 0.067786 0.677561 0.0696812 0.75751
0 0.406444 0.893133 0.415981 0.869352 0.406259 0.85703 0.396722 0.880812
0 0.136074 0.814564 0.150341 0.792329 0.142043 0.775501 0.127776 0.797735
0 0.47189 0.790321 0.475293 0.770386 0.460939 0.762641 0.457536 0.782576
0 0.109244 0.63152 0.12249 0.615624 0.116608 0.600133 0.103362 0.616028
0 0.175149 0.85879 0.179083 0.833749 0.167 0.827749 0.163066 0.85279
0 0.333298 0.585586 0.338053 0.55764 0.327592 0.552015 0.322837 0.579961
0 0.338258 0.724555 0.340436 0.704966 0.328075 0.70062 0.325896 0.720209
0 0.174869 0.606056 0.177401 0.58751 0.165958 0.582572 0.163426 0.601118
0 0.292922 0.996704 0.292509 0.973702 0.268012 0.97509 0.268424 0.998092
0 0.515062 0.730949 0.517775 0.713999 0.501775 0.705904 0.499062 0.722854
0 0.532808 0.743317 0.535083 0.725611 0.524659 0.721379 0.522385 0.739084
0 0.452485 0.897644 0.454344 0.874168 0.440839 0.870788 0.43898 0.894263
0 0.518342 0.925081 0.522715 0.899489 0.510122 0.892689 0.505749 0.918282
0 0.500581 0.701936 0.502849 0.682498 0.493204 0.678941 0.490936 0.698378
0 0.480262 0.731281 0.480124 0.714549 0.469249 0.714832 0.469387 0.731563
0 0.428342 0.788336 0.43012 0.767289 0.418587 0.764211 0.416809 0.785259
0 0.622874 0.727188 0.647911 0.593289 0.570645 0.547628 0.545608 0.681527
0 0.0703946 1.00631 0.0716708 0.974402 0.0462876 0.971193 0.0450114 1.0031
0 0.638983 0.635505 0.647061 0.623301 0.63715 0.602567 0.629072 0.614772
0 0.263957 0.749166 0.264127 0.726321 0.249603 0.725979 0.249432 0.748824
0 0.0716125 0.659784 0.092356 0.644621 0.0875994 0.624055 0.0668559 0.639217
0 0.349031 0.892442 0.354558 0.861171 0.331581 0.848337 0.326054 0.879608
0 0.247403 0.940251 0.250438 0.918287 0.239952 0.913708 0.236917 0.935672
0 0.34844 0.711411 0.349806 0.691107 0.336579 0.688294 0.335213 0.708599
0 0.237574 0.910139 0.248365 0.899462 0.237587 0.865035 0.226796 0.875712
0 0.194695 0.703398 0.197356 0.68101 0.186057 0.676766 0.183396 0.699153
0 0.661713 0.565767 0.670213 0.543263 0.652853 0.52254 0.644354 0.545043
0 0.532351 0.89522 0.538739 0.864927 0.52377 0.854951 0.517382 0.885243
0 0.553184 1.00789 0.568275 0.984085 0.557271 0.962034 0.542179 0.985836
0 0.247919 0.995604 0.254837 0.970139 0.237913 0.955608 0.230995 0.981073
0 0.352412 0.561749 0.3527 0.539924 0.334561 0.539167 0.334273 0.560991
0 0.172199 0.97649 0.182969 0.947553 0.169896 0.932176 0.159127 0.961113
0 0.1457 0.674953 0.146368 0.657009 0.134626 0.655627 0.133957 0.67357
0 0.449995 0.770539 0.451345 0.749291 0.440758 0.747167 0.439408 0.768415
0 0.284278 0.973181 0.291039 0.950159 0.280545 0.940418 0.273784 0.96344
0 0.410509 0.986465 0.412046 0.958785 0.397603 0.95625 0.396066 0.98393
0 0.571464 0.913231 0.576666 0.887328 0.565245 0.880078 0.560043 0.905981
0 0.40237 0.906694 0.405337 0.887833 0.390312 0.880363 0.387345 0.899225
0 0.3686 0.90633 0.374873 0.884168 0.360179 0.871024 0.353906 0.893186
0 0.29832 0.612816 0.29891 0.595483 0.289428 0.594463 0.288838 0.611796
0 0.321652 0.88614 0.328705 0.855031 0.318336 0.847601 0.311283 0.87871
0 0.398848 0.591198 0.401631 0.574549 0.392129 0.56953 0.389346 0.586178
0 0.487707 0.858708 0.490731 0.83892 0.479165 0.833333 0.476141 0.853122
0 0.363933 0.94798 0.368681 0.920015 0.355222 0.912794 0.350474 0.940758
0 0.409669 0.714176 0.41772 0.695971 0.411056 0.686657 0.403006 0.704862
0 0.219516 0.719264 0.22227 0.703504 0.211121 0.697345 0.208366 0.713105
0 0.537651 0.591076 0.539671 0.57495 0.529189 0.5708 0.527168 0.586926
0 0.628657 0.57154 0.63137 0.549566 0.616591 0.543798 0.613878 0.565773
0 0.55988 0.583296 0.562692 0.559958 0.551853 0.555829 0.54904 0.579167
0 0.534269 0.72933 0.540368 0.709445 0.532168 0.701495 0.526068 0.72138
0 0.551836 0.696392 0.553651 0.677339 0.541705 0.673741 0.539889 0.692794
0 0.376156 0.769967 0.378993 0.75133 0.367954 0.746018 0.365117 0.764656
0 0.334738 0.766057 0.337506 0.741897 0.32586 0.737681 0.323092 0.76184
0 0.393481 0.633201 0.396118 0.614108 0.387467 0.610332 0.38483 0.629425
0 0.408397 0.718712 0.414229 0.699687 0.405723 0.691446 0.399891 0.71047
0 0.431087 0.731899 0.431477 0.712995 0.420652 0.712289 0.420262 0.731193
0 0.382357 0.531348 0.384405 0.509203 0.373302 0.505958 0.371254 0.528102
0 0.405394 0.849823 0.407067 0.821982 0.391759 0.819076 0.390086 0.846916
0 0.0982104 0.645051 0.111805 0.625724 0.104701 0.609933 0.0911069 0.62926
0 0.294375 0.948717 0.299407 0.916475 0.287068 0.910388 0.282036 0.942631
0 0.300592 0.67238 0.301755 0.654488 0.290467 0.65217 0.289304 0.670062
0 0.127048 0.612366 0.128435 0.592537 0.115815 0.589747 0.114428 0.609576
0 0.612822 0.565011 0.617329 0.549524 0.60143 0.534901 0.596923 0.550387
0 0.481289 0.648793 0.481941 0.629811 0.470647 0.628585 0.469995 0.647567
0 0.245287 0.43871 0.251881 0.419865 0.244034 0.411186 0.237439 0.430031
0 0.170598 0.654059 0.171546 0.638546 0.162503 0.6368 0.161555 0.652313
0 0.380308 0.804491 0.380542 0.777443 0.363366 0.776974 0.363133 0.804023
0 0.364347 0.996417 0.391559 0.95293 0.378873 0.927841 0.351661 0.971329
0 0.377868 0.493949 0.378783 0.476267 0.366582 0.474273 0.365668 0.491955
0 0.411698 0.773917 0.414382 0.756461 0.400784 0.749854 0.398101 0.767311
0 0.399615 0.752783 0.405846 0.723167 0.394438 0.715581 0.388207 0.745197
0 0.385782 0.80949 0.389559 0.779165 0.372034 0.772267 0.368257 0.802593
0 0.0813918 1.01436 0.105875 0.991291 0.0983811 0.966153 0.0738976 0.989222
0 0.389208 0.784098 0.390888 0.761106 0.378472 0.758239 0.376792 0.781232
0 0.358853 0.760762 0.36279 0.740121 0.348696 0.731624 0.344758 0.752266
0 0.384071 0.606893 0.383427 0.568739 0.354093 0.570303 0.354736 0.608457
0 0.421672 0.99124 0.425203 0.964472 0.411347 0.958696 0.407817 0.985464
0 0.164559 0.651784 0.165303 0.630679 0.155805 0.62962 0.15506 0.650725
0 0.433304 0.783159 0.435112 0.766323 0.423033 0.762222 0.421224 0.779058
0 0.560113 0.971294 0.557975 0.912507 0.529508 0.915779 0.531646 0.974566
0 0.11137 0.985353 0.114214 0.962827 0.0999241 0.957125 0.0970804 0.979652
0 0.276722 0.987433 0.280937 0.951066 0.26725 0.946053 0.263035 0.98242
0 0.164438 0.675717 0.16665 0.655807 0.156193 0.652134 0.153981 0.672044
0 0.47555 0.654285 0.480294 0.633642 0.470458 0.626498 0.465713 0.64714
0 0.587738 0.730251 0.589442 0.702024 0.573397 0.698963 0.571693 0.72719
0 0.390236 0.874905 0.394274 0.851396 0.379962 0.843628 0.375924 0.867136
0 0.366072 1.00095 0.382808 0.968404 0.372115 0.951024 0.355378 0.983569
0 0.361391 0.755642 0.36428 0.732328 0.351379 0.727276 0.34849 0.750591
0 0.441915 0.71405 0.44392 0.698085 0.434328 0.694277 0.432323 0.710242
0 0.197121 0.978804 0.198008 0.946217 0.174668 0.94421 0.173781 0.976796
0 0.331167 0.633916 0.334087 0.613539 0.325278 0.609549 0.322358 0.629925
0 0.136612 0.626596 0.137722 0.607386 0.127399 0.605501 0.126289 0.624711
0 0.209874 0.574098 0.216502 0.55307 0.206281 0.542889 0.199653 0.563917
0 0.335657 0.899914 0.340358 0.876915 0.325293 0.867182 0.320592 0.890181
0 0.153647 0.978166 0.159628 0.951817 0.14923 0.944357 0.143249 0.970707
0 0.126094 0.763422 0.131197 0.711927 0.0927667 0.699891 0.0876637 0.751386
0 0.167654 0.665956 0.170316 0.649363 0.160262 0.644265 0.157599 0.660857
0 0.332774 0.553441 0.333399 0.538478 0.321968 0.536968 0.321343 0.551932
0 0.389193 0.726646 0.393824 0.700724 0.383068 0.694652 0.378438 0.720574
0 0.354511 0.792666 0.356583 0.775472 0.341674 0.769792 0.339601 0.786985
0 0.199204 0.955294 0.200385 0.92165 0.177276 0.919085 0.176094 0.952729
0 0.500035 0.793091 0.50992 0.757541 0.490866 0.740797 0.480982 0.776347
0 0.512111 0.66613 0.515821 0.650233 0.505633 0.642718 0.501923 0.658615
0 0.535946 0.710152 0.543813 0.692987 0.535211 0.680526 0.527344 0.69769
0 0.381416 0.551552 0.388865 0.523216 0.379188 0.515177 0.371739 0.543513
0 0.387651 0.60526 0.38859 0.577066 0.368798 0.574984 0.367859 0.603178
0 0.605281 0.526137 0.612632 0.49744 0.595323 0.483427 0.587972 0.512124
0 0.35187 0.692546 0.352528 0.673891 0.339339 0.67242 0.338681 0.691076
0 0.674148 0.710484 0.677425 0.68353 0.66157 0.677438 0.658293 0.704392
0 0.364234 0.653691 0.36613 0.630453 0.355135 0.627617 0.353239 0.650855
0 0.477578 0.627966 0.478892 0.607018 0.46542 0.604347 0.464106 0.625295
0 0.119714 0.664049 0.121957 0.639093 0.106754 0.634775 0.104511 0.659731
0 0.547834 0.873957 0.550749 0.853744 0.540295 0.84898 0.53738 0.869194
0 0.201518 0.628117 0.202526 0.608929 0.191778 0.607144 0.19077 0.626332
0 0.136678 0.790494 0.145023 0.759189 0.133198 0.749225 0.124852 0.780531
0 0.469586 0.972705 0.471974 0.938305 0.459114 0.935483 0.456726 0.969883
0 0.566336 0.891465 0.573604 0.86529 0.560932 0.854168 0.553663 0.880343
0 0.235881 0.529469 0.237653 0.507045 0.225646 0.504046 0.223874 0.526471
0 0.472409 0.676897 0.474575 0.662268 0.465902 0.658208 0.463735 0.672838
0 0.124547 0.763963 0.131257 0.725661 0.104809 0.711019 0.0981001 0.749322
0 0.428599 0.943602 0.432272 0.9121 0.41895 0.907191 0.415277 0.938693
0 0.144249 0.983203 0.15102 0.952604 0.139138 0.944294 0.132367 0.974893
0 0.135386 0.654066 0.136942 0.628774 0.120254 0.62553 0.118699 0.650823
0 0.884997 0.114368 0.887667 0.0787012 0.873012 0.0752334 0.870342 0.1109
0 0.0806987 0.540949 0.082283 0.520463 0.0665616 0.51662 0.0649773 0.537106
0 0.522881 0.629092 0.524773 0.615207 0.516129 0.611485 0.514237 0.62537
0 0.14437 0.780174 0.153808 0.748589 0.143112 0.738488 0.133675 0.770073
0 0.112776 0.945608 0.117376 0.918222 0.101724 0.909914 0.0971246 0.9373
0 0.197639 0.615871 0.198713 0.597485 0.188431 0.595587 0.187357 0.613973
0 0.143411 0.844001 0.154951 0.810363 0.141159 0.795408 0.129618 0.829047
0 0.225695 0.950211 0.229188 0.931963 0.216885 0.924519 0.213391 0.942766
0 0.171721 0.518959 0.173317 0.500262 0.163113 0.497511 0.161518 0.516208
0 0.430963 0.878309 0.435027 0.854683 0.424501 0.848961 0.420437 0.872586
0 0.650798 0.707248 0.646327 0.668103 0.627315 0.674965 0.631786 0.71411
0 0.499192 0.818123 0.502656 0.784809 0.477881 0.776668 0.474417 0.809982
0 0.359451 0.888462 0.364158 0.862306 0.351471 0.855089 0.346763 0.881245
0 0.531369 0.871388 0.53825 0.844965 0.526016 0.834897 0.519136 0.861319
0 0.223887 0.598154 0.227613 0.567164 0.207454 0.559504 0.203728 0.590493
0 0.209624 0.672749 0.209905 0.656789 0.201043 0.656297 0.200763 0.672257
0 0.364575 0.486634 0.365454 0.472861 0.355432 0.470841 0.354554 0.484615
0 0.433936 0.850332 0.435798 0.826386 0.411994 0.820535 0.410131 0.844481
0 0.247356 0.732323 0.252801 0.708419 0.241016 0.699936 0.235571 0.72384
0 0.066705 0.593395 0.0675849 0.570242 0.0516488 0.568327 0.050769 0.591481
0 0.53367 0.706587 0.541606 0.688486 0.533303 0.67698 0.525366 0.695082
0 0.135395 0.896902 0.147005 0.861682 0.134998 0.849172 0.123387 0.884392
0 0.515733 0.622534 0.518459 0.608003 0.509433 0.602652 0.506707 0.617184
0 0.388 0.581241 0.39213 0.565185 0.382489 0.55735 0.37836 0.573406
0 0.112589 0.917491 0.115328 0.891177 0.0991378 0.885851 0.0963988 0.912165
0 0.0463692 1.00431 0.0449028 0.977775 0.0184045 0.982403 0.0198709 1.00894
0 0.543136 0.576757 0.545056 0.560639 0.534583 0.556697 0.532663 0.572815
0 0.375576 0.826089 0.377269 0.80656 0.364589 0.803085 0.362896 0.822614
0 0.196462 0.649942 0.197126 0.636949 0.189089 0.635652 0.188425 0.648645
0 0.13926 0.579122 0.139368 0.556946 0.124311 0.556714 0.124202 0.578889
0 0.238688 0.967714 0.24151 0.94904 0.229628 0.943364 0.226806 0.962038
0 0.189204 0.523638 0.190668 0.506368 0.179528 0.503382 0.178064 0.520653
0 0.70165 0.656598 0.704684 0.639096 0.691979 0.632137 0.688945 0.64964
0 0.493574 0.713232 0.496155 0.695159 0.485884 0.690522 0.483302 0.708595
0 0.543078 0.80638 0.551378 0.78187 0.538015 0.767567 0.529715 0.792077
0 0.0846361 1.0005 0.107118 0.969331 0.0993168 0.951546 0.0768347 0.982714
0 0.344617 0.761001 0.346838 0.738635 0.334797 0.734855 0.332576 0.757222
0 0.140987 0.607105 0.140888 0.585939 0.127677 0.586135 0.127776 0.607301
0 0.114079 1.00828 0.119038 0.985218 0.105574 0.976066 0.100614 0.999127
0 0.123651 0.530541 0.12679 0.511305 0.11492 0.505183 0.111781 0.524419
0 0.157733 0.31327 0.169623 0.296649 0.157583 0.269427 0.145693 0.286048
0 0.546352 0.993873 0.54801 0.966605 0.535072 0.964117 0.533414 0.991386
0 0.42115 0.70531 0.426116 0.687802 0.417189 0.679798 0.412222 0.697306
0 0.259452 0.497361 0.268086 0.483129 0.257771 0.463349 0.249137 0.477581
0 0.412949 0.834563 0.418903 0.813785 0.406241 0.802319 0.400288 0.823097
0 0.527879 0.520874 0.52833 0.502677 0.516798 0.501774 0.516347 0.519971
0 0.308163 0.784834 0.309302 0.763408 0.295343 0.761063 0.294204 0.782489
0 0.351855 0.626241 0.35294 0.609549 0.341218 0.607142 0.340133 0.623833
0 0.0121662 1.01404 0.104332 0.90963 0.078703 0.838128 -0.0134631 0.942538
0 0.409616 0.644495 0.415545 0.619674 0.405504 0.612092 0.399575 0.636913
0 0.21071 0.867153 0.21466 0.841814 0.203941 0.836533 0.199991 0.861873
0 0.35545 0.741827 0.357838 0.710969 0.340022 0.706611 0.337634 0.737469
0 0.181426 0.589969 0.183388 0.573617 0.173624 0.569915 0.171662 0.586267
0 0.240246 0.83478 0.243425 0.796588 0.223604 0.791373 0.220425 0.829565
0 0.215479 0.486938 0.219569 0.471465 0.211236 0.464503 0.207146 0.479976
0 0.146257 0.468645 0.16944 0.435163 0.158538 0.411306 0.135355 0.444787
0 0.545342 0.901118 0.546154 0.882651 0.534174 0.880986 0.533362 0.899453
0 0.520923 0.559786 0.521815 0.540004 0.510784 0.538432 0.509892 0.558214
0 0.39573 0.830884 0.398432 0.809333 0.388057 0.805223 0.385356 0.826774
