0 0.445507 0.979316 0.446594 0.869583 0.382478 0.867576 0.381391 0.977308
0 0.501196 0.590786 0.50138 0.539457 0.472003 0.539125 0.471819 0.590453
0 0.532033 1.00155 0.530555 0.911081 0.480454 0.913668 0.481932 1.00414
0 0.384453 0.933807 0.386815 0.89578 0.364373 0.891373 0.362011 0.929401
0 0.451681 0.899583 0.454943 0.847501 0.421025 0.840786 0.417762 0.892867
0 0.385947 0.967945 0.396781 0.923141 0.379842 0.910195 0.369008 0.954999
0 0.985823 1.06898 1.01813 0.869576 0.818898 0.767552 0.786589 0.96696
0 0.951262 0.630947 0.955392 0.578642 0.905716 0.566246 0.901587 0.618551
0 0.350778 0.944399 0.373914 0.886446 0.354378 0.861798 0.331242 0.919751
0 0.47099 0.880946 0.481497 0.82635 0.460479 0.813567 0.449972 0.868163
0 0.525424 0.877637 0.526486 0.83505 0.502998 0.833199 0.501937 0.875786
0 0.0428777 0.942286 0.0583004 0.90495 0.0405171 0.881734 0.0250944 0.91907
0 0.124962 0.79188 0.124602 0.766111 0.107081 0.766886 0.107441 0.792654
0 0.458144 0.821651 0.469247 0.782946 0.458108 0.772847 0.447006 0.811552
0 0.252657 0.97551 0.252938 0.947476 0.232484 0.946828 0.232203 0.974863
0 0.48332 0.694645 0.479467 0.669225 0.455776 0.680575 0.459629 0.705995
0 0.799692 1.04148 0.845503 0.960672 0.762691 0.812286 0.71688 0.893089
0 0.429285 1.01714 0.45301 0.977767 0.435626 0.944658 0.411901 0.98403
0 0.390871 0.898215 0.396981 0.828658 0.37067 0.821353 0.36456 0.89091
0 0.455485 0.858901 0.462553 0.822342 0.446182 0.812339 0.439114 0.848898
0 0.466997 0.919254 0.46694 0.88074 0.446429 0.880836 0.446486 0.91935
0 0.478887 0.926014 0.484993 0.897632 0.466321 0.884936 0.460215 0.913318
0 0.350725 0.849205 0.377019 0.833131 0.372437 0.809441 0.346143 0.825515
0 0.625108 0.586818 0.625223 0.541345 0.598871 0.541134 0.598756 0.586607
0 0.558231 0.843718 0.560204 0.811709 0.542517 0.808265 0.540545 0.840273
0 0.267758 0.957418 0.270201 0.927983 0.251882 0.923177 0.249438 0.952611
0 0.569253 1.00585 0.571703 0.899345 0.52434 0.895902 0.521891 1.00241
0 0.142843 0.765867 0.149095 0.734783 0.124487 0.719141 0.118235 0.750225
0 0.404681 0.7561 0.404568 0.721724 0.384503 0.721931 0.384615 0.756307
0 0.390341 0.787656 0.388683 0.743594 0.361366 0.746842 0.363024 0.790905
0 0.137737 0.714129 0.144984 0.695143 0.134297 0.682251 0.12705 0.701236
0 0.54008 0.85507 0.546246 0.832253 0.532793 0.820764 0.526628 0.843581
0 0.138625 0.609554 0.135756 0.553974 0.0981762 0.560104 0.101044 0.615683
0 0.358385 0.890355 0.363282 0.842757 0.337931 0.834514 0.333034 0.882112
0 0.023526 0.853985 0.0239121 0.807107 -0.00139077 0.806448 -0.00177685 0.853326
0 0.122904 0.995112 0.170213 0.871287 0.119599 0.810172 0.072291 0.933996
0 1.00881 0.769652 1.01084 0.696096 0.972412 0.692738 0.970379 0.766294
0 0.356345 0.958446 0.373619 0.928931 0.360878 0.905364 0.343605 0.934879
0 0.128228 0.771474 0.130306 0.751475 0.114111 0.746158 0.112034 0.766156
0 0.549388 0.729298 0.553909 0.707494 0.539839 0.698276 0.535318 0.72008
0 0.60181 1.013 0.607323 0.97137 0.568458 0.955105 0.562945 0.996738
0 0.538653 0.874094 0.542446 0.849302 0.52749 0.842071 0.523698 0.866864
0 0.487955 0.859926 0.493048 0.833938 0.479691 0.825664 0.474598 0.851652
0 0.159781 0.755691 0.161564 0.722266 0.143279 0.719184 0.141496 0.752608
0 0.534069 0.91594 0.541361 0.868074 0.519126 0.857368 0.511834 0.905234
0 0.480046 0.791904 0.483773 0.767451 0.467501 0.759613 0.463774 0.784066
0 0.205107 0.977292 0.212231 0.956219 0.202137 0.945434 0.195013 0.966508
0 0.588239 0.969294 0.592211 0.936382 0.575434 0.929984 0.571462 0.962895
0 0.199402 0.945181 0.208117 0.91849 0.197535 0.90757 0.18882 0.934261
0 0.936964 0.777559 0.950644 0.738449 0.932623 0.718528 0.918944 0.757638
0 0.284758 0.937746 0.294461 0.90461 0.282767 0.893788 0.273064 0.926923
0 0.0879477 0.836762 0.0976212 0.797412 0.0788448 0.782824 0.0691713 0.822173
0 0.599473 0.84528 0.603085 0.822287 0.581221 0.81143 0.577608 0.834422
0 0.150253 0.623105 0.153463 0.59998 0.141178 0.594591 0.137968 0.617716
0 0.119868 0.731898 0.130958 0.708043 0.12152 0.694176 0.11043 0.718031
0 0.491421 1.00502 0.491304 0.973916 0.472506 0.974139 0.472623 1.00524
0 0.588844 0.859597 0.592778 0.839161 0.57838 0.830402 0.574446 0.850838
0 0.0534128 0.946705 0.0721037 0.925956 0.0643758 0.903955 0.0456849 0.924704
0 0.588206 0.903189 0.593069 0.876694 0.574965 0.866193 0.570103 0.892688
0 0.123566 0.639598 0.128287 0.614728 0.114813 0.606644 0.110092 0.631514
0 0.183148 1.00179 0.198934 0.966367 0.185288 0.94715 0.169503 0.982576
0 0.237016 0.99271 0.240557 0.970646 0.227996 0.964275 0.224455 0.986338
0 0.10665 0.720281 0.124245 0.69918 0.117904 0.682468 0.100308 0.703569
0 0.639829 0.623838 0.634141 0.589198 0.604727 0.604463 0.610415 0.639103
0 0.0456974 0.723427 0.0505945 0.672107 0.0143656 0.661181 0.00946844 0.7125
0 0.40067 0.831184 0.402548 0.783331 0.379262 0.780443 0.377385 0.828296
0 0.468868 0.767454 0.470587 0.743496 0.457308 0.740486 0.45559 0.764444
0 0.296249 0.951917 0.302726 0.929759 0.292981 0.920756 0.286504 0.942914
0 0.238991 0.806436 0.247696 0.787919 0.238803 0.774705 0.230097 0.793223
0 0.170711 1.01122 0.176924 0.978857 0.157887 0.967309 0.151675 0.999675
0 0.485354 0.727673 0.490153 0.709307 0.477355 0.698737 0.472555 0.717103
0 0.143769 0.998691 0.141498 0.966223 0.0984416 0.975744 0.100713 1.00821
0 0.359561 0.979553 0.375286 0.955922 0.366295 0.937012 0.35057 0.960644
0 0.161062 0.727893 0.175713 0.685297 0.159311 0.667467 0.14466 0.710063
0 0.330359 0.967791 0.344246 0.922435 0.323413 0.902275 0.309526 0.947631
0 0.533669 0.745195 0.538712 0.717401 0.526753 0.710544 0.52171 0.738338
0 0.453017 0.683357 0.463761 0.655097 0.453234 0.642447 0.442489 0.670707
0 0.535992 0.760775 0.539212 0.739708 0.527807 0.7342 0.524587 0.755266
0 0.959471 0.591387 0.963214 0.565047 0.938096 0.553766 0.934353 0.580107
0 0.403375 0.821416 0.426981 0.80049 0.418472 0.770151 0.394866 0.791077
0 0.559249 0.922694 0.566158 0.879146 0.5385 0.865279 0.531592 0.908827
0 0.937146 0.732208 0.937943 0.705737 0.908081 0.702898 0.907284 0.729369
0 0.18585 0.951097 0.192087 0.92378 0.176002 0.912173 0.169765 0.93949
0 0.603037 0.61272 0.612273 0.583408 0.59018 0.561406 0.580944 0.590719
0 0.41716 0.413142 0.414785 0.377693 0.384378 0.384131 0.386752 0.419579
0 0.339902 1.00764 0.372317 0.991943 0.368101 0.964435 0.335686 0.980136
0 0.445353 0.82041 0.453756 0.794812 0.443747 0.784428 0.435344 0.810026
0 0.300681 0.92699 0.319914 0.908069 0.313304 0.886834 0.294071 0.905755
0 0.332939 0.916121 0.342862 0.878671 0.328711 0.866822 0.318789 0.904272
0 0.438303 0.847093 0.449344 0.817674 0.438527 0.804843 0.427485 0.834261
0 0.374177 0.992261 0.384932 0.966924 0.37235 0.950045 0.361595 0.975382
0 0.335935 0.985875 0.347401 0.961871 0.334646 0.942615 0.32318 0.966619
0 0.0609166 0.450366 0.0711131 0.376976 0.0163864 0.352945 0.00618995 0.426335
0 0.271579 0.969344 0.278535 0.950414 0.270243 0.940785 0.263287 0.959716
0 0.224628 1.00681 0.227796 0.977261 0.203052 0.968876 0.199884 0.998426
0 0.689897 0.834293 0.684401 0.761768 0.652205 0.769478 0.6577 0.842004
0 0.918346 0.831544 0.933561 0.790022 0.906055 0.758166 0.890839 0.799687
0 0.215844 0.713675 0.215976 0.692725 0.202949 0.692465 0.202817 0.713414
0 0.483992 0.820401 0.490939 0.806069 0.480527 0.790121 0.473581 0.804453
0 0.0994405 0.775812 0.103326 0.756178 0.0901667 0.747949 0.0862816 0.767583
0 0.695744 0.840942 0.726547 0.794352 0.70963 0.759002 0.678827 0.805592
0 0.264849 0.933817 0.269697 0.9062 0.255394 0.898263 0.250545 0.92588
0 0.0492807 0.878122 0.0487629 0.825573 0.0185762 0.826513 0.019094 0.879062
0 0.525982 0.715667 0.551064 0.635286 0.518074 0.602751 0.492992 0.683132
0 0.414938 1.00802 0.417433 0.980723 0.385136 0.971394 0.382641 0.99869
0 0.51375 0.915987 0.519307 0.88413 0.501825 0.874493 0.496269 0.90635
0 0.249677 0.994869 0.264096 0.969401 0.256503 0.955815 0.242084 0.981283
0 0.960736 0.708766 0.96991 0.676817 0.946807 0.655852 0.937633 0.6878
0 0.149199 0.997212 0.166579 0.968587 0.157269 0.950722 0.139889 0.979347
0 0.105925 0.807688 0.109652 0.780608 0.0906225 0.772331 0.0868956 0.799411
0 0.221598 0.985283 0.230485 0.956377 0.21673 0.943012 0.207843 0.971917
0 0.624129 0.826057 0.626709 0.786167 0.602095 0.781137 0.599515 0.821027
0 0.331252 1.00238 0.330268 0.984126 0.313773 0.986936 0.314757 1.00519
0 0.572753 0.853112 0.576779 0.833161 0.562524 0.824069 0.558498 0.84402
0 0.123483 0.807259 0.124233 0.789325 0.114106 0.787987 0.113356 0.805921
0 0.115351 0.761726 0.116722 0.742071 0.102663 0.738973 0.101293 0.758629
0 0.491601 0.841813 0.496928 0.824381 0.485084 0.81294 0.479756 0.830371
0 0.614337 0.934448 0.613961 0.884743 0.590411 0.885306 0.590787 0.935011
0 0.170881 0.962412 0.183392 0.930972 0.171351 0.915828 0.15884 0.947269
0 0.333457 0.720368 0.334447 0.678325 0.311638 0.676628 0.310649 0.718671
0 0.477276 0.748262 0.480553 0.723429 0.466924 0.717745 0.463647 0.742578
0 0.559957 0.870191 0.56154 0.839857 0.543663 0.836907 0.54208 0.867241
0 0.0239085 0.89685 0.0269293 0.859198 0.00350029 0.853257 0.000479499 0.890909
0 0.489221 0.676178 0.49755 0.659848 0.485111 0.639797 0.476782 0.656127
0 0.247127 0.946094 0.25092 0.926041 0.241029 0.920129 0.237236 0.940182
0 0.970596 0.585608 0.992861 0.56253 0.98498 0.538499 0.962715 0.561578
0 0.113618 0.325705 0.130859 0.305985 0.115374 0.263195 0.0981323 0.282916
0 0.1855 0.783868 0.188325 0.753242 0.161788 0.745507 0.158964 0.776134
0 0.335111 0.422224 0.340125 0.390004 0.320131 0.38017 0.315117 0.41239
0 0.276571 0.908365 0.277857 0.886155 0.265935 0.883973 0.264649 0.906183
0 0.0634116 0.920231 0.0775945 0.892775 0.0652389 0.872603 0.051056 0.90006
0 0.560754 0.66221 0.568565 0.628504 0.553885 0.617752 0.546074 0.651459
0 0.109157 0.881956 0.109844 0.855379 0.0931629 0.854016 0.0924757 0.880593
0 0.325436 0.783227 0.341613 0.721551 0.323158 0.706253 0.306981 0.767929
0 0.483867 0.61634 0.483212 0.583796 0.462198 0.585133 0.462853 0.617678
0 0.434082 0.542757 0.434426 0.508618 0.415085 0.508002 0.414741 0.542141
0 0.162831 0.683351 0.166305 0.660001 0.155164 0.654762 0.15169 0.678112
0 0.87793 0.756049 0.883959 0.735617 0.865853 0.718729 0.859823 0.739161
0 0.225259 0.942766 0.228398 0.924225 0.217319 0.918296 0.21418 0.936837
0 0.100504 1.00144 0.107064 0.944728 0.0711194 0.931588 0.0645597 0.988302
0 0.407683 0.78884 0.409913 0.749057 0.387762 0.745133 0.385531 0.784916
0 0.595116 0.952376 0.603936 0.929016 0.589138 0.911358 0.580318 0.934719
0 0.874938 0.646888 0.877147 0.614502 0.859505 0.610699 0.857296 0.643085
0 0.0350044 0.830337 0.0356499 0.807108 0.0193691 0.805678 0.0187236 0.828907
0 0.475451 0.414721 0.478472 0.394179 0.464635 0.387747 0.461614 0.408289
0 0.631584 0.991952 0.633506 0.944087 0.611049 0.941236 0.609127 0.989102
0 0.520222 0.741982 0.5226 0.721859 0.509631 0.717016 0.507253 0.737139
0 0.163104 0.40206 0.165738 0.358704 0.14178 0.354105 0.139146 0.39746
0 0.25834 1.00766 0.25984 0.984422 0.247598 0.981925 0.246098 1.00516
0 0.606481 0.878724 0.613916 0.864587 0.604191 0.848423 0.596756 0.86256
0 0.63481 1.01126 0.646519 0.974575 0.629932 0.957841 0.618223 0.994523
0 0.0520408 0.68062 0.0544741 0.664452 0.0416665 0.65836 0.0392333 0.674529
0 0.470186 0.943527 0.472884 0.917305 0.461111 0.913475 0.458413 0.939698
0 0.505212 0.637139 0.518964 0.613157 0.500432 0.579569 0.486679 0.603551
0 0.410608 0.723191 0.412542 0.704872 0.401392 0.701153 0.399459 0.719472
0 0.63291 0.964822 0.642527 0.949153 0.628603 0.922145 0.618986 0.937814
0 0.323758 0.877762 0.326927 0.857548 0.318573 0.853409 0.315405 0.873624
0 0.494313 0.809871 0.500051 0.792606 0.487562 0.779488 0.481824 0.796753
0 0.286206 0.896647 0.288842 0.880682 0.279846 0.875988 0.277211 0.891954
0 0.584476 0.128606 0.607748 0.0268056 0.533126 -0.0271102 0.509853 0.0746904
0 0.558947 0.882984 0.55931 0.858965 0.541321 0.858105 0.540958 0.882124
0 0.508866 0.727238 0.51114 0.707188 0.499795 0.703121 0.497521 0.723171
0 0.247402 0.92916 0.254367 0.908198 0.245415 0.898798 0.238451 0.919761
0 0.545531 0.825973 0.548901 0.800825 0.536052 0.795384 0.532682 0.820531
0 0.285037 0.965581 0.292256 0.947512 0.284043 0.937142 0.276824 0.955211
0 0.469945 0.983364 0.473582 0.955118 0.459926 0.94956 0.456289 0.977806
0 0.977299 0.612578 0.993554 0.5816 0.980746 0.56036 0.964492 0.591339
0 0.5589 0.874545 0.559214 0.849094 0.541898 0.848417 0.541583 0.873867
0 0.294144 0.877033 0.299364 0.854054 0.290687 0.847823 0.285467 0.870802
0 0.0957018 0.843462 0.103188 0.822047 0.0926088 0.810358 0.0851224 0.831773
0 0.20017 1.00545 0.201012 0.981387 0.184264 0.979535 0.183422 1.0036
0 0.608492 0.99646 0.616253 0.979169 0.600982 0.957508 0.593222 0.974799
0 0.383085 0.73305 0.385525 0.710679 0.372021 0.706025 0.369582 0.728396
0 0.967035 0.753671 0.970234 0.717891 0.952392 0.71285 0.949194 0.74863
0 1.00276 0.608083 1.00367 0.579337 0.988251 0.57781 0.98735 0.606557
0 0.53887 0.413085 0.556067 0.356484 0.534029 0.335323 0.516833 0.391924
0 0.437359 0.803602 0.443776 0.781614 0.432771 0.771462 0.426354 0.793451
0 0.0625269 0.852793 0.0861776 0.820504 0.0727109 0.78933 0.0490602 0.821619
0 0.134595 0.733803 0.138721 0.714093 0.1248 0.704883 0.120674 0.724594
0 0.458852 0.782699 0.462593 0.759036 0.453035 0.754261 0.449294 0.777924
0 0.999662 0.701212 1.00316 0.673657 0.987722 0.667453 0.984219 0.695008
