0 0.997095 0.981542 1.0132 0.862092 0.8092 0.77516 0.793094 0.894609
0 0.0548466 1.008 0.0873724 0.986424 0.0803372 0.952903 0.0478113 0.974477
0 0.0299768 0.985838 0.0422299 0.956769 0.0280586 0.93789 0.0158055 0.966959
0 0.117394 0.923433 0.129582 0.87688 0.108127 0.859128 0.0959392 0.905681
0 0.784429 0.53369 0.790605 0.506432 0.774252 0.494721 0.768076 0.521979
0 0.5863 1.01219 0.608917 0.959684 0.565142 0.900093 0.542524 0.952603
0 0.126672 0.870906 0.144824 0.850281 0.128789 0.805677 0.110637 0.826303
0 0.653885 0.635406 0.665288 0.594684 0.647092 0.57858 0.635689 0.619302
0 0.0499477 0.98488 0.0620389 0.947917 0.0443721 0.929652 0.0322809 0.966615
0 0.116336 0.853282 0.116295 0.821579 0.093108 0.821674 0.0931492 0.853377
0 0.547796 0.730807 0.5497 0.699683 0.532269 0.696314 0.530366 0.727438
0 0.441718 0.937391 0.449003 0.82733 0.382291 0.813374 0.375006 0.923436
0 0.453275 0.802249 0.462511 0.765616 0.447044 0.753292 0.437809 0.789925
0 0.161031 0.708369 0.165908 0.683512 0.152423 0.675151 0.147546 0.700008
0 0.172387 0.675793 0.175112 0.6472 0.158009 0.642049 0.155284 0.670642
0 0.173318 0.792912 0.167673 0.759599 0.139049 0.774929 0.144694 0.808241
0 0.151392 0.702123 0.150958 0.680771 0.135147 0.681785 0.135581 0.703138
0 0.770833 0.632751 0.782671 0.613584 0.768471 0.585864 0.756633 0.605031
0 0.712451 0.8338 0.744935 0.694583 0.645348 0.621143 0.612864 0.760361
0 0.14015 0.744899 0.141602 0.722359 0.129511 0.719896 0.128058 0.742436
0 0.156759 0.86288 0.167778 0.8042 0.140679 0.788117 0.12966 0.846797
0 0.232102 0.359066 0.245152 0.316257 0.201079 0.273795 0.188029 0.316603
0 0.687276 0.559256 0.691515 0.500877 0.661069 0.493891 0.656831 0.552271
0 0.118644 0.778039 0.12752 0.751821 0.11326 0.736561 0.104383 0.762779
0 0.0738365 0.846244 0.0698685 0.817615 0.0385386 0.831339 0.0425066 0.859968
0 0.0275184 0.936281 0.0520988 0.921068 0.047222 0.896164 0.0226416 0.911377
0 0.554697 0.534096 0.570516 0.500978 0.559576 0.484461 0.543756 0.517579
0 0.569548 0.540839 0.585919 0.506619 0.574812 0.489827 0.558441 0.524046
0 0.047366 0.840973 0.0541806 0.801594 0.034126 0.790625 0.0273114 0.830005
0 0.100924 0.928571 0.10586 0.897432 0.0890433 0.889008 0.0841076 0.920147
0 0.36984 0.955768 0.386011 0.919695 0.370071 0.897111 0.3539 0.933184
0 0.101063 0.334162 0.119615 0.322009 0.109422 0.272834 0.0908699 0.284988
0 0.700347 0.597698 0.706293 0.542975 0.678312 0.533366 0.672366 0.588089
0 0.0242099 0.895594 0.0263273 0.867854 0.0120719 0.864415 0.00995458 0.892155
0 0.0873232 0.94231 0.0902819 0.911436 0.0663732 0.904194 0.0634145 0.935069
0 0.683486 0.481863 0.685519 0.452661 0.669421 0.449119 0.667388 0.478322
0 0.170209 0.70559 0.177751 0.682744 0.168917 0.673526 0.161374 0.696372
0 0.0120147 1.00344 0.0218429 0.970773 0.00890977 0.958473 -0.000918424 0.991136
0 0.612656 0.684928 0.614746 0.649507 0.594048 0.645647 0.591958 0.681068
0 0.122826 0.808477 0.125734 0.786255 0.110755 0.780061 0.107848 0.802284
0 0.523111 0.598658 0.527775 0.574776 0.51574 0.567347 0.511076 0.591229
0 0.0358459 0.91232 0.0678124 0.88423 0.0580612 0.849159 0.0260948 0.877249
0 0.123624 0.683243 0.124772 0.660057 0.10964 0.657689 0.108492 0.680875
0 0.384785 0.807536 0.387097 0.7815 0.371293 0.777064 0.368981 0.8031
0 0.162006 0.761868 0.16461 0.740601 0.152759 0.736013 0.150154 0.75728
0 0.692064 0.518339 0.700245 0.491856 0.677607 0.469755 0.669427 0.496239
0 0.758011 0.599954 0.760502 0.574855 0.745883 0.57027 0.743393 0.59537
0 0.24498 0.755665 0.2509 0.718157 0.226564 0.706018 0.220644 0.743525
0 0.53437 0.700275 0.54233 0.684225 0.530257 0.665303 0.522298 0.681352
0 0.759952 0.705408 0.771556 0.673142 0.75859 0.658405 0.746986 0.690671
0 0.779785 0.99764 0.821906 0.909747 0.75483 0.808153 0.712709 0.896046
0 0.573529 0.610696 0.579029 0.585668 0.562634 0.574279 0.557133 0.599308
0 0.541292 0.532556 0.547692 0.507891 0.530591 0.493865 0.52419 0.51853
0 0.136183 0.823178 0.143379 0.797041 0.132063 0.787195 0.124868 0.813332
0 0.707287 0.451811 0.717779 0.438045 0.701754 0.399444 0.691262 0.41321
0 0.584161 0.395235 0.588534 0.366185 0.572728 0.358664 0.568354 0.387715
0 0.665147 0.584968 0.67308 0.564208 0.660288 0.54876 0.652355 0.56952
0 0.0758314 0.977146 0.0952256 0.956718 0.0864309 0.930329 0.0670367 0.950756
0 0.801987 0.546786 0.80889 0.528464 0.79512 0.512068 0.788217 0.53039
0 0.539769 0.501778 0.550536 0.474626 0.538853 0.459983 0.528086 0.487135
0 0.595795 0.350436 0.599146 0.32905 0.589182 0.324115 0.585831 0.3455
0 0.739638 0.599008 0.742354 0.580039 0.728679 0.57385 0.725963 0.592819
0 0.510015 0.670651 0.52259 0.645409 0.514706 0.632997 0.502132 0.658239
0 0.523581 0.632066 0.530303 0.60024 0.518701 0.592496 0.511979 0.624322
0 0.761055 0.743731 0.766568 0.724505 0.756231 0.715137 0.750718 0.734363
0 0.751673 0.730361 0.761912 0.704284 0.750214 0.689768 0.739975 0.715846
0 0.0937004 0.978813 0.106125 0.949346 0.0938875 0.933038 0.0814627 0.962504
0 0.170455 0.845765 0.182697 0.809712 0.17022 0.796324 0.157979 0.832376
0 0.0302292 1.01362 0.053785 0.990709 0.0456182 0.964169 0.0220624 0.987077
0 0.79586 0.502823 0.797615 0.47497 0.782045 0.47187 0.780291 0.499723
0 0.722527 0.380232 0.725857 0.351301 0.708996 0.345167 0.705667 0.374099
0 0.720686 0.599768 0.726661 0.579442 0.71174 0.565579 0.705764 0.585906
0 0.0355276 0.886727 0.0430913 0.853382 0.0258202 0.841001 0.0182566 0.874346
0 0.187333 0.679696 0.18885 0.659233 0.174532 0.655878 0.173015 0.676341
0 0.0207636 0.922753 0.0278098 0.904039 0.0130649 0.886492 0.0060186 0.905205
0 0.630849 0.615603 0.648425 0.591134 0.640352 0.572804 0.622775 0.597273
0 0.764565 0.457627 0.762412 0.410654 0.733584 0.41483 0.735737 0.461803
0 0.108114 0.783092 0.11083 0.764186 0.0985645 0.758616 0.0958482 0.777522
0 0.367076 0.529781 0.376109 0.517697 0.366688 0.495437 0.357654 0.507521
0 0.504487 0.907303 0.511693 0.882316 0.500472 0.872088 0.493266 0.897075
0 0.706478 0.598175 0.711048 0.576917 0.70218 0.570893 0.697611 0.592151
0 0.211302 0.698036 0.210774 0.680782 0.193638 0.682439 0.194166 0.699692
0 0.578684 0.557609 0.586067 0.527012 0.573891 0.517726 0.566507 0.548322
0 0.591466 0.407855 0.594373 0.383274 0.580973 0.378266 0.578067 0.402848
0 0.613767 0.403661 0.619465 0.385563 0.609811 0.375957 0.604113 0.394055
0 0.160811 0.75184 0.166397 0.731211 0.156169 0.722459 0.150584 0.743089
0 0.506004 0.570345 0.510162 0.547091 0.49983 0.541253 0.495673 0.564507
0 0.83821 0.388435 0.838687 0.351277 0.814895 0.350312 0.814418 0.38747
0 0.791988 0.445478 0.784435 0.389293 0.761432 0.399066 0.768984 0.455251
0 0.590652 0.674962 0.595974 0.653292 0.582017 0.642461 0.576696 0.664131
0 0.172154 0.746851 0.17697 0.72966 0.167505 0.72128 0.162689 0.738471
0 0.0642739 0.815001 0.0665369 0.790419 0.0509595 0.785887 0.0486965 0.810468
0 0.747341 0.776116 0.758814 0.75432 0.739735 0.722582 0.728262 0.744379
0 0.17065 0.6129 0.171513 0.591062 0.158264 0.589408 0.157402 0.611246
0 0.643345 0.557396 0.646675 0.528987 0.630277 0.522911 0.626946 0.55132
0 0.587278 0.499796 0.595229 0.487525 0.584056 0.464645 0.576105 0.476916
0 0.16146 0.901073 0.16591 0.87559 0.149078 0.866299 0.144627 0.891782
0 0.358636 0.933293 0.376689 0.905091 0.365686 0.882831 0.347633 0.911033
0 0.475223 0.81889 0.478739 0.795633 0.467496 0.790262 0.46398 0.813519
0 0.338518 0.487559 0.352986 0.482933 0.343526 0.389431 0.329058 0.394057
0 0.044731 0.953829 0.0589676 0.927002 0.047858 0.908369 0.0336214 0.935196
0 0.503332 0.600604 0.506584 0.571079 0.492459 0.566162 0.489208 0.595687
0 0.509332 0.724253 0.510011 0.704747 0.494255 0.703013 0.493576 0.722519
0 0.495605 0.749332 0.504341 0.725973 0.48849 0.707238 0.479754 0.730597
0 0.135645 0.798351 0.137808 0.776252 0.124822 0.772235 0.122659 0.794335
0 0.670688 0.604184 0.673814 0.580222 0.660813 0.574862 0.657687 0.598823
0 0.127489 0.786685 0.128036 0.767419 0.112011 0.765981 0.111464 0.785247
0 0.143825 0.664466 0.145942 0.64378 0.13312 0.639634 0.131004 0.66032
0 0.188506 0.828032 0.191061 0.804942 0.178413 0.800518 0.175858 0.823608
0 0.463128 0.755173 0.459048 0.714957 0.426233 0.725478 0.430313 0.765694
0 0.6708 0.477377 0.672556 0.454944 0.659263 0.451655 0.657507 0.474088
0 0.600478 0.373696 0.602754 0.346311 0.586644 0.34208 0.584368 0.369464
0 0.537282 0.839308 0.539402 0.812644 0.520455 0.807883 0.518335 0.834547
0 0.887566 0.374399 0.891221 0.345678 0.876779 0.33987 0.873125 0.368592
0 0.800988 0.396564 0.805603 0.375425 0.791098 0.365416 0.786483 0.386555
0 0.0809769 0.863702 0.0829453 0.839808 0.0669392 0.83564 0.0649708 0.859535
0 0.733567 0.649771 0.738108 0.625187 0.722112 0.615849 0.717571 0.640432
0 0.747249 0.613237 0.754918 0.589822 0.744696 0.579241 0.737027 0.602656
0 0.0670252 0.895049 0.0793407 0.870007 0.0701252 0.855683 0.0578097 0.880725
0 0.737495 0.729777 0.746452 0.70944 0.726897 0.682219 0.71794 0.702556
0 0.520669 0.705751 0.523347 0.68313 0.510155 0.678193 0.507477 0.700813
0 0.103314 0.82239 0.109332 0.792604 0.0911741 0.781009 0.0851559 0.810795
0 0.538303 0.676001 0.550003 0.655821 0.541319 0.63991 0.52962 0.660089
0 0.143531 0.693942 0.144255 0.665795 0.126069 0.664317 0.125345 0.692464
0 0.487969 0.85473 0.494175 0.83008 0.484477 0.822363 0.478271 0.847013
0 0.304588 0.901893 0.333282 0.842062 0.307147 0.802449 0.278453 0.86228
0 0.518771 0.68753 0.525363 0.665414 0.514845 0.655505 0.508253 0.677621
0 0.101083 0.953365 0.103893 0.933513 0.0900788 0.927332 0.0872684 0.947183
0 0.157185 0.736003 0.161497 0.708789 0.148263 0.702161 0.143951 0.729375
0 0.334013 0.781699 0.34329 0.74574 0.327272 0.732679 0.317995 0.768639
0 0.796105 0.520946 0.800615 0.504466 0.787568 0.493183 0.783059 0.509662
0 0.613714 0.370068 0.615597 0.349982 0.60445 0.34668 0.602568 0.366766
0 0.0888584 0.346192 0.106793 0.300646 0.0767866 0.263303 0.0588518 0.308849
0 0.835795 0.290099 0.839191 0.260942 0.822809 0.254912 0.819413 0.284068
0 0.494839 0.636913 0.498594 0.617885 0.488084 0.611329 0.484328 0.630357
0 0.851566 0.733547 0.862136 0.66073 0.798882 0.631711 0.788312 0.704528
0 0.147407 0.720427 0.146881 0.700306 0.128855 0.701797 0.129381 0.721918
0 0.126812 0.707443 0.128875 0.683822 0.115236 0.680058 0.113173 0.703679
0 0.631293 0.586877 0.636026 0.565323 0.625874 0.558277 0.621141 0.57983
0 0.146143 0.684006 0.145815 0.659753 0.129178 0.660464 0.129506 0.684717
0 0.686669 0.378852 0.689277 0.354166 0.678591 0.350598 0.675984 0.375285
0 0.667183 0.489017 0.670443 0.472758 0.659241 0.465659 0.655981 0.481918
0 0.783115 0.55807 0.784837 0.533673 0.771609 0.530721 0.769887 0.555119
0 0.0551336 0.937393 0.0654583 0.912695 0.0542606 0.897901 0.0439359 0.922599
0 0.519635 0.731116 0.521911 0.70961 0.511322 0.706067 0.509045 0.727573
0 0.0974391 0.793563 0.0997515 0.770503 0.0845732 0.765693 0.0822608 0.788752
0 0.484377 0.66061 0.492128 0.634808 0.481543 0.624757 0.473791 0.650559
0 0.693079 0.457499 0.700266 0.429926 0.686331 0.418446 0.679144 0.446019
0 0.795316 0.564463 0.797524 0.538568 0.784582 0.535081 0.782374 0.560976
0 0.175361 0.139634 0.175998 0.0927021 0.132667 0.0908451 0.132031 0.137777
0 0.813126 0.289613 0.817246 0.244866 0.794581 0.23827 0.790461 0.283017
0 0.0698642 0.968743 0.0749752 0.93975 0.0609089 0.931913 0.0557979 0.960906
0 0.562832 0.722478 0.565043 0.70247 0.553308 0.698371 0.551097 0.718378
0 0.126823 0.744802 0.128521 0.726064 0.11406 0.721921 0.112361 0.740659
0 0.736099 0.615912 0.738325 0.595235 0.724105 0.590397 0.721879 0.611075
0 0.474454 0.712514 0.474935 0.678489 0.459485 0.677799 0.459004 0.711823
0 0.507168 0.832405 0.512825 0.804637 0.501969 0.797648 0.496312 0.825416
0 0.516724 0.57605 0.519119 0.555758 0.508792 0.551907 0.506398 0.572199
0 0.740952 0.697019 0.745719 0.667037 0.728103 0.658186 0.723337 0.688168
0 0.187788 0.299595 0.217442 0.274459 0.192762 0.182437 0.163108 0.207573
0 0.0523001 0.116508 0.0569619 -0.0106039 -0.0141601 -0.0188477 -0.0188219 0.108264
0 0.863442 0.801414 0.880128 0.756715 0.842417 0.712224 0.825731 0.756923
0 0.496103 0.213271 0.494102 0.164745 0.464517 0.168601 0.466518 0.217127
0 0.581695 0.452897 0.586405 0.433656 0.574935 0.424781 0.570225 0.444023
0 0.543369 0.75729 0.547189 0.732827 0.533244 0.725946 0.529425 0.750409
0 0.573796 0.479087 0.577632 0.452505 0.56402 0.446298 0.560185 0.47288
0 0.699065 0.428833 0.711868 0.416251 0.699686 0.377073 0.686883 0.389656
0 0.638325 0.448214 0.645098 0.439344 0.635127 0.415282 0.628354 0.424153
0 0.143953 0.719881 0.142618 0.696846 0.120669 0.700868 0.122004 0.723903
0 0.278953 0.470553 0.293227 0.434119 0.260395 0.39347 0.246122 0.429904
0 0.743142 0.70903 0.751851 0.694604 0.740521 0.672985 0.731812 0.68741
0 0.00813777 0.982531 0.0173091 0.957009 0.00710204 0.945417 -0.00206928 0.970939
0 0.697222 0.61085 0.702415 0.589889 0.692937 0.582467 0.687744 0.603428
0 0.298793 0.722643 0.303849 0.680977 0.278228 0.671149 0.273171 0.712815
0 0.651665 0.548018 0.655232 0.525169 0.643732 0.519496 0.640165 0.542345
0 0.71714 0.66911 0.720622 0.640738 0.709683 0.636494 0.706201 0.664867
0 0.77118 0.547678 0.773826 0.526743 0.762697 0.522298 0.760051 0.543233
0 0.743838 0.576889 0.747142 0.560191 0.733039 0.551373 0.729736 0.568071
0 0.507564 0.63484 0.515018 0.61907 0.5022 0.59992 0.494746 0.61569
0 0.123654 0.639676 0.125735 0.61456 0.106521 0.609528 0.10444 0.634644
0 0.32163 0.549522 0.324021 0.523656 0.290982 0.514005 0.288592 0.539871
0 0.576382 0.667836 0.58122 0.634993 0.566696 0.628231 0.561858 0.661074
0 0.490291 0.800851 0.496252 0.755702 0.480418 0.749096 0.474458 0.794245
0 0.582719 0.717255 0.584395 0.692449 0.565058 0.688321 0.563383 0.713127
0 0.609006 0.381536 0.610142 0.36489 0.600699 0.362853 0.599563 0.379499
0 0.643772 0.465544 0.652225 0.452407 0.639095 0.425707 0.630642 0.438844
0 0.5595 0.895488 0.569977 0.874921 0.560081 0.858989 0.549604 0.879556
0 0.688574 0.613032 0.691112 0.592687 0.678628 0.587766 0.67609 0.60811
0 0.619984 1.0044 0.792763 0.883141 0.74898 0.685983 0.576202 0.807245
0 0.603251 0.297311 0.614014 0.266814 0.594474 0.245018 0.583711 0.275515
0 0.00988568 0.964718 0.0301369 0.937502 0.0202734 0.914306 2.2167e-05 0.941522
0 0.111412 0.715832 0.117104 0.692011 0.106341 0.683883 0.100649 0.707704
0 0.657658 0.415988 0.663763 0.386665 0.643079 0.373054 0.636974 0.402378
0 0.0708564 0.829714 0.0719173 0.807133 0.0595781 0.805301 0.0585173 0.827882
0 0.59526 0.53369 0.605212 0.517479 0.59194 0.49173 0.581988 0.507941
0 0.538151 0.623478 0.542373 0.607526 0.534222 0.600708 0.53 0.61666
0 0.181815 0.726631 0.183368 0.706743 0.172909 0.704163 0.171357 0.724052
0 0.548075 0.447488 0.55176 0.408798 0.531589 0.402726 0.527904 0.441416
0 0.785701 0.320154 0.803944 0.298757 0.796891 0.279752 0.778648 0.30115
0 0.711799 0.656538 0.717934 0.612989 0.704295 0.606915 0.698159 0.650465
0 0.600814 0.39655 0.603785 0.373392 0.592431 0.368789 0.58946 0.391946
0 0.0233352 0.861487 0.0301554 0.839504 0.0194137 0.828971 0.0125934 0.850954
0 0.605789 0.345299 0.610308 0.32266 0.601502 0.317105 0.596983 0.339744
0 0.749462 0.307826 0.75228 0.268595 0.730968 0.263757 0.72815 0.302988
0 0.814885 0.387897 0.817747 0.369573 0.805964 0.363756 0.803102 0.38208
0 0.895006 0.349504 0.901394 0.320174 0.878152 0.304178 0.871765 0.333508
0 0.512966 0.80226 0.515996 0.755715 0.49254 0.750889 0.48951 0.797434
0 0.258156 0.383529 0.271289 0.353448 0.243321 0.314857 0.230188 0.344939
0 0.728681 0.686629 0.731707 0.653409 0.718263 0.649539 0.715237 0.682759
0 0.147225 0.900228 0.150615 0.874552 0.136655 0.868725 0.133264 0.8944
0 0.49459 0.67833 0.500843 0.653562 0.490837 0.645577 0.484584 0.670346
0 0.702569 0.619556 0.711184 0.595289 0.702107 0.585104 0.693492 0.609372
0 0.193327 0.666869 0.195572 0.650182 0.182711 0.644713 0.180466 0.6614
0 0.438976 0.811915 0.444543 0.77732 0.431414 0.770643 0.425847 0.805238
0 0.494908 0.665192 0.501208 0.638411 0.491405 0.631122 0.485105 0.657903
0 0.139222 0.776016 0.141826 0.753195 0.128514 0.748394 0.12591 0.771215
0 0.555867 0.863011 0.560211 0.834505 0.544346 0.826866 0.540003 0.855372
0 0.772163 0.52846 0.771357 0.496416 0.745591 0.498465 0.746397 0.530508
0 0.594425 0.677379 0.596778 0.654697 0.583032 0.650191 0.580679 0.672872
0 0.743245 0.272632 0.746824 0.253549 0.735345 0.246746 0.731767 0.265829
0 0.586702 0.762098 0.592732 0.746653 0.578318 0.728867 0.572288 0.744311
0 0.628085 0.564399 0.630721 0.527027 0.614922 0.523505 0.612286 0.560877
0 0.760395 0.385632 0.763887 0.365722 0.749429 0.357708 0.745937 0.377618
0 0.501383 0.886312 0.50398 0.861734 0.491517 0.857572 0.48892 0.88215
0 0.148933 0.651481 0.149924 0.628358 0.138423 0.626801 0.137432 0.649924
0 0.698822 0.659034 0.702059 0.622075 0.686225 0.617692 0.682988 0.65465
0 0.197772 0.818289 0.21011 0.791525 0.197314 0.772884 0.184977 0.799648
0 0.800859 0.42544 0.801213 0.403659 0.788992 0.403031 0.788639 0.424813
0 0.585736 0.898202 0.599666 0.862005 0.587664 0.847408 0.573734 0.883604
0 0.455931 0.819771 0.464582 0.79125 0.451516 0.778725 0.442866 0.807246
0 0.758692 0.550484 0.762699 0.527706 0.745094 0.517917 0.741086 0.540694
0 0.620344 0.587524 0.6249 0.563766 0.609229 0.554268 0.604673 0.578026
0 0.550251 0.820602 0.555545 0.791366 0.536892 0.780691 0.531598 0.809927
0 0.206215 0.840859 0.215543 0.808479 0.206205 0.799977 0.196877 0.832356
0 0.587247 0.428616 0.589385 0.411777 0.577846 0.407146 0.575708 0.423985
0 0.713047 0.541983 0.719299 0.526553 0.708667 0.512938 0.702415 0.528368
0 0.495124 0.818677 0.498604 0.795128 0.487486 0.789935 0.484006 0.813485
0 0.574021 0.427436 0.576752 0.408054 0.56571 0.403134 0.562978 0.422516
0 0.728689 0.614363 0.73086 0.592718 0.717035 0.588338 0.714865 0.609982
0 0.586111 0.472655 0.589399 0.456047 0.579289 0.449721 0.576001 0.466329
0 0.550109 0.6755 0.566705 0.647237 0.55609 0.627537 0.539494 0.655799
0 0.211821 0.715212 0.212607 0.698119 0.200559 0.696368 0.199773 0.713461
