0 0.320318 0.718822 0.3225 0.674203 0.298682 0.670521 0.2965 0.715141
0 0.798969 1.06107 0.856897 0.962607 0.788141 0.834766 0.730213 0.933231
0 0.481005 0.749416 0.483079 0.721266 0.46755 0.71765 0.465476 0.7458
0 0.448155 0.755022 0.450477 0.7292 0.436277 0.725165 0.433955 0.750986
0 0.433818 0.998172 0.443857 0.948568 0.422472 0.934889 0.412433 0.984493
0 0.266877 0.733958 0.272212 0.696135 0.249247 0.685898 0.243912 0.72372
0 0.460909 0.977064 0.463686 0.944236 0.445606 0.939402 0.442829 0.972229
0 0.314611 0.866254 0.316018 0.840684 0.296929 0.837366 0.295522 0.862935
0 0.0184375 0.982517 0.0365932 0.931153 0.0103885 0.901878 -0.00776717 0.953242
0 0.237811 0.925167 0.239334 0.889822 0.218267 0.886953 0.216744 0.922298
0 0.46023 1.00844 0.470488 0.968485 0.454182 0.955255 0.443924 0.995214
0 0.455237 0.943766 0.451907 0.89317 0.418123 0.900197 0.421453 0.950793
0 0.410473 1.01158 0.411928 0.942187 0.36912 0.939349 0.367665 1.00874
0 0.51164 0.660656 0.514671 0.638256 0.504247 0.633799 0.501217 0.6562
0 0.101611 0.919786 0.118717 0.869077 0.0962055 0.845078 0.0791001 0.895786
0 0.484372 0.697784 0.490914 0.670796 0.478233 0.661081 0.471691 0.688069
0 0.465039 0.808385 0.465558 0.783229 0.445277 0.781908 0.444759 0.807064
0 0.494755 0.977343 0.498433 0.948538 0.482776 0.942219 0.479098 0.971024
0 0.0922911 0.930853 0.0908621 0.894957 0.0674095 0.897907 0.0688385 0.933804
0 0.40579 0.549218 0.419948 0.526077 0.410061 0.506959 0.395903 0.5301
0 0.393473 0.559794 0.39406 0.540355 0.377508 0.538776 0.376922 0.558215
0 0.350142 0.675515 0.352506 0.653419 0.33021 0.645882 0.327847 0.667978
0 0.422727 0.890964 0.426003 0.865689 0.408385 0.858473 0.405109 0.883749
0 0.526109 0.961926 0.527689 0.915098 0.503976 0.912569 0.502396 0.959397
0 0.537433 0.775763 0.539289 0.750834 0.525024 0.747478 0.523168 0.772407
0 0.213356 0.957242 0.215022 0.900284 0.179803 0.897028 0.178137 0.953986
0 0.172072 0.670483 0.177057 0.640048 0.154852 0.628554 0.149867 0.65899
0 0.323724 0.891345 0.337705 0.856994 0.324055 0.839436 0.310075 0.873787
0 0.184988 0.883604 0.191381 0.822202 0.155925 0.810535 0.149532 0.871937
0 0.334018 0.812276 0.329864 0.7525 0.293095 0.760574 0.297248 0.82035
0 0.424348 0.809411 0.451004 0.780833 0.44238 0.755412 0.415724 0.78399
0 0.523957 0.707868 0.527511 0.688734 0.516177 0.68208 0.512622 0.701214
0 0.574377 0.615301 0.576769 0.593561 0.565561 0.589663 0.563168 0.611404
0 0.144957 0.91894 0.16082 0.882946 0.149437 0.86709 0.133573 0.903083
0 0.481354 1.00827 0.488326 0.964021 0.46831 0.954054 0.461339 0.998301
0 0.521407 0.687231 0.525811 0.664519 0.509945 0.654795 0.50554 0.677506
0 0.33784 0.890574 0.364835 0.868869 0.358034 0.842134 0.331039 0.863839
0 0.133973 1.00721 0.148038 0.958937 0.133666 0.945703 0.119601 0.993977
0 0.519041 0.747491 0.52182 0.720171 0.501844 0.713751 0.499066 0.741071
0 0.227231 0.532134 0.231718 0.493257 0.2098 0.485261 0.205312 0.524138
0 0.24202 0.981539 0.262152 0.957164 0.251243 0.92869 0.231112 0.953065
0 0.547489 0.972405 0.553761 0.90903 0.531183 0.901967 0.52491 0.965343
0 0.178445 0.931671 0.179197 0.907517 0.161152 0.90574 0.1604 0.929895
0 0.307221 0.783157 0.311211 0.723837 0.266858 0.714408 0.262868 0.773728
0 0.38819 0.524385 0.388776 0.503704 0.374547 0.502429 0.37396 0.523109
0 0.401558 0.917044 0.405616 0.86968 0.376588 0.86182 0.37253 0.909183
0 0.320068 0.674013 0.320389 0.648058 0.304084 0.64742 0.303763 0.673375
0 0.437071 0.728439 0.43825 0.707109 0.424259 0.704664 0.42308 0.725994
0 0.461446 0.772598 0.46378 0.751896 0.45069 0.747233 0.448357 0.767935
0 0.541741 0.725057 0.548533 0.70618 0.540407 0.696938 0.533614 0.715814
0 0.33174 0.748452 0.335606 0.722086 0.324003 0.71671 0.320138 0.743075
0 0.00239582 1.01423 0.0546889 0.995784 0.0494536 0.948873 -0.00283951 0.967318
0 0.236066 0.7141 0.238961 0.683163 0.22592 0.679307 0.223025 0.710244
0 0.363696 0.591547 0.372386 0.549437 0.357386 0.539654 0.348696 0.581764
0 0.240777 0.955721 0.250963 0.920655 0.235421 0.906387 0.225236 0.941453
0 0.365774 0.796334 0.362341 0.749043 0.328997 0.756691 0.33243 0.803983
0 0.443779 0.83877 0.449304 0.8103 0.423368 0.794392 0.417843 0.822862
0 0.181661 0.792998 0.182371 0.765663 0.167732 0.764462 0.167022 0.791796
0 0.326903 0.906815 0.329711 0.885845 0.316002 0.880042 0.313194 0.901012
0 0.401102 0.743576 0.404346 0.721034 0.393119 0.715927 0.389875 0.738469
0 0.298865 0.851218 0.293799 0.759776 0.243064 0.768659 0.248129 0.860101
0 0.474804 0.873626 0.481905 0.820769 0.455149 0.80941 0.448049 0.862267
0 0.145038 0.612805 0.150447 0.591674 0.137855 0.581485 0.132445 0.602617
0 0.549128 0.906771 0.54971 0.884247 0.532856 0.88287 0.532274 0.905394
0 0.357077 0.82827 0.357468 0.788148 0.331475 0.787348 0.331084 0.82747
0 0.38696 0.747123 0.389744 0.728165 0.378256 0.722833 0.375472 0.741791
0 0.159969 0.642845 0.160575 0.615444 0.14029 0.614028 0.139685 0.64143
0 0.136003 0.893859 0.156232 0.871324 0.148894 0.850505 0.128665 0.87304
0 0.461358 0.90997 0.462665 0.885912 0.447038 0.88323 0.445732 0.907288
0 0.142257 0.629293 0.143423 0.604985 0.127795 0.602617 0.12663 0.626924
0 0.0879022 0.996404 0.0871088 0.971677 0.0659987 0.973817 0.066792 0.998544
0 0.364104 0.752985 0.368666 0.731282 0.354554 0.721906 0.349992 0.743609
0 0.396918 0.817564 0.399395 0.792356 0.387428 0.78864 0.384951 0.813849
0 0.347157 1.00823 0.354325 0.971509 0.336863 0.960737 0.329695 0.997462
0 0.0580059 1.01112 0.0708278 0.975366 0.0566918 0.959345 0.04387 0.9951
0 0.206911 0.909627 0.220731 0.887627 0.205262 0.856915 0.191442 0.878914
0 0.512308 0.696935 0.514226 0.679058 0.503655 0.675475 0.501738 0.693351
0 0.378424 0.958859 0.403864 0.928062 0.390341 0.892758 0.364901 0.923554
0 0.163531 0.482794 0.193639 0.459168 0.185346 0.425767 0.155238 0.449392
0 0.564081 0.781674 0.571035 0.75949 0.555289 0.743889 0.548335 0.766073
0 0.410955 0.827368 0.416165 0.800894 0.403394 0.792951 0.398184 0.819425
0 0.370981 0.629345 0.371159 0.60265 0.350009 0.602203 0.349831 0.628898
0 0.379756 0.547185 0.381563 0.523043 0.358542 0.517598 0.356735 0.541739
0 0.492522 0.907798 0.494493 0.881389 0.479575 0.877872 0.477604 0.90428
0 0.460208 0.93153 0.466046 0.907105 0.454848 0.898647 0.449011 0.923072
0 0.675141 0.581291 0.684024 0.558241 0.667077 0.5376 0.658194 0.560651
0 0.242435 0.504876 0.244053 0.47768 0.229668 0.474976 0.22805 0.502172
0 0.986143 1.0578 1.0131 0.891534 0.841761 0.803737 0.814804 0.970002
0 0.20162 0.638205 0.20544 0.617435 0.19382 0.610682 0.190001 0.631452
0 0.43622 0.895397 0.439794 0.870079 0.428403 0.864997 0.424829 0.890315
0 0.122603 0.816834 0.145622 0.79407 0.138416 0.771041 0.115397 0.793805
0 0.52306 0.725103 0.525443 0.708311 0.513146 0.702795 0.510763 0.719587
0 0.419244 0.738104 0.424446 0.709032 0.410814 0.701323 0.405612 0.730395
0 0.41947 0.928558 0.420442 0.882503 0.40328 0.881359 0.402309 0.927413
0 0.168487 0.620754 0.170942 0.588425 0.155586 0.58474 0.153131 0.617068
0 0.161482 1.00576 0.16531 0.983308 0.154047 0.977238 0.150219 0.999687
0 0.324157 0.852384 0.333058 0.810976 0.319883 0.802026 0.310982 0.843434
0 0.509335 0.920995 0.511661 0.891926 0.493927 0.887442 0.491601 0.916511
0 0.457872 0.749163 0.459855 0.73005 0.451056 0.727165 0.449073 0.746278
0 0.334804 0.911976 0.347361 0.886426 0.337557 0.871197 0.325 0.896747
0 0.340475 0.726 0.347426 0.696073 0.336029 0.687705 0.329077 0.717632
0 0.551062 0.993605 0.55665 0.966976 0.543611 0.958327 0.538022 0.984956
0 0.491588 0.800367 0.518258 0.76415 0.504132 0.731272 0.477461 0.767489
0 0.493411 0.712495 0.49637 0.691941 0.48446 0.686522 0.481501 0.707076
0 0.233529 1.00831 0.249574 0.977709 0.240003 0.96185 0.223958 0.992453
0 0.536459 0.654803 0.540038 0.636556 0.529833 0.630228 0.526253 0.648476
0 0.699959 0.863598 0.704127 0.845513 0.690485 0.835577 0.686317 0.853662
0 0.558788 0.80967 0.566568 0.783602 0.556462 0.774069 0.548682 0.800138
0 0.464777 0.761848 0.470519 0.743904 0.461021 0.734298 0.455279 0.752242
0 0.175567 0.548989 0.19062 0.533857 0.185248 0.516968 0.170195 0.532101
0 0.520999 0.659865 0.523676 0.641855 0.514237 0.63742 0.51156 0.65543
0 0.291874 0.993366 0.301263 0.934128 0.272013 0.919475 0.262624 0.978713
0 0.511632 0.724514 0.516217 0.704726 0.503405 0.695344 0.49882 0.715132
0 0.0469228 0.950067 0.0748678 0.917787 0.0651967 0.891327 0.0372518 0.923607
0 0.302819 0.692018 0.300117 0.662425 0.270252 0.671043 0.272954 0.700636
0 0.674667 0.795506 0.678351 0.775046 0.666728 0.768432 0.663044 0.788892
0 0.407147 0.78736 0.412311 0.749133 0.399051 0.743472 0.393887 0.781698
0 0.470642 0.78679 0.469953 0.765843 0.452245 0.767683 0.452933 0.78863
0 0.260316 0.661774 0.2651 0.640603 0.255483 0.633734 0.250699 0.654906
0 0.43875 0.700651 0.44029 0.682372 0.428779 0.679307 0.427239 0.697587
0 0.316886 0.756989 0.324217 0.736057 0.312654 0.723259 0.305324 0.744191
0 0.407599 0.882636 0.410327 0.861475 0.396283 0.855752 0.393555 0.876913
0 0.508122 0.819148 0.511596 0.787942 0.488689 0.779882 0.485215 0.811088
0 0.345548 0.601531 0.351645 0.574271 0.334137 0.561896 0.32804 0.589155
0 0.386182 0.780745 0.389781 0.7524 0.374387 0.746222 0.370788 0.774567
0 0.323439 0.932602 0.323212 0.893732 0.299636 0.894169 0.299863 0.933038
0 0.492112 0.93343 0.496124 0.905653 0.480146 0.898361 0.476135 0.926138
0 0.571145 0.909643 0.574919 0.883288 0.562727 0.877771 0.558954 0.904126
0 0.499308 0.952905 0.506178 0.918474 0.493313 0.910362 0.486443 0.944793
0 0.0672677 0.983219 0.0784001 0.955998 0.0669781 0.941235 0.0558456 0.968455
0 0.550648 0.67833 0.554588 0.657195 0.538428 0.647672 0.534487 0.668807
0 0.184404 0.611501 0.183001 0.5715 0.166656 0.573311 0.168059 0.613313
0 0.27153 0.997033 0.275259 0.970402 0.262832 0.964902 0.259103 0.991532
0 0.420239 0.659323 0.431184 0.638531 0.422836 0.624643 0.411891 0.645435
0 0.517067 0.613157 0.518073 0.590355 0.504461 0.588457 0.503455 0.611259
0 0.507298 0.640596 0.509677 0.617382 0.495685 0.61285 0.493307 0.636064
0 0.391377 0.850015 0.399792 0.827103 0.389888 0.815606 0.381473 0.838517
0 0.300572 0.998505 0.306785 0.974894 0.293876 0.964159 0.287663 0.98777
0 0.321326 0.975088 0.338512 0.924875 0.32055 0.905444 0.303364 0.955657
0 0.668313 0.681687 0.67297 0.662675 0.660638 0.653128 0.655981 0.67214
0 0.377911 0.760167 0.37973 0.735688 0.365715 0.732395 0.363895 0.756875
0 0.319764 1.00394 0.331578 0.967977 0.31866 0.954567 0.306846 0.990534
0 0.367537 0.649374 0.365901 0.622914 0.345847 0.626834 0.347484 0.653294
0 0.559876 0.897277 0.56233 0.875593 0.551064 0.871563 0.54861 0.893247
0 0.419572 0.78964 0.430919 0.76217 0.418782 0.746327 0.407436 0.773797
0 0.365887 0.769231 0.368674 0.751644 0.354852 0.744721 0.352065 0.762308
0 0.437411 0.764003 0.438947 0.747052 0.428914 0.744177 0.427377 0.761128
0 0.560602 0.694536 0.562587 0.67596 0.551564 0.672237 0.549579 0.690813
0 0.382098 0.857214 0.38517 0.83764 0.374191 0.832193 0.371118 0.851767
0 0.525374 0.769749 0.528024 0.75123 0.515102 0.745387 0.512452 0.763906
0 0.149844 0.58409 0.151378 0.56402 0.139388 0.561124 0.137854 0.581194
0 0.664718 0.629626 0.666313 0.60956 0.654953 0.606708 0.653359 0.626774
0 0.198483 0.735142 0.202701 0.710847 0.185827 0.701589 0.18161 0.725884
0 0.442544 1.0091 0.451397 0.976138 0.438297 0.965019 0.429443 0.997986
0 0.271979 0.936326 0.280812 0.897237 0.268784 0.888647 0.259952 0.927736
0 0.694939 0.588825 0.703913 0.566348 0.685619 0.543263 0.676645 0.565739
0 0.134965 0.831133 0.152543 0.805637 0.144118 0.787279 0.12654 0.812775
0 0.433028 0.868897 0.437693 0.842008 0.4265 0.835871 0.421836 0.862759
0 0.487587 0.762899 0.49051 0.741399 0.478309 0.736155 0.475385 0.757655
0 0.13654 0.594081 0.139286 0.573951 0.128611 0.569348 0.125865 0.589478
0 0.173506 0.984916 0.176748 0.961298 0.161035 0.954482 0.157793 0.9781
0 0.479462 0.967422 0.492505 0.931214 0.478729 0.915529 0.465685 0.951736
0 0.0496987 0.974221 0.0687017 0.95243 0.061207 0.931774 0.042204 0.953565
0 0.49967 0.654682 0.501247 0.637914 0.491212 0.63493 0.489635 0.651698
0 0.365973 0.737944 0.378136 0.722188 0.365189 0.6906 0.353026 0.706356
0 0.108104 0.982225 0.122363 0.963997 0.115052 0.945922 0.100793 0.96415
0 0.4114 0.956142 0.41556 0.933664 0.399985 0.924554 0.395825 0.947031
0 0.191694 0.912388 0.196389 0.880523 0.180918 0.873318 0.176222 0.905183
0 0.101741 0.946056 0.122516 0.919249 0.113327 0.896744 0.092553 0.92355
0 0.49182 0.75826 0.498183 0.737946 0.488353 0.728214 0.48199 0.748527
0 0.399415 0.498569 0.400938 0.483136 0.390507 0.479884 0.388984 0.495317
0 0.468969 0.729336 0.470975 0.707713 0.459037 0.704212 0.457031 0.725836
0 0.563683 0.67737 0.566285 0.65835 0.553813 0.652957 0.55121 0.671977
0 0.449195 0.897736 0.450875 0.873039 0.436939 0.870041 0.435258 0.894738
0 0.328881 0.523963 0.332847 0.493499 0.317804 0.48731 0.313839 0.517774
0 0.51225 0.89594 0.513697 0.870862 0.492756 0.867043 0.491309 0.892121
0 0.0800635 0.960416 0.0911798 0.934556 0.078688 0.917585 0.0675717 0.943446
0 0.420591 0.854514 0.428097 0.83238 0.419139 0.822779 0.411633 0.844913
0 0.674059 0.658587 0.676266 0.642263 0.665319 0.637585 0.663112 0.653909
0 0.419031 0.755189 0.421909 0.736695 0.410167 0.73092 0.40729 0.749415
0 0.473413 0.908733 0.48025 0.881042 0.468417 0.871807 0.461579 0.899498
0 0.45009 0.724203 0.452304 0.707179 0.442249 0.703046 0.440035 0.72007
0 0.209635 0.987521 0.215842 0.95325 0.194892 0.941259 0.188686 0.975529
0 0.311848 0.84739 0.315315 0.816909 0.298163 0.810741 0.294696 0.841223
0 0.162264 0.958856 0.167426 0.929436 0.153014 0.921445 0.147853 0.950866
0 0.534816 0.597632 0.535681 0.57558 0.522552 0.573952 0.521686 0.596003
0 0.337717 0.699435 0.343344 0.676023 0.332106 0.667487 0.326479 0.690899
0 0.402142 0.51964 0.404245 0.498622 0.393084 0.495093 0.390981 0.516111
0 0.531333 0.860495 0.541113 0.839632 0.530519 0.823936 0.520739 0.844799
0 0.471744 0.65651 0.472545 0.639879 0.463673 0.63853 0.462872 0.655161
0 0.409018 0.669084 0.418877 0.652202 0.411726 0.639001 0.401866 0.655883
0 0.486445 0.825088 0.492072 0.79709 0.473527 0.78531 0.4679 0.813308
0 0.225774 0.590222 0.227437 0.573528 0.216999 0.570242 0.215336 0.586936
0 0.532063 0.671686 0.534435 0.651792 0.523269 0.647584 0.520897 0.667478
0 0.527772 0.798153 0.530142 0.767176 0.507626 0.761733 0.505257 0.79271
0 0.399528 0.718334 0.400554 0.702488 0.390195 0.70037 0.38917 0.716216
0 0.197651 0.657446 0.201776 0.641563 0.192706 0.634117 0.18858 0.649999
0 0.465208 0.891761 0.467751 0.868862 0.455048 0.864405 0.452506 0.887304
0 0.263785 0.453265 0.27011 0.434245 0.260776 0.424435 0.254451 0.443455
0 0.164412 0.302621 0.16154 0.257579 0.140875 0.261743 0.143747 0.306785
0 0.149011 0.709866 0.156327 0.680784 0.134536 0.663459 0.12722 0.692541
0 0.299822 0.982516 0.309221 0.946897 0.29576 0.935669 0.28636 0.971288
0 0.597861 0.732906 0.598961 0.697544 0.580827 0.695762 0.579728 0.731123
0 0.645449 0.952025 0.652192 0.931771 0.643417 0.922539 0.636674 0.942794
0 0.194816 0.802614 0.195838 0.775714 0.18334 0.774214 0.182318 0.801114
0 0.388457 0.724519 0.390533 0.707797 0.379401 0.70343 0.377325 0.720153
0 0.172874 0.909416 0.176508 0.888153 0.164216 0.881515 0.160583 0.902778
0 0.154557 0.976474 0.16121 0.953374 0.15095 0.944036 0.144297 0.967136
0 0.689652 0.629711 0.691369 0.604764 0.676611 0.601555 0.674894 0.626502
0 0.416068 0.686135 0.425504 0.663995 0.416694 0.652129 0.407259 0.674268
0 0.302395 0.939959 0.305263 0.915168 0.289788 0.909509 0.28692 0.9343
0 0.245354 0.899292 0.248121 0.875888 0.236004 0.87136 0.233236 0.894764
0 0.549532 0.541983 0.550793 0.524225 0.539742 0.521744 0.538481 0.539503
0 0.463626 0.71213 0.466053 0.693289 0.454942 0.688765 0.452515 0.707607
0 0.335525 0.983323 0.353798 0.922736 0.325994 0.896232 0.30772 0.956818
0 0.406234 0.85433 0.419453 0.831539 0.410583 0.81528 0.397364 0.83807
0 0.473703 0.707956 0.47631 0.689274 0.465989 0.684723 0.463382 0.703404
0 0.272869 0.656047 0.27852 0.631953 0.268371 0.624431 0.26272 0.648524
0 0.415953 0.739543 0.419333 0.709867 0.40397 0.704337 0.40059 0.734013
0 0.682445 0.721426 0.683448 0.691083 0.668905 0.689562 0.667901 0.719905
0 0.649391 0.705525 0.644363 0.570493 0.562312 0.580149 0.56734 0.715181
0 0.248615 0.700408 0.252298 0.680562 0.242709 0.674937 0.239026 0.694783
0 0.198234 0.591083 0.200585 0.569318 0.188689 0.565258 0.186338 0.587023
0 0.183746 0.653246 0.186747 0.624915 0.174182 0.620709 0.171182 0.64904
0 0.211417 0.999869 0.213668 0.976988 0.200919 0.973024 0.198667 0.995905
0 0.400592 0.707686 0.406222 0.684503 0.395237 0.676071 0.389607 0.699254
0 0.40364 0.590187 0.406398 0.55985 0.383299 0.553213 0.380542 0.58355
0 0.18202 0.644656 0.183985 0.618191 0.173125 0.615643 0.17116 0.642108
0 0.206967 0.540674 0.211305 0.519027 0.199529 0.511569 0.195191 0.533216
0 0.443389 0.587319 0.445722 0.562176 0.432065 0.558171 0.429732 0.583314
0 0.0412612 0.932096 0.0432106 0.897009 0.0221427 0.89331 0.0201933 0.928396
0 0.546212 0.801514 0.558588 0.770225 0.544505 0.75262 0.532129 0.783908
0 0.235499 0.452686 0.233511 0.426565 0.213407 0.431401 0.215395 0.457521
0 0.532533 0.714479 0.543474 0.697529 0.537311 0.684956 0.52637 0.701906
0 0.191233 0.706213 0.200372 0.683475 0.181967 0.660097 0.172829 0.682834
0 0.358901 0.984962 0.365322 0.958739 0.355543 0.951172 0.349122 0.977395
0 0.396528 0.591976 0.399412 0.558917 0.374113 0.55194 0.371228 0.584999
0 0.527883 0.642061 0.528298 0.61984 0.515412 0.619079 0.514997 0.641299
0 0.557689 0.861546 0.560728 0.838729 0.550363 0.834366 0.547324 0.857183
0 0.171718 0.777109 0.173406 0.747567 0.156895 0.744586 0.155207 0.774128
0 0.185333 0.573832 0.188293 0.549157 0.17239 0.543127 0.16943 0.567802
0 0.374069 0.878803 0.379997 0.857981 0.36689 0.846189 0.360963 0.86701
0 0.314701 0.888066 0.318604 0.863609 0.304038 0.856263 0.300135 0.880721
0 0.224845 0.959364 0.230994 0.930853 0.218676 0.922457 0.212528 0.950969
0 0.123848 0.91571 0.127891 0.887481 0.112874 0.880684 0.108831 0.908912
0 0.549017 0.860903 0.550439 0.839808 0.541194 0.837838 0.539772 0.858933
0 0.370421 0.816437 0.374495 0.787393 0.36167 0.781707 0.357596 0.810752
0 0.454577 0.878715 0.457493 0.854191 0.443672 0.848997 0.440756 0.873522
0 0.570143 0.883455 0.57258 0.85477 0.556985 0.850582 0.554547 0.879266
0 0.495101 1.01535 0.513383 0.98716 0.500425 0.960597 0.482143 0.988785
0 0.570402 0.588194 0.576882 0.566317 0.567772 0.557789 0.561292 0.579666
0 0.12243 0.562408 0.121896 0.539086 0.102703 0.540476 0.103238 0.563797
0 0.551714 0.643141 0.554442 0.62415 0.54168 0.618357 0.538952 0.637348
0 0.298956 0.734225 0.307945 0.707794 0.290954 0.689531 0.281965 0.715962
0 0.637951 1.00491 0.639053 0.982628 0.626966 0.980741 0.625865 1.00302
0 0.414831 0.57621 0.418489 0.560135 0.409269 0.553503 0.40561 0.569578
0 0.395983 0.863789 0.40572 0.843487 0.39761 0.831194 0.387873 0.851496
0 0.732163 0.717502 0.743735 0.697644 0.735849 0.683122 0.724278 0.702979
0 0.22089 0.872462 0.221822 0.851621 0.208426 0.849727 0.207494 0.870567
0 0.353909 0.860114 0.360962 0.827243 0.343739 0.815564 0.336686 0.848434
0 0.396895 0.759763 0.400126 0.736972 0.390419 0.732623 0.387188 0.755414
0 0.157026 0.833086 0.167988 0.799224 0.155507 0.786454 0.144545 0.820316
0 0.424016 0.751433 0.42543 0.732337 0.410982 0.728955 0.409567 0.748051
0 0.411119 0.499019 0.412821 0.484386 0.403256 0.480869 0.401553 0.495502
0 0.257236 1.00213 0.262303 0.972412 0.248353 0.964896 0.243286 0.994615
0 0.421487 0.699234 0.426802 0.682046 0.418875 0.674298 0.41356 0.691486
0 0.189414 0.625112 0.19551 0.610361 0.187396 0.599762 0.181299 0.614513
0 0.632068 0.548384 0.636179 0.531068 0.621842 0.520308 0.61773 0.537623
0 0.406462 0.568376 0.409985 0.551677 0.402143 0.546448 0.39862 0.563147
0 0.547886 0.588384 0.549606 0.572817 0.539683 0.569352 0.537963 0.584919
0 0.515787 0.865079 0.524416 0.835187 0.515338 0.826904 0.506709 0.856797
0 0.486535 0.726444 0.488319 0.71092 0.47779 0.707095 0.476006 0.722619
0 0.637965 0.701579 0.64155 0.679455 0.630223 0.673655 0.626638 0.695779
0 0.510209 0.841481 0.520252 0.814702 0.5106 0.803261 0.500556 0.83004
0 0.132464 0.781119 0.132528 0.760334 0.115295 0.760167 0.115231 0.780951
0 0.569081 0.834188 0.572397 0.809181 0.561783 0.804734 0.558467 0.829741
0 0.170693 0.727722 0.17638 0.704753 0.166467 0.696996 0.16078 0.719964
0 0.0375107 0.967007 0.0572961 0.926872 0.0468315 0.910568 0.0270462 0.950703
0 0.18891 0.670174 0.192513 0.652158 0.182203 0.64564 0.178599 0.663656
0 0.123829 0.641495 0.129384 0.617427 0.116695 0.608171 0.111141 0.63224
0 0.18696 0.971075 0.189118 0.94536 0.17796 0.9424 0.175802 0.968116
0 0.709218 0.850357 0.713783 0.823712 0.697283 0.814777 0.692718 0.841421
0 0.523289 1.00625 0.532966 0.970754 0.521308 0.96071 0.511631 0.996206
0 0.369913 0.915061 0.371961 0.883779 0.357544 0.880797 0.355497 0.912079
0 0.354286 0.94719 0.367381 0.916729 0.346575 0.888459 0.33348 0.91892
0 0.222362 0.546231 0.229645 0.525573 0.220467 0.515348 0.213184 0.536005
0 0.537352 0.87948 0.5378 0.85413 0.520534 0.853167 0.520086 0.878516
0 0.328988 0.85413 0.33826 0.821358 0.325786 0.810205 0.316515 0.842977
0 0.47976 0.819259 0.482557 0.791485 0.46617 0.78627 0.463373 0.814045
0 0.331624 0.995147 0.339718 0.958892 0.322717 0.946897 0.314623 0.983152
0 0.283773 0.735205 0.294033 0.706139 0.280556 0.691104 0.270296 0.72017
0 0.396649 0.542723 0.40036 0.528001 0.391078 0.520607 0.387367 0.535328
0 0.650799 0.812873 0.653307 0.791653 0.639639 0.786549 0.637131 0.807768
0 0.135306 0.850931 0.139109 0.825735 0.122365 0.817749 0.118563 0.842945
0 0.0111155 0.862099 0.0134938 0.837869 0.00112241 0.834031 -0.00125587 0.858261
0 0.143823 0.75425 0.146499 0.73073 0.132988 0.725873 0.130312 0.749392
0 0.65464 0.85889 0.656578 0.83935 0.642415 0.834911 0.640477 0.854451
0 0.370993 0.542341 0.371466 0.520783 0.354208 0.519587 0.353735 0.541145
0 0.307926 1.00943 0.309985 0.991243 0.29263 0.985033 0.290571 1.00322
0 0.541975 0.804132 0.555021 0.779629 0.545679 0.763909 0.532633 0.788411
0 0.289502 0.911852 0.296087 0.884476 0.283162 0.87465 0.276577 0.902026
0 0.407919 0.619082 0.412066 0.601972 0.403203 0.595182 0.399056 0.612292
0 0.557303 0.923452 0.564527 0.904905 0.551978 0.889456 0.544754 0.908002
0 0.38638 0.474411 0.387346 0.458961 0.378309 0.457176 0.377344 0.472626
0 0.255929 0.761048 0.267075 0.735026 0.254963 0.718629 0.243817 0.744651
0 0.13495 0.719976 0.135505 0.693411 0.114516 0.692027 0.113962 0.718592
0 0.116301 0.603553 0.116562 0.584479 0.101028 0.583808 0.100767 0.602882
0 0.264019 0.692596 0.264988 0.675132 0.25307 0.673042 0.252101 0.690505
0 0.171985 0.630136 0.172753 0.611607 0.161568 0.61014 0.160799 0.628669
0 0.0383723 0.971494 0.0543291 0.943728 0.043582 0.924208 0.0276252 0.951974
0 0.261451 0.678772 0.264298 0.662714 0.25468 0.657324 0.251833 0.673383
0 0.652328 0.716964 0.65361 0.68711 0.6367 0.684815 0.635418 0.714669
0 0.51584 0.839787 0.526754 0.810087 0.515411 0.796912 0.504496 0.826611
0 0.220983 1.00533 0.221961 0.98755 0.2094 0.985368 0.208422 1.00315
0 0.365034 0.666461 0.366399 0.650429 0.35618 0.647679 0.354815 0.663711
0 0.481923 0.788192 0.486179 0.766725 0.475184 0.759836 0.470928 0.781303
0 0.252537 0.571017 0.257758 0.529916 0.237944 0.521961 0.232723 0.563062
0 0.145252 0.684966 0.143799 0.627098 0.101336 0.630468 0.10279 0.688336
0 0.438392 0.654788 0.441104 0.631591 0.43126 0.627953 0.428548 0.65115
0 0.434547 0.731269 0.435322 0.712138 0.422581 0.710505 0.421805 0.729636
0 0.135737 0.558514 0.14466 0.527987 0.131056 0.515419 0.122133 0.545946
0 0.175613 0.686232 0.177781 0.665349 0.163962 0.660817 0.161795 0.6817
0 0.639227 0.75506 0.64518 0.740573 0.63562 0.728157 0.629667 0.742643
0 0.433656 0.741352 0.43467 0.723775 0.422878 0.721624 0.421863 0.739202
0 0.562646 0.636213 0.566799 0.617193 0.555351 0.609293 0.551198 0.628313
0 0.196203 0.833998 0.199915 0.807792 0.184193 0.800754 0.180481 0.82696
0 0.363063 0.725513 0.374658 0.712669 0.364123 0.682612 0.352528 0.695456
0 0.61877 0.535547 0.626206 0.508988 0.610711 0.495277 0.603275 0.521836
0 0.0257026 0.859873 0.043664 0.838317 0.0357585 0.817498 0.017797 0.839054
0 0.428177 0.648859 0.429545 0.626125 0.418456 0.624017 0.417088 0.64675
0 0.445261 0.679166 0.447563 0.661764 0.436468 0.657124 0.434166 0.674526
0 0.705573 0.652653 0.714519 0.608306 0.695068 0.595907 0.686123 0.640254
0 0.244486 0.529342 0.248296 0.503036 0.235749 0.497293 0.231939 0.523599
0 0.663241 0.65205 0.664672 0.636534 0.65483 0.633664 0.653399 0.64918
0 0.20024 0.508253 0.203576 0.487779 0.18866 0.480096 0.185323 0.500571
0 0.190471 0.76135 0.202668 0.742021 0.194622 0.725973 0.182424 0.745301
0 0.125233 0.953967 0.136351 0.921903 0.125242 0.909728 0.114124 0.941792
0 0.170916 0.756064 0.174605 0.730512 0.161744 0.724644 0.158055 0.750195
0 0.194386 0.560671 0.199943 0.534709 0.187989 0.526622 0.182432 0.552584
0 0.688705 0.756876 0.69277 0.739687 0.681348 0.731151 0.677283 0.74834
0 0.387364 0.503109 0.388853 0.486978 0.378304 0.483901 0.376816 0.500032
0 0.464768 0.488607 0.46931 0.473658 0.45677 0.461618 0.452229 0.476567
0 0.376264 0.519301 0.376622 0.504145 0.365698 0.503329 0.36534 0.518485
0 0.688837 0.820656 0.68954 0.794637 0.673055 0.793228 0.672351 0.819247
0 0.3676 0.859071 0.372294 0.833819 0.358665 0.825813 0.353971 0.851065
0 0.361622 0.651343 0.360835 0.626365 0.340343 0.628405 0.34113 0.653383
0 0.538528 0.740498 0.540888 0.721047 0.531676 0.717513 0.529315 0.736964
0 0.23389 0.030507 0.240532 0.00566426 0.220472 -0.0112873 0.21383 0.0135554
0 0.838076 0.16628 0.834284 0.106938 0.798314 0.114202 0.802105 0.173544
0 0.239088 0.898028 0.242255 0.878551 0.230493 0.872506 0.227326 0.891983
0 0.26116 0.49993 0.26416 0.4807 0.253084 0.475238 0.250084 0.494469
0 0.128879 0.875712 0.130492 0.851048 0.111918 0.847209 0.110305 0.871872
0 0.648769 0.999376 0.651944 0.975603 0.641422 0.971161 0.638247 0.994934
0 0.623461 0.568691 0.627512 0.552812 0.613276 0.541333 0.609224 0.557212
0 0.397995 0.483216 0.399444 0.465814 0.38852 0.46294 0.387071 0.480342
0 0.48964 0.623132 0.493546 0.604408 0.483358 0.597691 0.479452 0.616415
0 0.400689 0.607617 0.403029 0.58782 0.391594 0.583549 0.389255 0.603346
0 0.524212 0.537604 0.526251 0.498446 0.506335 0.495169 0.504297 0.534328
0 0.0646049 0.876607 0.117579 0.841991 0.106141 0.786669 0.053167 0.821285
0 0.160087 0.5411 0.169875 0.522824 0.161901 0.509327 0.152113 0.527603
0 0.479805 0.963417 0.484007 0.931533 0.470117 0.925747 0.465915 0.957631
0 0.702139 0.613032 0.703553 0.588687 0.687658 0.585769 0.686244 0.610115
0 0.34026 0.533077 0.342591 0.513646 0.331334 0.509378 0.329002 0.528808
0 0.383435 0.837083 0.38582 0.812072 0.373476 0.808351 0.37109 0.833362
0 0.389889 0.531064 0.391628 0.51344 0.379955 0.5098 0.378216 0.527424
0 0.0974089 1.00985 0.120893 0.994342 0.115666 0.969318 0.0921814 0.984822
0 0.154026 0.760834 0.154282 0.737853 0.14079 0.737378 0.140534 0.760359
0 0.475505 0.769222 0.476369 0.75024 0.463096 0.74833 0.462232 0.767311
0 0.3471 0.703834 0.354164 0.679947 0.344551 0.670962 0.337487 0.694848
0 0.69155 0.886482 0.691978 0.857935 0.67722 0.857237 0.676793 0.885784
0 0.673493 0.75483 0.676911 0.735917 0.663179 0.728074 0.659761 0.746987
0 0.364369 0.711467 0.370607 0.688754 0.356974 0.67692 0.350736 0.699633
0 0.557432 0.72155 0.560552 0.699851 0.548799 0.694511 0.545679 0.716209
0 0.213154 0.604691 0.214015 0.589444 0.204045 0.587664 0.203183 0.602911
0 0.440836 0.70759 0.443634 0.689249 0.431908 0.683596 0.42911 0.701937
0 0.313865 0.522856 0.315525 0.503888 0.304814 0.500925 0.303154 0.519893
0 0.529239 0.879856 0.531148 0.855635 0.517641 0.85227 0.515731 0.876491
0 0.133118 0.953435 0.145629 0.921695 0.136575 0.910416 0.124064 0.942156
0 0.527351 0.812345 0.52904 0.790096 0.514306 0.786561 0.512617 0.808811
0 0.181136 0.433653 0.201262 0.407673 0.191631 0.384092 0.171504 0.410072
0 0.488681 0.846431 0.494006 0.830511 0.485466 0.821482 0.48014 0.837403
0 0.0886742 0.976531 0.0944563 0.9456 0.0802094 0.937183 0.0744273 0.968114
0 0.384617 0.796647 0.385786 0.774153 0.372186 0.77192 0.371017 0.794414
0 0.534485 0.628504 0.536884 0.612322 0.528771 0.608521 0.526372 0.624704
0 0.437308 0.62264 0.441051 0.604926 0.431323 0.59843 0.427581 0.616145
0 0.54164 0.624581 0.54342 0.609087 0.534224 0.605747 0.532443 0.621241
0 0.162823 0.734076 0.166799 0.703094 0.155603 0.698553 0.151627 0.729535
0 0.54587 0.563364 0.547468 0.545781 0.538502 0.543206 0.536905 0.560789
0 0.410581 0.723979 0.414234 0.7033 0.403668 0.697402 0.400016 0.718081
0 0.192473 0.442403 0.199059 0.42144 0.187351 0.409815 0.180765 0.430778
0 0.200044 0.569271 0.204814 0.548025 0.195311 0.541283 0.190541 0.562529
0 0.188211 1.00292 0.189022 0.98008 0.175947 0.978613 0.175136 1.00145
0 0.461203 0.451213 0.468897 0.432848 0.46138 0.422895 0.453686 0.44126
0 0.355421 0.967445 0.363098 0.94362 0.352075 0.932396 0.344399 0.956221
0 0.633899 0.556202 0.635846 0.536911 0.621623 0.532374 0.619676 0.551665
0 0.568461 0.860133 0.576816 0.833611 0.566659 0.823498 0.558304 0.850019
0 0.53553 0.896736 0.536355 0.876212 0.52527 0.874805 0.524446 0.895329
0 0.63276 0.528513 0.637207 0.508777 0.623309 0.498878 0.618861 0.518613
0 0.175038 0.951788 0.176098 0.929662 0.160655 0.927324 0.159595 0.949449
0 0.277283 0.643613 0.277952 0.624321 0.266726 0.623092 0.266058 0.642384
0 0.236038 0.758536 0.244997 0.740629 0.237292 0.728446 0.228333 0.746354
0 0.534164 0.696417 0.541347 0.678081 0.533591 0.66848 0.526409 0.686816
0 0.0493863 0.813133 0.0650739 0.721719 0.00928859 0.691462 -0.00639904 0.782877
0 0.654 1.0264 0.827828 0.883178 0.798651 0.771254 0.624822 0.914472
0 0.194735 0.793066 0.197008 0.76741 0.186174 0.764376 0.1839 0.790031
0 0.245876 0.799015 0.2659 0.758653 0.247824 0.730311 0.2278 0.770673
0 0.424141 0.614082 0.430242 0.58956 0.419885 0.581417 0.413784 0.605939
0 0.503947 0.634792 0.505541 0.614495 0.493357 0.61147 0.491763 0.631768
0 0.535056 0.706583 0.547815 0.691333 0.542815 0.678111 0.530056 0.693361
0 0.648888 0.976299 0.652942 0.954744 0.64158 0.94799 0.637526 0.969544
0 0.42037 0.63606 0.425627 0.61386 0.416221 0.60682 0.410964 0.62902
0 0.637604 0.580635 0.642748 0.563614 0.631102 0.552491 0.625958 0.569511
0 0.247602 0.916432 0.250129 0.897474 0.239957 0.89319 0.237431 0.912147
0 0.293417 0.929247 0.299616 0.9028 0.289233 0.895108 0.283033 0.921555
0 0.348077 0.737919 0.350968 0.713415 0.337954 0.708561 0.335062 0.733065
0 0.0090129 0.838146 0.0308124 0.812234 0.025012 0.796811 0.00321246 0.822723
0 0.278922 0.551789 0.279529 0.534359 0.269779 0.533287 0.269172 0.550716
0 0.185211 1.00244 0.186049 0.982545 0.172093 0.980688 0.171255 1.00058
0 0.0778008 0.905346 0.0810509 0.874878 0.0618676 0.868411 0.0586175 0.898879
0 0.753853 1.01722 0.764312 0.966025 0.729717 0.943689 0.719258 0.994888
0 0.0112253 0.605 0.0169683 0.560659 0.00560939 0.556009 -0.000133638 0.60035
0 0.524337 0.550136 0.527774 0.529433 0.517749 0.524173 0.514312 0.544875
0 0.226245 0.995063 0.229274 0.974038 0.214794 0.967444 0.211765 0.98847
0 0.265437 1.00646 0.26838 0.977828 0.25145 0.972327 0.248506 1.00096
0 0.375503 0.503098 0.376827 0.486126 0.367012 0.483707 0.365688 0.500679
0 0.559245 0.827431 0.56175 0.805573 0.550493 0.801495 0.547988 0.823353
0 0.719764 0.821973 0.728423 0.802866 0.714313 0.782659 0.705655 0.801766
0 0.00859314 0.931831 0.00956059 0.902707 -0.00148892 0.901547 -0.00245637 0.930671
0 0.489245 0.828199 0.492581 0.802731 0.477589 0.796524 0.474252 0.821992
0 0.184779 0.769485 0.186611 0.75388 0.176938 0.750292 0.175106 0.765897
0 0.00912709 0.823644 0.022511 0.795757 0.0108188 0.778022 -0.00256503 0.80591
0 0.471353 0.673168 0.472275 0.65828 0.464055 0.656671 0.463133 0.671559
0 0.37969 0.549602 0.380389 0.530906 0.36689 0.52931 0.36619 0.548006
0 0.419606 0.588266 0.421493 0.572124 0.41332 0.569104 0.411433 0.585246
0 0.160972 0.699605 0.164757 0.675836 0.152609 0.669722 0.148824 0.693492
0 0.344641 0.503541 0.346198 0.480849 0.332548 0.477889 0.330991 0.500581
0 0.163755 0.777029 0.164255 0.750341 0.149437 0.749464 0.148937 0.776152
0 0.115851 0.975514 0.124296 0.947851 0.112866 0.936824 0.104421 0.964487
0 0.270649 0.531771 0.271391 0.515355 0.26024 0.513762 0.259499 0.530178
0 0.412423 0.524216 0.415989 0.506747 0.406167 0.500411 0.402601 0.51788
0 0.154724 0.995203 0.160207 0.972284 0.150318 0.964807 0.144835 0.987727
0 0.312298 0.998277 0.317163 0.973315 0.304838 0.965722 0.299973 0.990684
0 0.343819 0.758303 0.348486 0.73872 0.337739 0.730626 0.333073 0.750209
0 0.413665 0.706958 0.420029 0.690304 0.412021 0.680633 0.405657 0.697287
0 0.490743 0.664259 0.492852 0.650392 0.483308 0.645804 0.481199 0.659671
0 0.414248 0.804987 0.420522 0.789136 0.411868 0.778311 0.405594 0.794161
0 0.463653 0.954288 0.46959 0.925411 0.455895 0.916512 0.449958 0.945389
0 0.147522 0.999927 0.154392 0.968146 0.144113 0.961123 0.137242 0.992904
0 0.379849 0.636729 0.383065 0.612518 0.37255 0.608104 0.369334 0.632315
0 0.366554 0.971247 0.378168 0.943953 0.36833 0.930723 0.356716 0.958016
0 0.539142 0.577151 0.541268 0.562867 0.532018 0.558515 0.529891 0.5728
0 0.412827 0.596284 0.415491 0.5778 0.405148 0.573088 0.402483 0.591571
0 0.179891 0.721136 0.186353 0.699835 0.17821 0.692027 0.171747 0.713328
0 0.246445 0.721588 0.248879 0.700389 0.238789 0.696729 0.236356 0.717928
0 0.637352 0.730731 0.640934 0.709875 0.6288 0.703288 0.625218 0.724145
0 0.121867 0.994383 0.133782 0.966194 0.125054 0.954534 0.113139 0.982723
0 0.589396 0.518819 0.591281 0.491673 0.575482 0.488205 0.573596 0.515351
0 0.5297 0.732986 0.53061 0.71514 0.520697 0.713544 0.519788 0.731391
0 0.44105 0.894401 0.445368 0.87009 0.433594 0.863482 0.429277 0.887792
0 0.497027 0.745425 0.499566 0.724353 0.490579 0.72093 0.48804 0.742002
0 0.495011 0.807068 0.512192 0.772735 0.495842 0.746876 0.478661 0.781209
0 0.31163 0.983312 0.316536 0.957723 0.306206 0.951465 0.301301 0.977053
0 0.564788 1.0053 0.565486 0.984178 0.548215 0.982374 0.547517 1.0035
0 0.0218878 0.831917 0.0298481 0.802475 0.0153913 0.790121 0.00743098 0.819564
0 0.156118 0.927984 0.164884 0.898795 0.154341 0.888789 0.145576 0.917978
0 0.312493 0.949157 0.321789 0.917691 0.309004 0.905754 0.299708 0.93722
0 0.360269 0.859142 0.36744 0.83429 0.35587 0.82374 0.348699 0.848592
0 0.200019 0.851927 0.202331 0.830163 0.19222 0.826768 0.189908 0.848532
0 0.545374 0.886413 0.546374 0.867084 0.534286 0.865107 0.533286 0.884436
0 0.0105071 0.90582 0.0141995 0.882939 0.00349604 0.87748 -0.000196365 0.900361
0 0.596677 0.552825 0.601359 0.521941 0.577709 0.510611 0.573027 0.541495
0 0.461725 0.697324 0.463135 0.682726 0.454798 0.680182 0.453389 0.694779
0 0.32978 0.779601 0.330921 0.74966 0.305998 0.746659 0.304858 0.776599
0 0.546144 0.608935 0.547199 0.594836 0.538854 0.592862 0.537799 0.606961
0 0.464036 0.947483 0.469768 0.916283 0.45976 0.910471 0.454027 0.941671
0 0.360525 0.67264 0.361939 0.656505 0.352662 0.653934 0.351247 0.670069
0 0.048363 0.571717 0.0501328 0.550361 0.0353278 0.546483 0.033558 0.56784
0 0.386675 0.621534 0.392416 0.608211 0.384845 0.5979 0.379104 0.611224
0 0.417686 0.487314 0.419328 0.470759 0.40988 0.467797 0.408238 0.484351
0 0.395303 0.690594 0.400955 0.665919 0.390377 0.65826 0.384725 0.682935
0 0.674601 0.834798 0.676035 0.817977 0.664652 0.81491 0.663218 0.831732
0 0.190216 0.444835 0.199229 0.429154 0.192455 0.416849 0.183443 0.43253
0 0.339004 0.301538 0.366099 0.295174 0.353713 0.128492 0.326618 0.134855
