0 0.223582 0.92414 0.247267 0.870513 0.227832 0.843384 0.204147 0.897011
0 0.508948 0.874528 0.509625 0.830125 0.483949 0.828888 0.483271 0.873291
0 0.321501 0.89955 0.384167 0.844821 0.362066 0.764843 0.2994 0.819572
0 0.382686 0.759094 0.38497 0.70396 0.353965 0.699902 0.351682 0.755036
0 0.026072 1.00655 0.070277 0.968961 0.054772 0.911326 0.0105671 0.948911
0 0.547672 0.945062 0.554503 0.901805 0.533261 0.891203 0.52643 0.934459
0 0.209944 0.814305 0.219664 0.794623 0.208371 0.776997 0.198651 0.79668
0 0.0973 0.81513 0.109057 0.772207 0.0936268 0.758848 0.0818694 0.801771
0 0.20131 0.841487 0.221442 0.818805 0.213688 0.797054 0.193556 0.819736
0 0.263535 0.719308 0.275112 0.687925 0.251943 0.660914 0.240366 0.692296
0 0.0208214 1.00161 0.0200275 0.962701 -0.00248613 0.964153 -0.00169221 1.00307
0 0.511365 0.849167 0.522297 0.830436 0.504651 0.797891 0.49372 0.816622
0 0.0785491 0.807649 0.0872753 0.785517 0.0668617 0.760079 0.0581355 0.78221
0 0.0540033 0.917313 0.054978 0.892765 0.0386418 0.890715 0.0376671 0.915263
0 0.508946 1.01091 0.51639 0.975244 0.49078 0.958351 0.483336 0.994018
0 0.0669045 0.649167 0.069112 0.619055 0.053443 0.615425 0.0512355 0.645536
0 0.225365 0.868767 0.233492 0.842602 0.220974 0.830314 0.212847 0.856479
0 0.494132 0.894476 0.495442 0.86916 0.478603 0.866406 0.477293 0.891722
0 0.515732 0.999505 0.533538 0.976906 0.516026 0.933297 0.49822 0.955896
0 0.0338193 0.666348 0.0361984 0.615563 0.00784718 0.611365 0.00546809 0.662151
0 0.500911 0.919218 0.502755 0.883462 0.484392 0.880469 0.482548 0.916225
0 0.237581 0.833153 0.243892 0.806046 0.229349 0.795344 0.223037 0.822451
0 0.0533134 0.864178 0.065221 0.840873 0.0567652 0.827218 0.0448576 0.850523
0 0.189112 0.873364 0.184065 0.831975 0.15401 0.843556 0.159056 0.884945
0 0.119797 0.874667 0.124693 0.84399 0.104177 0.83364 0.0992804 0.864317
0 0.1847 0.933852 0.189807 0.903053 0.175882 0.895754 0.170774 0.926553
0 0.255166 0.84676 0.267251 0.822569 0.256479 0.805562 0.244394 0.829752
0 0.446459 0.860459 0.449365 0.828069 0.432868 0.823391 0.429962 0.855781
0 0.517524 0.944328 0.519827 0.908929 0.501401 0.90514 0.499098 0.940539
0 0.10645 0.770129 0.128226 0.74534 0.121437 0.726494 0.0996622 0.751283
0 0.493157 0.948639 0.496304 0.911656 0.480721 0.907465 0.477574 0.944449
0 0.341502 0.735832 0.353704 0.700411 0.338248 0.683583 0.326046 0.719003
0 0.41605 1.00303 0.415006 0.959926 0.389957 0.961843 0.391001 1.00495
0 0.0886706 0.790098 0.0965086 0.759257 0.0834395 0.74876 0.0756015 0.779601
0 0.196206 0.866249 0.201111 0.842478 0.190325 0.835444 0.18542 0.859215
0 0.546102 0.898105 0.540487 0.857306 0.503792 0.873266 0.509406 0.914065
0 0.450259 0.791428 0.453505 0.773436 0.440793 0.766187 0.437546 0.784179
0 0.0926801 0.871041 0.102393 0.844079 0.0895838 0.829495 0.0798709 0.856458
0 0.210414 0.930306 0.215269 0.907738 0.204842 0.900647 0.199986 0.923215
0 0.0566671 0.286096 0.0505469 0.233592 0.0296026 0.241308 0.0357228 0.293812
0 0.458544 0.833635 0.458941 0.808243 0.445654 0.807585 0.445256 0.832978
0 0.268786 0.857944 0.295008 0.832807 0.286614 0.805131 0.260392 0.830268
0 0.0604104 0.940725 0.0714267 0.922373 0.062694 0.905805 0.0516777 0.924157
0 0.427126 0.913547 0.430478 0.861089 0.402186 0.855374 0.398833 0.907832
0 0.164403 0.79804 0.163016 0.768496 0.140819 0.77179 0.142206 0.801333
0 0.111137 0.727882 0.113594 0.702451 0.0981527 0.697736 0.0956957 0.723167
0 0.0860017 0.785695 0.103438 0.759628 0.0942589 0.740222 0.0768225 0.766289
0 0.213875 0.854358 0.228778 0.831429 0.219035 0.811413 0.204131 0.834343
0 0.0916129 0.829801 0.0935844 0.805403 0.0785666 0.801568 0.0765951 0.825966
0 0.258927 0.823833 0.264077 0.794992 0.248506 0.786205 0.243356 0.815045
0 0.0752878 0.822744 0.0791706 0.79623 0.0654862 0.789896 0.0616033 0.81641
0 0.209719 0.905173 0.220434 0.860206 0.205366 0.848858 0.194651 0.893826
0 0.182206 0.83419 0.188784 0.810254 0.179178 0.80191 0.172599 0.825846
0 0.0988342 1.01664 0.112903 0.983446 0.0961366 0.960987 0.0820676 0.994182
0 0.625251 0.669441 0.62807 0.635348 0.610791 0.630832 0.607971 0.664925
0 0.110479 0.84126 0.111873 0.811247 0.0933253 0.808524 0.091931 0.838537
0 0.478628 0.9319 0.482162 0.902854 0.468545 0.897619 0.465012 0.926665
0 0.0369687 0.29863 0.0394961 0.247505 0.00113289 0.241511 -0.00139445 0.292637
0 0.609087 0.645911 0.614112 0.619838 0.602856 0.612981 0.597831 0.639054
0 0.125496 0.818437 0.127449 0.787166 0.106488 0.78303 0.104536 0.814301
0 0.318574 0.648517 0.319447 0.620156 0.302745 0.61853 0.301871 0.646891
0 0.167537 0.850835 0.170503 0.829928 0.157038 0.823891 0.154072 0.844798
0 0.564046 0.814843 0.567174 0.795914 0.552912 0.788463 0.549783 0.807392
0 0.173359 0.719599 0.175384 0.699365 0.160428 0.694637 0.158404 0.71487
0 0.609661 0.736656 0.622189 0.712976 0.607545 0.68849 0.595017 0.71217
0 0.547646 0.877337 0.550926 0.845255 0.533658 0.839676 0.530378 0.871759
0 0.591498 0.719117 0.589834 0.693378 0.570143 0.697402 0.571807 0.72314
0 0.344267 0.757043 0.347963 0.732445 0.32717 0.722572 0.323474 0.747169
0 0.0850043 0.996034 0.102204 0.940123 0.0849994 0.923396 0.0677999 0.979308
0 0.0483479 0.897146 0.051812 0.876058 0.0394269 0.869628 0.0359628 0.890716
0 0.5893 0.864429 0.600551 0.839075 0.58197 0.813017 0.570719 0.838371
0 0.432995 0.872863 0.437904 0.845859 0.418303 0.834599 0.413395 0.861602
0 0.419603 0.796988 0.427068 0.764928 0.416877 0.757429 0.409413 0.789489
0 0.270056 0.812373 0.278998 0.787748 0.26285 0.769217 0.253908 0.793842
0 0.0329402 0.574917 0.0380615 0.554448 0.0280125 0.546502 0.0228912 0.566971
0 0.703795 1.04235 0.770848 0.956965 0.711654 0.81004 0.644601 0.89542
0 0.602693 0.751215 0.606878 0.727514 0.585506 0.715588 0.581321 0.739289
0 0.103961 0.742159 0.104615 0.722085 0.0912525 0.720709 0.0905986 0.740784
0 0.170831 0.738758 0.171847 0.71597 0.155484 0.713665 0.154469 0.736454
0 0.218998 0.779266 0.221169 0.745522 0.199978 0.741212 0.197806 0.774957
0 0.576897 1.00391 0.577479 0.962348 0.550562 0.961156 0.54998 1.00272
0 0.0777563 0.236417 0.0882078 0.184809 0.0601329 0.16684 0.0496814 0.218448
0 0.163772 0.819491 0.165455 0.797028 0.149498 0.79325 0.147815 0.815713
0 0.43154 0.834877 0.437907 0.801665 0.414837 0.787688 0.40847 0.8209
0 0.227473 0.795549 0.232871 0.765429 0.220441 0.758388 0.215043 0.788508
0 0.135201 0.792692 0.135872 0.771065 0.121085 0.769615 0.120414 0.791243
0 0.565725 0.906697 0.562342 0.844375 0.546812 0.847039 0.550195 0.909361
0 0.40911 0.845725 0.415675 0.805084 0.391044 0.792507 0.384478 0.833148
0 0.151408 0.773589 0.15506 0.750903 0.142717 0.744624 0.139065 0.76731
0 0.0710712 0.708231 0.0719648 0.687226 0.0559276 0.68507 0.055034 0.706075
0 0.109658 0.745683 0.11038 0.724027 0.0954336 0.722451 0.0947112 0.744107
0 0.0418701 0.794354 0.0527859 0.779853 0.0466217 0.765188 0.0357059 0.779689
0 0.394361 0.533138 0.409028 0.462654 0.391499 0.451126 0.376832 0.521609
0 0.129323 0.732488 0.136194 0.709246 0.126971 0.700627 0.120099 0.723868
0 0.0814147 0.724653 0.0821246 0.703876 0.0660346 0.702139 0.0653247 0.722916
0 0.516447 0.797307 0.51666 0.771427 0.50501 0.771124 0.504797 0.797004
0 0.403296 0.797001 0.403415 0.75744 0.389547 0.757308 0.389428 0.796869
0 0.124368 0.692539 0.12609 0.667332 0.110442 0.663954 0.108721 0.689161
0 0.433362 0.797414 0.440736 0.773041 0.427958 0.760822 0.420583 0.785195
0 0.602651 0.730342 0.604969 0.711548 0.588688 0.705201 0.58637 0.723995
0 0.463153 0.933695 0.468465 0.909431 0.457219 0.90165 0.451907 0.925914
0 0.173134 0.953031 0.180112 0.92774 0.17053 0.919384 0.163552 0.944675
0 0.225211 0.816553 0.229139 0.794986 0.218313 0.788754 0.214385 0.810321
0 0.579381 0.755773 0.585984 0.73598 0.569413 0.718507 0.56281 0.7383
0 0.599745 0.683455 0.602773 0.664936 0.591289 0.659002 0.588261 0.677521
0 0.508586 0.802859 0.506839 0.763581 0.490229 0.765916 0.491976 0.805195
0 0.474467 0.721212 0.476355 0.692436 0.459336 0.688907 0.457449 0.717683
0 0.0721122 0.971948 0.0836864 0.937 0.0724453 0.925234 0.060871 0.960182
0 0.31255 0.675644 0.315615 0.650111 0.300747 0.64447 0.297681 0.670002
0 0.211824 0.595025 0.212207 0.572609 0.198194 0.571854 0.197812 0.594269
0 0.0122138 0.968878 0.0141172 0.947549 0.000174816 0.943617 -0.00172857 0.964945
0 0.435534 0.929952 0.438912 0.900633 0.421923 0.894446 0.418545 0.923765
0 0.258763 0.795998 0.265443 0.768576 0.252283 0.758445 0.245603 0.785867
0 0.26216 0.878281 0.264815 0.840872 0.245158 0.836463 0.242503 0.873872
0 0.283605 0.917134 0.284474 0.875451 0.260637 0.873881 0.259768 0.915564
0 0.44389 0.929846 0.447005 0.905707 0.43422 0.900492 0.431104 0.924631
0 0.57611 0.810854 0.579253 0.787141 0.565988 0.781586 0.562846 0.805298
0 0.0786564 0.595474 0.0826452 0.56871 0.0672587 0.561463 0.0632699 0.588226
0 0.190678 0.849915 0.194973 0.824013 0.184592 0.818573 0.180297 0.844474
0 0.0490593 0.618331 0.0496249 0.597549 0.0330926 0.596127 0.032527 0.616909
0 0.288851 0.869423 0.295674 0.850034 0.281409 0.834169 0.274586 0.853559
0 0.567336 0.795599 0.571306 0.767274 0.553752 0.759498 0.549782 0.787823
0 0.0365661 0.917351 0.0404942 0.891447 0.0283575 0.88563 0.0244294 0.911535
0 0.0285531 0.625611 0.0328154 0.596966 0.0115592 0.586969 0.00729687 0.615615
0 0.177766 1.0042 0.178934 0.978767 0.163078 0.976466 0.16191 1.0019
0 0.490203 0.977475 0.498769 0.946142 0.487267 0.936204 0.478701 0.967538
0 0.984773 1.06669 1.00841 0.917311 0.756899 0.791555 0.733266 0.940937
0 0.0179686 0.958685 0.0254297 0.934455 0.0148305 0.92414 0.00736938 0.948369
0 0.0516634 0.599825 0.053397 0.576893 0.0388368 0.573414 0.0371032 0.596346
0 0.449316 0.712703 0.44817 0.68194 0.431569 0.683895 0.432716 0.714658
0 0.0447857 0.85756 0.053958 0.828822 0.0437592 0.818534 0.0345869 0.847272
0 0.0694046 0.562493 0.0698087 0.53785 0.0497571 0.536811 0.049353 0.561454
0 0.384089 0.836416 0.395869 0.820726 0.382558 0.789138 0.370778 0.804828
0 0.078648 0.769902 0.0847426 0.746171 0.0757757 0.738893 0.0696812 0.762624
0 0.0836349 0.860624 0.0901284 0.835345 0.0781639 0.825632 0.0716704 0.850911
0 0.5164 0.8725 0.518046 0.83977 0.500041 0.836908 0.498395 0.869639
0 0.0634203 0.899121 0.0703696 0.87831 0.0608656 0.86828 0.0539162 0.88909
0 0.448972 0.876441 0.452491 0.853815 0.440401 0.847872 0.436882 0.870498
0 0.39735 0.910872 0.400876 0.878631 0.381454 0.871917 0.377928 0.904158
0 0.445057 0.770001 0.445808 0.74943 0.431568 0.747788 0.430817 0.768358
0 0.628393 0.743376 0.630947 0.716305 0.617861 0.712403 0.615307 0.739474
0 0.0895761 0.742298 0.0915968 0.722351 0.0805025 0.718799 0.0784819 0.738746
0 0.208837 0.618856 0.209979 0.594835 0.195311 0.592632 0.19417 0.616653
0 0.571567 0.728771 0.572614 0.708006 0.560574 0.706088 0.559528 0.726853
0 0.410925 0.796431 0.416339 0.759741 0.404256 0.754106 0.398843 0.790796
0 0.433566 1.00212 0.44133 0.976002 0.431427 0.966697 0.423663 0.99281
0 0.16382 0.773392 0.166326 0.749606 0.153444 0.745317 0.150938 0.769102
0 0.0721808 0.850876 0.078562 0.825541 0.0685198 0.817547 0.0621386 0.842882
0 0.0207777 0.932099 0.0273024 0.909157 0.0185503 0.90129 0.0120256 0.924232
0 0.0226581 0.749742 0.0244233 0.690699 -0.00465702 0.687952 -0.00642216 0.746994
0 0.0600904 0.821689 0.066058 0.793406 0.0557983 0.786565 0.0498307 0.814848
0 0.191955 0.813078 0.200411 0.791892 0.193052 0.78261 0.184596 0.803796
0 0.229118 0.737201 0.232524 0.717231 0.221759 0.711427 0.218352 0.731397
0 0.147445 0.592193 0.152324 0.575139 0.142956 0.566669 0.138077 0.583722
0 0.112035 0.794077 0.1201 0.771253 0.110633 0.760682 0.102568 0.783506
0 0.246581 0.845176 0.248938 0.823651 0.236484 0.819341 0.234127 0.840865
0 0.244879 0.79315 0.267367 0.757574 0.252533 0.72794 0.230046 0.763516
0 0.623577 0.683656 0.628505 0.648029 0.612728 0.641132 0.6078 0.676759
0 0.0270388 0.688179 0.0301762 0.664595 0.0145057 0.658007 0.0113683 0.68159
0 0.0514725 0.878464 0.0547011 0.860484 0.0423021 0.853447 0.0390736 0.871428
0 0.28558 0.784006 0.287723 0.761235 0.276176 0.757801 0.274033 0.780571
0 0.0453629 0.137357 0.0610902 0.0284713 -0.00542767 -0.00189378 -0.0211549 0.106992
0 0.641868 0.80349 0.644421 0.785999 0.634145 0.781258 0.631592 0.798749
0 0.0734156 0.919275 0.077024 0.898616 0.0663602 0.89273 0.0627518 0.913388
0 0.287111 0.824898 0.303191 0.802356 0.295455 0.784914 0.279374 0.807455
0 0.00555324 0.658529 0.0118 0.63509 0.00237741 0.627153 -0.00386939 0.650593
0 0.411155 0.962554 0.41522 0.941097 0.401506 0.932885 0.397441 0.954343
0 0.186634 0.802432 0.193307 0.786403 0.185983 0.776766 0.17931 0.792796
0 0.181298 0.790762 0.188431 0.775087 0.177048 0.758717 0.169915 0.774391
0 0.449574 0.813629 0.452712 0.789342 0.43895 0.783724 0.435813 0.808011
0 0.322325 0.811569 0.337912 0.777177 0.325602 0.759545 0.310015 0.793937
0 0.198245 0.907938 0.204759 0.870287 0.193819 0.864305 0.187305 0.901956
0 0.59608 0.817203 0.598254 0.790352 0.584897 0.786934 0.582723 0.813785
0 0.059225 0.88055 0.0609012 0.860903 0.0459585 0.856874 0.0442822 0.876521
0 0.367133 0.24621 0.383369 0.233165 0.368156 0.173319 0.35192 0.186363
0 0.0228968 0.593692 0.0249964 0.573326 0.009322 0.568219 0.00722239 0.588585
0 0.550859 0.790632 0.553142 0.772405 0.541771 0.767904 0.539488 0.786131
0 0.171872 0.830055 0.17466 0.809589 0.163304 0.804701 0.160516 0.825167
0 0.187776 0.748578 0.190938 0.728627 0.180484 0.723391 0.177323 0.743342
0 0.153768 0.727183 0.157097 0.700654 0.143578 0.695293 0.14025 0.721822
0 0.0337376 0.270789 0.0357652 0.194424 -0.00677895 0.190854 -0.00880658 0.267219
0 0.570283 0.857956 0.572741 0.831256 0.560326 0.827644 0.557868 0.854343
0 0.165598 0.231321 0.230884 0.187609 0.213548 0.105774 0.148261 0.149485
0 0.0857952 0.932637 0.0860803 0.909194 0.0703968 0.90859 0.0701116 0.932034
0 0.430483 0.974422 0.43325 0.945047 0.413473 0.939159 0.410706 0.968534
0 0.586036 0.92335 0.5849 0.853313 0.56285 0.854443 0.563986 0.92448
0 0.463902 0.891713 0.473311 0.863707 0.458022 0.847474 0.448613 0.875479
