0 0.990609 0.957206 1.0025 0.843614 0.793067 0.774314 0.781174 0.887906
0 0.929889 0.505598 0.932265 0.466785 0.910496 0.462573 0.908119 0.501386
0 0.935954 0.431442 0.941441 0.398772 0.927346 0.39129 0.921859 0.42396
0 0.920261 0.474432 0.916912 0.433468 0.889619 0.440521 0.892968 0.481485
0 0.854597 0.65618 0.884946 0.624412 0.874424 0.592642 0.844075 0.62441
0 0.782297 0.71125 0.784421 0.672642 0.765951 0.669431 0.763827 0.708039
0 0.801103 0.683683 0.803311 0.659842 0.78937 0.655761 0.787162 0.679602
0 0.884746 0.595695 0.90369 0.565765 0.892945 0.544269 0.874001 0.574198
0 0.376791 0.892641 0.378706 0.859359 0.359923 0.855943 0.358008 0.889225
0 0.797094 0.221141 0.788583 0.16571 0.746471 0.186147 0.754983 0.241579
0 0.913306 0.315492 0.935375 0.294883 0.929258 0.27418 0.907189 0.294789
0 0.937847 0.54225 0.939353 0.521158 0.92001 0.516792 0.918504 0.537884
0 0.833937 0.599112 0.84884 0.567995 0.837951 0.551512 0.823048 0.582629
0 0.80769 0.726062 0.818528 0.699805 0.80049 0.676274 0.789652 0.702531
0 0.062668 0.942885 0.0861656 0.905865 0.0731945 0.879844 0.0496969 0.916863
0 0.706283 0.722421 0.727179 0.706406 0.721864 0.684487 0.700968 0.700502
0 0.804433 0.765356 0.817174 0.729129 0.801461 0.711663 0.78872 0.74789
0 0.939353 0.495639 0.948704 0.476672 0.935367 0.455892 0.926016 0.474858
0 0.784048 0.670309 0.786845 0.646583 0.774357 0.64193 0.771559 0.665655
0 0.569666 0.72773 0.5754 0.702878 0.565562 0.695703 0.559828 0.720555
0 1.00193 0.432354 1.00292 0.405343 0.989427 0.403777 0.988435 0.430788
0 0.206415 0.52032 0.233694 0.483135 0.202261 0.410257 0.174982 0.447442
0 0.908262 0.688611 0.90704 0.656909 0.884607 0.659641 0.885828 0.691343
0 0.851829 0.570844 0.857956 0.555403 0.843144 0.536829 0.837017 0.55227
0 0.924541 0.568265 0.927463 0.542048 0.912523 0.536784 0.9096 0.563002
0 0.5457 0.76822 0.5539 0.744185 0.544384 0.733923 0.536184 0.757958
0 0.00701043 1.01258 0.0390836 0.981553 0.0268336 0.941531 -0.00523957 0.972558
0 0.852895 0.603283 0.860427 0.574856 0.846646 0.563317 0.839114 0.591744
0 0.494013 0.757035 0.494149 0.714754 0.464872 0.714456 0.464736 0.756738
0 0.952092 0.346565 0.960009 0.304825 0.929342 0.286441 0.921425 0.328182
0 0.89767 0.517678 0.899387 0.493131 0.883483 0.489616 0.881766 0.514162
0 0.0813332 0.332838 0.098851 0.320425 0.0881171 0.27255 0.0705993 0.284963
0 0.75434 0.701551 0.761619 0.676997 0.752088 0.668068 0.74481 0.692622
0 0.0519413 0.908837 0.0515186 0.872635 0.031023 0.873391 0.0314457 0.909593
0 0.795052 0.652428 0.797381 0.626392 0.784032 0.622617 0.781702 0.648653
0 0.914667 0.720269 0.923635 0.702467 0.908027 0.677614 0.899058 0.695416
0 0.600029 0.699414 0.602352 0.665562 0.587237 0.662284 0.584914 0.696136
0 0.561004 0.768991 0.566086 0.749003 0.554934 0.740041 0.549852 0.760028
0 0.873839 0.442886 0.888075 0.421266 0.879731 0.403901 0.865494 0.425521
0 0.912803 0.544196 0.916856 0.52695 0.899232 0.513859 0.895179 0.531105
0 0.58265 0.723394 0.594628 0.706566 0.582021 0.678207 0.570043 0.695035
0 0.913383 0.341716 0.928224 0.31911 0.917939 0.297773 0.903099 0.32038
0 0.90923 0.562252 0.913376 0.542363 0.899167 0.533002 0.895021 0.552891
0 0.784071 0.764885 0.79286 0.750324 0.777901 0.721786 0.769112 0.736347
0 0.882866 0.774973 0.896636 0.748466 0.873699 0.710807 0.859929 0.737314
0 0.496369 0.771606 0.504833 0.751112 0.49671 0.740509 0.488246 0.761003
0 0.918168 0.52195 0.919058 0.500646 0.902875 0.49851 0.901985 0.519814
0 0.867902 0.508297 0.873712 0.485888 0.863142 0.477226 0.857332 0.499635
0 0.415139 0.772085 0.418159 0.744245 0.39947 0.737837 0.39645 0.765678
0 0.947908 0.42043 0.954093 0.400003 0.943514 0.389879 0.937329 0.410307
0 0.539867 0.766337 0.540474 0.73295 0.525484 0.732089 0.524877 0.765476
0 0.564461 0.789038 0.564778 0.764018 0.543697 0.763174 0.54338 0.788195
0 0.989491 0.472226 1.00473 0.442184 0.993225 0.423745 0.977988 0.453787
0 0.608226 0.762893 0.620166 0.735254 0.608126 0.718815 0.596186 0.746455
0 0.519182 0.72173 0.528344 0.70382 0.520797 0.69162 0.511636 0.70953
0 0.387603 0.851833 0.395065 0.818421 0.380417 0.808082 0.372955 0.841495
0 0.943036 0.520874 0.946756 0.494822 0.928508 0.486587 0.924788 0.512638
0 0.985391 0.472327 0.999325 0.444804 0.987991 0.42667 0.974057 0.454193
0 0.538568 0.665114 0.545792 0.64714 0.538881 0.638361 0.531657 0.656334
0 0.0666709 0.889983 0.0682786 0.861464 0.047583 0.857777 0.0459754 0.886296
0 0.884195 0.607105 0.886083 0.583195 0.873365 0.580022 0.871477 0.603932
0 0.869238 0.682063 0.911086 0.646818 0.900683 0.607781 0.858835 0.643026
0 0.0501016 0.796162 0.0517071 0.752198 0.0163774 0.748121 0.014772 0.792084
0 0.504314 0.751574 0.515029 0.722421 0.506931 0.713015 0.496217 0.742168
0 0.559951 0.736872 0.564601 0.704703 0.550635 0.698323 0.545985 0.730492
0 0.941078 0.586741 0.943103 0.569041 0.926171 0.562919 0.924146 0.580618
0 0.862092 0.739955 0.864909 0.714705 0.845874 0.707992 0.843056 0.733242
0 0.152358 0.728611 0.16923 0.645341 0.142647 0.628318 0.125775 0.711588
0 0.178047 0.304374 0.207387 0.262478 0.168858 0.177201 0.139518 0.219097
0 0.136066 0.573422 0.157712 0.547523 0.111414 0.425226 0.0897676 0.451124
0 0.158954 0.105374 0.171744 0.10008 0.159555 0.00700866 0.146765 0.0123028
0 0.531978 0.72394 0.540545 0.700417 0.532536 0.691199 0.523969 0.714722
0 0.551619 0.815022 0.556929 0.790405 0.544445 0.781894 0.539135 0.806511
0 0.58875 0.837182 0.591173 0.794944 0.565292 0.790252 0.562869 0.83249
0 0.69808 0.747145 0.716033 0.72995 0.710122 0.710447 0.69217 0.727642
0 0.722479 0.669213 0.723778 0.650329 0.710124 0.647362 0.708825 0.666246
0 0.962543 0.231802 0.964133 0.20134 0.944965 0.198179 0.943376 0.228641
0 0.425946 0.652837 0.428167 0.628495 0.413507 0.624268 0.411286 0.64861
0 0.369515 0.841291 0.377661 0.803979 0.364087 0.794613 0.355941 0.831925
0 0.915069 0.593114 0.920317 0.571436 0.902756 0.558 0.897508 0.579677
0 0.608186 0.708187 0.616407 0.682113 0.605924 0.671666 0.597703 0.69774
0 0.596439 0.522097 0.603459 0.489944 0.589859 0.480559 0.582839 0.512712
0 0.909037 0.504549 0.913487 0.483035 0.896748 0.472093 0.892298 0.493607
0 0.938995 0.561703 0.941311 0.541605 0.928578 0.536966 0.926261 0.557065
0 0.887204 0.485026 0.890991 0.462206 0.879498 0.456177 0.87571 0.478997
0 0.951177 0.391345 0.954236 0.366892 0.940946 0.361639 0.937888 0.386092
0 0.795025 0.714076 0.801223 0.694284 0.787811 0.681009 0.781612 0.700802
0 0.943317 0.375665 0.947312 0.349929 0.929311 0.341098 0.925316 0.366833
0 0.761925 0.74996 0.766393 0.72849 0.754229 0.720489 0.749761 0.741959
0 0.0108165 0.965266 0.0318598 0.934262 0.0228301 0.914892 0.00178678 0.945896
0 0.524674 0.966535 0.538191 0.935414 0.510874 0.897916 0.497357 0.929037
0 0.680789 0.670135 0.691585 0.641737 0.681155 0.629205 0.670359 0.657603
0 0.411276 0.739686 0.41508 0.717284 0.403881 0.711274 0.400077 0.733676
0 0.520753 0.75419 0.525611 0.728217 0.513444 0.721024 0.508586 0.746997
0 0.0847549 0.895101 0.102686 0.873807 0.0953646 0.85432 0.0774331 0.875613
0 0.60744 0.567164 0.609241 0.542608 0.595846 0.539502 0.594045 0.564058
0 0.967664 0.369542 0.966874 0.34642 0.947536 0.34851 0.948326 0.371632
0 0.563963 0.665523 0.569337 0.646287 0.561749 0.639586 0.556375 0.658822
0 0.540292 0.803151 0.543387 0.775443 0.528343 0.770131 0.525248 0.79784
0 0.749436 0.677138 0.753441 0.657144 0.740902 0.649206 0.736897 0.6692
0 0.0951793 0.953954 0.0942899 0.92014 0.0591988 0.923057 0.0600882 0.956871
0 0.965914 0.460183 0.969464 0.440853 0.954678 0.432271 0.951128 0.451601
0 0.408137 0.874248 0.410345 0.849229 0.396543 0.84538 0.394336 0.870399
0 0.960792 0.405036 0.964437 0.381052 0.952841 0.375483 0.949197 0.399467
0 0.815763 0.677342 0.814366 0.640287 0.797889 0.64225 0.799286 0.679305
0 0.380841 0.813536 0.394862 0.794612 0.381705 0.763804 0.367685 0.782728
0 0.567275 0.622638 0.573448 0.608571 0.565802 0.597966 0.559629 0.612032
0 0.834791 0.57057 0.837947 0.543355 0.82199 0.537506 0.818834 0.564721
0 0.922968 0.634492 0.930775 0.616666 0.907084 0.583873 0.899276 0.601699
0 0.0794437 0.991915 0.0821376 0.954138 0.0604571 0.949252 0.0577633 0.987028
0 0.894776 0.541303 0.901313 0.524889 0.88668 0.506471 0.880143 0.522886
0 0.0960644 0.933137 0.0984823 0.911408 0.0802427 0.904993 0.0778249 0.926722
0 0.974841 0.454794 0.97966 0.437587 0.969172 0.428303 0.964353 0.445511
0 0.546868 0.70586 0.551212 0.683085 0.541484 0.67722 0.537139 0.699994
0 0.909077 0.434544 0.912997 0.413105 0.904292 0.408075 0.900372 0.429513
0 0.765795 0.671053 0.770413 0.651159 0.760447 0.643847 0.755829 0.663741
0 0.686173 0.568823 0.691274 0.542951 0.679778 0.535787 0.674677 0.56166
0 0.389349 0.733857 0.391089 0.705371 0.378071 0.702857 0.376331 0.731343
0 0.733127 0.774112 0.73497 0.743627 0.710634 0.738978 0.708791 0.769462
0 0.550816 0.833383 0.554655 0.813315 0.542104 0.805726 0.538265 0.825795
0 0.704771 0.806374 0.709759 0.770628 0.693746 0.763565 0.688758 0.799312
0 0.785703 0.451118 0.789599 0.433497 0.781263 0.427673 0.777368 0.445294
0 0.971216 0.429524 0.973631 0.410203 0.964328 0.406527 0.961912 0.425848
0 0.589329 0.756664 0.596085 0.735564 0.588113 0.727496 0.581357 0.748595
0 0.614832 0.630994 0.619694 0.605534 0.611369 0.600509 0.606506 0.625969
0 0.563401 0.821872 0.568546 0.791866 0.557224 0.785729 0.552078 0.815735
0 0.858317 0.619642 0.867621 0.595339 0.857071 0.582574 0.847767 0.606877
0 0.539693 0.751872 0.541027 0.722097 0.527595 0.720196 0.526262 0.749971
0 0.441938 0.805297 0.453085 0.773534 0.439436 0.758395 0.428289 0.790157
0 0.620351 0.609045 0.624631 0.584623 0.613355 0.578378 0.609075 0.602801
0 0.567063 0.756501 0.569614 0.735894 0.559029 0.731754 0.556479 0.752361
0 0.521643 0.806768 0.522145 0.778424 0.509835 0.777735 0.509333 0.806079
0 0.758724 0.672427 0.761622 0.648511 0.748751 0.643582 0.745853 0.667498
0 0.836511 0.707937 0.839874 0.688342 0.828894 0.682387 0.825531 0.701981
0 0.567834 0.682914 0.571957 0.662129 0.56408 0.657191 0.559957 0.677976
0 0.865496 0.491046 0.871404 0.458039 0.855917 0.449278 0.850009 0.482285
0 0.918125 0.438261 0.921848 0.41285 0.911824 0.408209 0.908101 0.43362
0 0.613613 0.875825 0.613836 0.847207 0.591166 0.846649 0.590944 0.875267
0 0.77174 0.730081 0.775881 0.711888 0.761853 0.701798 0.757713 0.719991
0 0.061977 1.01368 0.0704331 0.981261 0.047452 0.962319 0.038996 0.994743
0 0.345138 0.50986 0.34755 0.473059 0.335587 0.470581 0.333175 0.507382
0 0.435097 0.762255 0.440433 0.741813 0.431015 0.734043 0.425679 0.754484
0 0.853745 0.501591 0.856182 0.477246 0.841871 0.472717 0.839433 0.497062
0 0.946051 0.546802 0.951805 0.530317 0.940305 0.517632 0.934551 0.534117
0 0.684451 0.631799 0.686988 0.609982 0.675166 0.605638 0.67263 0.627455
0 0.41478 0.672989 0.421552 0.65355 0.410026 0.640859 0.403254 0.660298
0 0.720432 0.548839 0.722456 0.526469 0.712033 0.523488 0.710009 0.545858
0 0.868748 0.716278 0.871708 0.697145 0.860152 0.691495 0.857192 0.710628
0 0.64244 0.702142 0.649141 0.678734 0.641483 0.671805 0.634782 0.695214
0 0.696712 0.729295 0.703122 0.708622 0.692794 0.698501 0.686384 0.719174
0 0.926472 0.523911 0.926837 0.502418 0.907787 0.501396 0.907423 0.522889
0 0.882086 0.510085 0.886066 0.482955 0.874953 0.477803 0.870973 0.504933
0 0.630372 0.644401 0.632461 0.621325 0.622262 0.618407 0.620173 0.641483
0 0.867313 0.57519 0.880832 0.553059 0.872372 0.536723 0.858852 0.558854
0 0.588774 0.626234 0.593682 0.603576 0.583645 0.596705 0.578737 0.619362
0 0.0492458 0.964813 0.0524314 0.931694 0.0338136 0.926034 0.030628 0.959153
0 0.978908 0.386466 0.980928 0.360588 0.966567 0.357046 0.964547 0.382924
0 0.974124 0.414101 0.976954 0.391611 0.96151 0.385469 0.95868 0.407959
0 0.826378 0.702035 0.829748 0.680068 0.817765 0.674258 0.814395 0.696225
0 0.824454 0.598994 0.8311 0.569737 0.81334 0.556987 0.806694 0.586243
0 0.92179 0.372311 0.924823 0.352191 0.91303 0.346572 0.909996 0.366692
0 0.407503 0.674223 0.409496 0.654138 0.396777 0.65015 0.394785 0.670235
0 0.917914 0.596106 0.922909 0.57399 0.90828 0.563548 0.903285 0.585664
0 0.897367 0.441122 0.903508 0.418935 0.888155 0.405505 0.882014 0.427692
0 0.583405 0.687869 0.585766 0.665314 0.57058 0.660291 0.56822 0.682846
0 0.957738 0.473363 0.960097 0.453218 0.948008 0.448745 0.945649 0.468889
0 0.571665 0.704807 0.574881 0.680466 0.560437 0.674435 0.557222 0.698776
0 0.606758 0.723226 0.612938 0.707329 0.605674 0.698405 0.599494 0.714302
0 0.939334 0.624607 0.941257 0.591791 0.927744 0.589288 0.925821 0.622104
0 0.639347 0.665187 0.646307 0.634718 0.638065 0.628768 0.631106 0.659237
0 0.0373497 0.887424 0.0540012 0.861369 0.0430805 0.839311 0.0264289 0.865366
0 0.551182 0.0556431 0.549118 0.0220115 0.513703 0.0288803 0.515767 0.0625119
0 0.159888 0.322136 0.175674 0.226395 0.112499 0.193473 0.0967126 0.289214
0 0.0212006 0.889532 0.0580009 0.845553 0.0446674 0.810291 0.00786706 0.854269
0 0.883338 0.727821 0.892443 0.709317 0.879638 0.689402 0.870533 0.707906
0 0.547178 0.738979 0.550397 0.713515 0.538362 0.708708 0.535144 0.734172
0 0.0968724 0.123795 0.116107 0.10848 0.0878528 -0.00366968 0.0686186 0.0116451
0 0.0992313 0.737584 0.100781 0.704562 0.0843845 0.70213 0.0828343 0.735151
0 0.390844 0.670846 0.391653 0.650587 0.378064 0.64887 0.377254 0.669129
0 0.987089 0.407837 0.989351 0.386734 0.976183 0.382272 0.973921 0.403376
0 0.896409 0.616238 0.898444 0.596571 0.885361 0.592294 0.883327 0.611961
0 0.74747 0.481195 0.750947 0.463026 0.73807 0.455238 0.734593 0.473407
0 0.746454 0.671881 0.749083 0.653436 0.736137 0.647604 0.733508 0.666049
0 0.836309 0.539012 0.837123 0.521839 0.825635 0.520119 0.824822 0.537292
0 0.164177 0.43162 0.205086 0.354115 0.147065 0.257329 0.106157 0.334834
