0 0.0741396 0.956554 0.0768773 0.92047 0.0570612 0.915718 0.0543234 0.951802
0 0.072099 0.638974 0.0751598 0.619486 0.0641595 0.614025 0.0610986 0.633513
0 0.265032 1.01279 0.285376 0.969383 0.265369 0.939749 0.245025 0.98316
0 0.0789811 0.731374 0.0803459 0.699116 0.0548208 0.695703 0.053456 0.727961
0 0.0720626 0.679591 0.0732486 0.653494 0.0570374 0.651166 0.0558514 0.677263
0 0.249957 0.940251 0.271327 0.908333 0.259707 0.883743 0.238337 0.915661
0 0.543256 0.820854 0.554902 0.805636 0.54233 0.775227 0.530684 0.790445
0 0.196893 0.892666 0.20496 0.861531 0.19172 0.850689 0.183653 0.881825
0 0.0148576 1.00414 0.0264922 0.958048 0.00415688 0.940229 -0.00747773 0.986322
0 0.113278 1.02577 0.145568 0.975916 0.125721 0.935288 0.0934317 0.985139
0 0.0501 0.654425 0.0528084 0.633097 0.0336461 0.625407 0.0309377 0.646734
0 0.294373 0.83212 0.308095 0.796173 0.294018 0.779189 0.280296 0.815136
0 0.512946 0.768964 0.514507 0.748454 0.501914 0.745426 0.500353 0.765935
0 0.0564513 0.982561 0.0549282 0.925852 0.026149 0.928295 0.0276721 0.985004
0 0.084083 0.697654 0.0878313 0.680066 0.0704534 0.668361 0.0667051 0.685949
0 0.496567 0.872086 0.50426 0.85445 0.489559 0.834183 0.481866 0.851819
0 0.143622 1.0149 0.164872 0.977225 0.150509 0.951617 0.129258 0.989289
0 0.082551 0.902854 0.094319 0.875396 0.0835834 0.860854 0.0718154 0.888312
0 0.196037 0.968028 0.202271 0.927816 0.183994 0.918861 0.177761 0.959073
0 0.246934 0.841302 0.251796 0.821474 0.239322 0.811807 0.23446 0.831635
0 0.103899 0.741461 0.107435 0.717114 0.0926121 0.710311 0.0890766 0.734659
0 0.365764 0.802907 0.369466 0.775844 0.351123 0.767914 0.347421 0.794977
0 0.101208 0.8972 0.117322 0.858969 0.102735 0.839537 0.0866207 0.877768
0 0.565954 0.798555 0.568101 0.772847 0.552254 0.768665 0.550107 0.794373
0 0.309782 0.751876 0.314382 0.733354 0.302055 0.723678 0.297455 0.7422
0 0.033029 0.763998 0.03251 0.733884 0.0149747 0.73484 0.0154937 0.764953
0 0.989829 0.936064 0.998987 0.823919 0.802737 0.77327 0.793579 0.885415
0 0.253167 0.700145 0.253671 0.679764 0.240766 0.678753 0.240261 0.699135
0 0.298319 0.740469 0.302607 0.720999 0.292126 0.713704 0.287838 0.733174
0 0.139303 0.804378 0.140852 0.782325 0.127577 0.779378 0.126028 0.801431
0 0.332166 0.695087 0.333896 0.659223 0.311463 0.655802 0.309733 0.691667
0 0.210666 0.960131 0.21984 0.929321 0.205859 0.916163 0.196685 0.946974
0 0.0760148 0.928884 0.0898726 0.902359 0.081497 0.888529 0.0676391 0.915054
0 0.147032 0.950401 0.157782 0.927453 0.148546 0.913778 0.137796 0.936725
0 0.534947 0.779166 0.54197 0.751533 0.52875 0.740915 0.521727 0.768548
0 0.0724725 0.774133 0.102202 0.758083 0.0968804 0.726926 0.0671506 0.742976
0 0.360006 0.480549 0.36044 0.442689 0.33695 0.441838 0.336517 0.479699
0 0.199205 0.859736 0.20262 0.839244 0.192613 0.833973 0.189197 0.854465
0 0.38286 0.878281 0.410383 0.856227 0.402943 0.826883 0.375421 0.848937
0 0.308256 0.701364 0.310135 0.680409 0.298393 0.67708 0.296513 0.698034
0 0.318138 0.81695 0.326599 0.776264 0.30928 0.764881 0.300819 0.805568
0 0.00755454 0.973713 0.0336159 0.930873 0.0146215 0.894354 -0.0114398 0.937194
0 0.505181 0.810313 0.507641 0.779956 0.492096 0.775973 0.489635 0.80633
0 0.277776 0.752157 0.284642 0.713189 0.269767 0.704907 0.262902 0.743875
0 0.329625 0.55467 0.334324 0.531913 0.316322 0.520166 0.311623 0.542924
0 0.245891 0.762159 0.24803 0.738291 0.234654 0.734504 0.232516 0.758373
0 0.344626 0.733649 0.344748 0.699811 0.328705 0.699628 0.328583 0.733466
0 0.0716606 0.654718 0.0732982 0.6366 0.0619373 0.633354 0.0602996 0.651472
0 0.0203182 0.782979 0.0224736 0.761573 0.00789044 0.756932 0.00573504 0.778338
0 0.0526804 0.864379 0.0458443 0.805434 0.00545806 0.820237 0.0122941 0.879182
0 0.232167 0.885719 0.240646 0.864471 0.231164 0.852513 0.222685 0.873762
0 0.173129 0.892986 0.173265 0.869147 0.157789 0.868867 0.157653 0.892707
0 0.313864 0.660197 0.315411 0.63608 0.298831 0.63272 0.297284 0.656836
0 0.0657392 0.999255 0.0658975 0.964206 0.0450423 0.963909 0.044884 0.998957
0 0.475552 0.730525 0.480284 0.709448 0.467658 0.700488 0.462925 0.721565
0 0.135891 0.854732 0.13752 0.816967 0.112835 0.813601 0.111205 0.851366
0 0.5182 0.803974 0.521091 0.78145 0.508895 0.776504 0.506005 0.799028
0 0.575358 0.72775 0.578522 0.706963 0.56509 0.700501 0.561925 0.721288
0 0.221389 0.997249 0.224354 0.952025 0.201217 0.947232 0.198253 0.992456
0 0.487796 0.696435 0.49548 0.663521 0.481196 0.652983 0.473513 0.685898
0 0.092223 0.3446 0.109882 0.332009 0.0995641 0.286272 0.0819048 0.298864
0 0.145157 0.975463 0.154374 0.95013 0.141748 0.93561 0.13253 0.960943
0 0.163059 0.810201 0.166245 0.789036 0.153348 0.782901 0.150163 0.804067
0 0.574902 0.816051 0.5757 0.796428 0.562604 0.794747 0.561807 0.81437
0 0.22679 0.86898 0.231613 0.839129 0.218019 0.832188 0.213196 0.862038
0 0.188186 0.874872 0.192113 0.852216 0.176502 0.843663 0.172574 0.86632
0 0.571321 0.75624 0.572735 0.736212 0.560712 0.733529 0.559298 0.753557
0 0.230436 0.748751 0.240826 0.727523 0.23243 0.714537 0.222041 0.735765
0 0.517318 0.954877 0.519794 0.910125 0.498084 0.906328 0.495607 0.95108
0 0.0848081 0.950234 0.105988 0.915104 0.0943343 0.892897 0.073154 0.928026
0 0.0860398 0.639152 0.0879146 0.620473 0.0779827 0.617322 0.0761079 0.636001
0 0.105691 0.648264 0.105762 0.627079 0.0874434 0.626885 0.0873723 0.648069
0 0.0964273 0.685778 0.10368 0.66313 0.0951199 0.654467 0.0878676 0.677115
0 0.558782 0.720468 0.562044 0.698864 0.550287 0.693255 0.547026 0.714859
0 0.650166 0.836662 0.655186 0.803272 0.634105 0.793257 0.629086 0.826647
0 1.00456 0.772446 1.00266 0.705957 0.961769 0.709651 0.963669 0.77614
0 0.208907 0.623584 0.216426 0.596722 0.199671 0.581898 0.192151 0.60876
0 0.169603 0.978559 0.178272 0.939427 0.164794 0.92999 0.156124 0.969121
0 0.555694 0.601768 0.551833 0.540646 0.527591 0.545486 0.531452 0.606608
0 0.0765712 0.595063 0.076503 0.574065 0.0619541 0.574214 0.0620224 0.595213
0 0.514996 0.853025 0.516405 0.819266 0.496169 0.816597 0.49476 0.850356
0 0.037151 1.00664 0.0375333 0.968093 0.0132613 0.967332 0.012879 1.00588
0 0.085309 0.742731 0.0922227 0.720527 0.081476 0.709951 0.0745623 0.732156
0 0.558001 0.681915 0.559507 0.660068 0.545177 0.656945 0.543671 0.678793
0 0.18467 0.898009 0.188047 0.876281 0.175891 0.870312 0.172515 0.892039
0 0.263974 0.851266 0.279384 0.830652 0.272908 0.815349 0.257497 0.835963
0 0.257129 0.833127 0.282993 0.811172 0.276084 0.785448 0.25022 0.807402
0 0.26392 0.788051 0.267505 0.761932 0.253454 0.755836 0.249869 0.781955
0 0.0643777 0.882523 0.076908 0.85748 0.0672391 0.84219 0.0547088 0.867233
0 0.242944 0.820127 0.251167 0.800252 0.239836 0.785435 0.231613 0.80531
0 0.29959 0.69398 0.301386 0.672861 0.287295 0.669073 0.285499 0.690193
0 0.288765 0.771114 0.30611 0.750159 0.29793 0.728761 0.280586 0.749716
0 0.145764 0.786806 0.149171 0.766253 0.137996 0.760398 0.134589 0.780951
0 0.537931 0.856811 0.541441 0.839792 0.528799 0.831552 0.525289 0.848571
0 0.110811 0.927683 0.121339 0.896963 0.111529 0.886337 0.101 0.917057
0 0.4841 0.765871 0.488762 0.7448 0.47549 0.735519 0.470828 0.75659
0 0.134227 0.945642 0.1432 0.921662 0.133185 0.909818 0.124212 0.933798
0 0.242408 0.952578 0.244444 0.929079 0.230329 0.925215 0.228294 0.948714
0 0.241646 0.671962 0.243387 0.652549 0.231707 0.649239 0.229966 0.668651
0 0.287819 0.791365 0.290179 0.772363 0.278978 0.767967 0.276618 0.78697
0 0.59853 0.751534 0.606209 0.733036 0.589053 0.710528 0.581375 0.729025
0 0.0795453 0.802175 0.0807975 0.758962 0.0458663 0.755763 0.0446141 0.798976
0 0.00831016 0.833293 0.0329951 0.797223 0.0233665 0.776397 -0.00131846 0.812467
0 0.257328 0.745225 0.259849 0.725908 0.250198 0.721928 0.247677 0.741245
0 0.0585085 0.617292 0.0590097 0.592605 0.0442875 0.591661 0.0437863 0.616348
0 0.0949212 0.789883 0.101457 0.763037 0.0878254 0.752548 0.0812896 0.779394
0 0.183109 0.831098 0.184354 0.815887 0.174613 0.813366 0.173368 0.828577
0 0.282926 0.673865 0.294752 0.637825 0.281662 0.624251 0.269836 0.66029
0 0.574645 0.636963 0.57776 0.616245 0.565357 0.610351 0.562242 0.631068
0 0.0735381 0.755293 0.0758941 0.724883 0.0580785 0.720521 0.0557225 0.75093
0 0.485993 0.71549 0.489279 0.692972 0.475638 0.686682 0.472353 0.7092
0 0.29611 0.786438 0.303749 0.768329 0.295511 0.757346 0.287872 0.775454
0 0.72546 0.673898 0.727119 0.646118 0.711903 0.643246 0.710244 0.671026
0 0.140876 0.697802 0.142674 0.678111 0.128466 0.67401 0.126667 0.693701
0 0.526404 0.713792 0.525703 0.683112 0.513105 0.684022 0.513806 0.714702
0 0.0928055 0.816795 0.0990862 0.796322 0.0911223 0.7886 0.0848416 0.809073
0 0.0225454 0.653259 0.0287296 0.625644 0.0138738 0.615129 0.00768963 0.642744
0 0.0421978 0.716755 0.0439846 0.696937 0.0330504 0.693821 0.0312636 0.713639
0 0.248352 0.881242 0.262318 0.850075 0.251516 0.834776 0.237549 0.865944
0 0.433701 0.700993 0.43455 0.677374 0.420701 0.675801 0.419852 0.699421
0 0.191972 0.847044 0.193513 0.826958 0.18104 0.823933 0.179498 0.844019
0 0.622871 0.869801 0.627217 0.837161 0.610985 0.830329 0.606639 0.862969
0 0.0406221 0.669728 0.0434858 0.65007 0.0323446 0.64494 0.0294809 0.664599
0 0.532564 0.819269 0.537103 0.796647 0.522583 0.78744 0.518044 0.810061
0 0.555079 0.885576 0.567781 0.863295 0.544981 0.822216 0.532279 0.844497
0 0.027096 0.899818 0.044144 0.876611 0.0359679 0.857628 0.0189199 0.880835
0 0.136165 0.879288 0.148091 0.856174 0.139456 0.842095 0.127531 0.865209
0 0.324357 0.70968 0.324774 0.689656 0.309828 0.688672 0.309411 0.708695
0 0.115068 0.910609 0.1273 0.879732 0.119337 0.869763 0.107106 0.90064
0 0.13597 0.921669 0.145409 0.898657 0.135416 0.885703 0.125977 0.908715
0 0.686445 0.741284 0.690621 0.721941 0.676571 0.712353 0.672394 0.731696
0 0.100415 0.91107 0.114372 0.882362 0.105997 0.869492 0.0920389 0.8982
0 0.694538 0.726974 0.69678 0.705288 0.683949 0.701096 0.681707 0.722782
0 0.0395163 0.721586 0.0419346 0.699824 0.0295434 0.695472 0.0271251 0.717235
0 0.0720682 0.528394 0.0760958 0.507718 0.0653556 0.501106 0.061328 0.521782
0 0.498816 0.702778 0.502445 0.680677 0.489418 0.673918 0.485789 0.696019
0 0.13452 0.782621 0.137429 0.762774 0.128197 0.758498 0.125288 0.778345
0 0.12252 0.928569 0.129816 0.905613 0.120337 0.896091 0.113041 0.919047
0 0.266937 0.723549 0.274612 0.699943 0.265332 0.690407 0.257657 0.714013
0 0.219831 0.76411 0.224851 0.739838 0.21523 0.73355 0.210211 0.757822
0 0.112874 0.719697 0.11495 0.703669 0.104353 0.699329 0.102276 0.715357
0 0.533765 0.796741 0.53755 0.777191 0.525928 0.770079 0.522143 0.78963
0 0.221344 0.807755 0.222645 0.788887 0.213391 0.786871 0.21209 0.805739
0 0.262831 0.182272 0.25881 0.114314 0.217883 0.121966 0.221903 0.189924
0 0.334149 0.780139 0.348605 0.756139 0.328147 0.717194 0.313691 0.741194
0 0.666993 0.802965 0.671889 0.781617 0.658174 0.771677 0.653279 0.793024
0 0.12952 0.873164 0.131396 0.852319 0.117858 0.848468 0.115982 0.869313
0 0.231357 0.768366 0.234198 0.748451 0.223995 0.743851 0.221154 0.763766
0 0.0465182 0.934705 0.0528328 0.909715 0.0410564 0.900311 0.0347418 0.925301
0 0.303889 0.851944 0.318255 0.823523 0.305441 0.803052 0.291075 0.831473
0 0.606718 0.890805 0.614521 0.869319 0.602952 0.856039 0.595148 0.877524
0 0.526365 0.765466 0.529005 0.73909 0.515729 0.73489 0.513089 0.761266
0 0.0534675 0.67483 0.0550987 0.651081 0.0431055 0.648477 0.0414742 0.672226
0 0.230613 0.843163 0.237161 0.803865 0.222785 0.796296 0.216238 0.835594
0 0.262925 0.722987 0.266754 0.702803 0.25674 0.696799 0.252911 0.716984
0 0.164425 0.895204 0.165002 0.875301 0.152319 0.874138 0.151742 0.89404
0 0.0119721 0.763515 0.0156949 0.736084 0.00255863 0.730449 -0.00116419 0.75788
0 0.0682772 0.908684 0.0806212 0.877552 0.0680365 0.861781 0.0556925 0.892913
0 0.391637 0.827183 0.392675 0.801599 0.377944 0.799711 0.376907 0.825294
0 0.661391 0.864252 0.669205 0.837532 0.653718 0.823216 0.645903 0.849936
0 0.235503 0.297238 0.238782 0.204764 0.191937 0.199515 0.188659 0.291989
0 0.0606699 0.9347 0.0701725 0.904035 0.0589502 0.893044 0.0494475 0.923709
0 0.0484621 0.694959 0.0495629 0.67507 0.0376322 0.672983 0.0365313 0.692872
0 0.239478 0.806847 0.241659 0.787614 0.228477 0.782888 0.226295 0.802122
0 0.0270909 0.715128 0.0381673 0.6885 0.027019 0.673844 0.0159425 0.700472
0 0.514478 0.739143 0.515161 0.717762 0.503047 0.71654 0.502365 0.737921
0 0.237743 0.700415 0.239803 0.68088 0.22935 0.677398 0.227291 0.696933
0 0.328974 0.623673 0.330661 0.598615 0.314 0.595072 0.312313 0.620129
0 0.114655 0.974165 0.123109 0.927892 0.0975019 0.913105 0.0890472 0.959378
0 0.216684 0.846913 0.220375 0.828187 0.208995 0.821097 0.205304 0.839824
0 0.12507 0.706433 0.127068 0.687026 0.11336 0.682564 0.111361 0.701971
0 0.215077 0.912469 0.23078 0.88825 0.222623 0.871536 0.206921 0.895755
0 0.539378 0.727275 0.542037 0.704742 0.530775 0.700542 0.528116 0.723075
0 0.522331 0.801323 0.524385 0.777344 0.512936 0.774244 0.510882 0.798223
0 0.198725 0.930521 0.20119 0.89817 0.183249 0.893851 0.180784 0.926202
0 0.0326963 0.930658 0.0436095 0.904217 0.0336771 0.891261 0.0227639 0.917702
0 0.476935 0.805473 0.475159 0.772967 0.452403 0.776897 0.454179 0.809403
0 0.0475066 0.894828 0.0604072 0.87078 0.0496693 0.852574 0.0367687 0.876622
0 0.141926 0.627494 0.14346 0.573409 0.115136 0.57087 0.113602 0.624956
0 0.115221 0.74781 0.12878 0.725636 0.121449 0.711468 0.10789 0.733642
0 0.190731 0.996889 0.206409 0.969697 0.19616 0.95102 0.180482 0.978211
0 0.305967 0.775134 0.312987 0.755533 0.303255 0.744518 0.296236 0.764119
0 0.184095 0.992237 0.187982 0.95519 0.171038 0.949571 0.167151 0.986618
0 0.212785 0.890001 0.221432 0.871109 0.211872 0.857278 0.203224 0.87617
0 0.0849941 0.560883 0.0859819 0.544381 0.0758483 0.542463 0.0748605 0.558966
0 0.102944 0.626148 0.10345 0.606557 0.0892861 0.605399 0.0887792 0.62499
0 0.257081 0.808402 0.269211 0.788614 0.26212 0.774875 0.24999 0.794663
0 0.0836958 0.719824 0.0865625 0.695017 0.0684642 0.688407 0.0655975 0.713214
0 0.151728 0.835596 0.153445 0.813526 0.141135 0.8105 0.139419 0.83257
0 0.0958097 0.862448 0.105841 0.839995 0.0976782 0.828468 0.0876465 0.850921
0 0.0120113 0.92012 0.0221619 0.882748 0.00615288 0.869006 -0.00399781 0.906378
0 0.0828127 0.541675 0.0850979 0.525038 0.076307 0.521222 0.0740217 0.537859
0 0.338864 0.637194 0.342289 0.613034 0.329197 0.607168 0.325772 0.631328
0 0.0945717 0.990515 0.104034 0.939824 0.0868223 0.929669 0.0773601 0.98036
0 0.48952 0.843196 0.493302 0.822986 0.477964 0.813913 0.474182 0.834123
0 0.513691 0.782034 0.51486 0.7628 0.503007 0.760524 0.501838 0.779759
0 0.245747 0.781958 0.247537 0.760967 0.234466 0.757444 0.232676 0.778435
0 0.588747 0.75727 0.594109 0.741066 0.582216 0.728629 0.576855 0.744833
0 0.0964737 0.580584 0.0983039 0.563503 0.0874756 0.559836 0.0856454 0.576917
0 0.374739 0.970262 0.371929 0.940771 0.351874 0.946811 0.354684 0.976301
0 0.610064 0.811696 0.613306 0.78588 0.600565 0.780822 0.597322 0.806639
0 0.618669 0.749376 0.619071 0.724961 0.606263 0.724293 0.605861 0.748709
0 0.0389278 0.790422 0.0405816 0.765382 0.0230211 0.761716 0.0213673 0.786756
0 0.675045 0.739151 0.677417 0.714068 0.665332 0.710457 0.662961 0.73554
0 0.213992 0.784263 0.215186 0.766581 0.204637 0.764328 0.203443 0.78201
0 0.0423654 0.626337 0.0443686 0.607822 0.0324782 0.603756 0.030475 0.622271
0 0.302571 0.794566 0.311844 0.769133 0.302942 0.758875 0.293669 0.784308
0 0.0528609 0.628871 0.0539026 0.608931 0.0417439 0.606923 0.0407022 0.626863
0 0.283193 0.770391 0.292905 0.750829 0.285881 0.739807 0.276169 0.759369
0 0.0864861 0.679816 0.089518 0.662849 0.0784481 0.656597 0.0754162 0.673564
0 0.0586989 0.656525 0.0607108 0.638534 0.0509638 0.635089 0.0489519 0.65308
0 0.192506 0.582174 0.184375 0.50583 0.131294 0.523698 0.139425 0.600041
0 0.0562685 0.707667 0.0600303 0.685313 0.0504232 0.680204 0.0466614 0.702557
0 0.336601 0.674872 0.345666 0.655895 0.337036 0.642865 0.327971 0.661842
0 0.28449 0.715804 0.286181 0.695178 0.275252 0.692347 0.273561 0.712972
0 0.127582 0.563585 0.131098 0.538572 0.118853 0.533133 0.115338 0.558146
0 0.109535 0.797357 0.114005 0.774705 0.102296 0.767403 0.0978268 0.790055
0 0.664756 0.360734 0.663778 0.338465 0.645323 0.341027 0.646302 0.363296
0 0.143994 0.932522 0.152318 0.913894 0.143755 0.9018 0.135431 0.920428
0 0.0630795 0.797341 0.0738675 0.752101 0.051421 0.735184 0.040633 0.780424
0 0.783295 0.651976 0.788564 0.623897 0.772623 0.614441 0.767353 0.64252
0 0.0269496 0.918441 0.042336 0.887215 0.0329738 0.872635 0.0175874 0.90386
0 0.100977 0.708512 0.104418 0.689686 0.093467 0.683361 0.0900262 0.702187
0 0.71245 0.733899 0.715622 0.713586 0.700529 0.706137 0.697357 0.72645
0 0.0824404 0.656418 0.0834942 0.639676 0.0731962 0.637627 0.0721423 0.65437
0 0.684567 0.71932 0.687255 0.698551 0.675734 0.693839 0.673046 0.714608
0 0.487878 0.79106 0.490571 0.769277 0.476396 0.763737 0.473703 0.78552
0 0.0952094 0.721504 0.0967168 0.705845 0.0866287 0.702776 0.0851212 0.718434
0 0.160142 0.876295 0.159417 0.855065 0.142133 0.856931 0.142858 0.878161
0 0.343479 0.984041 0.353581 0.952561 0.340501 0.939295 0.330399 0.970775
0 0.00808159 0.802394 0.0127684 0.777957 0.00130083 0.771005 -0.003386 0.795443
0 0.272309 0.147993 0.314224 0.0891657 0.261025 -0.030633 0.21911 0.0281942
0 0.084058 0.877977 0.096195 0.852255 0.0858044 0.83676 0.0736674 0.862482
0 0.0274721 0.740961 0.0285884 0.723457 0.0163432 0.720989 0.0152269 0.738492
0 0.0724465 0.859923 0.0931748 0.838366 0.0875919 0.8214 0.0668635 0.842957
0 0.360131 0.986493 0.359992 0.965319 0.344879 0.965634 0.345019 0.986809
0 0.122687 0.945724 0.128912 0.919133 0.115791 0.909424 0.109565 0.936015
0 0.155852 0.661123 0.156294 0.634307 0.141532 0.633537 0.14109 0.660354
0 0.274755 0.76908 0.277288 0.751645 0.265232 0.746109 0.262699 0.763544
0 0.489159 0.741286 0.491669 0.719802 0.479753 0.715402 0.477242 0.736885
0 0.214878 0.878717 0.218226 0.855527 0.204354 0.849198 0.201006 0.872388
0 0.0985399 0.0445949 0.110244 0.0213961 0.0880748 -0.0139551 0.0763702 0.00924362
0 0.529777 0.751324 0.531596 0.71633 0.515822 0.713739 0.514003 0.748733
0 0.700521 0.803126 0.704834 0.775569 0.692796 0.769615 0.688483 0.797172
0 0.120066 0.657448 0.120511 0.638972 0.109329 0.638121 0.108884 0.656597
0 0.633296 0.852857 0.636706 0.830763 0.626853 0.825957 0.623443 0.848051
0 0.207362 0.900296 0.211452 0.877234 0.200825 0.871278 0.196735 0.89434
0 0.126743 0.119431 0.139119 0.100105 0.116749 0.0548278 0.104373 0.0741532
0 0.315489 0.636996 0.316767 0.616748 0.303464 0.614094 0.302186 0.634341
0 0.171249 0.916656 0.174445 0.897739 0.165628 0.893031 0.162432 0.911948
0 0.62028 0.866874 0.623292 0.829431 0.604309 0.824604 0.601296 0.862047
0 0.362173 0.95075 0.36308 0.926886 0.34588 0.924819 0.344973 0.948683
0 0.691116 0.790294 0.697105 0.76553 0.679731 0.752251 0.673742 0.777016
0 0.242152 0.804363 0.24709 0.787927 0.235341 0.776772 0.230403 0.793208
0 0.0459587 0.764731 0.0571889 0.739139 0.0480178 0.72642 0.0367875 0.752012
0 0.0968912 0.563678 0.0981754 0.549253 0.0886602 0.546576 0.0873761 0.561001
0 0.226099 0.789383 0.227263 0.77367 0.217431 0.771369 0.216267 0.787081
0 0.256608 0.90453 0.269332 0.878256 0.257221 0.85972 0.244497 0.885994
0 0.376854 0.824582 0.378773 0.795982 0.363884 0.792826 0.361965 0.821425
0 0.495443 0.743138 0.497164 0.719729 0.486022 0.71714 0.484301 0.740549
0 0.673948 0.840015 0.679043 0.812115 0.666147 0.804672 0.661052 0.832573
0 0.176893 0.877126 0.178451 0.858168 0.166891 0.855165 0.165333 0.874123
0 0.167512 1.00757 0.175063 0.9781 0.163378 0.968637 0.155827 0.998107
0 0.226113 0.960999 0.228772 0.936163 0.214233 0.931242 0.211573 0.956078
0 0.244529 0.843754 0.247945 0.821863 0.23687 0.8164 0.233453 0.838291
0 0.486821 0.642965 0.488783 0.621746 0.476602 0.618187 0.474641 0.639406
0 0.560492 0.694908 0.562258 0.679361 0.552328 0.675797 0.550562 0.691343
0 0.325839 0.234948 0.329982 0.214092 0.312048 0.202831 0.307904 0.223686
0 0.299872 0.718057 0.301521 0.698284 0.289782 0.695189 0.288133 0.714963
0 0.661872 0.827264 0.664464 0.805285 0.65278 0.800929 0.650187 0.822908
0 0.243725 1.0117 0.25942 0.966015 0.240835 0.945836 0.22514 0.991523
0 0.435088 0.718832 0.437274 0.69833 0.426383 0.694659 0.424197 0.715162
0 0.058561 0.638337 0.0605571 0.61849 0.0508689 0.615411 0.0488728 0.635258
0 0.57277 0.748467 0.573932 0.728808 0.563279 0.726817 0.562116 0.746476
0 0.158279 0.926258 0.164469 0.905693 0.155869 0.897512 0.149679 0.918077
0 0.197927 0.907628 0.200579 0.881835 0.187771 0.877674 0.18512 0.903466
0 0.286973 0.850362 0.294515 0.833717 0.285428 0.820703 0.277886 0.837348
0 0.227967 0.936057 0.231917 0.909128 0.215345 0.901444 0.211394 0.928373
0 0.0960515 0.834119 0.103617 0.817863 0.0965191 0.807423 0.0889536 0.823679
0 0.343338 0.574602 0.346246 0.546955 0.330356 0.541672 0.327448 0.569319
0 0.625836 0.898396 0.631453 0.880392 0.617712 0.866845 0.612096 0.884849
0 0.157649 0.961954 0.164566 0.936466 0.156364 0.929431 0.149447 0.954919
0 0.329776 0.52163 0.344018 0.493747 0.331193 0.473043 0.316951 0.500926
0 0.326433 0.842746 0.330474 0.818412 0.319139 0.812463 0.315098 0.836797
0 0.337839 0.918366 0.344104 0.884644 0.327881 0.87512 0.321617 0.908842
0 0.19812 0.6176 0.199951 0.597646 0.188555 0.594341 0.186724 0.614294
0 0.724746 0.739998 0.727088 0.723491 0.71499 0.718066 0.712648 0.734572
0 0.643235 0.863461 0.649575 0.837961 0.637536 0.828502 0.631196 0.854002
0 0.318909 0.597826 0.320864 0.566687 0.303016 0.563147 0.301062 0.594286
0 0.0140236 0.904802 0.0267854 0.87868 0.0141251 0.859132 0.00136323 0.885254
0 0.127864 0.733648 0.12865 0.715221 0.116627 0.7136 0.11584 0.732027
0 0.472698 0.7757 0.47787 0.75626 0.466114 0.746375 0.460942 0.765815
0 0.28912 0.902956 0.296253 0.878182 0.286415 0.86923 0.279282 0.894003
0 0.173741 0.49737 0.174635 0.479981 0.160341 0.47766 0.159448 0.495049
0 0.668624 0.764093 0.674123 0.747517 0.663696 0.736585 0.658198 0.75316
0 0.651624 0.41367 0.65455 0.39315 0.641877 0.387438 0.638951 0.407958
0 0.315049 0.720402 0.316704 0.701893 0.304871 0.698549 0.303216 0.717057
0 0.199635 0.830014 0.200769 0.81642 0.191773 0.814049 0.190639 0.827642
0 0.132889 0.714292 0.135332 0.691396 0.11911 0.685926 0.116667 0.708822
0 0.091131 0.670007 0.0980538 0.652451 0.0894217 0.641693 0.0824989 0.659249
0 0.127921 0.90713 0.138904 0.884676 0.131837 0.873751 0.120854 0.896205
0 0.32046 0.775558 0.326471 0.749666 0.312772 0.739614 0.306761 0.765506
0 0.991978 0.653545 0.995522 0.625339 0.97259 0.616232 0.969046 0.644438
0 0.262924 0.779279 0.265051 0.755774 0.252293 0.752126 0.250166 0.77563
0 0.0838894 0.807213 0.092081 0.78624 0.0838214 0.776044 0.0756299 0.797017
0 0.201498 0.537083 0.202179 0.51643 0.1892 0.515077 0.188519 0.53573
0 0.159556 0.953514 0.166876 0.926799 0.158405 0.919463 0.151085 0.946178
0 0.24543 0.724286 0.247944 0.706679 0.239006 0.702645 0.236492 0.720253
0 0.327641 0.715529 0.329469 0.692973 0.314146 0.689048 0.312317 0.711603
0 0.224057 0.720305 0.226741 0.703023 0.217135 0.69831 0.214452 0.715592
0 0.180357 0.923542 0.184071 0.901212 0.17462 0.896245 0.170907 0.918575
0 0.585729 0.83105 0.589878 0.811345 0.576713 0.802584 0.572564 0.822289
0 0.700591 0.766749 0.70329 0.747654 0.689729 0.741596 0.687031 0.760692
0 0.46155 0.762296 0.463634 0.743365 0.45221 0.739391 0.450126 0.758322
0 0.211364 0.923559 0.214407 0.904423 0.204856 0.899624 0.201814 0.91876
0 0.0794792 0.994472 0.0835624 0.961245 0.0674838 0.955 0.0634006 0.988227
0 0.465162 0.652705 0.469652 0.626999 0.455559 0.619219 0.451069 0.644925
0 0.562564 0.774849 0.565824 0.755586 0.552975 0.748712 0.549715 0.767976
0 0.614159 0.832569 0.618334 0.810533 0.602766 0.801211 0.598591 0.823247
0 0.718415 0.704284 0.723766 0.68847 0.712596 0.676527 0.707246 0.692341
0 0.476161 0.658494 0.479461 0.637667 0.468229 0.632042 0.464929 0.652869
0 0.57295 0.909205 0.576973 0.887191 0.564565 0.880024 0.560542 0.902038
0 0.276324 0.823892 0.278541 0.798279 0.263681 0.794214 0.261464 0.819828
0 0.614225 0.719286 0.622323 0.709027 0.609406 0.676804 0.601309 0.687062
0 0.213469 0.867394 0.216141 0.846567 0.202375 0.840985 0.199703 0.861812
0 0.349219 0.509883 0.353782 0.488323 0.342461 0.48075 0.337898 0.50231
0 0.496568 0.717894 0.497848 0.700057 0.48715 0.69763 0.485869 0.715467
0 0.0416791 0.747068 0.0479493 0.727371 0.0408872 0.720266 0.034617 0.739963
0 0.746242 0.700569 0.747504 0.682629 0.735839 0.680036 0.734577 0.697975
0 0.331842 0.534609 0.339379 0.512334 0.327578 0.499714 0.320041 0.521989
0 0.00988258 0.853609 0.010074 0.828893 -0.000917942 0.828624 -0.00110934 0.85334
0 0.567312 0.929784 0.573282 0.912217 0.560415 0.898395 0.554444 0.915962
0 0.637479 0.777705 0.638872 0.75256 0.625551 0.750229 0.624159 0.775374
0 0.517743 0.891886 0.519078 0.864483 0.506174 0.862496 0.504839 0.8899
0 0.723405 0.794172 0.732688 0.778059 0.719859 0.7547 0.710576 0.770813
0 0.260407 0.13548 0.270501 0.120984 0.254882 0.0866098 0.244788 0.101106
0 0.257075 0.696389 0.257762 0.680488 0.244669 0.678702 0.243983 0.694603
0 0.536995 0.762603 0.543912 0.741319 0.534044 0.731182 0.527127 0.752466
0 0.0521739 0.118604 0.0618207 -0.0162809 -0.0113317 -0.0328158 -0.0209785 0.102069
0 0.311902 0.42401 0.315399 0.400271 0.296972 0.39169 0.293474 0.41543
0 0.618191 0.932839 0.62856 0.901597 0.604334 0.876186 0.593965 0.907428
0 0.166238 0.939526 0.172462 0.919725 0.163308 0.910631 0.157084 0.930431
0 0.364591 0.50501 0.367905 0.477426 0.352115 0.47143 0.348801 0.499014
0 0.0675425 0.618774 0.0689232 0.600805 0.0581903 0.598198 0.0568096 0.616168
0 0.310451 0.222801 0.319301 0.192064 0.300088 0.174581 0.291239 0.205318
0 0.284675 0.830687 0.289744 0.811188 0.279839 0.803051 0.27477 0.82255
0 0.0893272 0.531463 0.0920586 0.515111 0.0819292 0.509764 0.0791978 0.526115
