0 0.534617 0.991215 0.519691 0.912804 0.471011 0.94209 0.485937 1.0205
0 0.500975 0.594491 0.499732 0.542217 0.471214 0.54436 0.472457 0.596634
0 0.981949 1.07789 1.01883 0.863793 0.811142 0.750707 0.774258 0.964803
0 0.444254 0.988723 0.441643 0.878493 0.37561 0.883437 0.378222 0.993667
0 0.567762 1.00546 0.566877 0.917011 0.516846 0.918594 0.517731 1.00705
0 0.450544 0.911506 0.450408 0.851473 0.414989 0.851726 0.415125 0.911759
0 0.345658 0.956141 0.370032 0.901622 0.350531 0.874068 0.326157 0.928588
0 0.359209 0.895317 0.35829 0.844412 0.328301 0.846123 0.32922 0.897029
0 0.389672 0.907174 0.391923 0.831537 0.363941 0.828905 0.36169 0.904542
0 0.0498679 0.944811 0.0530415 0.901457 0.0283157 0.895736 0.0251422 0.939091
0 0.380786 0.945264 0.3839 0.904819 0.361463 0.899358 0.358348 0.939804
0 0.949526 0.588725 0.953629 0.556737 0.922214 0.544003 0.918112 0.575991
0 0.967546 0.637972 0.971173 0.584365 0.917967 0.572989 0.91434 0.626595
0 0.789877 1.04424 0.839824 0.963772 0.759042 0.805291 0.709094 0.885757
0 0.462341 0.935448 0.465534 0.894947 0.444638 0.88974 0.441444 0.930241
0 0.535488 0.885646 0.539896 0.862887 0.52673 0.854827 0.522322 0.877586
0 0.356054 0.863658 0.37172 0.835533 0.358288 0.811888 0.342622 0.840013
0 0.0492099 0.953714 0.0664849 0.933312 0.0582368 0.911239 0.0409619 0.931641
0 0.627617 0.592563 0.625758 0.542834 0.599816 0.545898 0.601674 0.595627
0 0.557087 0.856826 0.558662 0.823801 0.541128 0.821158 0.539553 0.854183
0 0.47669 0.937556 0.480878 0.905163 0.461928 0.89742 0.45774 0.929813
0 0.12043 0.801177 0.122843 0.771804 0.106571 0.767578 0.104157 0.796951
0 0.37772 0.985433 0.39593 0.943446 0.379069 0.920333 0.360858 0.962319
0 0.520256 0.892638 0.524374 0.852078 0.502684 0.845118 0.498566 0.885678
0 0.588738 0.985209 0.591529 0.951487 0.573351 0.946732 0.57056 0.980454
0 0.127515 0.451729 0.14381 0.393346 0.100044 0.35474 0.0837495 0.413123
0 0.533513 0.926621 0.53851 0.88157 0.516088 0.87371 0.511091 0.918761
0 0.44879 0.870583 0.458537 0.836111 0.444807 0.823841 0.43506 0.858313
0 0.139554 0.762525 0.141743 0.731275 0.117579 0.725925 0.11539 0.757176
0 0.558315 0.879994 0.55824 0.855189 0.541828 0.855345 0.541902 0.88015
0 0.551623 0.738344 0.554586 0.712577 0.538817 0.706846 0.535854 0.732613
0 0.390473 0.788689 0.382851 0.746145 0.354922 0.761959 0.362544 0.804503
0 0.0976902 0.634453 0.141068 0.602082 0.129139 0.551558 0.0857605 0.583929
0 0.0126758 0.869923 0.0264392 0.827141 0.00632529 0.80669 -0.00743807 0.849473
0 0.976132 0.72165 0.986539 0.68684 0.96157 0.663246 0.951163 0.698056
0 0.109736 1.00257 0.167382 0.899374 0.12608 0.826459 0.0684339 0.929658
0 0.122173 0.643008 0.124577 0.617386 0.111918 0.613632 0.109514 0.639255
0 0.44642 1.00053 0.442312 0.96302 0.415525 0.972293 0.419634 1.0098
0 0.344219 0.531509 0.353274 0.506036 0.335477 0.486042 0.326422 0.511515
0 0.961694 0.786639 0.963266 0.741801 0.939784 0.739199 0.938212 0.784036
0 0.137004 0.784045 0.139308 0.760544 0.125579 0.756291 0.123275 0.779793
0 0.339006 0.968248 0.340491 0.921302 0.311211 0.918376 0.309727 0.965321
0 0.125913 0.776591 0.127194 0.752877 0.106746 0.749385 0.105465 0.773099
0 0.138888 0.714098 0.141929 0.692564 0.129258 0.686909 0.126217 0.708443
0 0.356036 0.992722 0.371842 0.964693 0.362597 0.948217 0.346791 0.976246
0 0.699746 0.661589 0.69976 0.620784 0.678495 0.620761 0.678481 0.661565
0 0.487042 0.870011 0.490315 0.842221 0.475998 0.836892 0.472725 0.864682
0 0.457533 0.82711 0.467519 0.789539 0.4566 0.780366 0.446613 0.817937
0 0.279773 0.952539 0.290715 0.915715 0.27838 0.904131 0.267438 0.940955
0 0.35466 0.971626 0.37021 0.938638 0.355815 0.917193 0.340266 0.950181
0 0.402267 0.765222 0.403084 0.72873 0.382163 0.727249 0.381346 0.763741
0 0.935942 0.835598 0.943741 0.793443 0.912622 0.775247 0.904823 0.817402
0 0.610718 0.648111 0.642101 0.629938 0.635733 0.595181 0.60435 0.613354
0 0.53992 0.864022 0.543542 0.839849 0.529679 0.833283 0.526057 0.857456
0 0.597465 0.856659 0.60221 0.836243 0.580789 0.820507 0.576044 0.840923
0 0.4716 0.892959 0.47799 0.83286 0.454551 0.824983 0.44816 0.885082
0 0.531712 0.754321 0.53898 0.727592 0.528003 0.718159 0.520735 0.744888
0 0.042499 0.731122 0.0524503 0.686081 0.0172101 0.661474 0.00725877 0.706514
0 0.973275 0.600058 0.978342 0.570835 0.954577 0.557813 0.94951 0.587036
0 0.25887 0.966853 0.268872 0.943041 0.256937 0.927198 0.246936 0.95101
0 0.451893 0.688634 0.461956 0.659445 0.451303 0.647838 0.44124 0.677026
0 0.157207 0.762485 0.158778 0.729931 0.141457 0.727291 0.139887 0.759844
0 0.475931 0.710185 0.478492 0.683277 0.461751 0.678241 0.45919 0.705149
0 0.247669 1.00361 0.256934 0.976191 0.245755 0.964253 0.236491 0.99167
0 0.488463 0.852609 0.49614 0.841117 0.485579 0.818821 0.477902 0.830314
0 0.120767 0.727641 0.12839 0.707403 0.118601 0.69575 0.110978 0.715988
0 0.566535 0.844009 0.57022 0.823172 0.557547 0.816089 0.553862 0.836926
0 0.273541 0.923515 0.274668 0.90299 0.264702 0.90126 0.263575 0.921785
0 0.47917 0.802036 0.482534 0.775362 0.465286 0.768488 0.461922 0.795161
0 0.379011 0.999162 0.381757 0.971854 0.363869 0.966169 0.361123 0.993476
0 0.166324 0.963309 0.18305 0.925791 0.173954 0.912977 0.157229 0.950494
0 0.101664 0.813719 0.106883 0.788189 0.0870123 0.77535 0.0817934 0.800881
0 0.478504 0.981837 0.490483 0.933603 0.475384 0.92175 0.463404 0.969984
0 0.37359 0.752847 0.376744 0.730895 0.362752 0.724541 0.359598 0.746493
0 0.15485 0.734194 0.171108 0.701149 0.159235 0.682687 0.142977 0.715733
0 0.890077 0.767565 0.895498 0.745217 0.876175 0.730404 0.870754 0.752752
0 0.28519 0.966218 0.290011 0.948504 0.281432 0.941127 0.276612 0.958841
0 0.392009 0.846387 0.402517 0.799263 0.38343 0.785812 0.372922 0.832936
0 0.949279 0.743496 0.94975 0.716458 0.923273 0.715003 0.922803 0.742041
0 0.0799124 0.844604 0.095748 0.808817 0.0813563 0.78869 0.0655206 0.824477
0 0.589775 0.877207 0.59238 0.852565 0.578366 0.847884 0.575762 0.872526
0 0.197757 0.970409 0.207153 0.947488 0.197823 0.9354 0.188427 0.958322
0 0.616664 0.407271 0.620923 0.345175 0.587117 0.337847 0.582858 0.399943
0 0.303142 0.936997 0.316387 0.911886 0.305455 0.893663 0.292211 0.918774
0 0.0464703 0.877525 0.0427466 0.833424 0.00884918 0.842469 0.0125729 0.886571
0 0.343802 0.843801 0.345526 0.823839 0.333155 0.820464 0.331432 0.840427
0 0.631162 1.00487 0.634215 0.96066 0.609523 0.95527 0.60647 0.999475
0 0.458804 0.786111 0.460313 0.766069 0.449964 0.763607 0.448455 0.783649
0 0.622312 0.843258 0.625349 0.807969 0.604039 0.802173 0.601003 0.837462
0 0.406863 0.835106 0.425468 0.801857 0.40986 0.774252 0.391254 0.807501
0 0.19813 1.01485 0.224595 0.992974 0.216608 0.962439 0.190143 0.984317
0 0.975202 0.572139 0.977656 0.52234 0.927915 0.514593 0.925461 0.564392
0 0.493884 0.680168 0.495601 0.656877 0.480118 0.65327 0.478401 0.676561
0 0.389964 0.416878 0.391237 0.355444 0.354531 0.35304 0.353258 0.414474
0 0.473964 0.751493 0.477816 0.726258 0.466601 0.720847 0.462749 0.746083
0 0.109679 0.725266 0.114548 0.70796 0.106145 0.700487 0.101276 0.717794
0 0.247177 0.883168 0.251913 0.863904 0.242252 0.856399 0.237517 0.875663
0 0.236294 0.990436 0.250491 0.96326 0.240316 0.946461 0.22612 0.973637
0 0.425054 0.572511 0.427463 0.554518 0.416599 0.549922 0.41419 0.567915
0 0.0423678 0.46396 0.0605591 0.394244 0.00829774 0.351146 -0.00989353 0.420862
0 0.483512 0.830675 0.489037 0.820491 0.47804 0.801635 0.472514 0.81182
0 0.466216 0.772117 0.467536 0.749959 0.455424 0.747679 0.454104 0.769836
0 0.983558 0.675425 0.98959 0.655592 0.970566 0.637305 0.964534 0.657138
0 0.208927 0.902814 0.217863 0.881559 0.210308 0.871521 0.201372 0.892775
0 0.57449 0.864113 0.575816 0.841053 0.56002 0.838183 0.558695 0.861243
0 0.79041 0.400773 0.793804 0.341137 0.759929 0.335044 0.756535 0.394681
0 0.47702 0.908076 0.480096 0.889328 0.46679 0.882429 0.463714 0.901178
0 0.332531 0.917857 0.336561 0.879435 0.318696 0.873514 0.314667 0.911936
0 0.10751 0.752628 0.110366 0.723593 0.0980659 0.719769 0.0952096 0.748804
0 0.261374 1.01101 0.266596 0.989951 0.255003 0.980864 0.249781 1.00192
0 0.112365 0.714688 0.125972 0.696507 0.118785 0.679508 0.105179 0.697689
0 0.297858 0.961311 0.300689 0.937938 0.287586 0.932923 0.284756 0.956296
0 0.228988 0.893949 0.236955 0.869621 0.225409 0.85767 0.217441 0.881998
0 0.355296 0.745359 0.357939 0.716416 0.336286 0.710168 0.333643 0.739111
0 0.266509 0.97982 0.272862 0.961194 0.263974 0.951612 0.257621 0.970238
0 0.101541 0.782579 0.102239 0.761041 0.0863887 0.759417 0.0856903 0.780955
0 0.0235643 0.893959 0.0208391 0.85985 -0.00193789 0.865602 0.000787308 0.89971
0 0.114771 0.769129 0.116062 0.747031 0.102488 0.744526 0.101197 0.766623
0 0.236631 0.981936 0.251191 0.951358 0.241967 0.937476 0.227406 0.968054
0 0.439299 0.106052 0.43638 0.0680958 0.412841 0.0738162 0.415759 0.111772
0 0.212561 0.896188 0.221483 0.877865 0.214646 0.867343 0.205724 0.885667
0 0.271511 0.994317 0.27836 0.974447 0.270024 0.965367 0.263175 0.985236
0 0.595472 0.967691 0.604548 0.947494 0.590076 0.926939 0.580999 0.947136
0 0.556856 0.911349 0.561512 0.881134 0.542313 0.871784 0.537657 0.901998
0 0.329118 0.839717 0.333522 0.813468 0.323702 0.808259 0.319298 0.834508
0 0.564882 0.837025 0.567048 0.816919 0.55522 0.812892 0.553054 0.832998
0 0.577095 0.834632 0.578736 0.81453 0.567388 0.811603 0.565747 0.831705
0 0.249772 1.00402 0.261401 0.978894 0.251371 0.964225 0.239742 0.989353
0 0.280557 0.887234 0.285079 0.864859 0.277103 0.859764 0.272581 0.882139
0 0.601581 0.9945 0.604711 0.974368 0.590219 0.967247 0.587089 0.987379
0 0.854606 0.708338 0.858925 0.685711 0.836593 0.672239 0.832274 0.694866
0 0.0342364 0.838311 0.0346896 0.815079 0.0185449 0.814084 0.0180917 0.837316
0 0.673933 0.397253 0.670812 0.359717 0.643974 0.366771 0.647095 0.404307
0 0.734319 0.995822 0.733729 0.912615 0.695589 0.913469 0.696178 0.996677
0 0.106208 0.333787 0.120752 0.304194 0.100367 0.272532 0.0858233 0.302125
0 1.01389 0.884515 1.01825 0.755542 0.966506 0.750015 0.962147 0.878988
0 0.312091 0.831818 0.314389 0.814069 0.306015 0.810643 0.303717 0.828392
0 0.585998 0.614935 0.609631 0.526298 0.577614 0.499317 0.553981 0.587955
0 0.139058 0.842376 0.142744 0.826082 0.134068 0.819879 0.130382 0.836173
0 0.515402 0.928146 0.520211 0.899677 0.504907 0.891506 0.500098 0.919974
0 0.460591 0.388033 0.467699 0.358229 0.452954 0.347114 0.445845 0.376918
0 0.543767 0.834076 0.546093 0.810223 0.535342 0.80691 0.533016 0.830764
0 0.326057 0.996814 0.34896 0.978363 0.342811 0.954237 0.319907 0.972688
0 0.310373 0.948353 0.316582 0.923509 0.306968 0.915914 0.300758 0.940758
0 1.00516 0.767814 1.00776 0.717554 0.986066 0.714014 0.983471 0.764274
0 0.603692 0.612619 0.610607 0.584306 0.589436 0.567965 0.582521 0.596277
0 0.00551579 0.978365 0.0125928 0.952784 0.00215644 0.943659 -0.00492056 0.96924
0 0.0646362 0.925406 0.0705604 0.897591 0.0559414 0.88775 0.0500172 0.915565
0 0.881652 0.658408 0.889414 0.628358 0.87332 0.615219 0.865558 0.645269
0 0.471373 0.960975 0.474426 0.928636 0.459832 0.924281 0.456778 0.956619
0 0.558269 0.66626 0.567491 0.637392 0.554257 0.62403 0.545035 0.652899
0 0.156686 0.950545 0.170365 0.927141 0.162566 0.912735 0.148887 0.93614
0 0.229711 0.972189 0.236887 0.949661 0.22857 0.941288 0.221394 0.963816
0 0.522465 0.853283 0.523601 0.836527 0.511981 0.834037 0.510845 0.850793
0 0.321597 0.878349 0.325048 0.861018 0.316889 0.855883 0.313438 0.873214
0 0.35766 0.568941 0.359565 0.547992 0.347596 0.544551 0.345691 0.5655
0 0.147935 0.625884 0.150423 0.602393 0.139768 0.598826 0.13728 0.622317
0 0.469011 0.677643 0.471976 0.657982 0.460511 0.652517 0.457545 0.672177
0 0.0178068 0.940135 0.0318918 0.91846 0.0225181 0.899208 0.0084331 0.920883
0 0.251127 0.922441 0.252792 0.904704 0.242638 0.901691 0.240973 0.919429
0 0.26751 0.891302 0.274217 0.871041 0.265158 0.861565 0.258451 0.881825
0 0.365669 1.00459 0.365339 0.984232 0.342995 0.985378 0.343325 1.00574
0 0.320898 0.855188 0.323518 0.83787 0.315496 0.834035 0.312876 0.851352
0 0.461109 0.696461 0.46522 0.674105 0.454689 0.667983 0.450577 0.690339
0 0.174358 1.00972 0.196753 0.978928 0.186144 0.954545 0.163749 0.98534
0 0.446758 0.831553 0.452555 0.805357 0.438042 0.795206 0.432245 0.821402
0 0.0978023 0.760113 0.0986365 0.741962 0.0865779 0.740211 0.0857436 0.758361
0 0.999731 0.591259 1.00651 0.557107 0.988812 0.546012 0.982036 0.580164
0 0.482915 0.77324 0.483903 0.74838 0.471196 0.746784 0.470208 0.771645
0 0.513061 0.844109 0.517626 0.827037 0.507699 0.818645 0.503133 0.835718
0 0.102509 0.441768 0.100818 0.416594 0.0782358 0.421387 0.0799264 0.446561
0 0.00682439 0.927478 0.0215457 0.909284 0.0148806 0.89224 0.00015937 0.910434
0 0.307913 0.897613 0.309457 0.881554 0.300676 0.878886 0.299132 0.894945
0 0.556698 0.630194 0.563486 0.604385 0.550909 0.59393 0.544121 0.61974
0 0.52167 0.727134 0.523268 0.706811 0.511423 0.703868 0.509825 0.724191
0 0.316753 0.889579 0.320276 0.872312 0.311133 0.866416 0.30761 0.883683
0 0.431526 0.550262 0.434747 0.515255 0.416823 0.510044 0.413602 0.545051
0 0.687688 0.170366 0.684141 0.121545 0.6635 0.126285 0.667047 0.175106
0 0.237393 1.00761 0.241753 0.986474 0.231479 0.979778 0.22712 1.00092
0 0.325536 0.732584 0.334019 0.685953 0.314051 0.674472 0.305568 0.721104
0 0.483914 0.726277 0.485731 0.707924 0.474799 0.704503 0.472981 0.722856
0 0.53798 0.625933 0.536418 0.593253 0.515265 0.596449 0.516827 0.629129
0 0.588762 0.914023 0.591809 0.8875 0.574839 0.881339 0.571792 0.907862
0 0.223889 0.433901 0.231807 0.40648 0.207446 0.38425 0.199528 0.411671
0 0.219606 0.971774 0.22663 0.95508 0.219461 0.945547 0.212437 0.962242
0 0.770571 0.657053 0.7736 0.628049 0.759712 0.623466 0.756683 0.65247
0 0.922419 0.713436 0.92403 0.684762 0.896237 0.679825 0.894625 0.708499
0 0.506547 0.636532 0.516494 0.60913 0.496219 0.585868 0.486272 0.61327
0 0.175582 0.9195 0.179229 0.901425 0.169455 0.895191 0.165807 0.913266
0 0.514343 0.717939 0.521693 0.672594 0.503571 0.663311 0.496221 0.708656
0 0.533716 0.136039 0.536622 0.0864514 0.500156 0.0796991 0.49725 0.129287
0 0.291195 0.890696 0.294914 0.868981 0.285447 0.863858 0.281729 0.885572
0 0.139617 0.708464 0.141874 0.683068 0.13008 0.679755 0.127823 0.705151
0 0.630833 0.818522 0.642053 0.791958 0.617186 0.758762 0.605966 0.785325
0 0.263506 0.933906 0.26646 0.918376 0.256557 0.912423 0.253603 0.927953
0 0.470732 0.819269 0.474604 0.798781 0.463957 0.792422 0.460085 0.81291
0 0.51484 0.912548 0.517709 0.886924 0.501467 0.881179 0.498599 0.906802
0 0.517437 0.750567 0.520377 0.730534 0.510096 0.725765 0.507156 0.745798
0 0.983067 0.633361 0.984437 0.611099 0.971664 0.608615 0.970294 0.630877
0 0.119466 0.81662 0.124092 0.796568 0.11512 0.790026 0.110494 0.810078
0 0.233558 1.00267 0.235085 0.984091 0.220235 0.980234 0.218708 0.998811
0 0.984362 0.76815 0.986721 0.728788 0.968387 0.725316 0.966028 0.764677
0 0.870915 0.765941 0.878388 0.745831 0.864531 0.729557 0.857058 0.749667
0 0.639211 0.601651 0.659581 0.559472 0.642077 0.532756 0.621708 0.574935
0 0.193984 0.898307 0.202478 0.879895 0.194736 0.868605 0.186241 0.887016
0 0.609044 0.986898 0.611648 0.962867 0.60154 0.959405 0.598936 0.983436
