0 0.991902 0.97376 1.0074 0.84899 0.804762 0.769435 0.789263 0.894205
0 0.426832 0.763421 0.428555 0.739244 0.412499 0.735627 0.410776 0.759804
0 0.224501 0.812676 0.22219 0.778997 0.20013 0.783781 0.202441 0.817459
0 0.0837453 0.988551 0.112731 0.952682 0.102075 0.925467 0.0730891 0.961336
0 0.120283 0.70833 0.134099 0.670231 0.118172 0.651977 0.104356 0.690076
0 0.750092 0.754137 0.745261 0.718418 0.730341 0.724796 0.735172 0.760515
0 0.151388 0.729087 0.153336 0.707578 0.141104 0.704077 0.139156 0.725586
0 0.725209 0.784151 0.741493 0.764537 0.728107 0.729414 0.711823 0.749027
0 0.42974 0.723906 0.436184 0.699914 0.425659 0.690979 0.419215 0.714971
0 0.0767509 0.827267 0.0772604 0.803204 0.0603054 0.80207 0.0597959 0.826132
0 0.362308 0.842137 0.367385 0.822987 0.351773 0.809906 0.346696 0.829056
0 0.0140986 0.960294 0.0300952 0.93163 0.0176368 0.909656 0.00164011 0.93832
0 0.383302 0.778352 0.387854 0.754032 0.377083 0.74766 0.372531 0.77198
0 0.457296 0.706922 0.462263 0.686586 0.446588 0.674484 0.44162 0.69482
0 0.0561343 0.82069 0.0624474 0.796103 0.0515404 0.787252 0.0452273 0.811838
0 0.645342 0.779984 0.650963 0.717651 0.605163 0.704597 0.599541 0.766931
0 0.37909 0.82197 0.378188 0.78953 0.358716 0.791242 0.359618 0.823682
0 0.0338189 0.934407 0.0421237 0.909186 0.0294209 0.895966 0.0211161 0.921187
0 0.497732 0.869896 0.501924 0.841179 0.48449 0.833136 0.480299 0.861853
0 0.537243 0.855653 0.540392 0.822521 0.522492 0.817143 0.519342 0.850275
0 0.243369 0.880029 0.269516 0.853272 0.261031 0.827067 0.234884 0.853824
0 0.157209 0.682384 0.15722 0.657685 0.139834 0.657661 0.139824 0.68236
0 0.394287 0.750565 0.40627 0.729109 0.396917 0.7126 0.384934 0.734056
0 0.223626 0.785145 0.224186 0.767046 0.211658 0.765821 0.211098 0.783919
0 0.563496 0.765394 0.567764 0.742731 0.555969 0.73571 0.5517 0.758372
0 0.242048 0.838221 0.251922 0.816795 0.242488 0.803053 0.232613 0.82448
0 0.382665 0.911282 0.380368 0.872084 0.356771 0.876454 0.359068 0.915652
0 0.0535126 0.888363 0.0672537 0.860585 0.0553628 0.841995 0.0416217 0.869773
0 0.0867909 0.735725 0.0865101 0.71014 0.0682153 0.710774 0.0684962 0.73636
0 0.572457 0.80215 0.576106 0.772255 0.561335 0.766558 0.557687 0.796453
0 0.138645 0.866943 0.156177 0.82815 0.141001 0.806472 0.123468 0.845264
0 0.0557775 0.796838 0.0687805 0.773785 0.0596174 0.75745 0.0466144 0.780503
0 0.700273 0.78509 0.703044 0.759404 0.687142 0.753982 0.684371 0.779669
0 0.410411 0.77893 0.416288 0.758472 0.400833 0.744442 0.394956 0.7649
0 0.541973 0.818963 0.551787 0.789374 0.540356 0.77739 0.530541 0.806979
0 0.0700155 0.711314 0.0703758 0.691573 0.0565147 0.690774 0.0561544 0.710514
0 0.141985 0.743278 0.142888 0.719465 0.126947 0.717555 0.126044 0.741368
0 0.181288 0.713534 0.180463 0.678441 0.154787 0.680349 0.155612 0.715441
0 0.101986 0.833251 0.104742 0.798538 0.0861344 0.79387 0.0833787 0.828583
0 0.0151723 0.925983 0.0277226 0.907334 0.020442 0.891848 0.00789166 0.910497
0 0.0432983 0.771732 0.049454 0.750206 0.0406021 0.742206 0.0344464 0.763732
0 0.513391 0.79918 0.519562 0.775552 0.504748 0.763324 0.498577 0.786952
0 0.137223 0.701823 0.141231 0.677404 0.129267 0.671198 0.125259 0.695617
0 0.058809 0.924569 0.0647281 0.881859 0.0480081 0.874536 0.042089 0.917245
0 0.193705 0.756824 0.196589 0.727766 0.181456 0.723019 0.178572 0.752077
0 0.0772496 0.804601 0.0783073 0.780812 0.062381 0.778574 0.0613232 0.802363
0 0.388574 0.726605 0.395162 0.697851 0.382286 0.688527 0.375698 0.717282
0 0.224654 0.354073 0.252027 0.326322 0.227551 0.250014 0.200177 0.277764
0 0.546947 0.785478 0.548497 0.75343 0.533965 0.751208 0.532415 0.783256
0 0.646789 0.705104 0.649085 0.686405 0.636197 0.681404 0.633901 0.700103
0 0.397345 0.788024 0.399724 0.761899 0.385342 0.757761 0.382964 0.783886
0 0.332119 0.808254 0.348482 0.792197 0.34257 0.773155 0.326206 0.789212
0 0.164563 0.843789 0.174236 0.802191 0.156479 0.789141 0.146806 0.830739
0 0.494326 0.774812 0.5065 0.753734 0.492114 0.727474 0.47994 0.748553
0 0.236965 0.85435 0.240404 0.830422 0.227986 0.82478 0.224547 0.848708
0 0.599108 0.740743 0.602164 0.718754 0.590455 0.713611 0.587399 0.7356
0 0.118765 0.788002 0.125319 0.748577 0.108281 0.739625 0.101727 0.779051
0 0.501627 0.844044 0.505427 0.825629 0.490254 0.815733 0.486453 0.834148
0 0.0693799 0.620316 0.0643383 0.578464 0.0333711 0.590254 0.0384127 0.632106
0 0.124786 0.746882 0.126633 0.724515 0.11543 0.721592 0.113583 0.743959
0 0.156922 0.784978 0.163142 0.766413 0.148805 0.751231 0.142585 0.769797
0 0.176085 0.645278 0.176299 0.617134 0.155961 0.616647 0.155748 0.644791
0 0.140681 0.71783 0.140717 0.699837 0.127187 0.699752 0.127152 0.717745
0 0.371093 0.749223 0.377708 0.729426 0.368631 0.719841 0.362017 0.739639
0 0.70583 0.731773 0.712651 0.71297 0.704705 0.70386 0.697884 0.722663
0 0.130798 0.803766 0.148232 0.777654 0.139331 0.758871 0.121897 0.784983
0 0.696695 0.727961 0.703481 0.707383 0.69373 0.69722 0.686944 0.717798
0 0.695753 0.820351 0.701588 0.802045 0.687937 0.788294 0.682102 0.806601
0 0.400784 0.817197 0.403158 0.798616 0.391413 0.793873 0.389039 0.812453
0 0.436361 0.694417 0.438227 0.672052 0.424359 0.668396 0.422493 0.690761
0 0.521885 0.681245 0.523792 0.661932 0.514417 0.659007 0.51251 0.67832
0 0.727892 0.748195 0.734502 0.72499 0.716514 0.708795 0.709904 0.732001
0 0.692456 0.704818 0.697612 0.683857 0.688454 0.676738 0.683299 0.6977
0 0.482226 0.83234 0.48658 0.813221 0.471959 0.802699 0.467605 0.821817
0 0.974902 0.561414 0.983769 0.542916 0.966902 0.51736 0.958035 0.535857
0 0.190404 0.79376 0.199293 0.767046 0.17032 0.736577 0.161431 0.763291
0 0.710995 0.774335 0.71393 0.753817 0.702285 0.748551 0.69935 0.769068
0 0.14477 0.76651 0.145161 0.747712 0.13343 0.746939 0.133039 0.765737
0 0.082453 0.707324 0.0834894 0.686803 0.0721659 0.684996 0.0711294 0.705516
0 0.477045 0.889642 0.481227 0.871069 0.464152 0.858918 0.459971 0.877491
0 0.522528 0.766066 0.524434 0.741382 0.513205 0.738641 0.511299 0.763325
0 0.317486 0.800143 0.342834 0.783081 0.337309 0.757138 0.31196 0.774199
0 0.116483 0.326808 0.115495 0.279302 0.0929577 0.280783 0.0939454 0.328289
0 0.196394 0.517883 0.197478 0.497033 0.186504 0.49523 0.18542 0.51608
0 0.0287086 0.664775 0.033733 0.622563 0.00953431 0.61346 0.00450996 0.655671
0 0.68286 0.7503 0.685354 0.730303 0.6756 0.726458 0.673105 0.746454
0 0.557277 0.814231 0.559559 0.792782 0.547896 0.78886 0.545613 0.810308
0 0.513194 0.839981 0.518763 0.809083 0.502487 0.799812 0.496918 0.830709
0 0.165755 0.938777 0.172003 0.918965 0.16015 0.907151 0.153902 0.926963
0 0.962161 0.564655 0.967105 0.538253 0.950849 0.528631 0.945905 0.555033
0 0.584296 0.785951 0.588979 0.769603 0.577473 0.759186 0.57279 0.775534
0 0.561896 0.86757 0.564466 0.845074 0.551171 0.840274 0.548601 0.862769
0 0.0626348 0.941428 0.0754162 0.920615 0.0662998 0.902921 0.0535183 0.923734
0 0.564666 0.716374 0.568657 0.694488 0.557397 0.687999 0.553406 0.709884
0 0.414642 0.584511 0.414386 0.52757 0.38953 0.527924 0.389787 0.584864
0 0.469127 0.766416 0.46932 0.735591 0.455272 0.735312 0.455079 0.766138
0 0.411707 0.75001 0.414832 0.729051 0.403738 0.723824 0.400614 0.744783
0 0.675019 0.75185 0.677008 0.73355 0.665298 0.729529 0.66331 0.747829
0 0.178749 0.660423 0.193255 0.637804 0.184794 0.620657 0.170289 0.643276
0 0.396927 0.765253 0.399971 0.74626 0.388653 0.740528 0.38561 0.759521
0 0.696564 0.752373 0.701007 0.733549 0.685825 0.722221 0.681381 0.741046
0 0.5371 0.721087 0.5409 0.701938 0.525805 0.692472 0.522006 0.711621
0 0.716241 0.720174 0.727344 0.700401 0.718753 0.685156 0.70765 0.704929
0 0.101983 0.894574 0.12207 0.871802 0.115479 0.853429 0.0953925 0.876201
0 0.0765642 0.771261 0.0789874 0.751336 0.0675877 0.746954 0.0651645 0.766879
0 0.919524 0.635889 0.919347 0.603929 0.903468 0.604207 0.903645 0.636166
0 0.0898691 0.807989 0.0921303 0.783987 0.0803523 0.78048 0.0780911 0.804482
0 0.0614073 0.996625 0.0624445 0.958848 0.0424243 0.957111 0.041387 0.994888
0 0.670888 0.694779 0.676906 0.672539 0.668533 0.665379 0.662515 0.687619
0 1.00248 0.590282 1.00511 0.560026 0.986028 0.554791 0.983401 0.585047
0 0.533602 0.817145 0.536418 0.772111 0.519775 0.768822 0.516959 0.813856
0 0.386392 0.74071 0.393436 0.7142 0.381296 0.704005 0.374252 0.730515
0 0.0261371 1.00044 0.0277265 0.955374 0.00362307 0.952687 0.00203364 0.997753
0 0.646269 0.724572 0.649925 0.708756 0.636901 0.699241 0.633245 0.715058
0 0.0456502 1.00427 0.0454477 0.978311 0.0269884 0.978766 0.0271908 1.00473
0 0.175604 0.315263 0.190196 0.228871 0.120068 0.191438 0.105477 0.27783
0 1.00366 0.25661 1.00551 0.215297 0.985744 0.212509 0.9839 0.253823
0 0.377171 0.795122 0.378881 0.774649 0.367032 0.77152 0.365322 0.791994
0 0.186356 0.52851 0.185173 0.498927 0.160974 0.501984 0.162156 0.531567
0 0.176454 0.737206 0.177384 0.715924 0.164021 0.714077 0.163091 0.73536
0 0.533408 0.762415 0.534694 0.742309 0.524872 0.740325 0.523587 0.760431
0 0.784142 0.554434 0.784389 0.532553 0.770819 0.532069 0.770573 0.55395
0 0.4869 0.966034 0.492286 0.938293 0.48054 0.931086 0.475154 0.958827
0 0.138733 0.819625 0.150808 0.796188 0.143541 0.784355 0.131466 0.807791
0 0.252002 0.350925 0.260153 0.294085 0.242185 0.285941 0.234034 0.34278
0 0.557631 0.786223 0.55986 0.764242 0.549506 0.760924 0.547278 0.782906
0 0.497944 0.817423 0.502032 0.795918 0.489495 0.788385 0.485406 0.809891
0 0.590035 0.840872 0.591139 0.819008 0.566731 0.815115 0.565628 0.836978
0 0.0241877 0.799077 0.0264924 0.775307 0.00869205 0.769852 0.00638732 0.793622
0 0.417826 0.656167 0.418863 0.633375 0.405552 0.63146 0.404515 0.654252
0 0.400536 0.703636 0.40365 0.683663 0.393238 0.678532 0.390124 0.698506
0 0.0626459 0.746294 0.0639085 0.726969 0.0529782 0.724711 0.0517156 0.744037
0 0.96055 0.794771 0.966526 0.772093 0.95124 0.759361 0.945264 0.782039
0 0.096624 0.870799 0.128824 0.841411 0.120485 0.812533 0.0882847 0.841921
0 0.593963 0.724746 0.598895 0.695866 0.587652 0.689798 0.582721 0.718678
0 0.040705 0.902774 0.0454496 0.877826 0.033321 0.870536 0.0285763 0.895484
0 0.251889 0.263918 0.272447 0.211046 0.224677 0.152345 0.20412 0.205217
0 0.358366 0.723393 0.360327 0.703874 0.349515 0.700441 0.347554 0.71996
0 0.938416 0.725025 0.951283 0.712077 0.941143 0.68023 0.928276 0.693178
0 0.434177 0.610242 0.436187 0.589537 0.425839 0.586362 0.423828 0.607067
0 0.422901 0.702026 0.424608 0.68617 0.414068 0.682585 0.412361 0.69844
0 0.37449 0.719635 0.378407 0.699289 0.366958 0.692322 0.363041 0.712667
0 0.201589 0.499465 0.207083 0.465339 0.181384 0.452264 0.17589 0.486389
0 0.128459 0.577877 0.127734 0.551257 0.110393 0.55275 0.111118 0.57937
0 0.426306 0.739686 0.428202 0.721395 0.416777 0.717652 0.414881 0.735943
0 0.421288 0.678655 0.42319 0.662156 0.414566 0.659016 0.412664 0.675514
0 0.175039 0.569867 0.177285 0.547696 0.157757 0.541443 0.155511 0.563614
0 0.121566 0.818179 0.125454 0.802316 0.116174 0.795129 0.112287 0.810992
0 0.595355 0.60988 0.605681 0.587133 0.588013 0.561786 0.577687 0.584532
0 0.620369 0.719676 0.623888 0.705496 0.610875 0.695291 0.607356 0.709471
0 0.692645 0.712319 0.697689 0.691613 0.68694 0.683336 0.681895 0.704042
0 0.576738 0.728715 0.578464 0.705923 0.566692 0.703106 0.564965 0.725897
0 0.159499 0.539692 0.162201 0.518035 0.145617 0.511497 0.142916 0.533154
0 0.939925 0.75381 0.945652 0.719875 0.919414 0.705881 0.913687 0.739816
0 0.625193 0.802634 0.62515 0.759403 0.596115 0.759495 0.596158 0.802726
0 0.774605 0.534194 0.778059 0.51018 0.763843 0.503716 0.760388 0.52773
0 0.47259 0.812189 0.480991 0.780631 0.464517 0.766771 0.456116 0.798329
0 0.484283 0.807684 0.486812 0.787935 0.477429 0.784136 0.474899 0.803885
0 0.367185 0.788111 0.371213 0.758131 0.357244 0.752199 0.353216 0.782179
0 0.511175 0.761331 0.513657 0.740709 0.50357 0.736872 0.501088 0.757495
0 0.353176 0.772033 0.354798 0.746843 0.340609 0.743955 0.338987 0.769145
0 0.651599 0.790984 0.657055 0.764192 0.643289 0.755332 0.637833 0.782124
0 0.495484 0.795637 0.500698 0.775551 0.491329 0.767866 0.486115 0.787951
0 0.0971273 0.337032 0.105199 0.292475 0.0744406 0.274865 0.066369 0.319422
0 0.0244627 0.621143 0.0250859 0.599844 0.0088374 0.598341 0.00821418 0.61964
0 0.0078464 0.944618 0.0124635 0.916085 -0.000709298 0.909348 -0.00532639 0.937881
0 0.711057 0.753054 0.714093 0.732997 0.700619 0.726552 0.697583 0.746609
0 0.769591 1.06292 0.834621 0.924619 0.750697 0.799905 0.685668 0.938209
0 0.662154 0.700974 0.665772 0.684101 0.656944 0.678118 0.653326 0.694991
0 0.71303 0.681644 0.717815 0.660599 0.704717 0.651188 0.699933 0.672232
0 0.0899482 0.782595 0.09067 0.766715 0.0796946 0.765138 0.0789728 0.781018
0 0.0449577 0.813957 0.04872 0.790987 0.0387358 0.785819 0.0349735 0.808788
0 0.639298 0.672951 0.64619 0.654379 0.634985 0.641238 0.628093 0.65981
0 0.683241 0.71473 0.685785 0.694648 0.675383 0.690484 0.67284 0.710566
0 0.0876932 0.838807 0.0920457 0.816 0.081108 0.809403 0.0767555 0.83221
0 0.383317 0.832224 0.38603 0.810038 0.375448 0.805948 0.372736 0.828134
0 0.245852 0.854019 0.254458 0.834033 0.243846 0.81959 0.23524 0.839576
0 0.386268 0.686724 0.385973 0.660149 0.374883 0.660538 0.375178 0.687113
0 0.652403 0.684278 0.65502 0.665839 0.64257 0.660254 0.639953 0.678693
0 0.213525 0.838316 0.21716 0.816199 0.203067 0.808877 0.199432 0.830994
0 0.421136 0.612785 0.424029 0.583425 0.401911 0.576536 0.399018 0.605896
0 0.171351 0.804899 0.179027 0.777996 0.162545 0.763132 0.154868 0.790035
0 0.295952 0.720335 0.299713 0.696856 0.288944 0.691405 0.285183 0.714884
0 0.151879 0.702999 0.154416 0.680788 0.14103 0.675955 0.138493 0.698166
0 0.374757 0.762908 0.380563 0.740847 0.370076 0.732123 0.364269 0.754184
0 0.527737 0.870036 0.528729 0.8474 0.515222 0.84553 0.51423 0.868166
0 0.157996 0.745737 0.15851 0.727244 0.146519 0.726191 0.146005 0.744683
0 0.0368585 0.839314 0.0384539 0.818224 0.0261916 0.815292 0.0245962 0.836383
0 0.397873 0.834342 0.400341 0.818392 0.388179 0.812445 0.385711 0.828395
0 0.413389 0.714326 0.415667 0.693903 0.403925 0.689763 0.401647 0.710185
0 0.0272752 0.679848 0.0280673 0.660122 0.0121951 0.658108 0.011403 0.677833
0 0.540581 0.66418 0.541793 0.647697 0.531057 0.645202 0.529846 0.661685
0 0.0868525 0.925856 0.102378 0.889975 0.0893898 0.872214 0.0738647 0.908095
0 0.54866 0.837931 0.551458 0.814574 0.538803 0.809782 0.536005 0.833139
0 0.210357 0.985751 0.236352 0.967166 0.229973 0.938969 0.203978 0.957553
0 0.0445142 0.792503 0.0512871 0.774623 0.0439989 0.765897 0.0372259 0.783777
0 0.412287 0.785318 0.417024 0.766056 0.403629 0.755645 0.398892 0.774908
0 0.371554 0.968076 0.370508 0.943051 0.352349 0.945449 0.353395 0.970474
0 0.154553 0.88401 0.166482 0.844262 0.149113 0.827787 0.137184 0.867535
0 0.724045 0.664422 0.726799 0.642356 0.712624 0.636763 0.709869 0.65883
0 0.966389 0.583981 0.96934 0.558514 0.953627 0.552761 0.950677 0.578228
0 0.663171 0.729161 0.666952 0.709146 0.656276 0.702772 0.652495 0.722786
0 0.417294 0.850433 0.420712 0.833958 0.404975 0.82364 0.401557 0.840115
0 0.707601 0.705591 0.713815 0.688954 0.705027 0.678581 0.698813 0.695217
0 0.596414 0.758878 0.597988 0.739756 0.588278 0.737229 0.586704 0.756351
0 0.0179315 0.753379 0.023145 0.689237 -0.00544577 0.681892 -0.0106593 0.746034
0 0.439862 0.738948 0.440936 0.71802 0.428799 0.716051 0.427725 0.736979
0 0.0240221 1.00801 0.023661 0.987398 0.00566434 0.988395 0.00602553 1.009
0 0.45148 0.932983 0.464098 0.904624 0.454018 0.890449 0.4414 0.918808
0 0.130176 0.80912 0.142677 0.785234 0.13318 0.769525 0.120679 0.793411
0 0.189151 0.695208 0.192231 0.673446 0.178948 0.667504 0.175868 0.689267
0 0.113943 0.812377 0.116103 0.792816 0.103131 0.788287 0.10097 0.807848
0 0.0312607 0.820614 0.0334873 0.799892 0.0202367 0.795392 0.0180101 0.816114
0 0.435294 0.774046 0.438896 0.754574 0.42863 0.748573 0.425028 0.768045
0 0.0735154 0.854458 0.0779488 0.825286 0.0649852 0.81906 0.0605519 0.848232
0 0.0550077 0.771229 0.0596722 0.751412 0.0493701 0.743748 0.0447056 0.763566
0 0.158309 0.659745 0.159289 0.640466 0.146033 0.638335 0.145052 0.657614
0 0.606986 0.717281 0.611141 0.702663 0.599119 0.691863 0.594964 0.70648
0 0.188776 0.112726 0.211138 0.0800484 0.179962 0.0126232 0.1576 0.0453005
0 0.226992 0.844726 0.232787 0.815668 0.219403 0.807232 0.213608 0.83629
0 0.545059 0.770412 0.545844 0.739434 0.532954 0.738401 0.532169 0.769379
0 0.0581889 0.854698 0.0634392 0.838767 0.0550591 0.830038 0.0498088 0.845969
0 0.548858 0.650065 0.549745 0.635005 0.540482 0.633281 0.539595 0.64834
0 0.0736841 0.698884 0.0750841 0.682192 0.0650144 0.679523 0.0636144 0.696215
0 0.0340602 0.963262 0.0385711 0.939738 0.0256834 0.931927 0.0211725 0.955451
0 0.176087 0.548672 0.178784 0.52898 0.165937 0.523419 0.16324 0.543111
0 0.136956 0.591851 0.136735 0.570621 0.120659 0.571149 0.120879 0.592378
0 0.0892661 0.953231 0.119443 0.913288 0.108987 0.888321 0.07881 0.928265
0 0.671074 0.851683 0.674068 0.8198 0.658672 0.81523 0.655678 0.847114
0 0.518372 0.859833 0.523179 0.825795 0.510976 0.820349 0.506169 0.854386
0 0.627779 0.707388 0.630025 0.688705 0.616539 0.683582 0.614293 0.702265
0 0.511544 0.749106 0.512425 0.731078 0.501752 0.729429 0.500871 0.747456
0 0.638282 0.802115 0.645037 0.785329 0.635044 0.77262 0.628289 0.789406
0 0.684452 0.808863 0.686942 0.78278 0.674589 0.779052 0.672099 0.805135
0 0.19767 0.719375 0.199704 0.701501 0.189829 0.697949 0.187795 0.715823
0 0.313842 0.13309 0.339097 0.0139093 0.256486 -0.0414189 0.23123 0.0777616
0 0.209242 0.784089 0.213276 0.764453 0.202579 0.757508 0.198546 0.777145
0 0.586461 0.763049 0.589382 0.747962 0.579604 0.741981 0.576684 0.757068
0 0.555519 0.374599 0.5559 0.34273 0.537143 0.342021 0.536762 0.373891
0 0.501165 1.00084 0.502185 0.961803 0.482354 0.960166 0.481334 0.999198
0 0.40083 0.726038 0.404664 0.704996 0.393997 0.698854 0.390163 0.719896
0 0.442433 0.635406 0.448191 0.608619 0.434813 0.599531 0.429056 0.626319
0 0.27829 0.210942 0.299875 0.189113 0.273869 0.107844 0.252284 0.129673
0 0.380582 0.960499 0.378981 0.934345 0.35763 0.938476 0.359232 0.96463
0 0.012682 0.585046 0.0143767 0.561257 -0.000363108 0.557938 -0.00205788 0.581727
0 0.559732 0.837276 0.561528 0.816025 0.551229 0.813274 0.549433 0.834526
0 0.725951 0.63824 0.731019 0.608595 0.714225 0.599521 0.709157 0.629166
0 0.290965 0.412044 0.292053 0.387161 0.266654 0.383649 0.265565 0.408531
0 0.470287 0.669664 0.474608 0.648852 0.460107 0.639337 0.455786 0.660149
0 0.0931785 0.953789 0.135154 0.918706 0.124777 0.879469 0.082802 0.914553
0 0.412445 0.823504 0.417719 0.80069 0.40296 0.789906 0.397686 0.812721
0 0.0542818 0.839294 0.0585376 0.818081 0.0486117 0.811788 0.0443559 0.833001
0 0.0478363 0.862875 0.050629 0.841628 0.03959 0.837042 0.0367973 0.858289
0 0.361316 0.740244 0.362913 0.725164 0.353309 0.721948 0.351711 0.737028
0 0.279367 0.47266 0.289077 0.45857 0.276621 0.431437 0.26691 0.445526
0 0.925848 0.60511 0.946697 0.575457 0.934663 0.548717 0.913814 0.578369
0 0.757689 0.565108 0.768738 0.527209 0.752098 0.511876 0.741049 0.549775
0 0.188981 0.630094 0.19646 0.597589 0.178534 0.584552 0.171054 0.617058
0 0.682621 0.69644 0.684847 0.679046 0.676215 0.675555 0.673989 0.692949
0 0.120805 1.0058 0.120565 0.986009 0.100627 0.986773 0.100867 1.00656
0 0.00847242 0.66667 0.0119247 0.640341 0.000269351 0.635511 -0.00318288 0.66184
0 0.688885 0.771807 0.693033 0.749225 0.680635 0.742026 0.676486 0.764608
0 0.579479 0.734397 0.580234 0.713148 0.567471 0.711713 0.566716 0.732963
0 0.214797 0.515736 0.215874 0.488244 0.196663 0.485865 0.195586 0.513357
0 0.784388 0.664016 0.785734 0.639412 0.769399 0.636588 0.768054 0.661192
