0 0.995653 0.97529 1.01007 0.855305 0.806932 0.778161 0.792514 0.898145
0 0.132365 0.966712 0.159443 0.908891 0.139674 0.879631 0.112596 0.937453
0 0.933511 0.801091 0.933736 0.756771 0.910271 0.756395 0.910047 0.800715
0 0.168071 0.321714 0.184331 0.23538 0.115045 0.194138 0.0987848 0.280473
0 0.340106 0.979646 0.340548 0.932751 0.315078 0.931993 0.314636 0.978888
0 0.113108 0.326025 0.109086 0.27877 0.088315 0.284357 0.0923367 0.331612
0 0.215427 0.340082 0.239672 0.317479 0.218424 0.245451 0.19418 0.268054
0 0.146711 0.871369 0.151704 0.842213 0.134518 0.83291 0.129524 0.862066
0 0.335895 0.899851 0.340134 0.848079 0.319277 0.842681 0.315038 0.894454
0 0.094553 0.927608 0.0874226 0.885326 0.0531828 0.903576 0.0603132 0.945857
0 0.242838 0.813131 0.245918 0.768605 0.224417 0.763903 0.221336 0.808429
0 0.467318 0.879732 0.470345 0.837453 0.448346 0.832475 0.445319 0.874754
0 0.429278 0.807646 0.440284 0.784788 0.418334 0.751384 0.407327 0.774242
0 0.428428 0.952227 0.435063 0.909199 0.41279 0.898344 0.406155 0.941372
0 0.171507 0.747201 0.175662 0.709791 0.147102 0.699768 0.142948 0.737178
0 0.355603 0.871168 0.366041 0.856289 0.354118 0.829856 0.34368 0.844735
0 0.172894 0.873706 0.174615 0.845207 0.156357 0.841723 0.154637 0.870222
0 0.118795 0.862482 0.123313 0.835671 0.105742 0.826311 0.101223 0.853123
0 0.304416 0.145033 0.339896 0.0310577 0.258414 -0.0491083 0.222934 0.0648675
0 0.42512 0.827575 0.425436 0.789351 0.401983 0.788738 0.401667 0.826962
0 0.932214 0.759302 0.939553 0.739145 0.9241 0.721363 0.916761 0.741519
0 0.105857 0.891978 0.126645 0.863872 0.11821 0.844158 0.0974232 0.872263
0 0.104765 0.579303 0.113031 0.554476 0.101271 0.542103 0.0930056 0.566929
0 0.126839 0.912103 0.144649 0.889092 0.13675 0.869769 0.118939 0.89278
0 0.172361 0.856196 0.173017 0.824402 0.15474 0.823211 0.154084 0.855005
0 0.62436 0.820224 0.627861 0.784955 0.607794 0.778659 0.604293 0.813929
0 0.291284 0.723642 0.297687 0.684547 0.260104 0.665095 0.253702 0.70419
0 0.180008 0.121805 0.202307 0.103238 0.176981 0.00710772 0.154682 0.025675
0 0.369571 0.689262 0.389736 0.635228 0.372702 0.615136 0.352537 0.66917
0 0.431137 0.893715 0.442935 0.865839 0.425331 0.842293 0.413534 0.870169
0 0.0655068 0.800118 0.0636793 0.77399 0.043163 0.778526 0.0449904 0.804653
0 0.133311 0.776258 0.138144 0.754161 0.127736 0.746967 0.122903 0.769064
0 0.889086 0.528102 0.893025 0.50729 0.879082 0.498949 0.875143 0.519761
0 0.288134 0.786714 0.291871 0.758916 0.27955 0.75368 0.275812 0.781478
0 0.43841 0.931769 0.45217 0.902485 0.431938 0.872442 0.418179 0.901726
0 0.491814 0.671307 0.497304 0.64557 0.482456 0.635561 0.476967 0.661298
0 0.321707 0.804108 0.339593 0.763979 0.319221 0.735281 0.301335 0.77541
0 0.0610929 0.102685 0.0878737 0.0114158 0.059296 -0.0150864 0.0325152 0.0761828
0 0.509166 0.688254 0.511737 0.664016 0.498637 0.659623 0.496066 0.683862
0 0.095129 0.905135 0.101636 0.877777 0.0905242 0.869424 0.0840169 0.896782
0 0.132524 0.855081 0.13563 0.833287 0.121647 0.82699 0.118542 0.848785
0 0.118923 0.904066 0.137191 0.874777 0.128071 0.8568 0.109803 0.88609
0 0.667798 0.754692 0.67498 0.734186 0.666813 0.725145 0.659631 0.745651
0 0.109147 0.909671 0.115128 0.888908 0.103148 0.878001 0.0971671 0.898765
0 0.498182 0.6826 0.500092 0.663497 0.486561 0.659219 0.48465 0.678322
0 0.456027 0.818484 0.466837 0.802327 0.453784 0.774729 0.442975 0.790886
0 0.344312 0.82846 0.345601 0.803008 0.326283 0.799916 0.324994 0.825369
0 0.1186 0.95331 0.130325 0.909751 0.115131 0.896825 0.103406 0.940384
0 0.322393 0.829834 0.320936 0.806807 0.303244 0.810344 0.304701 0.833372
0 0.891871 0.79182 0.90444 0.760432 0.892283 0.745047 0.879714 0.776435
0 0.520324 0.667023 0.520755 0.637354 0.506353 0.636693 0.505922 0.666362
0 0.0851279 0.851488 0.090174 0.828803 0.073353 0.816978 0.0683069 0.839662
0 0.106901 0.677478 0.108844 0.65607 0.0974679 0.652807 0.0955251 0.674215
0 0.689874 0.837118 0.69791 0.796056 0.683151 0.786926 0.675115 0.827988
0 0.250612 0.777293 0.253907 0.749639 0.240594 0.744627 0.2373 0.772281
0 0.0718484 0.88732 0.0821315 0.859632 0.0714168 0.847055 0.0611337 0.874743
0 0.407872 0.98927 0.411773 0.944907 0.3919 0.939384 0.387999 0.983747
0 0.484367 0.748616 0.48732 0.729459 0.475581 0.72374 0.472629 0.742898
0 0.271537 0.850166 0.278744 0.827313 0.266481 0.815091 0.259274 0.837945
0 0.901823 0.524831 0.907319 0.504378 0.89253 0.491818 0.887034 0.512272
0 0.586418 0.727756 0.603919 0.705698 0.596009 0.685864 0.578508 0.707922
0 0.677936 0.790837 0.680856 0.768678 0.668484 0.763526 0.665565 0.785686
0 0.320423 0.970447 0.321012 0.9105 0.287866 0.90947 0.287277 0.969417
0 0.104591 0.916613 0.10571 0.894673 0.0922609 0.892506 0.0911424 0.914446
0 0.283532 0.824042 0.294366 0.802616 0.278805 0.77775 0.267972 0.799175
0 0.473637 0.737614 0.476477 0.713135 0.462944 0.708174 0.460105 0.732652
0 0.150955 0.131357 0.183988 0.0646502 0.124316 -0.0287407 0.0912833 0.0379657
0 0.0794032 0.896463 0.0920948 0.870027 0.0825391 0.855528 0.0698475 0.881965
0 0.479419 0.833781 0.479458 0.791548 0.461551 0.791496 0.461512 0.833729
0 0.876541 0.714839 0.883727 0.68589 0.862623 0.669332 0.855436 0.698281
0 0.415085 0.850307 0.415356 0.821942 0.39626 0.821365 0.395988 0.849729
0 0.302854 0.791731 0.306383 0.762311 0.289394 0.75587 0.285864 0.78529
0 0.792621 0.703745 0.79944 0.678349 0.789372 0.669805 0.782553 0.695201
0 0.409396 0.902317 0.417057 0.871069 0.405938 0.862455 0.398278 0.893703
0 0.244065 0.838766 0.27223 0.815358 0.262901 0.77988 0.234736 0.803288
0 0.610498 0.853895 0.616779 0.822109 0.602837 0.813402 0.596556 0.845188
0 0.47043 0.772544 0.472475 0.748472 0.459359 0.74495 0.457314 0.769022
0 0.499171 0.719598 0.502963 0.699768 0.492166 0.693242 0.488373 0.713072
0 0.493907 0.893249 0.499216 0.873784 0.486664 0.862966 0.481355 0.882431
0 0.958501 0.23283 0.947613 0.168739 0.893032 0.198043 0.90392 0.262135
0 0.809535 0.762828 0.815345 0.744614 0.800621 0.729771 0.794811 0.747985
0 0.156726 0.845439 0.166956 0.791644 0.146381 0.779277 0.13615 0.833071
0 0.0951225 0.987665 0.10286 0.949423 0.0860891 0.938698 0.0783513 0.97694
0 0.793587 0.730588 0.796343 0.701835 0.783324 0.697892 0.780568 0.726645
0 0.321888 0.920514 0.326843 0.901412 0.313067 0.890116 0.308111 0.909218
0 0.191078 0.868441 0.195378 0.844503 0.173706 0.8322 0.169407 0.856138
0 0.231217 0.863324 0.234537 0.826634 0.211985 0.820184 0.208665 0.856874
0 0.493633 0.700641 0.497821 0.68164 0.482479 0.670951 0.47829 0.689952
0 0.0595252 0.838406 0.0616101 0.815844 0.0487662 0.812093 0.0466813 0.834654
0 0.32597 0.813798 0.328553 0.792238 0.314948 0.787086 0.312365 0.808646
0 0.449105 0.879922 0.453115 0.85297 0.439514 0.846575 0.435504 0.873527
0 0.883693 0.566192 0.883282 0.54291 0.868434 0.543738 0.868844 0.567019
0 0.211376 0.761003 0.213408 0.740451 0.20216 0.736937 0.200128 0.757489
0 0.210243 0.878148 0.208678 0.85396 0.189859 0.857809 0.191424 0.881996
0 0.486893 0.718851 0.490107 0.698279 0.479232 0.692909 0.476018 0.713481
0 0.599232 0.750873 0.601454 0.724608 0.586457 0.720599 0.584235 0.746864
0 0.671393 0.814344 0.67598 0.794418 0.664276 0.785901 0.659688 0.805826
0 0.333678 0.65073 0.339221 0.623817 0.325443 0.614848 0.3199 0.641761
0 0.340929 0.850634 0.345977 0.830771 0.333395 0.820666 0.328348 0.84053
0 0.120687 0.682272 0.121933 0.664125 0.110881 0.661727 0.109635 0.679874
0 0.238044 0.83427 0.241293 0.812063 0.22355 0.803858 0.2203 0.826064
0 0.995106 0.564404 0.996787 0.541665 0.985025 0.538915 0.983343 0.561655
0 0.885765 0.749139 0.890771 0.731984 0.875174 0.717599 0.870168 0.734754
0 0.0916532 0.34489 0.100697 0.307099 0.0661878 0.280999 0.0571442 0.318791
0 0.508075 0.78563 0.509518 0.756919 0.492165 0.754162 0.490722 0.782873
0 0.414394 0.983633 0.427597 0.958683 0.417543 0.941866 0.404339 0.966816
0 0.51934 0.805071 0.52193 0.783455 0.510013 0.778942 0.507423 0.800559
0 0.0887942 0.62489 0.0933289 0.609587 0.0841383 0.60098 0.0796035 0.616283
0 0.94925 0.73701 0.951581 0.706203 0.932458 0.701629 0.930127 0.732436
0 0.604071 0.88346 0.606672 0.86357 0.592281 0.857623 0.58968 0.877513
0 0.0963348 0.661637 0.0999382 0.642734 0.0855359 0.634057 0.0819324 0.65296
0 0.119991 0.976184 0.127988 0.954751 0.118025 0.943 0.110027 0.964434
0 0.203926 0.853872 0.204835 0.830357 0.190906 0.828655 0.189997 0.85217
0 0.631213 0.78428 0.632523 0.753765 0.616086 0.751535 0.614776 0.78205
0 0.639068 0.709683 0.646794 0.693703 0.640131 0.683522 0.632406 0.699502
0 0.583051 0.768529 0.590755 0.748843 0.582571 0.738722 0.574868 0.758408
0 0.470798 0.675626 0.472578 0.649543 0.461208 0.64709 0.459428 0.673174
0 0.482288 0.79383 0.484969 0.768907 0.474259 0.765266 0.471578 0.790189
0 0.115258 0.735029 0.126874 0.711351 0.118704 0.698683 0.107088 0.722361
0 0.856459 0.61604 0.863749 0.590915 0.85352 0.581536 0.846231 0.606661
0 0.691121 0.798788 0.703901 0.777311 0.694547 0.759717 0.681766 0.781194
0 0.531887 0.679983 0.534541 0.650692 0.52239 0.647212 0.519735 0.676502
0 0.164216 0.823375 0.175585 0.794653 0.164596 0.780907 0.153228 0.809629
0 0.796506 0.625414 0.809288 0.606776 0.7956 0.577106 0.782817 0.595744
0 0.581116 0.67323 0.590736 0.655452 0.582305 0.641034 0.572685 0.658813
0 0.257132 0.850423 0.262353 0.828727 0.248812 0.818429 0.243591 0.840125
0 0.871251 0.510836 0.873695 0.482861 0.85969 0.478995 0.857246 0.50697
0 0.658145 0.765271 0.66275 0.747324 0.654384 0.74054 0.649779 0.758487
0 0.912571 0.727854 0.916933 0.708838 0.905779 0.700752 0.901417 0.719768
0 0.141604 0.847229 0.147139 0.824815 0.134685 0.815095 0.12915 0.837509
0 0.281293 0.875896 0.282827 0.839115 0.261218 0.836268 0.259685 0.873048
0 0.852022 0.797361 0.859722 0.77123 0.842169 0.754881 0.834468 0.781012
0 0.221206 0.814015 0.225435 0.786968 0.208283 0.778492 0.204054 0.805539
0 0.14643 0.610931 0.149469 0.582402 0.135058 0.577549 0.132019 0.606079
0 0.282203 0.248073 0.290854 0.215116 0.26129 0.190592 0.25264 0.223549
0 0.0454499 0.579057 0.0489716 0.559455 0.0376766 0.553041 0.0341548 0.572643
0 0.432666 0.85321 0.456644 0.826499 0.447518 0.80061 0.423541 0.827321
0 0.897554 0.749644 0.902016 0.724612 0.889924 0.717799 0.885462 0.74283
0 0.0303662 0.28384 0.0349178 0.196905 -0.012327 0.189088 -0.0168786 0.276022
0 0.244471 0.27608 0.27042 0.229824 0.225512 0.150203 0.199563 0.196459
0 0.324229 0.229211 0.341106 0.12425 0.267315 0.0867512 0.250438 0.191712
0 0.882653 0.49439 0.884647 0.467268 0.87335 0.464642 0.871355 0.491764
0 0.545583 0.778879 0.554157 0.745411 0.543742 0.736978 0.535167 0.770445
0 0.88204 0.6793 0.883532 0.648913 0.869927 0.646802 0.868435 0.677188
0 0.610746 0.748262 0.611773 0.730056 0.601381 0.728203 0.600353 0.746409
0 0.793496 0.549855 0.805416 0.529556 0.789369 0.499777 0.77745 0.520076
0 0.63405 0.743236 0.638557 0.72509 0.629474 0.717961 0.624967 0.736106
0 0.131979 0.834786 0.142498 0.812159 0.132765 0.797858 0.122246 0.820486
0 0.929783 0.554647 0.932591 0.535715 0.917062 0.528437 0.914255 0.547369
0 0.683756 0.763427 0.685264 0.747532 0.672412 0.743676 0.670903 0.759572
0 0.121682 0.834838 0.125337 0.817111 0.113538 0.809422 0.109883 0.827149
0 0.608269 0.81735 0.611091 0.7843 0.58091 0.776155 0.578088 0.809206
0 0.0636875 0.876128 0.0673202 0.853588 0.0556598 0.847648 0.0520271 0.870189
0 0.508451 0.839216 0.515699 0.805567 0.502854 0.796822 0.495606 0.830471
0 0.170718 0.906317 0.175189 0.875932 0.156979 0.867461 0.152507 0.897846
0 0.61363 0.713087 0.618015 0.689368 0.605609 0.682118 0.601224 0.705838
0 0.895065 0.667856 0.897214 0.63829 0.884651 0.635403 0.882501 0.664969
0 0.957348 0.778805 0.963937 0.759425 0.947948 0.742245 0.941359 0.761625
0 0.200706 0.944084 0.204358 0.897027 0.174416 0.889681 0.170763 0.936738
0 0.0941601 0.873721 0.100831 0.853336 0.0926045 0.844828 0.0859339 0.865214
0 0.895241 0.550909 0.896763 0.526147 0.882 0.52328 0.880478 0.548041
0 0.790821 0.761812 0.799401 0.744601 0.784248 0.720728 0.775669 0.737939
0 0.926986 0.547221 0.929924 0.529737 0.910779 0.519569 0.907841 0.537052
0 0.906778 0.546161 0.909084 0.528424 0.897748 0.523765 0.895442 0.541502
0 0.658167 0.686033 0.664581 0.662886 0.656682 0.655969 0.650269 0.679117
0 0.632722 0.698151 0.639978 0.679568 0.632255 0.670038 0.625 0.688622
0 0.672203 0.77168 0.676594 0.753833 0.667815 0.747006 0.663424 0.764853
0 1.00097 0.688971 1.00229 0.654561 0.989564 0.653011 0.988239 0.687421
0 0.342258 0.926742 0.353412 0.90165 0.34451 0.889143 0.333356 0.914235
0 0.0860647 1.00965 0.09289 0.986167 0.0799477 0.974277 0.0731224 0.997757
0 0.819897 0.739701 0.822671 0.720641 0.812765 0.716085 0.809991 0.735145
