0 0.987639 1.06103 1.01953 0.83042 0.813905 0.740542 0.782012 0.971155
0 0.777658 1.06867 0.852589 0.947831 0.767137 0.780368 0.692206 0.901211
0 0.614181 0.57536 0.614681 0.538989 0.594509 0.538113 0.59401 0.574484
0 0.504408 0.749571 0.52293 0.731477 0.507727 0.682295 0.489206 0.70039
0 0.543952 0.705582 0.548567 0.684289 0.525593 0.668551 0.520978 0.689844
0 0.469231 0.744913 0.470721 0.702564 0.447522 0.699986 0.446033 0.742335
0 0.26667 0.926437 0.274568 0.873469 0.251632 0.86266 0.243734 0.915628
0 0.558111 0.61771 0.567929 0.572821 0.552723 0.562309 0.542905 0.607199
0 0.624161 1.0022 0.627133 0.961473 0.607803 0.957016 0.604831 0.997747
0 0.56543 0.93005 0.561543 0.896722 0.531772 0.907696 0.535659 0.941024
0 0.623751 0.79166 0.624555 0.757653 0.604142 0.756128 0.603339 0.790135
0 0.370436 0.63362 0.372658 0.609297 0.356997 0.604775 0.354775 0.629098
0 0.808609 0.778622 0.921763 0.75887 0.915193 0.63991 0.802039 0.659662
0 0.575805 0.802218 0.578014 0.777036 0.564275 0.773228 0.562067 0.79841
0 0.657804 0.864916 0.650978 0.824905 0.622028 0.840514 0.628854 0.880525
0 0.151627 0.88689 0.155266 0.857027 0.138589 0.850604 0.13495 0.880467
0 0.329876 0.886921 0.339044 0.838732 0.316951 0.825448 0.307783 0.873637
0 0.584609 0.551487 0.588036 0.530743 0.57175 0.522241 0.568324 0.542985
0 0.313339 0.963888 0.315826 0.941483 0.298452 0.935387 0.295964 0.957791
0 0.387148 0.927649 0.390957 0.905347 0.375925 0.897233 0.372116 0.919536
0 0.179227 0.890933 0.180215 0.849429 0.157359 0.847709 0.15637 0.889213
0 0.719691 0.709985 0.728721 0.690755 0.714691 0.669934 0.705661 0.689164
0 0.540748 0.757626 0.545703 0.722733 0.531734 0.716464 0.526779 0.751357
0 0.439658 0.935924 0.440072 0.897345 0.420937 0.896696 0.420523 0.935275
0 0.249906 0.882685 0.253372 0.858009 0.241736 0.852844 0.23827 0.877519
0 0.338544 0.912438 0.340486 0.882987 0.322457 0.879229 0.320515 0.90868
0 0.512699 0.696627 0.515783 0.668709 0.499584 0.663054 0.4965 0.690973
0 0.29687 0.999021 0.308122 0.964923 0.295937 0.952215 0.284685 0.986313
0 0.289978 0.973894 0.28628 0.908965 0.240636 0.917181 0.244334 0.98211
0 0.377364 0.615177 0.380744 0.588354 0.36673 0.582773 0.36335 0.609596
0 0.648593 0.911227 0.654519 0.878846 0.625174 0.861874 0.619248 0.894255
0 0.509958 0.905431 0.517684 0.880863 0.499081 0.862372 0.491355 0.88694
0 0.444124 0.970573 0.454481 0.935215 0.438602 0.920515 0.428246 0.955874
0 0.200695 0.880073 0.203333 0.8613 0.187312 0.854186 0.184674 0.872959
0 0.601369 0.791794 0.603657 0.769267 0.591662 0.765416 0.589373 0.787943
0 0.652206 0.822511 0.658673 0.798816 0.642237 0.784638 0.63577 0.808333
0 0.557679 0.795594 0.566626 0.780371 0.555535 0.75977 0.546588 0.774994
0 0.147888 1.01283 0.170538 0.986348 0.161573 0.962114 0.138923 0.988596
0 0.107939 0.874108 0.113266 0.838251 0.0944298 0.829408 0.0891033 0.865265
0 0.678952 0.794497 0.679985 0.773101 0.665084 0.770825 0.664051 0.792221
0 0.624694 0.840425 0.627665 0.81543 0.612457 0.809717 0.609485 0.834711
0 0.290091 0.912826 0.307028 0.884203 0.293711 0.859298 0.276774 0.887921
0 0.182309 0.914059 0.197191 0.877198 0.184697 0.861256 0.169815 0.898117
0 0.266536 1.0069 0.267802 0.976164 0.250572 0.97392 0.249306 1.00465
0 0.406569 0.864442 0.402944 0.783475 0.360162 0.78953 0.363788 0.870497
0 0.227889 1.01157 0.237201 0.980167 0.214777 0.959152 0.205465 0.990556
0 0.210239 0.931902 0.217803 0.890751 0.190846 0.875091 0.183282 0.916243
0 0.641627 0.63216 0.648972 0.611424 0.632901 0.593434 0.625556 0.61417
0 0.598314 0.629176 0.602945 0.589437 0.572735 0.578309 0.568103 0.618048
0 0.430738 0.53445 0.433498 0.495432 0.413304 0.490917 0.410544 0.529935
0 0.377645 0.660952 0.385206 0.638695 0.369982 0.62235 0.362421 0.644607
0 0.602175 0.904911 0.60167 0.878692 0.582409 0.879864 0.582914 0.906084
0 0.599541 0.994429 0.613882 0.957409 0.585611 0.922796 0.57127 0.959816
0 0.45631 0.995043 0.460438 0.961234 0.439604 0.953193 0.435476 0.987002
0 0.744466 0.77442 0.754269 0.751383 0.732787 0.722491 0.722984 0.745528
0 0.591806 0.587951 0.592438 0.568293 0.574309 0.566451 0.573677 0.586108
0 0.193651 0.950283 0.197602 0.914865 0.18095 0.908994 0.176999 0.944412
0 0.414681 0.965983 0.423616 0.920046 0.395438 0.902723 0.386502 0.94866
0 0.241368 0.847078 0.253319 0.819943 0.243631 0.806459 0.231681 0.833594
0 0.55964 0.687601 0.562851 0.656095 0.538644 0.648298 0.535433 0.679804
0 0.763806 0.730062 0.766983 0.707635 0.754946 0.702246 0.751769 0.724673
0 0.632883 0.761982 0.633611 0.740603 0.621217 0.73927 0.62049 0.760649
0 0.387313 0.544454 0.396463 0.526169 0.388954 0.514295 0.379805 0.53258
0 0.519711 0.883964 0.528554 0.848296 0.514622 0.837379 0.505778 0.873046
0 0.626468 0.974885 0.635243 0.955656 0.617791 0.930485 0.609016 0.949714
0 0.534113 0.847335 0.532884 0.783458 0.492842 0.785894 0.494071 0.849771
0 0.234495 0.905787 0.23218 0.851124 0.205832 0.854652 0.208147 0.909315
0 0.586009 0.790262 0.588724 0.772377 0.576755 0.766634 0.57404 0.784518
0 0.238477 0.932446 0.254549 0.890102 0.237598 0.869768 0.221526 0.912112
0 0.748781 0.712601 0.751489 0.688844 0.739043 0.68436 0.736335 0.708117
0 0.608702 0.92226 0.622732 0.892545 0.61242 0.877157 0.59839 0.906871
0 0.293396 0.97475 0.300506 0.942381 0.288024 0.933716 0.280914 0.966085
0 0.0878883 0.769767 0.0876628 0.741069 0.0692454 0.741526 0.0694708 0.770225
0 0.5274 0.776642 0.531764 0.745668 0.518945 0.73996 0.514581 0.770933
0 0.376937 0.481526 0.402342 0.454998 0.393084 0.426976 0.367679 0.453504
0 0.532756 0.929945 0.536592 0.888444 0.515308 0.882226 0.511472 0.923727
0 0.574973 0.573084 0.578207 0.546321 0.552548 0.536524 0.549314 0.563287
0 0.6085 0.847941 0.613196 0.802266 0.596682 0.796901 0.591987 0.842576
0 0.519998 0.544004 0.526311 0.514185 0.510559 0.503644 0.504245 0.533463
0 0.390873 0.602575 0.392648 0.569406 0.378655 0.56704 0.376881 0.600209
0 0.595317 0.523584 0.596503 0.501482 0.583834 0.499335 0.582648 0.521436
0 0.352922 0.985155 0.362793 0.939874 0.349775 0.930905 0.339904 0.976185
0 0.140671 0.996768 0.181076 0.947832 0.164125 0.903597 0.12372 0.952534
0 0.726334 0.682328 0.742367 0.660275 0.733131 0.639053 0.717098 0.661106
0 0.897075 0.624192 0.903674 0.607033 0.8871 0.586887 0.880501 0.604046
0 0.299274 0.950063 0.308305 0.920594 0.295227 0.907926 0.286196 0.937395
0 0.621503 0.707025 0.632844 0.681259 0.62169 0.665743 0.610349 0.691509
0 0.342496 0.794881 0.359125 0.776031 0.35223 0.756806 0.335601 0.775656
0 0.11708 0.848243 0.122827 0.828545 0.111998 0.818561 0.106251 0.83826
0 0.611251 0.894812 0.62101 0.871517 0.608968 0.855574 0.59921 0.878868
0 0.501183 0.811791 0.512544 0.760447 0.469234 0.73016 0.457874 0.781504
0 0.358496 0.619354 0.360969 0.597469 0.347469 0.592646 0.344995 0.614532
0 0.707167 0.763102 0.706234 0.728842 0.684338 0.730726 0.685271 0.764985
0 0.60305 1.00965 0.605803 0.975631 0.576045 0.968022 0.573293 1.00204
0 0.313131 0.919984 0.315725 0.899688 0.301827 0.894074 0.299232 0.91437
0 0.15223 0.937011 0.1611 0.908521 0.147365 0.895007 0.138496 0.923498
0 0.154288 0.827004 0.151792 0.798627 0.131708 0.804212 0.134205 0.832588
0 0.998564 0.769148 1.00689 0.725034 0.97122 0.703772 0.962899 0.747886
0 0.499601 0.758078 0.507295 0.730566 0.483678 0.709691 0.475984 0.737202
0 0.437161 0.995297 0.441595 0.972976 0.428428 0.964709 0.423994 0.98703
0 0.333464 0.981519 0.339761 0.956554 0.324931 0.944733 0.318634 0.969697
0 0.549789 0.58441 0.553687 0.557661 0.540678 0.551668 0.536779 0.578417
0 0.56202 0.855394 0.563993 0.789822 0.528872 0.786483 0.5269 0.852055
0 0.502666 1.00732 0.505635 0.967284 0.471656 0.959321 0.468687 0.999361
0 0.220728 0.831713 0.237445 0.791006 0.222885 0.772108 0.206168 0.812814
0 0.165987 0.915855 0.171109 0.890856 0.154372 0.880018 0.14925 0.905016
0 0.518807 0.971796 0.520346 0.926049 0.498307 0.923705 0.496769 0.969453
0 0.332608 0.953524 0.340422 0.93038 0.331143 0.920479 0.323329 0.943622
0 0.235186 0.832955 0.246415 0.794989 0.231325 0.780883 0.220096 0.81885
0 0.360409 0.902991 0.374312 0.872961 0.363376 0.856961 0.349474 0.886991
0 0.499456 0.976235 0.504418 0.948659 0.490902 0.940973 0.485941 0.96855
0 0.609186 0.957148 0.617052 0.939519 0.601446 0.917512 0.59358 0.935141
0 0.649481 0.726785 0.651432 0.709984 0.637225 0.70477 0.635274 0.721571
0 0.189095 0.857199 0.195433 0.814593 0.169417 0.80236 0.163078 0.844966
0 0.563476 0.81167 0.568578 0.79626 0.556855 0.783994 0.551753 0.799403
0 0.287605 1.00523 0.289404 0.980687 0.274947 0.977337 0.273148 1.00188
0 0.750978 0.748063 0.755247 0.731653 0.743366 0.721883 0.739096 0.738292
0 0.150483 0.597022 0.154492 0.557706 0.124902 0.54817 0.120893 0.587485
0 0.583799 0.856387 0.590373 0.840567 0.576154 0.821893 0.56958 0.837714
0 0.312886 0.903195 0.319749 0.877507 0.304592 0.864707 0.297728 0.890395
0 0.637033 0.66271 0.641096 0.639822 0.630841 0.63407 0.626778 0.656958
0 0.778634 0.660285 0.786567 0.647469 0.776248 0.627282 0.768315 0.640098
0 0.563374 0.661471 0.568389 0.637322 0.547961 0.623914 0.542946 0.648063
0 0.528557 0.949776 0.531163 0.928937 0.516078 0.922976 0.513473 0.943815
0 0.690346 0.790222 0.691914 0.770828 0.680012 0.767788 0.678444 0.787181
0 0.200541 0.958402 0.223842 0.933451 0.2163 0.911191 0.192999 0.936142
0 0.544414 0.952077 0.544979 0.92674 0.528337 0.925566 0.527771 0.950902
0 0.624277 0.748055 0.628649 0.728103 0.619033 0.721443 0.61466 0.741394
0 0.758852 0.749182 0.761674 0.731472 0.749556 0.725369 0.746734 0.743079
0 0.544976 0.790605 0.548382 0.769448 0.536816 0.763564 0.53341 0.784721
0 0.521346 1.02487 0.548558 0.982597 0.529855 0.944547 0.502642 0.986823
0 0.152563 0.862569 0.167138 0.841022 0.159076 0.823786 0.144501 0.845333
0 0.328149 0.999772 0.329544 0.971244 0.313924 0.968829 0.312528 0.997358
0 0.279963 0.923413 0.287478 0.894468 0.276348 0.885337 0.268834 0.914282
0 0.344729 0.928754 0.354076 0.899424 0.344187 0.889465 0.334841 0.918795
0 0.291239 0.93236 0.299762 0.908244 0.288709 0.895898 0.280186 0.920013
0 0.595187 0.879976 0.602052 0.856807 0.58889 0.844481 0.582025 0.86765
0 0.62268 0.930124 0.632796 0.904595 0.62283 0.892114 0.612714 0.917643
0 0.620094 0.809071 0.623043 0.790158 0.612146 0.784789 0.609197 0.803702
0 0.349223 0.765879 0.352194 0.746338 0.340537 0.740736 0.337565 0.760277
0 0.638235 0.955199 0.642941 0.926313 0.629826 0.91956 0.62512 0.948447
0 0.571397 0.971581 0.571742 0.939295 0.557795 0.938824 0.55745 0.97111
0 0.597065 0.547692 0.599901 0.52561 0.589984 0.521585 0.587148 0.543667
0 0.129341 1.02102 0.136569 0.958302 0.0855933 0.939735 0.0783651 1.00245
0 0.758558 0.666727 0.76548 0.645951 0.749097 0.628699 0.742175 0.649476
0 0.37605 0.598079 0.379107 0.574663 0.36551 0.569053 0.362453 0.592469
0 0.0871524 0.890011 0.0944527 0.86724 0.081736 0.854355 0.0744357 0.877126
0 0.406838 0.729339 0.409187 0.703264 0.392101 0.698398 0.389751 0.724472
0 0.360664 1.00507 0.36429 0.981619 0.353464 0.976328 0.349838 0.999779
0 0.70559 0.700742 0.706136 0.681091 0.692452 0.679889 0.691906 0.69954
0 0.419668 0.902985 0.421972 0.872598 0.402124 0.867841 0.39982 0.898228
0 0.176254 0.985365 0.191229 0.958156 0.180996 0.940357 0.166022 0.967567
0 0.149053 0.842545 0.146661 0.818308 0.130865 0.823236 0.133257 0.847473
0 0.372494 0.962876 0.374435 0.944348 0.364375 0.941018 0.362434 0.959545
0 0.78486 0.771301 0.792226 0.751817 0.771219 0.726715 0.763852 0.746199
0 0.486708 0.718161 0.494709 0.687109 0.477286 0.672921 0.469285 0.703973
0 0.463764 0.933514 0.468399 0.909235 0.455538 0.901474 0.450902 0.925753
0 0.36082 0.73898 0.363434 0.71803 0.348117 0.71199 0.345503 0.73294
0 0.0837842 0.916436 0.0973819 0.887802 0.0859886 0.870703 0.0723909 0.899336
0 0.596508 0.929033 0.605154 0.906403 0.594002 0.892937 0.585356 0.915567
0 0.0514295 0.951029 0.0741844 0.912957 0.0586749 0.88366 0.03592 0.921731
0 0.693737 0.821299 0.695677 0.792615 0.678068 0.788851 0.676128 0.817535
0 0.488459 0.880624 0.50482 0.790553 0.447418 0.757599 0.431057 0.84767
0 0.0372154 1.02262 0.0875658 0.999568 0.0804898 0.950716 0.0301395 0.973766
0 0.668465 0.523798 0.674269 0.505742 0.660737 0.491995 0.654933 0.51005
0 0.554244 1.00629 0.568983 0.983822 0.550815 0.946153 0.536076 0.96862
0 0.638012 0.835755 0.640196 0.814733 0.629221 0.81113 0.627037 0.832151
0 0.347101 0.62735 0.349567 0.602638 0.337277 0.598763 0.334812 0.623475
0 0.351614 0.708106 0.355635 0.682257 0.336452 0.672826 0.332431 0.698675
0 0.286831 1.00036 0.292416 0.970869 0.280316 0.963627 0.27473 0.993123
0 0.395579 0.699545 0.406485 0.684299 0.393049 0.653922 0.382143 0.669167
0 0.254637 0.775792 0.266407 0.754779 0.25843 0.740658 0.24666 0.761671
0 0.773153 0.679919 0.775088 0.66351 0.765883 0.660079 0.763948 0.676488
0 0.100829 0.355432 0.116848 0.332764 0.100039 0.295222 0.0840195 0.31789
0 0.437946 0.715937 0.441122 0.689194 0.429363 0.684781 0.426188 0.711524
0 0.441965 0.535799 0.447831 0.510301 0.436705 0.502212 0.43084 0.52771
0 0.236019 0.789401 0.243071 0.767196 0.233217 0.757304 0.226165 0.779509
0 0.734976 0.696555 0.737054 0.676008 0.727294 0.672889 0.725216 0.693436
0 0.372307 1.00204 0.378095 0.975929 0.368023 0.968872 0.362235 0.994981
0 0.4723 0.957304 0.481094 0.920572 0.469086 0.911486 0.460292 0.948218
0 0.570765 0.90544 0.572303 0.874996 0.556333 0.872447 0.554796 0.902891
0 0.133512 0.623466 0.13814 0.591857 0.110911 0.579259 0.106283 0.610868
0 0.333624 0.93031 0.338706 0.909519 0.324842 0.898806 0.319759 0.919597
0 0.598666 0.806465 0.599493 0.787188 0.58841 0.785685 0.587584 0.804963
0 0.311364 1.00529 0.311416 0.983595 0.294492 0.983467 0.29444 1.00516
0 0.559677 0.698145 0.56091 0.680703 0.549815 0.678225 0.548583 0.695667
0 0.39096 0.784506 0.391952 0.761076 0.379513 0.759411 0.378521 0.782841
0 0.361437 0.600098 0.364625 0.579277 0.352583 0.573449 0.349395 0.59427
0 0.161933 0.803571 0.179555 0.771515 0.168971 0.753128 0.15135 0.785183
0 0.757935 0.610873 0.75801 0.593554 0.745483 0.593383 0.745409 0.610702
0 0.667485 0.845202 0.673538 0.826257 0.662021 0.814627 0.655968 0.833572
0 0.538899 0.617853 0.541601 0.591824 0.525694 0.586604 0.522991 0.612633
0 0.354323 0.939047 0.362163 0.905307 0.350629 0.896837 0.342789 0.930577
0 0.177692 0.930916 0.179994 0.909633 0.161608 0.903349 0.159307 0.924632
0 0.60745 0.654101 0.608831 0.63387 0.598921 0.631731 0.597539 0.651962
0 0.104671 0.895805 0.115091 0.870938 0.104062 0.856331 0.0936411 0.881198
0 0.563198 0.717052 0.563168 0.698433 0.548438 0.698509 0.548469 0.717128
0 0.599645 0.752609 0.606145 0.727568 0.594377 0.717912 0.587876 0.742954
0 0.720408 0.664447 0.726019 0.644175 0.715737 0.635181 0.710126 0.655454
0 0.140698 0.926792 0.153472 0.893611 0.141611 0.879181 0.128838 0.912362
0 0.645062 0.763311 0.647033 0.744138 0.635475 0.740384 0.633504 0.759557
0 0.395759 0.909375 0.403905 0.882724 0.39278 0.871978 0.384635 0.898629
0 0.623287 0.881644 0.630482 0.860975 0.616935 0.84607 0.609739 0.866739
0 0.204809 0.832549 0.207317 0.808749 0.189913 0.802952 0.187404 0.826752
0 0.617734 0.728284 0.629188 0.710748 0.621585 0.69505 0.61013 0.712586
0 0.125237 0.899261 0.129486 0.875561 0.118124 0.869123 0.113875 0.892823
0 0.814088 0.651687 0.813278 0.627749 0.795842 0.629614 0.796652 0.653553
0 0.635499 0.784688 0.637399 0.763673 0.625348 0.76023 0.623449 0.781245
0 0.408355 0.632068 0.410248 0.613881 0.401241 0.610918 0.399348 0.629104
0 0.585864 0.834456 0.593203 0.809453 0.574854 0.792433 0.567516 0.817436
0 0.382711 0.945661 0.384296 0.9255 0.371981 0.922441 0.370396 0.942603
0 0.101072 0.908542 0.118244 0.885446 0.111417 0.869401 0.0942443 0.892496
0 0.700655 0.674581 0.702755 0.654067 0.688277 0.649382 0.686177 0.669897
0 0.406932 0.584849 0.408799 0.565637 0.396706 0.561922 0.394838 0.581134
0 0.354302 0.815045 0.368633 0.790645 0.359071 0.772893 0.344739 0.797292
0 0.364848 0.578482 0.369895 0.564341 0.360556 0.553806 0.355509 0.567946
0 0.612516 0.750653 0.618713 0.726677 0.608329 0.718195 0.602132 0.74217
0 0.364439 0.694106 0.370913 0.666907 0.349705 0.650954 0.343232 0.678154
0 0.2465 0.977252 0.241137 0.92746 0.209705 0.93816 0.215068 0.987952
0 0.125806 0.860722 0.130505 0.837942 0.119757 0.830935 0.115058 0.853715
0 0.132227 0.96684 0.138663 0.921978 0.117375 0.912326 0.110939 0.957188
0 0.594113 0.866513 0.598557 0.84368 0.588224 0.837324 0.58378 0.860157
0 0.249469 0.797104 0.255993 0.768996 0.243815 0.760063 0.237291 0.78817
0 0.595295 0.956928 0.600845 0.933705 0.581421 0.919033 0.575871 0.942256
0 0.59718 0.761371 0.599408 0.746784 0.58922 0.741867 0.586992 0.756455
0 0.574091 0.473403 0.576137 0.448819 0.564005 0.445628 0.561959 0.470212
0 0.37223 0.917627 0.37397 0.89701 0.363241 0.89415 0.361502 0.914767
0 0.478537 0.731443 0.481547 0.704844 0.467101 0.699677 0.46409 0.726276
0 0.0835856 0.868629 0.0929323 0.847617 0.0834147 0.834237 0.0740681 0.855249
0 0.643693 0.792734 0.646751 0.772816 0.635202 0.767212 0.632144 0.78713
0 0.352276 0.832973 0.357486 0.812383 0.34095 0.79916 0.335741 0.81975
0 0.0347809 0.79094 0.0399972 0.739808 0.0165554 0.73225 0.0113391 0.783381
0 0.372501 0.726939 0.378509 0.703569 0.370008 0.696661 0.364 0.720031
0 0.607919 0.540657 0.609851 0.52443 0.600381 0.520866 0.598449 0.537094
0 0.609163 0.708864 0.612743 0.687125 0.601439 0.68124 0.597859 0.70298
0 0.446848 0.91727 0.448343 0.897499 0.438535 0.895155 0.43704 0.914925
0 0.511385 0.926628 0.519346 0.908074 0.504861 0.888433 0.4969 0.906988
0 0.543367 0.771569 0.545957 0.749419 0.534945 0.74535 0.532356 0.7675
0 0.52491 0.684443 0.527552 0.65801 0.514908 0.654015 0.512265 0.680448
0 0.213592 0.860234 0.215326 0.837562 0.203312 0.834657 0.201578 0.857329
0 0.418328 0.985785 0.419986 0.956013 0.400718 0.952622 0.39906 0.982394
0 0.258976 0.794994 0.26922 0.77223 0.261048 0.760607 0.250804 0.783371
0 0.357496 0.875265 0.369557 0.852512 0.359717 0.836026 0.347656 0.858779
0 0.889189 0.653535 0.895682 0.635004 0.874264 0.611286 0.867771 0.629818
0 0.407342 0.565225 0.409767 0.547587 0.400708 0.54365 0.398283 0.561288
0 0.350631 0.854216 0.353403 0.834507 0.340087 0.828588 0.337315 0.848297
0 0.564174 0.632261 0.566698 0.61493 0.554783 0.609447 0.552259 0.626777
0 0.637254 1.00013 0.641293 0.971604 0.627478 0.965421 0.623438 0.993947
0 0.384033 0.979207 0.388603 0.956509 0.376905 0.949066 0.372335 0.971763
0 0.143483 0.805657 0.146461 0.783509 0.131701 0.777237 0.128723 0.799384
0 0.317871 0.987453 0.321664 0.961661 0.30854 0.95556 0.304747 0.981353
0 0.343298 1.00352 0.343296 0.983574 0.328071 0.983579 0.328074 1.00353
0 0.788172 0.641278 0.791964 0.624184 0.778073 0.614445 0.774281 0.631539
0 0.515492 0.770751 0.520066 0.746661 0.505587 0.737972 0.501013 0.762063
0 0.780264 0.745668 0.783197 0.728784 0.766801 0.719783 0.763868 0.736668
0 0.374651 0.907914 0.378711 0.88046 0.367768 0.875345 0.363707 0.902799
0 0.248398 0.763292 0.255543 0.740762 0.244339 0.729533 0.237194 0.752062
0 0.0870623 0.695504 0.0890434 0.664872 0.0718414 0.661355 0.0698602 0.691988
0 0.422129 0.495185 0.423555 0.478744 0.41394 0.476109 0.412514 0.49255
0 0.0422778 0.81469 0.0490557 0.788755 0.0362129 0.778147 0.0294351 0.804082
0 0.277962 0.881075 0.280752 0.861523 0.265565 0.854674 0.262775 0.874225
0 0.531328 0.724399 0.537371 0.701474 0.527825 0.693522 0.521782 0.716447
0 0.665182 1.01873 0.805621 0.799622 0.757075 0.70128 0.616637 0.920386
0 0.611512 0.767717 0.613188 0.749492 0.600787 0.745889 0.599111 0.764113
0 0.661432 0.673006 0.663141 0.654669 0.653381 0.651793 0.651672 0.67013
0 0.380527 0.543489 0.385055 0.526557 0.377028 0.519774 0.372501 0.536705
0 0.623581 0.94097 0.627562 0.92189 0.614071 0.912994 0.61009 0.932075
0 0.25772 0.816206 0.261154 0.795071 0.249817 0.789248 0.246382 0.810383
0 0.484633 0.974629 0.493155 0.949037 0.483152 0.938509 0.47463 0.964102
0 0.61344 0.605508 0.615083 0.5876 0.603792 0.584325 0.602149 0.602233
0 0.639908 0.532614 0.64276 0.515517 0.629828 0.5087 0.626976 0.525796
0 0.0571756 0.767874 0.059343 0.724672 0.0355389 0.720898 0.0333714 0.7641
0 0.226555 0.775679 0.237872 0.746775 0.229338 0.736215 0.218021 0.765119
0 0.517787 0.51611 0.527695 0.488073 0.516491 0.475559 0.506583 0.503596
0 0.574958 0.663049 0.577639 0.641959 0.566398 0.637443 0.563717 0.658533
0 0.244251 0.735442 0.258293 0.679959 0.238961 0.664495 0.224919 0.719979
0 0.5093 0.875472 0.513026 0.843455 0.493523 0.836281 0.489797 0.868298
0 0.120435 0.773401 0.120693 0.744515 0.103641 0.744033 0.103383 0.772919
0 0.193944 0.983681 0.201527 0.957025 0.19123 0.947768 0.183648 0.974425
0 0.427726 0.997054 0.429047 0.97673 0.41476 0.973795 0.413439 0.994118
0 0.384986 0.682236 0.38894 0.664544 0.37923 0.657686 0.375277 0.675379
0 0.649685 0.743542 0.651327 0.727313 0.641401 0.724138 0.639759 0.740367
0 0.196293 0.861365 0.198264 0.836011 0.183701 0.832432 0.181729 0.857785
0 0.629445 0.643006 0.631053 0.623156 0.619093 0.620093 0.617485 0.639943
0 0.383029 0.899883 0.386069 0.879396 0.376489 0.874903 0.373449 0.89539
0 0.0722837 0.97125 0.0949218 0.921527 0.0776129 0.896621 0.0549747 0.946343
0 0.549546 0.724871 0.551283 0.706627 0.54001 0.703234 0.538273 0.721478
0 0.326946 0.839181 0.326317 0.811834 0.305302 0.813361 0.30593 0.840708
0 0.65713 0.699113 0.660075 0.682007 0.649879 0.676458 0.646933 0.693564
0 0.0582311 0.801692 0.0707026 0.779981 0.0628479 0.765721 0.0503764 0.787432
0 0.67131 0.701823 0.673239 0.68565 0.662572 0.681628 0.660643 0.6978
0 0.377876 0.744089 0.379284 0.722659 0.368413 0.720401 0.367005 0.741831
0 0.0251526 0.966457 0.0299354 0.925312 0.00772052 0.91715 0.00293767 0.958296
0 0.459279 0.956198 0.463533 0.931444 0.451937 0.925146 0.447683 0.949899
0 0.822547 0.686209 0.851035 0.665999 0.844408 0.636475 0.81592 0.656685
0 0.561058 0.743487 0.564937 0.719134 0.55062 0.711928 0.546742 0.73628
0 0.137364 0.635362 0.171026 0.608146 0.1636 0.579119 0.129939 0.606335
0 0.532948 0.546544 0.534344 0.527376 0.523876 0.524967 0.52248 0.544135
0 0.513462 0.665555 0.515832 0.645899 0.504956 0.641753 0.502585 0.661409
0 0.246093 0.998611 0.247271 0.968674 0.233974 0.967022 0.232797 0.996958
0 0.36591 0.985327 0.371291 0.960883 0.361137 0.953819 0.355757 0.978263
0 0.441963 0.508274 0.444028 0.483952 0.430547 0.480333 0.428481 0.504655
0 0.712827 0.717849 0.714572 0.701149 0.703273 0.697417 0.701528 0.714116
0 0.699913 0.546956 0.700476 0.52921 0.690362 0.528194 0.689798 0.545941
0 0.383238 0.773549 0.383255 0.74219 0.368414 0.742165 0.368397 0.773524
0 0.2288 0.759032 0.234016 0.721371 0.215083 0.713084 0.209867 0.750745
0 0.0967139 0.98106 0.106253 0.93058 0.0841965 0.917407 0.0746572 0.967886
0 0.0751569 0.699481 0.0773376 0.665566 0.0604925 0.662143 0.0583118 0.696057
0 0.458915 0.912104 0.461988 0.887488 0.450112 0.882802 0.447039 0.907418
0 0.276591 0.862528 0.281879 0.83565 0.268605 0.827396 0.263317 0.854275
0 0.648642 0.670819 0.649478 0.654887 0.638888 0.65313 0.638052 0.669062
0 0.121925 0.918831 0.122506 0.896848 0.104244 0.895323 0.103663 0.917306
0 0.587873 0.743797 0.590256 0.728324 0.580765 0.723703 0.578381 0.739176
0 0.49603 0.548711 0.496719 0.530941 0.4872 0.529776 0.486512 0.547546
0 0.395874 0.641267 0.399649 0.615884 0.391052 0.611842 0.387276 0.637225
0 0.366071 0.686444 0.378881 0.644462 0.341778 0.60868 0.328968 0.650662
0 0.552486 0.905161 0.562288 0.869584 0.536661 0.847268 0.526859 0.882845
0 0.278383 0.995064 0.281292 0.97071 0.266614 0.965168 0.263704 0.989523
0 0.275906 0.811486 0.277765 0.791891 0.26533 0.788161 0.26347 0.807757
0 0.516741 0.990496 0.521262 0.958432 0.504523 0.950974 0.500003 0.983037
0 0.225318 0.787375 0.231239 0.761548 0.221358 0.754389 0.215437 0.780215
0 0.580791 0.648971 0.583065 0.630376 0.570231 0.625415 0.567957 0.644011
0 0.212636 0.813767 0.218864 0.770857 0.200354 0.762367 0.194126 0.805276
0 0.400129 0.607713 0.402588 0.587151 0.393838 0.583844 0.391379 0.604406
0 0.386685 0.643407 0.391727 0.621559 0.38133 0.613975 0.376287 0.635824
0 0.136183 0.904258 0.141054 0.881728 0.132004 0.875543 0.127133 0.898074
0 0.663416 0.589454 0.665149 0.571331 0.65532 0.568361 0.653587 0.586484
0 0.16901 0.0555374 0.186382 0.0196332 0.159755 -0.0210835 0.142383 0.0148206
0 0.723227 0.783811 0.723966 0.758477 0.713139 0.757478 0.712399 0.782812
0 0.120715 0.875936 0.123352 0.859235 0.113066 0.854104 0.11043 0.870805
0 0.663206 0.671758 0.666272 0.652607 0.655892 0.647355 0.652826 0.666506
0 0.460916 0.875957 0.460793 0.83199 0.44494 0.83213 0.445063 0.876096
0 0.661623 0.785454 0.662757 0.768951 0.652454 0.766714 0.651321 0.783217
0 0.469775 0.664619 0.475652 0.642401 0.466376 0.634647 0.4605 0.656864
0 0.370291 0.944292 0.371729 0.921058 0.360429 0.918848 0.358991 0.942081
0 0.612867 0.752609 0.618883 0.736565 0.609964 0.725993 0.603947 0.742037
0 0.357671 0.508749 0.359823 0.486423 0.346174 0.482267 0.344023 0.504592
0 0.909724 0.667376 0.913088 0.643853 0.896556 0.63638 0.893192 0.659904
0 0.3414 0.888308 0.344102 0.863591 0.331844 0.859356 0.329142 0.884072
0 0.758332 0.694571 0.760217 0.677297 0.751008 0.674121 0.749123 0.691395
0 0.816268 0.698187 0.817239 0.675246 0.804047 0.673482 0.803076 0.696424
0 0.449956 0.576302 0.458322 0.532525 0.440539 0.521784 0.432173 0.565561
0 0.604638 0.210886 0.610369 0.168205 0.594416 0.161436 0.588686 0.204116
0 0.408655 0.988166 0.408639 0.959644 0.391792 0.959674 0.391808 0.988197
0 0.563793 0.775904 0.573516 0.762886 0.560755 0.732761 0.551032 0.74578
0 0.400055 0.560268 0.403249 0.538147 0.393314 0.533613 0.390119 0.555734
0 0.113137 0.935584 0.124016 0.903617 0.107905 0.886288 0.0970259 0.918255
0 0.647683 0.829686 0.650083 0.814998 0.638376 0.808951 0.635976 0.823638
0 0.167288 0.756486 0.172281 0.734278 0.160599 0.725976 0.155606 0.748185
0 0.225819 0.600001 0.224923 0.569328 0.20649 0.571031 0.207387 0.601704
0 0.457406 0.675463 0.465303 0.656407 0.457399 0.646055 0.449502 0.665112
0 0.594937 0.83525 0.598252 0.804325 0.583671 0.799385 0.580356 0.830309
0 0.120949 0.803063 0.126034 0.779767 0.114294 0.771668 0.109209 0.794964
0 0.799607 0.725417 0.807148 0.704488 0.792193 0.687458 0.784652 0.708387
0 0.413083 0.433205 0.418284 0.408506 0.407408 0.401268 0.402207 0.425967
0 0.750577 0.624463 0.75084 0.608281 0.740598 0.607755 0.740335 0.623937
0 0.0688248 0.904379 0.0732786 0.882898 0.0611092 0.874923 0.0566554 0.896405
0 0.615555 0.937531 0.620386 0.922139 0.607693 0.909548 0.602862 0.92494
0 0.414624 0.943803 0.418613 0.900658 0.394869 0.893721 0.390881 0.936866
0 0.204896 1.00713 0.214723 0.981511 0.203704 0.968152 0.193878 0.993769
0 0.325554 0.782512 0.32631 0.767884 0.314848 0.766012 0.314092 0.78064
0 0.577084 0.949998 0.579463 0.923562 0.565778 0.919669 0.563398 0.946105
0 0.877032 0.652999 0.878658 0.637179 0.8645 0.632581 0.862874 0.648401
0 0.36295 0.995363 0.366635 0.963923 0.354891 0.959572 0.351206 0.991013
0 0.572313 0.924562 0.576056 0.904406 0.564515 0.897633 0.560772 0.91779
0 0.466611 0.767609 0.469349 0.741617 0.453138 0.73622 0.4504 0.762211
0 0.248416 1.00385 0.248821 0.976665 0.235713 0.976048 0.235308 1.00323
0 0.787246 0.720095 0.790566 0.70228 0.776509 0.694 0.773189 0.711815
0 0.0112741 0.910847 0.044058 0.886606 0.0368598 0.855839 0.00407588 0.880079
0 0.66473 0.536666 0.669205 0.518309 0.655095 0.507438 0.65062 0.525796
0 0.301923 0.793627 0.310678 0.771627 0.30231 0.761101 0.293554 0.783102
0 0.408559 0.508061 0.410386 0.487321 0.398493 0.484009 0.396665 0.504749
0 0.305262 0.136678 0.324863 0.104964 0.292597 0.0419353 0.272996 0.0736493
0 0.465002 0.703334 0.467769 0.684063 0.454803 0.678178 0.452035 0.697449
0 0.219655 0.972094 0.235932 0.933412 0.220617 0.913046 0.204341 0.951729
