0 0.512354 0.865828 0.538052 0.763537 0.490365 0.725674 0.464667 0.827965
0 0.131263 0.91591 0.144819 0.898709 0.130836 0.863882 0.11728 0.881083
0 0.643209 0.221781 0.640332 0.162069 0.605887 0.167314 0.608764 0.227026
0 0.701351 0.580447 0.720358 0.549117 0.709172 0.52767 0.690166 0.559
0 0.969662 0.937715 0.978081 0.831073 0.792814 0.784849 0.784396 0.891492
0 0.876814 0.642857 0.884602 0.578711 0.841787 0.562282 0.833999 0.626428
0 0.750636 0.447147 0.756104 0.416207 0.739368 0.406859 0.7339 0.437799
0 0.659173 0.682603 0.672977 0.656447 0.662785 0.639446 0.648981 0.665602
0 0.100302 0.924928 0.113563 0.877079 0.0946649 0.860527 0.0814044 0.908376
0 0.192327 0.860257 0.21669 0.831753 0.20612 0.803199 0.181757 0.831703
0 0.272877 0.741895 0.272836 0.713215 0.254941 0.713296 0.254982 0.741976
0 0.746237 0.550926 0.753201 0.536953 0.737921 0.512887 0.730957 0.52686
0 0.111578 0.872711 0.140038 0.846967 0.131328 0.816534 0.102868 0.842277
0 0.203821 0.88082 0.208497 0.854252 0.186294 0.841901 0.181618 0.868469
0 0.820639 0.721508 0.845252 0.690421 0.833172 0.660191 0.808558 0.691278
0 0.0199564 0.899846 0.0330844 0.855141 0.015804 0.839103 0.00267597 0.883808
0 0.0921093 0.823087 0.103061 0.793873 0.0910353 0.779625 0.0800837 0.808839
0 0.0699463 0.897438 0.0839171 0.866368 0.0715956 0.848858 0.0576248 0.879927
0 0.190031 0.824021 0.209804 0.798191 0.199173 0.772469 0.1794 0.798299
0 0.0750508 0.951681 0.0710202 0.918336 0.0486609 0.926878 0.0526916 0.960223
0 0.749534 0.499594 0.752043 0.47783 0.74128 0.473908 0.738771 0.495673
0 0.210627 0.926379 0.211676 0.894985 0.193824 0.893099 0.192775 0.924493
0 0.184021 0.852012 0.186223 0.828044 0.172577 0.824082 0.170376 0.84805
0 0.731731 0.61027 0.74192 0.584364 0.728433 0.567599 0.718244 0.593504
0 0.872956 0.547508 0.873189 0.508503 0.850839 0.508082 0.850607 0.547087
0 0.269817 0.842346 0.286941 0.827974 0.275178 0.783678 0.258054 0.79805
0 0.742154 0.424158 0.74515 0.392965 0.725965 0.387143 0.72297 0.418336
0 0.212448 0.974555 0.238526 0.943762 0.226241 0.910883 0.200164 0.941677
0 0.645665 0.645519 0.646964 0.609697 0.631119 0.607883 0.629821 0.643704
0 0.761855 0.43226 0.764387 0.409535 0.751833 0.405113 0.7493 0.427838
0 0.644784 0.607696 0.64881 0.589453 0.637261 0.581397 0.633235 0.599641
0 0.309824 0.774008 0.308003 0.743259 0.285554 0.74746 0.287374 0.778209
0 0.105683 0.881274 0.10959 0.82499 0.0796354 0.818419 0.0757288 0.874703
0 0.718811 0.592237 0.740571 0.561945 0.729278 0.536307 0.707518 0.566599
0 0.582039 0.856752 0.594805 0.820504 0.578845 0.802739 0.566079 0.838987
0 0.814595 0.627664 0.820111 0.596688 0.802304 0.586667 0.796789 0.617644
0 0.264462 0.888695 0.273855 0.845916 0.252657 0.831207 0.243264 0.873985
0 0.261734 0.82416 0.264253 0.792889 0.243069 0.787494 0.24055 0.818766
0 0.246174 0.892956 0.252581 0.864685 0.238654 0.85471 0.232247 0.882982
0 0.62002 0.640845 0.628399 0.619021 0.620318 0.609216 0.611939 0.63104
0 0.763603 0.985307 0.807098 0.905413 0.744104 0.797028 0.700609 0.876922
0 0.0685893 0.918575 0.0669927 0.878177 0.0403357 0.881507 0.0419323 0.921904
0 0.148957 0.899222 0.153035 0.873978 0.140662 0.867661 0.136584 0.892905
0 0.724833 0.670966 0.732567 0.646448 0.711956 0.625897 0.704221 0.650416
0 0.681867 0.616503 0.686125 0.595241 0.675881 0.588757 0.671623 0.610018
0 0.738031 0.488191 0.74418 0.470805 0.732874 0.458167 0.726725 0.475553
0 0.0842701 0.987675 0.119886 0.945716 0.106242 0.909111 0.0706255 0.951071
0 0.693997 0.541053 0.70389 0.513597 0.693146 0.501362 0.683253 0.528818
0 0.667533 0.646977 0.671755 0.619166 0.655705 0.611464 0.651482 0.639276
0 0.218294 0.825882 0.227619 0.806897 0.21082 0.78082 0.201495 0.799805
0 0.744461 0.625476 0.751137 0.606808 0.737662 0.591575 0.730985 0.610243
0 0.748192 0.466559 0.750366 0.444625 0.735723 0.440038 0.733549 0.461972
0 0.0649175 0.871399 0.0799498 0.847762 0.0691407 0.826036 0.0541084 0.849672
0 0.828774 0.638742 0.845305 0.620491 0.838198 0.600147 0.821667 0.618397
0 0.968627 0.438279 0.972375 0.418663 0.953549 0.407292 0.9498 0.426907
0 0.026075 0.852362 0.039834 0.823407 0.0274258 0.804772 0.0136669 0.833726
0 0.0828717 0.338209 0.101008 0.318662 0.0852832 0.27255 0.067147 0.292097
0 0.759555 0.542365 0.762773 0.514244 0.752108 0.510387 0.74889 0.538508
0 0.644761 0.685204 0.652617 0.674549 0.640493 0.646297 0.632637 0.656952
0 0.454007 0.841292 0.457215 0.813625 0.442118 0.808093 0.43891 0.83576
0 0.211186 0.867011 0.218777 0.843294 0.207332 0.831718 0.199742 0.855435
0 0.142625 0.881025 0.15212 0.853835 0.140173 0.840649 0.130678 0.867839
0 0.658605 0.621132 0.661489 0.597214 0.648884 0.59241 0.646 0.616329
0 0.723525 0.525259 0.732115 0.497317 0.720406 0.48594 0.711816 0.513882
0 0.832044 0.463237 0.839121 0.43165 0.8165 0.415634 0.809424 0.447221
0 0.167019 0.637837 0.163857 0.608092 0.129234 0.619727 0.132397 0.649471
0 0.129121 0.781203 0.12775 0.749984 0.102533 0.753483 0.103904 0.784703
0 0.194155 1.01397 0.211184 0.987243 0.198627 0.961956 0.181598 0.988681
0 0.314381 0.656857 0.316444 0.627281 0.301132 0.623907 0.29907 0.653483
0 0.0716592 0.811239 0.0792805 0.787626 0.0683272 0.776453 0.0607059 0.800066
0 0.586746 0.666329 0.599896 0.645249 0.591282 0.628268 0.578133 0.649348
0 0.579092 0.688434 0.589034 0.666813 0.580927 0.655032 0.570986 0.676654
0 0.0414188 0.978495 0.0382969 0.949543 0.0159625 0.957155 0.0190844 0.986107
0 0.762521 0.316244 0.774984 0.286766 0.755884 0.261245 0.743421 0.290724
0 0.0115442 0.956362 0.0349898 0.910837 0.0149077 0.87815 -0.00853793 0.923676
0 0.895682 0.686323 0.898368 0.623848 0.860642 0.618722 0.857956 0.681197
0 0.121138 0.836437 0.122748 0.803949 0.0999513 0.800377 0.0983409 0.832866
0 0.0527629 0.826091 0.0587459 0.797949 0.0427978 0.787234 0.0368148 0.815376
0 0.781259 0.479216 0.788249 0.452024 0.777176 0.443028 0.770186 0.470221
0 0.284158 0.791451 0.285205 0.767774 0.272856 0.766048 0.271809 0.789725
0 0.183723 0.833443 0.185026 0.80848 0.168275 0.805718 0.166972 0.83068
0 0.233536 0.903446 0.237563 0.872774 0.218962 0.865055 0.214935 0.895727
0 0.1505 0.956023 0.168066 0.920032 0.157644 0.903956 0.140078 0.939947
0 0.771637 0.413318 0.773384 0.396562 0.763487 0.393301 0.76174 0.410058
0 0.925474 0.70172 0.931793 0.671365 0.911406 0.657952 0.905086 0.688306
0 0.42272 0.755285 0.426089 0.725156 0.408287 0.718865 0.404918 0.748993
0 0.112394 0.761256 0.115598 0.73564 0.102043 0.730282 0.0988393 0.755899
0 0.695931 0.507759 0.700022 0.487442 0.689522 0.480758 0.68543 0.501076
0 0.898679 0.509664 0.908885 0.491998 0.888921 0.455549 0.878716 0.473215
0 0.761648 0.454384 0.765369 0.434885 0.752981 0.427411 0.749259 0.44691
0 0.685229 0.534075 0.693393 0.506796 0.683003 0.496969 0.674839 0.524247
0 0.936959 0.718826 0.938919 0.694151 0.917984 0.688895 0.916024 0.713571
0 0.656197 0.6638 0.659615 0.637346 0.648018 0.632611 0.6446 0.659066
0 0.671259 0.607143 0.67216 0.577008 0.658921 0.575758 0.65802 0.605892
0 0.716043 0.538903 0.720928 0.519503 0.71091 0.511532 0.706026 0.530931
0 0.877743 0.59109 0.887845 0.56435 0.862929 0.5346 0.852827 0.56134
0 0.725305 0.478065 0.727487 0.461396 0.71707 0.457085 0.714887 0.473755
0 0.563295 0.716443 0.574899 0.697487 0.567211 0.682612 0.555607 0.701568
0 0.990604 0.277935 1.00194 0.252024 0.986817 0.23112 0.975483 0.257031
0 0.884246 0.514641 0.887453 0.484468 0.86818 0.477993 0.864973 0.508167
0 0.194954 0.768282 0.195624 0.747055 0.181442 0.74564 0.180771 0.766867
0 0.951121 0.676602 0.95443 0.653536 0.935245 0.644838 0.931936 0.667904
0 0.7119 0.399307 0.722066 0.379759 0.714031 0.366553 0.703865 0.386101
0 0.132653 0.962961 0.150191 0.930331 0.134944 0.904431 0.117407 0.93706
0 0.743829 0.303615 0.746496 0.283162 0.733609 0.277852 0.730943 0.298305
0 0.849551 0.661042 0.855416 0.641307 0.841799 0.628516 0.835934 0.648252
0 0.133078 0.829857 0.137485 0.800973 0.117582 0.791377 0.113176 0.820261
0 0.998284 0.424655 1.00408 0.393113 0.991269 0.385675 0.985475 0.417218
0 0.760675 0.336448 0.764415 0.31292 0.748052 0.304698 0.744311 0.328226
0 0.081609 0.780898 0.0811007 0.757962 0.0631245 0.759221 0.0636329 0.782157
0 0.155133 0.573671 0.162675 0.531276 0.135806 0.516168 0.128264 0.558563
0 0.634504 0.660043 0.638095 0.645011 0.626377 0.636165 0.622786 0.651196
0 0.839593 0.65312 0.843082 0.631857 0.830452 0.625307 0.826962 0.646569
0 0.708964 0.457599 0.711926 0.436687 0.701302 0.43193 0.69834 0.452842
0 0.440124 0.909662 0.449824 0.877947 0.437065 0.865615 0.427366 0.89733
0 0.918529 0.42918 0.921493 0.394433 0.897607 0.387993 0.894643 0.42274
0 0.0152294 0.838558 0.0279195 0.813217 0.0176871 0.797022 0.00499704 0.822363
0 0.77397 0.773307 0.781198 0.733543 0.752805 0.717231 0.745577 0.756994
0 0.412063 0.952282 0.410304 0.91431 0.383248 0.91827 0.385007 0.956242
0 0.158725 0.975733 0.175047 0.941129 0.162191 0.921963 0.145869 0.956567
0 0.215611 0.848439 0.224187 0.830528 0.216336 0.818646 0.20776 0.836557
0 0.765173 0.355713 0.771913 0.333602 0.761551 0.32362 0.754811 0.345731
0 0.560117 0.629228 0.561969 0.607033 0.552251 0.604472 0.5504 0.626666
0 0.296616 0.829279 0.301623 0.777737 0.282009 0.771716 0.277003 0.823258
0 0.394268 0.93699 0.406445 0.885807 0.385213 0.869844 0.373037 0.921027
0 0.221922 0.787614 0.227938 0.765132 0.218718 0.757334 0.212702 0.779815
0 0.141476 0.998571 0.153363 0.954987 0.138701 0.942349 0.126814 0.985933
0 0.90444 0.386202 0.906207 0.359744 0.890976 0.35653 0.88921 0.382988
0 0.232185 0.836997 0.243863 0.804594 0.234138 0.793516 0.22246 0.825918
0 0.108072 1.0154 0.134255 0.988914 0.124514 0.958477 0.0983319 0.984958
0 0.820085 0.484522 0.828829 0.469012 0.813392 0.441507 0.804648 0.457017
0 0.214683 1.00455 0.232451 0.975669 0.221758 0.954875 0.20399 0.983754
0 0.63575 0.804284 0.639196 0.776553 0.622984 0.770186 0.619537 0.797917
0 0.850903 0.535825 0.854809 0.509811 0.837739 0.50171 0.833833 0.527724
0 0.583886 0.732597 0.586177 0.705395 0.571759 0.701556 0.569467 0.728758
0 0.464188 0.946361 0.473067 0.899468 0.456149 0.889343 0.44727 0.936236
0 0.0553893 0.887636 0.0670802 0.865664 0.0576515 0.849808 0.0459606 0.87178
0 0.0349079 0.923625 0.0485634 0.894328 0.0364568 0.876493 0.0228012 0.90579
0 0.571468 0.737164 0.574057 0.714076 0.562257 0.709895 0.559669 0.732983
0 0.0216147 0.807981 0.0333431 0.781089 0.0219052 0.765323 0.0101769 0.792215
0 0.486445 0.735041 0.49863 0.703757 0.484537 0.686408 0.472352 0.717691
0 0.811496 0.387439 0.818045 0.363051 0.800021 0.347755 0.793473 0.372144
0 0.676841 0.634059 0.678927 0.612996 0.667451 0.609404 0.665366 0.630468
0 0.311444 0.82271 0.31989 0.791486 0.307409 0.780816 0.298963 0.81204
0 0.117515 0.894397 0.12977 0.866993 0.11845 0.850995 0.106196 0.8784
0 0.547881 0.877569 0.555949 0.839172 0.54012 0.82866 0.532052 0.867058
0 0.262051 0.681574 0.26461 0.660786 0.254065 0.656685 0.251507 0.677473
0 0.46276 0.809662 0.464872 0.783236 0.44875 0.779164 0.446639 0.80559
0 0.216519 0.241184 0.225809 0.221367 0.211604 0.200324 0.202315 0.220141
0 0.649932 0.724469 0.660411 0.69861 0.649467 0.684594 0.638988 0.710453
0 0.63056 0.677148 0.633389 0.657165 0.622232 0.652172 0.619403 0.672155
0 0.0349179 0.876241 0.0512355 0.849883 0.041782 0.831386 0.0254644 0.857745
0 0.757432 0.385438 0.760407 0.357323 0.747603 0.353042 0.744628 0.381157
0 0.810001 0.687731 0.81278 0.653638 0.797889 0.649801 0.795109 0.683893
0 0.579158 0.771232 0.582058 0.7507 0.566738 0.74386 0.563838 0.764393
0 0.825464 0.618229 0.831038 0.594197 0.819159 0.58549 0.813585 0.609522
0 0.170128 0.0333735 0.177799 -0.000366649 0.152052 -0.0188692 0.144381 0.014871
0 0.620304 0.700616 0.62626 0.672646 0.613245 0.663888 0.607289 0.691858
0 0.274137 0.754932 0.272995 0.734115 0.257582 0.736787 0.258724 0.757605
0 0.593277 0.621697 0.598601 0.597339 0.588159 0.590125 0.582835 0.614483
0 0.304686 0.740417 0.306364 0.716352 0.292516 0.713299 0.290838 0.737364
0 0.214185 0.899962 0.220343 0.86978 0.205334 0.860101 0.199176 0.890283
0 0.807175 0.571367 0.807902 0.545539 0.792658 0.544183 0.791931 0.57001
0 0.662866 0.744383 0.667135 0.720748 0.649589 0.710732 0.64532 0.734367
0 0.854263 0.696155 0.86128 0.668003 0.843325 0.653859 0.836308 0.682012
0 0.482014 0.75619 0.489217 0.735701 0.478325 0.723598 0.471122 0.744087
0 0.726319 0.460016 0.728766 0.438396 0.71701 0.434192 0.714564 0.455812
0 0.550713 0.931457 0.561209 0.908221 0.54204 0.880854 0.531544 0.90409
0 0.0357508 0.798245 0.0434609 0.771258 0.0317662 0.760698 0.0240561 0.787685
0 0.0803682 0.833507 0.0847834 0.806664 0.071133 0.799568 0.0667178 0.826411
0 0.410859 0.79416 0.416739 0.762761 0.404376 0.755443 0.398495 0.786843
0 0.169746 0.854895 0.173158 0.830454 0.161429 0.825279 0.158017 0.84972
0 0.931361 0.676709 0.935943 0.660515 0.923644 0.649516 0.919062 0.665711
0 0.652497 0.588478 0.65545 0.565617 0.643508 0.560742 0.640555 0.583604
0 0.640273 0.747208 0.644864 0.721285 0.631142 0.713605 0.626551 0.739528
0 0.458269 0.687003 0.463383 0.660964 0.453508 0.654834 0.448393 0.680872
0 0.0327748 0.994511 0.0297956 0.966589 0.00553055 0.974771 0.00850967 1.00269
0 0.62109 0.612781 0.627737 0.593177 0.619745 0.584614 0.613099 0.604218
0 0.741718 0.746712 0.746032 0.716959 0.731765 0.71042 0.727451 0.740173
0 0.793147 0.580246 0.794419 0.558947 0.783662 0.556917 0.782391 0.578216
0 0.0762218 0.984255 0.0796644 0.955132 0.0630622 0.94893 0.0596196 0.978053
0 0.72109 0.609648 0.726227 0.581221 0.706979 0.570226 0.701841 0.598653
0 0.804966 0.658281 0.805661 0.635455 0.791771 0.634119 0.791077 0.656945
0 0.43789 0.837172 0.444043 0.799807 0.42913 0.792046 0.422977 0.829411
0 0.63325 0.590705 0.6369 0.571948 0.628624 0.566859 0.624974 0.585615
0 0.584274 0.764576 0.59445 0.750503 0.583616 0.725744 0.57344 0.739817
0 0.0331568 0.815979 0.044267 0.794072 0.0356965 0.780334 0.0245862 0.802241
0 0.756042 0.477355 0.758376 0.458086 0.747802 0.454038 0.745468 0.473308
0 0.727035 0.741318 0.734951 0.699951 0.716585 0.688843 0.708669 0.73021
0 0.772699 0.498285 0.775903 0.477801 0.765626 0.47272 0.762421 0.493203
0 0.655793 0.803084 0.661454 0.775614 0.648268 0.767025 0.642607 0.794495
0 0.841621 0.493239 0.844653 0.467781 0.831393 0.462791 0.828362 0.488249
0 0.183641 0.939692 0.184253 0.915014 0.169297 0.913842 0.168685 0.93852
0 0.0104421 0.874678 0.0161798 0.828871 0.000397671 0.822623 -0.00534001 0.868431
0 0.777872 0.332026 0.782726 0.299796 0.766975 0.292298 0.762121 0.324528
0 0.0407374 0.842016 0.0483381 0.816879 0.0385814 0.807555 0.0309807 0.832692
0 0.24075 0.221256 0.246415 0.194611 0.229277 0.183095 0.223612 0.20974
0 0.7602 0.493296 0.761733 0.47454 0.752003 0.472026 0.75047 0.490782
0 0.102828 0.99103 0.128249 0.964384 0.119276 0.937329 0.093855 0.963975
0 0.873326 0.453665 0.878702 0.437711 0.863997 0.42205 0.858621 0.438004
0 0.82105 0.658228 0.826133 0.633835 0.815853 0.627066 0.81077 0.651459
0 0.830375 0.391073 0.836582 0.376044 0.824359 0.36009 0.818152 0.375119
0 0.206381 0.795054 0.214336 0.778332 0.205743 0.765414 0.197789 0.782136
0 0.3001 0.877811 0.304312 0.857918 0.291074 0.849057 0.286861 0.86895
0 0.740011 0.285989 0.754376 0.265587 0.747589 0.250486 0.733225 0.270888
0 0.717669 0.763814 0.72395 0.748469 0.710092 0.730539 0.703811 0.745884
0 0.54069 0.759333 0.550617 0.726521 0.540425 0.716775 0.530498 0.749587
0 0.473233 0.73941 0.480678 0.708156 0.467901 0.698537 0.460456 0.729792
0 0.682538 0.804627 0.693294 0.772418 0.681256 0.759711 0.6705 0.79192
0 0.957654 0.34999 0.96248 0.288609 0.926862 0.279758 0.922035 0.341139
0 1.00283 0.664468 1.00524 0.629248 0.985855 0.625054 0.983444 0.660274
0 0.707127 0.544152 0.71353 0.523025 0.703966 0.513864 0.697563 0.534991
0 0.677135 0.758441 0.682943 0.735374 0.66785 0.723363 0.662042 0.74643
0 0.58309 0.629084 0.58522 0.603885 0.574512 0.601024 0.572382 0.626223
0 0.785419 0.416363 0.787948 0.401045 0.777505 0.395597 0.774977 0.410916
0 0.835017 0.517163 0.837405 0.487404 0.825353 0.484348 0.822965 0.514106
0 0.217176 0.75741 0.220323 0.73876 0.208451 0.732427 0.205303 0.751077
0 0.617795 0.44194 0.624368 0.422905 0.612326 0.409763 0.605754 0.428799
0 0.816919 0.518234 0.82619 0.499228 0.809256 0.473123 0.799985 0.492129
0 0.832213 0.541625 0.834465 0.524865 0.820798 0.519059 0.818545 0.535818
0 0.234508 0.933707 0.238985 0.905855 0.223358 0.897916 0.218881 0.925768
0 0.768188 0.483221 0.77031 0.459079 0.759693 0.45613 0.75757 0.480271
0 0.681801 0.588175 0.684503 0.567344 0.674185 0.563113 0.671483 0.583944
0 1.00803 0.516701 1.00595 0.457452 0.974389 0.46096 0.976473 0.520208
0 0.46167 0.716331 0.471552 0.694605 0.463631 0.683219 0.453749 0.704945
0 0.736042 0.442698 0.740235 0.417511 0.72501 0.409499 0.720816 0.434686
0 0.702041 0.653583 0.70571 0.629404 0.694568 0.62406 0.690899 0.648239
0 0.992373 0.622215 0.990874 0.582302 0.967206 0.585111 0.968705 0.625024
0 0.707616 0.636642 0.713666 0.615228 0.703604 0.606244 0.697554 0.627658
0 0.483429 0.874703 0.480397 0.822582 0.450928 0.828001 0.45396 0.880122
0 0.771201 0.454981 0.775426 0.441103 0.764144 0.430247 0.759919 0.444125
0 0.119982 0.918899 0.126621 0.885455 0.110252 0.875185 0.103613 0.908629
0 0.088165 0.944871 0.0984359 0.918616 0.0845242 0.901416 0.0742533 0.927671
0 0.722974 0.632347 0.727076 0.613101 0.71669 0.606105 0.712588 0.625351
0 0.149802 0.14169 0.153675 0.0921353 0.114203 0.082385 0.11033 0.13194
0 0.701078 0.78172 0.705331 0.747339 0.691952 0.742109 0.6877 0.77649
0 0.593156 0.637947 0.601268 0.616074 0.593224 0.606646 0.585112 0.628519
0 0.42098 0.903465 0.421187 0.872913 0.408592 0.872644 0.408385 0.903196
0 0.787051 0.742975 0.795197 0.712513 0.76978 0.691031 0.761634 0.721493
0 0.24744 1.00155 0.257563 0.974267 0.246535 0.961333 0.236412 0.988612
0 0.441955 0.725229 0.448388 0.704543 0.440754 0.69704 0.434321 0.717726
0 0.324993 0.635078 0.328649 0.612056 0.317211 0.606314 0.313554 0.629336
0 0.59546 0.95062 0.60677 0.919778 0.579663 0.888362 0.568353 0.919203
0 0.0673752 1.00492 0.0677389 0.967009 0.0409194 0.966195 0.0405556 1.0041
0 0.868355 0.422253 0.875136 0.401021 0.861174 0.386926 0.854392 0.408158
0 0.816283 0.692114 0.824642 0.660783 0.81232 0.650392 0.80396 0.681724
0 0.688481 0.630019 0.689958 0.611109 0.67929 0.608474 0.677812 0.627384
0 0.425743 0.724796 0.428504 0.703581 0.415225 0.698119 0.412464 0.719333
0 0.995346 0.436841 0.995952 0.416515 0.982484 0.415247 0.981879 0.435573
0 0.689427 0.762656 0.701963 0.735159 0.690964 0.719311 0.678428 0.746809
0 0.977485 0.485656 0.981356 0.461766 0.960408 0.451039 0.956537 0.474928
0 0.608971 0.641244 0.614577 0.618665 0.604857 0.611038 0.599251 0.633617
0 0.260471 1.00436 0.269321 0.974905 0.258496 0.964627 0.249646 0.994086
0 0.965745 0.456564 0.97044 0.4378 0.954972 0.425567 0.950277 0.444331
0 0.594505 0.935705 0.600642 0.882452 0.562381 0.868516 0.556244 0.92177
0 0.265978 0.785082 0.268119 0.758471 0.252121 0.754403 0.24998 0.781015
0 0.816572 0.72877 0.820557 0.706972 0.80465 0.69778 0.800665 0.719578
0 0.297187 0.712982 0.30382 0.686587 0.29277 0.677813 0.286138 0.704208
0 0.597022 0.679944 0.606291 0.655794 0.596544 0.64397 0.587275 0.66812
0 0.446843 0.890326 0.457367 0.861545 0.445956 0.848359 0.435433 0.87714
0 0.767936 0.372272 0.771662 0.349728 0.762644 0.345017 0.758918 0.367561
0 0.87807 0.491497 0.881778 0.467379 0.858066 0.455857 0.854358 0.479975
0 0.70711 0.496738 0.708749 0.476002 0.699431 0.473674 0.697792 0.49441
0 0.729231 0.462472 0.7303 0.443252 0.719426 0.441339 0.718356 0.46056
0 0.758837 0.415897 0.761932 0.394803 0.752207 0.390293 0.749112 0.411387
0 0.477778 0.805028 0.481477 0.765449 0.465857 0.760835 0.462158 0.800414
0 0.609809 0.763522 0.610523 0.727579 0.590673 0.726333 0.589959 0.762276
0 0.117995 0.811474 0.121835 0.782806 0.0992873 0.773262 0.0954478 0.801929
0 0.0910943 0.307614 0.11367 0.27603 0.0877528 0.217482 0.0651771 0.249066
0 0.772695 0.382839 0.774978 0.366495 0.765203 0.362179 0.76292 0.378523
0 0.719263 0.506852 0.726228 0.483498 0.717476 0.475248 0.710511 0.498602
0 0.151973 1.00649 0.17101 0.976417 0.160646 0.955684 0.141609 0.98576
0 0.0880755 0.784032 0.0880247 0.759077 0.0687322 0.759201 0.068783 0.784156
0 0.284434 0.74668 0.284835 0.723638 0.273024 0.722989 0.272623 0.746031
0 0.986402 0.470799 0.988453 0.451719 0.97642 0.447631 0.974369 0.466711
0 0.683276 0.46714 0.689341 0.437963 0.678302 0.430711 0.672237 0.459888
0 0.729582 0.382697 0.731757 0.36311 0.721512 0.359515 0.719337 0.379102
0 0.843349 0.38747 0.848076 0.366841 0.837394 0.359104 0.832667 0.379733
0 0.290503 0.762259 0.290837 0.735673 0.277008 0.735124 0.276674 0.76171
0 0.198214 0.784812 0.203932 0.763015 0.19403 0.754804 0.188312 0.776601
0 0.689848 0.570995 0.694454 0.545046 0.677879 0.535748 0.673273 0.561696
0 0.22757 0.740675 0.227683 0.719191 0.21318 0.718949 0.213066 0.740433
0 0.786016 0.254411 0.789149 0.210203 0.773157 0.206621 0.770024 0.250829
0 0.834451 0.721439 0.847374 0.700844 0.839312 0.684857 0.826389 0.705452
0 0.752056 0.754846 0.755151 0.728578 0.742369 0.72382 0.739275 0.750087
0 0.254658 0.78572 0.257166 0.75881 0.239792 0.753693 0.237284 0.780603
0 0.245692 0.938591 0.249433 0.90966 0.234389 0.903512 0.230648 0.932443
0 0.863872 0.34658 0.866273 0.319509 0.851352 0.315326 0.848951 0.342397
0 0.70695 0.796017 0.713337 0.775245 0.702358 0.764576 0.695971 0.785348
0 0.56895 0.903758 0.572675 0.858715 0.550573 0.852938 0.546847 0.897981
0 0.557542 0.768183 0.559612 0.741868 0.544164 0.738027 0.542094 0.764343
0 0.0972841 0.698 0.0991816 0.675314 0.0859267 0.67181 0.0840292 0.694496
0 0.591323 0.805959 0.591029 0.75844 0.557428 0.759098 0.557723 0.806616
0 0.235054 0.872945 0.252617 0.849555 0.244274 0.829757 0.226711 0.853147
0 0.635765 0.700462 0.639332 0.675332 0.628171 0.670324 0.624603 0.695454
0 0.630169 0.724616 0.63527 0.699819 0.624957 0.693113 0.619856 0.71791
0 0.0603593 0.845062 0.0723129 0.827602 0.065506 0.812874 0.0535523 0.830334
0 0.178287 0.813624 0.186272 0.792802 0.17649 0.780946 0.168505 0.801768
0 0.438907 0.945731 0.442099 0.908253 0.42667 0.904099 0.423478 0.941577
0 0.710979 0.435464 0.713272 0.394328 0.694673 0.391051 0.69238 0.432187
0 0.405801 0.745944 0.404943 0.722354 0.379556 0.725272 0.380414 0.748862
0 0.6812 0.510516 0.686183 0.486493 0.675914 0.479762 0.670932 0.503785
0 0.233609 0.97297 0.24346 0.946418 0.233993 0.935316 0.224141 0.961869
0 0.50497 0.998707 0.513455 0.954907 0.491266 0.941323 0.482782 0.985123
0 0.831173 0.55232 0.832407 0.533522 0.819411 0.530824 0.818176 0.549622
0 0.841516 0.590859 0.851658 0.563192 0.839131 0.54868 0.82899 0.576346
0 0.607761 0.687338 0.614865 0.663501 0.606363 0.655493 0.599259 0.67933
0 0.794565 0.498005 0.795767 0.470826 0.783309 0.469085 0.782107 0.496264
0 0.0198193 0.974349 0.0181211 0.949765 0.00116265 0.953467 0.00286083 0.978051
0 0.221627 0.921212 0.223785 0.893527 0.210029 0.890138 0.207871 0.917823
0 0.343612 0.730033 0.345418 0.69891 0.329457 0.695983 0.327651 0.727106
0 0.823505 0.403218 0.827108 0.382808 0.812821 0.374836 0.809218 0.395247
0 0.0701864 0.295735 0.0797547 0.263817 0.0559137 0.241229 0.0463455 0.273147
0 0.669338 0.732537 0.680288 0.718343 0.666966 0.685864 0.656016 0.700059
0 0.203232 0.958857 0.203934 0.92845 0.183829 0.926983 0.183127 0.95739
0 0.967265 0.714033 0.977933 0.693817 0.960886 0.665384 0.950217 0.685599
0 0.744565 0.395073 0.747172 0.370868 0.737338 0.367521 0.734731 0.391726
0 0.0725612 0.346335 0.0836401 0.286269 0.0474093 0.265148 0.0363304 0.325214
0 0.819589 0.536054 0.824332 0.521145 0.81321 0.509963 0.808467 0.524872
0 1.00085 0.624619 1.00201 0.591972 0.988055 0.590409 0.986898 0.623055
0 0.651205 0.664659 0.655998 0.642896 0.643258 0.634029 0.638465 0.655793
0 1.00089 0.457417 1.00243 0.433011 0.988038 0.430132 0.986494 0.454538
0 0.912023 0.755258 0.916848 0.705757 0.902759 0.701417 0.897934 0.750918
0 0.284995 0.721028 0.286363 0.694488 0.274318 0.692525 0.27295 0.719065
0 0.229429 1.00675 0.242708 0.979398 0.232038 0.963027 0.21876 0.990378
0 0.165642 0.919729 0.172359 0.879145 0.159354 0.872342 0.152637 0.912926
0 0.0744264 0.931054 0.0743878 0.905449 0.0571098 0.905531 0.0571484 0.931136
0 0.178983 0.912853 0.192166 0.877 0.179385 0.86215 0.166203 0.898002
0 0.944605 0.780359 0.956722 0.751314 0.927489 0.712773 0.915373 0.741817
0 0.736939 0.539066 0.740226 0.522034 0.727061 0.514005 0.723775 0.531037
0 0.810302 0.59422 0.811641 0.572434 0.801008 0.570368 0.799668 0.592154
0 0.534284 0.872601 0.537996 0.845597 0.527121 0.840873 0.523409 0.867877
0 0.0102849 0.819381 0.0138591 0.792129 0.000466691 0.786578 -0.00310747 0.81383
0 0.0307681 0.899628 0.0442851 0.878541 0.0370887 0.863962 0.0235716 0.885049
0 0.549668 0.73369 0.5569 0.70251 0.542117 0.691673 0.534885 0.722853
0 0.636799 0.774776 0.642121 0.753244 0.62959 0.743456 0.624269 0.764989
0 0.79427 0.401531 0.796418 0.383206 0.786593 0.379566 0.784445 0.397891
0 0.916924 0.831929 0.92864 0.790596 0.865315 0.733867 0.853599 0.7752
0 0.187261 0.7459 0.1951 0.723082 0.185085 0.712206 0.177245 0.735024
0 0.616397 0.73991 0.617636 0.708059 0.602219 0.706163 0.60098 0.738014
0 0.847729 0.41468 0.849648 0.385263 0.834273 0.382093 0.832354 0.41151
0 0.784764 0.367468 0.786871 0.345692 0.773915 0.34173 0.771808 0.363505
0 0.749951 0.567849 0.754732 0.551905 0.743991 0.541727 0.739211 0.557671
0 0.829788 0.611306 0.83827 0.589169 0.827364 0.575961 0.818882 0.598099
0 1.00082 0.227904 1.00557 0.191222 0.988841 0.184364 0.984084 0.221046
0 0.671925 0.534175 0.673168 0.503749 0.657792 0.501764 0.656549 0.532189
0 0.735849 0.697481 0.738138 0.673906 0.713847 0.666453 0.711559 0.690028
0 0.690053 0.665322 0.695014 0.640853 0.685013 0.634445 0.680052 0.658913
0 0.972952 0.359312 0.981003 0.337069 0.970001 0.324481 0.961949 0.346724
0 0.336093 0.703408 0.336654 0.684507 0.324207 0.683338 0.323645 0.702239
0 0.185906 0.766428 0.188315 0.743589 0.173221 0.738557 0.170812 0.761396
0 0.745252 0.519751 0.749093 0.505806 0.739479 0.497436 0.735638 0.511382
0 0.638776 0.575475 0.642882 0.560636 0.63406 0.552922 0.629954 0.567762
0 0.825457 0.249804 0.824607 0.221955 0.806445 0.223705 0.807294 0.251554
0 0.223838 0.870628 0.231183 0.843291 0.219622 0.833475 0.212278 0.860812
0 0.894553 0.265868 0.905006 0.255272 0.893802 0.220342 0.883349 0.230938
0 0.691419 0.596178 0.697132 0.574434 0.686627 0.565713 0.680915 0.587457
0 0.0886271 0.806631 0.0960136 0.78108 0.0855734 0.771541 0.0781869 0.797092
0 0.155772 0.854857 0.162374 0.829208 0.15318 0.821729 0.146578 0.847377
0 0.630581 0.556756 0.632301 0.538724 0.621741 0.53554 0.620021 0.553572
0 0.56719 0.621412 0.571404 0.60264 0.562006 0.595973 0.557792 0.614744
0 0.0717167 0.748537 0.0736246 0.727076 0.0601195 0.723282 0.0582117 0.744743
0 0.567345 0.757339 0.571382 0.738979 0.559997 0.731068 0.555961 0.749429
0 0.595523 0.8792 0.599255 0.845892 0.586495 0.841374 0.582763 0.874682
0 0.934034 0.499499 0.940724 0.471318 0.92895 0.462484 0.92226 0.490665
0 1.00081 0.362132 1.00261 0.328211 0.98735 0.325654 0.985551 0.359575
0 0.180817 0.887556 0.185026 0.863154 0.17008 0.855007 0.165872 0.879409
0 0.566523 0.857368 0.5731 0.832739 0.562755 0.824009 0.556178 0.848638
0 0.974643 0.395047 0.971965 0.36228 0.944491 0.369377 0.947169 0.402144
0 0.824977 0.41985 0.828141 0.399851 0.812196 0.391879 0.809032 0.411877
0 0.849124 0.503555 0.850954 0.481708 0.839235 0.478605 0.837405 0.500452
0 0.243662 0.498578 0.251203 0.455149 0.221331 0.438755 0.21379 0.482184
0 0.455219 0.770914 0.466832 0.736057 0.453978 0.722521 0.442364 0.757379
0 0.520014 0.866772 0.530116 0.836393 0.519779 0.825528 0.509676 0.855907
0 0.809698 0.64337 0.813784 0.620562 0.797313 0.611234 0.793226 0.634042
0 0.997437 0.75181 1.00966 0.718933 0.986112 0.691261 0.973888 0.724138
0 0.597043 0.720871 0.598658 0.700324 0.58822 0.69773 0.586605 0.718277
0 0.632235 0.611713 0.636071 0.593008 0.627847 0.587678 0.624011 0.606383
0 0.608711 0.658252 0.614649 0.636886 0.605667 0.628995 0.599728 0.650362
0 0.69515 0.696278 0.697539 0.678707 0.688189 0.674689 0.6858 0.69226
0 0.387952 0.689498 0.403117 0.662894 0.392473 0.643719 0.377308 0.670323
0 0.790482 0.267344 0.798389 0.249762 0.790433 0.238453 0.782526 0.256035
0 0.847776 0.578495 0.850861 0.554563 0.835745 0.548406 0.83266 0.572338
