0 0.522359 0.787736 0.525731 0.761435 0.509366 0.754802 0.505993 0.781103
0 0.995501 0.982049 1.01082 0.860321 0.828259 0.7877 0.812939 0.909429
0 0.474472 0.838827 0.474557 0.806749 0.453941 0.806577 0.453856 0.838654
0 0.441011 0.77984 0.452713 0.758828 0.43614 0.729659 0.424439 0.75067
0 0.594384 0.817421 0.607054 0.790522 0.590641 0.766091 0.577972 0.79299
0 0.0551428 1.02152 0.090137 0.983727 0.0758685 0.941968 0.0408743 0.979759
0 0.506024 0.802313 0.51285 0.776875 0.495064 0.761791 0.488237 0.787228
0 0.516197 0.868176 0.526528 0.833507 0.501864 0.810278 0.491533 0.844947
0 0.528528 0.744358 0.530689 0.723207 0.517239 0.718865 0.515079 0.740016
0 0.0242518 0.704582 0.0289384 0.688018 0.0123145 0.673152 0.00762793 0.689716
0 0.671592 0.661339 0.677861 0.633873 0.665751 0.625138 0.659482 0.652604
0 0.478899 0.745177 0.492964 0.70965 0.480636 0.694226 0.466572 0.729754
0 0.47516 0.934325 0.475227 0.892774 0.453671 0.892665 0.453604 0.934216
0 0.515303 0.670903 0.516717 0.648887 0.503174 0.646137 0.501759 0.668154
0 0.0123091 0.686073 0.013093 0.659316 -0.00176516 0.65794 -0.00254907 0.684697
0 0.0497205 0.745474 0.0510917 0.721263 0.0341836 0.718237 0.0328124 0.742447
0 0.643851 0.766439 0.647731 0.744032 0.628724 0.73363 0.624844 0.756037
0 0.455951 0.858838 0.463141 0.839949 0.448278 0.82207 0.441089 0.84096
0 0.476491 0.791347 0.479346 0.769177 0.46754 0.764371 0.464685 0.786542
0 0.489552 0.806513 0.495559 0.784702 0.483272 0.774008 0.477265 0.795819
0 0.612352 0.849428 0.6223 0.831606 0.609799 0.80955 0.59985 0.827372
0 0.459711 0.800572 0.467367 0.770984 0.455973 0.761665 0.448317 0.791253
0 0.594654 0.842234 0.602123 0.817759 0.591342 0.807361 0.583873 0.831836
0 0.684206 0.864421 0.68555 0.828681 0.666074 0.826366 0.66473 0.862106
0 0.673271 0.819756 0.675104 0.796714 0.66172 0.79335 0.659888 0.816391
0 0.595492 0.921482 0.602167 0.893837 0.584386 0.880268 0.577711 0.907913
0 0.499687 0.765839 0.500607 0.730779 0.477634 0.728873 0.476713 0.763933
0 0.933974 0.606531 0.940468 0.585491 0.924225 0.569646 0.917731 0.590686
0 0.0997782 0.757205 0.17752 0.6767 0.146187 0.581073 0.0684456 0.661578
0 0.399917 0.858068 0.408599 0.801584 0.380986 0.788168 0.372303 0.844653
0 0.651661 0.750189 0.655793 0.731871 0.640042 0.720644 0.635911 0.738963
0 0.645912 0.709125 0.649155 0.687666 0.636658 0.681698 0.633415 0.703157
0 0.564509 0.866346 0.568536 0.846004 0.554531 0.83724 0.550503 0.857582
0 0.61327 0.889765 0.619131 0.858871 0.604285 0.84997 0.598424 0.880864
0 0.57814 0.846669 0.579705 0.813953 0.559804 0.810944 0.558239 0.843659
0 0.0218764 0.916797 0.0358606 0.886801 0.0253354 0.871293 0.0113512 0.901289
0 0.524444 0.763434 0.526755 0.746372 0.513045 0.740504 0.510735 0.757565
0 0.516033 0.709844 0.520683 0.68982 0.510236 0.682153 0.505586 0.702176
0 0.476475 0.813782 0.479364 0.792819 0.462455 0.785452 0.459565 0.806416
0 0.5546 0.72805 0.556961 0.705682 0.541478 0.700517 0.539116 0.722884
0 0.0225002 0.89014 0.0410696 0.865145 0.0327513 0.845613 0.0141819 0.870608
0 0.497779 0.716527 0.499614 0.694106 0.487526 0.690979 0.48569 0.7134
0 0.0374287 0.799489 0.0469128 0.771037 0.0330894 0.756474 0.0236053 0.784926
0 0.636358 0.724415 0.640675 0.707083 0.628292 0.697335 0.623975 0.714666
0 0.0467286 0.90635 0.0604827 0.86234 0.0450105 0.847058 0.0312563 0.891068
0 0.812323 0.784381 0.813011 0.760904 0.800408 0.759736 0.799719 0.783213
0 0.469446 0.756059 0.470025 0.737105 0.458054 0.735949 0.457475 0.754903
0 0.592755 0.710451 0.595442 0.691573 0.583437 0.686173 0.58075 0.705051
0 0.0518587 0.650328 0.0513413 0.630451 0.0298805 0.632217 0.0303978 0.652094
0 0.0203449 0.738616 0.0202333 0.703667 -0.00194928 0.703891 -0.00183766 0.73884
0 0.53264 0.716903 0.535856 0.69503 0.521108 0.688176 0.517891 0.710049
0 0.625235 0.721684 0.628068 0.699713 0.616937 0.695178 0.614105 0.717149
0 0.0185045 0.936297 0.029467 0.909399 0.0197701 0.896909 0.0088076 0.923807
0 0.670957 0.626779 0.672798 0.603673 0.660383 0.600548 0.658542 0.623654
0 0.448981 0.73292 0.463022 0.705383 0.451826 0.68734 0.437785 0.714877
0 0.00815278 0.972864 0.0216491 0.941425 0.00659755 0.921003 -0.00689873 0.952442
0 0.43972 0.799367 0.439483 0.769054 0.418657 0.769568 0.418894 0.799882
0 0.0502909 0.627596 0.0502258 0.608481 0.0344374 0.608651 0.0345025 0.627766
0 0.501916 0.582978 0.501207 0.526008 0.466113 0.527388 0.466822 0.584358
0 0.547847 0.858463 0.55358 0.843165 0.541686 0.829078 0.535953 0.844376
0 0.612009 0.755201 0.618037 0.741822 0.608185 0.727791 0.602157 0.74117
0 0.481124 0.70364 0.485829 0.681955 0.47213 0.67256 0.467425 0.694246
0 0.645821 0.877744 0.656048 0.847219 0.642667 0.83305 0.63244 0.863576
0 0.45683 0.770338 0.459207 0.751534 0.449292 0.747572 0.446915 0.766376
0 0.639141 0.914989 0.642844 0.879391 0.623617 0.87307 0.619914 0.908667
0 0.494458 0.840199 0.498391 0.820602 0.487657 0.813795 0.483725 0.833392
0 0.738404 0.785126 0.741444 0.768448 0.727211 0.760248 0.724171 0.776926
0 0.56383 0.796565 0.567708 0.773758 0.55572 0.767315 0.551842 0.790121
0 0.468981 1.00642 0.474334 0.970133 0.448697 0.95818 0.443344 0.994464
0 0.855339 0.727421 0.860647 0.703579 0.838797 0.688206 0.833489 0.712047
0 0.600177 0.860577 0.600338 0.837657 0.583507 0.837283 0.583346 0.860204
0 0.0537562 0.935684 0.0674678 0.901805 0.0570847 0.888524 0.0433731 0.922403
0 0.219076 0.0336015 0.222085 -0.00675431 0.198431 -0.0123278 0.195422 0.028028
0 0.797882 0.768973 0.804751 0.74865 0.79462 0.737827 0.787751 0.75815
0 0.0391715 0.581879 0.0400489 0.563458 0.0275927 0.561583 0.0267153 0.580004
0 0.0176052 0.783329 0.0434371 0.765562 0.0370319 0.73613 0.0111999 0.753897
0 0.0248034 0.720179 0.0284604 0.700844 0.0108816 0.690336 0.00722469 0.709671
0 0.632424 0.703695 0.636875 0.684349 0.627856 0.677791 0.623405 0.697137
0 0.660243 0.714247 0.662371 0.693239 0.650304 0.689376 0.648177 0.710384
0 0.690223 0.852327 0.698523 0.834269 0.688181 0.819248 0.679882 0.837305
0 0.0239751 0.803536 0.019742 0.765853 -0.00319503 0.773997 0.00103805 0.811679
0 0.76671 0.773479 0.767506 0.754358 0.753021 0.752452 0.752225 0.771573
0 0.0349096 0.703049 0.0400672 0.68338 0.0309837 0.675852 0.025826 0.69552
0 0.652545 0.840892 0.655593 0.813913 0.640452 0.808507 0.637404 0.835486
0 0.031215 0.642101 0.0310255 0.620182 0.0149974 0.62062 0.0151869 0.642539
0 0.638457 0.869955 0.636776 0.823821 0.616346 0.826174 0.618027 0.872308
0 0.520042 0.723897 0.523009 0.709073 0.511304 0.701669 0.508337 0.716493
0 0.0224 1.00504 0.0309466 0.972577 0.0148877 0.959214 0.00634107 0.991675
0 0.709792 0.645103 0.710492 0.612408 0.694642 0.611336 0.693942 0.644031
0 0.594044 0.912112 0.599971 0.889294 0.582569 0.875007 0.576642 0.897825
0 0.661209 0.850178 0.664197 0.827148 0.652897 0.822513 0.649909 0.845544
0 0.562682 0.730863 0.5651 0.705493 0.549833 0.700894 0.547415 0.726264
0 0.568203 0.906206 0.580096 0.885799 0.563511 0.85525 0.551618 0.875656
0 0.047357 0.715821 0.0496648 0.693448 0.0366772 0.689214 0.0343693 0.711586
0 0.432662 0.71976 0.437383 0.688988 0.424476 0.68273 0.419755 0.713502
0 0.821337 0.761472 0.822445 0.742691 0.808803 0.740147 0.807695 0.758928
0 0.522315 0.905462 0.524935 0.888127 0.513264 0.882551 0.510644 0.899886
0 0.625449 0.815495 0.628115 0.790011 0.615902 0.785972 0.613235 0.811457
0 0.946692 0.762041 0.948872 0.732054 0.926386 0.726888 0.924206 0.756875
0 0.563688 0.812609 0.565529 0.793353 0.553336 0.789668 0.551495 0.808925
0 0.451656 0.80921 0.453133 0.791849 0.440839 0.788543 0.439362 0.805904
0 0.508953 0.767995 0.511852 0.749176 0.50052 0.743658 0.49762 0.762477
0 0.907125 0.587047 0.91603 0.567177 0.909198 0.557501 0.900293 0.577371
0 0.661071 0.880684 0.668007 0.860365 0.654876 0.8462 0.647941 0.866519
0 0.541731 0.807325 0.544835 0.789047 0.533196 0.782799 0.530092 0.801078
0 0.0563854 0.756225 0.0772102 0.728559 0.0675693 0.705624 0.0467444 0.73329
0 0.471281 0.720013 0.475547 0.693575 0.463703 0.687534 0.459437 0.713972
0 0.583684 0.850408 0.584674 0.828948 0.574496 0.827464 0.573506 0.848924
0 0.59156 0.760369 0.592763 0.737838 0.579812 0.735654 0.578609 0.758184
0 0.195288 0.459114 0.228882 0.418905 0.195317 0.330276 0.161723 0.370486
0 0.29263 0.790802 0.308475 0.761053 0.29491 0.738217 0.279064 0.767966
0 0.44188 0.815217 0.443602 0.795303 0.429957 0.791574 0.428235 0.811488
0 0.0382988 0.728628 0.0394987 0.709455 0.0275081 0.707083 0.0263081 0.726256
0 0.766418 0.783447 0.76661 0.767111 0.75318 0.766612 0.752988 0.782947
0 0.0210016 0.678646 0.0239404 0.656572 0.0115559 0.651361 0.00861712 0.673435
0 0.285221 0.684898 0.295003 0.656522 0.273679 0.63329 0.263897 0.661667
0 0.0459759 0.698627 0.0528868 0.678836 0.0448517 0.669968 0.0379407 0.689759
0 0.863407 0.757981 0.876262 0.739605 0.87051 0.726888 0.857655 0.745264
0 0.611988 0.807377 0.616026 0.788451 0.605031 0.781037 0.600993 0.799963
0 0.645976 0.685874 0.649432 0.663022 0.637558 0.657346 0.634102 0.680198
0 0.669632 0.776448 0.678391 0.764206 0.66741 0.739378 0.658651 0.75162
0 0.609908 0.793364 0.613454 0.780067 0.602663 0.770973 0.599117 0.78427
0 0.629512 0.930956 0.633371 0.908149 0.618367 0.900126 0.614509 0.922933
0 0.00859345 0.69885 0.00937698 0.678626 -0.0020668 0.677225 -0.00285032 0.697449
0 0.619299 0.783217 0.622226 0.758296 0.608674 0.753266 0.605747 0.778187
0 0.533726 0.624607 0.535059 0.599576 0.522718 0.5975 0.521386 0.622531
0 0.57239 0.841393 0.573083 0.810024 0.554551 0.80873 0.553858 0.840099
0 0.181799 0.282107 0.185957 0.215231 0.146236 0.207426 0.142079 0.274302
0 0.598118 0.891845 0.603396 0.872814 0.588214 0.859507 0.582936 0.878538
0 0.920916 0.619339 0.928114 0.604961 0.913822 0.582345 0.906623 0.596723
0 0.667069 0.769275 0.675654 0.758204 0.665179 0.732533 0.656594 0.743603
0 0.539712 0.857806 0.54176 0.841218 0.527926 0.835819 0.525878 0.852406
0 0.061983 0.688299 0.065751 0.665551 0.0542231 0.659516 0.0504551 0.682264
0 0.577868 0.88126 0.583818 0.859002 0.567409 0.845138 0.561458 0.867396
0 0.608182 0.856428 0.610748 0.835543 0.595581 0.829653 0.593014 0.850538
0 0.707769 0.77701 0.709707 0.74791 0.696987 0.745233 0.695049 0.774333
0 0.0108331 0.992467 0.0106956 0.96143 -0.00186461 0.961606 -0.00172706 0.992643
0 0.570597 0.813801 0.572288 0.793414 0.557493 0.789536 0.555802 0.809923
0 0.0647454 0.662392 0.0672153 0.644521 0.054419 0.638932 0.0519491 0.656803
0 0.470158 0.74003 0.475018 0.721268 0.466311 0.714139 0.461451 0.732902
0 0.0242514 0.658908 0.0255649 0.641746 0.0137743 0.638894 0.0124608 0.656055
0 0.952418 0.742329 0.95611 0.725986 0.940654 0.71495 0.936962 0.731294
0 0.586125 0.833743 0.589561 0.813891 0.579097 0.808168 0.575661 0.82802
0 0.476494 0.770052 0.477812 0.751408 0.465373 0.74863 0.464055 0.767274
0 0.769266 0.794948 0.770321 0.775946 0.756474 0.773516 0.755419 0.792518
0 0.640291 1.04655 0.819253 0.96584 0.793785 0.787355 0.614823 0.868062
0 1.00021 0.621477 1.00443 0.586868 0.991053 0.581713 0.986833 0.616322
0 0.672723 0.834025 0.67746 0.81311 0.667141 0.805724 0.662404 0.82664
0 0.788828 0.751556 0.791871 0.731415 0.77822 0.724897 0.775177 0.745037
0 0.773115 0.744154 0.774859 0.72723 0.762868 0.723324 0.761124 0.740248
0 0.142781 0.326948 0.152889 0.291052 0.130058 0.270733 0.11995 0.306628
0 0.827636 0.794928 0.829629 0.774666 0.816646 0.77063 0.814653 0.790892
0 0.0282551 0.956617 0.0485849 0.92623 0.0388291 0.905602 0.0184993 0.935989
0 0.425947 0.834506 0.428499 0.795489 0.403323 0.790286 0.400772 0.829302
0 0.286655 1.00019 0.328467 0.979133 0.30486 0.830953 0.263048 0.852006
