0 0.248053 0.721203 0.255197 0.68678 0.229479 0.669913 0.222335 0.704336
0 0.209385 0.926088 0.233021 0.873986 0.214426 0.847326 0.19079 0.899428
0 0.199712 0.819138 0.202735 0.794417 0.188445 0.788895 0.185422 0.813616
0 0.0821814 0.83817 0.0931897 0.797225 0.0769354 0.783413 0.065927 0.824358
0 0.04677 0.677654 0.048716 0.647067 0.0309837 0.643502 0.0290377 0.674088
0 0.306293 0.884844 0.36968 0.831227 0.349003 0.753969 0.285616 0.807586
0 0.0133488 1.01536 0.058059 0.982351 0.046999 0.935005 0.00228869 0.968015
0 0.993853 1.02105 1.01227 0.881906 0.81817 0.800732 0.799758 0.939879
0 0.586165 0.694671 0.593728 0.667752 0.577058 0.65295 0.569495 0.679869
0 0.462033 1.00754 0.473613 0.969098 0.455836 0.952175 0.444256 0.99062
0 0.226131 0.829054 0.226206 0.803917 0.210033 0.803765 0.209958 0.828902
0 0.247042 0.843355 0.249195 0.813314 0.232509 0.809535 0.230356 0.839576
0 0.570934 0.816025 0.574052 0.790853 0.554768 0.783306 0.551651 0.808478
0 0.189481 0.844977 0.204744 0.821904 0.195968 0.803555 0.180704 0.826628
0 0.105771 0.885452 0.108056 0.857388 0.089117 0.852515 0.0868325 0.880579
0 0.486924 0.978078 0.496838 0.932593 0.473822 0.916739 0.463908 0.962224
0 0.0952036 0.860599 0.0960158 0.826764 0.077499 0.82536 0.0766868 0.859194
0 0.542954 0.760917 0.545319 0.733361 0.529315 0.729019 0.52695 0.756575
0 0.473181 0.863195 0.475903 0.838301 0.460798 0.833081 0.458076 0.857974
0 0.176831 0.878106 0.170171 0.839978 0.139106 0.857129 0.145766 0.895257
0 0.492807 0.817775 0.501959 0.799715 0.484108 0.771125 0.474956 0.789185
0 0.360717 0.750724 0.364097 0.703825 0.336743 0.697595 0.333363 0.744493
0 0.400429 0.98145 0.402089 0.935356 0.377994 0.932612 0.376334 0.978707
0 0.063244 0.825877 0.0700377 0.802067 0.0501917 0.78417 0.043398 0.807979
0 0.520715 0.842166 0.530912 0.821434 0.515774 0.797902 0.505577 0.818635
0 0.246743 0.822688 0.24765 0.792773 0.230161 0.791098 0.229254 0.821013
0 0.244467 0.798414 0.247788 0.768897 0.232458 0.763445 0.229137 0.792963
0 0.211235 0.798762 0.218737 0.769152 0.20687 0.75965 0.199368 0.789259
0 0.563225 0.706331 0.567541 0.684929 0.555357 0.677163 0.551041 0.698566
0 0.252857 0.854358 0.279723 0.832155 0.271722 0.801555 0.244855 0.823757
0 0.49646 0.903359 0.501458 0.874988 0.484335 0.865454 0.479337 0.893824
0 0.571349 0.872445 0.580534 0.840853 0.567107 0.828516 0.557922 0.860108
0 0.480883 0.778864 0.490104 0.754188 0.474342 0.735574 0.465122 0.76025
0 0.484983 0.843853 0.487563 0.805013 0.465868 0.800457 0.463288 0.839298
0 0.0371899 0.945579 0.0439222 0.919291 0.0307385 0.90862 0.0240062 0.934908
0 0.476155 1.00779 0.491444 0.978053 0.479261 0.958256 0.463972 0.987994
0 0.200153 0.79683 0.203592 0.760656 0.183131 0.754508 0.179692 0.790682
0 0.558343 0.724005 0.563579 0.708472 0.551217 0.695302 0.545981 0.710835
0 0.19458 0.90938 0.206617 0.86624 0.193275 0.854475 0.181239 0.897616
0 0.0570354 0.846161 0.0635653 0.818497 0.0520274 0.809889 0.0454975 0.837554
0 0.2278 0.79413 0.248782 0.757046 0.236232 0.734604 0.215249 0.771688
0 0.208835 0.872896 0.21971 0.849257 0.208772 0.833355 0.197897 0.856994
0 0.547772 0.816574 0.549635 0.794335 0.537317 0.791074 0.535454 0.813313
0 0.153433 0.757191 0.151772 0.73131 0.132157 0.735291 0.133818 0.761172
0 0.552917 0.771404 0.555339 0.748036 0.541638 0.743547 0.539216 0.766915
0 0.796855 1.01704 0.826848 0.882409 0.745123 0.82487 0.71513 0.959504
0 0.459762 0.902021 0.465203 0.872056 0.452519 0.864776 0.447078 0.894742
0 0.0913171 0.79298 0.111122 0.765734 0.103233 0.747611 0.0834283 0.774857
0 0.208558 0.74882 0.213621 0.728227 0.204812 0.721382 0.199748 0.741975
0 0.599714 0.705682 0.603068 0.679186 0.590126 0.674008 0.586772 0.700504
0 0.197348 0.862553 0.211102 0.835333 0.201314 0.819701 0.18756 0.846921
0 0.397938 0.665981 0.39993 0.635781 0.382545 0.632157 0.380553 0.662358
0 0.542914 0.862245 0.541957 0.815088 0.526886 0.816054 0.527843 0.863211
0 0.07861 0.89121 0.0902623 0.867062 0.0792214 0.850224 0.0675691 0.874372
0 0.100253 0.811512 0.105566 0.790585 0.0936744 0.781045 0.0883619 0.801971
0 0.134818 0.310492 0.132457 0.266479 0.112181 0.269917 0.114542 0.31393
0 0.185134 0.870937 0.186504 0.848257 0.174692 0.846003 0.173322 0.868682
0 0.495736 0.955015 0.511747 0.932864 0.494552 0.893585 0.478541 0.915736
0 0.411264 0.906526 0.423142 0.87945 0.411663 0.863533 0.399784 0.89061
0 0.0696213 0.799954 0.0879903 0.777921 0.0811416 0.759875 0.0627725 0.781909
0 0.570407 0.772345 0.574232 0.748612 0.564333 0.743571 0.560509 0.767304
0 0.195662 0.934668 0.202722 0.911229 0.192954 0.90193 0.185894 0.925368
0 0.196134 0.751017 0.201004 0.731429 0.191733 0.724144 0.186862 0.743732
0 0.488897 0.762729 0.496617 0.753163 0.488872 0.733409 0.481153 0.742975
0 0.214157 0.866061 0.221563 0.843088 0.209858 0.831162 0.202452 0.854136
0 0.587747 0.719858 0.590745 0.701163 0.580772 0.696108 0.577774 0.714802
0 0.557441 0.869916 0.56406 0.827394 0.545392 0.81821 0.538773 0.860732
0 0.185596 0.634186 0.188827 0.615594 0.176818 0.608998 0.173587 0.62759
0 0.561579 0.68788 0.564131 0.663516 0.549603 0.658706 0.547051 0.683071
0 1.00409 0.824272 1.00627 0.77172 0.9789 0.768121 0.976714 0.820674
0 0.164103 0.851062 0.174381 0.829793 0.165296 0.815918 0.155018 0.837188
0 0.391455 0.824921 0.395558 0.786443 0.373859 0.779131 0.369757 0.817609
0 0.511123 0.899897 0.513798 0.871978 0.499608 0.867682 0.496934 0.895601
0 0.592902 0.813467 0.597763 0.789778 0.587216 0.782938 0.582355 0.806627
0 0.574395 0.794048 0.576802 0.775978 0.562568 0.769986 0.560161 0.788056
0 0.412013 0.891059 0.414514 0.839005 0.38454 0.834454 0.382039 0.886508
0 0.721402 0.803484 0.72554 0.773591 0.714591 0.768801 0.710453 0.798693
0 0.0764342 0.850383 0.0781163 0.829534 0.0645108 0.826065 0.0628287 0.846914
0 0.210665 0.024956 0.212391 -0.00553611 0.190886 -0.00938493 0.189159 0.0211072
0 0.0500632 0.737388 0.0511493 0.715885 0.036673 0.713574 0.0355869 0.735077
0 0.0936819 0.748254 0.0947289 0.725941 0.0787667 0.723574 0.0777197 0.745886
0 0.0386805 0.887619 0.0508205 0.864194 0.043029 0.851432 0.0308891 0.874857
0 0.0887137 0.764768 0.0886554 0.745297 0.0734342 0.745441 0.0734924 0.764912
0 0.0594791 0.866084 0.0644654 0.841039 0.054029 0.834473 0.0490428 0.859518
0 0.0172642 0.69903 0.0162884 0.629419 -0.00560514 0.630389 -0.00462934 0.7
0 0.242901 0.602747 0.254044 0.580629 0.239241 0.557058 0.228098 0.579176
0 0.170392 0.637539 0.174577 0.615478 0.157594 0.605297 0.153409 0.627358
0 0.576631 0.699945 0.581153 0.680002 0.565926 0.669088 0.561404 0.689031
0 0.189481 0.607692 0.190025 0.589965 0.17847 0.588844 0.177926 0.606571
0 0.10205 0.801021 0.117156 0.779814 0.109527 0.76264 0.0944211 0.783847
0 0.326164 0.750096 0.327821 0.724136 0.308435 0.720228 0.306779 0.746187
0 0.180933 0.771737 0.190479 0.748375 0.180571 0.735578 0.171024 0.75894
0 0.530447 0.896152 0.528633 0.859259 0.508223 0.862432 0.510037 0.899324
0 0.155254 0.860443 0.15584 0.837662 0.140846 0.836444 0.14026 0.859225
0 0.385359 0.784817 0.385664 0.752492 0.371729 0.752076 0.371424 0.7844
0 0.358958 0.863867 0.360674 0.841114 0.346144 0.83765 0.344428 0.860403
0 0.322758 0.731998 0.334661 0.696924 0.319754 0.680934 0.30785 0.716008
0 0.258276 0.807204 0.260375 0.778699 0.240901 0.774167 0.238801 0.802671
0 0.177946 0.792277 0.180874 0.772027 0.168092 0.766186 0.165164 0.786435
0 0.497921 0.790795 0.502902 0.776603 0.49229 0.764831 0.487309 0.779023
0 0.575998 0.716253 0.579498 0.692917 0.565062 0.686075 0.561562 0.709412
0 0.471364 0.915517 0.478829 0.883583 0.464943 0.873323 0.457478 0.905257
0 0.291933 0.0521325 0.307404 0.0165644 0.276736 -0.0255954 0.261265 0.00997273
0 0.367745 0.753139 0.37133 0.733858 0.360063 0.727237 0.356478 0.746518
0 0.0280183 0.65055 0.0280482 0.62905 0.0127228 0.628983 0.0126929 0.650483
0 0.276715 0.862675 0.281265 0.842679 0.266053 0.831741 0.261504 0.851737
0 0.147288 0.787149 0.14889 0.768798 0.13837 0.765894 0.136767 0.784245
0 0.557256 0.741182 0.558778 0.719602 0.545883 0.716727 0.544361 0.738307
0 0.363404 0.822373 0.37647 0.809708 0.364473 0.770586 0.351406 0.783251
0 0.221375 0.806374 0.223049 0.785382 0.210598 0.782244 0.208924 0.803236
0 0.565914 0.748865 0.577427 0.724131 0.567423 0.709413 0.55591 0.734147
0 0.506874 0.834228 0.509724 0.811131 0.49909 0.806984 0.496239 0.83008
0 0.212796 0.556492 0.230046 0.542556 0.214832 0.483043 0.197583 0.496979
0 0.28 0.717234 0.280565 0.694016 0.264916 0.692814 0.264352 0.716032
0 0.593862 0.621633 0.593849 0.60199 0.581021 0.602016 0.581033 0.621659
0 0.411005 0.856328 0.421364 0.839325 0.407275 0.812199 0.396917 0.829203
0 0.73266 0.793325 0.73663 0.77533 0.725365 0.767475 0.721395 0.78547
0 0.132322 0.77179 0.133292 0.749724 0.121157 0.748037 0.120187 0.770103
0 0.0740423 1.00996 0.0937597 0.951756 0.0758057 0.932532 0.0560884 0.990732
0 0.730963 0.744761 0.735657 0.720808 0.726904 0.715387 0.72221 0.73934
0 0.163787 0.794259 0.167482 0.773873 0.155642 0.767089 0.151947 0.787476
0 0.141479 0.81036 0.141181 0.787412 0.123202 0.788151 0.1235 0.811098
0 0.639331 0.764684 0.6459 0.738515 0.634731 0.729655 0.628163 0.755824
0 0.111595 0.753436 0.117318 0.73218 0.107108 0.723491 0.101384 0.744747
0 0.825081 0.74052 0.84463 0.710181 0.835246 0.691071 0.815697 0.72141
0 0.396419 0.783664 0.396743 0.746655 0.382309 0.746255 0.381985 0.783264
0 0.170723 0.813879 0.177136 0.7923 0.166627 0.782428 0.160214 0.804007
0 0.537436 0.844396 0.537975 0.800684 0.525191 0.800186 0.524652 0.843898
0 0.044651 0.844377 0.0509102 0.819881 0.0402736 0.811291 0.0340143 0.835787
0 0.0226694 0.942838 0.0276412 0.919113 0.0166027 0.911802 0.0116308 0.935527
0 0.0449577 0.590884 0.0440287 0.567802 0.0269159 0.569979 0.0278449 0.593061
0 0.979264 0.680729 0.977253 0.643527 0.959852 0.6465 0.961864 0.683702
0 0.0971498 0.784524 0.114578 0.759546 0.10673 0.742239 0.0893017 0.767217
0 0.830335 0.76115 0.838183 0.734475 0.826164 0.723301 0.818317 0.749976
0 0.211189 0.819509 0.212744 0.7984 0.20098 0.795661 0.199426 0.81677
0 0.304513 0.802511 0.319219 0.773823 0.309858 0.758657 0.295152 0.787345
0 1.01067 0.390459 1.00961 0.31382 0.977845 0.315214 0.97891 0.391854
0 0.579727 0.843597 0.590256 0.823038 0.581771 0.809304 0.571242 0.829863
0 0.118602 0.812062 0.119657 0.789841 0.105495 0.787715 0.10444 0.809937
0 0.737144 0.772122 0.740865 0.753703 0.729789 0.746632 0.726068 0.76505
0 0.721285 0.747108 0.723902 0.722822 0.709989 0.718084 0.707372 0.74237
0 0.614441 0.740625 0.615466 0.721135 0.603058 0.719072 0.602032 0.738562
0 0.589 0.870982 0.591756 0.84376 0.576643 0.838925 0.573887 0.866147
0 0.49417 0.842083 0.497457 0.816062 0.484786 0.811003 0.4815 0.837025
0 0.00474775 0.618163 0.0160146 0.591014 0.00701982 0.579216 -0.00424702 0.606365
0 0.433855 0.769524 0.434937 0.750936 0.422028 0.748561 0.420946 0.767149
0 0.0243413 0.633804 0.0289922 0.615486 0.0183439 0.606941 0.013693 0.625259
0 0.584852 0.61278 0.5865 0.588491 0.573059 0.585609 0.571412 0.609898
0 0.651617 0.837937 0.664285 0.803516 0.635131 0.769607 0.622464 0.804028
0 0.483178 0.87502 0.485785 0.849545 0.473635 0.845617 0.471028 0.871091
0 0.43883 0.807181 0.443485 0.785539 0.432273 0.777917 0.427618 0.79956
0 0.661016 0.849242 0.66839 0.82691 0.658367 0.816451 0.650994 0.838784
0 0.26278 0.916037 0.271672 0.881534 0.251075 0.864758 0.242183 0.89926
0 0.757827 0.709301 0.763729 0.686431 0.75309 0.677754 0.747188 0.700624
0 0.757563 0.603026 0.761477 0.578496 0.747263 0.571328 0.743349 0.595857
0 0.750688 0.731304 0.757789 0.710476 0.742685 0.694199 0.735583 0.715028
0 0.167694 1.004 0.167944 0.980916 0.151681 0.980359 0.151431 1.00344
0 0.576352 0.654027 0.580303 0.636874 0.567283 0.627395 0.563332 0.644548
0 0.40739 0.752746 0.411878 0.731837 0.401733 0.724956 0.397246 0.745865
0 0.584269 0.783948 0.586202 0.764714 0.574086 0.760865 0.572153 0.780099
0 0.449269 0.788671 0.452174 0.774537 0.44026 0.7668 0.437356 0.780934
0 0.0394207 0.72556 0.0401349 0.702796 0.0263609 0.70143 0.0256467 0.724195
0 0.607441 0.856605 0.608489 0.822046 0.588119 0.820095 0.587072 0.854654
0 0.0342777 0.919623 0.0387403 0.898307 0.0270997 0.890605 0.0226371 0.91192
0 0.388887 0.850459 0.397245 0.823314 0.383961 0.810387 0.375603 0.837532
0 0.025726 0.717609 0.0281542 0.699118 0.013151 0.692891 0.0107228 0.711381
0 0.426596 0.750847 0.427 0.730845 0.411772 0.729874 0.411369 0.749876
0 0.433613 0.734034 0.435077 0.713077 0.421823 0.710151 0.420359 0.731108
0 0.798659 0.595936 0.802913 0.567114 0.783702 0.558153 0.779448 0.586975
0 0.514239 0.876897 0.515195 0.847516 0.497128 0.845657 0.496172 0.875038
0 0.0438107 0.54873 0.0457796 0.52701 0.0217334 0.520121 0.0197645 0.541841
0 0.180354 0.711672 0.187484 0.691562 0.178667 0.681681 0.171537 0.701792
0 0.583705 0.768161 0.584778 0.750304 0.573955 0.748249 0.572883 0.766107
0 0.532995 0.796551 0.537002 0.774473 0.524459 0.767278 0.520452 0.789355
0 0.685549 0.761741 0.694335 0.744703 0.687234 0.73313 0.678448 0.750169
0 0.110061 0.839281 0.111906 0.806632 0.0942444 0.803477 0.0923992 0.836126
0 0.0580948 0.873239 0.062497 0.848325 0.052854 0.84294 0.0484518 0.867854
0 0.566347 0.667312 0.571553 0.650926 0.559586 0.63891 0.55438 0.655296
0 0.599108 0.675123 0.602332 0.651856 0.590394 0.646628 0.58717 0.669895
0 0.486458 0.851361 0.487923 0.828591 0.474681 0.825898 0.473216 0.848668
0 0.0152307 0.83576 0.0184735 0.801199 -0.00148618 0.79528 -0.00472898 0.829841
0 0.712538 0.783611 0.715227 0.760789 0.70468 0.756861 0.70199 0.779683
0 0.178345 0.104199 0.202092 0.0691877 0.161769 -0.017253 0.138022 0.0177582
0 0.123613 0.764168 0.127491 0.740215 0.116576 0.73463 0.112698 0.758583
0 0.412966 0.813503 0.416744 0.777492 0.39706 0.770966 0.393283 0.806978
0 0.39354 0.935611 0.396783 0.915035 0.383792 0.908564 0.380549 0.929141
0 0.763584 0.619629 0.764234 0.59414 0.747952 0.592827 0.747302 0.618316
0 0.442131 0.704668 0.45179 0.680352 0.44221 0.668325 0.432551 0.692641
0 0.597859 0.717199 0.59974 0.698692 0.590311 0.695663 0.58843 0.71417
0 0.292229 0.80426 0.299913 0.785254 0.291059 0.773939 0.283374 0.792945
0 0.998847 0.645869 0.998435 0.60441 0.974512 0.605161 0.974924 0.646619
0 0.227745 0.689631 0.244514 0.654599 0.230713 0.633721 0.213944 0.668753
0 0.998331 0.573297 0.999119 0.550157 0.983407 0.548465 0.982618 0.571604
