0 0.42198 0.938993 0.419047 0.834211 0.356554 0.839741 0.359488 0.944523
0 0.450719 0.569974 0.450428 0.521451 0.422322 0.521983 0.422612 0.570506
0 0.508628 0.940527 0.500631 0.848651 0.453572 0.861597 0.461569 0.953472
0 0.985697 1.07698 1.02169 0.846699 0.78819 0.731347 0.752196 0.961623
0 0.487589 0.828856 0.491654 0.791775 0.471771 0.784886 0.467706 0.821967
0 0.359549 0.909784 0.360489 0.872558 0.338229 0.870781 0.337289 0.908007
0 0.322522 1.02793 0.402418 0.994647 0.392512 0.919497 0.312616 0.952783
0 0.500708 0.856131 0.507807 0.817725 0.489215 0.806864 0.482116 0.84527
0 0.771396 1.03407 0.822739 0.956291 0.741363 0.786516 0.690021 0.864294
0 0.488397 0.982261 0.491381 0.94814 0.471748 0.942712 0.468763 0.976833
0 0.0824118 0.749915 0.0844048 0.723021 0.0696383 0.719563 0.0676454 0.746457
0 0.324697 0.92535 0.34788 0.87154 0.329964 0.847145 0.306781 0.900956
0 0.368302 0.869737 0.364411 0.802149 0.335182 0.807466 0.339073 0.875055
0 0.553476 0.988679 0.565619 0.945486 0.543974 0.926255 0.531832 0.969448
0 0.527242 1.00417 0.54377 0.973122 0.530811 0.95132 0.514284 0.982367
0 0.552149 0.887358 0.557514 0.861801 0.544225 0.852985 0.53886 0.878541
0 0.451628 0.876657 0.454284 0.845667 0.437446 0.841106 0.43479 0.872097
0 0.361579 0.944017 0.372917 0.897863 0.355551 0.884382 0.344214 0.930536
0 0.0613163 0.842837 0.0677201 0.814111 0.0544458 0.804758 0.048042 0.833484
0 0.337567 0.786904 0.357012 0.7492 0.341167 0.723374 0.321722 0.761078
0 0.882589 0.64363 0.885276 0.586318 0.851659 0.581336 0.848971 0.638648
0 0.424449 0.85926 0.421798 0.809073 0.388285 0.814668 0.390937 0.864855
0 0.83535 0.53428 0.834621 0.490238 0.796286 0.492243 0.797015 0.536285
0 0.381036 0.529496 0.381207 0.498563 0.364793 0.498276 0.364622 0.529209
0 0.522604 0.808377 0.521685 0.78537 0.505145 0.787458 0.506064 0.810465
0 0.413721 0.969925 0.428473 0.922607 0.408261 0.902692 0.393509 0.950011
0 0.460677 0.962613 0.470597 0.924379 0.456604 0.912904 0.446684 0.951139
0 0.567483 0.946389 0.573425 0.886127 0.538003 0.875089 0.532062 0.93535
0 0.551181 0.829715 0.553286 0.80704 0.537309 0.802352 0.535204 0.825026
0 0.421571 0.750856 0.425429 0.73378 0.415817 0.726917 0.411959 0.743993
0 0.208874 0.993273 0.229498 0.971192 0.222131 0.949446 0.201508 0.971526
0 0.0721639 0.812528 0.0718002 0.790928 0.0538294 0.791884 0.054193 0.813484
0 0.23031 0.972289 0.245249 0.945253 0.233706 0.925095 0.218767 0.952131
0 0.442661 0.761211 0.448303 0.737658 0.433651 0.726567 0.42801 0.75012
0 0.519038 0.786118 0.519959 0.758511 0.504264 0.756855 0.503342 0.784461
0 0.331841 0.93744 0.348848 0.908193 0.337546 0.887422 0.320539 0.916669
0 0.434376 0.884752 0.442868 0.857297 0.424943 0.839775 0.416451 0.86723
0 0.505585 0.977389 0.509702 0.942925 0.490982 0.935857 0.486865 0.970321
0 0.617056 0.952668 0.613817 0.922754 0.591288 0.930464 0.594528 0.960378
0 0.0853299 0.815661 0.0859194 0.795045 0.0724249 0.793825 0.0718355 0.814442
0 0.503925 0.818027 0.506515 0.795501 0.491836 0.790167 0.489246 0.812692
0 0.421888 0.821329 0.42963 0.790761 0.416255 0.780055 0.408514 0.810623
0 0.457931 0.817534 0.459117 0.787809 0.445579 0.786102 0.444393 0.815827
0 0.357453 0.748045 0.371104 0.717184 0.357336 0.697936 0.343685 0.728797
0 0.54254 0.87159 0.550571 0.845954 0.537777 0.833285 0.529745 0.858922
0 0.086106 0.801605 0.0901166 0.765663 0.0612842 0.755495 0.0572736 0.791437
0 0.687045 0.369609 0.688936 0.317891 0.659337 0.314471 0.657446 0.366189
0 0.101234 0.765332 0.1195 0.724728 0.103983 0.702667 0.0857169 0.743271
0 0.508731 0.685817 0.509918 0.65959 0.495984 0.657598 0.494797 0.683824
0 0.0787335 0.660457 0.0883986 0.635712 0.077619 0.622405 0.067954 0.647151
0 0.504886 0.976301 0.54326 0.957264 0.523142 0.829103 0.484769 0.84814
0 0.831635 0.652922 0.836572 0.618472 0.820217 0.611066 0.815281 0.645516
0 0.0699165 1.03682 0.129161 0.912139 0.0827276 0.842404 0.0234828 0.967083
0 0.556906 0.775849 0.559099 0.756302 0.539968 0.749519 0.537775 0.769066
0 0.443154 0.837837 0.447345 0.791656 0.426612 0.785709 0.422421 0.83189
0 0.0556098 0.770716 0.0693311 0.751299 0.0612767 0.733311 0.0475555 0.752729
0 0.565332 0.550162 0.567955 0.510113 0.544024 0.505161 0.541402 0.54521
0 0.574385 0.85493 0.574439 0.815597 0.555775 0.815517 0.555721 0.854849
0 0.0544339 0.682394 0.0599746 0.655719 0.0427648 0.644421 0.0372241 0.671096
0 0.438591 0.672764 0.436767 0.648363 0.41481 0.653551 0.416634 0.677951
0 0.770698 0.697965 0.77786 0.680392 0.762266 0.660304 0.755103 0.677878
0 0.456869 0.905805 0.464908 0.868683 0.451979 0.859835 0.44394 0.896957
0 0.429585 0.977008 0.43749 0.94636 0.426094 0.937071 0.418189 0.96772
0 0.479317 1.00738 0.482218 0.972885 0.460903 0.967221 0.458002 1.00172
0 0.2016 0.82321 0.20483 0.798524 0.192137 0.793275 0.188906 0.81796
0 0.425501 0.781813 0.435721 0.749383 0.424595 0.738301 0.414375 0.770732
0 0.0142119 1.00446 0.0197196 0.971252 0.00217227 0.962053 -0.00333549 0.995258
0 0.0802363 0.330836 0.0755014 0.284139 0.0518719 0.291711 0.0566068 0.338408
0 0.550209 0.792742 0.55332 0.772618 0.537713 0.764993 0.534602 0.785117
0 0.522638 0.842536 0.524503 0.806642 0.50653 0.803689 0.504664 0.839583
0 0.822264 0.704434 0.820552 0.653361 0.797297 0.655824 0.799008 0.706897
0 0.931546 0.709579 0.941347 0.685717 0.925407 0.665025 0.915606 0.688887
0 0.0493043 0.852843 0.0524355 0.824239 0.0297817 0.816401 0.0266505 0.845006
0 0.257098 0.940616 0.26575 0.910399 0.253289 0.899122 0.244637 0.929339
0 0.15377 1.01285 0.168969 0.994081 0.161006 0.973694 0.145806 0.992457
0 0.143337 0.982842 0.156746 0.958106 0.143229 0.934947 0.12982 0.959683
0 0.184911 1.00045 0.202338 0.983663 0.196207 0.963545 0.17878 0.98033
0 0.0744141 0.774498 0.0791214 0.7527 0.0661863 0.743871 0.0614789 0.765669
0 0.102274 0.795678 0.10857 0.760952 0.0908283 0.750786 0.0845328 0.785513
0 0.0902246 0.770021 0.0928574 0.749774 0.0791466 0.744139 0.0765139 0.764386
0 0.318164 0.948133 0.320128 0.898019 0.289665 0.894247 0.287702 0.944361
0 0.235871 0.938367 0.24008 0.911654 0.22633 0.904806 0.222121 0.93152
0 0.0217048 0.663126 0.0698159 0.638335 0.0604487 0.580881 0.0123376 0.605671
0 0.617218 0.764008 0.637824 0.746147 0.620763 0.683941 0.600157 0.701802
0 0.533809 0.792058 0.535378 0.771958 0.522692 0.768828 0.521123 0.788928
0 0.798412 0.700201 0.800936 0.668533 0.78039 0.663358 0.777867 0.695027
0 0.559456 0.809711 0.562689 0.788805 0.550794 0.782991 0.547561 0.803897
0 0.604739 0.935139 0.618843 0.899468 0.594506 0.869057 0.580402 0.904729
0 0.44351 0.896084 0.448364 0.874892 0.437224 0.866827 0.43237 0.888019
0 0.603394 0.986963 0.604215 0.954065 0.592009 0.953102 0.591188 0.986
0 0.459628 0.987044 0.464634 0.961844 0.454315 0.955366 0.44931 0.980567
0 0.757989 0.708376 0.765975 0.676278 0.747593 0.661825 0.739607 0.693923
0 0.490871 1.00494 0.499419 0.972974 0.486988 0.962468 0.47844 0.994431
0 0.839546 0.599964 0.851418 0.577339 0.83577 0.551389 0.823899 0.574014
0 0.300734 1.01117 0.313534 0.982232 0.300856 0.96451 0.288056 0.993451
0 0.780763 0.785224 0.798148 0.726665 0.742194 0.674162 0.724808 0.732722
0 0.214187 0.925289 0.215604 0.904499 0.204448 0.902096 0.203031 0.922886
0 0.47446 0.863331 0.479995 0.839759 0.468644 0.831335 0.463109 0.854907
0 0.0819302 0.681597 0.0855531 0.658286 0.0754586 0.653327 0.0718356 0.676639
0 0.580162 0.738945 0.5915 0.711542 0.570917 0.684624 0.559578 0.712028
0 0.486051 0.863121 0.491179 0.842442 0.47644 0.83089 0.471312 0.851569
0 0.289122 0.725619 0.293867 0.681801 0.271268 0.674067 0.266523 0.717885
0 0.219924 0.901614 0.221627 0.882481 0.211316 0.879581 0.209613 0.898714
0 0.785042 0.723143 0.792653 0.699564 0.773922 0.680455 0.766311 0.704035
0 0.450946 0.98391 0.454433 0.959273 0.441043 0.953284 0.437556 0.977921
0 0.582828 0.577644 0.576508 0.544952 0.551454 0.56026 0.557774 0.592952
0 0.17008 0.998634 0.178233 0.979228 0.169767 0.967986 0.161613 0.987391
0 0.824501 0.620556 0.823407 0.594505 0.803467 0.59715 0.80456 0.623202
0 0.272495 0.949112 0.278131 0.92864 0.268274 0.920063 0.262638 0.940535
0 0.800461 0.716496 0.80288 0.69531 0.78945 0.690465 0.787032 0.71165
0 0.193602 0.843923 0.19751 0.820978 0.183848 0.813624 0.17994 0.836569
0 0.436915 0.137955 0.443782 0.0923748 0.408838 0.0757384 0.401972 0.121319
0 0.770887 0.650285 0.774824 0.630868 0.761877 0.622571 0.75794 0.641988
0 0.562714 0.872465 0.564067 0.841675 0.548298 0.839485 0.546946 0.870276
0 0.161611 0.97106 0.170076 0.945807 0.160983 0.936173 0.152518 0.961426
0 0.459838 0.857692 0.46428 0.83446 0.452994 0.827639 0.448551 0.850872
0 0.77679 0.560626 0.778887 0.536151 0.763858 0.53208 0.76176 0.556556
0 0.0323946 0.882031 0.037863 0.840874 0.0160327 0.831707 0.0105642 0.872864
0 0.131892 0.993553 0.143528 0.967942 0.133983 0.954238 0.122348 0.979848
0 0.305418 0.975058 0.32815 0.947438 0.319999 0.926233 0.297266 0.953854
0 0.111587 0.980916 0.123684 0.960289 0.116011 0.946067 0.103914 0.966693
0 0.0714312 0.671956 0.0742133 0.650758 0.0627881 0.646019 0.060006 0.667216
0 0.471171 0.971489 0.476811 0.940326 0.465355 0.933773 0.459715 0.964936
0 0.608531 0.886112 0.612025 0.862227 0.601126 0.857189 0.597632 0.881074
0 0.136925 0.924168 0.14107 0.905803 0.131383 0.898894 0.127238 0.917259
0 0.165134 0.742047 0.165919 0.719459 0.151904 0.717919 0.151119 0.740507
0 0.628646 1.01997 0.767493 0.787929 0.722841 0.703485 0.583994 0.935523
0 0.337558 0.95729 0.350303 0.927326 0.339908 0.913352 0.327163 0.943316
0 0.0481376 0.810394 0.0561441 0.790075 0.04673 0.778351 0.0387235 0.79867
0 0.813361 0.741615 0.818798 0.715831 0.79991 0.703244 0.794473 0.729029
0 0.836722 0.503358 0.83871 0.478235 0.82061 0.473708 0.818622 0.498831
0 0.402773 0.999861 0.417136 0.978784 0.409761 0.9629 0.395398 0.983977
0 0.219912 1.00212 0.238158 0.977506 0.231401 0.961673 0.213155 0.986284
0 0.569587 0.767165 0.581066 0.731549 0.564373 0.714544 0.552893 0.75016
0 0.00759037 0.98361 0.02379 0.950263 0.00963002 0.928523 -0.00656958 0.96187
0 0.39254 0.788216 0.389733 0.75229 0.364917 0.758419 0.367725 0.794344
0 0.194512 0.904513 0.199581 0.879494 0.190506 0.873682 0.185436 0.898701
0 0.540392 0.844385 0.545336 0.826491 0.535621 0.818005 0.530676 0.835899
0 0.448893 0.650168 0.453092 0.625448 0.436946 0.61678 0.432747 0.6415
0 0.595461 0.976882 0.596761 0.943934 0.581434 0.942023 0.580134 0.974971
0 0.330449 0.876327 0.333577 0.832012 0.310948 0.826966 0.307821 0.87128
0 0.220506 0.940451 0.226073 0.917151 0.216405 0.909849 0.210837 0.93315
0 0.418985 0.768329 0.423436 0.746558 0.415506 0.741434 0.411055 0.763205
0 0.420224 0.715354 0.427806 0.687252 0.415958 0.677149 0.408376 0.705251
0 0.490162 0.79478 0.491532 0.777003 0.478497 0.77383 0.477128 0.791607
0 0.0482496 0.75556 0.0621056 0.73598 0.0543235 0.718575 0.0404675 0.738156
0 0.208331 0.967079 0.21644 0.948691 0.209197 0.938594 0.201087 0.956982
0 0.807687 0.510432 0.839363 0.471212 0.825068 0.434724 0.793392 0.473944
0 0.185489 0.926819 0.18882 0.907392 0.180122 0.90268 0.176792 0.922107
0 0.391145 0.84692 0.404614 0.784521 0.376542 0.76537 0.363073 0.827769
0 0.409149 0.662926 0.419143 0.632548 0.408748 0.621741 0.398755 0.652119
0 0.569046 0.806784 0.572575 0.786894 0.561651 0.78077 0.558123 0.80066
0 0.0451375 0.764294 0.0559948 0.742369 0.0479208 0.729732 0.0370635 0.751657
0 0.483942 0.683719 0.499878 0.603827 0.463892 0.58114 0.447956 0.661032
0 0.281852 1.00357 0.282571 0.980885 0.264905 0.979117 0.264186 1.0018
0 0.370202 0.710103 0.372886 0.688421 0.361034 0.683784 0.35835 0.705466
0 0.731967 1.04422 0.764041 0.958473 0.69565 0.877626 0.663576 0.963376
0 0.430394 0.737609 0.431856 0.71547 0.419015 0.712789 0.417552 0.734928
0 0.646935 0.751786 0.66437 0.699362 0.643204 0.677114 0.625769 0.729538
0 0.259744 0.965348 0.2671 0.946301 0.258439 0.935729 0.251083 0.954776
0 0.0670385 0.727687 0.069918 0.709 0.0545743 0.701528 0.0516948 0.720215
0 0.544903 0.570307 0.551985 0.538937 0.533855 0.526003 0.526773 0.557373
0 0.170933 0.125014 0.187559 0.11558 0.164827 -0.0110214 0.148201 -0.00158671
0 0.599052 0.874176 0.604888 0.854595 0.588331 0.838999 0.582494 0.85858
0 0.288256 0.985933 0.290952 0.966669 0.279735 0.961707 0.277038 0.980971
0 0.564589 0.996762 0.572079 0.968185 0.558813 0.957194 0.551322 0.985771
0 0.248981 0.952216 0.254629 0.93326 0.244847 0.924048 0.239199 0.943003
0 0.359372 0.395533 0.361784 0.370217 0.346873 0.365727 0.344461 0.391042
0 0.0765389 0.631368 0.0891791 0.596649 0.0737642 0.578912 0.061124 0.613632
0 0.268439 0.928077 0.278495 0.907653 0.270441 0.895121 0.260385 0.915545
0 0.0538891 0.939021 0.0625427 0.909673 0.0474556 0.895614 0.0388021 0.924961
0 0.0369602 0.199007 0.0383865 0.111299 -0.010701 0.108776 -0.0121274 0.196484
0 0.249787 0.98709 0.254712 0.966301 0.245674 0.959534 0.240749 0.980323
0 0.181661 0.988923 0.193337 0.970261 0.185973 0.9557 0.174297 0.974362
0 0.790328 0.659955 0.791689 0.639001 0.777436 0.636074 0.776075 0.657028
0 0.00715323 0.925098 0.0248243 0.889968 0.0102221 0.866754 -0.00744892 0.901883
0 0.465921 0.847143 0.473152 0.821253 0.462359 0.811727 0.455129 0.837618
0 0.447577 0.95601 0.45616 0.927662 0.445953 0.917896 0.43737 0.946244
0 0.348511 0.716731 0.349638 0.695911 0.337041 0.693756 0.335914 0.714576
0 0.307103 0.899411 0.312875 0.86266 0.296315 0.85444 0.290542 0.89119
0 0.437829 0.791112 0.442326 0.765532 0.431364 0.759441 0.426867 0.785021
0 0.386206 0.420043 0.393274 0.387308 0.376142 0.375616 0.369074 0.408351
0 0.342126 0.105034 0.34088 0.0647431 0.315622 0.0672122 0.316868 0.107503
0 0.502302 0.793279 0.504413 0.774503 0.49174 0.769999 0.489629 0.788775
0 0.21434 0.973463 0.223952 0.951148 0.215613 0.939796 0.206001 0.962111
0 0.156373 0.945845 0.161119 0.928977 0.153414 0.922127 0.148668 0.938995
0 0.829832 0.687088 0.831677 0.656646 0.817644 0.653958 0.8158 0.6844
0 0.586166 0.897793 0.594802 0.865479 0.578305 0.851545 0.569669 0.883858
0 0.516809 0.367114 0.521751 0.338659 0.496652 0.324883 0.491711 0.353339
0 0.0981342 0.679837 0.100897 0.661963 0.0917269 0.657483 0.0889638 0.675356
0 0.510264 1.00707 0.518858 0.977701 0.503053 0.963083 0.494459 0.99245
0 0.632369 0.592911 0.634112 0.562848 0.615271 0.559396 0.613528 0.589459
0 0.506522 0.773728 0.508952 0.750555 0.498849 0.747207 0.496419 0.770379
0 0.6137 0.805793 0.61575 0.757322 0.595355 0.754596 0.593305 0.803066
0 0.0199873 0.0579509 0.020505 -0.0073672 -0.00546458 -0.00801762 -0.0059822 0.0573005
0 0.583144 0.83734 0.597461 0.811858 0.577275 0.776014 0.562958 0.801497
0 0.58946 0.937189 0.593316 0.899073 0.576922 0.893832 0.573067 0.931948
0 0.315365 0.416055 0.322995 0.371524 0.290875 0.35413 0.283245 0.398661
0 0.525797 0.770594 0.528032 0.753802 0.517345 0.749307 0.51511 0.7661
0 0.0107494 0.917717 0.0346974 0.862654 0.0108008 0.829807 -0.0131472 0.884869
0 0.268232 0.840878 0.270374 0.824142 0.259792 0.819862 0.25765 0.836598
0 0.409319 0.806647 0.412385 0.782602 0.400877 0.777965 0.397812 0.802011
0 0.318964 0.841472 0.342636 0.818571 0.335012 0.793662 0.31134 0.816563
0 0.183343 0.941184 0.186715 0.922594 0.178284 0.91776 0.174912 0.93635
0 0.0635667 0.791055 0.0666599 0.769751 0.055007 0.764404 0.0519139 0.785708
0 0.440579 0.718972 0.442927 0.693965 0.430802 0.690366 0.428454 0.715373
0 0.557185 1.00463 0.557543 0.977217 0.535826 0.976318 0.535467 1.00373
0 0.888238 0.695837 0.893764 0.674125 0.876232 0.660023 0.870706 0.681735
0 0.261992 0.88113 0.266798 0.855287 0.257573 0.849865 0.252767 0.875708
