0 0.384901 0.589349 0.38607 0.537816 0.356854 0.535721 0.355685 0.587254
0 0.335939 0.985337 0.333355 0.873659 0.26613 0.878577 0.268715 0.990254
0 0.988374 1.07519 1.02373 0.859412 0.798938 0.743021 0.763587 0.958799
0 0.228162 0.973233 0.258243 0.920687 0.240371 0.88835 0.210289 0.940896
0 0.274544 0.919278 0.281374 0.84898 0.252624 0.840153 0.245794 0.91045
0 0.822547 0.662095 0.823109 0.601009 0.788734 0.60001 0.788172 0.661096
0 0.354475 0.918775 0.356431 0.879737 0.334964 0.876339 0.333008 0.915377
0 0.265238 0.991832 0.284646 0.955644 0.269876 0.930609 0.250468 0.966797
0 0.484973 0.994487 0.493666 0.929671 0.456752 0.914024 0.448059 0.97884
0 0.271174 0.951427 0.271096 0.911406 0.248069 0.911547 0.248146 0.951568
0 0.390452 0.993984 0.426632 0.93068 0.397387 0.877854 0.361206 0.941158
0 0.414129 1.00849 0.463362 0.993943 0.450799 0.85954 0.401567 0.874084
0 0.276212 0.795124 0.267333 0.754852 0.237276 0.775797 0.246155 0.816069
0 0.233809 0.984712 0.257876 0.955398 0.248197 0.930281 0.224129 0.959595
0 0.445036 0.819087 0.44748 0.788597 0.431698 0.784599 0.429255 0.815089
0 0.373597 1.00933 0.384489 0.971203 0.370118 0.958229 0.359226 0.996359
0 0.244114 1.00657 0.259984 0.976019 0.249455 0.958734 0.233584 0.989289
0 0.364839 0.913524 0.367628 0.885257 0.352859 0.880652 0.350071 0.908919
0 0.777288 0.545749 0.775426 0.500324 0.738583 0.505097 0.740445 0.550522
0 0.869248 0.731604 0.877073 0.704613 0.859933 0.68891 0.852109 0.715901
0 0.347331 0.705205 0.368051 0.688206 0.3621 0.665284 0.341381 0.682283
0 0.316169 1.01642 0.342955 0.98126 0.329464 0.948779 0.302678 0.983942
0 0.344155 0.899651 0.341061 0.84711 0.30596 0.853643 0.309054 0.906184
0 0.409965 0.863278 0.41577 0.822991 0.395556 0.813785 0.38975 0.854072
0 0.501106 0.395828 0.507294 0.33581 0.476099 0.325645 0.469911 0.385663
0 0.244495 0.90904 0.241037 0.858656 0.211044 0.865163 0.214503 0.915547
0 0.772231 1.03995 0.82668 0.958687 0.747518 0.791045 0.693069 0.872305
0 0.583957 1.01089 0.59018 0.95809 0.5652 0.948785 0.558977 1.00158
0 0.765722 0.636422 0.763881 0.613938 0.743433 0.619231 0.745275 0.641715
0 0.470527 0.930628 0.480548 0.902476 0.46851 0.888933 0.458489 0.917086
0 0.233481 0.879925 0.258505 0.855173 0.250482 0.829538 0.225458 0.854291
0 0.291027 0.834445 0.315509 0.80329 0.304094 0.774941 0.279612 0.806095
0 0.474045 0.866816 0.478703 0.839246 0.463494 0.831125 0.458836 0.858695
0 0.706467 0.723912 0.713822 0.700705 0.697476 0.684332 0.690121 0.707539
0 0.507923 0.980782 0.511197 0.9422 0.495739 0.938055 0.492465 0.976636
0 0.732533 0.726566 0.73974 0.685721 0.721224 0.675396 0.714018 0.716241
0 0.337399 0.685576 0.349766 0.657903 0.339779 0.6438 0.327413 0.671473
0 0.357632 0.763616 0.358651 0.74094 0.34514 0.739022 0.344121 0.761697
0 0.284287 0.776271 0.290059 0.738997 0.27156 0.729944 0.265788 0.767217
0 0.372204 0.942631 0.382374 0.909467 0.370048 0.897522 0.359879 0.930686
0 0.443615 0.843905 0.444875 0.817973 0.431032 0.815848 0.429773 0.84178
0 0.752321 0.733555 0.756763 0.681026 0.737077 0.675763 0.732634 0.728293
0 0.479718 1.00324 0.47764 0.973118 0.453984 0.978276 0.456062 1.0084
0 0.414515 0.995099 0.414946 0.948874 0.385724 0.948011 0.385292 0.994237
0 0.78251 0.614871 0.790662 0.591378 0.774188 0.57331 0.766036 0.596803
0 0.372386 0.763123 0.377369 0.743115 0.365705 0.733933 0.360722 0.753941
0 0.357729 0.876868 0.368242 0.824994 0.34927 0.812841 0.338757 0.864716
0 0.157744 0.997184 0.168309 0.956782 0.155366 0.946086 0.144801 0.986488
0 0.481725 0.806056 0.482723 0.783697 0.464347 0.781104 0.463348 0.803463
0 0.717263 0.751437 0.727018 0.726314 0.709743 0.705115 0.699988 0.730237
0 0.517912 0.980048 0.537172 0.959156 0.518777 0.90556 0.499517 0.926452
0 0.539728 0.99976 0.537073 0.963967 0.506263 0.971187 0.508917 1.00698
0 0.262667 0.747147 0.264522 0.726605 0.2526 0.723204 0.250746 0.743746
0 0.332249 0.856213 0.349738 0.8321 0.341524 0.813272 0.324035 0.837384
0 0.433695 0.710278 0.439969 0.68892 0.427423 0.677272 0.421149 0.698631
0 0.414469 0.134232 0.417075 0.0853578 0.381755 0.079405 0.379148 0.128279
0 0.483861 0.908779 0.489394 0.884604 0.475897 0.87484 0.470364 0.899016
0 0.560503 1.00494 0.567641 0.958085 0.544261 0.946828 0.537123 0.99368
0 0.207124 0.863529 0.214141 0.83647 0.205185 0.829129 0.198167 0.856187
0 0.483267 0.843932 0.488177 0.821517 0.476881 0.813698 0.471971 0.836112
0 0.692147 0.73211 0.699096 0.696201 0.681402 0.685378 0.674452 0.721287
0 0.996121 0.740205 0.98995 0.693608 0.956294 0.707693 0.962464 0.75429
0 0.372402 0.72274 0.377252 0.70583 0.364739 0.694486 0.359889 0.711395
0 0.507221 0.105158 0.511635 0.0448906 0.492741 0.0405168 0.488327 0.100784
0 0.781057 0.516643 0.782764 0.489404 0.765199 0.485924 0.763492 0.513163
0 0.423258 0.853955 0.430976 0.831125 0.420017 0.819416 0.412299 0.842247
0 0.763865 0.510709 0.765727 0.483285 0.742432 0.478286 0.74057 0.50571
0 0.492778 1.01115 0.508013 0.988077 0.496956 0.964997 0.481721 0.988066
0 0.0906024 0.32941 0.0883321 0.283826 0.0648521 0.287522 0.0671224 0.333106
0 0.224802 0.991723 0.224501 0.940298 0.190678 0.940924 0.190979 0.99235
0 0.444879 0.891104 0.454723 0.868852 0.43572 0.842282 0.425876 0.864535
0 0.367305 0.742827 0.369527 0.719386 0.354072 0.714754 0.351849 0.738196
0 0.273831 0.855623 0.290109 0.810326 0.27367 0.791656 0.257393 0.836953
0 0.371576 0.788776 0.372363 0.759866 0.355658 0.75843 0.354871 0.78734
0 0.375807 0.856326 0.38261 0.829135 0.368923 0.818314 0.362121 0.845504
0 0.338784 0.772237 0.34103 0.750575 0.330741 0.747204 0.328496 0.768866
0 0.710156 0.803395 0.726009 0.74882 0.673966 0.701041 0.658113 0.755617
0 0.214823 0.944275 0.221419 0.903467 0.203616 0.894374 0.197021 0.935182
0 0.730611 0.794131 0.743097 0.766487 0.720333 0.733994 0.707847 0.761638
0 0.415759 0.893672 0.429742 0.85476 0.413849 0.83671 0.399866 0.875622
0 0.821616 0.719082 0.827854 0.703528 0.812765 0.684403 0.806528 0.699957
0 0.372493 0.809876 0.376636 0.794146 0.36518 0.78461 0.361037 0.800339
0 0.445972 0.641107 0.449656 0.608158 0.435001 0.60298 0.431318 0.635929
0 0.379283 0.706746 0.386962 0.693139 0.376788 0.674993 0.369109 0.6886
0 0.475698 0.827081 0.478087 0.802596 0.465021 0.798567 0.462632 0.823051
0 0.0334323 0.990061 0.0358053 0.96774 0.0232014 0.963505 0.0208284 0.985826
0 0.329818 0.761729 0.331808 0.737546 0.311976 0.732388 0.309986 0.756571
0 0.736038 0.741584 0.73943 0.722055 0.726372 0.714887 0.72298 0.734416
0 0.88341 0.745622 0.890724 0.726366 0.876959 0.70984 0.869644 0.729096
0 0.497026 0.891146 0.497528 0.85547 0.482009 0.854781 0.481507 0.890457
0 0.829313 0.609303 0.829222 0.580129 0.810766 0.580312 0.810857 0.609486
0 0.502113 0.565852 0.505452 0.523703 0.48144 0.517691 0.478101 0.559839
0 0.603559 0.895271 0.604485 0.872371 0.58752 0.870203 0.586594 0.893102
0 0.787239 0.576341 0.790907 0.55857 0.776804 0.549371 0.773137 0.567142
0 0.354976 0.382719 0.355519 0.348158 0.33685 0.347231 0.336307 0.381792
0 0.176999 0.994421 0.179697 0.971861 0.166429 0.966845 0.16373 0.989405
0 0.570748 0.907715 0.572205 0.875392 0.5572 0.873255 0.555743 0.905578
0 0.202348 0.76049 0.212302 0.710999 0.190498 0.697139 0.180544 0.74663
0 0.698162 0.548995 0.701392 0.530289 0.687095 0.522485 0.683864 0.541191
0 0.445751 0.861363 0.446863 0.839785 0.431323 0.837253 0.430211 0.858831
0 0.213193 1.01283 0.235531 0.997157 0.230208 0.973182 0.20787 0.988857
0 0.783769 0.483613 0.778633 0.446975 0.749346 0.459952 0.754482 0.49659
0 0.769107 0.673186 0.774724 0.638279 0.758714 0.630136 0.753097 0.665044
0 0.360052 1.00849 0.371965 0.976237 0.359425 0.961597 0.347512 0.993847
0 0.146884 0.972063 0.15349 0.94886 0.144273 0.940565 0.137667 0.963768
0 0.0750709 0.955707 0.0872214 0.932808 0.0800555 0.920791 0.067905 0.94369
0 0.431082 0.830686 0.432378 0.805992 0.419059 0.803782 0.417763 0.828476
0 0.0696585 0.967146 0.0834351 0.942928 0.0762505 0.930011 0.0624739 0.954229
0 0.365418 0.890467 0.370651 0.872513 0.359999 0.862699 0.354765 0.880654
0 0.348421 0.816185 0.355139 0.781491 0.341973 0.773433 0.335255 0.808127
0 0.381851 0.831728 0.386362 0.811649 0.372567 0.801852 0.368055 0.821931
0 0.157061 0.926288 0.161528 0.905045 0.153392 0.899638 0.148925 0.920881
0 0.131346 1.01429 0.146937 0.992656 0.136952 0.969918 0.121361 0.991556
0 0.0954504 0.952759 0.106691 0.921915 0.0945326 0.90791 0.0832917 0.938754
0 0.208483 0.807779 0.214405 0.785392 0.206043 0.778401 0.200121 0.800788
0 0.184042 0.13117 0.200605 0.121776 0.17816 -0.00330624 0.161597 0.00608732
0 0.71412 0.577361 0.718297 0.552826 0.704338 0.545315 0.700161 0.569849
0 0.3505 0.74063 0.354563 0.717737 0.343497 0.711529 0.339433 0.734422
0 0.435956 0.61212 0.4465 0.589874 0.437148 0.575866 0.426605 0.598112
0 0.39835 0.695358 0.402166 0.660209 0.390174 0.656094 0.386358 0.691243
0 0.723771 0.633969 0.730831 0.610786 0.713385 0.593996 0.706325 0.617179
0 0.633871 1.01601 0.760967 0.820484 0.720314 0.736968 0.593218 0.932497
0 0.41863 0.729113 0.42542 0.703988 0.415873 0.695834 0.409083 0.720958
0 0.373126 0.875487 0.379441 0.855727 0.370745 0.846944 0.36443 0.866704
0 0.492414 0.796388 0.50942 0.771692 0.498597 0.748137 0.481591 0.772833
0 0.547308 0.891404 0.548526 0.864123 0.53422 0.862105 0.533002 0.889386
0 0.572551 0.779891 0.594993 0.730013 0.577287 0.704834 0.554845 0.754711
0 0.467231 0.907085 0.474053 0.879122 0.460836 0.868932 0.454014 0.896895
0 0.187773 1.00471 0.188667 0.982637 0.174989 0.980885 0.174094 1.00296
0 0.58491 0.933467 0.590068 0.906931 0.578991 0.900126 0.573833 0.926662
0 0.88894 0.527078 0.889564 0.502589 0.876261 0.501518 0.875637 0.526007
0 0.399643 0.894978 0.400791 0.87513 0.38758 0.872715 0.386432 0.892563
0 0.813739 0.601346 0.813916 0.575053 0.79562 0.574662 0.795443 0.600955
0 0.141277 0.933879 0.148149 0.912755 0.139544 0.903908 0.132672 0.925032
0 0.218225 0.547807 0.226151 0.519555 0.205089 0.500881 0.197163 0.529134
0 0.829231 0.685101 0.849382 0.652519 0.835597 0.625574 0.815446 0.658156
0 0.86817 0.462878 0.88164 0.435053 0.860917 0.403346 0.847447 0.431171
0 0.288233 0.878676 0.291725 0.859684 0.278078 0.851753 0.274586 0.870745
0 0.721247 0.666166 0.72367 0.646129 0.707161 0.63982 0.704738 0.659858
0 0.170792 1.00451 0.172383 0.984341 0.158016 0.980758 0.156425 1.00092
0 0.494992 0.882832 0.496661 0.849032 0.479022 0.846279 0.477353 0.880078
0 0.489111 0.615117 0.517147 0.591748 0.508754 0.559924 0.480718 0.583293
0 0.565428 0.833997 0.567908 0.810761 0.554914 0.806379 0.552434 0.829615
0 0.0375587 0.0856122 0.0321028 -0.0219216 -0.0106233 -0.0150703 -0.00516739 0.0924635
0 0.74017 0.617846 0.742101 0.59544 0.724608 0.590672 0.722676 0.613079
0 0.462455 0.826249 0.463503 0.805647 0.450793 0.803604 0.449745 0.824205
0 0.788132 0.529454 0.790789 0.509736 0.779082 0.50475 0.776425 0.524469
0 0.359015 0.938875 0.363252 0.915419 0.351633 0.908786 0.347396 0.932242
0 0.564925 0.881684 0.566399 0.8314 0.53997 0.828952 0.538497 0.879237
0 0.510982 0.872172 0.523177 0.835303 0.499257 0.810297 0.487062 0.847167
0 0.51875 0.910068 0.525132 0.891592 0.510635 0.875764 0.504253 0.89424
0 0.0681431 0.29513 0.0731813 0.256938 0.0473773 0.24618 0.0423391 0.284372
0 0.78845 0.506686 0.806899 0.490232 0.801599 0.471452 0.78315 0.487906
0 0.138511 1.0045 0.139919 0.981708 0.122 0.978208 0.120592 1.001
0 0.43376 0.633601 0.438375 0.604617 0.426527 0.598655 0.421912 0.627639
0 0.337477 0.823615 0.342603 0.798676 0.329603 0.790229 0.324476 0.815168
0 0.726707 0.679597 0.727703 0.658582 0.712717 0.656337 0.711721 0.677352
0 0.704663 0.677181 0.705463 0.652787 0.692279 0.651419 0.691479 0.675813
0 0.598853 1.00618 0.603847 0.979381 0.586784 0.969332 0.581791 0.99613
0 0.415993 0.833531 0.417413 0.809509 0.403725 0.806952 0.402305 0.830974
0 0.571633 0.959213 0.572762 0.928869 0.556906 0.927004 0.555777 0.957348
0 0.414285 0.68989 0.419331 0.658885 0.405319 0.651678 0.400273 0.682683
0 0.0649988 0.668289 0.0630705 0.644561 0.045888 0.648975 0.0478163 0.672702
0 0.295648 0.736334 0.296295 0.715625 0.283055 0.714318 0.282408 0.735027
0 0.786712 0.652964 0.788168 0.626906 0.776125 0.624779 0.774669 0.650838
0 0.112549 0.932114 0.12653 0.915258 0.120444 0.899305 0.106463 0.916161
0 0.655586 0.373745 0.660726 0.32072 0.631658 0.311815 0.626518 0.36484
