0 0.993113 0.968497 1.00652 0.852537 0.802404 0.777949 0.788997 0.893909
0 0.0700418 0.939594 0.0823495 0.918202 0.0654353 0.887446 0.0531276 0.908838
0 0.213065 0.894661 0.216729 0.850704 0.193413 0.844563 0.18975 0.888519
0 0.0335057 0.954727 0.0479361 0.902183 0.0272215 0.884203 0.0127912 0.936747
0 0.462441 0.845396 0.485749 0.744831 0.438713 0.710377 0.415405 0.810941
0 0.792882 0.601371 0.79849 0.539039 0.762419 0.528783 0.756812 0.591115
0 0.683657 0.428137 0.685533 0.397818 0.670333 0.394847 0.668457 0.425165
0 0.194548 0.902799 0.197568 0.874182 0.181039 0.86867 0.17802 0.897286
0 0.640896 0.557143 0.65636 0.522933 0.643947 0.505199 0.628483 0.539408
0 0.787178 0.517136 0.791974 0.483971 0.773342 0.475456 0.768546 0.508621
0 0.748854 0.677542 0.767448 0.642504 0.752208 0.616942 0.733613 0.651979
0 0.0259429 0.917318 0.0473154 0.867179 0.0238302 0.835539 0.00245767 0.885678
0 0.528522 0.831377 0.541602 0.794154 0.526414 0.777287 0.513334 0.81451
0 0.2136 0.787028 0.215708 0.765164 0.201974 0.760979 0.199866 0.782843
0 0.588487 0.623044 0.589552 0.589195 0.574477 0.587697 0.573413 0.621545
0 0.155739 0.984088 0.183339 0.955655 0.172959 0.923808 0.145358 0.952241
0 0.831291 0.807874 0.839546 0.698677 0.739763 0.674835 0.731508 0.784033
0 0.133919 0.876905 0.157108 0.846744 0.144803 0.816845 0.121614 0.847007
0 0.606447 0.656941 0.613718 0.624981 0.601599 0.616267 0.594328 0.648227
0 0.206614 0.834755 0.210211 0.804779 0.187309 0.796094 0.183712 0.82607
0 0.010102 1.01254 0.0557348 0.979057 0.0463666 0.938701 0.000733737 0.972182
0 0.664554 0.583337 0.675029 0.561927 0.665489 0.547176 0.655014 0.568587
0 0.148462 0.895471 0.151921 0.869547 0.128636 0.859729 0.125178 0.885654
0 0.0439851 0.894843 0.0743586 0.872208 0.0673148 0.842334 0.0369412 0.864969
0 0.810767 0.640966 0.811996 0.581448 0.780121 0.579368 0.778892 0.638885
0 0.906056 0.584566 0.914281 0.553858 0.895136 0.53765 0.88691 0.568358
0 0.660513 0.501054 0.669365 0.471281 0.655557 0.458307 0.646706 0.48808
0 0.0673491 0.990161 0.0872925 0.958978 0.0724911 0.92906 0.0525477 0.960243
0 0.258819 0.82943 0.268203 0.793923 0.254834 0.782756 0.24545 0.818263
0 0.907647 0.485538 0.911117 0.42907 0.882303 0.423473 0.878833 0.479942
0 0.568641 0.623057 0.574063 0.596849 0.562927 0.589567 0.557505 0.615775
0 0.034037 0.81331 0.0665848 0.802212 0.063033 0.769289 0.0304852 0.780386
0 0.0948845 0.335123 0.112837 0.321056 0.100727 0.272211 0.0827745 0.286278
0 0.159788 0.844742 0.170462 0.824976 0.153697 0.796359 0.143022 0.816125
0 0.873175 0.414714 0.878521 0.3903 0.863312 0.379773 0.857966 0.404187
0 0.688764 0.456908 0.690907 0.438965 0.679802 0.434773 0.677658 0.452716
0 0.0878757 0.980317 0.105975 0.94502 0.0943757 0.926223 0.0762766 0.961519
0 0.0257078 0.85213 0.0330451 0.818444 0.0175302 0.807764 0.0101929 0.841449
0 0.890106 0.690781 0.903915 0.676394 0.891917 0.639996 0.878107 0.654384
0 0.162844 0.858217 0.165962 0.838081 0.153291 0.831881 0.150173 0.852017
0 0.940479 0.416651 0.943403 0.39599 0.930106 0.390042 0.927182 0.410704
0 0.69728 0.436293 0.698917 0.41399 0.685051 0.410772 0.683414 0.433075
0 0.583595 0.218478 0.580594 0.163224 0.547194 0.168957 0.550195 0.224211
0 0.834342 0.401674 0.834884 0.369617 0.813496 0.368475 0.812954 0.400532
0 0.213277 0.847542 0.230302 0.837021 0.220296 0.785848 0.203272 0.796369
0 0.79502 0.552584 0.80387 0.530875 0.780823 0.50118 0.771972 0.522889
0 0.153815 0.944777 0.155966 0.910654 0.136818 0.906839 0.134667 0.940962
0 0.501035 0.902359 0.510331 0.873494 0.491057 0.853875 0.481761 0.88274
0 0.591409 0.770555 0.605079 0.747464 0.597225 0.732769 0.583555 0.755861
0 0.0781063 1.01159 0.0908198 0.983605 0.0788739 0.966453 0.0661604 0.994437
0 0.874152 0.654046 0.880257 0.633469 0.864291 0.618497 0.858185 0.639073
0 0.0860384 0.922822 0.0916298 0.895694 0.0787982 0.887335 0.0732067 0.914463
0 0.657707 0.565583 0.673055 0.533119 0.660501 0.51436 0.645153 0.546824
0 0.0961063 0.999088 0.117133 0.965492 0.105363 0.942211 0.0843366 0.975807
0 0.683382 0.47772 0.686337 0.45676 0.673977 0.451253 0.671022 0.472213
0 0.77076 0.618101 0.77552 0.601869 0.763611 0.590833 0.758852 0.607065
0 0.747002 0.508224 0.75051 0.485757 0.737325 0.47925 0.733817 0.501717
0 0.81832 0.364971 0.821745 0.343847 0.809438 0.337543 0.806014 0.358667
0 0.596375 0.640001 0.599538 0.617214 0.588501 0.612372 0.585338 0.635159
0 0.667613 0.41035 0.678719 0.387587 0.667304 0.369985 0.656198 0.392748
0 0.564648 0.677066 0.570246 0.652958 0.559224 0.644868 0.553626 0.668976
0 0.834361 0.647014 0.839191 0.618443 0.822892 0.609735 0.818062 0.638306
0 0.741148 0.488886 0.749781 0.474052 0.737331 0.451151 0.728698 0.465985
0 0.733017 0.59717 0.745183 0.585633 0.7349 0.551367 0.722735 0.562904
0 0.178136 0.849404 0.188776 0.809154 0.176924 0.799253 0.166285 0.839504
0 0.610418 0.619711 0.611958 0.593057 0.596925 0.590313 0.595386 0.616966
0 0.797058 0.489057 0.806541 0.460188 0.792499 0.445611 0.783016 0.47448
0 0.662855 0.525 0.666356 0.505758 0.656024 0.499817 0.652523 0.519059
0 0.510188 0.705962 0.518065 0.677598 0.508374 0.669092 0.500497 0.697456
0 0.620984 0.593654 0.624288 0.571998 0.614989 0.567513 0.611684 0.589169
0 0.614111 0.729815 0.623631 0.717912 0.612738 0.690374 0.603217 0.702278
0 0.815148 0.480753 0.825783 0.46215 0.805875 0.42618 0.79524 0.444783
0 0.756943 0.441842 0.763736 0.409367 0.738959 0.392988 0.732166 0.425463
0 0.426822 0.72981 0.431431 0.698381 0.416019 0.691238 0.41141 0.722667
0 0.0693759 0.849091 0.0700979 0.819816 0.0516188 0.818375 0.0508967 0.847651
0 0.968349 0.416178 0.969368 0.384749 0.944059 0.382155 0.94304 0.413584
0 0.123223 0.850326 0.123589 0.823266 0.106386 0.82253 0.106019 0.849591
0 0.122307 0.903178 0.124055 0.880314 0.105883 0.875923 0.104135 0.898787
0 0.668777 0.660322 0.6707 0.639488 0.652931 0.634304 0.651007 0.655139
0 0.770829 0.986665 0.812595 0.897512 0.74865 0.802834 0.706884 0.891987
0 0.695921 0.413079 0.697383 0.390184 0.685469 0.387778 0.684006 0.410673
0 0.746007 0.458347 0.753934 0.440942 0.740265 0.421267 0.732338 0.438672
0 0.703072 0.729596 0.709392 0.690532 0.686725 0.678942 0.680405 0.718006
0 0.659315 0.63975 0.667026 0.6205 0.651738 0.601143 0.644026 0.620392
0 0.511139 0.875039 0.522261 0.836738 0.506344 0.822129 0.495222 0.86043
0 0.390488 0.895088 0.405658 0.855514 0.393084 0.840279 0.377913 0.879853
0 0.84306 0.667025 0.846104 0.641534 0.829821 0.635387 0.826776 0.660878
0 0.629621 0.548301 0.631338 0.520556 0.612837 0.516937 0.61112 0.544683
0 0.24058 0.841146 0.25128 0.78819 0.23096 0.775213 0.22026 0.828169
0 0.159984 1.01035 0.178353 0.986405 0.169237 0.964303 0.150869 0.988245
0 0.12495 0.870695 0.127103 0.845488 0.112473 0.841538 0.11032 0.866745
0 0.179168 0.298312 0.208331 0.277403 0.187723 0.186557 0.158559 0.207466
0 0.213167 0.666258 0.21702 0.643585 0.204867 0.637058 0.201014 0.65973
0 0.211969 0.752466 0.216865 0.729273 0.203568 0.720403 0.198672 0.743595
0 0.624816 0.521268 0.634712 0.486506 0.620157 0.47341 0.610261 0.508173
0 0.157539 0.876032 0.159259 0.853354 0.146556 0.850308 0.144836 0.872986
0 0.178597 0.913315 0.180897 0.883676 0.16182 0.878997 0.159519 0.908636
0 0.591598 0.696349 0.602397 0.671508 0.591737 0.656863 0.580939 0.681704
0 0.678464 0.525334 0.686396 0.511601 0.673783 0.488578 0.665851 0.50231
0 0.05457 0.865611 0.0568383 0.829436 0.0311326 0.824342 0.0288644 0.860516
0 0.640013 0.625379 0.645313 0.610495 0.63445 0.598269 0.62915 0.613153
0 0.709733 0.457191 0.717 0.433618 0.707432 0.424296 0.700165 0.44787
0 0.678893 0.594321 0.68246 0.570539 0.669732 0.564506 0.666165 0.588289
0 0.567149 0.595486 0.573183 0.573401 0.563736 0.565242 0.557701 0.587327
0 0.128854 0.842246 0.150468 0.815844 0.141199 0.791864 0.119586 0.818265
0 0.671957 0.461208 0.67491 0.446115 0.662978 0.438735 0.660024 0.453828
0 0.518459 0.721629 0.522299 0.695869 0.512042 0.691038 0.508203 0.716798
0 0.596182 0.570137 0.599715 0.545185 0.588853 0.540325 0.58532 0.565276
0 0.770371 0.503945 0.774615 0.480999 0.761987 0.473617 0.757743 0.496563
0 0.9214 0.544104 0.920664 0.513874 0.901142 0.515378 0.901879 0.545608
0 0.271856 0.815664 0.276796 0.795304 0.265604 0.786721 0.260664 0.80708
0 0.326681 0.462361 0.34233 0.457069 0.332389 0.364164 0.316739 0.369456
0 0.709737 0.414719 0.71155 0.395099 0.701687 0.392218 0.699874 0.411837
0 0.758826 0.485265 0.761415 0.464536 0.74999 0.460025 0.747401 0.480754
0 0.589004 0.587968 0.592078 0.566903 0.580677 0.561645 0.577603 0.58271
0 0.279113 0.801924 0.294807 0.775846 0.285951 0.759002 0.270257 0.78508
0 0.927221 0.429677 0.932506 0.408677 0.913747 0.393757 0.908462 0.414757
0 0.587388 0.651149 0.59133 0.632572 0.579478 0.624625 0.575537 0.643202
0 0.866784 0.669298 0.872538 0.649753 0.85861 0.636794 0.852856 0.656339
0 0.460758 0.969609 0.462417 0.927087 0.438129 0.924091 0.43647 0.966614
0 0.868433 0.337535 0.88222 0.270985 0.833782 0.239271 0.819996 0.305822
0 0.882531 0.773911 0.89246 0.7385 0.875239 0.723239 0.86531 0.758651
0 0.717403 0.534957 0.720665 0.514153 0.710958 0.509342 0.707696 0.530147
0 0.540765 0.90709 0.547229 0.854223 0.511677 0.840484 0.505213 0.893352
0 0.771911 0.648745 0.780269 0.628505 0.765483 0.609209 0.757125 0.62945
0 0.69082 0.493084 0.698068 0.474544 0.689879 0.464427 0.682631 0.482966
0 0.237477 0.687551 0.240465 0.666138 0.227425 0.660388 0.224437 0.681802
0 0.537997 0.782403 0.536474 0.736919 0.504336 0.740322 0.505859 0.785805
0 0.580147 0.885503 0.588106 0.865511 0.579346 0.85449 0.571388 0.874482
0 0.135623 0.782211 0.136788 0.764116 0.12209 0.761126 0.120925 0.779221
0 0.660854 0.458926 0.664708 0.440068 0.654816 0.433678 0.650962 0.452536
0 0.632033 0.658665 0.635236 0.638554 0.626535 0.634174 0.623332 0.654285
0 0.509294 0.67286 0.512053 0.654444 0.503373 0.650334 0.500614 0.668751
0 0.960426 0.384931 0.962628 0.355574 0.947021 0.351874 0.944819 0.381231
0 0.971239 0.482819 0.971541 0.460998 0.953691 0.460217 0.953389 0.482038
0 0.878151 0.497583 0.878668 0.447193 0.845134 0.446105 0.844617 0.496495
0 0.647548 0.661825 0.652511 0.639839 0.642022 0.632356 0.637059 0.654343
0 0.646282 0.46237 0.651108 0.443959 0.642265 0.436634 0.63744 0.455045
0 0.0489984 0.918292 0.0667697 0.895097 0.0585739 0.875251 0.0408026 0.898445
0 0.00505949 0.864776 0.0163433 0.841448 0.007393 0.827765 -0.00389086 0.851093
0 0.142862 0.665277 0.142887 0.631389 0.122674 0.631342 0.122649 0.665229
0 0.619484 0.879397 0.621386 0.853351 0.603933 0.849325 0.602031 0.87537
0 0.140705 0.569087 0.141687 0.484608 0.0968615 0.482961 0.0958795 0.56744
0 0.159995 0.770077 0.160839 0.751799 0.149183 0.750097 0.148338 0.768375
0 0.57409 0.656322 0.576798 0.63653 0.564954 0.631408 0.562246 0.6512
0 0.532367 0.746899 0.542652 0.732938 0.528881 0.700875 0.518596 0.714835
0 0.657999 0.439924 0.66141 0.420459 0.652318 0.415423 0.648907 0.434888
0 0.245325 0.752476 0.255708 0.728919 0.246088 0.715518 0.235705 0.739075
0 0.921432 0.463874 0.924229 0.438161 0.911867 0.43391 0.90907 0.459624
0 0.708463 0.389747 0.711782 0.368673 0.701075 0.363344 0.697756 0.384418
0 0.0513212 0.940138 0.0615092 0.899787 0.0456775 0.887154 0.0354895 0.927505
0 0.599751 0.597133 0.602866 0.572267 0.591852 0.567907 0.588737 0.592773
0 0.0768137 0.905523 0.0907138 0.878491 0.0798447 0.860827 0.0659446 0.887858
0 0.159142 0.900863 0.160564 0.875515 0.148794 0.873428 0.147372 0.898776
0 0.0213521 0.813455 0.0318138 0.791894 0.0224905 0.777597 0.0120288 0.799158
0 0.857296 0.762377 0.86423 0.727808 0.84452 0.715313 0.837586 0.749881
0 0.164656 0.267161 0.176083 0.248092 0.148487 0.195827 0.13706 0.214896
0 0.529895 0.668497 0.537241 0.64676 0.526951 0.63577 0.519605 0.657506
0 0.620764 0.635407 0.625724 0.61278 0.615333 0.605582 0.610374 0.628209
0 0.598478 0.729638 0.600369 0.707484 0.588344 0.70424 0.586452 0.726394
0 0.569434 0.891825 0.576845 0.862851 0.565964 0.854056 0.558553 0.88303
0 0.0382359 0.835528 0.0466127 0.811676 0.0278733 0.790876 0.0194965 0.814727
0 0.17937 0.944165 0.184564 0.916718 0.168849 0.907319 0.163655 0.934767
0 0.807716 0.668818 0.822714 0.649293 0.816042 0.633096 0.801045 0.65262
0 0.896141 0.418743 0.898922 0.392776 0.886009 0.388405 0.883228 0.414371
0 0.841438 0.62848 0.84518 0.609254 0.831859 0.601059 0.828116 0.620284
0 0.897369 0.396414 0.905202 0.371875 0.894289 0.360865 0.886456 0.385404
0 0.802159 0.439068 0.811977 0.428635 0.801735 0.398171 0.791917 0.408604
0 0.538838 0.848113 0.544043 0.82078 0.52928 0.811894 0.524074 0.839226
0 0.864758 0.776334 0.870852 0.753482 0.856467 0.741359 0.850373 0.76421
0 0.363976 0.945558 0.36243 0.905628 0.335357 0.908942 0.336903 0.948872
0 0.545942 0.657293 0.553087 0.631088 0.544018 0.623274 0.536873 0.649479
0 0.110342 0.762357 0.121312 0.744978 0.113461 0.729313 0.10249 0.746692
0 0.341081 0.928814 0.358924 0.876067 0.338869 0.854627 0.321027 0.907374
0 0.568036 0.763295 0.573099 0.743366 0.560338 0.733121 0.555275 0.75305
0 0.805134 0.669305 0.818921 0.646309 0.811052 0.631399 0.797265 0.654395
0 0.270863 0.696208 0.271985 0.677504 0.262587 0.675723 0.261466 0.694427
0 0.0237038 0.153066 0.0632136 0.0137387 -0.000125359 -0.0430283 -0.0396352 0.0962988
0 0.245909 0.79617 0.260265 0.764728 0.24414 0.74146 0.229784 0.772902
0 0.166324 0.91955 0.168397 0.896079 0.15368 0.891971 0.151607 0.915442
0 0.659333 0.606632 0.662153 0.587098 0.652508 0.582697 0.649688 0.602232
0 0.645081 0.610667 0.650169 0.591168 0.641741 0.584219 0.636653 0.603718
0 0.274026 0.765653 0.280923 0.742512 0.270734 0.732915 0.263837 0.756056
0 0.80358 0.57081 0.807679 0.549948 0.794039 0.541478 0.78994 0.56234
0 0.104877 0.939979 0.113089 0.897734 0.0978877 0.888394 0.0896752 0.930639
0 0.234923 0.647386 0.236821 0.625466 0.226286 0.622584 0.224388 0.644504
0 0.691893 0.308722 0.706491 0.285893 0.690668 0.253917 0.676071 0.276745
0 0.408722 0.724531 0.41482 0.706959 0.405589 0.696837 0.399492 0.714409
0 0.753559 0.60238 0.765435 0.579716 0.756075 0.564216 0.744199 0.586879
0 0.19104 1.00482 0.203979 0.984714 0.19487 0.966187 0.181932 0.986292
0 0.939235 0.174961 0.944814 0.156949 0.931971 0.144377 0.926392 0.16239
0 0.0105311 0.922374 0.0140415 0.890642 -0.00131848 0.885272 -0.00482887 0.917003
0 0.193885 0.948917 0.194984 0.915498 0.178774 0.913812 0.177675 0.947232
0 0.231207 0.726895 0.233832 0.702944 0.221438 0.698651 0.218813 0.722602
0 0.435289 0.847997 0.426929 0.80484 0.397743 0.822708 0.406103 0.865866
0 0.121631 0.78428 0.124488 0.761557 0.110793 0.756114 0.107935 0.778837
0 0.493487 0.739191 0.506216 0.689454 0.493087 0.678835 0.480358 0.728572
0 0.676472 0.661913 0.678127 0.642402 0.659408 0.637384 0.657753 0.656896
0 0.687592 0.368736 0.690753 0.343649 0.679577 0.339199 0.676416 0.364285
0 0.788957 0.400744 0.792603 0.379835 0.781242 0.373574 0.777596 0.394484
0 0.970419 0.418653 0.994216 0.391407 0.987177 0.371977 0.96338 0.399223
0 0.14716 0.977855 0.1472 0.944015 0.125317 0.943933 0.125277 0.977773
0 0.857969 0.415543 0.860855 0.396221 0.84838 0.390334 0.845495 0.409655
0 0.696798 0.337928 0.700333 0.3175 0.691517 0.312677 0.687981 0.333105
0 0.1998 0.801264 0.203513 0.768875 0.183577 0.761652 0.179864 0.794042
0 0.723568 0.385852 0.725968 0.367119 0.715428 0.362852 0.713028 0.381586
0 0.311029 0.287472 0.322276 0.261665 0.305676 0.238799 0.294428 0.264606
0 0.697655 0.457736 0.701516 0.438513 0.691661 0.432257 0.6878 0.45148
0 0.235377 0.702204 0.236487 0.681858 0.218911 0.678827 0.217801 0.699172
0 0.677547 0.704504 0.680344 0.682634 0.667047 0.677259 0.66425 0.699129
0 0.0439392 0.784089 0.0486248 0.758187 0.0344321 0.750072 0.0297465 0.775975
0 0.622797 0.564427 0.624633 0.546893 0.614633 0.543584 0.612797 0.561117
0 0.516561 0.794202 0.518824 0.772407 0.504578 0.767732 0.502315 0.789527
0 0.734544 0.382441 0.737395 0.364654 0.725307 0.358531 0.722456 0.376318
0 0.952502 0.460221 0.956022 0.440723 0.937367 0.430078 0.933847 0.449576
0 0.557822 0.882622 0.565241 0.852591 0.55534 0.84486 0.547921 0.874891
0 0.691938 0.32452 0.69326 0.297477 0.674519 0.294581 0.673197 0.321624
0 0.775093 0.479938 0.77746 0.454514 0.763948 0.45054 0.761582 0.475963
0 0.200578 0.76122 0.203527 0.744946 0.190507 0.737489 0.187558 0.753764
0 0.894187 0.260039 0.899859 0.234164 0.884375 0.223437 0.878703 0.249312
0 0.149352 0.916926 0.152711 0.890404 0.139101 0.884956 0.135742 0.911478
0 0.963429 0.591082 0.977979 0.563142 0.966039 0.543492 0.95149 0.571433
0 0.611942 0.577625 0.612473 0.551432 0.599292 0.550588 0.598762 0.576781
0 0.631285 0.637827 0.637266 0.615665 0.624154 0.60448 0.618172 0.626642
0 0.189451 0.770107 0.192195 0.748859 0.179322 0.743603 0.176577 0.764851
0 0.0210133 0.261699 0.180134 0.215231 0.172543 0.133082 0.0134227 0.179551
0 0.998066 0.807762 1.00931 0.740725 0.958835 0.71396 0.947588 0.780997
0 0.214232 0.622596 0.215241 0.594912 0.200805 0.593249 0.199796 0.620934
0 0.773939 0.456451 0.775177 0.435613 0.759784 0.432724 0.758546 0.453562
0 0.832809 0.610868 0.84065 0.581661 0.828221 0.571114 0.820379 0.600321
0 0.645224 0.44132 0.650586 0.419958 0.641539 0.41278 0.636176 0.434142
0 0.707166 0.366919 0.713017 0.349866 0.705391 0.341596 0.69954 0.358649
0 0.644046 0.543683 0.65619 0.508303 0.644319 0.495425 0.632175 0.530805
0 0.11794 0.965077 0.128514 0.943629 0.119283 0.929247 0.10871 0.950695
0 0.437092 0.720758 0.448608 0.692629 0.433543 0.673136 0.422027 0.701265
0 0.764681 0.464182 0.767451 0.441806 0.754649 0.436797 0.751879 0.459173
0 0.584761 0.747351 0.58603 0.726749 0.569931 0.723614 0.568661 0.744216
0 0.88263 0.453742 0.885488 0.427585 0.867459 0.421361 0.864601 0.447517
0 0.94817 0.364758 0.95282 0.340804 0.937938 0.331673 0.933287 0.355626
0 0.73547 0.655796 0.74709 0.623969 0.736138 0.611333 0.724519 0.64316
0 0.732774 0.544142 0.733957 0.51647 0.720267 0.51462 0.719084 0.542292
0 0.64875 0.579281 0.659278 0.551514 0.647926 0.53791 0.637398 0.565678
0 0.170102 0.402927 0.164055 0.365622 0.130072 0.383032 0.136119 0.420337
0 0.826922 0.701365 0.832085 0.664468 0.818786 0.658587 0.813624 0.695484
0 0.994221 0.59984 0.999092 0.570147 0.981763 0.561162 0.976892 0.590855
0 0.225957 0.682908 0.234677 0.65165 0.22229 0.640729 0.21357 0.671987
0 0.239945 0.726097 0.249682 0.698102 0.239287 0.686675 0.22955 0.714671
0 0.961364 0.226036 0.963512 0.200691 0.950299 0.197151 0.948151 0.222496
0 0.248339 0.673745 0.250672 0.652206 0.237228 0.647605 0.234896 0.669144
0 0.851848 0.674478 0.85409 0.652765 0.839863 0.648122 0.837621 0.669835
0 0.81983 0.663811 0.829341 0.64075 0.81917 0.627494 0.80966 0.650555
0 0.697408 0.36166 0.70152 0.339806 0.692197 0.334263 0.688085 0.356116
0 0.741214 0.685149 0.74575 0.663157 0.731219 0.653686 0.726684 0.675678
0 0.397401 0.837447 0.409118 0.807351 0.397141 0.792613 0.385423 0.822709
0 0.428792 0.745603 0.438854 0.723394 0.430161 0.710945 0.420099 0.733154
0 0.372307 0.895648 0.373814 0.866249 0.35865 0.863792 0.357143 0.893192
0 0.69403 0.40986 0.694507 0.381554 0.682244 0.3809 0.681767 0.409206
0 0.746301 0.242391 0.749474 0.220266 0.735077 0.21374 0.731904 0.235864
0 0.862552 0.395437 0.864058 0.372235 0.848078 0.368957 0.846572 0.39216
0 0.0190603 0.979161 0.0295459 0.945044 0.0135442 0.9295 0.00305855 0.963617
0 0.260436 0.66148 0.263098 0.632444 0.247371 0.627888 0.244709 0.656924
0 0.719015 0.591883 0.724103 0.560516 0.709386 0.55297 0.704297 0.584337
0 0.970365 0.312264 0.973838 0.280171 0.955805 0.274002 0.952332 0.306096
0 0.820071 0.582377 0.82545 0.56916 0.813469 0.55375 0.80809 0.566967
0 0.709993 0.509109 0.71778 0.47055 0.704102 0.461819 0.696314 0.500378
0 0.672216 0.353098 0.677291 0.330576 0.667842 0.323846 0.662767 0.346368
0 0.669867 0.758176 0.672445 0.731509 0.651422 0.725087 0.648844 0.751754
0 0.794362 0.665668 0.796757 0.64076 0.782055 0.636291 0.779659 0.661199
0 0.706384 0.584733 0.711835 0.545751 0.698897 0.540034 0.693447 0.579017
0 0.268753 0.710413 0.269908 0.695018 0.2587 0.692363 0.257546 0.707757
0 0.165348 0.327929 0.1824 0.244612 0.118481 0.203267 0.101429 0.286584
0 0.382749 0.731358 0.390568 0.702473 0.380769 0.69409 0.37295 0.722975
0 0.246098 0.885078 0.253695 0.865558 0.239316 0.84787 0.231718 0.867391
0 0.66876 0.432779 0.671407 0.409677 0.661691 0.406159 0.659044 0.429261
0 0.853956 0.649567 0.858342 0.629262 0.840142 0.616837 0.835756 0.637143
0 0.169986 0.886674 0.173633 0.858579 0.159332 0.852712 0.155685 0.880808
0 0.643282 0.419255 0.651676 0.387314 0.637703 0.375708 0.629308 0.407649
0 0.375726 0.723482 0.378319 0.688661 0.365457 0.685634 0.362864 0.720455
0 0.588117 0.866778 0.59523 0.839474 0.583612 0.829909 0.576499 0.857213
0 0.185045 0.88044 0.204819 0.840711 0.189565 0.816716 0.169791 0.856445
0 0.0611833 0.956686 0.0670337 0.926564 0.0549546 0.919149 0.0491041 0.949272
0 0.645696 0.701027 0.654541 0.673103 0.641667 0.660214 0.632822 0.688138
0 0.290721 0.828519 0.297136 0.799728 0.286557 0.792278 0.280142 0.821069
0 0.884189 0.579333 0.894055 0.547041 0.879372 0.532863 0.869506 0.565156
0 0.529444 0.747564 0.532729 0.727895 0.516446 0.719301 0.513162 0.738969
0 0.6334 0.520755 0.641591 0.492872 0.630801 0.482853 0.62261 0.510736
0 0.581216 0.771792 0.583732 0.746406 0.568719 0.741703 0.566203 0.767089
0 0.945965 0.429599 0.948441 0.41228 0.937269 0.407232 0.934793 0.424552
0 0.676085 0.29396 0.678335 0.273449 0.666729 0.269426 0.66448 0.289936
0 0.714823 0.399128 0.717725 0.382376 0.709382 0.37781 0.706481 0.394561
0 0.384123 1.00481 0.38564 0.939841 0.348291 0.937083 0.346773 1.00205
0 0.985871 0.323767 0.988651 0.304927 0.976358 0.299195 0.973579 0.318035
0 0.81944 0.644502 0.822099 0.61898 0.810126 0.615037 0.807466 0.640559
0 0.229381 0.701512 0.230894 0.681212 0.214856 0.677436 0.213344 0.697735
0 0.78645 0.326078 0.787344 0.303134 0.772844 0.301347 0.77195 0.324292
0 0.794949 0.539772 0.800377 0.509711 0.776239 0.495937 0.770811 0.525998
0 0.795842 0.495385 0.798685 0.473569 0.785359 0.468079 0.782516 0.489896
0 0.651859 0.757335 0.652699 0.735825 0.636863 0.73387 0.636023 0.75538
0 0.920804 0.72555 0.929796 0.706081 0.906494 0.672066 0.897502 0.691536
0 1.00144 0.576333 1.00467 0.550248 0.990245 0.544596 0.987011 0.570682
0 0.0630752 1.0074 0.0645803 0.974406 0.0398945 0.970848 0.0383894 1.00385
0 0.383779 0.929743 0.392931 0.901688 0.381606 0.890012 0.372454 0.918068
0 0.0553436 0.784643 0.0649892 0.76308 0.0548282 0.748715 0.0451826 0.770277
0 0.217474 0.767961 0.219684 0.748522 0.203508 0.74271 0.201298 0.762149
0 0.163372 0.932466 0.168847 0.90812 0.155057 0.898319 0.149581 0.922664
0 0.720737 0.367038 0.727563 0.345162 0.719153 0.336868 0.712327 0.358744
0 0.0113125 0.987363 0.0124003 0.947755 -0.00224791 0.946484 -0.0033358 0.986091
0 0.975623 0.339651 0.977374 0.320966 0.964418 0.31713 0.962668 0.335815
0 0.509973 0.81712 0.513378 0.79351 0.502799 0.788688 0.499394 0.812299
0 0.669405 0.474103 0.67296 0.457594 0.662362 0.450382 0.658807 0.466891
0 0.766037 0.322315 0.775398 0.299758 0.761558 0.281607 0.752198 0.304164
0 0.733648 0.464413 0.738885 0.448726 0.728533 0.437804 0.723296 0.45349
0 0.899399 0.796726 0.919778 0.776721 0.899392 0.711083 0.879012 0.731087
0 0.502416 0.751243 0.508078 0.723745 0.494832 0.715125 0.48917 0.742623
0 0.920284 0.565966 0.926205 0.550557 0.914884 0.536808 0.908963 0.552217
0 0.740173 0.366588 0.743957 0.342143 0.72642 0.333564 0.722636 0.358009
0 0.757422 0.389136 0.761076 0.368838 0.7509 0.363049 0.747246 0.383347
0 0.0711329 1.00291 0.0797853 0.976191 0.0668855 0.962988 0.0582331 0.989706
0 0.0804945 0.985747 0.0983343 0.945628 0.0870251 0.929734 0.0691853 0.969854
0 0.531399 0.645117 0.540133 0.624446 0.531282 0.612627 0.522549 0.633298
0 0.643643 0.48271 0.648908 0.463183 0.64133 0.456726 0.636065 0.476253
0 0.0531634 0.105177 0.0850793 0.016062 0.0557907 -0.0170901 0.0238748 0.0720247
0 0.541292 0.6201 0.545048 0.596596 0.535526 0.591788 0.531771 0.615292
0 0.909152 0.408453 0.912218 0.392357 0.899971 0.384984 0.896905 0.401081
0 0.629508 0.764697 0.633682 0.732022 0.616058 0.724908 0.611885 0.757583
0 0.758734 0.617093 0.766317 0.592963 0.757124 0.583833 0.749541 0.607963
0 0.968987 0.355611 0.970684 0.338344 0.957005 0.334093 0.955307 0.35136
