0 0.29439 0.932775 0.317195 0.877757 0.297496 0.851949 0.27469 0.906967
0 0.568495 0.891061 0.571347 0.85023 0.548168 0.845114 0.545317 0.885945
0 0.445859 0.538575 0.462458 0.471248 0.446543 0.458848 0.429944 0.526174
0 0.285404 0.818509 0.28966 0.792499 0.27457 0.784695 0.270314 0.810705
0 0.0968629 1.0074 0.113431 0.970547 0.0982022 0.948908 0.0816338 0.98576
0 0.120686 0.999433 0.153579 0.943982 0.132638 0.904723 0.0997455 0.960174
0 0.992879 1.01107 1.01074 0.87239 0.813209 0.791988 0.79535 0.930664
0 0.475113 0.797083 0.47756 0.775529 0.462504 0.770125 0.460056 0.79168
0 0.554653 0.854677 0.57884 0.825008 0.567865 0.796731 0.543678 0.826399
0 0.481204 0.836283 0.486972 0.79163 0.46705 0.783497 0.461282 0.82815
0 0.445055 0.850896 0.454833 0.825992 0.436922 0.803764 0.427143 0.828668
0 0.218112 0.519553 0.224963 0.459295 0.177183 0.442126 0.170332 0.502383
0 0.624595 0.853867 0.627255 0.826879 0.614278 0.822838 0.611618 0.849825
0 0.505995 0.845928 0.510341 0.809888 0.486658 0.800862 0.482311 0.836901
0 0.473534 0.876482 0.486705 0.840354 0.472064 0.823484 0.458893 0.859612
0 0.660999 0.7416 0.661435 0.712621 0.641285 0.711664 0.64085 0.740644
0 0.306203 0.837758 0.312285 0.809377 0.29838 0.799959 0.292298 0.82834
0 0.295846 0.873629 0.305421 0.847541 0.292658 0.832738 0.283084 0.858826
0 0.328546 0.851425 0.331149 0.82661 0.315613 0.821459 0.313009 0.846274
0 0.332366 0.725252 0.34082 0.687704 0.317214 0.670905 0.308759 0.708454
0 0.283921 0.862104 0.297444 0.834977 0.287223 0.818873 0.2737 0.845999
0 0.420258 0.848641 0.430089 0.808597 0.400545 0.785671 0.390713 0.825715
0 0.415811 0.77948 0.423309 0.737874 0.407105 0.728646 0.399607 0.770251
0 0.253047 0.25505 0.270624 0.196776 0.231077 0.159075 0.213499 0.21735
0 0.149582 0.653096 0.151973 0.62551 0.136891 0.621377 0.134499 0.648963
0 0.506067 0.763858 0.512517 0.741092 0.490052 0.720976 0.483602 0.743742
0 0.274701 0.844274 0.291891 0.822 0.283489 0.801506 0.266299 0.82378
0 0.0915893 0.977248 0.0912963 0.947696 0.0669052 0.94846 0.0671982 0.978012
0 0.460739 0.799033 0.462894 0.773467 0.447967 0.76949 0.445811 0.795056
0 0.160864 0.801328 0.167466 0.779231 0.151577 0.764228 0.144975 0.786325
0 0.326787 0.834396 0.333097 0.807131 0.317337 0.795603 0.311027 0.822868
0 0.599299 0.969558 0.603416 0.939556 0.588954 0.933284 0.584837 0.963285
0 0.258122 0.939414 0.266877 0.900224 0.252584 0.890132 0.243828 0.929321
0 0.438722 0.788474 0.442986 0.762445 0.429729 0.755581 0.425465 0.78161
0 0.101524 0.962003 0.103725 0.94204 0.0908033 0.937536 0.0886019 0.9575
0 0.545588 0.874006 0.547385 0.84884 0.535268 0.846104 0.53347 0.871271
0 0.17782 0.818626 0.188636 0.774794 0.172929 0.762544 0.162113 0.806376
0 0.449931 0.889895 0.454006 0.860982 0.43522 0.852613 0.431145 0.881526
0 0.137405 0.921093 0.142432 0.895743 0.127594 0.886442 0.122567 0.911792
0 0.680478 0.75664 0.694916 0.740332 0.683378 0.708051 0.668941 0.724359
0 0.169001 0.77973 0.179818 0.754307 0.170073 0.741202 0.159256 0.766625
0 0.198147 0.616135 0.214681 0.598418 0.196063 0.543506 0.179529 0.561223
0 0.169721 0.831738 0.176129 0.814482 0.163435 0.799585 0.157027 0.816842
0 0.662271 0.765776 0.667576 0.746523 0.651858 0.732834 0.646553 0.752086
0 0.129938 0.310172 0.126807 0.264584 0.106909 0.268905 0.110041 0.314492
0 0.426554 0.794632 0.431778 0.75725 0.418189 0.751249 0.412965 0.788631
0 0.576378 0.977274 0.591458 0.963032 0.580458 0.92622 0.565378 0.940462
0 0.393257 0.795745 0.395684 0.756807 0.37381 0.752498 0.371383 0.791436
0 0.282844 0.909555 0.290534 0.864294 0.275089 0.856001 0.267399 0.901262
0 0.484349 0.932609 0.480919 0.886886 0.450668 0.894058 0.454098 0.939781
0 0.314453 0.851911 0.316963 0.830972 0.30452 0.826258 0.30201 0.847197
0 0.673448 0.75062 0.677218 0.732573 0.66335 0.723416 0.659579 0.741463
0 0.0361665 0.904522 0.0469456 0.877762 0.0358628 0.863653 0.0250838 0.890413
0 0.496945 0.865456 0.499434 0.84157 0.483032 0.83617 0.480543 0.860055
0 0.162624 0.931148 0.167259 0.910605 0.155024 0.901879 0.150388 0.922422
0 0.0590131 0.909265 0.0607869 0.879876 0.0440377 0.876681 0.0422639 0.90607
0 0.448007 0.813977 0.452744 0.795339 0.440612 0.785592 0.435874 0.80423
0 0.493219 0.997921 0.507527 0.959486 0.495143 0.944915 0.480834 0.98335
0 0.257895 0.877807 0.261723 0.847625 0.236814 0.837639 0.232986 0.867821
0 0.674814 0.773839 0.680389 0.751208 0.665081 0.739289 0.659506 0.761921
0 0.141072 0.876012 0.143383 0.856886 0.128014 0.851016 0.125703 0.870142
0 0.272614 0.863124 0.279914 0.838033 0.269484 0.828441 0.262183 0.853532
0 0.609144 0.908845 0.623197 0.893461 0.610833 0.857767 0.596781 0.873151
0 0.586018 0.905829 0.602032 0.87873 0.590101 0.856448 0.574087 0.883547
0 0.578795 0.864138 0.583117 0.831765 0.566603 0.824797 0.562281 0.85717
0 0.255832 0.883286 0.256513 0.847009 0.230694 0.845477 0.230013 0.881755
0 0.414692 0.74487 0.420016 0.715094 0.406321 0.707354 0.400996 0.73713
0 0.61419 0.978959 0.628241 0.944422 0.607399 0.917624 0.593348 0.952161
0 0.150443 0.930938 0.153367 0.910746 0.140306 0.904769 0.137382 0.92496
0 0.515184 0.985973 0.528522 0.957538 0.515013 0.93751 0.501675 0.965945
0 0.631974 0.839766 0.638427 0.822819 0.625313 0.807036 0.618859 0.823982
0 0.496293 0.812257 0.499668 0.778805 0.48388 0.773772 0.480505 0.807223
0 0.497907 0.729863 0.501505 0.70787 0.487684 0.700725 0.484086 0.722718
0 0.176765 1.00866 0.192712 0.982991 0.1806 0.959204 0.164653 0.984868
0 0.116953 0.673152 0.122603 0.630426 0.101647 0.621668 0.0959975 0.664394
0 0.0993577 0.942082 0.100756 0.918698 0.0850443 0.915729 0.0836462 0.939113
0 0.433205 0.829326 0.437625 0.80507 0.42569 0.798195 0.421269 0.82245
0 0.472261 0.73098 0.476972 0.712177 0.4615 0.699925 0.456789 0.718728
0 0.339794 0.859503 0.34315 0.837923 0.329684 0.831305 0.326328 0.852886
0 0.0164564 0.997618 0.0401522 0.964686 0.0313714 0.944718 0.00767556 0.97765
0 0.557712 0.924668 0.568208 0.902653 0.549599 0.874613 0.539104 0.896628
0 0.0187058 0.90763 0.030566 0.885574 0.0211515 0.869574 0.00929132 0.89163
0 0.254618 0.83922 0.260769 0.812599 0.250581 0.805159 0.24443 0.831781
0 0.649253 0.779184 0.657019 0.76157 0.63928 0.736851 0.631514 0.754466
0 0.197227 0.869368 0.199286 0.839698 0.182109 0.83593 0.18005 0.865601
0 0.0332788 0.883765 0.0399209 0.859888 0.025674 0.847362 0.0190319 0.871239
0 0.385375 0.764679 0.408462 0.723237 0.395436 0.700301 0.372349 0.741743
0 0.592237 1.00474 0.594589 0.974232 0.573698 0.969143 0.571347 0.999651
0 0.186293 0.773565 0.207141 0.747851 0.200496 0.730824 0.179648 0.756538
0 0.172036 0.872034 0.18321 0.844363 0.17144 0.829342 0.160266 0.857013
0 0.168779 0.989645 0.183105 0.932051 0.167069 0.919445 0.152743 0.977039
0 0.0782279 0.990354 0.0808887 0.970414 0.0622381 0.962548 0.0595773 0.982488
0 0.502564 0.895698 0.51037 0.868371 0.493632 0.85326 0.485826 0.880587
0 0.476492 0.747382 0.478724 0.72755 0.46761 0.723597 0.465379 0.743429
0 0.139429 0.861744 0.151099 0.840646 0.143124 0.826705 0.131454 0.847802
0 0.0219256 0.975749 0.0267452 0.913198 -0.00587979 0.905253 -0.0106994 0.967804
0 0.342917 0.934227 0.356095 0.909608 0.337704 0.878494 0.324526 0.903113
0 0.0203082 0.879349 0.0234173 0.852376 0.010451 0.847652 0.00734196 0.874625
0 0.489859 0.7943 0.492896 0.772524 0.480099 0.766883 0.477062 0.78866
0 0.106173 0.951692 0.112895 0.931874 0.103731 0.922049 0.0970081 0.941866
0 0.243426 0.628154 0.265938 0.548114 0.193288 0.483535 0.170777 0.563575
0 0.542093 0.858878 0.552135 0.843966 0.539586 0.817258 0.529544 0.832169
0 0.637042 0.860147 0.641086 0.833691 0.628143 0.827439 0.624099 0.853895
0 0.243334 0.746685 0.243676 0.718196 0.226952 0.717561 0.22661 0.746051
0 0.359536 0.871817 0.362531 0.849173 0.346172 0.842335 0.343178 0.864979
0 0.493205 0.898423 0.492475 0.859506 0.477722 0.860381 0.478452 0.899298
0 0.667594 0.884731 0.668146 0.851154 0.647206 0.850066 0.646654 0.883643
0 0.560995 1.00376 0.566354 0.970224 0.552322 0.963138 0.546963 0.996673
0 0.189326 0.845425 0.193198 0.825378 0.181445 0.818203 0.177573 0.83825
0 0.401103 0.773624 0.407199 0.747585 0.394467 0.738165 0.388371 0.764204
0 0.640332 0.9374 0.63529 0.869164 0.616897 0.873459 0.62194 0.941695
0 0.297781 0.816148 0.300669 0.795483 0.288637 0.790167 0.285749 0.810833
0 0.160356 0.770512 0.16401 0.750526 0.154011 0.744748 0.150357 0.764734
0 0.0395984 0.732524 0.0524634 0.702556 0.0414259 0.687581 0.0285608 0.717548
0 0.480866 0.777657 0.483588 0.745636 0.470282 0.742061 0.46756 0.774082
0 0.60211 0.940141 0.601952 0.917127 0.583687 0.917523 0.583845 0.940537
0 0.558706 0.978499 0.56439 0.946339 0.551304 0.93903 0.54562 0.971189
0 0.561758 0.794487 0.566388 0.777021 0.553798 0.766475 0.549169 0.783941
0 0.185624 0.747194 0.187094 0.727358 0.173315 0.724131 0.171845 0.743967
0 0.456355 0.77198 0.458656 0.750247 0.448828 0.746958 0.446526 0.768691
0 0.465627 0.900135 0.475158 0.877763 0.461365 0.85919 0.451834 0.881562
0 0.534754 0.966077 0.538151 0.947153 0.526158 0.94035 0.522762 0.959274
0 0.186665 0.827343 0.188892 0.804057 0.175187 0.799915 0.17296 0.823201
0 0.51554 0.873952 0.517137 0.845024 0.501704 0.842331 0.500106 0.871259
0 0.433758 0.75487 0.436321 0.732146 0.424301 0.727862 0.421738 0.750586
0 0.680647 0.661899 0.688718 0.629041 0.673976 0.617598 0.665906 0.650456
0 0.704149 0.765267 0.705449 0.741139 0.690198 0.738543 0.688899 0.762671
0 0.109552 0.75065 0.0987687 0.689583 0.0563124 0.713278 0.0670962 0.774345
0 0.161675 0.672918 0.163588 0.654818 0.148226 0.649689 0.146314 0.667789
0 0.031679 0.68341 0.0327128 0.625794 -0.000548621 0.623908 -0.00158241 0.681523
0 0.155362 0.845178 0.162535 0.821606 0.152949 0.812387 0.145777 0.83596
0 0.662897 0.716121 0.664884 0.69329 0.652381 0.68985 0.650394 0.712681
0 0.0542251 0.524445 0.0567633 0.495085 0.0354796 0.48927 0.0329414 0.518629
0 0.155462 0.820286 0.159681 0.797128 0.150188 0.791662 0.145969 0.814819
0 0.471216 0.777392 0.473136 0.748696 0.459462 0.745804 0.457542 0.7745
0 0.461498 0.830628 0.464565 0.802703 0.448371 0.797081 0.445304 0.825006
0 0.152434 0.712749 0.152293 0.69203 0.13855 0.692324 0.13869 0.713043
0 0.112081 0.808607 0.123125 0.79389 0.110303 0.763481 0.0992595 0.778199
0 0.463569 0.75714 0.469228 0.735949 0.457589 0.726127 0.451931 0.747317
0 0.625044 0.715943 0.623236 0.681736 0.607494 0.684367 0.609302 0.718573
0 0.147848 0.894023 0.152013 0.87128 0.141716 0.86532 0.137551 0.888063
0 0.510119 0.962528 0.525374 0.930154 0.512708 0.911292 0.497454 0.943667
0 0.50309 0.948608 0.505654 0.903459 0.484818 0.899719 0.482254 0.944868
0 0.107788 0.819619 0.113455 0.796786 0.09808 0.784727 0.0924133 0.80756
0 0.589598 0.862419 0.590693 0.833318 0.578698 0.831891 0.577603 0.860992
0 0.637279 0.816849 0.639928 0.788809 0.620736 0.783079 0.618087 0.811119
0 0.325633 0.885265 0.331514 0.856048 0.31634 0.846394 0.310459 0.875611
0 0.111063 0.327728 0.120997 0.284369 0.089911 0.261862 0.0799777 0.30522
0 0.144961 0.826161 0.150212 0.797235 0.13882 0.790699 0.133569 0.819625
0 0.669252 0.698919 0.672364 0.679279 0.662343 0.674261 0.659231 0.6939
0 0.612658 0.924164 0.609496 0.884829 0.570499 0.894737 0.573661 0.934072
0 0.499795 0.777362 0.502738 0.755439 0.487047 0.74878 0.484103 0.770703
0 0.331983 0.796656 0.334946 0.763922 0.319934 0.759628 0.316971 0.792363
0 0.694003 0.804526 0.697579 0.782797 0.685217 0.776368 0.681641 0.798097
0 0.0863737 1.00571 0.088767 0.980814 0.0714983 0.975566 0.0691051 1.00046
0 0.669823 0.808098 0.670987 0.777394 0.652924 0.77523 0.65176 0.805934
0 0.614302 0.849973 0.61631 0.811714 0.600441 0.809082 0.598433 0.847341
0 0.65043 0.863678 0.652774 0.830851 0.639158 0.827779 0.636814 0.860606
0 0.638686 0.750956 0.643221 0.726667 0.631014 0.719463 0.626479 0.743753
0 0.158997 0.959065 0.164685 0.926588 0.152786 0.920001 0.147097 0.952478
0 0.425265 0.887027 0.42908 0.86895 0.413879 0.85881 0.410064 0.876887
0 0.695849 0.703636 0.698418 0.679037 0.684532 0.674453 0.681963 0.699053
0 0.575733 0.987829 0.577527 0.957004 0.560786 0.953924 0.558992 0.98475
0 0.63627 0.777668 0.642716 0.75887 0.630245 0.745355 0.623799 0.764153
0 0.439281 0.758129 0.443426 0.737893 0.432266 0.730669 0.428121 0.750905
0 0.452736 0.745529 0.454823 0.725282 0.441927 0.721082 0.439841 0.74133
0 0.0680551 1.00313 0.0677311 0.978496 0.0488521 0.979281 0.0491762 1.00391
0 0.64412 0.835393 0.64776 0.811801 0.633739 0.804964 0.630099 0.828556
0 0.346126 0.889528 0.350705 0.863853 0.333278 0.854029 0.328698 0.879704
0 0.190936 0.793207 0.200389 0.769519 0.191349 0.758116 0.181896 0.781804
0 0.137025 1.01709 0.161189 0.986027 0.147086 0.951358 0.122922 0.982424
0 0.465466 0.748734 0.468045 0.727891 0.45542 0.722955 0.452842 0.743799
0 0.251845 1.00503 0.253074 0.979927 0.238478 0.977669 0.237249 1.00277
0 0.242688 0.854981 0.245981 0.83498 0.23169 0.827543 0.228397 0.847544
0 0.0828183 0.947586 0.0838321 0.924204 0.0685832 0.922115 0.0675693 0.945496
0 0.449576 0.764764 0.451642 0.74654 0.441775 0.743006 0.43971 0.76123
0 0.135134 0.627469 0.136497 0.60603 0.120188 0.602753 0.118825 0.624193
0 0.263367 0.856712 0.268918 0.832676 0.257561 0.824386 0.25201 0.848423
0 0.164717 0.351081 0.173833 0.337066 0.149823 0.287708 0.140707 0.301723
0 0.263352 0.851215 0.271763 0.825524 0.26128 0.814677 0.252869 0.840368
0 0.189511 0.727261 0.190166 0.705299 0.17751 0.704106 0.176855 0.726069
0 0.640007 0.714824 0.643282 0.691164 0.631152 0.685857 0.627877 0.709517
0 0.567953 0.552887 0.585627 0.505444 0.563181 0.479017 0.545507 0.52646
0 0.144784 0.877414 0.145959 0.85713 0.131792 0.854537 0.130618 0.874822
0 0.344557 0.856242 0.351808 0.835833 0.335124 0.817098 0.327873 0.837508
0 0.460258 0.853747 0.463098 0.832031 0.452064 0.82747 0.449224 0.849186
0 0.651409 0.715129 0.652 0.69086 0.639157 0.689872 0.638566 0.714141
0 0.347986 0.77261 0.34926 0.737783 0.332635 0.735862 0.331361 0.770688
0 0.277757 0.11648 0.309265 0.0934053 0.284344 -0.0141394 0.252837 0.00893502
0 0.0707182 0.530082 0.0725624 0.509932 0.0546421 0.504748 0.0527979 0.524898
0 0.168888 0.693116 0.167395 0.666089 0.14442 0.670102 0.145913 0.697129
0 0.51188 0.808732 0.513493 0.779493 0.497389 0.776685 0.495776 0.805923
0 0.208412 0.755626 0.219117 0.741593 0.213873 0.72895 0.203168 0.742982
0 0.683359 0.838493 0.68578 0.816264 0.671019 0.811183 0.668598 0.833412
0 0.123974 0.290668 0.144435 0.270356 0.125521 0.210141 0.105061 0.230453
0 0.24771 0.954421 0.254131 0.927949 0.244798 0.920794 0.238377 0.947267
0 0.048672 0.996859 0.0520573 0.970444 0.0328371 0.962659 0.0294519 0.989075
0 0.577748 0.796683 0.583355 0.779577 0.566881 0.762512 0.561274 0.779618
0 0.200191 0.821745 0.204223 0.795666 0.188497 0.787981 0.184465 0.81406
0 0.54112 0.903681 0.543322 0.875889 0.529821 0.872508 0.527619 0.9003
0 0.287467 0.791477 0.292381 0.771197 0.281641 0.762973 0.276727 0.783253
0 0.316834 0.813947 0.320066 0.787414 0.303001 0.780844 0.299769 0.807376
0 0.513674 0.89532 0.517556 0.870358 0.505582 0.864473 0.5017 0.889435
0 0.0114415 0.99493 0.0127904 0.964841 -0.00160854 0.962801 -0.00295746 0.99289
0 0.650806 0.797334 0.652186 0.774513 0.639251 0.772042 0.637871 0.794863
0 0.510651 0.739426 0.514287 0.718805 0.500952 0.711375 0.497317 0.731996
0 0.259491 0.707805 0.261023 0.67441 0.244206 0.671971 0.242673 0.705366
