0 0.367111 0.574669 0.367209 0.524408 0.339299 0.524236 0.339201 0.574497
0 0.400317 0.960101 0.401103 0.868699 0.354052 0.867419 0.353265 0.958821
0 0.987534 1.07001 1.01667 0.884993 0.810545 0.782392 0.781405 0.967411
0 0.348673 0.888449 0.352262 0.860343 0.334771 0.853284 0.331182 0.88139
0 0.468302 0.953147 0.468636 0.889345 0.43123 0.888727 0.430896 0.952528
0 0.336225 0.893753 0.337112 0.856004 0.31629 0.854458 0.315403 0.892207
0 0.556855 0.986125 0.56362 0.920979 0.539152 0.912949 0.532387 0.978095
0 0.32102 0.951295 0.311685 0.841546 0.245656 0.859296 0.254991 0.969045
0 0.395706 0.995649 0.404357 0.961417 0.38736 0.94784 0.378709 0.982072
0 0.2103 0.947506 0.241052 0.894397 0.222904 0.861185 0.192152 0.914293
0 0.742815 0.533302 0.737984 0.493675 0.703234 0.507065 0.708065 0.546692
0 0.445465 1.00053 0.461869 0.957738 0.443469 0.935443 0.427065 0.97823
0 0.743443 0.603161 0.752815 0.580859 0.737784 0.560897 0.728412 0.583199
0 0.270318 0.810627 0.296472 0.784893 0.287924 0.757437 0.26177 0.783172
0 0.419851 0.799524 0.428145 0.774423 0.41584 0.761574 0.407546 0.786675
0 0.252558 0.926269 0.252817 0.888513 0.229617 0.88801 0.229358 0.925765
0 0.356922 0.979542 0.365549 0.938488 0.351179 0.928945 0.342553 0.969998
0 0.67365 0.701195 0.67997 0.679842 0.665894 0.666674 0.659574 0.688027
0 0.420994 1.01313 0.436016 0.985509 0.423045 0.963211 0.408023 0.990829
0 0.508206 0.935836 0.503798 0.879768 0.479813 0.885728 0.484221 0.941796
0 0.688719 0.64843 0.68966 0.629928 0.675895 0.627716 0.674955 0.646218
0 0.300816 0.99802 0.325829 0.94895 0.306898 0.918451 0.281885 0.967521
0 0.383409 0.845388 0.39707 0.81152 0.380842 0.79083 0.36718 0.824698
0 0.524979 1.01325 0.532636 0.964837 0.497106 0.947079 0.48945 0.995492
0 0.252367 0.758408 0.274598 0.73564 0.266285 0.709986 0.244054 0.732753
0 0.327349 0.863812 0.319509 0.819951 0.28464 0.839649 0.29248 0.88351
0 0.730621 0.65918 0.738811 0.624203 0.725595 0.614423 0.717406 0.6494
0 0.200902 0.529047 0.204988 0.497472 0.18336 0.488626 0.179274 0.5202
0 0.420405 0.822434 0.426956 0.799282 0.415019 0.788609 0.408469 0.811761
0 0.373299 1.00364 0.38605 0.970028 0.37223 0.953457 0.359479 0.987066
0 0.455664 0.896993 0.457365 0.869647 0.441106 0.86645 0.439405 0.893796
0 0.396221 0.86883 0.409685 0.83072 0.395015 0.814341 0.381552 0.852451
0 0.779982 0.649103 0.782426 0.591916 0.751714 0.587767 0.749269 0.644954
0 0.244019 0.966258 0.267465 0.930384 0.254626 0.903863 0.23118 0.939737
0 0.661996 0.707339 0.666476 0.676385 0.649823 0.668768 0.645343 0.699721
0 0.462411 0.88232 0.467588 0.859503 0.453874 0.84967 0.448698 0.872488
0 0.36065 0.831431 0.36421 0.803394 0.348421 0.797058 0.344861 0.825095
0 0.33052 0.795882 0.339262 0.761196 0.327284 0.751656 0.318543 0.786342
0 0.462684 0.785875 0.465523 0.764439 0.445886 0.756219 0.443047 0.777656
0 0.512538 0.963976 0.511867 0.933529 0.484657 0.935425 0.485328 0.965872
0 0.349373 0.682229 0.349678 0.655014 0.329682 0.654304 0.329377 0.681519
0 0.438632 0.969657 0.426513 0.874646 0.38733 0.890442 0.399449 0.985453
0 0.211619 0.901762 0.232114 0.861688 0.212676 0.830269 0.192181 0.870343
0 0.930841 0.729882 0.933208 0.678706 0.902286 0.674186 0.899919 0.725362
0 0.104566 0.990332 0.125987 0.967368 0.118627 0.945672 0.0972065 0.968637
0 0.317474 0.83602 0.330277 0.803314 0.317553 0.787572 0.30475 0.820278
0 0.300098 0.535165 0.297676 0.499266 0.277408 0.503588 0.279831 0.539487
0 0.690737 0.768686 0.704583 0.753879 0.691215 0.714374 0.67737 0.729181
0 0.341376 0.850751 0.35238 0.792302 0.331014 0.779588 0.32001 0.838038
0 0.0722735 0.931369 0.0877131 0.902651 0.0763634 0.883366 0.0609238 0.912084
0 0.683694 0.727066 0.69253 0.703276 0.676359 0.684294 0.667523 0.708085
0 0.486491 0.949225 0.490059 0.908296 0.473033 0.903606 0.469466 0.944535
0 0.410931 0.810048 0.415053 0.784312 0.400694 0.777042 0.396571 0.802778
0 0.483375 0.554844 0.486459 0.514577 0.462579 0.508796 0.459495 0.549064
0 0.776792 1.05692 0.833746 0.961296 0.75762 0.817997 0.700666 0.913622
0 0.524575 0.940948 0.525381 0.87732 0.502327 0.876397 0.501521 0.940026
0 0.350225 0.768962 0.352069 0.743214 0.333686 0.739054 0.331843 0.764802
0 0.650119 0.879527 0.660832 0.858235 0.643652 0.830914 0.632938 0.852206
0 0.356754 0.704489 0.361446 0.683334 0.347434 0.673513 0.342742 0.694669
0 0.495858 0.88143 0.502527 0.865822 0.48812 0.846367 0.481451 0.861975
0 0.309286 0.819815 0.315941 0.794962 0.304783 0.785518 0.298127 0.81037
0 0.700935 0.845365 0.716351 0.797734 0.696868 0.777804 0.681452 0.825436
0 0.538447 0.852863 0.54333 0.802808 0.514497 0.793919 0.509614 0.843974
0 0.698764 0.708572 0.704293 0.672904 0.685857 0.663872 0.680328 0.699539
0 0.460382 1.00288 0.467646 0.971553 0.456084 0.96308 0.44882 0.994408
0 0.318986 0.670026 0.330111 0.638001 0.320001 0.6269 0.308876 0.658925
0 0.56042 1.00829 0.562975 0.981993 0.531897 0.972454 0.529343 0.998753
0 0.491038 0.902834 0.492638 0.864037 0.473353 0.861523 0.471754 0.900321
0 0.237769 0.799863 0.257347 0.760008 0.237917 0.729841 0.218339 0.769697
0 0.470556 0.59896 0.497243 0.579714 0.490237 0.549013 0.46355 0.568258
0 0.659133 0.653375 0.660587 0.63146 0.64348 0.627873 0.642026 0.649788
0 0.476742 0.862543 0.475817 0.820351 0.457139 0.821644 0.458064 0.863837
0 0.253435 0.897777 0.263929 0.83186 0.235134 0.817371 0.22464 0.883288
0 0.674114 0.799362 0.699314 0.74645 0.651641 0.67469 0.626441 0.727603
0 0.464438 0.818068 0.467132 0.792339 0.454982 0.788318 0.452287 0.814046
0 0.545466 0.925662 0.546519 0.894632 0.531567 0.893028 0.530514 0.924058
0 0.455316 0.839914 0.456793 0.813361 0.44192 0.810747 0.440443 0.8373
0 0.727597 0.627477 0.7282 0.605112 0.7095 0.603517 0.708896 0.625882
0 0.675753 0.652539 0.675642 0.633364 0.663755 0.633583 0.663866 0.652757
0 0.482367 0.849925 0.500282 0.828648 0.484037 0.785419 0.466122 0.806697
0 0.211599 0.854994 0.237788 0.834206 0.231692 0.809934 0.205503 0.830721
0 0.318379 0.803003 0.324548 0.77829 0.311141 0.767713 0.304972 0.792427
0 0.308126 0.785191 0.309303 0.762953 0.295105 0.760579 0.293928 0.782817
0 0.42031 0.8513 0.429692 0.82401 0.414367 0.807359 0.404985 0.834648
0 0.601772 1.00572 0.609618 0.9791 0.592502 0.963156 0.584656 0.989774
0 0.338379 0.745234 0.3396 0.722724 0.326709 0.720515 0.325489 0.743025
0 0.442974 0.38718 0.440312 0.353062 0.417619 0.358656 0.42028 0.392775
0 0.462657 0.577576 0.471768 0.551485 0.453372 0.531183 0.444261 0.557274
0 0.189236 0.841888 0.196727 0.817006 0.186756 0.807518 0.179265 0.8324
0 0.320077 0.995878 0.3318 0.963717 0.320593 0.950806 0.30887 0.982968
0 0.469417 0.978564 0.4824 0.951484 0.471243 0.934579 0.45826 0.96166
0 0.589244 0.989636 0.593394 0.955567 0.569885 0.946517 0.565735 0.980585
0 0.257004 0.829225 0.271818 0.789955 0.25515 0.770084 0.240337 0.809354
0 0.409664 0.785555 0.414323 0.764348 0.403852 0.757078 0.399193 0.778284
0 0.163414 0.943311 0.178263 0.920701 0.168297 0.900016 0.153448 0.922625
0 0.707805 0.779532 0.716487 0.750984 0.704781 0.739733 0.696099 0.768281
0 0.575048 0.865986 0.576547 0.842572 0.561654 0.839558 0.560155 0.862972
0 0.717341 0.712659 0.718161 0.657929 0.702565 0.65719 0.701745 0.71192
0 0.750898 0.568718 0.754914 0.550311 0.741268 0.540902 0.737252 0.559308
0 0.361165 0.655502 0.366386 0.633175 0.351214 0.621962 0.345993 0.644289
0 0.487285 0.987575 0.492412 0.954033 0.476046 0.946127 0.470919 0.97967
0 0.22312 0.962673 0.241364 0.920126 0.224735 0.897591 0.206491 0.940138
0 0.558841 0.377946 0.559463 0.32292 0.529075 0.321833 0.528452 0.37686
0 0.622892 0.998013 0.631995 0.939727 0.606069 0.92693 0.596966 0.985216
0 0.33825 0.655762 0.341117 0.632573 0.32836 0.627589 0.325493 0.650778
0 0.225277 0.978671 0.241824 0.950411 0.232688 0.933506 0.216142 0.961767
0 0.434092 0.782363 0.435474 0.75998 0.424099 0.757761 0.422717 0.780144
0 0.539489 0.809767 0.544572 0.785004 0.532154 0.776948 0.527071 0.801712
0 0.517879 0.807671 0.519858 0.765113 0.498815 0.76202 0.496835 0.804578
0 0.205272 1.01411 0.241309 0.992688 0.235597 0.96232 0.19956 0.983743
0 0.669756 0.863397 0.675833 0.836905 0.663598 0.828035 0.657521 0.854527
0 0.750309 0.639953 0.753929 0.608973 0.740323 0.603949 0.736703 0.634929
0 0.683227 0.567359 0.687431 0.544243 0.673382 0.536167 0.669178 0.559282
0 0.698399 0.786491 0.702797 0.766204 0.689889 0.75736 0.685491 0.777647
0 0.539638 0.756685 0.532721 0.687976 0.51035 0.695094 0.517267 0.763803
0 0.160157 0.85477 0.163838 0.831968 0.152767 0.82632 0.149086 0.849122
0 0.664532 0.609316 0.666868 0.587904 0.649515 0.581921 0.647179 0.603333
0 0.535136 0.970815 0.540722 0.929634 0.518045 0.919913 0.512459 0.961094
0 0.443637 0.885652 0.451698 0.853604 0.438478 0.843093 0.430416 0.875142
0 0.108667 0.43798 0.119027 0.378088 0.0632943 0.347618 0.0529339 0.407509
0 0.344482 0.731017 0.353835 0.713474 0.341812 0.693215 0.332459 0.710758
0 0.440214 0.80117 0.443126 0.778481 0.431494 0.773763 0.428582 0.796452
0 0.691179 0.805995 0.69756 0.785231 0.685383 0.773403 0.679002 0.794167
0 0.529003 0.788229 0.542503 0.765438 0.533813 0.74917 0.520314 0.771961
0 0.550827 0.829772 0.554886 0.796208 0.541928 0.791256 0.537869 0.82482
0 0.180905 0.742461 0.193988 0.696337 0.173827 0.678264 0.160745 0.724389
0 0.469111 0.774644 0.488293 0.750558 0.479286 0.727887 0.460104 0.751974
0 0.409501 1.00722 0.416168 0.983907 0.405248 0.974036 0.398581 0.997348
0 0.433426 0.916485 0.437593 0.851965 0.395636 0.843402 0.391469 0.907922
0 0.136611 0.97536 0.150374 0.933086 0.13696 0.919282 0.123196 0.961557
0 0.973723 0.618681 0.976048 0.592962 0.960157 0.588423 0.957833 0.614142
0 0.372256 0.877763 0.379074 0.855045 0.369315 0.845788 0.362497 0.868506
0 0.595787 0.963608 0.605481 0.92836 0.57349 0.900553 0.563796 0.9358
0 0.370284 0.781303 0.373439 0.758037 0.354744 0.750022 0.351588 0.773288
0 0.246033 0.728009 0.246556 0.706548 0.232408 0.705459 0.231886 0.72692
0 0.715871 0.82754 0.729244 0.805853 0.714633 0.77738 0.701261 0.799067
0 0.405296 0.831995 0.413105 0.807258 0.401389 0.79557 0.393581 0.820307
0 0.695447 0.694176 0.703599 0.664426 0.686573 0.64968 0.678421 0.67943
0 0.747068 0.511865 0.750279 0.487206 0.732349 0.479826 0.729138 0.504485
0 0.423621 0.592171 0.425497 0.571121 0.413172 0.56765 0.411296 0.5887
0 0.978839 0.674599 0.975494 0.647209 0.946072 0.658566 0.949418 0.685957
0 0.801001 0.624449 0.802281 0.586965 0.780077 0.584568 0.778797 0.622052
0 0.674485 0.60985 0.683206 0.575955 0.670302 0.565461 0.66158 0.599356
0 0.1491 0.849882 0.152491 0.827897 0.14253 0.823042 0.13914 0.845027
0 0.692693 0.619061 0.698896 0.595778 0.683397 0.582729 0.677195 0.606013
0 0.383737 0.866705 0.392652 0.839297 0.378888 0.825146 0.369972 0.852554
0 0.568053 1.00018 0.57375 0.966487 0.559629 0.958941 0.553932 0.992636
0 0.545291 0.598607 0.54601 0.566856 0.527514 0.565531 0.526794 0.597282
0 0.351516 0.916696 0.36293 0.881677 0.351396 0.869796 0.339982 0.904815
0 0.372799 0.607795 0.381062 0.581677 0.363629 0.564245 0.355365 0.590364
0 0.489124 1.00805 0.496633 0.966224 0.480678 0.957171 0.473169 0.998999
0 0.563826 0.832578 0.568101 0.81052 0.555172 0.802601 0.550897 0.824658
0 0.349782 0.863726 0.352292 0.844822 0.338862 0.839187 0.336352 0.858091
0 0.343102 0.917421 0.350413 0.88552 0.338227 0.876693 0.330916 0.908594
0 0.687793 0.630125 0.689268 0.612111 0.67761 0.609093 0.676134 0.627108
0 0.053021 0.932468 0.0669208 0.908563 0.0600441 0.895926 0.0461444 0.919831
0 0.374457 0.401144 0.385734 0.343047 0.357073 0.325465 0.345797 0.383562
0 0.427241 0.627183 0.430855 0.594739 0.414301 0.588913 0.410688 0.621357
0 0.596149 0.846017 0.595813 0.826338 0.581418 0.827114 0.581753 0.846793
0 0.434489 0.838195 0.437749 0.817084 0.426063 0.811382 0.422803 0.832494
0 0.717411 0.507517 0.751236 0.479225 0.741668 0.443067 0.707842 0.471359
0 0.507044 0.865278 0.512185 0.841169 0.501627 0.834053 0.496486 0.858161
0 0.185935 0.994546 0.212245 0.973977 0.206203 0.949553 0.179894 0.970122
0 0.471507 0.815352 0.476402 0.791289 0.466044 0.78463 0.461149 0.808693
0 0.276674 0.717651 0.278102 0.699063 0.265292 0.695953 0.263865 0.714541
0 0.543269 0.875593 0.546188 0.846207 0.53065 0.841329 0.527731 0.870715
0 0.361389 0.871102 0.366124 0.842578 0.353516 0.835963 0.348781 0.864487
0 0.557526 0.900857 0.564732 0.874609 0.555547 0.86664 0.548341 0.892888
0 0.421421 0.724734 0.428747 0.705015 0.412989 0.686513 0.405663 0.706232
0 0.142229 0.882359 0.146658 0.858 0.137087 0.852499 0.132658 0.876859
0 0.00607259 1.0046 0.0199554 0.975892 0.00889977 0.958995 -0.00498304 0.987703
0 0.695492 0.639987 0.69976 0.619338 0.686484 0.610663 0.682215 0.631313
0 0.215136 0.565243 0.216106 0.544912 0.203676 0.543038 0.202706 0.56337
0 0.214718 0.525591 0.217368 0.506131 0.203949 0.500356 0.201299 0.519817
0 0.396571 0.809676 0.399171 0.789967 0.387392 0.785056 0.384792 0.804765
0 0.211043 0.892548 0.22202 0.846359 0.19943 0.829391 0.188453 0.87558
0 0.453679 0.808137 0.455175 0.786073 0.442362 0.783327 0.440866 0.805391
0 0.403653 0.713686 0.408472 0.683828 0.394066 0.67648 0.389247 0.706338
0 0.441264 0.362787 0.443244 0.335022 0.41976 0.329729 0.41778 0.357494
0 0.48686 0.857967 0.491635 0.840692 0.480076 0.830594 0.475301 0.847869
0 0.238012 0.746506 0.241405 0.722283 0.226859 0.715844 0.223466 0.740067
0 0.369518 0.837528 0.377025 0.807973 0.367545 0.800363 0.360038 0.829918
0 0.191836 0.976737 0.206447 0.931207 0.184118 0.908561 0.169507 0.954091
0 0.683724 0.687977 0.687948 0.656718 0.673126 0.650389 0.668902 0.681648
0 0.135881 0.904846 0.141896 0.881523 0.133194 0.87443 0.127179 0.897753
0 0.752145 0.499322 0.773541 0.478471 0.768366 0.461687 0.74697 0.482539
0 0.121453 0.907976 0.128501 0.888151 0.120367 0.879011 0.113319 0.898836
0 0.387636 1.01006 0.394476 0.985642 0.380666 0.973413 0.373825 0.997826
0 0.858211 0.534275 0.859383 0.504568 0.843837 0.50263 0.842665 0.532337
0 0.790245 0.594827 0.789648 0.568932 0.771886 0.570227 0.772483 0.596122
0 0.364156 0.808188 0.367187 0.785945 0.352434 0.779591 0.349403 0.801835
0 0.547474 0.750786 0.571809 0.705222 0.557226 0.680605 0.532891 0.72617
0 0.365629 0.984373 0.373487 0.949895 0.361997 0.941619 0.354139 0.976097
0 0.944808 0.751134 0.945878 0.724072 0.926703 0.721676 0.925633 0.748738
0 0.601304 0.885219 0.600356 0.860666 0.578389 0.863346 0.579337 0.887899
0 0.722077 0.793043 0.727239 0.772669 0.713285 0.761495 0.708123 0.781869
0 0.288131 1.00717 0.289145 0.956995 0.250748 0.954543 0.249734 1.00472
0 1.00706 0.891617 1.01118 0.770424 0.964709 0.765428 0.960586 0.88662
0 0.112739 0.314338 0.128796 0.28831 0.111192 0.253987 0.0951353 0.280015
0 0.676724 0.636756 0.678217 0.615014 0.663725 0.611871 0.662232 0.633613
0 0.560317 0.815294 0.565888 0.785062 0.553078 0.777601 0.547507 0.807832
0 0.663722 0.846607 0.667481 0.817252 0.651192 0.81066 0.647433 0.840014
0 0.180365 0.978726 0.190436 0.956373 0.180281 0.941914 0.17021 0.964267
0 0.700943 0.720978 0.703861 0.699636 0.692502 0.694727 0.689584 0.71607
0 0.22561 0.748623 0.226709 0.724073 0.203585 0.720802 0.202486 0.745351
0 0.658963 0.805039 0.668078 0.783386 0.645119 0.75284 0.636004 0.774493
0 0.608138 0.860129 0.608389 0.836852 0.593601 0.836347 0.593349 0.859624
0 0.348001 0.934257 0.359954 0.899661 0.347884 0.886482 0.335932 0.921078
0 0.394432 0.135404 0.401694 0.0882509 0.368468 0.0720782 0.361206 0.119231
0 0.684547 0.828109 0.690274 0.800161 0.67817 0.792322 0.672443 0.820269
0 0.314903 1.00793 0.316174 0.984906 0.300421 0.982159 0.29915 1.00519
0 0.682411 0.844065 0.687975 0.814889 0.676811 0.80816 0.671247 0.837336
0 0.723155 0.741144 0.725643 0.718606 0.714302 0.714649 0.711814 0.737188
0 0.26223 0.786889 0.276477 0.757165 0.263881 0.738084 0.249634 0.767808
0 0.486614 0.786872 0.489764 0.760944 0.475219 0.755357 0.472068 0.781286
0 0.552493 0.786205 0.55606 0.763493 0.543919 0.757466 0.540352 0.780179
0 0.454237 0.126957 0.47768 0.0224171 0.399431 -0.0330393 0.375989 0.0715002
0 0.239025 0.635212 0.257056 0.594238 0.242517 0.574017 0.224486 0.614992
0 0.58953 0.862862 0.589471 0.841097 0.576043 0.841211 0.576102 0.862977
0 0.653208 0.90397 0.657633 0.87159 0.63855 0.863347 0.634124 0.895727
0 0.171396 0.835223 0.173429 0.818605 0.163395 0.814724 0.161362 0.831342
0 0.337748 0.855935 0.340607 0.833641 0.326688 0.828 0.323829 0.850294
0 0.630973 0.937492 0.631456 0.864804 0.588122 0.863894 0.587639 0.936583
0 0.402444 0.59365 0.402431 0.566669 0.382878 0.566699 0.382891 0.593679
0 0.186237 0.842763 0.192561 0.818147 0.182875 0.810282 0.17655 0.834897
0 0.581122 0.826878 0.593147 0.804713 0.576891 0.776841 0.564866 0.799006
0 0.172315 0.853915 0.173888 0.836451 0.164597 0.833806 0.163024 0.85127
0 0.72076 0.768546 0.726011 0.745987 0.715794 0.738471 0.710544 0.76103
0 0.319786 0.754049 0.322775 0.736692 0.312289 0.730985 0.3093 0.748342
0 0.363083 0.686762 0.367834 0.664311 0.355204 0.655864 0.350453 0.678315
0 0.732683 1.00732 0.738365 0.931799 0.698754 0.92238 0.693072 0.997903
0 0.194624 0.921688 0.204457 0.882753 0.186206 0.868186 0.176373 0.907121
0 0.339855 0.975723 0.351895 0.945984 0.342067 0.933409 0.330027 0.963148
0 0.549481 0.769497 0.552442 0.751619 0.540885 0.74557 0.537924 0.763448
0 0.472403 1.00544 0.479779 0.975702 0.467544 0.96611 0.460169 0.995847
0 0.710205 0.747404 0.715532 0.716507 0.701906 0.709082 0.696579 0.739979
0 0.632342 1.00496 0.632472 0.981678 0.613319 0.981341 0.613189 1.00462
0 0.737167 0.757582 0.742795 0.733391 0.728957 0.723215 0.723328 0.747407
0 0.124318 0.661013 0.12823 0.618418 0.103825 0.611334 0.0999134 0.653929
0 0.494043 0.569191 0.529256 0.521383 0.511769 0.480674 0.476555 0.528483
0 0.152606 0.971914 0.163987 0.952058 0.155648 0.936952 0.144267 0.956807
0 0.735266 0.691678 0.739952 0.66797 0.727932 0.660461 0.723246 0.684169
0 0.484763 0.744759 0.49664 0.72236 0.477899 0.690952 0.466022 0.713351
0 0.381483 0.572697 0.385165 0.536252 0.367744 0.530689 0.364061 0.567134
0 0.819309 0.71318 0.830552 0.695291 0.817001 0.668372 0.805757 0.686261
0 0.352771 0.788942 0.355512 0.769061 0.341596 0.762998 0.338856 0.782879
0 0.696426 0.200688 0.711923 0.139086 0.691646 0.122964 0.676149 0.184566
0 0.836308 0.462039 0.839667 0.420951 0.814637 0.414484 0.811278 0.455572
0 0.208665 0.393596 0.212497 0.356575 0.191684 0.349766 0.187852 0.386787
0 0.763719 0.792366 0.765611 0.775231 0.753351 0.770953 0.75146 0.788088
0 0.569863 0.967228 0.574204 0.936485 0.558867 0.929639 0.554526 0.960382
0 0.672574 0.58136 0.676279 0.548131 0.658209 0.541763 0.654503 0.574991
0 0.64694 0.579118 0.651656 0.554639 0.637346 0.545925 0.63263 0.570404
0 0.0754643 1.00017 0.0900413 0.980589 0.0831883 0.964462 0.0686113 0.98404
0 0.477208 0.0753316 0.491792 0.0410766 0.477374 0.0216755 0.46279 0.0559305
0 0.488034 0.109893 0.49466 0.0542034 0.476618 0.0474195 0.469993 0.103109
0 0.583789 0.719531 0.585335 0.69202 0.570996 0.689472 0.569449 0.716983
0 0.118028 1.00375 0.132956 0.979443 0.124426 0.962883 0.109498 0.987186
0 0.0103002 0.966488 0.0115385 0.944741 -0.000222251 0.942624 -0.00146054 0.964372
