0 0.105444 1.01368 0.187439 0.991582 0.180394 0.908952 0.098399 0.931047
0 0.994538 1.04664 1.0262 0.827569 0.846353 0.74543 0.814695 0.964501
0 0.213413 0.609037 0.204888 0.561189 0.174407 0.578353 0.182932 0.626201
0 0.319492 0.977768 0.336938 0.939542 0.320945 0.916473 0.303499 0.9547
0 0.433512 0.97404 0.443283 0.916149 0.405362 0.89592 0.395591 0.953811
0 0.818281 0.631089 0.811879 0.591164 0.781397 0.606611 0.787799 0.646536
0 0.42347 0.915028 0.430737 0.859738 0.40796 0.850277 0.400693 0.905566
0 0.832623 1.03929 0.882492 0.950798 0.795236 0.795395 0.745367 0.883891
0 0.741769 0.673976 0.755062 0.623837 0.736412 0.608209 0.723118 0.658348
0 0.101254 0.992747 0.114909 0.917592 0.083143 0.89935 0.0694875 0.974505
0 0.676477 0.815311 0.696994 0.788779 0.673542 0.731461 0.653025 0.757992
0 0.573878 1.00727 0.576352 0.942131 0.540987 0.937886 0.538512 1.00303
0 0.410796 0.865883 0.412951 0.841775 0.398978 0.837828 0.396824 0.861936
0 0.320244 0.887972 0.329368 0.863229 0.318664 0.850755 0.30954 0.875498
0 0.377284 1.00507 0.378835 0.972017 0.360988 0.969371 0.359437 1.00243
0 0.325009 0.83504 0.326437 0.808532 0.31038 0.805797 0.308951 0.832305
0 0.373125 0.89987 0.379816 0.858247 0.354095 0.84518 0.347404 0.886803
0 0.684978 0.751555 0.687393 0.719607 0.667568 0.714872 0.665154 0.74682
0 0.18031 0.848462 0.193422 0.815791 0.18288 0.802419 0.169768 0.83509
0 0.791284 0.701387 0.800747 0.658328 0.761798 0.631276 0.752335 0.674334
0 0.461424 0.972103 0.466833 0.951039 0.452364 0.939297 0.446956 0.960361
0 0.761142 0.627767 0.766113 0.594802 0.731682 0.578392 0.726711 0.611357
0 0.530869 0.913529 0.566262 0.879972 0.540462 0.793969 0.505069 0.827526
0 0.295369 1.00875 0.313334 0.974726 0.302167 0.956088 0.284202 0.990107
0 0.215313 0.929941 0.216734 0.897092 0.19647 0.894321 0.195049 0.92717
0 0.402494 0.384412 0.405408 0.32468 0.373325 0.319734 0.370412 0.379466
0 0.786278 0.57209 0.790764 0.551249 0.777969 0.542545 0.773483 0.563386
0 0.376363 0.993424 0.392742 0.977564 0.379964 0.935854 0.363584 0.951714
0 0.504098 0.774759 0.506253 0.751361 0.492243 0.747281 0.490087 0.770679
0 0.562509 0.466878 0.55615 0.432025 0.530689 0.446707 0.537048 0.48156
0 0.450596 1.00137 0.457756 0.968707 0.444224 0.959333 0.437064 0.991999
0 0.289436 0.809031 0.291835 0.78109 0.2749 0.776496 0.272502 0.804437
0 0.4912 0.92128 0.491373 0.89454 0.473201 0.894168 0.473028 0.920908
0 0.695196 0.578942 0.704954 0.542264 0.68768 0.52774 0.677922 0.564418
0 0.200746 0.94005 0.200991 0.902478 0.178706 0.902017 0.17846 0.939589
0 0.334841 0.866823 0.337345 0.841752 0.323067 0.837246 0.320563 0.862318
0 0.267359 0.8461 0.277095 0.823908 0.267635 0.810791 0.257899 0.832982
0 0.532338 0.673759 0.542349 0.6537 0.527582 0.630408 0.517571 0.650467
0 0.205346 0.772213 0.206753 0.745201 0.188884 0.74226 0.187477 0.769272
0 0.524742 0.643436 0.530362 0.622605 0.514832 0.609365 0.509213 0.630196
0 0.357763 0.914712 0.36183 0.880182 0.346335 0.874414 0.342268 0.908944
0 0.535295 0.622649 0.538771 0.591147 0.524067 0.58602 0.520591 0.617522
0 0.245396 0.871073 0.259791 0.83575 0.244085 0.81552 0.22969 0.850843
0 0.245394 0.998439 0.281664 0.918012 0.245874 0.867004 0.209605 0.947431
0 0.772153 0.598784 0.776449 0.577767 0.758544 0.566201 0.754248 0.587218
0 0.20771 0.751525 0.212967 0.729948 0.198542 0.71884 0.193285 0.740418
0 0.719982 0.773795 0.7269 0.749878 0.700577 0.725814 0.693659 0.749731
0 0.716772 0.837772 0.724062 0.794914 0.704624 0.784465 0.697334 0.827322
0 0.618876 0.796023 0.636304 0.772376 0.617642 0.728907 0.600214 0.752554
0 0.311751 0.970372 0.30501 0.883183 0.259295 0.894353 0.266036 0.981543
0 0.173606 0.891905 0.187163 0.858229 0.175268 0.843094 0.161711 0.876771
0 0.316389 0.94957 0.347643 0.902699 0.327412 0.860062 0.296158 0.906933
0 0.393975 0.914978 0.412722 0.878675 0.399365 0.856877 0.380619 0.89318
0 0.782482 0.654147 0.787005 0.630636 0.763341 0.616248 0.758818 0.639759
0 0.51254 0.624316 0.519466 0.608576 0.508503 0.59333 0.501577 0.60907
0 0.481455 0.896192 0.491931 0.847597 0.472597 0.834425 0.462121 0.88302
0 0.361097 0.929849 0.385333 0.905726 0.377878 0.882055 0.353642 0.906177
0 0.665501 0.884262 0.684103 0.838798 0.637813 0.77894 0.619211 0.824404
0 0.588828 0.553895 0.599309 0.512939 0.578801 0.496352 0.56832 0.537309
0 0.163327 0.728529 0.175973 0.698633 0.165012 0.683979 0.152366 0.713876
0 0.268927 1.00263 0.280307 0.971002 0.265811 0.954517 0.254431 0.986143
0 0.541409 0.961714 0.54334 0.937591 0.527637 0.933618 0.525706 0.957742
0 0.43623 1.00472 0.443114 0.974753 0.430804 0.965814 0.423919 0.99578
0 0.359595 0.865047 0.361007 0.83763 0.343217 0.834736 0.341805 0.862153
0 0.444753 0.974539 0.453613 0.944719 0.442137 0.933942 0.433276 0.963762
0 0.54558 0.807388 0.546637 0.783156 0.533912 0.781402 0.532855 0.805635
0 0.234268 0.812827 0.232566 0.787263 0.210486 0.791909 0.212188 0.817473
0 0.157834 0.94169 0.189085 0.911801 0.177764 0.874391 0.146513 0.90428
0 0.194039 0.904896 0.214438 0.853673 0.193299 0.827066 0.1729 0.878289
0 0.1841 0.813098 0.185704 0.792289 0.174022 0.789444 0.172418 0.810253
0 0.664615 0.814685 0.671304 0.776962 0.636363 0.757379 0.629674 0.795102
0 0.209913 0.809901 0.208944 0.780412 0.189116 0.782472 0.190086 0.811962
0 0.346209 0.845155 0.344642 0.807772 0.327111 0.810095 0.328678 0.847478
0 0.556792 0.571351 0.564828 0.544973 0.555001 0.53551 0.546965 0.561888
0 0.284566 0.834664 0.292263 0.812666 0.281944 0.801253 0.274246 0.823251
0 0.794933 0.593607 0.796543 0.572817 0.783349 0.569588 0.781739 0.590378
0 0.517487 0.890968 0.520465 0.867405 0.502949 0.86041 0.499971 0.883973
0 0.495096 0.904235 0.496155 0.876106 0.478355 0.873989 0.477296 0.902118
0 0.768852 0.537496 0.774144 0.52145 0.762942 0.509776 0.757651 0.525822
0 0.411628 1.00534 0.422814 0.975422 0.412225 0.96291 0.401038 0.992832
0 0.223127 0.87049 0.22634 0.8378 0.207939 0.832083 0.204726 0.864774
0 0.445948 0.911002 0.459876 0.882475 0.44425 0.858363 0.430322 0.88689
0 0.611219 0.739863 0.612723 0.721026 0.601049 0.718079 0.599545 0.736916
0 0.191684 0.795886 0.192862 0.770778 0.179656 0.76882 0.178478 0.793927
0 0.320359 0.999597 0.330481 0.973662 0.317693 0.95789 0.307572 0.983824
0 0.594791 0.991679 0.592859 0.946658 0.572886 0.949367 0.574818 0.994389
0 0.65247 0.764323 0.659036 0.735092 0.636898 0.719374 0.630331 0.748605
0 0.463348 0.926209 0.46642 0.90449 0.45426 0.899054 0.451188 0.920773
0 0.21263 0.697735 0.213473 0.669807 0.195702 0.668111 0.194858 0.696039
0 0.548621 0.554248 0.555928 0.532507 0.54583 0.521782 0.538524 0.543523
0 0.0811769 1.0121 0.110468 0.996473 0.106468 0.972775 0.0771772 0.988399
0 0.550315 0.616843 0.550738 0.5802 0.533798 0.579582 0.533375 0.616225
0 0.510568 0.803983 0.511791 0.773846 0.49345 0.771494 0.492227 0.801631
0 0.762916 0.509117 0.767718 0.483293 0.751637 0.473843 0.746835 0.499668
0 0.274068 0.822998 0.278015 0.802474 0.263583 0.793702 0.259636 0.814227
0 0.398862 0.961149 0.403295 0.910491 0.370291 0.901363 0.365858 0.952021
0 0.521233 0.681414 0.524355 0.629015 0.484368 0.621484 0.481246 0.673883
0 0.29929 0.789421 0.301169 0.770476 0.289672 0.766872 0.287793 0.785816
0 0.502805 1.00468 0.513666 0.958775 0.500561 0.948975 0.4897 0.994881
0 0.858949 0.716736 0.860481 0.677538 0.830465 0.67383 0.828933 0.713028
0 0.273892 0.711802 0.276271 0.686963 0.261135 0.68238 0.258756 0.707219
0 0.620494 0.707437 0.626978 0.687134 0.617541 0.677611 0.611058 0.697914
0 0.391088 0.888642 0.392785 0.834534 0.370726 0.832347 0.369029 0.886455
0 0.059953 1.01616 0.0878274 0.985886 0.0779338 0.957091 0.0500594 0.987361
0 0.322675 0.793894 0.322492 0.773911 0.306618 0.77437 0.306801 0.794353
0 0.228327 1.008 0.24136 0.971373 0.225032 0.953014 0.211999 0.989645
0 0.0892393 0.842395 0.116816 0.817236 0.10868 0.789049 0.081103 0.814209
0 0.166864 0.858789 0.178405 0.840152 0.171395 0.826431 0.159854 0.845069
0 0.653549 0.672037 0.656724 0.633371 0.634613 0.627634 0.631438 0.6663
0 0.538203 0.63821 0.541293 0.615492 0.530248 0.610744 0.527158 0.633463
0 0.738529 0.772894 0.742929 0.754464 0.728912 0.743887 0.724512 0.762317
0 0.508635 0.827752 0.520267 0.797526 0.508787 0.783564 0.497156 0.813791
0 0.0654169 0.898126 0.0962331 0.85789 0.0807213 0.820342 0.0499051 0.860578
0 0.177194 0.739965 0.201262 0.716369 0.194711 0.69525 0.170643 0.718846
0 0.343386 0.565247 0.376796 0.512659 0.358932 0.476789 0.325522 0.529376
0 0.48352 0.967043 0.489843 0.944923 0.481114 0.937037 0.474791 0.959156
0 0.433948 0.976091 0.438312 0.92978 0.404542 0.919722 0.400178 0.966034
0 0.443637 0.928672 0.452235 0.909082 0.442321 0.895329 0.433722 0.914919
0 0.333622 0.558283 0.335554 0.518736 0.311504 0.515023 0.309573 0.55457
0 0.758088 0.592598 0.75947 0.5712 0.744819 0.56821 0.743437 0.589608
0 0.566867 0.951666 0.57788 0.930608 0.561709 0.90388 0.550697 0.924938
0 0.463917 0.905614 0.473039 0.884092 0.458241 0.864269 0.449119 0.88579
0 0.81154 0.673749 0.813485 0.650913 0.800671 0.647464 0.798726 0.6703
0 0.554296 0.724226 0.566687 0.707049 0.550546 0.670247 0.538155 0.687424
0 0.352881 0.874756 0.356506 0.846919 0.342286 0.841067 0.338661 0.868904
0 0.245761 1.01348 0.261359 0.987857 0.249972 0.965947 0.234374 0.991568
0 0.506195 0.71655 0.512955 0.69377 0.494569 0.676526 0.487809 0.699306
0 0.699859 0.849235 0.703167 0.815263 0.688428 0.810726 0.685119 0.844698
0 0.536936 0.762504 0.538699 0.736821 0.522464 0.7333 0.520701 0.758983
0 0.255849 0.735086 0.264383 0.711306 0.254291 0.69986 0.245757 0.723639
0 0.334822 0.979571 0.344611 0.94867 0.333312 0.937357 0.323523 0.968259
0 0.487267 0.997196 0.489093 0.971084 0.470346 0.966942 0.46852 0.993053
0 0.596502 0.747954 0.598347 0.715887 0.58653 0.713737 0.584685 0.745804
0 0.368306 0.979728 0.373225 0.951853 0.360201 0.94459 0.355282 0.972465
0 0.457273 0.942991 0.458244 0.9179 0.442752 0.916005 0.441781 0.941097
0 0.300284 0.860186 0.300209 0.835993 0.278745 0.836203 0.27882 0.860396
0 0.0224925 0.962243 0.0306657 0.926217 0.0174972 0.916775 0.00932402 0.952801
0 0.384914 0.802149 0.397219 0.768282 0.383944 0.753037 0.371638 0.786903
0 0.154809 0.856974 0.165534 0.832205 0.154256 0.816769 0.14353 0.841537
0 0.523825 0.99449 0.52487 0.975444 0.512887 0.973369 0.511843 0.992414
0 0.47595 0.964961 0.478677 0.943589 0.467087 0.938916 0.46436 0.960287
0 0.16309 0.882713 0.169776 0.85393 0.159227 0.846186 0.152541 0.874969
0 0.774858 0.606376 0.777097 0.590987 0.76576 0.585775 0.763521 0.601164
0 0.389068 0.756808 0.399356 0.731628 0.389991 0.719536 0.379704 0.744716
0 0.437029 0.886873 0.439252 0.860353 0.425941 0.856827 0.423718 0.883347
0 0.215204 0.726117 0.218299 0.704907 0.205198 0.698865 0.202103 0.720075
0 0.748399 0.72708 0.75325 0.699387 0.727884 0.685344 0.723033 0.713037
0 0.0514787 0.964371 0.0826482 0.927882 0.0735364 0.903282 0.0423669 0.939771
0 0.714988 0.678009 0.724992 0.652437 0.705382 0.628193 0.695379 0.653765
0 0.355054 0.949118 0.363611 0.922396 0.354702 0.913379 0.346145 0.940102
0 0.741095 0.756837 0.747161 0.72569 0.715923 0.706462 0.709857 0.737609
0 0.534515 0.79623 0.540527 0.76187 0.526086 0.753884 0.520073 0.788244
0 0.399137 0.808739 0.406021 0.773265 0.392948 0.765247 0.386064 0.80072
0 0.550733 0.662878 0.552595 0.634814 0.539928 0.632159 0.538067 0.660223
0 0.384112 0.584378 0.396959 0.562928 0.387038 0.544149 0.374191 0.565599
0 0.537824 0.720783 0.549248 0.698565 0.539945 0.683448 0.528522 0.705666
0 0.206882 0.95556 0.212447 0.927585 0.201028 0.920407 0.195464 0.948382
0 0.117761 0.886314 0.147751 0.853238 0.139253 0.82889 0.109264 0.861966
0 0.344287 0.94644 0.357722 0.918369 0.347118 0.902329 0.333683 0.9304
0 0.211401 0.78425 0.214219 0.761259 0.201293 0.756251 0.198474 0.779242
0 0.27463 0.64607 0.279957 0.617584 0.260953 0.606351 0.255626 0.634838
0 0.253566 0.618561 0.25102 0.593906 0.228344 0.601308 0.23089 0.625963
0 0.520252 0.757661 0.521355 0.735317 0.511163 0.733728 0.510061 0.756072
0 0.510441 0.748866 0.515196 0.728305 0.504265 0.720315 0.49951 0.740876
0 0.759642 0.731292 0.762849 0.710309 0.751152 0.704658 0.747945 0.72564
0 0.357822 0.821456 0.362489 0.778495 0.338257 0.770175 0.333589 0.813135
0 0.554783 0.950663 0.558587 0.91794 0.541891 0.911806 0.538087 0.944529
0 0.376163 0.783399 0.384991 0.742148 0.368688 0.731121 0.35986 0.772372
0 0.332273 0.759133 0.349689 0.738776 0.342831 0.720232 0.325415 0.740589
0 0.331645 0.809654 0.334 0.785246 0.321956 0.781572 0.3196 0.80598
0 0.534729 0.710526 0.538764 0.687725 0.527608 0.681485 0.523573 0.704286
0 0.510817 0.588758 0.515541 0.572079 0.506626 0.564098 0.501901 0.580777
0 0.35911 1.00757 0.363412 0.982007 0.345648 0.972557 0.341346 0.998117
0 0.685699 0.715139 0.688248 0.691452 0.67513 0.686989 0.67258 0.710676
0 0.433537 0.919361 0.443429 0.892443 0.431432 0.87851 0.421541 0.905428
0 0.435617 0.879657 0.496346 0.834752 0.479397 0.762307 0.418668 0.807211
0 0.319115 0.580616 0.322284 0.549536 0.299398 0.542162 0.296229 0.573242
0 0.394414 0.72705 0.397352 0.680967 0.373114 0.676084 0.370177 0.722167
0 0.320577 0.594852 0.348219 0.575074 0.341527 0.545515 0.313885 0.565293
0 0.213969 0.830362 0.21513 0.810711 0.202077 0.808274 0.200916 0.827925
0 0.562307 0.669911 0.567674 0.650466 0.558647 0.642592 0.55328 0.662036
0 0.0264384 0.660753 0.0268647 0.640216 0.0108013 0.639163 0.010375 0.659699
0 0.521826 0.938832 0.529115 0.911602 0.516794 0.901178 0.509505 0.928408
0 0.712481 0.625256 0.71379 0.606713 0.702395 0.604172 0.701087 0.622714
0 0.256915 0.894249 0.274027 0.852914 0.261166 0.836086 0.244054 0.877421
0 0.225578 0.841173 0.226322 0.822949 0.209753 0.820813 0.209009 0.839036
0 0.182864 0.708637 0.185799 0.686895 0.173924 0.681829 0.170989 0.703571
0 0.219113 0.650714 0.225554 0.617817 0.206219 0.605851 0.199777 0.638749
0 0.81207 0.579685 0.814566 0.558371 0.798954 0.552592 0.796457 0.573906
0 0.272025 0.800686 0.27696 0.77908 0.266368 0.771436 0.261434 0.793041
0 0.845247 0.754803 0.848326 0.728084 0.833284 0.722605 0.830205 0.749325
0 0.319629 0.853585 0.322869 0.833142 0.313376 0.828387 0.310136 0.848829
0 0.476971 1.00358 0.476547 0.979266 0.462376 0.980047 0.4628 1.00436
0 0.290664 0.846838 0.295142 0.821958 0.280667 0.813724 0.276189 0.838604
0 0.522417 0.97386 0.526983 0.9481 0.515209 0.941504 0.510643 0.967264
0 0.319145 0.758255 0.321027 0.73526 0.307988 0.731888 0.306107 0.754883
0 0.367671 0.846727 0.369444 0.826398 0.353203 0.82192 0.351429 0.842248
0 0.739406 0.798703 0.74505 0.77858 0.727171 0.762733 0.721527 0.782856
0 0.606147 0.528185 0.611435 0.49684 0.597051 0.489171 0.591763 0.520516
0 0.841459 0.732734 0.843338 0.704961 0.824084 0.700844 0.822205 0.728616
0 0.515424 0.954241 0.525174 0.926132 0.514692 0.914639 0.504941 0.942749
0 0.272914 0.613171 0.274628 0.592809 0.261707 0.589371 0.259992 0.609733
0 0.0911652 0.636952 0.104703 0.619709 0.0977424 0.602438 0.0842046 0.619681
0 0.141686 0.355811 0.153483 0.324258 0.134496 0.301823 0.1227 0.333377
0 0.658106 0.942496 0.657946 0.848971 0.609213 0.849234 0.609372 0.942759
0 0.503271 0.9614 0.511995 0.926634 0.501205 0.918076 0.492481 0.952843
0 0.524575 0.704704 0.5304 0.669288 0.506352 0.656788 0.500528 0.692205
0 0.535702 0.941942 0.537823 0.920589 0.525715 0.916787 0.523593 0.93814
0 0.253148 0.688527 0.265002 0.634854 0.227325 0.608555 0.215471 0.662228
0 0.851993 0.592929 0.852672 0.5742 0.838598 0.572587 0.837919 0.591315
0 0.544891 0.734099 0.552051 0.710085 0.541885 0.700504 0.534724 0.724518
0 0.520566 0.611042 0.523022 0.588349 0.512105 0.584614 0.509648 0.607307
0 0.893377 0.595954 0.902301 0.575499 0.882907 0.548761 0.873984 0.569216
0 0.399768 0.769071 0.40563 0.745785 0.395175 0.737467 0.389313 0.760753
0 0.234158 0.716771 0.240985 0.67319 0.22275 0.664163 0.215923 0.707743
0 0.63512 0.705639 0.640956 0.673921 0.629053 0.666999 0.623217 0.698716
0 0.11726 0.800489 0.119672 0.775116 0.105979 0.771002 0.103567 0.796376
0 0.403182 0.993669 0.405488 0.966589 0.392488 0.96309 0.390182 0.99017
0 0.513438 0.932756 0.525321 0.892498 0.511557 0.879658 0.499674 0.919916
0 0.790598 0.589852 0.792776 0.573562 0.780383 0.568326 0.778205 0.584615
0 0.285442 1.00737 0.292358 0.984885 0.281302 0.974136 0.274386 0.996618
0 0.879017 0.564904 0.878097 0.545925 0.863604 0.548145 0.864524 0.567124
0 0.411488 0.744973 0.417134 0.72457 0.406682 0.715428 0.401036 0.73583
0 0.405645 0.712381 0.42115 0.662448 0.404744 0.646348 0.389239 0.696281
0 0.482723 0.784853 0.483978 0.765562 0.472532 0.763208 0.471277 0.782499
0 0.334024 0.909889 0.350661 0.88303 0.337551 0.857366 0.320914 0.884225
0 0.622967 1.00092 0.624052 0.969868 0.608765 0.968179 0.607679 0.999228
0 0.565573 0.758905 0.571152 0.736474 0.55047 0.720216 0.544891 0.742647
0 0.936075 0.641356 0.941542 0.616407 0.927045 0.606368 0.921578 0.631316
0 0.122526 0.628991 0.123405 0.611092 0.108836 0.608832 0.107957 0.626731
0 0.683519 0.650485 0.685153 0.628595 0.673489 0.625843 0.671854 0.647733
0 0.29465 0.857292 0.295771 0.828797 0.275159 0.826233 0.274038 0.854727
0 0.102207 0.919935 0.119061 0.872048 0.0992665 0.850029 0.082412 0.897916
0 0.0431804 1.00668 0.0751789 0.970741 0.0623278 0.934577 0.0303292 0.970514
0 0.333744 1.00274 0.336261 0.980975 0.321578 0.975609 0.319061 0.997377
0 0.467372 0.997786 0.471127 0.96864 0.45843 0.96347 0.454675 0.992616
0 0.773493 0.568291 0.777072 0.553705 0.767232 0.546073 0.763653 0.560659
0 0.601865 0.721164 0.604827 0.705913 0.593265 0.698814 0.590302 0.714064
0 0.495194 0.944408 0.502577 0.916337 0.49276 0.908175 0.485376 0.936246
0 0.504738 0.632434 0.508923 0.608768 0.493698 0.600259 0.489513 0.623926
0 0.672838 0.925183 0.694023 0.882873 0.673015 0.849629 0.65183 0.89194
0 0.683345 0.215599 0.681926 0.156283 0.649884 0.158705 0.651303 0.218021
0 0.499391 0.591243 0.501081 0.570439 0.487916 0.567059 0.486226 0.587863
0 0.801632 0.668859 0.804795 0.645358 0.790545 0.639298 0.787382 0.662798
0 0.228566 0.60995 0.231202 0.574194 0.212129 0.569751 0.209493 0.605506
0 0.610137 0.5997 0.627792 0.55723 0.610957 0.535111 0.593302 0.577581
0 0.709336 0.609601 0.709153 0.585644 0.694965 0.585988 0.695148 0.609945
0 0.187612 1.00282 0.186575 0.9793 0.163729 0.982484 0.164766 1.00601
0 0.303031 0.724501 0.305683 0.699576 0.284933 0.692598 0.282281 0.717524
0 0.613198 0.978712 0.61946 0.953348 0.607012 0.943634 0.600749 0.968998
0 0.498433 0.864882 0.503441 0.844009 0.487625 0.832016 0.482617 0.852889
0 0.666809 0.578368 0.668176 0.557746 0.655076 0.555003 0.653709 0.575624
0 0.530064 0.734514 0.532129 0.713232 0.521274 0.709902 0.519209 0.731185
0 0.401888 0.981085 0.406239 0.953851 0.392057 0.94669 0.387706 0.973924
0 0.69441 0.704579 0.695657 0.681815 0.682657 0.679564 0.68141 0.702328
0 0.710249 0.583324 0.710952 0.563105 0.696665 0.561537 0.695963 0.581755
0 0.761952 0.637834 0.765385 0.618913 0.751388 0.610887 0.747955 0.629808
0 0.495759 0.9734 0.505945 0.944536 0.496885 0.934431 0.486699 0.963295
0 0.258084 0.830969 0.260713 0.812451 0.249965 0.807627 0.247336 0.826145
0 0.410603 0.776616 0.418188 0.745595 0.406815 0.736808 0.399231 0.767828
0 0.904826 0.594601 0.911211 0.576688 0.89975 0.563776 0.893365 0.58169
0 0.404901 0.828435 0.411995 0.796803 0.399177 0.787717 0.392083 0.819349
0 0.301084 0.837709 0.303897 0.816303 0.293417 0.81195 0.290604 0.833357
0 0.513316 1.00539 0.515434 0.976705 0.501558 0.973468 0.49944 1.00215
0 0.730723 0.638992 0.737182 0.606458 0.722376 0.597168 0.715917 0.629702
0 0.214174 0.905946 0.216807 0.884876 0.202394 0.879183 0.199761 0.900253
0 0.743741 0.724083 0.74957 0.694508 0.71937 0.675697 0.713541 0.705272
0 0.353542 0.98544 0.356 0.962388 0.341842 0.957618 0.339385 0.980669
0 0.755275 0.567237 0.755313 0.549402 0.742066 0.549312 0.742027 0.567147
0 0.457792 0.791913 0.465061 0.769659 0.456358 0.760675 0.449089 0.782929
0 0.603017 0.561182 0.613593 0.526628 0.600524 0.513986 0.589948 0.54854
0 0.578334 0.918054 0.579421 0.893791 0.565134 0.891768 0.564047 0.916031
0 0.570529 0.518115 0.572481 0.493832 0.556949 0.489886 0.554997 0.514169
0 0.622534 0.744055 0.626003 0.72288 0.614037 0.716685 0.610569 0.73786
0 0.470701 0.767374 0.475917 0.749704 0.467423 0.741778 0.462206 0.759448
0 0.751449 0.786007 0.753863 0.77096 0.74013 0.763998 0.737717 0.779045
0 0.20739 0.65505 0.211369 0.628865 0.196124 0.621543 0.192145 0.647728
0 0.640331 0.59204 0.642154 0.570384 0.630686 0.567334 0.628863 0.58899
0 0.587482 0.611398 0.594217 0.591102 0.580074 0.576269 0.573339 0.596566
0 0.215571 0.890123 0.223142 0.867526 0.212397 0.856149 0.204826 0.878746
0 0.496624 0.879701 0.499401 0.861203 0.486903 0.855273 0.484126 0.873771
0 0.377137 0.832189 0.378551 0.80889 0.365693 0.806423 0.364279 0.829722
0 0.238395 0.74166 0.243278 0.7204 0.232649 0.712683 0.227765 0.733943
0 0.17108 0.810162 0.171517 0.791022 0.162083 0.790342 0.161646 0.809481
0 0.547586 0.634525 0.547364 0.61288 0.536864 0.613221 0.537086 0.634866
0 0.22367 0.907914 0.230342 0.882835 0.218124 0.872561 0.211452 0.89764
0 0.379743 0.18566 0.39404 0.166176 0.37809 0.129183 0.363792 0.148667
0 0.94641 0.650742 0.948693 0.632209 0.935094 0.626913 0.932811 0.645446
0 0.534715 0.738151 0.543548 0.705141 0.533191 0.696383 0.524359 0.729393
0 0.787793 0.54932 0.790271 0.529039 0.77557 0.523361 0.773091 0.543642
0 0.442718 0.761129 0.449949 0.735628 0.428624 0.716517 0.421393 0.742018
0 0.443487 0.797043 0.453407 0.771826 0.444504 0.760758 0.434584 0.785975
0 0.260476 0.748578 0.26485 0.727744 0.254934 0.721164 0.25056 0.741998
0 0.23967 0.999677 0.249148 0.971909 0.240634 0.962724 0.231156 0.990493
0 0.467136 0.864794 0.486738 0.828283 0.470927 0.801455 0.451325 0.837967
0 0.162139 0.833291 0.167542 0.812121 0.157372 0.803919 0.15197 0.82509
0 0.462193 0.367594 0.491113 0.325997 0.472561 0.285232 0.443641 0.326829
0 0.268354 0.578578 0.271185 0.543205 0.252077 0.538372 0.249246 0.573744
0 0.602059 0.764136 0.605394 0.741906 0.594249 0.736622 0.590914 0.758852
0 0.312827 0.878843 0.318254 0.852481 0.307158 0.845262 0.301732 0.871625
