0 0.47597 0.587346 0.476521 0.537449 0.448509 0.536472 0.447959 0.586369
0 0.421428 0.979082 0.426261 0.872244 0.362694 0.863154 0.35786 0.969992
0 0.570523 1.02204 0.587183 0.968808 0.551804 0.933811 0.535143 0.987044
0 0.983443 1.07738 1.02304 0.851771 0.819121 0.738646 0.779522 0.96425
0 0.361692 0.935277 0.367459 0.897071 0.345124 0.886415 0.339357 0.924621
0 0.512778 0.992948 0.501547 0.895116 0.455516 0.911818 0.466748 1.00965
0 0.536077 0.855422 0.535241 0.831477 0.5184 0.833335 0.519236 0.85728
0 0.368967 0.898449 0.375033 0.829918 0.348789 0.822577 0.342724 0.891107
0 0.513446 0.899048 0.51751 0.858867 0.49665 0.852199 0.492586 0.89238
0 0.32823 0.946244 0.353246 0.889449 0.333891 0.862505 0.308875 0.9193
0 0.885607 0.791214 0.885044 0.737774 0.856616 0.738721 0.85718 0.792161
0 0.499887 0.869259 0.502973 0.830341 0.482538 0.825221 0.479452 0.864138
0 0.431215 0.895183 0.432133 0.84143 0.398328 0.839606 0.397411 0.893359
0 0.554755 0.994108 0.543808 0.877392 0.49438 0.892045 0.505327 1.00876
0 0.0933527 0.808945 0.0935663 0.780693 0.0765975 0.780287 0.0763839 0.80854
0 0.361281 0.971307 0.377719 0.929446 0.360135 0.907623 0.343697 0.949484
0 0.460315 0.788342 0.46345 0.760981 0.446891 0.754986 0.443757 0.782347
0 0.534021 0.834053 0.537503 0.800092 0.521764 0.794993 0.518283 0.828954
0 0.615833 1.01176 0.630945 0.97539 0.607031 0.943984 0.591918 0.980353
0 0.11244 0.774749 0.117183 0.742773 0.0905077 0.730268 0.0857647 0.762243
0 0.793702 1.04507 0.844254 0.964166 0.763355 0.804412 0.712804 0.885317
0 0.964054 0.744182 0.972939 0.674873 0.928839 0.657003 0.919953 0.726312
0 0.338773 0.890828 0.341339 0.841636 0.313089 0.836979 0.310523 0.886172
0 0.319543 0.913112 0.320666 0.873835 0.298398 0.871822 0.297274 0.911099
0 0.897605 0.743116 0.90547 0.702932 0.887378 0.691741 0.879513 0.731924
0 0.329434 0.853221 0.354699 0.83435 0.349046 0.810428 0.32378 0.829299
0 0.109984 0.79385 0.111112 0.768815 0.0978611 0.766929 0.0967334 0.791964
0 0.408386 1.01448 0.433184 0.971754 0.416145 0.940495 0.391347 0.983216
0 0.51694 0.862535 0.519168 0.838689 0.504134 0.83425 0.501906 0.858096
0 0.445898 0.759689 0.447091 0.739489 0.43465 0.737169 0.433458 0.757369
0 0.158812 1.01451 0.177525 0.979082 0.163323 0.955373 0.14461 0.990798
0 0.111419 0.723658 0.11358 0.698099 0.0998681 0.694435 0.097707 0.719994
0 0.602848 1.00707 0.604673 0.974443 0.585795 0.971105 0.583969 1.00373
0 0.0765728 0.821402 0.0786213 0.791928 0.055187 0.78678 0.0531384 0.816254
0 0.907117 0.604351 0.91036 0.552515 0.865022 0.543549 0.861779 0.595385
0 0.520379 0.840907 0.522548 0.816973 0.508684 0.813002 0.506515 0.836935
0 0.430714 0.854236 0.440176 0.820335 0.425072 0.807011 0.41561 0.840911
0 0.469762 0.853768 0.472207 0.825624 0.45753 0.821595 0.455085 0.849739
0 0.0979473 1.01495 0.138479 0.885249 0.0891135 0.836493 0.0485822 0.966193
0 0.0881996 0.650356 0.108868 0.589644 0.0763853 0.554696 0.0557174 0.615409
0 0.441316 0.919269 0.448103 0.886232 0.427774 0.873035 0.420988 0.906072
0 0.526145 0.720182 0.531083 0.696001 0.517916 0.687503 0.512978 0.711684
0 0.596015 0.580224 0.60021 0.538707 0.575199 0.53072 0.571004 0.572237
0 0.336901 0.960275 0.351274 0.925719 0.336133 0.905815 0.32176 0.940371
0 0.564693 0.953434 0.56936 0.924776 0.55462 0.917188 0.549952 0.945847
0 0.5191 0.816521 0.523779 0.793691 0.513797 0.787225 0.509117 0.810055
0 0.130416 0.743478 0.14661 0.70083 0.130129 0.681051 0.113935 0.7237
0 0.456422 0.914283 0.458737 0.88384 0.442541 0.879947 0.440225 0.91039
0 0.215904 0.99091 0.234638 0.96556 0.225576 0.944394 0.206842 0.969744
0 0.464712 1.00884 0.472345 0.972302 0.457179 0.962289 0.449546 0.998824
0 0.458854 0.692212 0.455613 0.665429 0.431958 0.674476 0.4352 0.701259
0 0.511158 0.75334 0.516345 0.731141 0.504596 0.722464 0.499409 0.744663
0 0.429732 0.682193 0.440225 0.653509 0.430072 0.641771 0.419579 0.670455
0 0.568193 0.843332 0.57039 0.822518 0.552696 0.816617 0.550499 0.837431
0 0.227635 1.00246 0.24101 0.979157 0.231806 0.962458 0.218432 0.985757
0 0.490349 0.410097 0.494874 0.347363 0.46261 0.340008 0.458085 0.402742
0 0.550112 0.840379 0.551526 0.819389 0.539049 0.816732 0.537635 0.837722
0 0.317967 0.970328 0.325736 0.918252 0.296394 0.904416 0.288624 0.956492
0 0.50977 0.733618 0.517245 0.711553 0.506703 0.700266 0.499228 0.722331
0 0.656475 0.899905 0.653897 0.854248 0.625379 0.859337 0.627957 0.904994
0 0.484199 0.907426 0.486707 0.882767 0.473708 0.878587 0.4712 0.903246
0 0.438847 0.773461 0.440382 0.754991 0.429051 0.752015 0.427516 0.770485
0 0.280875 0.932337 0.296798 0.908472 0.287799 0.889495 0.271876 0.913361
0 0.574857 0.830149 0.578529 0.808132 0.55801 0.797316 0.554338 0.819333
0 0.835863 0.623551 0.838123 0.593695 0.821864 0.589806 0.819605 0.619662
0 0.892394 0.701368 0.893022 0.677222 0.869557 0.675293 0.86893 0.69944
0 0.461428 0.942487 0.471648 0.916235 0.45914 0.900846 0.44892 0.927098
0 0.912779 0.678801 0.925407 0.653143 0.906697 0.62404 0.89407 0.649699
0 0.338755 0.979104 0.35272 0.954128 0.343137 0.937193 0.329172 0.962169
0 0.434412 0.816948 0.446855 0.785655 0.436958 0.773218 0.424516 0.804511
0 0.370414 0.763883 0.384644 0.733709 0.371357 0.713904 0.357126 0.744078
0 0.126135 0.774226 0.133421 0.742013 0.117927 0.730939 0.110642 0.763151
0 0.262892 0.948541 0.272938 0.916087 0.259824 0.903258 0.249778 0.935712
0 0.822724 0.788003 0.834479 0.76679 0.817112 0.736373 0.805357 0.757587
0 0.576286 0.8602 0.577844 0.839597 0.566127 0.836798 0.56457 0.857401
0 0.0740686 0.772638 0.0829037 0.743246 0.0698937 0.730886 0.0610587 0.760278
0 0.0443949 0.863076 0.0675078 0.825257 0.0530173 0.797268 0.0299044 0.835088
0 0.564821 0.88412 0.567702 0.857398 0.552235 0.852127 0.549354 0.87885
0 0.575511 0.934293 0.579882 0.906883 0.563997 0.898876 0.559626 0.926286
0 0.46188 0.812753 0.466792 0.797825 0.45594 0.78654 0.451028 0.801467
0 0.857642 0.789024 0.85967 0.746259 0.836051 0.742718 0.834022 0.785483
0 0.535036 0.88829 0.537839 0.855905 0.518548 0.850627 0.515745 0.883012
0 0.183901 0.969391 0.185165 0.945489 0.171348 0.94318 0.170084 0.967083
0 0.396556 1.0099 0.399938 0.97906 0.365498 0.967125 0.362116 0.997968
0 0.44951 0.876605 0.460511 0.825332 0.440312 0.811633 0.42931 0.862907
0 0.236494 0.966499 0.246431 0.943016 0.236738 0.930053 0.226801 0.953536
0 0.283787 0.839175 0.285121 0.81854 0.274242 0.816318 0.272908 0.836952
0 0.403133 0.80921 0.399862 0.775597 0.37546 0.783101 0.378731 0.816714
0 0.0974806 0.787704 0.0995534 0.763181 0.0797229 0.757883 0.0776501 0.782406
0 0.434312 1.01003 0.440212 0.983487 0.427347 0.974451 0.421447 1.001
0 0.243833 0.41232 0.250097 0.373564 0.208852 0.352493 0.202588 0.391249
0 0.213562 0.89599 0.21683 0.870419 0.201797 0.864346 0.198529 0.889918
0 0.559112 0.931055 0.562252 0.897596 0.545884 0.89274 0.542743 0.9262
0 0.0892237 0.719221 0.0921236 0.696681 0.0797533 0.691651 0.0768534 0.714191
0 0.536611 0.902359 0.542815 0.874718 0.520713 0.85904 0.514509 0.886681
0 0.463427 0.722849 0.465858 0.703417 0.453338 0.698468 0.450907 0.7179
0 0.0807831 0.838007 0.0822457 0.818606 0.0651187 0.814526 0.0636561 0.833926
0 0.220779 1.00819 0.225069 0.987389 0.215377 0.981072 0.211088 1.00187
0 0.210899 0.972987 0.21849 0.948762 0.209368 0.939728 0.201777 0.963953
0 0.0733164 1.01369 0.07868 0.9685 0.0401376 0.954042 0.034774 0.99923
0 0.00391426 0.967308 0.027885 0.935047 0.0140726 0.902611 -0.0098982 0.934872
0 0.470826 0.834888 0.476666 0.820844 0.463106 0.803025 0.457266 0.81707
0 0.303497 0.986916 0.32654 0.969625 0.321412 0.948026 0.298369 0.965316
0 0.449272 0.935916 0.451743 0.910819 0.438546 0.906713 0.436075 0.93181
0 0.590741 0.916027 0.589502 0.872173 0.570676 0.873854 0.571915 0.917708
0 0.199881 1.00173 0.197505 0.969186 0.173456 0.974735 0.175832 1.00728
0 0.841389 0.724109 0.845802 0.705277 0.82784 0.691974 0.823427 0.710806
0 0.809798 0.787508 0.815403 0.750333 0.79401 0.740138 0.788404 0.777313
0 0.0774107 0.902836 0.078704 0.87729 0.0624548 0.87469 0.0611616 0.900236
0 0.735905 0.998659 0.738697 0.916836 0.702416 0.912924 0.699625 0.994748
0 0.120047 0.74617 0.122555 0.725218 0.109423 0.72025 0.106915 0.741203
0 0.61206 0.946481 0.620135 0.929917 0.603638 0.904499 0.595563 0.921063
0 0.544202 0.819108 0.546143 0.796563 0.533722 0.793183 0.531781 0.815728
0 0.353074 0.741605 0.354115 0.720585 0.341667 0.718637 0.340626 0.739657
0 0.144641 0.971134 0.157762 0.939203 0.148179 0.926757 0.135058 0.958688
0 0.640104 1.00037 0.641684 0.951421 0.620241 0.949233 0.61866 0.998183
0 0.494319 0.906666 0.499715 0.885666 0.484957 0.873681 0.479561 0.894682
0 0.0764883 0.791936 0.0763187 0.770691 0.0559827 0.771204 0.0561524 0.792449
0 0.0337345 0.965181 0.0359214 0.933423 0.0189144 0.929722 0.0167275 0.96148
0 0.502063 0.834346 0.503706 0.815999 0.491427 0.812526 0.489785 0.830873
0 0.44819 0.817695 0.455252 0.793918 0.445052 0.784342 0.437989 0.808119
0 0.605001 0.972801 0.608171 0.925783 0.587678 0.921418 0.584508 0.968436
0 0.319878 0.529936 0.328467 0.504412 0.309969 0.484739 0.30138 0.510263
0 0.183764 0.982758 0.185179 0.958409 0.170946 0.955794 0.169531 0.980143
0 0.593411 0.106405 0.600358 0.0516111 0.580245 0.0435526 0.573298 0.0983469
0 0.587202 0.953729 0.590215 0.930041 0.577376 0.924881 0.574364 0.948568
0 0.11961 0.323783 0.12199 0.281862 0.0989362 0.277725 0.0965564 0.319647
0 0.624152 0.962177 0.626388 0.936474 0.61241 0.932631 0.610174 0.958334
0 0.410199 0.5468 0.411597 0.507014 0.392901 0.504938 0.391503 0.544724
0 0.387545 0.72212 0.389633 0.707456 0.379548 0.702916 0.377459 0.71758
0 0.545643 0.87287 0.546167 0.85318 0.535949 0.852321 0.535425 0.87201
0 0.613191 0.620027 0.609285 0.580782 0.582439 0.589226 0.586345 0.628471
0 0.471704 0.66605 0.472183 0.644124 0.458274 0.643163 0.457795 0.66509
0 0.306311 0.732418 0.312573 0.685163 0.290705 0.676003 0.284442 0.723259
0 0.468211 0.898505 0.472148 0.873629 0.459889 0.867498 0.455953 0.892374
0 0.463455 0.875119 0.465776 0.854904 0.455299 0.851102 0.452978 0.871317
0 0.533262 0.613449 0.534816 0.591496 0.522738 0.588795 0.521185 0.610747
0 0.0333084 0.941582 0.0429997 0.912059 0.0286353 0.897156 0.018944 0.926679
0 0.919231 0.543607 0.917254 0.489526 0.870234 0.494959 0.872211 0.549041
0 0.546223 0.856875 0.546703 0.840286 0.53694 0.839393 0.53646 0.855982
0 0.539677 0.801234 0.542529 0.782182 0.531278 0.77686 0.528427 0.795912
0 0.0940173 0.652958 0.0953356 0.624766 0.0783719 0.622259 0.0770536 0.650451
0 0.676183 0.81802 0.696444 0.762376 0.672902 0.735284 0.652641 0.790928
0 0.602283 0.808532 0.599929 0.772114 0.575061 0.777193 0.577415 0.813611
0 0.308077 0.833408 0.313049 0.808076 0.304098 0.802523 0.299125 0.827855
0 1.00237 0.878224 1.0172 0.720555 0.974115 0.707747 0.959285 0.865416
0 0.731915 0.634367 0.734475 0.610052 0.723083 0.606263 0.720524 0.630577
0 0.924119 0.717896 0.924156 0.682618 0.908703 0.682568 0.908666 0.717845
0 0.895079 0.769783 0.897535 0.744294 0.883951 0.740156 0.881494 0.765646
0 0.586748 0.971733 0.590361 0.950642 0.575555 0.942627 0.571943 0.963718
0 0.666923 0.638608 0.667804 0.603269 0.648194 0.601724 0.647314 0.637064
0 0.546523 0.839694 0.5466 0.819053 0.533438 0.818896 0.53336 0.839538
0 0.198507 1.00556 0.203684 0.971207 0.184453 0.962047 0.179276 0.9964
0 0.332665 0.742311 0.337039 0.714121 0.318062 0.704816 0.313688 0.733006
0 0.173984 0.950604 0.187858 0.932076 0.1817 0.917501 0.167826 0.93603
0 0.607259 0.907482 0.619431 0.865183 0.591508 0.839787 0.579336 0.882086
0 0.673229 0.396292 0.676767 0.335131 0.643216 0.328996 0.639677 0.390157
0 0.648825 0.850624 0.666528 0.825867 0.657155 0.804683 0.639452 0.829441
0 0.0836186 0.736495 0.0847589 0.714979 0.0710991 0.712691 0.0699588 0.734207
0 0.664213 0.872847 0.666325 0.848427 0.651871 0.844476 0.649759 0.868896
0 0.491953 0.897 0.498533 0.880209 0.485958 0.864637 0.479379 0.881428
0 0.152852 0.977961 0.164811 0.94774 0.156395 0.937214 0.144435 0.967434
0 0.824185 0.725665 0.829048 0.707935 0.816199 0.696796 0.811336 0.714526
0 0.36683 0.789975 0.36562 0.745748 0.338715 0.748075 0.339925 0.792302
0 0.554027 0.400998 0.551031 0.360814 0.52268 0.367496 0.525677 0.407679
0 0.575639 0.60009 0.583903 0.574247 0.564955 0.555096 0.556691 0.580939
0 0.450499 1.00097 0.45812 0.974357 0.445593 0.963019 0.437973 0.989627
0 0.602388 0.794949 0.615216 0.768805 0.592192 0.733102 0.579364 0.759246
0 0.242848 0.935678 0.246926 0.918651 0.236892 0.911054 0.232813 0.928081
0 0.119798 0.63469 0.123087 0.609936 0.11105 0.604881 0.107761 0.629636
0 0.234152 0.922875 0.235202 0.904746 0.224915 0.902864 0.223865 0.920993
0 0.937553 0.558977 0.943744 0.52548 0.926453 0.51538 0.920262 0.548877
0 0.191524 0.951955 0.196632 0.930213 0.187552 0.92347 0.182444 0.945213
0 0.913654 0.563984 0.915699 0.536296 0.893831 0.531191 0.891786 0.558879
0 0.221746 0.973393 0.23319 0.949754 0.223729 0.935278 0.212285 0.958918
0 0.402379 0.565145 0.404064 0.548802 0.392224 0.544941 0.390538 0.561284
0 0.0942685 0.742444 0.102817 0.71791 0.0894078 0.703144 0.0808595 0.727678
0 0.379558 0.82845 0.379963 0.78776 0.355234 0.786981 0.354828 0.827671
0 0.812778 0.750967 0.816709 0.732901 0.800876 0.722013 0.796945 0.740079
0 0.982298 0.521762 0.98455 0.499426 0.960936 0.491904 0.958685 0.51424
0 0.854184 0.765313 0.858514 0.735812 0.837998 0.726296 0.833668 0.755796
0 0.171631 0.900621 0.177196 0.881517 0.168776 0.873764 0.163211 0.892869
0 0.507276 0.616064 0.509789 0.590047 0.492681 0.584824 0.490168 0.610841
0 0.474618 0.705894 0.477298 0.685272 0.466244 0.680733 0.463564 0.701354
0 0.319711 1.0152 0.356371 0.990907 0.349891 0.960005 0.313232 0.984297
0 0.540157 0.648791 0.540618 0.616689 0.524153 0.615941 0.523692 0.648043
0 0.489684 0.7004 0.490996 0.671282 0.478031 0.669436 0.476719 0.698554
0 0.459733 0.963718 0.461781 0.938804 0.447053 0.934977 0.445005 0.959892
0 0.416137 0.8477 0.426204 0.821608 0.415643 0.80873 0.405576 0.834822
0 1.00202 0.493394 1.00701 0.458307 0.986974 0.449311 0.981989 0.484398
0 0.227236 0.880377 0.235404 0.861859 0.227516 0.850862 0.219348 0.869381
0 0.465104 0.760807 0.468497 0.74232 0.458276 0.736392 0.454883 0.754878
0 0.25914 0.884414 0.264026 0.862242 0.256692 0.857136 0.251807 0.879308
0 0.256748 0.9886 0.261555 0.965849 0.253289 0.960329 0.248482 0.98308
0 0.831751 0.763048 0.839657 0.729178 0.823287 0.717101 0.815381 0.750971
0 0.656544 0.270172 0.659865 0.21897 0.631609 0.213179 0.628289 0.264382
0 0.998813 0.543431 1.00484 0.511384 0.982656 0.498199 0.976629 0.530246
0 0.719528 0.394943 0.722687 0.356164 0.70067 0.350497 0.697511 0.389276
0 0.48536 0.625276 0.493293 0.604058 0.476877 0.584659 0.468943 0.605877
0 0.151652 0.445213 0.157423 0.409078 0.126575 0.393507 0.120804 0.429642
0 0.247644 0.974445 0.254493 0.953662 0.245287 0.944076 0.238439 0.964859
0 0.562858 0.853842 0.563795 0.838173 0.553179 0.836167 0.552242 0.851836
0 0.676057 0.857696 0.683653 0.830336 0.67022 0.818548 0.662624 0.845908
0 0.902298 0.78995 0.908859 0.763705 0.89557 0.753206 0.889009 0.779451
0 0.15684 0.793063 0.159142 0.770069 0.135489 0.762587 0.133187 0.785581
0 0.364075 0.712281 0.368593 0.698894 0.360332 0.690081 0.355813 0.703469
0 0.908534 0.710771 0.911446 0.687245 0.897566 0.681815 0.894654 0.705342
0 0.193776 0.964664 0.199422 0.949692 0.191902 0.940729 0.186256 0.955702
0 0.414757 0.802405 0.420253 0.780576 0.408959 0.771589 0.403463 0.793419
0 0.272211 0.830851 0.273662 0.812718 0.26513 0.81056 0.263679 0.828693
0 0.24949 1.00576 0.250351 0.983187 0.235519 0.981397 0.234657 1.00397
0 0.015987 0.73772 0.0157511 0.694806 -0.00428515 0.695154 -0.00404917 0.738068
