0 0.590264 0.846776 0.596601 0.812856 0.575006 0.800105 0.568669 0.834025
0 0.373459 0.897158 0.431054 0.825607 0.403809 0.756295 0.346214 0.827846
0 0.164797 0.813187 0.174812 0.769935 0.159421 0.758671 0.149406 0.801923
0 0.507885 0.823717 0.509552 0.793523 0.491753 0.790419 0.490087 0.820612
0 0.278142 0.911905 0.300318 0.864149 0.281804 0.836977 0.259628 0.884734
0 0.242754 0.875713 0.246217 0.82997 0.216074 0.822756 0.212611 0.868499
0 0.633009 0.787017 0.63441 0.761839 0.615654 0.758542 0.614253 0.78372
0 0.995607 0.99604 1.01356 0.860852 0.836919 0.786699 0.818963 0.921887
0 0.918683 0.600599 0.920823 0.575677 0.903969 0.571103 0.901829 0.596025
0 0.459164 0.881959 0.455767 0.848113 0.433192 0.855273 0.436589 0.88912
0 0.608417 0.807619 0.609934 0.780057 0.596119 0.777656 0.594602 0.805217
0 0.636987 0.807673 0.642808 0.784024 0.630733 0.77463 0.624912 0.798279
0 0.512136 0.776648 0.514319 0.753096 0.501233 0.749264 0.499051 0.772816
0 0.183873 0.865297 0.188906 0.837437 0.170947 0.827182 0.165913 0.855042
0 0.662799 0.84684 0.665628 0.818369 0.653541 0.814574 0.650713 0.843044
0 0.461664 0.994037 0.462238 0.946171 0.437707 0.945242 0.437134 0.993108
0 0.590407 0.940156 0.599743 0.924833 0.586021 0.898409 0.576685 0.913732
0 0.07934 0.972717 0.0819542 0.946017 0.0626248 0.940036 0.0600106 0.966735
0 0.122468 0.911675 0.128636 0.883842 0.117392 0.875966 0.111224 0.9038
0 0.539889 0.75849 0.543381 0.737032 0.525394 0.727783 0.521903 0.749241
0 0.981313 0.615194 0.984234 0.588357 0.970185 0.583524 0.967264 0.610361
0 0.0919879 1.01029 0.109056 0.983764 0.0982661 0.961819 0.0811983 0.988342
0 0.08548 0.993992 0.100802 0.961386 0.0881601 0.94261 0.0728379 0.975216
0 0.677191 0.894553 0.676444 0.853478 0.654767 0.854724 0.655514 0.8958
0 0.588427 0.963602 0.593398 0.931493 0.574434 0.922214 0.569463 0.954323
0 0.174769 0.834968 0.177323 0.804716 0.160246 0.800159 0.157692 0.830411
0 0.115587 0.997084 0.139365 0.932744 0.112194 0.901009 0.0884168 0.965348
0 0.48301 0.797575 0.481012 0.763227 0.454035 0.768187 0.456033 0.802535
0 0.392231 0.727825 0.395312 0.694768 0.379013 0.689968 0.375933 0.723025
0 0.569897 0.878572 0.567285 0.841836 0.543977 0.847075 0.54659 0.883811
0 0.0482309 0.903994 0.0494042 0.878249 0.0318643 0.875723 0.030691 0.901468
0 0.603937 0.869166 0.609258 0.839361 0.593035 0.830209 0.587715 0.860014
0 0.585969 0.876402 0.592518 0.848372 0.580914 0.839803 0.574365 0.867833
0 0.615993 0.846561 0.618199 0.819942 0.604716 0.816412 0.602511 0.843031
0 0.58669 0.80494 0.588455 0.787218 0.576173 0.783351 0.574408 0.801073
0 0.573214 0.889984 0.576678 0.86509 0.56359 0.859334 0.560126 0.884228
0 0.624314 0.745621 0.628463 0.728311 0.616121 0.71896 0.611971 0.73627
0 0.556473 0.906218 0.558106 0.878995 0.544463 0.876409 0.54283 0.903631
0 0.587411 0.774467 0.589035 0.752511 0.578184 0.749973 0.576559 0.77193
0 0.612808 0.745422 0.615781 0.723341 0.604863 0.718694 0.601889 0.740775
0 0.646024 0.900037 0.64686 0.866811 0.630521 0.865513 0.629685 0.898739
0 0.136087 0.92761 0.141717 0.906077 0.130085 0.896466 0.124455 0.917998
0 0.036742 0.986192 0.0393231 0.960875 0.0223257 0.955398 0.0197445 0.980715
0 0.00863264 0.987486 0.0266965 0.961161 0.0187107 0.943842 0.0006468 0.970167
0 0.661396 0.73954 0.662849 0.722186 0.651199 0.719104 0.649746 0.736458
0 0.186405 0.819114 0.190856 0.792128 0.173199 0.782923 0.168747 0.80991
0 0.607178 0.884057 0.613658 0.851703 0.596295 0.84071 0.589814 0.873065
0 0.0963786 0.818335 0.0994538 0.793806 0.0845892 0.787916 0.081514 0.812445
0 0.660709 0.675491 0.663413 0.646611 0.648643 0.642241 0.645939 0.671121
0 0.152325 0.780809 0.16554 0.755159 0.156947 0.741168 0.143732 0.766818
0 0.637003 0.949263 0.637689 0.910791 0.616518 0.909597 0.615831 0.948068
0 0.317117 0.853339 0.344268 0.830362 0.336079 0.799775 0.308927 0.822752
0 0.660241 0.800262 0.670463 0.784136 0.657938 0.759043 0.647716 0.775169
0 0.499511 0.923656 0.504507 0.898775 0.485072 0.886441 0.480076 0.911323
0 0.271098 0.89334 0.277365 0.847631 0.258517 0.839464 0.25225 0.885173
0 0.460561 0.781087 0.472067 0.744487 0.458006 0.730517 0.446501 0.767117
0 0.735811 0.793741 0.74238 0.767602 0.726785 0.755215 0.720216 0.781354
0 0.499183 0.728615 0.501904 0.702404 0.49073 0.698738 0.488008 0.724948
0 0.236838 0.98861 0.239835 0.963172 0.227248 0.958486 0.224252 0.983924
0 0.0225943 0.881134 0.0277347 0.860615 0.0145288 0.85016 0.00938846 0.870679
0 0.607568 0.928158 0.612627 0.887197 0.594843 0.880256 0.589785 0.921217
0 0.632152 0.730219 0.634604 0.707652 0.622218 0.703398 0.619766 0.725965
0 0.849062 0.751617 0.854518 0.726703 0.84199 0.718033 0.836534 0.742947
0 0.145727 0.924831 0.156754 0.90555 0.148545 0.890712 0.137518 0.909994
0 0.0297417 0.73916 0.0365546 0.708631 0.0206959 0.697446 0.0138829 0.727975
0 0.466941 0.618365 0.477367 0.556111 0.446493 0.53977 0.436068 0.602024
0 0.56527 0.988204 0.572676 0.962812 0.551809 0.943575 0.544403 0.968967
0 0.490113 0.763734 0.494963 0.742036 0.482165 0.732995 0.477315 0.754692
0 0.437563 0.909023 0.444605 0.888915 0.429908 0.872648 0.422866 0.892756
0 0.64928 0.73353 0.650193 0.70944 0.635578 0.707691 0.634666 0.731781
0 0.644491 0.711229 0.646149 0.693831 0.634313 0.690265 0.632654 0.707663
0 0.64551 0.864078 0.644003 0.824986 0.629628 0.826737 0.631134 0.865829
0 0.147133 0.796515 0.15176 0.772577 0.135684 0.762757 0.131058 0.786695
0 0.628489 0.905249 0.632282 0.851303 0.61075 0.846518 0.606957 0.900465
0 0.421676 0.75945 0.421866 0.712091 0.397554 0.711783 0.397364 0.759142
0 0.0569985 0.883728 0.0584485 0.856183 0.042009 0.853448 0.040559 0.880993
0 0.477424 0.748721 0.480214 0.723479 0.468017 0.719219 0.465228 0.744461
0 0.16324 0.996637 0.182703 0.97423 0.174058 0.950498 0.154595 0.972905
0 0.515882 0.838803 0.518187 0.814898 0.504332 0.810676 0.502027 0.83458
0 0.0223863 1.00133 0.0294454 0.977221 0.0175176 0.966182 0.0104585 0.990287
0 0.160543 0.865087 0.16903 0.84107 0.158207 0.828984 0.149721 0.853001
0 0.710052 0.773106 0.712594 0.751357 0.699809 0.746635 0.697268 0.768385
0 0.149437 1.01478 0.17917 0.999658 0.175039 0.973996 0.145306 0.989123
0 0.136731 0.888655 0.142217 0.868566 0.132318 0.860022 0.126832 0.880111
0 0.0709175 1.00455 0.0794189 0.977351 0.0649528 0.96306 0.0564514 0.990259
0 0.0498933 1.01213 0.0606463 0.980353 0.0456459 0.96431 0.0348929 0.996085
0 0.765158 0.799849 0.772716 0.784882 0.765169 0.772838 0.757611 0.787805
0 0.623165 0.817875 0.629346 0.794613 0.618647 0.785628 0.612466 0.80889
0 0.843961 0.730849 0.84743 0.70646 0.82559 0.696641 0.822121 0.72103
0 0.00658854 0.908886 0.0200143 0.883857 0.010794 0.868226 -0.00263173 0.893256
0 0.660192 0.723362 0.663178 0.707341 0.652462 0.701029 0.649476 0.71705
0 0.62336 0.973968 0.631298 0.955783 0.616479 0.935336 0.60854 0.953521
0 0.39264 0.756854 0.39613 0.730153 0.372778 0.720506 0.369288 0.747207
0 0.0249261 0.904046 0.0349698 0.875109 0.0247846 0.863936 0.0147409 0.892873
0 0.141968 0.818299 0.146973 0.793382 0.137656 0.787467 0.132651 0.812384
0 0.656846 0.911769 0.664119 0.89031 0.647574 0.872588 0.640301 0.894047
0 0.515098 0.744183 0.517783 0.72319 0.502912 0.717179 0.500228 0.738172
0 0.135048 0.907382 0.137829 0.887451 0.126451 0.882435 0.12367 0.902365
0 0.00963403 0.879148 0.0124304 0.854023 0.000388349 0.849787 -0.00240807 0.874912
0 0.688417 0.875038 0.691248 0.85107 0.677377 0.845892 0.674546 0.86986
0 0.109832 0.907228 0.11706 0.881013 0.107722 0.872875 0.100494 0.89909
0 0.580131 0.736698 0.58097 0.712043 0.568515 0.710703 0.567676 0.735358
0 0.592831 0.897309 0.601268 0.873252 0.588532 0.859134 0.580095 0.883191
0 0.64012 0.771732 0.643352 0.752616 0.628832 0.744857 0.6256 0.763973
0 0.695673 0.799226 0.697861 0.771824 0.685685 0.768752 0.683497 0.796153
0 0.487616 0.843688 0.497847 0.823759 0.482267 0.798479 0.472036 0.818408
0 0.612794 0.954538 0.621241 0.916955 0.605353 0.905668 0.596906 0.943251
0 0.139657 0.845493 0.147477 0.820526 0.138885 0.81202 0.131065 0.836986
0 0.538126 0.901227 0.543786 0.881796 0.530659 0.869711 0.524999 0.889141
0 0.636913 1.00843 0.641816 0.97414 0.621755 0.965072 0.616851 0.999359
0 0.797877 1.02149 0.848935 0.949345 0.789556 0.816534 0.738498 0.888681
0 0.148911 0.326221 0.149761 0.277226 0.120412 0.275617 0.119562 0.324612
0 0.399643 0.701302 0.401652 0.66516 0.381049 0.661539 0.379039 0.697681
0 0.0170981 0.965054 0.0155913 0.912991 -0.0043613 0.914816 -0.00285449 0.966879
0 0.105857 0.672155 0.106064 0.62819 0.0827579 0.627843 0.0825507 0.671808
0 0.454964 0.74293 0.465622 0.728943 0.453289 0.699244 0.442631 0.713231
0 0.146298 0.330023 0.14742 0.279771 0.105861 0.276837 0.104738 0.327089
0 0.0719631 0.94132 0.0735904 0.920381 0.0589099 0.916775 0.0572826 0.937714
0 0.617272 0.800914 0.621691 0.778967 0.609892 0.771457 0.605472 0.793404
0 0.927621 0.796416 0.943094 0.770499 0.933395 0.752199 0.917922 0.778115
0 0.71223 0.79147 0.715355 0.774184 0.701931 0.766514 0.698805 0.7838
0 0.173435 0.574323 0.198125 0.463419 0.154854 0.432973 0.130164 0.543877
0 0.321169 0.816874 0.318867 0.778421 0.274138 0.786882 0.27644 0.825336
0 0.186972 0.267987 0.190609 0.212725 0.159178 0.206187 0.155541 0.261449
0 0.242588 0.925609 0.251435 0.885851 0.2392 0.877247 0.230353 0.917005
0 0.580394 0.90535 0.586721 0.881967 0.575195 0.87211 0.568868 0.895494
0 0.0938189 0.94812 0.102646 0.929314 0.0945115 0.917248 0.0856847 0.936054
0 0.0644843 0.963444 0.0658112 0.94145 0.0526356 0.938938 0.0513087 0.960931
0 0.776443 0.66151 0.77996 0.628098 0.759181 0.621185 0.755664 0.654597
0 0.889467 0.629397 0.891979 0.596543 0.876654 0.592841 0.874143 0.625695
0 0.56171 0.850035 0.564045 0.826412 0.549268 0.821797 0.546933 0.845419
0 0.54816 0.834765 0.553031 0.805451 0.541777 0.799541 0.536906 0.828855
0 0.514394 0.646026 0.51598 0.622133 0.502462 0.619295 0.500875 0.643188
0 0.222176 0.0368618 0.225591 -0.00411615 0.20787 -0.00878445 0.204454 0.0321935
0 0.619311 0.723082 0.623587 0.703534 0.614905 0.697531 0.610628 0.717078
0 0.570736 0.850678 0.575846 0.829947 0.562809 0.81979 0.557699 0.84052
0 0.676514 0.805354 0.677889 0.779912 0.66421 0.777576 0.662835 0.803018
0 0.127771 0.857534 0.136821 0.834796 0.128765 0.824661 0.119714 0.847398
0 0.0713957 0.923368 0.072269 0.905907 0.0602791 0.904012 0.0594058 0.921473
0 0.494264 0.80289 0.497798 0.777255 0.485052 0.771701 0.481518 0.797337
0 0.932981 0.763577 0.935591 0.732032 0.913497 0.726255 0.910887 0.7578
0 0.0871876 0.762417 0.0832353 0.704241 0.0368597 0.714199 0.040812 0.772374
0 0.496458 0.785125 0.499072 0.758849 0.488251 0.755446 0.485637 0.781722
0 0.6568 0.811341 0.663382 0.800135 0.652531 0.779992 0.645949 0.791198
0 0.641164 0.81827 0.647994 0.797463 0.638601 0.787719 0.631771 0.808526
0 0.0551902 0.916211 0.0554929 0.898104 0.0415784 0.897369 0.0412757 0.915476
0 0.497148 0.736533 0.500251 0.711194 0.488956 0.706823 0.485853 0.732162
