0 0.51568 0.967103 0.529181 0.86969 0.466639 0.842297 0.453139 0.93971
0 0.61616 0.977081 0.602391 0.883859 0.554976 0.905993 0.568745 0.999215
0 0.558431 0.583135 0.560216 0.535118 0.531258 0.531716 0.529473 0.579733
0 0.985888 1.06696 1.01777 0.867525 0.82182 0.76852 0.789937 0.967954
0 0.469448 0.941384 0.472573 0.89794 0.45017 0.892845 0.447044 0.936289
0 0.149337 0.91004 0.149493 0.869875 0.126938 0.869598 0.126782 0.909763
0 0.46093 0.913381 0.465833 0.876804 0.44321 0.867219 0.438307 0.903796
0 0.595446 0.861131 0.597937 0.822667 0.574695 0.81791 0.572204 0.856375
0 0.432883 0.922633 0.452036 0.86508 0.430129 0.842039 0.410976 0.899592
0 0.436273 0.86971 0.440408 0.824818 0.412334 0.816645 0.408199 0.861537
0 0.076355 0.838603 0.0742269 0.794853 0.0530655 0.798107 0.0551936 0.841856
0 0.403927 0.998005 0.415828 0.972261 0.405305 0.956888 0.393405 0.982632
0 0.125336 0.711619 0.137778 0.671743 0.107071 0.641462 0.0946291 0.681338
0 0.115048 0.833305 0.116547 0.788121 0.0937506 0.785731 0.0922513 0.830915
0 0.530074 0.803289 0.540744 0.768735 0.530288 0.758531 0.519618 0.793085
0 0.224583 0.745966 0.226637 0.71244 0.204539 0.708162 0.202486 0.741687
0 0.0362483 0.841522 0.0396524 0.815377 0.0206273 0.807548 0.0172231 0.833693
0 0.297188 0.994451 0.30018 0.971327 0.286365 0.965676 0.283372 0.9888
0 0.613216 0.891143 0.614407 0.850013 0.590367 0.847812 0.589175 0.888942
0 0.800509 1.04421 0.848831 0.964207 0.767125 0.808231 0.718803 0.888231
0 0.554802 0.902291 0.557807 0.87443 0.540559 0.86855 0.537554 0.89641
0 0.296947 1.01033 0.3043 0.994392 0.295617 0.98173 0.288263 0.997668
0 0.54173 0.899307 0.542575 0.863932 0.523613 0.862499 0.522767 0.897874
0 0.27148 0.974759 0.286073 0.945208 0.27343 0.925476 0.258837 0.955027
0 0.218444 0.715474 0.219404 0.690417 0.203128 0.688446 0.202168 0.713503
0 0.212908 0.963366 0.252946 0.841316 0.201046 0.787506 0.161008 0.909556
0 0.350734 0.931276 0.351323 0.906074 0.334021 0.904797 0.333433 0.929999
0 0.468208 0.872658 0.466519 0.807419 0.440614 0.809538 0.442302 0.874776
0 0.307175 0.979407 0.310979 0.953377 0.286258 0.94196 0.282454 0.96799
0 0.0980357 0.854803 0.0988239 0.820373 0.0781377 0.818877 0.0773496 0.853306
0 0.530315 0.839003 0.534527 0.80373 0.518323 0.797614 0.51411 0.832887
0 0.0700314 0.88616 0.0701972 0.85965 0.0490543 0.859232 0.0488884 0.885742
0 0.222663 0.614724 0.224968 0.594603 0.213869 0.590584 0.211563 0.610705
0 0.523128 0.985653 0.526508 0.933637 0.499657 0.928123 0.496277 0.980139
0 0.206201 0.778103 0.207463 0.751378 0.192193 0.749098 0.190931 0.775824
0 0.618037 0.716425 0.621779 0.693341 0.606912 0.685725 0.60317 0.708809
0 0.627592 0.827089 0.629236 0.799473 0.61329 0.796471 0.611645 0.824087
0 0.239567 0.714292 0.250665 0.669305 0.23473 0.656882 0.223632 0.701869
0 0.19253 1.02488 0.237401 0.985764 0.222573 0.932008 0.177701 0.971128
0 0.213053 0.589896 0.205212 0.540612 0.166607 0.560023 0.174447 0.609307
0 0.561089 0.840865 0.564242 0.816223 0.550989 0.810863 0.547836 0.835504
0 0.535276 0.750877 0.537091 0.730993 0.523511 0.727075 0.521696 0.746959
0 0.320693 0.967261 0.322556 0.946477 0.311406 0.943319 0.309544 0.964103
0 0.562503 0.997748 0.572758 0.957464 0.558291 0.945824 0.548036 0.986108
0 0.447159 0.822579 0.443768 0.79303 0.420065 0.801627 0.423456 0.831176
0 0.543803 0.77314 0.548924 0.754376 0.53528 0.742609 0.530159 0.761373
0 0.23759 0.738395 0.239576 0.708405 0.223814 0.705106 0.221828 0.735096
0 0.628627 0.849481 0.630109 0.826789 0.61511 0.823695 0.613629 0.846386
0 0.200468 0.718666 0.201935 0.698509 0.187464 0.69518 0.185997 0.715337
0 0.5199 0.880568 0.5283 0.839257 0.497462 0.819437 0.489061 0.860748
0 0.311829 0.956003 0.313614 0.931279 0.298405 0.927808 0.29662 0.952533
0 0.334715 0.97173 0.346436 0.949897 0.33741 0.934583 0.325689 0.956416
0 0.18871 0.789259 0.194792 0.765324 0.176639 0.750747 0.170557 0.774683
0 0.613225 0.837539 0.617292 0.812653 0.602749 0.805142 0.598682 0.830028
0 0.931932 0.798808 0.943393 0.781554 0.927578 0.748353 0.916117 0.765607
0 0.271747 0.924146 0.274392 0.900775 0.256467 0.894364 0.253822 0.917736
0 0.681923 0.581993 0.688321 0.542408 0.66312 0.529536 0.656723 0.569121
0 0.0479636 0.90658 0.0504962 0.842803 0.000627132 0.836544 -0.00190546 0.900321
0 0.703295 0.616424 0.700039 0.58113 0.672378 0.589194 0.675634 0.624488
0 0.339085 0.95046 0.338689 0.926438 0.318189 0.927505 0.318585 0.951527
0 0.31187 0.998125 0.317944 0.973351 0.307319 0.965116 0.301244 0.989891
0 0.917082 0.800015 0.925456 0.764334 0.903098 0.747752 0.894725 0.783433
0 0.664295 0.840119 0.666963 0.821877 0.649297 0.813709 0.646628 0.831951
0 0.200059 0.701918 0.20224 0.680455 0.188319 0.675983 0.186138 0.697447
0 1.0047 0.820245 1.00265 0.750607 0.969277 0.753716 0.97133 0.823354
0 0.202659 0.627262 0.203495 0.601534 0.1886 0.600004 0.187764 0.625732
0 0.515872 0.670451 0.524619 0.645358 0.514936 0.634691 0.506189 0.659783
0 0.285099 0.990379 0.286606 0.959256 0.268987 0.95656 0.26748 0.987682
0 0.51763 0.803072 0.523324 0.784042 0.511178 0.772557 0.505484 0.791587
0 0.142356 0.853577 0.143728 0.801324 0.115394 0.798972 0.114022 0.851226
0 0.547823 0.858448 0.551973 0.81819 0.530901 0.811324 0.526751 0.851583
0 1.00529 0.564954 1.00539 0.514026 0.970564 0.513814 0.970466 0.564742
0 0.119416 0.870363 0.118319 0.830804 0.0916755 0.83314 0.0927731 0.8727
0 0.283087 0.920414 0.28912 0.901469 0.280478 0.892771 0.274445 0.911716
0 0.0486684 0.790878 0.054198 0.766436 0.0335162 0.751648 0.0279866 0.77609
0 0.611202 0.853786 0.614487 0.830278 0.601213 0.824417 0.597929 0.847925
0 0.335679 0.991752 0.34358 0.969223 0.333643 0.958209 0.325742 0.980738
0 0.491823 0.802109 0.494411 0.768283 0.471788 0.762811 0.469199 0.796638
0 0.107697 0.892957 0.122029 0.873754 0.115714 0.858858 0.101382 0.87806
0 0.6371 0.8155 0.639749 0.795996 0.627827 0.79088 0.625179 0.810385
0 0.160916 0.916557 0.162189 0.888373 0.146063 0.88607 0.14479 0.914255
0 0.670783 0.83022 0.676312 0.808455 0.656419 0.792485 0.650891 0.814251
0 0.442749 0.929874 0.447456 0.89514 0.428972 0.887225 0.424266 0.921959
0 0.529343 1.00271 0.540079 0.971815 0.529307 0.959984 0.518571 0.990881
0 0.170326 0.821098 0.185512 0.786291 0.168213 0.762438 0.153027 0.797245
0 0.195259 0.745654 0.198929 0.726561 0.18788 0.719848 0.18421 0.738941
0 0.560842 0.942804 0.569591 0.90051 0.553624 0.890072 0.544875 0.932365
0 0.236794 0.950431 0.241386 0.925086 0.227731 0.917268 0.223139 0.942613
0 0.613618 0.807484 0.614497 0.787201 0.602932 0.785617 0.602053 0.8059
0 0.255122 0.984359 0.262766 0.956976 0.249742 0.945486 0.242098 0.972869
0 0.0563487 0.832872 0.0606738 0.783986 0.0359587 0.777075 0.0316336 0.825961
0 0.366183 1.01585 0.38739 0.99291 0.378191 0.966031 0.356984 0.988968
0 0.368496 0.913598 0.372616 0.884637 0.359751 0.878852 0.355631 0.907813
0 0.933141 0.742005 0.940797 0.72347 0.925535 0.703546 0.917879 0.722081
0 0.159133 0.703996 0.156263 0.673148 0.131902 0.68031 0.134771 0.711158
0 0.317999 0.789615 0.322492 0.764065 0.312246 0.758371 0.307754 0.783921
0 0.417825 0.932242 0.422848 0.893014 0.397921 0.882926 0.392897 0.922153
0 0.294048 0.951512 0.296231 0.929554 0.284132 0.925751 0.281949 0.94771
0 0.644397 0.837469 0.645875 0.816522 0.63315 0.813684 0.631672 0.83463
0 0.69758 0.807811 0.695194 0.766893 0.668859 0.771747 0.671245 0.812664
0 0.209609 0.67987 0.214126 0.660314 0.199111 0.649353 0.194594 0.66891
0 0.543273 0.688762 0.542938 0.662046 0.522587 0.662852 0.522922 0.689569
0 0.287583 0.937381 0.292949 0.917125 0.282504 0.90838 0.277138 0.928636
0 0.492128 0.534724 0.491757 0.49839 0.474393 0.49895 0.474764 0.535284
0 0.0356647 0.83528 0.051115 0.796131 0.0353413 0.776456 0.019891 0.815605
0 0.395291 0.715738 0.404979 0.673659 0.386244 0.660026 0.376556 0.702105
0 0.221723 0.76127 0.223194 0.742515 0.211595 0.739639 0.210124 0.758394
0 0.513889 0.819286 0.517763 0.797371 0.504042 0.789706 0.500169 0.811622
0 0.951762 0.738506 0.955997 0.716905 0.935815 0.704401 0.93158 0.726002
0 0.461011 0.770343 0.457603 0.728229 0.432417 0.734671 0.435825 0.776786
0 0.959356 0.812906 0.974054 0.786646 0.955154 0.753211 0.940456 0.779471
0 0.331413 0.905057 0.334257 0.88514 0.324418 0.880699 0.321573 0.900616
0 0.473511 0.740951 0.473117 0.708246 0.454475 0.708955 0.454869 0.74166
0 0.244242 0.974552 0.246367 0.947163 0.232709 0.943814 0.230584 0.971203
0 0.446231 0.953723 0.450179 0.924475 0.435623 0.918265 0.431675 0.947512
0 0.662529 0.600796 0.670676 0.57361 0.650304 0.554316 0.642158 0.581502
0 0.418099 0.991459 0.426719 0.964052 0.417779 0.955165 0.409159 0.982572
0 0.417007 0.961762 0.42868 0.934513 0.417458 0.91932 0.405784 0.946569
0 1.00296 0.716962 1.00469 0.693583 0.980372 0.687871 0.978635 0.71125
0 0.264799 0.93043 0.270847 0.903301 0.256455 0.893161 0.250407 0.92029
0 0.496749 0.84972 0.504845 0.791767 0.480475 0.781007 0.472378 0.83896
0 0.592448 0.890654 0.596109 0.861933 0.577207 0.854318 0.573546 0.883039
0 0.286916 0.714588 0.293588 0.692392 0.283496 0.682804 0.276824 0.705
0 0.600148 0.728075 0.60476 0.705183 0.593214 0.697831 0.588602 0.720723
0 0.383164 0.906172 0.394297 0.881785 0.384845 0.868148 0.373712 0.892536
0 0.963672 0.784459 0.972734 0.767181 0.953537 0.73536 0.944475 0.752638
0 0.620059 0.611527 0.621308 0.585944 0.608009 0.583891 0.60676 0.609474
0 0.0608673 0.679428 0.062921 0.661187 0.0517271 0.657203 0.0496733 0.675445
0 0.114334 0.789126 0.110307 0.745055 0.0721019 0.756091 0.0761298 0.800161
0 0.310442 1.0089 0.316426 0.986685 0.307441 0.979037 0.301457 1.00126
0 0.418602 0.891942 0.422061 0.855543 0.402257 0.849593 0.398797 0.885993
0 0.165789 0.774 0.17866 0.751597 0.169561 0.735074 0.156689 0.757477
0 0.674302 0.860366 0.6762 0.838005 0.662765 0.8344 0.660867 0.856761
0 0.417971 1.00486 0.41819 0.985349 0.401696 0.984764 0.401477 1.00427
0 0.599894 0.830557 0.601905 0.811911 0.588118 0.80721 0.586106 0.825856
0 0.557512 0.864053 0.560235 0.842973 0.550159 0.838859 0.547435 0.859938
0 0.220191 0.695295 0.221809 0.675353 0.206854 0.671518 0.205236 0.691461
0 0.408994 0.418762 0.416974 0.368851 0.388015 0.354217 0.380034 0.404128
0 0.954454 0.829847 0.96203 0.803308 0.936111 0.779924 0.928535 0.806463
0 0.54447 0.730469 0.546431 0.703062 0.532843 0.69999 0.530883 0.727397
0 0.548792 0.919194 0.55076 0.898356 0.537754 0.894474 0.535786 0.915312
0 0.347269 0.908662 0.349296 0.884448 0.335162 0.88071 0.333135 0.904924
0 0.626743 0.64774 0.629375 0.615569 0.613237 0.611396 0.610605 0.643568
0 0.394083 0.97741 0.397239 0.960579 0.386461 0.954192 0.383306 0.971024
0 0.184486 0.821879 0.18954 0.801511 0.178341 0.792728 0.173286 0.813096
0 0.0504297 0.750238 0.0510282 0.730418 0.0391249 0.729282 0.0385264 0.749102
0 0.289496 0.89209 0.293656 0.876858 0.285261 0.869611 0.281101 0.884843
0 0.336593 1.00441 0.336829 0.985775 0.322857 0.985217 0.322621 1.00385
0 0.55078 0.747964 0.554269 0.725101 0.543185 0.719754 0.539696 0.742618
0 0.704438 0.79285 0.713093 0.765703 0.684554 0.736946 0.675899 0.764093
0 0.338533 0.422757 0.34013 0.3885 0.308999 0.383912 0.307401 0.418169
0 0.276225 1.00451 0.27573 0.982789 0.254716 0.984302 0.255211 1.00602
0 0.262266 0.854694 0.262487 0.839384 0.252744 0.838939 0.252523 0.854249
0 0.810463 0.39749 0.811029 0.337696 0.774968 0.336617 0.774402 0.396411
0 0.208107 0.790477 0.210442 0.77313 0.200999 0.769113 0.198664 0.78646
0 0.508161 0.785548 0.510576 0.764319 0.497736 0.759703 0.495321 0.780931
0 0.54576 0.996866 0.55832 0.96742 0.545008 0.949474 0.532448 0.97892
0 0.55652 0.660675 0.558727 0.638993 0.542412 0.633746 0.540206 0.655428
0 0.323073 0.994091 0.330566 0.96304 0.319615 0.954687 0.312121 0.985739
0 0.0355382 0.704692 0.0445221 0.666584 0.0280996 0.654348 0.0191158 0.692456
0 0.212928 0.63045 0.21463 0.608724 0.203818 0.606047 0.202116 0.627773
0 0.0863755 0.931909 0.113763 0.911651 0.108348 0.888514 0.0809605 0.908773
0 0.543245 0.801533 0.547344 0.779853 0.537071 0.773715 0.532972 0.795395
0 0.308147 0.923111 0.311064 0.902571 0.299549 0.897401 0.296631 0.917942
0 0.635397 0.603646 0.669273 0.536636 0.641577 0.492385 0.607701 0.559395
0 0.113059 0.330205 0.13062 0.31594 0.118649 0.269368 0.101089 0.283633
0 0.261113 0.950439 0.268197 0.930261 0.259092 0.920158 0.252007 0.940336
0 0.940835 0.777373 0.952306 0.75197 0.9371 0.730269 0.925629 0.755672
0 0.446593 0.7312 0.44826 0.704842 0.43336 0.701863 0.431693 0.728222
0 0.32634 0.895574 0.328616 0.874818 0.317839 0.871083 0.315563 0.891839
0 0.495667 1.0147 0.506531 0.964631 0.468474 0.938533 0.457611 0.988601
0 0.191874 0.80424 0.196588 0.786407 0.186248 0.777768 0.181534 0.795601
0 0.400003 1.00923 0.402458 0.99106 0.390161 0.98581 0.387706 1.00398
0 0.124944 0.811081 0.126462 0.790872 0.11299 0.787673 0.111472 0.807882
0 0.465284 0.820687 0.476086 0.775856 0.457692 0.761848 0.44689 0.80668
0 0.276159 0.900279 0.27774 0.882274 0.268226 0.879633 0.266645 0.897638
0 0.359994 0.858834 0.364018 0.840829 0.356103 0.835237 0.352078 0.853242
0 0.332744 0.87021 0.334722 0.851522 0.324573 0.848128 0.322595 0.866815
0 0.0832036 0.81387 0.0843688 0.791074 0.0724489 0.789149 0.0712837 0.811944
0 0.483188 0.412678 0.483192 0.390965 0.466742 0.390955 0.466738 0.412668
0 0.561603 0.955312 0.567379 0.907245 0.549895 0.900605 0.544119 0.948672
0 0.564629 0.627263 0.578228 0.607614 0.562088 0.572311 0.548489 0.591959
0 0.764374 0.638566 0.763103 0.602441 0.740937 0.604905 0.742208 0.641031
0 0.56556 0.879945 0.56754 0.8592 0.555181 0.855472 0.553201 0.876217
0 0.0236298 0.662378 0.037056 0.632183 0.0284047 0.620025 0.0149785 0.650221
0 0.310643 0.861183 0.31356 0.840079 0.304727 0.836221 0.301811 0.857325
0 0.596673 0.688685 0.600324 0.660403 0.584217 0.653832 0.580567 0.682114
0 0.0922015 0.908094 0.108145 0.889685 0.100775 0.86951 0.0848307 0.887919
0 0.151938 0.825784 0.176559 0.799407 0.166119 0.768611 0.141499 0.794987
0 0.0238897 0.642572 0.0384599 0.613574 0.0322767 0.603755 0.0177065 0.632752
0 0.590758 0.899587 0.598086 0.877157 0.581579 0.860114 0.574251 0.882544
0 0.0146294 0.817897 0.0356095 0.796669 0.02847 0.774368 0.00748989 0.795596
0 0.140349 0.797373 0.152492 0.777926 0.145908 0.764932 0.133765 0.784379
0 0.580117 1.00312 0.582593 0.974002 0.565525 0.969414 0.563049 0.998529
0 0.458213 0.10336 0.452685 0.0665072 0.429243 0.0776209 0.434771 0.114474
0 0.518955 0.755477 0.521352 0.738645 0.510643 0.733825 0.508246 0.750658
0 0.557836 0.768254 0.559611 0.749364 0.549382 0.746325 0.547607 0.765216
0 0.375296 0.880822 0.376939 0.862295 0.366789 0.85945 0.365146 0.877977
0 0.183805 0.740137 0.187274 0.7188 0.176749 0.713392 0.17328 0.734728
0 0.032195 1.01238 0.0532579 0.980712 0.0405136 0.95392 0.0194507 0.985585
0 0.0990781 0.887858 0.102375 0.862552 0.0841281 0.855038 0.080831 0.880344
0 0.462668 0.961222 0.464067 0.940024 0.445853 0.936225 0.444454 0.957423
0 0.29491 0.921174 0.298754 0.90312 0.290014 0.89724 0.28617 0.915294
0 0.605491 0.751681 0.60821 0.726788 0.596299 0.722676 0.59358 0.747568
0 0.946952 0.851672 0.956247 0.812784 0.901822 0.771671 0.892527 0.810558
0 0.262557 0.999049 0.268395 0.972149 0.254627 0.962705 0.248789 0.989605
0 0.557634 0.809069 0.563013 0.79797 0.551497 0.780331 0.546118 0.79143
0 0.548989 0.139526 0.554423 0.0920179 0.5199 0.0795368 0.514466 0.127045
0 0.358783 0.96147 0.365457 0.942673 0.356598 0.932732 0.349924 0.951529
0 0.468631 1.00462 0.468773 0.952603 0.435624 0.952317 0.435482 1.00434
0 0.771943 0.383428 0.782099 0.308212 0.744874 0.292327 0.734719 0.367544
0 1.0027 0.617749 1.00719 0.567358 0.972707 0.557638 0.968213 0.608029
0 0.107624 0.946668 0.119645 0.920182 0.109304 0.90535 0.0972838 0.931836
0 0.367748 0.936629 0.372424 0.919203 0.362133 0.910474 0.357456 0.927899
0 0.0587786 0.763627 0.0606178 0.745365 0.0494415 0.741808 0.0476023 0.76007
0 0.196471 0.298627 0.224265 0.276389 0.200654 0.183125 0.17286 0.205363
0 0.568477 0.796759 0.571708 0.779102 0.558218 0.7713 0.554987 0.788957
0 0.317133 0.93543 0.320609 0.9184 0.310324 0.911765 0.306848 0.928794
0 0.375082 0.926832 0.380516 0.903371 0.370142 0.895776 0.364708 0.919238
0 0.369233 0.85844 0.37367 0.839608 0.365988 0.833887 0.361551 0.852719
0 0.0672008 0.870376 0.0688202 0.837565 0.0469985 0.834161 0.0453791 0.866972
0 0.340748 0.890964 0.343161 0.872393 0.33243 0.867988 0.330018 0.886558
0 0.940091 0.636489 0.946625 0.607696 0.929188 0.59519 0.922654 0.623984
0 0.00852493 0.842314 0.0186493 0.807787 0.00365429 0.79389 -0.0064701 0.828417
0 0.657844 0.888779 0.667082 0.868072 0.650904 0.845259 0.641665 0.865965
0 0.268278 0.88973 0.269831 0.87466 0.260471 0.871612 0.258918 0.886682
0 0.499161 1.01183 0.500771 0.945608 0.443764 0.941227 0.442154 1.00745
0 0.241661 1.00697 0.241537 0.987193 0.224731 0.987525 0.224854 1.00731
0 0.333303 0.910037 0.333444 0.890917 0.321258 0.890633 0.321116 0.909753
0 0.924313 0.764267 0.926854 0.743129 0.908539 0.736171 0.905998 0.757309
0 0.219515 0.593549 0.221566 0.572731 0.211178 0.569498 0.209128 0.590315
0 0.641474 1.01303 0.673482 0.916521 0.615972 0.856237 0.583964 0.952743
0 0.739274 1.00217 0.744782 0.92208 0.708054 0.914096 0.702546 0.994182
0 0.519957 0.711466 0.522409 0.68757 0.50986 0.683501 0.507408 0.707397
0 0.548617 0.674344 0.551391 0.658188 0.539486 0.651728 0.536712 0.667884
0 0.221053 0.653284 0.222193 0.635376 0.213331 0.633595 0.212192 0.651502
0 0.358718 0.954472 0.363241 0.935313 0.353297 0.927893 0.348774 0.947052
0 0.418658 0.981511 0.427272 0.956529 0.417413 0.945784 0.408799 0.970767
0 0.0437194 0.283488 0.0492854 0.185729 -0.00916877 0.17521 -0.0147348 0.272969
0 0.299358 0.901391 0.302788 0.882183 0.294408 0.877453 0.290978 0.896661
0 0.0663068 0.950179 0.0778173 0.933178 0.0712928 0.919217 0.0597823 0.936219
0 0.0958289 0.711163 0.102951 0.688344 0.091113 0.676666 0.0839905 0.699485
0 0.281393 0.957794 0.285595 0.932277 0.273097 0.925771 0.268894 0.951288
0 0.587402 0.712469 0.594123 0.696804 0.584942 0.684355 0.578221 0.70002
0 0.0825774 0.885739 0.0853301 0.850654 0.070131 0.846885 0.0673783 0.881971
0 0.287626 1.00587 0.289265 0.988343 0.278116 0.985048 0.276477 1.00258
0 0.187067 0.728767 0.190127 0.708552 0.180019 0.703716 0.176959 0.723931
0 0.700816 0.837747 0.704768 0.809591 0.685247 0.80093 0.681294 0.829086
0 0.538132 0.815119 0.542135 0.789489 0.53119 0.784087 0.527187 0.809716
0 0.237322 0.807411 0.237449 0.792132 0.227904 0.79188 0.227776 0.807159
0 0.163052 0.890846 0.165994 0.862208 0.150216 0.857085 0.147274 0.885724
0 0.63156 0.886857 0.635975 0.854128 0.614104 0.844802 0.609688 0.877531
0 0.361918 0.875682 0.365079 0.859368 0.356541 0.85414 0.35338 0.870454
