0 0.992693 0.973447 1.00877 0.844855 0.806867 0.76505 0.790785 0.893642
0 0.425722 0.768151 0.428732 0.741841 0.41375 0.736425 0.41074 0.762735
0 0.0856211 0.739138 0.0846594 0.711447 0.0664817 0.713442 0.0674435 0.741133
0 0.429585 0.726903 0.435821 0.703067 0.425367 0.694422 0.419131 0.718258
0 0.642426 0.781207 0.650502 0.723774 0.606653 0.704288 0.598577 0.761721
0 0.010425 0.966824 0.0283224 0.936352 0.016607 0.914605 -0.00129043 0.945076
0 0.750333 0.758181 0.746876 0.72055 0.730677 0.725254 0.734134 0.762885
0 0.0515363 0.803056 0.0679481 0.77781 0.0598649 0.761203 0.043453 0.786449
0 0.119792 0.710748 0.13232 0.670701 0.116416 0.654975 0.103887 0.695022
0 0.671549 0.696502 0.677025 0.674021 0.668299 0.667303 0.662822 0.689783
0 0.49858 0.872552 0.501372 0.841579 0.483441 0.83647 0.480649 0.867444
0 0.0298504 0.938102 0.0401093 0.915203 0.0284303 0.898666 0.0181713 0.921565
0 0.457948 0.708686 0.462943 0.687288 0.446406 0.675089 0.441411 0.696486
0 0.181294 0.716837 0.177712 0.677014 0.152352 0.684221 0.155933 0.724045
0 0.388559 0.582902 0.405528 0.530721 0.382494 0.507047 0.365525 0.559227
0 0.698968 0.727454 0.702646 0.709357 0.691253 0.70204 0.687575 0.720137
0 0.128526 0.813033 0.149099 0.781631 0.138599 0.759888 0.118025 0.791291
0 0.726517 0.784829 0.742036 0.76413 0.729001 0.733241 0.713482 0.75394
0 0.546949 0.78669 0.547425 0.749736 0.532781 0.74914 0.532305 0.786095
0 0.0831639 0.993995 0.111419 0.957763 0.100184 0.930073 0.0719292 0.966306
0 0.0688615 0.713471 0.0680888 0.692718 0.053796 0.694399 0.0545686 0.715153
0 0.480544 0.835117 0.486428 0.818439 0.473092 0.803568 0.467208 0.820246
0 0.512502 0.80238 0.521238 0.783255 0.508463 0.764811 0.499727 0.783935
0 0.968951 0.586409 0.970628 0.559766 0.951746 0.556009 0.950069 0.582652
0 0.0162902 0.605536 0.0174527 0.581907 0.0027376 0.579619 0.00157508 0.603247
0 0.975415 0.566496 0.985716 0.54747 0.968005 0.517165 0.957704 0.536191
0 0.0284437 0.669864 0.0330335 0.624307 0.00644311 0.61584 0.00185331 0.661397
0 0.0389776 0.908794 0.045044 0.884449 0.0329794 0.874948 0.0269131 0.899293
0 0.709464 0.731046 0.714694 0.711572 0.705739 0.703971 0.700509 0.723445
0 0.572829 0.801117 0.573481 0.773821 0.55835 0.77268 0.557699 0.799977
0 0.693821 0.703504 0.698615 0.683536 0.68928 0.676453 0.684486 0.696421
0 0.495231 0.777821 0.506545 0.752639 0.490435 0.729763 0.479121 0.754945
0 0.419563 0.657562 0.421283 0.636185 0.406367 0.63239 0.404646 0.653768
0 0.513924 0.842418 0.519042 0.812459 0.503516 0.804076 0.498398 0.834035
0 0.685445 0.753546 0.687046 0.731176 0.674809 0.728409 0.673209 0.750779
0 0.964358 0.564487 0.967738 0.53755 0.950281 0.530628 0.946902 0.557565
0 0.543476 0.820767 0.549911 0.788464 0.537587 0.780706 0.531152 0.813008
0 0.151376 0.730268 0.152225 0.709195 0.138063 0.707393 0.137214 0.728465
0 0.0131208 0.929616 0.0280003 0.908725 0.0213395 0.893731 0.00646001 0.914622
0 0.102467 0.898263 0.122286 0.871708 0.115238 0.855084 0.0954197 0.881639
0 0.0449978 0.774026 0.0476742 0.749123 0.0362817 0.745254 0.0336053 0.770157
0 0.101971 0.330964 0.120525 0.312935 0.107357 0.270106 0.088803 0.288135
0 0.0748863 0.831677 0.0738161 0.809466 0.0591464 0.8117 0.0602166 0.83391
0 0.701583 0.786144 0.704111 0.761859 0.688177 0.756618 0.685649 0.780903
0 0.26796 0.33914 0.268254 0.307338 0.247175 0.306723 0.246881 0.338525
0 0.557746 0.816027 0.560537 0.795906 0.548042 0.790427 0.54525 0.810547
0 0.173275 0.573557 0.17735 0.549529 0.155303 0.537711 0.151228 0.56174
0 0.565087 0.718748 0.569356 0.694489 0.557033 0.687635 0.552764 0.711895
0 0.626161 0.802353 0.624067 0.760188 0.595524 0.764668 0.597618 0.806833
0 0.562563 0.769467 0.568495 0.745987 0.55786 0.737495 0.551928 0.760975
0 0.0549512 0.823033 0.0610097 0.79976 0.0503076 0.790955 0.0442492 0.814228
0 0.558202 0.874914 0.566888 0.854066 0.557237 0.841357 0.548551 0.862205
0 0.156011 0.786084 0.160968 0.765254 0.146375 0.754278 0.141418 0.775108
0 0.0596949 1.00644 0.0637706 0.966199 0.0428632 0.959506 0.0387876 0.999748
0 0.723997 0.664501 0.725463 0.644117 0.711175 0.64087 0.709709 0.661254
0 0.137282 0.871444 0.154345 0.830154 0.13943 0.810674 0.122367 0.851965
0 0.722247 0.717521 0.727007 0.695863 0.71565 0.687975 0.71089 0.709633
0 0.595519 0.607801 0.604752 0.585549 0.587351 0.562731 0.578118 0.584983
0 0.22176 0.81928 0.221417 0.783839 0.199569 0.784508 0.199912 0.819949
0 0.585272 0.78606 0.589161 0.769318 0.577013 0.7604 0.573124 0.777142
0 0.435119 0.696854 0.437545 0.675868 0.423218 0.670633 0.420792 0.691619
0 0.0736147 0.811871 0.0792431 0.783402 0.0644333 0.774148 0.0588049 0.802618
0 0.696446 0.746749 0.69923 0.728275 0.686842 0.722373 0.684057 0.740846
0 0.243397 0.886105 0.268974 0.858743 0.259251 0.830017 0.233674 0.857379
0 0.539007 0.72019 0.540349 0.699076 0.524451 0.695882 0.52311 0.716997
0 0.380746 0.918893 0.383226 0.876483 0.359941 0.87218 0.357462 0.91459
0 0.173109 0.743189 0.178336 0.720014 0.16719 0.712068 0.161963 0.735242
0 0.43536 0.607989 0.437153 0.585853 0.425424 0.582851 0.423632 0.604988
0 0.728823 0.746377 0.732628 0.720985 0.715109 0.712687 0.711304 0.738079
0 0.694563 0.822529 0.7021 0.80509 0.688625 0.786685 0.681089 0.804123
0 0.189964 0.758418 0.19502 0.724945 0.178242 0.716936 0.173186 0.750408
0 0.774417 0.536676 0.778928 0.513366 0.76632 0.505655 0.761809 0.528965
0 0.240955 0.842832 0.251649 0.820377 0.241547 0.805171 0.230852 0.827625
0 0.410467 0.784295 0.417738 0.762525 0.401041 0.744899 0.39377 0.766669
0 0.533221 0.820138 0.537337 0.780396 0.519122 0.774434 0.515006 0.814176
0 0.527186 0.784845 0.529939 0.762702 0.516646 0.757478 0.513893 0.779622
0 0.0852163 0.810266 0.0903032 0.78909 0.0811128 0.782113 0.076026 0.803289
0 0.0573636 0.930258 0.065218 0.867036 0.0456723 0.859361 0.0378179 0.922583
0 0.361899 0.84596 0.367084 0.826858 0.351988 0.813908 0.346803 0.83301
0 0.501939 0.845352 0.505315 0.826161 0.490226 0.817773 0.48685 0.836964
0 0.476004 0.811865 0.480421 0.777944 0.461119 0.770001 0.456702 0.803922
0 0.161473 0.844847 0.168561 0.806758 0.153376 0.797827 0.146288 0.835916
0 0.025775 1.00464 0.0265763 0.964103 0.00405727 0.962696 0.00325596 1.00324
0 0.68 0.717225 0.685893 0.689077 0.675242 0.68203 0.669349 0.710178
0 0.376849 0.828098 0.379527 0.794088 0.361129 0.78951 0.358451 0.823519
0 0.156303 0.68277 0.154384 0.65873 0.136376 0.663273 0.138294 0.687312
0 0.667523 0.714054 0.672434 0.696356 0.663685 0.688684 0.658774 0.706381
0 0.0201496 0.757727 0.0188015 0.687133 -0.00724404 0.688705 -0.00589592 0.759299
0 0.139557 0.722391 0.139379 0.702549 0.126087 0.702927 0.126265 0.722769
0 0.527146 0.870951 0.528585 0.848853 0.515748 0.84621 0.514308 0.868307
0 0.589767 0.847021 0.592404 0.824393 0.568936 0.815752 0.566299 0.83838
0 0.186144 0.0377559 0.197053 0.00803897 0.174851 -0.0177204 0.163942 0.0119965
0 0.07439 0.77412 0.0782851 0.753043 0.0678011 0.74692 0.0639059 0.767997
0 0.0421602 0.816391 0.0487013 0.792009 0.0401025 0.784718 0.0335613 0.8091
0 1.00431 0.258588 1.00513 0.214041 0.984988 0.21288 0.984175 0.257427
0 0.500472 1.00202 0.502114 0.968604 0.4831 0.965653 0.481459 0.999072
0 0.521022 0.767305 0.523927 0.74478 0.513164 0.740393 0.510259 0.762918
0 0.647887 0.707282 0.649505 0.686371 0.637326 0.683392 0.635707 0.704303
0 0.78287 0.55662 0.785166 0.534551 0.771232 0.529969 0.768936 0.552038
0 0.221222 0.720652 0.224426 0.691538 0.208073 0.68585 0.204869 0.714964
0 0.0192385 0.624766 0.0234301 0.606854 0.0108633 0.59756 0.00667169 0.615471
0 0.920175 0.635611 0.918506 0.602664 0.902909 0.605162 0.904578 0.638108
0 0.70068 0.765852 0.703036 0.741877 0.685677 0.736486 0.683322 0.760461
0 0.633239 0.684254 0.635948 0.659131 0.620197 0.653763 0.617488 0.678885
0 0.533197 0.763904 0.534668 0.741544 0.524764 0.739485 0.523294 0.761846
0 0.511907 0.762552 0.514181 0.741811 0.502949 0.737919 0.500675 0.75866
0 0.585479 0.766913 0.589506 0.752543 0.579733 0.743888 0.575707 0.758258
0 0.0105464 0.586925 0.0115661 0.561558 -0.00125148 0.55993 -0.00227118 0.585296
0 0.962249 0.795317 0.966796 0.768087 0.951454 0.759991 0.946907 0.787221
0 0.783832 0.53107 0.791677 0.509915 0.782349 0.498984 0.774505 0.52014
0 0.674217 0.850569 0.67346 0.813556 0.657259 0.814604 0.658016 0.851617
0 0.0948237 0.341287 0.105949 0.299777 0.0752079 0.273738 0.0640828 0.315247
0 0.179727 0.778695 0.182961 0.75407 0.159291 0.744245 0.156057 0.76887
0 0.039374 0.953788 0.0450675 0.928344 0.0294655 0.91731 0.023772 0.942755
0 0.532833 0.859349 0.542459 0.828205 0.527499 0.813593 0.517874 0.844738
0 0.598278 0.743918 0.602543 0.722409 0.591934 0.71576 0.587669 0.73727
0 0.488926 0.965203 0.493065 0.9409 0.481617 0.934738 0.477478 0.95904
0 0.712773 0.756743 0.717498 0.738288 0.70543 0.728523 0.700705 0.746978
0 0.496498 0.821535 0.502386 0.795546 0.490493 0.787031 0.484605 0.81302
0 0.67016 0.718561 0.673475 0.700494 0.665624 0.695941 0.662309 0.714008
0 0.620815 0.723545 0.62583 0.709466 0.611132 0.692918 0.606117 0.706997
0 0.192985 0.792445 0.199225 0.764303 0.170563 0.744217 0.164323 0.772359
0 0.0413181 1.00783 0.0438962 0.984098 0.0291173 0.979025 0.0265392 1.00276
0 0.126286 0.582449 0.126939 0.555928 0.110296 0.554631 0.109643 0.581153
0 0.139479 0.774707 0.1432 0.752929 0.131428 0.746571 0.127706 0.768349
0 0.36095 0.998937 0.361532 0.967378 0.342261 0.966256 0.341679 0.997815
0 0.0606071 0.899058 0.0650429 0.856411 0.0461814 0.85021 0.0417456 0.892858
0 0.255003 0.431555 0.275112 0.389876 0.241618 0.338803 0.22151 0.380482
0 0.136703 0.597984 0.13749 0.575193 0.121327 0.573429 0.12054 0.596219
0 0.476457 0.893182 0.481667 0.876325 0.465485 0.860519 0.460275 0.877376
0 0.100725 0.837545 0.104415 0.802941 0.0852615 0.796485 0.0815711 0.831089
0 0.0869684 0.788083 0.0889756 0.771382 0.0796105 0.767825 0.0776034 0.784526
