0 0.990014 0.964956 1.00372 0.849453 0.791764 0.769953 0.778057 0.885457
0 0.174182 0.798969 0.177893 0.775526 0.162604 0.767876 0.158893 0.791319
0 0.224211 0.668247 0.225227 0.637662 0.208421 0.635899 0.207406 0.666484
0 0.176512 0.903047 0.178506 0.858109 0.154098 0.854686 0.152104 0.899624
0 0.168103 0.842399 0.169938 0.812682 0.147785 0.808358 0.145949 0.838074
0 0.496672 0.817882 0.506986 0.784011 0.491881 0.769474 0.481567 0.803345
0 0.174732 0.854943 0.192254 0.842035 0.181162 0.794445 0.16364 0.807354
0 0.553165 0.613801 0.552852 0.579837 0.538374 0.580259 0.538687 0.614223
0 0.10559 0.962643 0.118112 0.929651 0.103532 0.91216 0.0910093 0.945153
0 0.12774 0.837944 0.128313 0.808135 0.0994301 0.806379 0.0988565 0.836188
0 0.703944 0.661741 0.721432 0.622854 0.707479 0.603021 0.68999 0.641908
0 0.748961 0.538941 0.758131 0.514387 0.737008 0.489458 0.727839 0.514012
0 0.749203 0.580592 0.750607 0.519882 0.716924 0.517421 0.71552 0.578131
0 0.744696 0.502399 0.746026 0.468941 0.726785 0.466524 0.725456 0.499982
0 0.117011 0.999969 0.142766 0.961194 0.128087 0.930378 0.102331 0.969153
0 0.204715 0.849301 0.215752 0.794413 0.192805 0.77983 0.181768 0.834718
0 0.212318 0.695603 0.2151 0.673317 0.202284 0.668262 0.199503 0.690548
0 0.20166 0.692999 0.202232 0.671922 0.188952 0.670784 0.18838 0.691861
0 0.0901223 0.961425 0.100272 0.930029 0.0860542 0.915501 0.0759042 0.946898
0 0.638499 0.438608 0.639836 0.419671 0.62721 0.416852 0.625872 0.43579
0 0.0264141 0.950226 0.024416 0.919605 -0.00108416 0.924864 0.000913939 0.955485
0 0.760575 0.624657 0.762939 0.57009 0.733836 0.566104 0.731472 0.620672
0 0.108037 0.815125 0.110041 0.781519 0.0891834 0.777588 0.0871795 0.811194
0 0.500419 0.776591 0.502808 0.73758 0.472073 0.731631 0.469684 0.770642
0 0.569393 0.646715 0.576733 0.616918 0.56569 0.608321 0.558351 0.638118
0 0.690963 0.584451 0.701941 0.573694 0.690801 0.537759 0.679822 0.548515
0 0.176538 0.76128 0.177997 0.736798 0.160261 0.733456 0.158801 0.757938
0 0.585756 0.755546 0.596493 0.725763 0.584804 0.712443 0.574066 0.742227
0 0.417974 0.968178 0.428611 0.928468 0.408985 0.911854 0.398348 0.951563
0 0.621868 0.632159 0.629886 0.609768 0.612105 0.589644 0.604087 0.612035
0 0.795639 0.804696 0.794853 0.670238 0.686432 0.672241 0.687218 0.806699
0 0.60491 0.550897 0.619961 0.511571 0.606992 0.495882 0.59194 0.535208
0 0.764275 0.991382 0.807987 0.902326 0.741928 0.799847 0.698215 0.888903
0 0.0199425 0.997374 0.0204448 0.950086 -0.00404148 0.949264 -0.00454379 0.996552
0 0.0885235 0.915768 0.10769 0.895532 0.100262 0.873298 0.081096 0.893534
0 0.638154 0.585131 0.644895 0.564864 0.633582 0.552973 0.626841 0.57324
0 0.221773 0.835945 0.232397 0.803554 0.218728 0.789384 0.208104 0.821774
0 0.259878 0.693994 0.261171 0.675066 0.247208 0.672052 0.245915 0.690981
0 0.190178 0.808421 0.192809 0.78119 0.180245 0.777353 0.177614 0.804583
0 0.632971 0.568339 0.634495 0.541368 0.619371 0.538667 0.617846 0.565637
0 0.222706 0.787634 0.219093 0.752642 0.193082 0.76113 0.196695 0.796122
0 0.620493 0.492586 0.628776 0.463081 0.617117 0.452737 0.608834 0.482241
0 0.50817 0.840383 0.510044 0.806566 0.494044 0.803764 0.49217 0.837581
0 0.185923 0.786802 0.188681 0.766183 0.176157 0.760887 0.173399 0.781506
0 0.426943 0.819165 0.430889 0.794065 0.416571 0.786949 0.412624 0.812049
0 0.574074 0.728925 0.578057 0.708744 0.565987 0.701215 0.562003 0.721395
0 0.0794943 0.335901 0.0976192 0.322618 0.0861576 0.273189 0.0680327 0.286472
0 0.0844315 0.875448 0.0871238 0.8468 0.0726908 0.842513 0.0699986 0.871161
0 0.532274 0.617623 0.536669 0.591564 0.526182 0.585973 0.521787 0.612032
0 0.210566 0.89144 0.215067 0.868637 0.20011 0.859306 0.195609 0.882109
0 0.492447 0.664315 0.501059 0.641543 0.493136 0.632073 0.484524 0.654844
0 0.618655 0.557399 0.635578 0.527848 0.623571 0.506115 0.606648 0.535665
0 0.155067 0.912163 0.158239 0.881698 0.142459 0.876503 0.139286 0.906969
0 0.0799959 0.903071 0.087847 0.885835 0.0726873 0.86401 0.0648362 0.881246
0 0.874489 0.41513 0.879553 0.39631 0.861526 0.38098 0.856462 0.3998
0 0.175848 0.720247 0.178079 0.701033 0.164097 0.695902 0.161866 0.715116
0 0.139372 0.924635 0.141758 0.895189 0.122059 0.890145 0.119673 0.919591
0 0.623973 1.01444 0.637731 0.982261 0.610399 0.945325 0.596641 0.977503
0 0.541463 0.766124 0.550557 0.745355 0.53792 0.727867 0.528826 0.748636
0 0.33779 0.754442 0.34819 0.733148 0.339159 0.719207 0.328759 0.740501
0 0.622308 0.596575 0.626858 0.576507 0.615263 0.568198 0.610713 0.588266
0 0.177182 0.672475 0.179448 0.650896 0.16607 0.646456 0.163804 0.668035
0 0.33936 0.718992 0.343531 0.687935 0.325797 0.680407 0.321626 0.711464
0 0.63368 0.405223 0.640224 0.37761 0.624848 0.366095 0.618304 0.393708
0 0.037238 0.967331 0.0396828 0.940494 0.0231263 0.935727 0.0206816 0.962564
0 0.715075 0.435747 0.723438 0.407339 0.698798 0.384412 0.690434 0.41282
0 0.587875 0.629623 0.597409 0.608027 0.58722 0.59381 0.577686 0.615407
0 0.0589344 0.766472 0.0650304 0.745085 0.0503573 0.731867 0.0442612 0.753254
0 0.187766 0.686985 0.201334 0.662456 0.190683 0.643835 0.177115 0.668365
0 0.59027 0.512337 0.59767 0.479517 0.583725 0.469579 0.576325 0.5024
0 0.854917 0.561667 0.858159 0.531529 0.840631 0.525569 0.837388 0.555707
0 0.565254 0.827275 0.563811 0.774777 0.537741 0.777042 0.539184 0.82954
0 0.594773 0.515526 0.603462 0.487683 0.591058 0.475449 0.582369 0.503292
0 0.531492 0.671621 0.537037 0.639608 0.524551 0.632773 0.519006 0.664786
0 0.914455 0.409039 0.915159 0.368559 0.889023 0.367124 0.888319 0.407604
0 0.851098 0.475681 0.861455 0.423486 0.836906 0.40809 0.826549 0.460285
0 0.0948068 0.893551 0.122914 0.864123 0.112375 0.832312 0.0842683 0.86174
0 0.382631 0.778751 0.383019 0.743842 0.365699 0.743234 0.365311 0.778143
0 0.688417 0.448085 0.695937 0.433639 0.687294 0.419418 0.679774 0.433863
0 0.730752 0.632891 0.73312 0.603315 0.717853 0.599452 0.715485 0.629028
0 0.767015 0.627242 0.774606 0.60842 0.76519 0.596418 0.757599 0.61524
0 0.226639 0.736805 0.227483 0.716636 0.21458 0.714929 0.213736 0.735098
0 0.145289 0.848344 0.147078 0.825404 0.134693 0.822351 0.132904 0.845291
0 0.196022 0.653198 0.198111 0.634138 0.186968 0.630279 0.18488 0.649339
0 0.83985 0.669702 0.851851 0.654868 0.838368 0.62039 0.826366 0.635223
0 0.11591 0.895452 0.123531 0.875329 0.113288 0.863069 0.105667 0.883192
0 0.0699834 0.977456 0.0796139 0.951472 0.0692504 0.939332 0.0596198 0.965316
0 0.871564 0.579951 0.880979 0.561787 0.865533 0.536482 0.856117 0.554646
0 0.641301 0.49403 0.644578 0.47394 0.632859 0.467899 0.629583 0.487989
0 0.162289 0.320226 0.173982 0.21588 0.105625 0.191671 0.0939323 0.296018
0 0.616436 0.716354 0.622211 0.701132 0.608759 0.685 0.602983 0.700222
0 0.18909 0.767232 0.192573 0.747404 0.178964 0.73985 0.175482 0.759678
0 0.669494 0.447729 0.675246 0.423129 0.664073 0.414873 0.658321 0.439472
0 0.0477499 0.925456 0.065581 0.911378 0.0607275 0.891949 0.0428964 0.906026
0 0.236959 0.768418 0.244011 0.747598 0.234879 0.737821 0.227827 0.75864
0 0.138082 0.829666 0.139477 0.80885 0.126354 0.806069 0.124958 0.826885
0 0.662516 0.714487 0.669966 0.679963 0.647592 0.664703 0.640142 0.699227
0 0.234453 0.821111 0.23993 0.801426 0.229105 0.791908 0.223628 0.811593
0 0.0344188 1.00802 0.0389727 0.97294 0.0190417 0.964763 0.0144878 0.999845
0 0.828323 0.482154 0.829619 0.436408 0.800431 0.433794 0.799135 0.47954
0 0.21113 0.752331 0.214944 0.728961 0.203467 0.72304 0.199653 0.74641
0 0.460641 0.794829 0.46399 0.770799 0.446519 0.763103 0.44317 0.787134
0 0.688084 0.608402 0.690418 0.58753 0.677734 0.583048 0.675401 0.603921
0 0.520648 0.837944 0.523135 0.812188 0.510655 0.80838 0.508169 0.834137
0 0.353936 0.730703 0.359328 0.705615 0.349599 0.699006 0.344207 0.724094
0 0.62424 0.436569 0.627151 0.415432 0.615603 0.410406 0.612692 0.431543
0 0.63422 0.649097 0.634861 0.627845 0.613642 0.62582 0.613001 0.647073
0 0.394992 0.678779 0.40043 0.648676 0.386224 0.640565 0.380786 0.670669
0 0.220652 0.699126 0.227855 0.676899 0.218984 0.667814 0.211782 0.690042
0 0.586019 0.865303 0.58762 0.837666 0.566072 0.83372 0.56447 0.861358
0 0.575686 0.5753 0.577039 0.545878 0.563914 0.54397 0.562561 0.573392
0 0.712295 0.587483 0.722338 0.562718 0.712484 0.550088 0.702441 0.574853
0 0.624947 0.692506 0.630242 0.655035 0.614855 0.648163 0.60956 0.685634
0 0.0670676 0.858553 0.0671986 0.839522 0.0495657 0.839138 0.0494347 0.85817
0 0.747314 0.645247 0.750188 0.621299 0.73387 0.61511 0.730996 0.639058
0 0.165286 0.810456 0.16987 0.773344 0.145706 0.763911 0.141122 0.801023
0 0.234178 0.705732 0.237726 0.684715 0.226647 0.678804 0.223099 0.699821
0 0.414731 0.934983 0.417281 0.905706 0.397171 0.90017 0.394621 0.929447
0 0.562582 0.755906 0.566698 0.730794 0.55487 0.724668 0.550755 0.749779
0 0.745488 0.390314 0.749565 0.368511 0.737119 0.361156 0.733041 0.382959
0 0.825111 0.630618 0.826997 0.605118 0.810176 0.601186 0.808291 0.626686
0 0.768677 0.468681 0.779138 0.452743 0.762267 0.417747 0.751806 0.433685
0 0.559307 0.723595 0.563404 0.704272 0.55381 0.697844 0.549713 0.717168
0 0.684507 0.536101 0.692955 0.516401 0.683063 0.502994 0.674615 0.522694
0 0.119762 0.798692 0.122386 0.776608 0.109131 0.77163 0.106507 0.793714
0 0.868083 0.54971 0.873316 0.530442 0.859968 0.518986 0.854735 0.538254
0 0.956846 0.295409 0.962453 0.239565 0.936388 0.231294 0.930781 0.287137
0 0.555183 0.931939 0.556801 0.904643 0.542598 0.901981 0.54098 0.929278
0 0.0357496 0.939527 0.0477583 0.900728 0.0312017 0.884533 0.019193 0.923331
0 0.887942 0.406256 0.89111 0.38563 0.878847 0.379676 0.875679 0.400302
0 0.569183 0.704641 0.573008 0.683276 0.558853 0.675265 0.555027 0.696629
0 0.238824 0.743665 0.240851 0.724819 0.229424 0.720933 0.227396 0.739779
0 0.636938 0.69259 0.640753 0.666698 0.627703 0.660622 0.623889 0.686514
0 0.970389 0.436372 0.970895 0.408087 0.956126 0.407253 0.955621 0.435539
0 0.588066 0.544869 0.595432 0.52303 0.580049 0.506632 0.572683 0.528471
0 0.785785 0.391126 0.787076 0.363329 0.768499 0.360602 0.767207 0.388398
0 0.644029 0.421588 0.646902 0.39282 0.62996 0.387473 0.627087 0.416241
0 0.610788 0.452957 0.614113 0.433458 0.604594 0.428329 0.601269 0.447828
0 0.12043 0.669317 0.121685 0.63796 0.103748 0.635693 0.102493 0.667049
0 0.0383805 0.859497 0.0406977 0.838526 0.0278483 0.834039 0.0255312 0.85501
0 0.789102 0.631529 0.793191 0.606921 0.774795 0.597261 0.770706 0.621869
0 0.585532 0.665303 0.592935 0.649735 0.584603 0.637213 0.5772 0.65278
0 0.0663055 0.298273 0.0793501 0.272197 0.0597935 0.241277 0.0467489 0.267354
0 0.0514066 0.910965 0.0679688 0.894478 0.0613709 0.873531 0.0448087 0.890018
0 0.0867721 0.784799 0.0876261 0.762415 0.0688589 0.760152 0.0680049 0.782536
0 0.747595 0.415387 0.753214 0.400684 0.741059 0.386001 0.73544 0.400705
0 0.0630686 0.349786 0.0846451 0.308844 0.0571859 0.263109 0.0356094 0.304051
0 0.356682 0.702819 0.358526 0.680653 0.3451 0.677123 0.343256 0.699289
0 0.494974 0.609778 0.498208 0.583831 0.485628 0.578874 0.482393 0.604821
0 0.835532 0.436248 0.835897 0.412592 0.817505 0.411696 0.81714 0.435353
0 0.0425295 0.999606 0.055432 0.975175 0.0452165 0.958124 0.032314 0.982555
0 0.696908 0.618093 0.707164 0.595288 0.697437 0.581461 0.687181 0.604266
0 0.882293 0.305971 0.89178 0.255834 0.868141 0.241697 0.858654 0.291834
0 0.481887 0.823462 0.486313 0.791149 0.474856 0.786189 0.47043 0.818502
0 0.0115688 0.850184 0.0251058 0.8351 0.0185347 0.816463 0.00499773 0.831547
0 0.140698 0.801263 0.145013 0.781715 0.133323 0.773559 0.129008 0.793107
0 0.99356 0.801321 1.04113 0.672913 0.948337 0.564267 0.900767 0.692675
0 0.802042 0.688357 0.80854 0.66534 0.785488 0.644773 0.77899 0.66779
0 0.471556 0.973435 0.501411 0.870901 0.437892 0.812449 0.408038 0.914983
0 0.266749 0.933525 0.278051 0.90865 0.265921 0.891231 0.254619 0.916106
0 0.128439 0.812221 0.129667 0.789367 0.117279 0.787265 0.116052 0.810119
0 0.558965 0.562801 0.562517 0.54232 0.552823 0.537006 0.549271 0.557488
0 0.17612 0.631192 0.180218 0.610442 0.163373 0.599926 0.159274 0.620676
0 0.962543 0.394691 0.980804 0.375736 0.973303 0.352898 0.955043 0.371853
0 0.137959 0.899834 0.154506 0.876725 0.145169 0.855595 0.128621 0.878704
0 0.905442 0.374727 0.908871 0.347638 0.891012 0.340495 0.887584 0.367584
0 0.346473 0.725667 0.351798 0.698039 0.341303 0.691647 0.335979 0.719275
0 0.549768 0.714575 0.552986 0.686332 0.540734 0.681921 0.537517 0.710164
0 0.48824 0.865857 0.489218 0.83943 0.474642 0.837725 0.473664 0.864152
0 0.983243 0.367399 0.989547 0.336576 0.965431 0.320987 0.959127 0.351811
0 0.649688 0.451472 0.651393 0.434117 0.640449 0.430719 0.638744 0.448073
0 0.898799 0.449372 0.903495 0.431284 0.886092 0.417002 0.881395 0.43509
0 0.556244 0.655368 0.563748 0.642835 0.552779 0.622076 0.545274 0.634608
0 0.239975 0.665329 0.243022 0.644382 0.230199 0.638487 0.227152 0.659434
0 0.140521 0.958383 0.145496 0.925753 0.128831 0.917723 0.123856 0.950354
0 0.151385 0.7774 0.151202 0.75306 0.13616 0.753417 0.136343 0.777757
0 0.10517 0.930058 0.121473 0.901888 0.111401 0.883465 0.0950982 0.911635
0 0.695057 0.360618 0.698697 0.337293 0.685245 0.330658 0.681605 0.353984
0 0.8253 0.397793 0.827111 0.377002 0.813155 0.373161 0.811345 0.393952
0 0.134091 0.847973 0.136056 0.822626 0.119842 0.818653 0.117877 0.844
0 0.198233 0.710374 0.199125 0.689238 0.182266 0.686989 0.181374 0.708126
0 0.365567 0.775671 0.368033 0.748098 0.354093 0.744157 0.351626 0.771729
0 0.0854211 0.839006 0.0886421 0.817591 0.0774924 0.812291 0.0742714 0.833706
0 0.630864 0.744945 0.635031 0.718497 0.614244 0.708146 0.610077 0.734595
0 0.557704 0.685505 0.568078 0.664849 0.55946 0.65117 0.549086 0.671827
0 0.735013 0.472047 0.735631 0.447936 0.720595 0.446719 0.719978 0.47083
0 0.450254 0.771028 0.455562 0.748165 0.445035 0.740441 0.439727 0.763304
0 0.525642 0.592653 0.528174 0.572105 0.517444 0.567926 0.514911 0.588474
0 0.810956 0.669869 0.820845 0.648139 0.810451 0.633189 0.800562 0.654919
0 0.521306 0.575622 0.528715 0.545876 0.5112 0.532088 0.503791 0.561834
0 0.958954 0.345874 0.957815 0.314863 0.938552 0.317099 0.939691 0.34811
0 0.865185 0.529746 0.867882 0.500669 0.851866 0.495975 0.849169 0.525052
0 0.605756 0.614184 0.609221 0.593511 0.597941 0.587535 0.594476 0.608209
0 0.501699 0.638912 0.511018 0.616731 0.50301 0.606098 0.493691 0.628279
0 0.582956 0.716553 0.588963 0.695941 0.575816 0.683833 0.56981 0.704445
0 0.699205 0.489067 0.709079 0.477098 0.695286 0.441136 0.685412 0.453105
0 0.210302 0.67586 0.212058 0.658818 0.199436 0.654708 0.19768 0.671751
0 0.67135 0.647182 0.683441 0.612692 0.65916 0.585792 0.64707 0.620282
0 0.857628 0.460177 0.865132 0.415173 0.84231 0.403145 0.834806 0.448149
0 0.646682 0.552366 0.65249 0.521373 0.640214 0.514101 0.634405 0.545094
0 0.621622 0.456045 0.624468 0.438807 0.615445 0.434098 0.612598 0.451336
0 0.0329773 0.899279 0.0410186 0.882388 0.027371 0.861854 0.0193298 0.878745
0 0.248924 0.80341 0.25586 0.776027 0.242813 0.765581 0.235876 0.792964
0 0.532565 0.879311 0.541019 0.851374 0.531374 0.84215 0.52292 0.870087
0 0.54519 0.21695 0.544121 0.16394 0.513131 0.165916 0.5142 0.218926
0 0.633895 0.454128 0.636287 0.437893 0.625293 0.432774 0.622901 0.449009
0 0.513036 0.817235 0.514681 0.797878 0.502263 0.794542 0.500618 0.813899
0 0.644452 0.702401 0.647009 0.679417 0.635609 0.675407 0.633051 0.698391
0 0.659308 0.428408 0.660481 0.407161 0.646903 0.404791 0.64573 0.426038
0 0.471077 0.782555 0.472838 0.761311 0.463135 0.75877 0.461375 0.780014
0 0.835016 0.749092 0.84138 0.706434 0.819832 0.696273 0.813468 0.738931
0 0.594624 0.483629 0.600887 0.465417 0.592321 0.456108 0.586059 0.47432
0 0.65614 0.502326 0.659201 0.476188 0.647276 0.471775 0.644216 0.497913
0 0.688488 0.594491 0.693014 0.571608 0.67917 0.562954 0.674644 0.585837
0 0.0605803 0.94186 0.0677017 0.92124 0.0579809 0.91063 0.0508594 0.93125
0 0.00364209 0.269935 0.164751 0.218737 0.155588 0.127604 -0.00552115 0.178802
0 0.640986 0.624712 0.650484 0.610506 0.638005 0.584139 0.628507 0.598345
0 0.499891 0.732874 0.507337 0.712168 0.492832 0.695682 0.485386 0.716388
0 0.759347 0.388801 0.765834 0.370031 0.756605 0.359951 0.750118 0.378721
0 0.0540699 0.167986 0.0994017 0.109782 0.0560261 0.00301182 0.0106942 0.0612162
0 0.587241 0.580036 0.593491 0.561184 0.586255 0.553604 0.580006 0.572456
0 0.585025 0.561881 0.587447 0.5416 0.5772 0.537733 0.574778 0.558014
0 0.516454 0.720195 0.518446 0.686342 0.503391 0.683543 0.501399 0.717395
0 0.857387 0.414099 0.861664 0.398495 0.847796 0.386481 0.843519 0.402085
0 0.927954 0.800607 0.946792 0.717517 0.876312 0.667014 0.857474 0.750105
0 0.407945 0.662002 0.415174 0.63752 0.406585 0.629505 0.399357 0.653987
0 0.681404 0.578093 0.685107 0.546965 0.671627 0.541896 0.667923 0.573024
0 0.582861 0.588508 0.585913 0.567855 0.576779 0.563589 0.573727 0.584242
0 0.169522 0.301766 0.197351 0.276461 0.171112 0.185255 0.143282 0.210559
0 0.58567 0.666514 0.590429 0.648773 0.578876 0.638979 0.574117 0.656721
0 0.437633 0.813388 0.439959 0.786508 0.427599 0.783127 0.425273 0.810008
0 0.224744 0.604303 0.226018 0.584122 0.210766 0.581078 0.209492 0.601259
0 0.162493 0.767231 0.163035 0.74972 0.150598 0.748504 0.150057 0.766015
0 0.84726 0.409967 0.850371 0.388224 0.837786 0.382534 0.834676 0.404277
0 0.0901177 0.310554 0.112602 0.279848 0.0867545 0.22003 0.0642703 0.250735
0 0.211565 0.598729 0.21388 0.572999 0.201353 0.569436 0.199038 0.595166
0 0.609544 0.748787 0.615179 0.72623 0.60402 0.71742 0.598385 0.739978
0 0.757378 0.64137 0.763817 0.612442 0.755235 0.606405 0.748796 0.635333
0 0.154886 0.957481 0.156354 0.922274 0.139596 0.920065 0.138128 0.955272
0 0.946619 0.373355 0.951596 0.352295 0.935422 0.340214 0.930445 0.361274
0 0.598852 0.845937 0.602466 0.812704 0.582407 0.80581 0.578793 0.839044
0 0.636209 0.790319 0.642937 0.773642 0.625742 0.751721 0.619015 0.768398
0 0.521625 0.613407 0.52331 0.592442 0.513728 0.590007 0.512042 0.610971
0 0.985852 0.239434 0.990421 0.206245 0.964042 0.194768 0.959473 0.227957
0 0.0797226 0.941112 0.0906559 0.913854 0.0784739 0.898411 0.0675405 0.925669
0 0.640655 0.515885 0.646 0.499719 0.629711 0.482697 0.624366 0.498864
0 0.551594 0.741505 0.553549 0.720851 0.538721 0.716414 0.536766 0.737069
0 0.614909 0.570683 0.619433 0.549435 0.606033 0.540417 0.601509 0.561665
0 0.649695 0.363028 0.651178 0.338458 0.638751 0.336086 0.637267 0.360656
0 0.564188 0.615359 0.568628 0.588467 0.556497 0.582135 0.552056 0.609028
0 0.467812 0.68445 0.47482 0.661127 0.465855 0.652614 0.458847 0.675937
0 0.792573 0.724114 0.794867 0.689989 0.781321 0.687111 0.779028 0.721237
0 0.825319 0.415476 0.827092 0.394777 0.814427 0.391349 0.812654 0.412047
0 0.547141 0.66891 0.550299 0.64266 0.540358 0.63888 0.537199 0.665129
0 0.578828 0.840244 0.581468 0.817996 0.566123 0.812243 0.563484 0.83449
0 0.198512 0.892103 0.201495 0.864217 0.185566 0.858832 0.182583 0.886717
0 0.656423 0.296661 0.661777 0.260399 0.642594 0.251448 0.63724 0.28771
0 0.707272 0.588011 0.715744 0.565194 0.707311 0.555299 0.698839 0.578116
0 0.289441 0.745995 0.292394 0.713085 0.272594 0.70747 0.269641 0.74038
0 0.0920078 0.866296 0.0973288 0.835637 0.0833652 0.827978 0.0780442 0.858636
0 0.531128 0.588196 0.535622 0.569508 0.527237 0.563136 0.522743 0.581823
0 0.207576 0.655236 0.209322 0.636787 0.199835 0.633949 0.198089 0.652399
0 0.670324 0.505486 0.678698 0.46035 0.665618 0.45268 0.657244 0.497816
0 0.57961 0.645291 0.580608 0.626584 0.5694 0.624695 0.568403 0.643401
0 0.62101 0.569488 0.622689 0.546915 0.607296 0.543296 0.605617 0.56587
0 0.464377 0.765687 0.467458 0.744245 0.456357 0.739202 0.453276 0.760645
0 0.614922 0.661929 0.620026 0.641237 0.607304 0.631319 0.6022 0.652011
0 0.978598 0.146086 1.00037 0.122743 0.99316 0.101481 0.971386 0.124824
0 0.705151 0.236604 0.707041 0.214445 0.692539 0.210537 0.690649 0.232695
0 0.868944 0.448104 0.871988 0.423641 0.858924 0.418504 0.85588 0.442968
0 0.77154 0.367933 0.777264 0.340068 0.764773 0.331959 0.759049 0.359824
0 0.67322 0.689353 0.683011 0.662526 0.662023 0.638316 0.652232 0.665143
0 0.125023 0.876516 0.132063 0.848421 0.120944 0.839615 0.113904 0.86771
0 0.758154 0.65396 0.769145 0.625942 0.759737 0.614277 0.748746 0.642296
0 0.0482734 0.942758 0.0513241 0.918567 0.0363205 0.912587 0.0332698 0.936778
0 0.629799 0.372988 0.634426 0.349074 0.622707 0.341906 0.618079 0.365821
0 0.693023 0.509104 0.70026 0.482951 0.682007 0.466988 0.67477 0.493141
0 0.634346 0.464263 0.635036 0.44498 0.622572 0.443572 0.621882 0.462855
0 0.757897 0.472013 0.759939 0.443337 0.742773 0.439475 0.740732 0.468152
0 0.447836 0.8149 0.450775 0.793026 0.441445 0.789064 0.438506 0.810938
0 0.80394 0.636789 0.807279 0.617219 0.793933 0.610021 0.790593 0.629591
0 0.848748 0.773755 0.866506 0.755289 0.844049 0.68703 0.82629 0.705495
0 0.188161 0.714487 0.189952 0.69144 0.17506 0.687782 0.173269 0.710829
0 0.170293 0.701059 0.170839 0.677171 0.156033 0.676102 0.155487 0.69999
0 0.596323 0.718304 0.605264 0.68654 0.593289 0.675888 0.584349 0.707653
0 0.594494 0.658354 0.600975 0.64116 0.593083 0.631758 0.586602 0.648952
0 0.60083 0.693976 0.615945 0.669626 0.606788 0.651662 0.591673 0.676012
0 0.692752 0.633874 0.697493 0.608649 0.683883 0.600564 0.679142 0.62579
0 0.589572 0.690612 0.610455 0.665944 0.602398 0.644384 0.581514 0.669052
0 0.145714 0.831589 0.147148 0.811028 0.137378 0.808875 0.135944 0.829436
0 0.506913 0.601392 0.510419 0.574868 0.499728 0.5704 0.496221 0.596925
0 0.765537 0.604647 0.77234 0.569539 0.750501 0.556164 0.743698 0.591272
0 0.0480588 0.897482 0.0545558 0.874188 0.0429695 0.863975 0.0364726 0.887269
0 0.0213656 0.926208 0.0224678 0.902242 0.0076217 0.900085 0.0065196 0.92405
0 0.725624 0.528252 0.728252 0.507238 0.714242 0.501702 0.711614 0.522716
0 0.248892 0.716155 0.249856 0.693167 0.237661 0.691551 0.236697 0.714539
0 0.342498 0.908401 0.383056 0.851218 0.359313 0.797996 0.318755 0.855179
0 0.95189 0.853876 0.966377 0.787287 0.869798 0.720876 0.85531 0.787465
0 0.606277 0.486387 0.612102 0.465071 0.603618 0.457744 0.597793 0.47906
0 0.87783 0.431048 0.879217 0.411657 0.866603 0.408805 0.865216 0.428195
0 0.779129 0.677896 0.783708 0.64107 0.770525 0.635889 0.765946 0.672715
0 0.103337 0.581079 0.119427 0.506342 0.0871406 0.484374 0.0710506 0.559111
0 0.430717 0.773644 0.441515 0.749036 0.431905 0.735707 0.421106 0.760315
0 0.666263 0.404404 0.670213 0.387697 0.661109 0.380894 0.657159 0.3976
0 0.540347 0.635706 0.543517 0.615055 0.531469 0.60921 0.528298 0.62986
0 0.783402 0.701946 0.783915 0.673706 0.770596 0.67294 0.770082 0.70118
0 0.553266 1.00572 0.557027 0.969366 0.534924 0.962139 0.531163 0.998491
0 0.678738 0.475631 0.680104 0.446829 0.667604 0.444957 0.666239 0.473759
0 0.783843 0.594727 0.789907 0.566139 0.777882 0.558078 0.771819 0.586667
0 0.618406 0.416075 0.622197 0.392557 0.613745 0.388251 0.609954 0.411769
0 0.520835 0.658502 0.525095 0.633509 0.516513 0.628886 0.512253 0.653878
0 0.709688 0.564449 0.712983 0.540232 0.699289 0.534345 0.695994 0.558562
0 0.640162 0.412519 0.643696 0.383023 0.627956 0.377062 0.624422 0.406558
0 0.180138 0.737195 0.180471 0.715677 0.165989 0.71497 0.165657 0.736489
0 0.373581 0.743413 0.38093 0.700118 0.363532 0.690785 0.356183 0.73408
0 0.57045 0.615336 0.576488 0.589548 0.563188 0.579707 0.557151 0.605495
0 0.748758 0.450027 0.750788 0.425874 0.731072 0.420639 0.729043 0.444792
0 0.70458 0.45821 0.715474 0.443668 0.702465 0.412866 0.691571 0.427408
0 0.413235 0.662351 0.419801 0.638825 0.411044 0.631101 0.404479 0.654628
0 0.530862 0.811363 0.550554 0.770542 0.53736 0.750426 0.517668 0.791247
0 0.490876 0.712291 0.498705 0.692816 0.487476 0.678548 0.479647 0.698023
0 0.0522888 0.849112 0.0529543 0.827094 0.0377842 0.825645 0.0371186 0.847663
0 0.255723 0.834024 0.262355 0.800765 0.251668 0.794029 0.245035 0.827289
0 0.349044 0.776886 0.355312 0.747042 0.341709 0.738013 0.335441 0.767857
0 0.124768 0.933549 0.128537 0.909061 0.114372 0.902173 0.110604 0.92666
0 0.453192 0.794763 0.456056 0.770563 0.443362 0.765814 0.440498 0.790015
0 0.0241628 0.906464 0.0320303 0.876328 0.0140579 0.861499 0.00619036 0.891635
0 0.761869 0.694556 0.768218 0.65839 0.748255 0.647314 0.741906 0.683481
0 0.0422121 0.780709 0.0532749 0.755289 0.0415546 0.739168 0.0304918 0.764587
0 0.637241 0.349723 0.640039 0.323905 0.623768 0.318331 0.62097 0.344149
0 0.849007 0.386201 0.856137 0.359333 0.843884 0.349056 0.836754 0.375924
0 0.772543 0.27417 0.774426 0.259556 0.764529 0.255527 0.762647 0.270142
0 0.510072 0.654473 0.515092 0.631836 0.505287 0.624962 0.500266 0.6476
0 0.744229 0.398366 0.749093 0.380368 0.737637 0.370582 0.732773 0.388581
0 0.720197 0.456759 0.722805 0.43202 0.71148 0.428247 0.708872 0.452986
0 0.482406 0.728936 0.486973 0.703206 0.477181 0.697714 0.472614 0.723444
0 0.743186 0.678973 0.753304 0.664056 0.741002 0.637683 0.730884 0.652599
0 0.355642 0.746474 0.360929 0.725201 0.351051 0.717443 0.345764 0.738716
0 0.124208 0.954075 0.1297 0.923805 0.117423 0.916764 0.11193 0.947035
0 0.393405 0.751327 0.403157 0.727938 0.394358 0.716342 0.384606 0.739731
0 0.0909282 0.808575 0.093513 0.781598 0.0805589 0.777676 0.0779741 0.804652
0 0.21442 0.636492 0.216276 0.616225 0.205268 0.61304 0.203412 0.633307
0 0.159255 1.01035 0.166281 0.987036 0.153854 0.975199 0.146828 0.998514
0 0.419834 0.775712 0.423623 0.751453 0.411571 0.745505 0.407783 0.769763
0 0.836989 0.503302 0.848836 0.474994 0.83628 0.458387 0.824433 0.486694
0 0.481096 0.693278 0.487359 0.66444 0.476905 0.657264 0.470641 0.686101
0 0.693062 0.669121 0.700112 0.651869 0.690794 0.639835 0.683744 0.657087
0 0.709088 0.501298 0.714303 0.48862 0.703057 0.473999 0.697842 0.486677
0 0.540431 0.579704 0.544417 0.561189 0.535472 0.555103 0.531486 0.573618
0 0.0406342 0.88063 0.0448399 0.855949 0.0298785 0.847892 0.0256727 0.872573
0 0.232092 0.794076 0.241022 0.778667 0.234374 0.76649 0.225444 0.781899
0 0.490942 0.684617 0.497057 0.662474 0.48816 0.654708 0.482045 0.676851
0 0.610417 0.427387 0.61178 0.400433 0.598329 0.398282 0.596965 0.425236
0 0.0690537 0.956086 0.0797187 0.936818 0.0714554 0.922362 0.0607904 0.941629
0 0.189891 0.636028 0.192278 0.617184 0.180694 0.612547 0.178307 0.631391
0 0.202249 0.743044 0.204317 0.724044 0.193621 0.720364 0.191552 0.739364
0 0.680958 0.373768 0.681737 0.35589 0.671399 0.354467 0.67062 0.372345
0 0.612842 0.713032 0.618745 0.690978 0.604693 0.679091 0.59879 0.701144
0 0.00417112 0.203791 0.058424 0.158126 0.0433926 0.101685 -0.0108602 0.147349
0 0.762203 0.547878 0.774095 0.53104 0.759384 0.498202 0.747492 0.51504
0 0.335653 0.781193 0.337508 0.751859 0.320763 0.748513 0.318908 0.777846
0 0.710145 0.394626 0.713171 0.375895 0.701079 0.369722 0.698053 0.388452
0 0.663487 0.316542 0.67006 0.296753 0.660031 0.286224 0.653458 0.306013
0 0.464652 0.665072 0.47131 0.644138 0.46238 0.635161 0.455722 0.656096
0 0.817328 0.323004 0.822152 0.268661 0.789026 0.259366 0.784202 0.313709
0 0.543482 0.67614 0.546514 0.647109 0.536995 0.643968 0.533964 0.672999
0 0.670962 0.415814 0.673614 0.39603 0.663107 0.391579 0.660455 0.411363
0 0.937258 0.573739 0.93848 0.543556 0.916681 0.540768 0.915459 0.570951
0 0.193443 0.984934 0.200173 0.962854 0.187474 0.950623 0.180745 0.972703
0 0.45318 0.674436 0.453967 0.640575 0.438178 0.639415 0.43739 0.673276
0 0.164068 0.870218 0.16672 0.840282 0.145319 0.834292 0.142667 0.864228
0 0.804423 0.734546 0.810828 0.7047 0.795485 0.694294 0.789081 0.72414
0 0.0122333 0.925039 0.0144567 0.888782 -0.00123365 0.885741 -0.0034571 0.921998
0 0.209773 0.726514 0.211587 0.699526 0.19543 0.696094 0.193616 0.723082
0 0.51263 0.683947 0.516503 0.652273 0.500293 0.646008 0.496421 0.677682
