0 0.600366 0.59533 0.599188 0.542187 0.568348 0.544347 0.569526 0.59749
0 0.551643 0.995778 0.565745 0.893752 0.499513 0.864819 0.485411 0.966845
0 0.98739 1.07963 1.02748 0.857222 0.818735 0.738307 0.778647 0.960711
0 0.228981 1.02436 0.271924 0.982179 0.25524 0.928494 0.212297 0.970673
0 0.557303 0.907477 0.565722 0.863681 0.530111 0.842047 0.521692 0.885844
0 0.465246 0.937904 0.482248 0.880594 0.460569 0.860267 0.443567 0.917577
0 0.50031 0.894025 0.501143 0.828236 0.475155 0.827195 0.474322 0.892985
0 0.66086 0.743015 0.66371 0.716428 0.646714 0.710671 0.643865 0.737258
0 0.635152 0.892763 0.636172 0.850408 0.612183 0.848583 0.611163 0.890938
0 0.498386 0.970665 0.508802 0.924047 0.487141 0.908751 0.476725 0.955369
0 0.571404 0.771036 0.573824 0.751311 0.560336 0.74608 0.557915 0.765804
0 0.754503 0.643383 0.74872 0.604123 0.718265 0.618301 0.724047 0.657561
0 0.481027 0.836896 0.476033 0.806246 0.45204 0.8186 0.457033 0.84925
0 0.117646 0.822973 0.119247 0.78495 0.099534 0.782327 0.097933 0.82035
0 0.2564 0.584992 0.247606 0.534874 0.208839 0.556373 0.217632 0.60649
0 0.467714 0.883152 0.472787 0.839076 0.445446 0.829131 0.440373 0.873206
0 0.259894 0.738086 0.263395 0.709489 0.241956 0.701195 0.238456 0.729792
0 0.243426 0.769141 0.244033 0.745859 0.229388 0.744652 0.228781 0.767934
0 0.573778 0.934285 0.581396 0.903721 0.562113 0.88853 0.554495 0.919094
0 0.366895 0.980119 0.377944 0.959758 0.368768 0.944021 0.357719 0.964382
0 0.6616 0.630063 0.663648 0.607062 0.650095 0.603247 0.648046 0.626248
0 0.0864418 0.820116 0.0876037 0.795861 0.0669393 0.792732 0.0657774 0.816987
0 0.492612 0.787526 0.491073 0.743718 0.466829 0.746411 0.468368 0.790219
0 0.562088 0.862588 0.571438 0.833267 0.558401 0.820128 0.549052 0.849449
0 0.581648 0.795088 0.585431 0.775636 0.571248 0.766918 0.567465 0.78637
0 0.314755 0.999937 0.317575 0.967138 0.302251 0.962973 0.29943 0.995772
0 0.491438 0.935985 0.498316 0.898007 0.475895 0.885174 0.469018 0.923152
0 0.584139 0.704666 0.582398 0.676983 0.559224 0.681589 0.560965 0.709272
0 0.587178 0.939294 0.596922 0.918693 0.579832 0.893148 0.570089 0.91375
0 0.102629 0.811891 0.103937 0.767669 0.080091 0.76544 0.0787832 0.809662
0 0.154558 0.821401 0.158865 0.777299 0.13826 0.77094 0.133954 0.815041
0 0.644073 0.753381 0.646724 0.728339 0.632447 0.723563 0.629796 0.748605
0 0.24743 0.750535 0.249612 0.729955 0.23347 0.724547 0.231289 0.745126
0 0.444029 1.00466 0.443327 0.982735 0.426803 0.984406 0.427504 1.00633
0 0.788952 1.04941 0.841868 0.964649 0.760825 0.804734 0.707909 0.889491
0 0.527278 0.818598 0.528025 0.781873 0.504596 0.780368 0.50385 0.817093
0 0.241207 0.620025 0.24331 0.596172 0.229517 0.592329 0.227414 0.616182
0 0.0929889 0.884147 0.0952992 0.818092 0.0355692 0.81149 0.0332589 0.877544
0 0.085186 0.814305 0.097795 0.775248 0.080311 0.757408 0.0677021 0.796466
0 0.186577 0.899588 0.188896 0.862462 0.168231 0.858383 0.165912 0.89551
0 0.474339 0.976876 0.485399 0.94775 0.474066 0.934149 0.463006 0.963275
0 0.245137 0.707469 0.249773 0.686744 0.236707 0.677508 0.232071 0.698233
0 0.581632 0.889411 0.587992 0.846414 0.567599 0.83688 0.561239 0.879877
0 0.342314 0.961569 0.343488 0.937063 0.327427 0.93463 0.326252 0.959137
0 0.600166 0.969852 0.605588 0.929839 0.587767 0.922207 0.582345 0.962219
0 0.379498 0.942554 0.381727 0.914662 0.366246 0.910752 0.364018 0.938644
0 0.139148 0.841456 0.141067 0.806217 0.11916 0.802446 0.117241 0.837686
0 0.365355 0.962526 0.367862 0.93836 0.347346 0.931632 0.344839 0.955798
0 0.350986 0.973042 0.353472 0.951409 0.341248 0.946969 0.338762 0.968602
0 0.302155 1.00449 0.301679 0.986518 0.286149 0.987817 0.286625 1.00579
0 0.198405 0.814464 0.223539 0.784924 0.213242 0.757234 0.188108 0.786774
0 0.566909 0.822098 0.576808 0.786194 0.565442 0.776289 0.555542 0.812193
0 0.354642 0.994276 0.364255 0.964599 0.356108 0.956259 0.346495 0.985936
0 0.288367 0.992841 0.298946 0.960415 0.283472 0.944461 0.272894 0.976887
0 0.111543 0.873836 0.115739 0.85004 0.0955976 0.838816 0.0914018 0.862612
0 0.264538 0.951742 0.279053 0.818555 0.22244 0.799056 0.207925 0.932242
0 0.311321 0.971578 0.318495 0.94023 0.302169 0.928423 0.294995 0.959771
0 0.395812 0.925146 0.403107 0.897654 0.392848 0.88905 0.385553 0.916543
0 0.367687 0.999812 0.375968 0.975819 0.36482 0.963657 0.356539 0.987651
0 0.671641 0.669988 0.672968 0.631248 0.654877 0.62929 0.65355 0.668031
0 0.16372 0.700812 0.179168 0.665096 0.153232 0.629642 0.137784 0.665358
0 0.561671 1.00239 0.558272 0.958532 0.529199 0.965652 0.532597 1.00951
0 0.32919 1.00024 0.331871 0.974505 0.316874 0.969569 0.314193 0.995304
0 0.726569 0.607465 0.736665 0.569248 0.711773 0.548466 0.701677 0.586684
0 0.595993 0.791208 0.597436 0.772336 0.585824 0.769531 0.584382 0.788404
0 0.553045 0.688356 0.564639 0.657701 0.553514 0.644405 0.541921 0.67506
0 0.393528 0.969838 0.395822 0.946116 0.384171 0.942555 0.381878 0.966277
0 0.442778 0.980341 0.458816 0.957853 0.450401 0.938886 0.434363 0.961374
0 0.230791 0.777143 0.231918 0.752169 0.213734 0.749574 0.212607 0.774548
0 0.584166 0.954292 0.58724 0.929105 0.572403 0.923383 0.569329 0.94857
0 0.452229 0.949961 0.454071 0.902359 0.4282 0.899194 0.426358 0.946797
0 0.588325 0.773857 0.591393 0.745382 0.579349 0.74128 0.57628 0.769756
0 0.456316 1.01278 0.483675 0.992544 0.47684 0.963339 0.449481 0.983574
0 0.389472 0.972395 0.392554 0.950848 0.380951 0.945602 0.377868 0.967149
0 0.271903 0.73639 0.276231 0.706795 0.262915 0.700641 0.258587 0.730236
0 0.337234 0.986364 0.342143 0.961608 0.321867 0.948903 0.316959 0.973659
0 0.413006 0.937706 0.414227 0.918147 0.402089 0.915751 0.400867 0.93531
0 0.549936 0.836591 0.551251 0.816022 0.538091 0.813363 0.536776 0.833933
0 0.258061 0.691817 0.260724 0.671048 0.24849 0.66609 0.245827 0.686859
0 0.0616669 0.795591 0.084767 0.77493 0.0786657 0.75337 0.0555656 0.774031
0 0.510037 0.752033 0.50851 0.72137 0.488651 0.724495 0.490178 0.755159
0 0.598711 0.870155 0.600146 0.841033 0.585652 0.838776 0.584216 0.867897
0 0.652608 0.888174 0.653785 0.861518 0.639238 0.859486 0.63806 0.886142
0 0.562734 0.783724 0.565208 0.763326 0.55398 0.759021 0.551506 0.77942
0 0.083248 0.68766 0.0926164 0.654838 0.0792698 0.642798 0.0699013 0.67562
0 0.15944 0.851627 0.156702 0.817519 0.134203 0.823227 0.136941 0.857336
0 0.19602 0.907643 0.19828 0.881315 0.184132 0.877476 0.181872 0.903804
0 0.42337 0.910353 0.426292 0.886859 0.412488 0.881433 0.409566 0.904927
0 0.283914 0.923725 0.2915 0.899593 0.28155 0.889707 0.273964 0.913838
0 0.0908298 0.773484 0.100096 0.751601 0.0843664 0.730549 0.0750998 0.752432
0 0.303405 0.926686 0.308746 0.901629 0.293902 0.891631 0.288562 0.916689
0 0.111078 0.849725 0.114533 0.819032 0.0920979 0.811051 0.0886432 0.841744
0 0.233787 0.793332 0.235931 0.775268 0.221543 0.76987 0.219399 0.787934
0 0.328108 0.972796 0.331061 0.948932 0.317071 0.943461 0.314118 0.967325
0 0.503782 0.831426 0.507742 0.790455 0.488031 0.784433 0.48407 0.825404
0 0.361454 0.894551 0.362369 0.87627 0.35078 0.874437 0.349865 0.892717
0 0.44167 0.90524 0.452234 0.869143 0.437047 0.855096 0.426483 0.891193
0 0.384929 0.898641 0.387073 0.881842 0.377753 0.878084 0.375609 0.894883
0 0.240396 0.739452 0.241456 0.720609 0.225124 0.717705 0.224064 0.736548
0 0.226961 0.74854 0.226929 0.72891 0.21199 0.728987 0.212022 0.748617
0 0.669276 0.86228 0.669638 0.828191 0.652136 0.827604 0.651774 0.861693
0 0.232052 0.697681 0.242252 0.675268 0.233436 0.662588 0.223236 0.685001
0 0.272184 0.939202 0.274725 0.916731 0.263959 0.912884 0.261418 0.935354
0 0.183613 0.788732 0.19279 0.766436 0.18402 0.755028 0.174843 0.777323
0 0.178245 0.839701 0.180807 0.795251 0.15719 0.790948 0.154628 0.835398
0 0.116454 0.326334 0.115637 0.279252 0.0922703 0.280533 0.0930871 0.327615
0 0.0785764 0.623819 0.0884902 0.597691 0.0804622 0.588064 0.0705484 0.614192
0 0.625692 0.749301 0.62753 0.730201 0.615168 0.72644 0.613329 0.745541
0 0.2744 0.711438 0.288444 0.673381 0.275985 0.658849 0.26194 0.696906
0 0.217669 0.815822 0.230991 0.798305 0.22451 0.782728 0.211188 0.800246
0 0.645868 0.773172 0.648185 0.752169 0.635389 0.747708 0.633072 0.76871
0 0.31746 0.92303 0.323237 0.902012 0.314294 0.894243 0.308517 0.915262
0 0.26336 0.76738 0.265265 0.750671 0.254804 0.746901 0.252898 0.763609
0 0.401496 0.945607 0.403672 0.925757 0.393073 0.922085 0.390897 0.941935
0 0.730624 0.999444 0.737262 0.916306 0.701485 0.907277 0.694846 0.990415
0 0.36073 0.927801 0.36179 0.910016 0.352091 0.908188 0.35103 0.925973
0 0.0768987 0.644748 0.0865282 0.614495 0.0770065 0.604916 0.067377 0.63517
0 0.0513931 0.79395 0.05656 0.765612 0.044551 0.758692 0.0393841 0.78703
0 0.291459 0.950394 0.298912 0.929686 0.291247 0.920967 0.283794 0.941676
0 0.538897 0.809301 0.547125 0.788188 0.536824 0.7755 0.528596 0.796613
0 0.022594 0.710646 0.0248229 0.616271 -0.00445234 0.614085 -0.00668124 0.708461
0 0.323674 0.953485 0.326686 0.932609 0.315326 0.927429 0.312314 0.948305
0 0.303499 0.991171 0.305227 0.963989 0.292646 0.96146 0.290917 0.988642
0 0.344451 1.00356 0.350657 0.97598 0.339437 0.968 0.333231 0.995582
0 0.641348 0.722863 0.648893 0.639526 0.606592 0.627423 0.599047 0.710759
0 0.00926077 0.822754 0.0317088 0.801513 0.0237299 0.774863 0.00128192 0.796104
0 0.644013 1.00567 0.643495 0.92341 0.597569 0.924325 0.598087 1.00658
0 0.823234 0.669121 0.818927 0.628479 0.792284 0.637402 0.796591 0.678044
0 0.31097 0.960129 0.316027 0.933552 0.302964 0.925698 0.297908 0.952275
0 0.593321 0.834771 0.599693 0.825642 0.589722 0.803646 0.58335 0.812775
0 0.490755 0.989049 0.495242 0.961828 0.478957 0.953346 0.474471 0.980566
0 0.524306 0.569564 0.526107 0.552572 0.514342 0.548629 0.51254 0.565621
0 0.528992 0.543118 0.52829 0.506869 0.510937 0.507931 0.511639 0.54418
0 0.551651 0.821579 0.554737 0.8026 0.541707 0.795904 0.538621 0.814883
0 0.16422 0.802924 0.169724 0.782592 0.157774 0.772369 0.152271 0.792701
0 0.00225142 0.907516 0.0333615 0.87394 0.023879 0.846172 -0.00723106 0.879747
0 0.394088 0.419127 0.394769 0.38223 0.36633 0.380572 0.365649 0.417469
0 0.233105 0.855691 0.234449 0.828226 0.220023 0.825994 0.218678 0.853459
0 0.133635 0.917463 0.153322 0.895565 0.146233 0.875422 0.126546 0.89732
0 0.594616 0.682993 0.598015 0.658913 0.581295 0.651454 0.577896 0.675534
0 0.467596 0.956115 0.485134 0.929379 0.471983 0.902117 0.454446 0.928853
0 0.5903 0.13352 0.59164 0.088336 0.55649 0.0850427 0.55515 0.130226
0 0.643092 0.923124 0.646307 0.884581 0.629061 0.880035 0.625846 0.918578
0 0.126412 0.860347 0.129189 0.829605 0.111404 0.824528 0.108627 0.855271
0 0.495762 0.390878 0.501409 0.364193 0.492062 0.357941 0.486414 0.384626
0 0.607668 0.644399 0.620169 0.61864 0.599579 0.58706 0.587078 0.612819
0 0.246481 0.785583 0.247848 0.769835 0.239537 0.767554 0.23817 0.783302
0 0.587481 0.729723 0.591274 0.708985 0.579359 0.702098 0.575566 0.722836
0 0.223464 0.730667 0.226318 0.708913 0.215587 0.704463 0.212733 0.726218
0 0.317132 0.938601 0.323562 0.919825 0.313825 0.909286 0.307395 0.928063
0 0.336127 0.940653 0.337675 0.924959 0.326952 0.921616 0.325404 0.93731
0 0.265398 0.605406 0.266614 0.582432 0.253424 0.580226 0.252208 0.6032
0 0.146612 0.934611 0.158127 0.908722 0.147359 0.893585 0.135844 0.919473
0 0.899424 0.682919 0.905765 0.654535 0.889119 0.642783 0.882778 0.671167
0 0.653614 0.665192 0.657479 0.633972 0.644122 0.628746 0.640257 0.659966
0 0.459473 0.418025 0.463356 0.387207 0.447847 0.38103 0.443964 0.411849
0 0.684299 0.77069 0.686715 0.751463 0.671618 0.745469 0.669202 0.764695
0 0.334449 1.00589 0.335203 0.98863 0.3236 0.987028 0.322846 1.00428
0 0.274241 1.00772 0.274957 0.988374 0.25789 0.986377 0.257174 1.00572
0 0.307074 0.971002 0.312205 0.942157 0.296299 0.933213 0.291167 0.962059
0 0.263601 0.713892 0.267752 0.694461 0.25683 0.687086 0.252679 0.706517
0 0.142166 0.722328 0.153037 0.683317 0.137484 0.669621 0.126614 0.708632
0 0.710363 0.622934 0.717358 0.59391 0.693924 0.576059 0.686929 0.605084
0 0.589292 0.76192 0.591392 0.735341 0.580941 0.732731 0.578841 0.75931
0 0.390449 0.936643 0.395769 0.916423 0.385428 0.907822 0.380107 0.928043
0 0.109876 0.664709 0.110665 0.643879 0.0977099 0.642328 0.0969209 0.663158
0 0.384916 0.983709 0.386765 0.963515 0.375886 0.960367 0.374037 0.980562
0 0.286284 0.93611 0.295153 0.915144 0.287667 0.905136 0.278798 0.926102
0 0.0549088 0.817001 0.0667536 0.790011 0.0562373 0.775424 0.0443924 0.802414
0 0.0619948 0.744501 0.063085 0.727595 0.0530533 0.725551 0.0519631 0.742456
0 0.636684 1.02463 0.791525 0.823118 0.754684 0.73365 0.599843 0.935157
0 0.266516 0.936729 0.272186 0.919242 0.263848 0.910696 0.258178 0.928183
0 0.408538 0.920823 0.411576 0.901883 0.403084 0.89758 0.400047 0.916519
0 0.431207 0.722659 0.438035 0.676222 0.416872 0.666387 0.410044 0.712824
0 0.277242 0.967778 0.281108 0.940753 0.268483 0.935046 0.264618 0.962071
0 0.563742 0.756555 0.567022 0.730745 0.554825 0.725846 0.551545 0.751656
0 0.546602 0.850695 0.548129 0.833212 0.536835 0.830095 0.535308 0.847578
0 0.138928 0.893481 0.14772 0.873958 0.136714 0.858293 0.127922 0.877817
0 0.526666 0.785664 0.527926 0.766615 0.514684 0.763847 0.513424 0.782896
0 0.451408 0.570803 0.453634 0.553607 0.441267 0.548549 0.439042 0.565746
0 0.397452 0.913718 0.401024 0.889466 0.390855 0.884733 0.387283 0.908985
0 0.298109 0.872267 0.2989 0.856176 0.290319 0.854843 0.289528 0.870933
0 0.275253 0.919335 0.281391 0.894281 0.271276 0.886449 0.265138 0.911503
0 0.652317 0.721677 0.654155 0.702596 0.642538 0.69906 0.6407 0.71814
0 0.318008 0.995457 0.319924 0.964194 0.306447 0.961583 0.304531 0.992846
0 0.102544 0.829727 0.104586 0.80801 0.085737 0.802409 0.0836949 0.824125
0 0.587221 0.907118 0.591591 0.890526 0.57999 0.880868 0.57562 0.89746
0 0.0504473 0.434435 0.0487738 0.354826 -0.00178778 0.358185 -0.000114284 0.437794
0 0.212477 0.394789 0.224472 0.36553 0.203107 0.33785 0.191113 0.367109
0 0.611548 0.409715 0.608637 0.379343 0.582079 0.387389 0.58499 0.417762
0 0.627091 0.729337 0.628765 0.711549 0.615496 0.707603 0.613822 0.72539
0 0.567994 0.677646 0.573646 0.660401 0.562081 0.648423 0.55643 0.665669
0 0.524641 0.420483 0.551513 0.365573 0.530146 0.332526 0.503275 0.387436
0 0.0176438 0.787867 0.0251219 0.77052 0.0156382 0.757599 0.0081601 0.774946
0 0.275994 0.985337 0.280465 0.953725 0.267026 0.947718 0.262556 0.97933
