0 0.995991 0.977211 1.01184 0.857033 0.811279 0.773457 0.795434 0.893636
0 0.0871801 0.740532 0.0863869 0.716872 0.0681473 0.718804 0.0689405 0.742465
0 0.645451 0.783144 0.653371 0.725044 0.607593 0.705321 0.599672 0.763421
0 0.428494 0.769697 0.431769 0.74444 0.416651 0.738244 0.413376 0.763501
0 0.500596 0.875783 0.503162 0.84521 0.486111 0.840687 0.483545 0.87126
0 0.502142 0.779281 0.509636 0.749945 0.49039 0.734408 0.482896 0.763744
0 0.728641 0.788793 0.743555 0.771524 0.730891 0.736958 0.715977 0.754227
0 0.385213 0.919991 0.384919 0.87521 0.360118 0.875724 0.360412 0.920505
0 0.519064 0.744093 0.521981 0.722253 0.50927 0.716888 0.506353 0.738728
0 0.433314 0.728623 0.436992 0.707573 0.426144 0.701581 0.422466 0.722632
0 0.157044 0.788459 0.163502 0.7701 0.15043 0.755567 0.143972 0.773927
0 0.0284219 0.672125 0.033108 0.632377 0.0112971 0.62425 0.006611 0.663998
0 0.0143832 0.966483 0.0304921 0.937508 0.0182966 0.91608 0.00218778 0.945054
0 0.121296 0.71081 0.134964 0.672135 0.12008 0.655512 0.106413 0.694187
0 0.482572 0.83478 0.48697 0.818147 0.474054 0.807355 0.469657 0.823989
0 0.0853435 0.997836 0.11437 0.9601 0.102265 0.930672 0.0732387 0.968409
0 0.682222 0.72082 0.688247 0.694856 0.679559 0.688485 0.673535 0.71445
0 0.969538 0.566774 0.971366 0.537444 0.953968 0.534017 0.95214 0.563347
0 0.753403 0.761006 0.753072 0.726659 0.73557 0.727193 0.735901 0.761539
0 0.516566 0.803675 0.522353 0.781689 0.508797 0.770411 0.503009 0.792397
0 0.0703507 0.718915 0.071638 0.698002 0.0594231 0.695626 0.0581359 0.716539
0 0.732905 0.753076 0.73952 0.72699 0.720855 0.712031 0.71424 0.738117
0 0.469553 0.834988 0.471574 0.810551 0.459831 0.807481 0.457809 0.831917
0 0.11943 0.32442 0.117657 0.277056 0.0952763 0.279704 0.0970498 0.327068
0 0.128387 0.816059 0.152254 0.78546 0.142877 0.762346 0.119011 0.792944
0 0.544215 0.824301 0.553463 0.795099 0.541723 0.783348 0.532475 0.812551
0 0.539863 0.723005 0.541191 0.701391 0.527003 0.698637 0.525676 0.720252
0 0.414187 0.789436 0.421745 0.766567 0.402803 0.746781 0.395245 0.769649
0 0.562018 0.876831 0.568138 0.853864 0.557404 0.844824 0.551284 0.867792
0 0.0519252 1.01228 0.0681993 0.977767 0.0526528 0.954597 0.0363786 0.989108
0 0.980749 0.568305 0.990721 0.54972 0.973157 0.519938 0.963186 0.538524
0 0.0574515 0.894536 0.0677799 0.863086 0.0534342 0.848196 0.0431057 0.879646
0 0.518121 0.841388 0.521782 0.810959 0.505963 0.804943 0.502302 0.835372
0 0.972198 0.589695 0.973889 0.560511 0.957899 0.557582 0.956208 0.586766
0 0.0444038 0.776601 0.0506385 0.754243 0.0406434 0.745434 0.0344086 0.767792
0 0.0680708 0.840039 0.0796622 0.822987 0.0711055 0.804604 0.059514 0.821656
0 0.947913 0.54412 0.949157 0.512677 0.932902 0.510644 0.931658 0.542088
0 0.724398 0.721132 0.731442 0.699181 0.721016 0.688607 0.713972 0.710557
0 0.587638 0.789931 0.589479 0.770338 0.578254 0.767005 0.576413 0.786598
0 0.703867 0.787857 0.70615 0.762811 0.69074 0.758371 0.688457 0.783416
0 0.18309 0.715586 0.178698 0.679074 0.153755 0.688558 0.158148 0.72507
0 0.136153 0.871504 0.156301 0.836095 0.143522 0.813116 0.123375 0.848525
0 0.69718 0.747987 0.699311 0.729338 0.68903 0.725626 0.6869 0.744275
0 0.0335137 0.939263 0.04085 0.912732 0.0286529 0.902073 0.0213167 0.928604
0 0.563038 0.728684 0.573643 0.718913 0.565093 0.689585 0.554489 0.699355
0 0.669878 0.744179 0.672666 0.722667 0.661049 0.717908 0.658261 0.739419
0 0.923861 0.640961 0.925815 0.609513 0.909206 0.606251 0.907252 0.637699
0 0.60024 0.609875 0.607108 0.585103 0.587719 0.568114 0.580851 0.592886
0 0.552271 0.785275 0.549892 0.747594 0.535147 0.750537 0.537527 0.788218
0 0.986023 0.584476 0.989824 0.567868 0.977148 0.5587 0.973348 0.575308
0 0.533046 0.862162 0.546114 0.835489 0.534051 0.816811 0.520983 0.843484
0 0.6742 0.700708 0.679082 0.679497 0.670008 0.672897 0.665127 0.694108
0 0.139758 0.726298 0.140788 0.705212 0.127991 0.703236 0.126961 0.724321
0 0.168302 0.780242 0.179211 0.754365 0.168692 0.74035 0.157783 0.766226
0 0.695704 0.718555 0.698772 0.701989 0.690246 0.696998 0.687178 0.713564
0 0.36192 1.00537 0.364815 0.975073 0.344186 0.968843 0.341291 0.999139
0 0.190325 0.0356422 0.19974 0.00753549 0.17707 -0.0164628 0.167655 0.0116439
0 0.0762985 0.809882 0.0801183 0.784712 0.0654195 0.777662 0.0615998 0.802832
0 0.365457 0.903591 0.363452 0.85633 0.33684 0.859899 0.338846 0.907159
0 0.459521 0.708055 0.4625 0.686782 0.447093 0.679963 0.444114 0.701235
0 0.627715 0.812332 0.630298 0.767321 0.600603 0.761937 0.59802 0.806948
0 0.532241 0.826494 0.539165 0.778468 0.524258 0.771675 0.517334 0.819701
0 0.785066 0.670254 0.790714 0.647224 0.77656 0.636253 0.770912 0.659283
0 0.0267705 0.804516 0.0282179 0.781052 0.0113406 0.777762 0.00989315 0.801226
0 0.0600338 0.760504 0.0625513 0.741105 0.0524472 0.736961 0.0499298 0.75636
0 0.560943 0.788767 0.56335 0.768188 0.553647 0.764601 0.55124 0.785181
0 0.101984 0.901675 0.122792 0.875271 0.115869 0.858028 0.0950606 0.884432
0 0.945863 0.726784 0.955999 0.711695 0.941934 0.681837 0.931798 0.696926
0 0.569658 0.767129 0.570294 0.744784 0.557296 0.743615 0.55666 0.76596
0 0.694993 0.704428 0.701309 0.686137 0.693494 0.677607 0.687177 0.695897
0 0.0588282 0.932119 0.0666414 0.879002 0.0488734 0.870742 0.0410602 0.923858
0 0.688747 0.757588 0.690343 0.734855 0.678987 0.732336 0.677392 0.755069
0 0.164076 0.846087 0.172003 0.807298 0.156941 0.79757 0.149014 0.836358
0 0.0580212 0.804511 0.067028 0.776421 0.0563504 0.7656 0.0473435 0.79369
0 0.0239456 0.625847 0.0253837 0.606151 0.0122716 0.603125 0.0108335 0.622821
0 0.421326 0.660673 0.42345 0.637955 0.408812 0.633629 0.406688 0.656347
0 0.625223 0.725241 0.62838 0.709434 0.612879 0.69965 0.609722 0.715457
0 0.0883169 0.808085 0.0957435 0.787088 0.0859222 0.776109 0.0784955 0.797106
0 0.0549895 0.824875 0.0623863 0.801707 0.052115 0.791342 0.0447182 0.814511
0 0.988234 0.725072 0.996103 0.702288 0.985973 0.69123 0.978103 0.714014
0 0.670954 0.71955 0.67375 0.70147 0.664479 0.696939 0.661683 0.715019
0 0.0431276 0.904963 0.0465719 0.882162 0.034749 0.876517 0.0313047 0.899318
0 0.599808 0.748269 0.604759 0.726103 0.59407 0.718557 0.589119 0.740723
0 0.592659 0.850092 0.596265 0.828943 0.575584 0.817797 0.571977 0.838946
0 0.477981 0.866063 0.484631 0.841069 0.466275 0.825635 0.459626 0.850629
0 0.563849 0.847241 0.566384 0.823871 0.55459 0.819827 0.552054 0.843197
0 0.69907 0.822413 0.703182 0.799965 0.689423 0.792 0.685311 0.814448
0 0.633668 0.684142 0.635784 0.660806 0.622305 0.656942 0.620189 0.680278
0 0.708068 0.716047 0.710894 0.696762 0.700278 0.691845 0.697452 0.71113
0 0.360286 0.98435 0.381427 0.961011 0.372694 0.93601 0.351553 0.95935
0 0.0415411 0.822803 0.0506671 0.79846 0.0417218 0.787861 0.0325958 0.812204
0 0.594801 0.729854 0.600783 0.70486 0.5911 0.697537 0.585119 0.722531
0 0.397964 0.580459 0.402117 0.52319 0.374254 0.516803 0.3701 0.574073
0 0.524285 0.77129 0.527432 0.749787 0.516954 0.74494 0.513807 0.766443
0 0.946252 0.756681 0.951823 0.723771 0.92599 0.709948 0.920418 0.742858
0 0.659497 0.718158 0.661997 0.701803 0.65263 0.697278 0.65013 0.713633
0 0.60046 0.763033 0.60116 0.744667 0.589633 0.743278 0.588933 0.761644
0 0.0720719 0.85686 0.0813556 0.8386 0.0717805 0.823214 0.0624968 0.841473
0 0.0197356 0.762973 0.0252339 0.692905 -0.00558918 0.68526 -0.0110875 0.755328
0 0.827245 0.544812 0.82862 0.515089 0.816847 0.513368 0.815472 0.543091
0 0.608168 0.719685 0.613142 0.707564 0.602044 0.693171 0.59707 0.705292
0 0.0682305 0.106267 0.0968226 0.00904762 0.066594 -0.0190498 0.0380019 0.0781695
0 0.121718 0.794729 0.126126 0.751854 0.108415 0.7461 0.104008 0.788975
0 0.788524 0.558018 0.789607 0.535163 0.773094 0.53269 0.772011 0.555545
0 0.664189 0.759133 0.667067 0.740893 0.654947 0.734848 0.652068 0.753088
0 0.717677 0.758864 0.72068 0.739711 0.708101 0.733479 0.705098 0.752632
0 0.00721618 0.950049 0.0123292 0.921288 0.00128398 0.915082 -0.00382901 0.943843
0 0.398167 0.79529 0.404405 0.768235 0.391145 0.758572 0.384907 0.785627
0 0.149191 0.743648 0.156961 0.719526 0.145359 0.707715 0.137589 0.731837
0 1.00002 0.536428 1.00011 0.508033 0.984268 0.507871 0.984176 0.536266
0 0.501189 1.00085 0.504918 0.974054 0.487969 0.966598 0.48424 0.993392
0 0.707263 0.745392 0.710125 0.728319 0.700463 0.723199 0.697601 0.740272
0 1.00207 0.582386 1.00288 0.561977 0.989939 0.560345 0.989125 0.580754
0 0.927914 0.607484 0.947536 0.576167 0.937524 0.556342 0.917903 0.58766
0 0.14202 0.825902 0.154584 0.80117 0.144695 0.785293 0.132131 0.810025
0 0.755096 0.568249 0.767804 0.539858 0.756111 0.523316 0.743403 0.551707
0 0.376655 1.00567 0.386992 0.974463 0.374843 0.961745 0.364506 0.992951
0 0.504992 0.855032 0.511028 0.83865 0.497311 0.822676 0.491275 0.839059
0 0.786296 0.698974 0.793954 0.669175 0.784054 0.661133 0.776395 0.690933
0 0.394646 0.729838 0.398336 0.696822 0.384263 0.691851 0.380574 0.724868
0 0.876285 0.647761 0.881596 0.619564 0.867753 0.611323 0.862442 0.63952
0 0.566321 0.621099 0.569136 0.595449 0.555881 0.590851 0.553066 0.616501
0 0.515674 0.753071 0.519199 0.734182 0.509067 0.728205 0.505541 0.747094
0 0.0136833 0.931942 0.0289319 0.911709 0.0222924 0.895894 0.00704385 0.916127
0 0.512732 0.717622 0.519091 0.704332 0.508778 0.688734 0.502419 0.702024
0 0.531901 0.874601 0.534244 0.85375 0.520235 0.848774 0.517892 0.869625
0 0.084695 0.76412 0.0873954 0.744312 0.0779933 0.740261 0.0752929 0.76007
0 0.0477116 0.873271 0.0529452 0.848746 0.0423826 0.841622 0.0371491 0.866147
0 0.723568 0.673441 0.730731 0.650037 0.719804 0.639466 0.71264 0.66287
0 0.495692 0.683768 0.496531 0.660593 0.483332 0.659083 0.482493 0.682258
0 0.966076 0.801548 0.972972 0.782838 0.957753 0.765111 0.950857 0.78382
0 0.0879484 0.659685 0.0896193 0.63786 0.0789747 0.635284 0.0773038 0.65711
0 0.101883 0.763651 0.103512 0.743237 0.090582 0.739977 0.0889535 0.760391
0 0.139454 0.776954 0.148566 0.755659 0.140083 0.744187 0.130971 0.765483
0 0.512755 0.72125 0.517348 0.705143 0.507041 0.695852 0.502447 0.711959
0 0.158576 0.689207 0.159438 0.662342 0.141446 0.660516 0.140583 0.687381
0 0.966015 0.717177 0.974009 0.681831 0.95932 0.671331 0.951326 0.706678
0 0.715936 0.682351 0.72027 0.657547 0.706668 0.650036 0.702334 0.67484
0 0.95828 0.529251 0.961665 0.507418 0.949173 0.501298 0.945789 0.52313
0 0.680697 0.736613 0.681283 0.713391 0.670697 0.712546 0.670111 0.735768
0 0.449299 0.786551 0.450639 0.767038 0.438439 0.76439 0.437099 0.783904
0 0.127158 0.752632 0.128463 0.729776 0.115717 0.727476 0.114411 0.750332
0 0.467829 0.777782 0.473321 0.744735 0.461132 0.738332 0.45564 0.77138
0 0.58263 0.736749 0.585204 0.714033 0.572025 0.709314 0.569451 0.732029
0 0.730366 0.635005 0.732308 0.607797 0.717033 0.604353 0.715092 0.63156
0 0.437584 0.697108 0.439195 0.679665 0.426638 0.675998 0.425026 0.69344
0 0.574619 0.802218 0.575622 0.77996 0.56183 0.777995 0.560827 0.800254
0 0.4298 0.838974 0.433746 0.805626 0.413558 0.798077 0.409612 0.831424
