0 0.534253 0.992715 0.550292 0.893557 0.484824 0.860089 0.468785 0.959248
0 0.582493 0.590143 0.58024 0.538499 0.550305 0.542627 0.552558 0.59427
0 0.988885 1.07491 1.02384 0.863283 0.803382 0.748202 0.768429 0.959826
0 0.449769 0.93781 0.467535 0.879496 0.446277 0.859026 0.42851 0.91734
0 0.302093 1.00458 0.303124 0.970561 0.283569 0.968688 0.282538 1.00271
0 0.205366 1.02194 0.253878 0.99185 0.243365 0.938273 0.194853 0.96836
0 0.0882709 0.886771 0.0916435 0.862627 0.0716603 0.853805 0.0682877 0.877949
0 0.473409 0.937309 0.4862 0.906144 0.466686 0.880829 0.453894 0.911994
0 0.36652 0.944783 0.368099 0.91713 0.351104 0.914061 0.349524 0.941714
0 0.246555 0.959184 0.261571 0.828584 0.200957 0.806558 0.185941 0.937159
0 0.16067 0.915793 0.170609 0.879745 0.151509 0.863102 0.14157 0.89915
0 0.299069 0.974077 0.302297 0.941845 0.28354 0.935907 0.280312 0.96814
0 0.353345 0.96179 0.353526 0.938388 0.331059 0.937839 0.330878 0.96124
0 0.277818 0.994388 0.279599 0.959564 0.259635 0.956338 0.257855 0.991162
0 0.298577 0.928577 0.305494 0.905046 0.295796 0.896036 0.288879 0.919567
0 0.782772 1.03833 0.832165 0.961231 0.750895 0.796671 0.701501 0.873767
0 0.487291 0.963463 0.489338 0.919951 0.466045 0.916488 0.463998 0.96
0 0.477481 0.787389 0.476905 0.74336 0.45169 0.744403 0.452267 0.788432
0 0.0700668 0.899309 0.0716604 0.834413 0.00956318 0.829594 0.00796957 0.89449
0 0.550559 0.858516 0.555144 0.822538 0.538708 0.815918 0.534123 0.851896
0 0.118414 0.851914 0.119553 0.81699 0.0983954 0.814808 0.0972558 0.849732
0 0.45397 0.880401 0.456431 0.834331 0.430289 0.829916 0.427827 0.875986
0 0.485185 0.892905 0.489573 0.827886 0.46257 0.822127 0.458182 0.887146
0 0.241925 0.743237 0.243489 0.712935 0.221744 0.709388 0.22018 0.73969
0 0.564927 0.701011 0.563927 0.673738 0.541259 0.676364 0.542258 0.703637
0 0.561632 0.925251 0.564528 0.884355 0.544813 0.879943 0.541917 0.920838
0 0.46622 0.835735 0.462867 0.80323 0.436404 0.811859 0.439758 0.844364
0 0.23912 0.698069 0.241847 0.674661 0.229531 0.670126 0.226803 0.693534
0 0.0588191 0.837762 0.0627809 0.809524 0.0429969 0.800751 0.0390351 0.82899
0 0.381544 0.928394 0.38941 0.898855 0.377574 0.888892 0.369707 0.918432
0 0.57693 0.930023 0.581005 0.895226 0.560943 0.8878 0.556868 0.922597
0 0.458531 0.974535 0.471258 0.946974 0.460928 0.931899 0.448201 0.95946
0 0.135636 0.830439 0.136496 0.784964 0.113221 0.783573 0.112361 0.829048
0 0.490561 0.755578 0.492647 0.722126 0.473831 0.718418 0.471745 0.751869
0 0.097648 0.833901 0.0954135 0.791669 0.0739532 0.795258 0.0761877 0.837489
0 0.224957 0.775027 0.225717 0.751579 0.209667 0.749935 0.208907 0.773384
0 0.208561 0.790793 0.214809 0.767107 0.196266 0.751649 0.190018 0.775335
0 0.546009 1.00503 0.545462 0.953813 0.516227 0.9548 0.516774 1.00602
0 0.63776 0.917284 0.637923 0.872468 0.612346 0.872174 0.612183 0.916991
0 0.565081 0.884639 0.573763 0.840197 0.555082 0.828662 0.546399 0.873104
0 0.328592 0.962396 0.327975 0.936612 0.310918 0.937901 0.311535 0.963686
0 0.235686 0.587835 0.225093 0.536948 0.185044 0.563298 0.195637 0.614184
0 0.550265 0.821606 0.559417 0.786363 0.547363 0.776469 0.538211 0.811713
0 0.287322 0.934272 0.292923 0.908881 0.276393 0.897357 0.270792 0.922747
0 0.143479 0.70997 0.158027 0.673812 0.129712 0.637807 0.115164 0.673966
0 0.538562 0.902861 0.547247 0.85891 0.515489 0.839079 0.506805 0.88303
0 0.259733 0.976921 0.26735 0.945677 0.255615 0.936635 0.247998 0.96788
0 0.315667 1.00414 0.317141 0.978576 0.301661 0.975756 0.300188 1.00132
0 0.617785 0.886752 0.620622 0.845086 0.596433 0.83988 0.593596 0.881546
0 0.324031 0.992183 0.32877 0.968174 0.306561 0.954319 0.301822 0.978328
0 0.428091 1.00601 0.429532 0.983484 0.414893 0.980526 0.413453 1.00305
0 0.732221 0.642499 0.728394 0.598629 0.700562 0.606303 0.704389 0.650172
0 0.581978 0.865484 0.587787 0.839508 0.572538 0.82873 0.566729 0.854705
0 0.437604 0.952633 0.44042 0.905656 0.412855 0.900432 0.410039 0.94741
0 0.353337 1.00479 0.362735 0.978084 0.350324 0.96428 0.340926 0.990984
0 0.0812167 0.823351 0.0806125 0.777904 0.0535864 0.77904 0.0541906 0.824487
0 0.255025 0.715412 0.269692 0.681594 0.256717 0.66381 0.242051 0.697628
0 0.454088 0.955259 0.469593 0.927003 0.454878 0.901484 0.439373 0.92974
0 0.380226 0.421027 0.380953 0.38381 0.347822 0.381765 0.347095 0.418981
0 0.582673 0.973098 0.589558 0.922972 0.57235 0.915501 0.565464 0.965627
0 0.339518 0.995744 0.348954 0.967947 0.340365 0.958733 0.33093 0.98653
0 0.244278 0.611872 0.247557 0.58715 0.23599 0.582301 0.232711 0.607023
0 0.513699 0.539882 0.511946 0.502858 0.494042 0.505536 0.495794 0.54256
0 0.308486 0.941087 0.309918 0.920384 0.298302 0.917845 0.29687 0.938548
0 0.222043 0.624341 0.222716 0.599557 0.20932 0.598406 0.208646 0.62319
0 0.0387389 0.80884 0.0589049 0.781687 0.0504887 0.761932 0.0303227 0.789085
0 0.629753 1.00879 0.63437 0.919998 0.583448 0.91163 0.578832 1.00042
0 0.514538 0.811363 0.511764 0.776913 0.48827 0.782891 0.491044 0.817341
0 0.65285 0.852886 0.654484 0.819829 0.635897 0.816925 0.634263 0.849982
0 0.10129 0.326391 0.0994091 0.278796 0.0767486 0.281626 0.0786294 0.329221
0 0.374669 0.971695 0.378543 0.952432 0.36873 0.946195 0.364856 0.965458
0 0.705168 0.602746 0.717927 0.566785 0.693941 0.539889 0.681182 0.57585
0 0.486443 0.833324 0.494748 0.787038 0.474178 0.775372 0.465872 0.821659
0 0.0980863 0.871791 0.104031 0.843437 0.0889674 0.833455 0.0830225 0.861809
0 0.339105 0.975187 0.339671 0.953926 0.325468 0.952732 0.324903 0.973993
0 0.568289 0.797362 0.575372 0.779224 0.560949 0.761422 0.553866 0.77956
0 0.642814 0.735102 0.645732 0.707742 0.629384 0.702231 0.626466 0.729591
0 0.189906 0.821039 0.201955 0.777916 0.184766 0.762738 0.172718 0.80586
0 0.321507 0.942931 0.322905 0.925797 0.310542 0.922608 0.309144 0.939743
0 0.25733 0.742295 0.258869 0.710171 0.242096 0.70763 0.240556 0.739755
0 0.257538 0.988505 0.262189 0.958846 0.25066 0.953132 0.246009 0.982791
0 0.438506 1.00729 0.47416 0.996068 0.470864 0.962961 0.43521 0.974181
0 0.130502 0.890242 0.139814 0.86841 0.131048 0.856592 0.121735 0.878424
0 0.32274 0.928064 0.327373 0.908314 0.317991 0.901358 0.313357 0.921107
0 0.393712 0.924614 0.401186 0.905507 0.392486 0.89475 0.385011 0.913857
0 0.397615 0.940321 0.399392 0.919082 0.386831 0.915762 0.385054 0.937
0 0.170049 0.923899 0.183412 0.900539 0.173778 0.883121 0.160415 0.906481
0 0.112892 0.883111 0.11751 0.858512 0.104298 0.850672 0.0996793 0.875272
0 0.570192 0.729398 0.576484 0.713205 0.565158 0.699297 0.558866 0.71549
0 0.346561 0.939616 0.348669 0.91892 0.338405 0.915616 0.336297 0.936312
0 0.544407 0.89814 0.549644 0.858005 0.527486 0.848867 0.522249 0.889002
0 0.388418 0.94348 0.390171 0.923417 0.379952 0.920596 0.3782 0.940659
0 0.556588 0.768201 0.558128 0.746704 0.544361 0.743586 0.54282 0.765083
0 0.271327 0.945275 0.280501 0.922219 0.270915 0.910164 0.261741 0.933219
0 0.349771 0.877384 0.351349 0.860452 0.341825 0.857648 0.340248 0.87458
0 0.250882 0.964748 0.253164 0.943108 0.236718 0.937627 0.234436 0.959267
0 0.228819 0.753903 0.22999 0.733136 0.212346 0.729993 0.211175 0.750761
0 0.356243 0.981175 0.362917 0.956054 0.352003 0.94689 0.345329 0.972012
0 0.534776 0.682008 0.54632 0.656857 0.536607 0.642768 0.525063 0.667918
0 0.630023 0.88633 0.639593 0.859375 0.626848 0.845075 0.617278 0.872031
0 0.264893 0.931182 0.27478 0.905065 0.266747 0.895454 0.25686 0.921571
0 0.0605748 0.698501 0.0684234 0.659509 0.0534528 0.649985 0.0456042 0.688977
0 0.151726 0.862294 0.168795 0.812375 0.147061 0.788888 0.129993 0.838807
0 0.360628 0.916866 0.362284 0.897718 0.352433 0.895026 0.350777 0.914174
0 0.40293 1.00388 0.402777 0.976697 0.386968 0.976978 0.387121 1.00417
0 0.441278 0.972647 0.442025 0.944562 0.425922 0.943207 0.425175 0.971293
0 0.663372 0.841346 0.665368 0.817612 0.651829 0.814014 0.649833 0.837748
0 0.432821 0.907839 0.437742 0.866822 0.418512 0.85953 0.413591 0.900547
0 0.578161 0.675701 0.580423 0.651047 0.564923 0.646552 0.562661 0.671206
0 0.125965 0.87771 0.142355 0.843558 0.127371 0.820829 0.11098 0.854981
0 0.072591 0.784591 0.0767123 0.754694 0.0555243 0.745463 0.051403 0.77536
0 0.538832 0.769671 0.54051 0.75016 0.529639 0.747204 0.527961 0.766716
0 0.111582 0.907838 0.129038 0.889447 0.121394 0.866516 0.103938 0.884906
0 0.349266 0.409884 0.353526 0.376314 0.336635 0.369541 0.332375 0.403111
0 0.0243243 0.446497 0.0262725 0.366896 -0.0094742 0.364131 -0.0114225 0.443732
0 0.220662 0.718226 0.230958 0.694247 0.219885 0.679221 0.209589 0.703201
0 0.303975 0.418908 0.305658 0.353451 0.269539 0.350517 0.267857 0.415975
0 0.536698 0.818038 0.542104 0.795055 0.531618 0.78726 0.526212 0.810243
0 0.318231 0.908825 0.322722 0.887169 0.313027 0.880814 0.308536 0.90247
0 0.029629 0.828463 0.0434855 0.796988 0.0327347 0.78203 0.0188782 0.813506
0 0.239456 0.761433 0.241286 0.741378 0.228104 0.737577 0.226274 0.757633
0 0.280496 0.948488 0.286182 0.925376 0.277178 0.918374 0.271492 0.941486
0 0.0909794 0.859045 0.0921601 0.83126 0.0746368 0.828906 0.0734561 0.856692
0 0.245549 0.718155 0.248917 0.699129 0.236521 0.692195 0.233153 0.711221
0 0.588327 0.64094 0.602372 0.619959 0.584048 0.581194 0.570003 0.602176
0 0.0726235 0.746903 0.0733316 0.727059 0.0604425 0.725605 0.0597344 0.745449
0 0.532947 0.834735 0.534707 0.810803 0.522509 0.807967 0.520748 0.8319
0 0.200433 0.741605 0.20352 0.721699 0.192592 0.716345 0.189506 0.73625
0 0.180074 0.701607 0.175352 0.670714 0.151422 0.682273 0.156144 0.713166
0 0.389263 0.892029 0.394011 0.876186 0.384987 0.867637 0.380238 0.883479
0 0.452992 0.414179 0.454268 0.362337 0.426757 0.360197 0.425482 0.412039
0 0.417595 0.721493 0.423519 0.673937 0.402136 0.665518 0.396212 0.713073
0 0.689537 0.616335 0.698746 0.588779 0.67746 0.566294 0.66825 0.59385
0 0.45232 0.733744 0.450137 0.692812 0.428615 0.696439 0.430798 0.737372
0 0.496072 0.72358 0.498322 0.704078 0.487771 0.700232 0.485521 0.719733
0 0.144952 0.811338 0.14798 0.787159 0.132769 0.781138 0.129741 0.805318
0 0.657034 0.408003 0.656605 0.34373 0.627364 0.344347 0.627793 0.40862
0 0.37137 0.901312 0.372509 0.885096 0.363507 0.883098 0.362368 0.899314
0 0.0366113 0.13494 0.0517986 -0.0004616 -0.0147854 -0.0240654 -0.0299728 0.111336
0 0.20125 0.817369 0.217003 0.794996 0.210029 0.779478 0.194276 0.801851
0 0.612889 0.929008 0.622966 0.903604 0.605867 0.88217 0.595791 0.907575
0 0.641682 0.625362 0.645495 0.604636 0.633142 0.597453 0.629329 0.618178
0 0.365202 0.982933 0.370043 0.966756 0.361195 0.958389 0.356355 0.974566
0 0.563305 0.746252 0.567208 0.723606 0.554471 0.716669 0.550568 0.739316
0 0.515777 0.865416 0.523171 0.811121 0.497448 0.800049 0.490053 0.854344
0 0.332518 1.00312 0.333821 0.983687 0.318264 0.98039 0.316961 0.999824
0 0.579909 0.839316 0.587457 0.829076 0.575599 0.801453 0.568052 0.811693
0 0.349145 0.429936 0.350519 0.408007 0.326726 0.403296 0.325352 0.425224
0 0.212941 0.865351 0.2146 0.839149 0.19924 0.836075 0.197581 0.862277
0 0.344856 0.898994 0.34668 0.880787 0.337174 0.877779 0.33535 0.895986
0 0.213411 0.750652 0.216891 0.726828 0.205692 0.721658 0.202212 0.745482
0 0.183805 0.892045 0.185449 0.861457 0.168158 0.858521 0.166514 0.889108
0 0.555451 0.677197 0.560906 0.658217 0.548377 0.646838 0.542922 0.665819
0 0.571282 0.771444 0.574718 0.751434 0.562556 0.744833 0.55912 0.764843
0 0.161913 0.798633 0.173019 0.778982 0.164998 0.764655 0.153892 0.784307
0 0.518874 1.00229 0.518964 0.965133 0.462675 0.964698 0.462584 1.00185
0 0.31641 0.980381 0.318966 0.953841 0.301587 0.948551 0.299031 0.97509
0 0.109235 0.93288 0.132779 0.912054 0.125932 0.88759 0.102388 0.908416
0 0.175578 0.918569 0.179042 0.893023 0.160872 0.885235 0.157408 0.910781
0 0.192584 0.394157 0.201234 0.369166 0.177211 0.342886 0.168561 0.367877
0 0.624459 0.712205 0.634498 0.62984 0.592908 0.613818 0.582868 0.696184
0 0.524876 0.417423 0.531568 0.355532 0.50308 0.345796 0.496387 0.407687
0 0.0739201 0.841448 0.0761439 0.82177 0.0627921 0.817001 0.0605683 0.836679
0 0.411357 0.993107 0.412876 0.973749 0.401974 0.971045 0.400455 0.990404
0 0.222936 0.79597 0.228239 0.777461 0.21904 0.769133 0.213738 0.787643
0 0.174144 0.305108 0.202359 0.280843 0.176156 0.184542 0.147941 0.208807
0 0.188068 0.773139 0.193856 0.747799 0.182364 0.739501 0.176575 0.764842
0 0.0804059 0.293971 0.0852278 0.252367 0.0564727 0.241834 0.0516509 0.283439
0 0.189906 0.120012 0.208657 0.109542 0.188135 -0.00662386 0.169383 0.0038459
0 0.853608 0.403478 0.854067 0.342753 0.820351 0.341947 0.819892 0.402673
0 0.573136 0.131141 0.572176 0.0852585 0.536076 0.0876451 0.537035 0.133528
0 0.399699 0.967529 0.402524 0.949116 0.393995 0.944981 0.391171 0.963394
0 0.204995 0.806311 0.217306 0.791244 0.211498 0.776245 0.199187 0.791311
0 0.167149 0.848055 0.191943 0.824877 0.183983 0.797965 0.159189 0.821143
0 0.636081 0.831334 0.637649 0.812316 0.626997 0.809541 0.625429 0.828558
0 0.620058 0.749914 0.629785 0.724521 0.620282 0.713016 0.610555 0.738409
0 0.373698 0.928742 0.376819 0.908076 0.36574 0.902789 0.362619 0.923455
0 0.20785 0.707018 0.220849 0.686168 0.213976 0.672626 0.200977 0.693476
0 0.0298441 0.836343 0.0400501 0.806127 0.028982 0.794311 0.018776 0.824527
0 0.3205 0.164076 0.335829 0.145211 0.313755 0.0885249 0.298426 0.10739
0 0.649911 0.664681 0.654346 0.630156 0.638798 0.623843 0.634363 0.658369
0 0.280582 0.765606 0.282387 0.743705 0.263149 0.738694 0.261344 0.760595
0 0.725693 0.172181 0.722369 0.123218 0.700696 0.127869 0.704021 0.176832
0 0.153413 1.00077 0.163493 0.982975 0.152812 0.963855 0.142731 0.981652
0 0.291655 0.997291 0.291885 0.967961 0.276671 0.967583 0.276441 0.996914
0 0.224527 0.751535 0.22481 0.729985 0.207614 0.72927 0.207331 0.75082
0 0.620149 0.708315 0.626121 0.671625 0.605529 0.661033 0.599558 0.697723
