0 0.993829 0.971723 1.00818 0.856013 0.809576 0.778152 0.795223 0.893862
0 0.676469 0.821887 0.685106 0.763569 0.63649 0.740813 0.627853 0.799132
0 0.446209 0.812111 0.448188 0.780621 0.431092 0.777227 0.429114 0.808716
0 0.450864 0.761409 0.451481 0.740848 0.439164 0.73968 0.438547 0.76024
0 1.0027 0.800298 1.00525 0.750482 0.975533 0.74568 0.972986 0.795496
0 0.58881 0.928137 0.599783 0.904115 0.590253 0.890356 0.579279 0.914378
0 0.189516 0.0342433 0.194541 -0.00316313 0.171345 -0.0130114 0.16632 0.024395
0 0.808429 0.557014 0.81374 0.535802 0.803107 0.527388 0.797796 0.5486
0 0.0797136 0.851696 0.0922916 0.808838 0.0777498 0.79535 0.0651718 0.838208
0 0.974646 0.665352 0.974765 0.629834 0.957118 0.629647 0.956999 0.665165
0 0.038328 0.905627 0.0515896 0.880272 0.0437 0.86723 0.0304383 0.892586
0 0.186403 0.405269 0.213484 0.382948 0.188649 0.287716 0.161568 0.310037
0 0.593183 0.807926 0.596988 0.786158 0.586214 0.780205 0.582409 0.801973
0 0.411763 0.59613 0.404553 0.542735 0.371588 0.556805 0.378798 0.610199
0 0.768163 0.792105 0.777833 0.768555 0.75985 0.745218 0.75018 0.768767
0 0.519609 0.822023 0.530459 0.797617 0.513382 0.773623 0.502532 0.798028
0 0.415389 0.742376 0.418595 0.715369 0.406037 0.710657 0.402831 0.737664
0 0.589438 0.765674 0.598281 0.757952 0.590251 0.728889 0.581408 0.736611
0 0.568666 0.910622 0.570974 0.873656 0.554162 0.870339 0.551854 0.907304
0 0.537875 0.851426 0.548148 0.834881 0.535406 0.809874 0.525133 0.826419
0 0.409827 0.525699 0.419011 0.464177 0.399939 0.455178 0.390755 0.5167
0 0.748527 0.76645 0.751738 0.743431 0.74062 0.73853 0.737409 0.761549
0 0.0496282 0.749667 0.049993 0.730397 0.0355063 0.72953 0.0351415 0.7488
0 0.506756 0.84877 0.500927 0.815864 0.477421 0.829025 0.48325 0.86193
0 0.507059 0.883072 0.509664 0.861809 0.495614 0.856368 0.493009 0.877631
0 0.57008 0.773686 0.573949 0.750752 0.563025 0.744929 0.559156 0.767862
0 0.163942 0.279572 0.17415 0.212693 0.130215 0.191499 0.120007 0.258377
0 0.543497 0.888939 0.547123 0.855723 0.530661 0.850044 0.527035 0.88326
0 0.476102 0.744058 0.480431 0.720987 0.464098 0.7113 0.459769 0.734371
0 0.396831 0.884087 0.397908 0.84476 0.376793 0.842933 0.375716 0.882259
0 0.655769 0.749248 0.664663 0.728131 0.654698 0.714866 0.645803 0.735983
0 0.0932052 0.76173 0.0943674 0.736924 0.0789998 0.734648 0.0778375 0.759455
0 0.400205 0.984007 0.402544 0.937265 0.37816 0.933409 0.375822 0.980151
0 0.115933 0.327751 0.116453 0.279992 0.093649 0.279207 0.0931292 0.326967
0 0.79416 0.583745 0.795698 0.558943 0.779267 0.555723 0.777729 0.580526
0 0.422887 0.790616 0.419553 0.752788 0.395086 0.759604 0.39842 0.797431
0 0.562735 0.76004 0.56617 0.735956 0.552546 0.729815 0.549112 0.753899
0 0.52626 0.928926 0.529577 0.898113 0.511537 0.891975 0.50822 0.922787
0 0.731869 0.788826 0.735857 0.766033 0.722223 0.758494 0.718235 0.781287
0 0.577259 0.831472 0.57677 0.794725 0.560828 0.795394 0.561316 0.832142
0 0.670968 0.75954 0.675262 0.742962 0.663004 0.732927 0.65871 0.749505
0 0.0155821 0.718584 0.0160043 0.649662 -0.00357124 0.649283 -0.00399343 0.718205
0 0.0662292 0.821756 0.0804912 0.797701 0.0724627 0.782657 0.0582007 0.806713
0 0.42738 0.814084 0.429912 0.790717 0.415638 0.785829 0.413107 0.809196
0 0.0726119 0.907285 0.092223 0.882385 0.0846304 0.863486 0.0650194 0.888386
0 0.781464 0.986157 0.82119 0.912982 0.75658 0.802122 0.716853 0.875297
0 1.00267 0.713136 0.999948 0.685985 0.974617 0.694006 0.977338 0.721157
0 0.723084 0.793105 0.724665 0.762196 0.71293 0.760299 0.711349 0.791208
0 0.440857 0.89678 0.439907 0.873819 0.422804 0.876056 0.423754 0.899017
0 0.0891275 0.800901 0.108404 0.778299 0.102173 0.761505 0.0828969 0.784107
0 0.675122 0.74544 0.681286 0.723674 0.668671 0.712381 0.662506 0.734147
0 0.0100447 0.855644 0.0188519 0.828966 0.00277276 0.81219 -0.00603443 0.838868
0 0.0106393 1.00035 0.0139914 0.974994 0.0019229 0.969952 -0.00142914 0.995305
0 0.571208 0.868774 0.580925 0.838366 0.568243 0.825557 0.558526 0.855965
0 0.737761 0.762041 0.739772 0.742038 0.727455 0.738124 0.725443 0.758127
0 0.58936 0.711104 0.592376 0.694732 0.582702 0.689099 0.579686 0.705472
0 0.546452 0.718166 0.54895 0.696399 0.537527 0.692256 0.535029 0.714023
0 0.759575 0.614148 0.759788 0.587471 0.743844 0.587069 0.743631 0.613746
0 0.864479 0.562596 0.86597 0.537356 0.853496 0.535027 0.852005 0.560267
0 0.559471 0.867776 0.56579 0.823241 0.548071 0.815294 0.541752 0.859829
0 0.0924286 0.877496 0.0979838 0.842763 0.0796439 0.833492 0.0740886 0.868225
0 0.709442 0.796373 0.712791 0.773091 0.700961 0.767713 0.697612 0.790994
0 1.00042 0.753636 1.00689 0.724969 0.990725 0.713423 0.984248 0.74209
0 0.465945 0.886276 0.470809 0.865353 0.457297 0.855425 0.452432 0.876348
0 0.0651874 0.836547 0.0674522 0.808693 0.0458501 0.803142 0.0435854 0.830996
0 0.0457985 0.694339 0.0471398 0.664344 0.0287257 0.661742 0.0273843 0.691736
0 0.644284 0.746955 0.645881 0.727325 0.634673 0.724444 0.633076 0.744074
0 0.491244 0.883091 0.495544 0.85854 0.483064 0.851632 0.478764 0.876184
0 0.48981 0.806383 0.49195 0.783648 0.480296 0.780181 0.478156 0.802917
0 0.432937 0.725632 0.438515 0.704471 0.429739 0.69716 0.424161 0.718321
