0 0.410349 0.985552 0.409755 0.874682 0.344467 0.875788 0.345061 0.986658
0 0.466514 0.590174 0.464406 0.5383 0.436594 0.541873 0.438703 0.593746
0 0.988616 1.07819 1.0249 0.863962 0.806699 0.747152 0.770413 0.961386
0 0.956665 0.755735 0.970317 0.688857 0.927149 0.661007 0.913497 0.727885
0 0.496001 1.00127 0.495271 0.908112 0.445324 0.909349 0.446053 1.0025
0 0.0938415 0.459605 0.107782 0.396191 0.0586662 0.362065 0.0447253 0.42548
0 0.522027 0.84173 0.524713 0.810024 0.508622 0.805716 0.505936 0.837421
0 0.534253 1.00672 0.537568 0.903674 0.487474 0.898582 0.48416 1.00163
0 0.418402 0.902827 0.416006 0.846713 0.382451 0.851241 0.384846 0.907354
0 0.488589 0.879712 0.491106 0.839691 0.468614 0.835221 0.466097 0.875242
0 0.354743 0.908079 0.359454 0.837306 0.331697 0.831467 0.326986 0.90224
0 0.313226 0.956921 0.337084 0.897774 0.317479 0.872782 0.293622 0.931929
0 0.348882 0.942942 0.350772 0.905462 0.328332 0.901886 0.326442 0.939367
0 0.563981 1.01612 0.571201 0.968579 0.533001 0.950242 0.525781 0.997781
0 0.323712 0.90234 0.326551 0.850857 0.297402 0.845777 0.294563 0.89726
0 0.441915 0.923558 0.443895 0.893193 0.428675 0.890056 0.426695 0.920421
0 0.497741 0.912395 0.50683 0.870984 0.486055 0.856574 0.476967 0.897985
0 0.0589447 1.02578 0.124828 0.921134 0.0844926 0.840871 0.0186089 0.945512
0 0.901466 0.609539 0.905393 0.555863 0.860418 0.545464 0.856491 0.599141
0 0.312222 0.862558 0.339427 0.844995 0.333936 0.818114 0.306731 0.835676
0 0.0757926 0.821404 0.0772413 0.790627 0.058512 0.787841 0.0570633 0.818617
0 0.524424 0.865279 0.524457 0.83989 0.508068 0.839823 0.508035 0.865212
0 0.0966955 0.77899 0.0970691 0.745091 0.0677949 0.744072 0.0674214 0.777971
0 0.448918 0.795912 0.451045 0.766527 0.432004 0.76217 0.429877 0.791555
0 0.416894 0.864763 0.426061 0.827374 0.411901 0.816402 0.402734 0.853792
0 0.532647 0.828768 0.534086 0.805494 0.522023 0.803137 0.520584 0.826411
0 0.192014 0.909676 0.200491 0.880616 0.187861 0.868972 0.179384 0.898032
0 0.781532 1.04533 0.833994 0.965915 0.754108 0.799114 0.701645 0.878525
0 0.391596 1.01972 0.417393 0.986595 0.403271 0.951839 0.377475 0.984965
0 0.560476 0.840862 0.566822 0.820966 0.549457 0.803459 0.543111 0.823356
0 0.422656 0.822818 0.434605 0.789932 0.423821 0.777548 0.411872 0.810434
0 0.886831 0.560529 0.89102 0.529736 0.861931 0.51723 0.857742 0.548023
0 0.0112728 0.978832 0.015296 0.948824 0.000857248 0.942706 -0.00316597 0.972714
0 0.5042 0.874229 0.507491 0.847385 0.492544 0.841594 0.489253 0.868438
0 0.430562 0.923664 0.43209 0.885315 0.411134 0.882676 0.409606 0.921026
0 0.303396 0.973106 0.305553 0.922255 0.278156 0.918582 0.275999 0.969433
0 0.348543 0.982796 0.362782 0.940737 0.34552 0.922267 0.331281 0.964325
0 0.539339 0.848926 0.54096 0.8281 0.527745 0.824848 0.526124 0.845675
0 0.455046 0.863281 0.457916 0.834161 0.442802 0.829453 0.439932 0.858573
0 0.104057 0.782556 0.118472 0.754886 0.106584 0.735311 0.0921686 0.762981
0 0.642065 0.914523 0.643511 0.869158 0.616236 0.866411 0.61479 0.911776
0 0.523795 0.88667 0.524088 0.862372 0.506356 0.861697 0.506063 0.885994
0 0.43356 0.769411 0.435769 0.748034 0.422812 0.743803 0.420603 0.76518
0 0.24413 0.961392 0.255922 0.924331 0.24385 0.912191 0.232058 0.949253
0 0.608291 1.00674 0.610265 0.966505 0.582774 0.962242 0.5808 1.00248
0 0.436275 0.884264 0.443861 0.832197 0.421911 0.82209 0.414325 0.874157
0 0.587942 0.401566 0.590821 0.341865 0.558069 0.336874 0.555191 0.396574
0 0.113965 0.753025 0.130663 0.706493 0.114096 0.687703 0.0973975 0.734234
0 0.911115 0.684736 0.920886 0.653432 0.898221 0.631072 0.888449 0.662375
0 0.909035 0.569265 0.912874 0.541525 0.890456 0.53172 0.886617 0.559461
0 0.0462947 0.648845 0.0929479 0.619002 0.0822299 0.566047 0.0355767 0.595889
0 0.890541 0.750525 0.901377 0.710195 0.883228 0.694784 0.872392 0.735114
0 0.586955 0.58182 0.588285 0.538761 0.564645 0.536453 0.563315 0.579513
0 0.587937 0.819014 0.589504 0.782567 0.567262 0.779543 0.565694 0.81599
0 0.744091 0.396856 0.756533 0.338094 0.729723 0.320152 0.71728 0.378915
0 0.552494 0.96493 0.557978 0.934407 0.54219 0.925442 0.536706 0.955965
0 0.509005 0.850392 0.512077 0.824806 0.496826 0.819019 0.493754 0.844605
0 0.300992 0.927234 0.306432 0.884386 0.285395 0.875945 0.279955 0.918793
0 0.524319 0.915295 0.52835 0.875969 0.504259 0.868164 0.500228 0.90749
0 0.876091 0.785845 0.877149 0.743614 0.852865 0.74169 0.851806 0.783921
0 0.0858143 0.808355 0.0948927 0.784536 0.0842137 0.771672 0.0751353 0.795492
0 0.354326 0.770025 0.373276 0.745133 0.36291 0.720192 0.34396 0.745085
0 0.196111 0.998082 0.215789 0.979667 0.209024 0.956822 0.189347 0.975237
0 0.574488 0.635905 0.603808 0.615025 0.596317 0.581778 0.566997 0.602658
0 0.424479 0.78537 0.428932 0.763195 0.418045 0.756284 0.413591 0.778459
0 0.562068 0.945835 0.568677 0.922137 0.55265 0.908011 0.546041 0.931709
0 0.555943 0.897681 0.557516 0.86913 0.539901 0.866064 0.538329 0.894616
0 0.834347 0.730282 0.837722 0.707385 0.819729 0.699003 0.816354 0.721901
0 0.889403 0.70336 0.889026 0.678548 0.862045 0.679845 0.862422 0.704657
0 0.408587 0.846283 0.412262 0.81676 0.396451 0.810539 0.392776 0.840062
0 0.287544 0.739942 0.300373 0.698994 0.281758 0.680561 0.268929 0.721509
0 0.217993 0.976459 0.231368 0.956273 0.222741 0.938207 0.209366 0.958394
0 0.434525 0.94822 0.438207 0.92504 0.426981 0.919405 0.4233 0.942585
0 0.516438 0.72543 0.518236 0.702707 0.503561 0.699038 0.501763 0.721761
0 0.410852 0.825267 0.418141 0.801738 0.406059 0.78991 0.398771 0.813439
0 0.418354 0.685959 0.427598 0.65716 0.417061 0.646469 0.407816 0.675269
0 0.455819 1.00528 0.456259 0.979014 0.438372 0.978067 0.437932 1.00433
0 0.390269 0.818403 0.387055 0.782099 0.362206 0.789052 0.365421 0.825356
0 0.293932 0.841169 0.296969 0.821853 0.286091 0.816447 0.283054 0.835764
0 0.587518 0.848346 0.596442 0.828939 0.583347 0.809908 0.574423 0.829315
0 0.595018 0.980945 0.596815 0.936676 0.574118 0.933764 0.572321 0.978033
0 0.374443 0.72978 0.376945 0.71134 0.365665 0.706502 0.363162 0.724942
0 0.358608 0.425163 0.369835 0.367544 0.333838 0.345376 0.322611 0.402995
0 0.287444 1.00123 0.314676 0.983433 0.309307 0.95747 0.282075 0.975266
0 0.658617 0.642628 0.659066 0.606729 0.638167 0.605901 0.637717 0.641801
0 0.0764951 0.664447 0.0815147 0.636794 0.0646503 0.627119 0.0596306 0.654771
0 0.323018 0.993808 0.336689 0.965059 0.326898 0.950344 0.313227 0.979093
0 0.0821076 0.794186 0.0830136 0.769883 0.0604347 0.767223 0.0595287 0.791526
0 0.2686 0.944026 0.281356 0.916637 0.26949 0.899172 0.256734 0.926561
0 0.592449 0.80276 0.605881 0.774442 0.581348 0.737665 0.567916 0.765983
0 0.556226 0.855526 0.560882 0.833203 0.544485 0.822395 0.53983 0.844717
0 0.316471 0.972992 0.338278 0.943787 0.32726 0.917783 0.305452 0.946989
0 0.45787 0.841745 0.46326 0.824423 0.447745 0.809165 0.442355 0.826486
0 0.491689 0.848426 0.495652 0.828041 0.483849 0.820789 0.479886 0.841174
0 0.437284 0.382652 0.43903 0.353691 0.423216 0.350678 0.42147 0.379639
0 0.662379 0.827928 0.686882 0.77457 0.66625 0.744627 0.641748 0.797985
0 0.914707 0.533276 0.912109 0.489968 0.866748 0.498567 0.869346 0.541876
0 0.449024 0.823124 0.454566 0.806314 0.442487 0.79373 0.436945 0.81054
0 0.0573835 0.840316 0.0645019 0.811612 0.0423742 0.794269 0.0352559 0.822973
0 0.0495402 1.00726 0.0528064 0.978963 0.0200423 0.967012 0.0167761 0.995313
0 0.498072 0.130292 0.49729 0.0832669 0.461983 0.0851237 0.462765 0.132149
0 0.262928 0.964628 0.264779 0.945029 0.2528 0.941453 0.250949 0.961052
0 0.156609 0.986057 0.168452 0.967257 0.160809 0.952038 0.148965 0.970837
0 0.915627 0.56044 0.941809 0.542906 0.936594 0.518299 0.910413 0.535833
0 0.349288 0.996 0.350262 0.972346 0.329975 0.969704 0.329 0.993358
0 0.0966586 0.728458 0.0975723 0.706101 0.0818571 0.704071 0.0809434 0.726428
0 0.215878 0.935156 0.218811 0.917412 0.207901 0.911711 0.204967 0.929456
0 0.208128 0.899817 0.217865 0.87952 0.209391 0.866672 0.199654 0.886969
0 0.571957 0.87573 0.577128 0.852766 0.567217 0.845712 0.562046 0.868677
0 0.355321 0.793146 0.349989 0.750954 0.320924 0.762564 0.326257 0.804755
0 0.4479 0.956975 0.457439 0.923504 0.444385 0.911746 0.434846 0.945217
0 0.202612 0.97594 0.212711 0.956461 0.20546 0.944579 0.19536 0.964058
0 0.974482 0.552786 0.976969 0.522982 0.954108 0.516953 0.951622 0.546758
0 0.210483 1.0115 0.219575 0.991651 0.209793 0.977491 0.200701 0.997342
0 0.451299 0.726429 0.453814 0.705399 0.44196 0.700918 0.439445 0.721948
0 0.463112 0.876802 0.467762 0.85018 0.456983 0.844229 0.452332 0.870851
0 0.914201 0.643248 0.92154 0.623923 0.906494 0.605863 0.899155 0.625187
0 0.458566 0.678294 0.462512 0.653215 0.447208 0.645606 0.443263 0.670685
0 0.52262 0.619926 0.525679 0.596025 0.512484 0.590687 0.509425 0.614588
0 0.948926 0.673515 0.949989 0.645984 0.933434 0.643962 0.932371 0.671493
0 0.320432 0.571688 0.32461 0.552014 0.312366 0.543795 0.308187 0.563469
0 0.509978 0.821356 0.511307 0.799028 0.498594 0.796637 0.497265 0.818965
0 0.0745114 0.749961 0.0835287 0.724482 0.0719696 0.711553 0.0629523 0.737031
0 0.564916 0.604735 0.57382 0.575114 0.554438 0.556701 0.545534 0.586321
0 0.532511 0.881662 0.533427 0.862724 0.52265 0.861077 0.521735 0.880016
0 0.588802 0.108894 0.596657 0.0431668 0.578585 0.0363411 0.57073 0.102069
0 0.497006 0.744949 0.503615 0.717536 0.493024 0.709465 0.486414 0.736879
0 0.626912 1.00757 0.632515 0.964555 0.609855 0.955227 0.604253 0.998241
0 0.575616 0.9637 0.577022 0.938252 0.564997 0.936152 0.563591 0.961599
0 0.829931 0.626921 0.831857 0.595616 0.815499 0.592435 0.813573 0.623741
0 0.441709 1.00223 0.440897 0.98007 0.425661 0.981836 0.426474 1.00399
0 0.102724 0.753819 0.105201 0.733571 0.0888146 0.727236 0.086338 0.747485
0 1.00872 0.886209 1.01949 0.727292 0.960105 0.714568 0.949332 0.873485
0 0.119296 0.966611 0.131586 0.941494 0.122544 0.927512 0.110255 0.952629
0 0.584296 0.915693 0.603962 0.890856 0.584888 0.843126 0.565223 0.867963
0 0.0359591 0.151068 0.0584859 0.00371982 -0.0131152 -0.0308763 -0.0356419 0.116472
0 0.157947 0.411125 0.158533 0.390438 0.142715 0.389021 0.142129 0.409708
0 0.021887 0.993815 0.022885 0.96653 0.00687845 0.96468 0.00588051 0.991965
0 0.104455 0.330106 0.103099 0.280207 0.0793935 0.282243 0.0807496 0.332142
0 0.124226 0.981243 0.141585 0.951687 0.133216 0.936152 0.115857 0.965708
0 0.268193 0.844596 0.269815 0.82729 0.260435 0.824511 0.258812 0.841816
0 0.543037 0.941999 0.550532 0.912542 0.536741 0.901453 0.529246 0.93091
0 0.974214 0.679948 0.971981 0.653111 0.945462 0.660084 0.947694 0.686921
0 0.184047 1.00479 0.184956 0.982815 0.163491 0.980006 0.162581 1.00198
0 0.90959 0.796034 0.911177 0.775327 0.897535 0.772023 0.895948 0.79273
0 0.574072 0.991458 0.580034 0.9694 0.564133 0.955818 0.558171 0.977876
0 0.547825 0.60791 0.571885 0.529825 0.540797 0.499552 0.516737 0.577636
0 0.0864081 0.756216 0.0908769 0.732957 0.0765057 0.724231 0.072037 0.747489
0 0.81746 0.791187 0.826243 0.768735 0.805515 0.74311 0.796732 0.765563
0 0.402051 0.10906 0.400914 0.0693256 0.37788 0.0714081 0.379017 0.111143
0 0.060527 0.792966 0.0667232 0.769541 0.0552573 0.759956 0.0490611 0.78338
0 0.589446 1.0057 0.590255 0.981694 0.573922 0.979955 0.573114 1.00396
0 0.4865 0.720642 0.489336 0.700531 0.478921 0.695889 0.476084 0.715999
0 0.80161 0.678209 0.806191 0.654775 0.786512 0.642618 0.781932 0.666052
0 0.558315 0.844149 0.562433 0.82022 0.544526 0.810482 0.540409 0.834411
0 0.00209824 0.194922 0.067243 0.166637 0.060021 0.114068 -0.00512368 0.142353
0 0.346828 0.737754 0.348611 0.718347 0.336209 0.714747 0.334427 0.734154
0 0.441076 0.896032 0.446052 0.879366 0.436865 0.870698 0.43189 0.887364
0 0.449634 0.882933 0.453871 0.862674 0.443614 0.855895 0.439378 0.876155
0 0.804905 0.793298 0.805832 0.752431 0.782808 0.75078 0.781881 0.791648
0 0.563077 0.876676 0.566279 0.854328 0.555194 0.849308 0.551992 0.871656
0 0.0258926 0.872912 0.046849 0.834856 0.0324337 0.809767 0.0114772 0.847824
0 0.915744 0.73392 0.92467 0.703311 0.906133 0.686226 0.897207 0.716835
0 0.186632 0.984901 0.190997 0.964649 0.180721 0.957649 0.176356 0.977901
0 0.194081 0.124888 0.211613 0.115725 0.19069 -0.0108001 0.173157 -0.00163671
0 0.465319 0.629566 0.476981 0.615289 0.465684 0.586123 0.454022 0.6004
0 0.166314 0.641995 0.170707 0.616543 0.157499 0.609339 0.153106 0.634791
0 0.822126 0.764025 0.830521 0.735585 0.816675 0.722667 0.808279 0.751107
0 0.257748 0.836881 0.259758 0.820272 0.251318 0.817044 0.249308 0.833652
0 0.812523 0.674609 0.83155 0.637381 0.818665 0.616568 0.799638 0.653795
0 0.294723 0.877209 0.296002 0.858459 0.286621 0.856436 0.285342 0.875187
0 0.913004 0.543366 0.91477 0.519519 0.893593 0.514563 0.891827 0.53841
0 0.231282 0.988596 0.239718 0.970362 0.232768 0.9602 0.224333 0.978435
0 0.288737 0.986071 0.292724 0.957358 0.277188 0.95054 0.273201 0.979252
0 0.227923 0.974257 0.236196 0.950263 0.224777 0.937819 0.216503 0.961813
0 0.853808 0.720704 0.856147 0.694666 0.840117 0.690116 0.837779 0.716154
0 0.0523906 0.777072 0.0666046 0.753043 0.0573498 0.735741 0.0431358 0.759769
0 0.0984267 0.643259 0.106766 0.620474 0.0963215 0.608392 0.0879821 0.631177
0 0.434747 0.70821 0.4413 0.685248 0.429571 0.67467 0.423019 0.697632
0 0.43779 0.672794 0.43981 0.653239 0.427017 0.649062 0.424997 0.668618
0 0.902709 0.704087 0.906529 0.67943 0.892561 0.67259 0.888741 0.697247
0 0.277864 0.433413 0.282273 0.395482 0.255519 0.385653 0.25111 0.423584
0 0.260565 0.394315 0.261321 0.371576 0.243334 0.369684 0.242578 0.392424
0 0.389874 0.571996 0.393728 0.554387 0.382005 0.546277 0.37815 0.563886
0 0.564739 0.969475 0.568653 0.946457 0.555925 0.939617 0.552011 0.962634
0 0.457106 0.702041 0.461309 0.683431 0.451647 0.676532 0.447443 0.695142
0 0.244378 0.438758 0.255289 0.393344 0.239082 0.381037 0.228171 0.426452
0 0.138979 1.01167 0.160124 0.992564 0.152969 0.967543 0.131824 0.986653
0 0.0593639 0.473565 0.0623008 0.33426 -0.0149532 0.329112 -0.0178901 0.468417
0 0.339047 0.752969 0.341171 0.728151 0.327572 0.724472 0.325447 0.749289
0 0.640373 0.392507 0.639266 0.355758 0.615199 0.358049 0.616306 0.394798
