0 0.792995 1.03222 0.849113 0.946517 0.786525 0.816988 0.730407 0.902687
0 0.724023 0.568829 0.727662 0.511432 0.694765 0.504839 0.691125 0.562236
0 0.681592 0.645464 0.696909 0.608111 0.682471 0.589399 0.667154 0.626752
0 0.621459 0.572349 0.625271 0.551046 0.613659 0.544478 0.609847 0.56578
0 0.996095 0.994237 1.01265 0.873508 0.832389 0.795365 0.81583 0.916094
0 0.615148 1.02166 0.634984 0.971509 0.589662 0.914849 0.569825 0.964998
0 0.826915 0.550586 0.831583 0.52017 0.813862 0.511574 0.809194 0.54199
0 0.73772 0.608534 0.732934 0.553259 0.706294 0.560548 0.711079 0.615823
0 0.719752 0.493902 0.723035 0.464059 0.70525 0.457876 0.701967 0.487719
0 0.535379 0.605536 0.535406 0.572849 0.522273 0.572815 0.522246 0.605501
0 0.478718 0.8065 0.490931 0.771787 0.476143 0.755343 0.46393 0.790057
0 0.792526 0.75211 0.800084 0.722361 0.784321 0.709706 0.776764 0.739455
0 0.585917 0.542483 0.600735 0.504442 0.587698 0.488393 0.57288 0.526433
0 0.600799 0.54779 0.616576 0.514555 0.605618 0.498115 0.589841 0.53135
0 0.491097 0.885408 0.498115 0.830432 0.460613 0.815301 0.453595 0.870277
0 0.00963229 1.00582 0.0292735 0.973939 0.0164904 0.949048 -0.00315075 0.980928
0 0.612877 0.637373 0.613794 0.614624 0.594703 0.612194 0.593787 0.634943
0 0.610602 0.728512 0.613735 0.702571 0.594586 0.695263 0.591453 0.721204
0 0.643225 0.696197 0.646014 0.658109 0.623965 0.653008 0.621176 0.691095
0 0.604711 0.620534 0.610147 0.593604 0.591559 0.581746 0.586123 0.608675
0 0.530723 0.220675 0.529944 0.166386 0.498289 0.167821 0.499068 0.22211
0 0.62129 0.508377 0.627706 0.49307 0.614743 0.475899 0.608327 0.491206
0 0.564526 0.847031 0.565973 0.818878 0.547371 0.815857 0.545925 0.84401
0 0.811772 0.651505 0.823311 0.63186 0.80698 0.601542 0.795441 0.621187
0 0.999534 0.791413 1.03735 0.636092 0.938538 0.56005 0.90072 0.715372
0 0.624285 0.416205 0.628229 0.387328 0.614771 0.381519 0.610827 0.410396
0 0.570737 0.534906 0.577406 0.511504 0.560227 0.496032 0.553558 0.519434
0 0.669079 0.570099 0.679521 0.555451 0.668205 0.529954 0.657763 0.544602
0 0.666357 0.628276 0.680102 0.600593 0.667219 0.580376 0.653474 0.608059
0 0.776575 0.71659 0.782886 0.687085 0.764803 0.674861 0.758492 0.704366
0 0.59978 0.561465 0.603199 0.539485 0.588428 0.532224 0.58501 0.554205
0 0.724953 0.527765 0.733401 0.508809 0.714761 0.482556 0.706314 0.501512
0 0.743437 0.460866 0.754021 0.447148 0.739811 0.412495 0.729226 0.426213
0 0.567948 0.739781 0.57638 0.711352 0.564256 0.699986 0.555823 0.728415
0 0.762733 0.388114 0.764191 0.358912 0.745441 0.355953 0.743982 0.385155
0 0.793719 0.618684 0.801582 0.599305 0.787973 0.581854 0.78011 0.601233
0 0.800248 0.764374 0.804023 0.74403 0.792252 0.737125 0.788476 0.757469
0 0.816451 0.746485 0.830546 0.732347 0.810738 0.669929 0.796642 0.684067
0 0.553751 0.638381 0.560179 0.604129 0.54678 0.596182 0.540352 0.630435
0 0.614524 0.401189 0.619472 0.367784 0.605746 0.361358 0.600798 0.394763
0 0.798648 0.724952 0.809051 0.693587 0.793816 0.677619 0.783414 0.708983
0 0.552238 0.606594 0.555434 0.576649 0.539364 0.571229 0.536169 0.601174
0 0.534227 0.911973 0.537405 0.886257 0.524442 0.881193 0.521263 0.906909
0 0.771119 0.74909 0.781751 0.725793 0.761971 0.697265 0.751339 0.720562
0 0.703182 0.588419 0.705388 0.567465 0.693182 0.563403 0.690976 0.584357
0 0.689703 0.576053 0.698951 0.551733 0.688825 0.539563 0.679577 0.563883
0 0.569881 0.652126 0.57162 0.631964 0.561757 0.629275 0.560018 0.649437
0 0.526207 0.75169 0.532287 0.729228 0.517146 0.716275 0.511066 0.738737
0 0.360695 0.853446 0.386895 0.82018 0.375897 0.792806 0.349698 0.826071
0 0.827246 0.459239 0.830757 0.410623 0.806845 0.405165 0.803334 0.453781
0 0.590129 0.582313 0.594006 0.561973 0.584914 0.556497 0.581037 0.576837
0 0.610763 0.562697 0.616568 0.536609 0.603764 0.527604 0.597959 0.553692
0 0.78336 0.593869 0.785874 0.575004 0.770229 0.568414 0.767715 0.587279
0 0.459941 0.685647 0.47417 0.661378 0.465934 0.646119 0.451706 0.670388
0 0.57165 0.507677 0.582753 0.478432 0.569787 0.462873 0.558683 0.492117
0 0.618089 0.679881 0.620388 0.652122 0.607844 0.64884 0.605545 0.676599
0 0.669994 0.520661 0.671289 0.497775 0.658382 0.495467 0.657087 0.518354
0 0.774409 0.671957 0.780967 0.650039 0.758638 0.628923 0.752079 0.650842
0 0.623839 0.46233 0.627177 0.443384 0.616098 0.437215 0.61276 0.456161
0 0.540129 0.638965 0.544455 0.619845 0.531128 0.610316 0.526802 0.629435
0 0.484656 0.633849 0.495942 0.607924 0.487509 0.596321 0.476223 0.622245
0 0.408559 0.82817 0.43516 0.732471 0.391073 0.69374 0.364472 0.789439
0 0.786599 0.800776 0.798343 0.774998 0.775308 0.74183 0.763564 0.767608
0 0.607022 0.478781 0.611702 0.455075 0.600817 0.448283 0.596137 0.471989
0 0.859006 0.393877 0.860615 0.374956 0.848832 0.37179 0.847223 0.390711
0 0.541634 0.74529 0.550497 0.720701 0.541004 0.709886 0.532141 0.734475
0 0.558653 0.571467 0.561368 0.542626 0.546977 0.538344 0.544261 0.567185
0 0.635603 0.441176 0.639311 0.42098 0.629066 0.415035 0.625358 0.435232
0 0.786912 0.627541 0.78963 0.606706 0.777939 0.601885 0.775221 0.622721
0 0.731179 0.468166 0.73738 0.439463 0.722844 0.429538 0.716643 0.458241
0 0.0796261 0.953672 0.0859441 0.919428 0.0691453 0.909633 0.0628272 0.943877
0 0.544478 0.809926 0.546337 0.7663 0.523719 0.763254 0.52186 0.806881
0 0.620095 0.479507 0.623624 0.462615 0.613822 0.456143 0.610293 0.473034
0 0.575505 0.614093 0.577196 0.591489 0.561187 0.587705 0.559496 0.610308
0 0.540016 0.674733 0.547161 0.65107 0.53805 0.642375 0.530905 0.666038
0 0.623441 0.525186 0.629148 0.510882 0.618072 0.496914 0.612365 0.511218
0 0.820163 0.577205 0.825416 0.550071 0.81056 0.54098 0.805306 0.568115
0 0.683183 0.554351 0.689804 0.533464 0.679088 0.522727 0.672467 0.543614
0 0.754849 0.614623 0.764024 0.594426 0.751639 0.576644 0.742464 0.596841
0 0.564665 0.700986 0.567907 0.678127 0.554101 0.671938 0.550858 0.694796
0 0.724436 0.62794 0.723976 0.599781 0.707154 0.600651 0.707614 0.628809
0 0.522691 0.68151 0.527131 0.659422 0.517565 0.653345 0.513125 0.675433
0 0.533061 0.701153 0.535731 0.676691 0.524039 0.672658 0.52137 0.69712
0 0.735685 0.633736 0.746309 0.606348 0.737409 0.595437 0.726785 0.622824
0 0.802499 0.475177 0.802801 0.42674 0.772925 0.426152 0.772623 0.474589
0 0.844445 0.777113 0.851813 0.755133 0.825987 0.727773 0.818619 0.749753
0 0.632931 0.500941 0.636384 0.474452 0.6263 0.470297 0.622847 0.496786
0 0.53028 0.657863 0.535825 0.63271 0.527101 0.626632 0.521556 0.651785
0 0.706109 0.617187 0.708727 0.589418 0.694665 0.585228 0.692046 0.612997
0 0.612622 0.501315 0.616428 0.484654 0.605748 0.476943 0.601942 0.493604
0 0.610182 0.670075 0.612433 0.636967 0.595694 0.63337 0.593443 0.666478
0 0.815032 0.758448 0.820915 0.742132 0.804209 0.723093 0.798326 0.73941
0 0.578465 0.505376 0.586925 0.478884 0.575649 0.467504 0.567189 0.493995
0 0.764609 0.631945 0.769216 0.611158 0.754852 0.601098 0.750246 0.621885
0 0.533514 0.574252 0.538142 0.553106 0.528799 0.546641 0.52417 0.567788
0 0.694865 0.425148 0.700218 0.396219 0.674276 0.381047 0.668922 0.409976
0 0.618224 0.616465 0.629005 0.605974 0.618734 0.572616 0.607953 0.583107
0 0.6687 0.498142 0.673241 0.473829 0.657378 0.464463 0.652836 0.488776
0 0.726432 0.387842 0.726273 0.36138 0.71288 0.361634 0.713039 0.388096
0 0.650545 0.673823 0.661329 0.646337 0.640431 0.620422 0.629646 0.647908
0 0.91441 0.820229 0.925751 0.780552 0.881843 0.740884 0.870502 0.780562
0 0.628065 0.663244 0.632257 0.633908 0.615475 0.62633 0.611283 0.655665
0 0.534785 0.727145 0.537353 0.704348 0.522689 0.699127 0.520121 0.721923
0 0.812595 0.544416 0.815442 0.512064 0.798139 0.507252 0.795292 0.539604
0 0.534671 0.834618 0.540196 0.809561 0.528985 0.801749 0.523461 0.826806
0 0.5939 0.507654 0.602665 0.488032 0.593184 0.474646 0.584419 0.494269
0 0.66549 0.597658 0.668223 0.573907 0.654842 0.56904 0.652109 0.592791
0 0.948017 0.354198 0.949238 0.32018 0.923444 0.317256 0.922224 0.351274
0 0.386011 0.715275 0.400313 0.678737 0.385597 0.660532 0.371295 0.69707
0 0.0655905 0.904009 0.0763961 0.891124 0.0622935 0.853744 0.0514879 0.866628
0 0.521471 0.63671 0.523528 0.616721 0.512091 0.613 0.510034 0.632989
0 0.640686 0.294108 0.644178 0.258724 0.624784 0.252676 0.621292 0.288059
0 0.379905 0.73432 0.392885 0.709842 0.383518 0.694145 0.370539 0.718623
0 0.717802 0.323946 0.722539 0.301872 0.710363 0.293614 0.705626 0.315688
0 0.511882 0.832766 0.516661 0.812147 0.506309 0.804564 0.50153 0.825183
0 0.533074 0.681774 0.538867 0.661885 0.529967 0.653692 0.524174 0.673581
0 0.881694 0.396295 0.883469 0.362799 0.862098 0.35922 0.860323 0.392717
0 0.520977 0.81861 0.52462 0.798752 0.512885 0.791947 0.509241 0.811805
0 0.582448 0.645403 0.584214 0.623713 0.572209 0.620625 0.570444 0.642315
0 0.572188 0.6839 0.581627 0.65684 0.570404 0.644466 0.560964 0.671527
0 0.460319 0.659953 0.462505 0.639641 0.452131 0.636111 0.449944 0.656424
0 0.55877 0.715003 0.560763 0.697073 0.548677 0.692828 0.546685 0.710758
0 0.513562 0.584385 0.521411 0.562795 0.513343 0.553525 0.505494 0.575115
0 0.649825 0.493021 0.66439 0.441723 0.650247 0.429031 0.635682 0.48033
0 0.604001 0.928356 0.610977 0.905842 0.591633 0.886897 0.584657 0.909411
0 0.799159 0.392825 0.801202 0.369604 0.78759 0.365819 0.785546 0.38904
0 0.488047 0.760198 0.486256 0.717747 0.455029 0.72191 0.456819 0.764361
0 0.702077 0.518891 0.703626 0.499325 0.692259 0.49648 0.69071 0.516046
0 0.750492 0.352173 0.753287 0.331995 0.741317 0.326755 0.738522 0.346932
0 0.612661 0.704326 0.616229 0.681348 0.601943 0.674338 0.598376 0.697316
0 0.858611 0.297649 0.861451 0.253452 0.836819 0.248448 0.833978 0.292645
0 0.801958 0.799978 0.810431 0.77861 0.794398 0.758515 0.785925 0.779884
0 0.596899 0.481214 0.601728 0.459167 0.59106 0.451782 0.586231 0.473829
0 0.789633 0.675926 0.805159 0.645916 0.794779 0.628944 0.779253 0.658954
0 0.569925 0.631438 0.57179 0.613835 0.562314 0.610661 0.560449 0.628264
0 0.394764 0.949032 0.412988 0.918311 0.4001 0.894149 0.381877 0.92487
0 0.711202 0.461891 0.712325 0.439363 0.698504 0.437187 0.697381 0.459715
0 0.880136 0.818447 0.890771 0.775023 0.857592 0.749341 0.846957 0.792765
0 0.737545 0.486665 0.741663 0.467438 0.729116 0.458945 0.724998 0.478172
0 0.496497 0.638757 0.50371 0.613587 0.4955 0.60615 0.488286 0.63132
0 0.61285 0.768641 0.618256 0.753861 0.603095 0.736333 0.597689 0.751113
0 0.517171 0.803236 0.526088 0.758816 0.510868 0.74916 0.501952 0.79358
0 0.521742 0.837665 0.528083 0.818154 0.519 0.808825 0.51266 0.828336
0 0.48952 0.670919 0.49659 0.644338 0.485833 0.635295 0.478763 0.661876
0 0.792782 0.321484 0.800807 0.27441 0.766207 0.255769 0.758182 0.302843
0 0.477535 0.716179 0.488317 0.704181 0.475574 0.667991 0.464793 0.679989
0 0.292366 0.430497 0.313564 0.398471 0.302134 0.374559 0.280935 0.406585
0 0.812475 0.562145 0.814274 0.539576 0.801173 0.536276 0.799374 0.558845
0 0.584821 0.561825 0.586998 0.540762 0.577437 0.537638 0.57526 0.558701
0 0.846479 0.563147 0.850576 0.538496 0.834461 0.530032 0.830365 0.554683
0 0.781666 0.726612 0.789261 0.70912 0.777784 0.693372 0.77019 0.710864
0 0.464387 0.619644 0.469256 0.603009 0.461291 0.595641 0.456422 0.612277
0 0.653099 0.636119 0.663527 0.597531 0.635325 0.573445 0.624898 0.612033
0 0.117025 1.01074 0.137032 0.985212 0.109218 0.916327 0.0892108 0.941858
0 0.190802 0.429867 0.228033 0.404338 0.204401 0.295417 0.16717 0.320946
0 0.646965 0.373401 0.651693 0.353826 0.642282 0.346642 0.637553 0.366217
0 0.819225 0.396854 0.82128 0.372781 0.808446 0.369319 0.806391 0.393392
0 0.612785 0.459402 0.614861 0.441187 0.604178 0.437339 0.602102 0.455555
0 0.773978 0.638358 0.778966 0.614236 0.764206 0.604589 0.759218 0.628712
0 0.563176 0.67287 0.565461 0.647249 0.551496 0.643314 0.549212 0.668935
0 0.469637 0.639611 0.475783 0.621516 0.467414 0.612532 0.461268 0.630627
0 0.700556 0.498291 0.70274 0.480919 0.691638 0.476508 0.689454 0.49388
0 0.0120699 0.94454 0.0134906 0.912042 -0.00266801 0.90981 -0.00408865 0.942307
0 0.577012 0.556231 0.579118 0.537932 0.568064 0.533912 0.565958 0.552211
0 0.516954 0.863282 0.522127 0.836248 0.510575 0.829262 0.505402 0.856297
0 0.622562 0.434564 0.625939 0.417935 0.614753 0.410757 0.611377 0.427386
0 0.883676 0.766308 0.899846 0.72758 0.857616 0.671854 0.841446 0.710582
0 0.777209 0.608633 0.779473 0.591745 0.766586 0.586286 0.764322 0.603174
0 0.612129 0.745221 0.615224 0.728725 0.603713 0.721901 0.600619 0.738397
0 0.58426 0.865031 0.585287 0.838056 0.569895 0.836203 0.568867 0.863177
0 0.737498 0.368727 0.739733 0.336186 0.721285 0.33218 0.71905 0.364721
0 0.581946 0.477435 0.585068 0.457774 0.574305 0.452372 0.571183 0.472033
0 0.0112247 0.838286 0.0118109 0.816223 -0.00111026 0.815138 -0.00169649 0.837201
0 0.613349 0.446263 0.615976 0.42645 0.603408 0.421183 0.600781 0.440996
0 0.756957 0.839742 0.776653 0.682103 0.670378 0.640138 0.650683 0.797777
0 0.865369 0.450207 0.866506 0.430009 0.852648 0.427544 0.851511 0.447742
0 0.643872 0.834848 0.645856 0.791671 0.629227 0.789256 0.627243 0.832434
0 0.683227 0.447398 0.691414 0.429901 0.677213 0.408899 0.669026 0.426395
0 0.763413 0.708238 0.767386 0.674393 0.753459 0.669227 0.749486 0.703071
0 0.478313 0.655313 0.486337 0.633308 0.477081 0.62264 0.469056 0.644645
0 0.742352 0.592228 0.749104 0.56217 0.730183 0.548738 0.723432 0.578797
0 0.466929 0.700548 0.472621 0.681981 0.46408 0.673706 0.458388 0.692273
0 0.717295 0.633078 0.719242 0.605471 0.705632 0.602437 0.703684 0.630043
0 0.827051 0.329372 0.844831 0.308612 0.838235 0.290756 0.820455 0.311517
0 0.594254 0.451872 0.596742 0.434959 0.588442 0.431101 0.585955 0.448014
0 0.664443 0.403847 0.669349 0.386098 0.660928 0.378742 0.656022 0.396491
0 0.0303065 0.9892 0.0443958 0.963782 0.0336491 0.944955 0.0195598 0.970373
0 0.108303 0.713276 0.178873 0.640037 0.148039 0.546141 0.0774699 0.619379
0 0.734268 0.543195 0.737255 0.526705 0.72523 0.519821 0.722244 0.536311
0 0.842734 0.405049 0.84777 0.383572 0.83461 0.373817 0.829573 0.395294
0 0.74299 0.540247 0.753156 0.523263 0.734211 0.487429 0.724046 0.504413
0 0.544176 0.709397 0.547159 0.689896 0.536741 0.684858 0.533757 0.704359
0 0.689193 0.503878 0.690546 0.486499 0.678908 0.483635 0.677555 0.501014
0 0.837057 0.680291 0.845842 0.659308 0.82321 0.62936 0.814425 0.650343
0 0.695172 0.475555 0.698293 0.451327 0.686478 0.446518 0.683358 0.470745
0 0.751718 0.659692 0.755466 0.620314 0.741485 0.616108 0.737736 0.655486
0 0.607807 0.36933 0.614567 0.346713 0.604591 0.337289 0.597831 0.359907
0 0.577745 0.826409 0.58251 0.796984 0.563874 0.787446 0.559109 0.816871
0 0.693977 0.353632 0.696163 0.33914 0.686216 0.334397 0.684029 0.348889
0 0.749362 0.554989 0.753532 0.538417 0.740182 0.527801 0.736012 0.544373
0 0.850548 0.419076 0.85436 0.395845 0.842846 0.389874 0.839034 0.413105
0 0.51155 0.586207 0.516173 0.565204 0.506119 0.558209 0.501495 0.579211
0 0.71134 0.439397 0.711627 0.415238 0.693686 0.414565 0.693399 0.438724
0 0.600293 0.648745 0.601368 0.622965 0.587084 0.621082 0.586008 0.646863
0 0.6816 0.600532 0.687882 0.57876 0.677298 0.569107 0.671015 0.590878
0 0.87602 0.367258 0.879011 0.33895 0.863575 0.333795 0.860584 0.362103
0 0.834306 0.519013 0.841199 0.492899 0.827684 0.481624 0.820791 0.507738
0 0.739323 0.578833 0.74413 0.552813 0.726534 0.542537 0.721726 0.568557
0 0.591502 0.488339 0.597826 0.469651 0.588805 0.460003 0.582481 0.47869
0 0.485722 0.822431 0.491586 0.797202 0.477726 0.787021 0.471862 0.81225
0 0.513954 0.661265 0.519444 0.636354 0.509321 0.629303 0.503831 0.654214
0 0.684649 0.386244 0.691104 0.36907 0.678451 0.354042 0.671997 0.371216
0 0.682004 0.470834 0.684911 0.449367 0.670433 0.443171 0.667526 0.464638
0 0.182383 0.275039 0.185155 0.210583 0.148527 0.205603 0.145755 0.270059
0 0.583181 0.718043 0.588426 0.671307 0.572546 0.665674 0.567301 0.712411
0 0.578113 0.733845 0.578844 0.712673 0.566662 0.711344 0.56593 0.732515
0 0.582245 0.677473 0.595888 0.65587 0.587546 0.639219 0.573903 0.660823
0 0.614621 0.919214 0.627389 0.867608 0.613697 0.856902 0.600929 0.908507
0 0.836578 0.74818 0.846291 0.729812 0.829506 0.701761 0.819793 0.72013
0 0.45234 0.869957 0.453315 0.838472 0.4366 0.836836 0.435626 0.868321
0 0.366128 0.912599 0.375516 0.861905 0.355311 0.85008 0.345923 0.900773
0 0.839534 0.537983 0.84574 0.519924 0.834205 0.507395 0.827999 0.525455
0 0.63399 0.457782 0.636439 0.442292 0.626925 0.437536 0.624475 0.453026
0 0.641265 0.354242 0.645002 0.336908 0.636689 0.331244 0.632952 0.348578
0 0.74385 0.610036 0.748514 0.588461 0.738302 0.581483 0.733638 0.603058
0 0.134071 0.779881 0.158102 0.711708 0.127113 0.677185 0.103082 0.745358
0 0.735191 0.676936 0.738789 0.638248 0.720666 0.632922 0.717068 0.67161
0 0.627834 0.463853 0.6295 0.443013 0.618597 0.44026 0.616932 0.4611
0 0.754873 0.685287 0.756201 0.658482 0.74249 0.656337 0.741163 0.683141
0 0.987345 0.581418 0.988036 0.549463 0.967762 0.548078 0.967071 0.580033
0 0.600321 0.897646 0.598413 0.870958 0.577285 0.875732 0.579193 0.902419
0 0.493874 0.7944 0.507428 0.775783 0.490524 0.736885 0.476969 0.755502
0 0.559405 0.661779 0.561203 0.635659 0.548727 0.632944 0.546929 0.659065
0 0.137653 0.328736 0.154481 0.311472 0.13991 0.266584 0.123082 0.283848
0 0.0430469 0.904605 0.0587475 0.883005 0.0503462 0.863704 0.0346455 0.885304
0 0.810569 0.777221 0.815331 0.75915 0.801298 0.747461 0.796536 0.765532
0 0.619532 0.605383 0.6288 0.593336 0.617375 0.565557 0.608107 0.577604
0 0.806477 0.429078 0.807148 0.405836 0.792055 0.404457 0.791383 0.4277
0 0.60647 0.680859 0.609237 0.64706 0.593612 0.643017 0.590845 0.676816
0 0.517498 0.71999 0.518922 0.696058 0.508323 0.694064 0.506899 0.717996
0 0.750552 0.704056 0.753037 0.684003 0.740256 0.678998 0.737772 0.699052
0 0.835673 0.573589 0.839278 0.552309 0.827442 0.545972 0.823837 0.567252
0 0.588562 0.605951 0.590114 0.586306 0.577843 0.583241 0.57629 0.602886
0 0.559659 0.508134 0.565872 0.476514 0.551437 0.46755 0.545224 0.49917
0 0.508487 0.609982 0.513099 0.590189 0.502196 0.582159 0.497584 0.601953
0 0.821346 0.376023 0.827842 0.354132 0.817868 0.344776 0.811371 0.366667
0 0.531869 0.853692 0.534257 0.830524 0.521766 0.826456 0.519378 0.849624
0 0.444569 0.724907 0.454884 0.673157 0.440282 0.663958 0.429967 0.715708
0 0.622355 0.274953 0.630268 0.251209 0.620214 0.240618 0.6123 0.264362
0 0.934644 0.587796 0.939065 0.557143 0.909722 0.543767 0.905301 0.57442
0 0.689873 1.0052 0.707618 0.81661 0.646814 0.798527 0.629068 0.987115
0 0.812915 0.416319 0.814111 0.398409 0.801419 0.39573 0.800223 0.41364
0 0.634711 0.403303 0.637118 0.380368 0.62442 0.376156 0.622013 0.399091
0 0.56444 0.591341 0.566072 0.570925 0.554077 0.567895 0.552445 0.58831
0 0.617964 0.346978 0.621876 0.325333 0.608955 0.317951 0.605043 0.339596
0 0.500726 0.823439 0.505486 0.800107 0.494001 0.792702 0.489241 0.816033
0 0.746242 0.273382 0.749959 0.256849 0.741331 0.250719 0.737614 0.267252
0 0.545704 0.577542 0.54808 0.558903 0.537844 0.554779 0.535468 0.573419
0 0.590872 0.414337 0.593257 0.38477 0.57843 0.380989 0.576044 0.410556
0 0.683765 0.381389 0.685091 0.362887 0.671854 0.359888 0.670528 0.378391
0 0.86782 0.435594 0.870931 0.416246 0.855216 0.408261 0.852105 0.427609
0 0.618144 0.636662 0.620615 0.616064 0.603128 0.609436 0.600657 0.630034
