0 0.223582 0.982376 0.248069 0.925087 0.225036 0.893971 0.200548 0.95126
0 0.56983 0.877846 0.578809 0.831764 0.556382 0.817954 0.547403 0.864036
0 0.383311 0.942229 0.40426 0.889146 0.383191 0.862867 0.362242 0.91595
0 0.99758 0.994972 1.01153 0.874451 0.832859 0.809067 0.818905 0.929588
0 0.528749 0.885594 0.54168 0.865156 0.526374 0.834551 0.513443 0.854989
0 0.0679796 0.721854 0.0704706 0.693113 0.0534545 0.688452 0.0509636 0.717193
0 0.236154 0.896306 0.238076 0.873753 0.225808 0.870449 0.223886 0.893002
0 0.673498 0.57427 0.680921 0.512891 0.653132 0.502269 0.645709 0.563649
0 0.544332 0.834431 0.552966 0.813982 0.540211 0.796962 0.531577 0.81741
0 0.52004 0.854964 0.522872 0.830522 0.510302 0.825919 0.50747 0.850361
0 0.498406 0.799178 0.510519 0.765389 0.496806 0.749852 0.484693 0.783641
0 0.476515 0.811924 0.482423 0.781486 0.46159 0.768707 0.455682 0.799145
0 0.197718 0.982832 0.21369 0.949848 0.200713 0.929989 0.184741 0.962973
0 0.250403 0.69928 0.25152 0.682013 0.24138 0.67994 0.240263 0.697207
0 0.073276 0.98806 0.0867021 0.952059 0.0739143 0.936987 0.0604882 0.972988
0 0.375781 0.820881 0.376727 0.796565 0.359803 0.794484 0.358857 0.8188
0 0.565809 0.917669 0.575279 0.878757 0.558933 0.866185 0.549464 0.905098
0 0.272288 0.803539 0.282334 0.764865 0.269599 0.75441 0.259554 0.793084
0 0.378455 0.883531 0.393329 0.86167 0.384847 0.843429 0.369972 0.86529
0 0.525253 0.810086 0.528825 0.786539 0.515633 0.780212 0.51206 0.80376
0 0.563002 0.833128 0.566607 0.812144 0.55085 0.80359 0.547246 0.824574
0 0.113992 0.652392 0.113407 0.631971 0.094522 0.63368 0.0951065 0.6541
0 0.372423 0.849188 0.377134 0.817597 0.359866 0.809458 0.355155 0.841049
0 0.0776128 0.78237 0.0759789 0.740394 0.0469621 0.743963 0.048596 0.785939
0 0.0805215 0.745928 0.0871092 0.7264 0.067299 0.705279 0.0607113 0.724807
0 0.56768 0.806045 0.572296 0.779912 0.560032 0.773066 0.555416 0.799198
0 0.603012 0.772924 0.605494 0.750917 0.591665 0.745986 0.589182 0.767993
0 0.59789 0.853142 0.602495 0.82358 0.585516 0.81522 0.58091 0.844782
0 0.370549 0.916868 0.379127 0.876493 0.362393 0.865255 0.353814 0.90563
0 0.146008 0.722961 0.226396 0.624627 0.185379 0.51865 0.10499 0.616984
0 0.246845 0.917714 0.249389 0.897725 0.237614 0.892988 0.23507 0.912977
0 0.593453 0.897128 0.603809 0.860429 0.579578 0.838819 0.569222 0.875518
0 0.587429 0.912514 0.590103 0.88675 0.572527 0.880985 0.569853 0.906749
0 0.0722415 0.958109 0.0920511 0.934476 0.0828467 0.910092 0.0630372 0.933725
0 0.414179 0.73319 0.427582 0.711128 0.410444 0.678224 0.397042 0.700286
0 0.557095 0.810018 0.559974 0.783135 0.548227 0.779158 0.545348 0.806041
0 0.443921 0.893031 0.446967 0.869233 0.431437 0.862949 0.42839 0.886747
0 0.596229 0.795863 0.601314 0.77213 0.578971 0.756999 0.573886 0.780733
0 0.590495 0.761357 0.592455 0.739354 0.577658 0.735189 0.575699 0.757192
0 0.0419049 0.934642 0.0324004 0.868571 -0.00846386 0.88715 0.00104057 0.953221
0 0.509654 0.822819 0.516427 0.787195 0.503753 0.779579 0.49698 0.815203
0 0.251086 0.640741 0.25315 0.618143 0.239513 0.614207 0.23745 0.636805
0 0.598923 0.994182 0.594989 0.949022 0.572526 0.955206 0.57646 1.00037
0 0.341808 0.892539 0.351214 0.853362 0.325594 0.833921 0.316188 0.873099
0 0.0876926 0.85071 0.100333 0.823976 0.0885977 0.806439 0.0759573 0.833174
0 0.5044 0.880245 0.517329 0.838231 0.487138 0.808869 0.474209 0.850883
0 0.279475 0.763449 0.300025 0.744892 0.294804 0.726619 0.274254 0.745176
0 0.389523 0.852339 0.399773 0.825545 0.387595 0.810821 0.377345 0.837615
0 0.0952816 0.982772 0.112751 0.937049 0.0949635 0.915569 0.0774938 0.961293
0 0.0146435 0.764991 0.0332924 0.734238 0.0216834 0.711989 0.00303458 0.742743
0 0.168259 0.882093 0.170163 0.854512 0.154964 0.851196 0.15306 0.878777
0 0.500839 0.765142 0.505385 0.736316 0.492079 0.729683 0.487532 0.758509
0 0.0637644 1.01035 0.0807895 0.99209 0.073959 0.971957 0.0569338 0.990213
0 0.583747 0.832143 0.584293 0.805613 0.568227 0.804568 0.567681 0.831098
0 0.19654 1.00652 0.207834 0.978227 0.195686 0.962903 0.184392 0.991198
0 0.105942 0.789179 0.105315 0.760495 0.0866456 0.761786 0.0872729 0.79047
0 0.37323 0.867833 0.383929 0.839449 0.372163 0.825432 0.361464 0.853816
0 0.0500728 0.659256 0.0587649 0.629875 0.0450997 0.617098 0.0364076 0.646479
0 0.00870357 1.00699 0.0281582 0.96975 0.0149894 0.948009 -0.00446515 0.985253
0 0.288576 0.720932 0.289637 0.699254 0.272208 0.696559 0.271147 0.718237
0 0.412764 0.865672 0.418455 0.841886 0.405723 0.832259 0.400033 0.856045
0 0.573576 0.768748 0.575588 0.749324 0.564789 0.74579 0.562777 0.765214
0 0.0765435 0.62619 0.0769659 0.600826 0.0591559 0.599889 0.0587335 0.625252
0 0.0564618 0.992915 0.071484 0.956998 0.0564316 0.937101 0.0414093 0.973018
0 0.223787 0.658342 0.227868 0.613315 0.206539 0.607205 0.202458 0.652233
0 0.538189 0.771606 0.540292 0.75147 0.527681 0.747309 0.525579 0.767444
0 0.411582 0.846878 0.418892 0.8214 0.405518 0.809272 0.398207 0.83475
0 0.193831 0.955865 0.197376 0.931837 0.17326 0.920593 0.169715 0.94462
0 0.567919 0.989063 0.573988 0.942854 0.541795 0.929491 0.535726 0.9757
0 0.259282 0.919992 0.262992 0.895808 0.251178 0.89008 0.247468 0.914263
0 0.0846204 0.676218 0.0894629 0.657165 0.0802746 0.649784 0.0754322 0.668838
0 0.365538 0.950671 0.374701 0.926692 0.365879 0.916037 0.356716 0.940016
0 0.289203 0.861125 0.292578 0.837841 0.277563 0.830962 0.274187 0.854245
0 0.156546 0.996893 0.174876 0.969146 0.164675 0.947847 0.146344 0.975594
0 0.588843 0.948904 0.601116 0.935778 0.589676 0.901969 0.577403 0.915094
0 0.249807 0.525582 0.255743 0.504805 0.23852 0.489252 0.232584 0.510028
0 0.0548544 0.681723 0.0608404 0.664352 0.0527205 0.655508 0.0467345 0.67288
0 0.0478378 0.68751 0.0482478 0.662253 0.0264937 0.661137 0.0260838 0.686394
0 0.25681 0.791284 0.265873 0.777148 0.254136 0.753364 0.245073 0.767499
0 0.0780972 0.852689 0.0705538 0.815434 0.0394218 0.835357 0.0469653 0.872612
0 0.0443356 0.993207 0.049422 0.972212 0.0390741 0.964289 0.0339878 0.985284
0 0.244439 0.880849 0.248342 0.861902 0.239303 0.856019 0.235401 0.874965
0 0.537089 0.92362 0.539363 0.893674 0.521631 0.88942 0.519358 0.919366
0 0.269871 0.76474 0.276303 0.742587 0.265856 0.733002 0.259424 0.755154
0 0.112033 0.689773 0.112404 0.660603 0.0917929 0.659775 0.0914219 0.688944
0 0.272958 1.00049 0.283385 0.97016 0.268891 0.954409 0.258463 0.984736
0 0.258743 0.235033 0.261786 0.212075 0.23569 0.201143 0.232647 0.224101
0 0.0649313 0.678002 0.0768801 0.658133 0.0694566 0.644024 0.0575078 0.663893
0 0.0208827 0.826355 0.02788 0.788097 0.00848041 0.776883 0.00148306 0.815141
0 0.575918 0.715563 0.575382 0.697781 0.561695 0.699085 0.562232 0.716867
0 0.486375 0.797244 0.493207 0.771911 0.480103 0.760741 0.473271 0.786074
0 0.0876057 1.00224 0.106816 0.976448 0.0988196 0.957624 0.0796089 0.983417
0 0.240045 0.84478 0.246686 0.824381 0.237889 0.815329 0.231247 0.835728
0 0.0520544 0.752952 0.0536731 0.72899 0.0414598 0.726382 0.039841 0.750344
0 0.262372 0.976082 0.277695 0.924434 0.262835 0.910501 0.247512 0.962148
0 0.136086 0.764724 0.138316 0.739778 0.120486 0.734742 0.118256 0.759688
0 0.0409314 0.976708 0.0500013 0.941946 0.0325486 0.927554 0.0234787 0.962316
0 0.136262 0.875854 0.142754 0.851291 0.131242 0.841675 0.12475 0.866238
0 0.208662 0.932604 0.2136 0.911388 0.203915 0.904264 0.198977 0.92548
0 0.139815 0.322351 0.154143 0.29445 0.136409 0.265668 0.122081 0.29357
0 0.113873 1.0039 0.133095 0.98014 0.126207 0.962528 0.106984 0.986289
0 0.00881565 0.691934 0.0210727 0.665001 0.00949883 0.648354 -0.00275818 0.675287
0 0.25188 0.564557 0.254317 0.544214 0.238915 0.538382 0.236478 0.558725
0 0.183286 0.970543 0.189406 0.951034 0.173077 0.934844 0.166957 0.954354
0 0.189044 0.523745 0.190288 0.502718 0.167871 0.498529 0.166628 0.519556
0 0.131826 0.333412 0.139964 0.293569 0.111388 0.275123 0.10325 0.314966
0 0.0149816 0.97585 0.0290323 0.949195 0.0186863 0.931958 0.00463562 0.958613
0 0.9452 0.514422 0.956823 0.485128 0.943115 0.467939 0.931493 0.497234
0 0.494232 0.554199 0.521705 0.490352 0.493346 0.451787 0.465873 0.515634
0 0.234986 0.528235 0.241198 0.506344 0.223958 0.490882 0.217746 0.512773
0 0.541294 0.804824 0.548535 0.786259 0.539053 0.774569 0.531811 0.793135
0 0.536935 0.792785 0.539116 0.77315 0.528703 0.769493 0.526522 0.789129
0 0.284703 0.41044 0.29083 0.35767 0.247801 0.341878 0.241674 0.394648
0 0.778476 0.798606 0.775672 0.764566 0.750128 0.771215 0.752931 0.805254
0 0.0983412 0.604891 0.0989468 0.587834 0.0883423 0.586644 0.0877367 0.603701
0 0.119389 0.590309 0.127843 0.567202 0.118718 0.556651 0.110264 0.579758
0 0.0386873 0.708228 0.04047 0.686656 0.0249703 0.682607 0.0231876 0.70418
0 0.212526 0.99302 0.21948 0.966489 0.205815 0.955169 0.198861 0.981699
0 0.492674 0.828426 0.49825 0.804524 0.480902 0.791733 0.475326 0.815636
0 0.0284143 0.773693 0.0430198 0.753039 0.0343203 0.733596 0.0197147 0.754249
0 0.144083 0.902356 0.147027 0.875645 0.130251 0.869801 0.127306 0.896512
0 0.548205 0.866848 0.552097 0.839085 0.535631 0.831789 0.531739 0.859553
0 0.391368 0.744347 0.393204 0.722485 0.380985 0.719243 0.37915 0.741105
0 0.148025 0.853038 0.151281 0.828647 0.136949 0.822602 0.133694 0.846993
0 0.821828 0.653794 0.822454 0.622597 0.803875 0.62142 0.80325 0.652617
0 0.195903 0.551038 0.201896 0.532802 0.185766 0.516049 0.179773 0.534285
0 0.463002 0.757122 0.466829 0.728104 0.454166 0.722827 0.450339 0.751845
0 0.132348 0.946006 0.138835 0.892197 0.109348 0.880964 0.102861 0.934773
0 0.0778328 0.702923 0.0792876 0.681261 0.0672264 0.678701 0.0657716 0.700363
0 0.109158 0.804422 0.127937 0.784942 0.120786 0.763155 0.102007 0.782635
0 0.563766 0.762452 0.565906 0.745203 0.554573 0.740758 0.552432 0.758008
0 0.415549 0.898831 0.418555 0.861274 0.398297 0.856148 0.39529 0.893705
0 0.220464 0.611423 0.222045 0.590945 0.208449 0.587626 0.206868 0.608105
0 0.539492 0.902803 0.543332 0.881727 0.53026 0.874201 0.526421 0.895277
0 0.418079 0.804795 0.421251 0.777493 0.407659 0.772501 0.404487 0.799803
0 0.0518144 0.707798 0.0573529 0.681183 0.0445772 0.672781 0.0390387 0.699395
0 0.665975 0.370884 0.668627 0.342724 0.650111 0.337212 0.647459 0.365372
0 0.103227 1.00621 0.121663 0.971444 0.112636 0.956313 0.0942001 0.991076
0 0.787966 1.03458 0.846901 0.944677 0.786361 0.81925 0.727426 0.909155
0 0.575285 0.793726 0.57777 0.768479 0.567253 0.765207 0.564767 0.790454
0 0.0859003 0.587389 0.0898117 0.570239 0.0817497 0.564428 0.0778383 0.581578
0 0.357232 0.87491 0.361478 0.848873 0.350085 0.843001 0.345838 0.869037
0 0.269547 0.567849 0.272754 0.51979 0.25957 0.51701 0.256363 0.565069
0 0.585179 0.856377 0.589494 0.828321 0.575855 0.821692 0.57154 0.849747
0 0.0985877 0.5916 0.102078 0.575414 0.092728 0.569042 0.089238 0.585228
0 0.0988284 0.0999489 0.128482 0.0119759 0.10197 -0.0162689 0.072316 0.0717041
0 0.518998 0.627448 0.514963 0.591036 0.481299 0.602826 0.485334 0.639238
0 0.344185 0.940964 0.351383 0.913995 0.339768 0.904197 0.33257 0.931166
0 0.428308 0.869163 0.435868 0.846964 0.418069 0.827809 0.41051 0.850007
0 0.239342 0.655189 0.242708 0.632229 0.227247 0.625065 0.223881 0.648025
0 0.00916643 0.972792 0.0102 0.941746 -0.00155449 0.94051 -0.0025881 0.971555
0 0.0491091 0.850071 0.0780265 0.795082 0.0588252 0.763169 0.0299078 0.818157
0 0.346892 0.926171 0.351315 0.899973 0.340781 0.894352 0.336358 0.920551
0 0.575883 1.00834 0.579051 0.974088 0.553141 0.966515 0.549973 1.00077
0 0.436121 0.954367 0.445204 0.911474 0.417459 0.892907 0.408377 0.935799
0 0.0365873 0.984505 0.0383768 0.961565 0.0243062 0.958096 0.0225166 0.981036
0 0.046183 0.724174 0.0526749 0.699505 0.0415093 0.690218 0.0350174 0.714887
0 0.256586 0.544643 0.258854 0.524724 0.248692 0.521068 0.246424 0.540987
0 0.23619 0.616458 0.238433 0.59614 0.225783 0.591727 0.22354 0.612045
0 0.42527 0.877699 0.429479 0.861141 0.415563 0.849961 0.411354 0.866519
0 0.359512 0.914607 0.367206 0.885074 0.353586 0.873859 0.345892 0.903392
0 0.369735 0.877042 0.37881 0.852151 0.368475 0.840243 0.359401 0.865135
0 0.111252 0.899568 0.12716 0.882518 0.12114 0.864767 0.105232 0.881817
0 0.253733 0.212109 0.257797 0.186383 0.241566 0.178279 0.237502 0.204005
0 0.22234 0.478624 0.225174 0.463162 0.214314 0.456872 0.211481 0.472335
0 0.0379179 1.00636 0.0409543 0.983765 0.0279306 0.978234 0.0248941 1.00083
0 0.510036 0.809163 0.517494 0.776903 0.50334 0.76656 0.495882 0.798821
0 0.645599 0.887919 0.655615 0.854482 0.639638 0.839355 0.629621 0.872793
0 0.641518 0.995839 0.646419 0.964443 0.629127 0.95591 0.624225 0.987306
0 0.445175 0.860596 0.446774 0.830746 0.432078 0.828258 0.430479 0.858108
0 0.247347 0.541937 0.249385 0.524791 0.238518 0.520708 0.23648 0.537854
0 0.133005 0.96121 0.145938 0.933815 0.136317 0.919459 0.123383 0.946853
0 0.0913554 0.729854 0.10344 0.70772 0.0964482 0.695656 0.084364 0.71779
0 0.291958 0.777862 0.30396 0.758631 0.295657 0.742253 0.283655 0.761484
0 0.00918795 0.842667 0.0110354 0.814024 -0.00152145 0.811464 -0.00336888 0.840107
0 0.291528 0.988729 0.293197 0.964537 0.279394 0.961527 0.277725 0.985719
0 0.803405 0.642803 0.807604 0.616838 0.793747 0.609755 0.789547 0.63572
0 0.565812 0.783662 0.567697 0.760633 0.554955 0.757338 0.553071 0.780367
0 0.145957 0.551884 0.1532 0.522281 0.128776 0.503395 0.121533 0.532998
0 0.176882 0.893892 0.177558 0.874632 0.163821 0.873108 0.163145 0.892368
0 1.00789 0.861247 1.00933 0.802719 0.978419 0.800309 0.976976 0.858837
0 0.398053 0.865662 0.405041 0.844052 0.394002 0.832771 0.387014 0.85438
0 0.343279 0.795001 0.350835 0.778825 0.338399 0.760468 0.330843 0.776644
0 0.159875 0.96277 0.161703 0.941677 0.142946 0.93654 0.141119 0.957634
0 0.682873 0.637188 0.684201 0.609385 0.665439 0.606551 0.66411 0.634354
0 0.252919 0.101261 0.269841 0.085383 0.246226 0.00584312 0.229305 0.0217211
0 0.126414 0.960316 0.129313 0.935529 0.115235 0.930324 0.112335 0.955112
0 0.182311 0.989814 0.190768 0.967001 0.178626 0.952777 0.17017 0.975589
0 0.199977 0.921092 0.202043 0.902515 0.189651 0.898159 0.187585 0.916736
0 0.249132 0.897799 0.250822 0.881143 0.239893 0.87764 0.238204 0.894296
0 0.199256 0.516477 0.200589 0.500396 0.190429 0.497735 0.189096 0.513815
0 0.274778 0.846355 0.273434 0.821667 0.255124 0.824818 0.256468 0.849505
0 0.0503096 0.961468 0.0672601 0.933264 0.0579442 0.915569 0.0409937 0.943772
0 0.0362417 0.734176 0.0420212 0.715272 0.0274403 0.701183 0.0216607 0.720087
0 0.282922 0.73962 0.284746 0.72 0.271052 0.715974 0.269227 0.735594
0 0.132312 0.824289 0.134131 0.805489 0.121999 0.801779 0.12018 0.820579
0 0.146777 0.586434 0.17621 0.56417 0.170436 0.540046 0.141004 0.562309
0 0.240473 0.487558 0.244813 0.474134 0.236544 0.465686 0.232205 0.47911
0 0.218875 0.591672 0.222019 0.573505 0.208413 0.566064 0.205269 0.584231
0 0.129106 1.01167 0.145207 0.99187 0.136385 0.969201 0.120284 0.989006
0 0.750476 0.777636 0.7578 0.752676 0.741465 0.73753 0.734142 0.762489
0 0.101406 0.75613 0.105834 0.732202 0.0938001 0.725166 0.0893729 0.749093
0 0.180646 0.541276 0.181322 0.522329 0.163098 0.520275 0.162422 0.539221
0 0.109935 0.860925 0.111887 0.835128 0.096492 0.831447 0.0945401 0.857243
0 0.124761 0.859672 0.12936 0.83915 0.119951 0.832486 0.115351 0.853008
0 0.275058 0.826965 0.275715 0.810475 0.262248 0.808779 0.261591 0.825269
0 0.266428 0.890019 0.271085 0.869108 0.260112 0.861386 0.255456 0.882296
0 0.187314 1.00678 0.189512 0.986705 0.177738 0.982632 0.175541 1.00271
0 0.0618367 0.74077 0.0652047 0.722342 0.0531256 0.715365 0.0497577 0.733793
0 0.58721 0.816892 0.592329 0.796113 0.575947 0.78336 0.570829 0.804139
0 0.017686 0.70459 0.0278271 0.682999 0.0186149 0.669324 0.00847372 0.690915
0 0.140167 0.978106 0.149343 0.960827 0.14202 0.948536 0.132844 0.965816
0 0.784377 0.755635 0.788011 0.732208 0.775229 0.725943 0.771595 0.74937
0 0.0887191 0.933654 0.102908 0.909733 0.094645 0.894241 0.0804556 0.918162
0 0.281974 0.900599 0.281769 0.876173 0.265249 0.876613 0.265454 0.901038
