0 0.994201 0.974422 1.00931 0.854428 0.809926 0.775084 0.794818 0.895078
0 0.225562 0.812552 0.222903 0.777959 0.199931 0.78354 0.20259 0.818133
0 0.0841835 0.988185 0.112637 0.953876 0.101946 0.925852 0.0734916 0.960161
0 0.240634 0.380473 0.25601 0.335573 0.199678 0.274605 0.184302 0.319506
0 0.427731 0.762442 0.429542 0.739147 0.414209 0.73538 0.412399 0.758676
0 0.432292 0.721874 0.434491 0.700195 0.422861 0.696466 0.420662 0.718146
0 0.363528 0.840287 0.36745 0.820809 0.351956 0.810949 0.348034 0.830428
0 0.45581 0.706568 0.461883 0.687325 0.447362 0.67284 0.441288 0.692083
0 0.497708 0.871491 0.502375 0.841787 0.484679 0.833 0.480012 0.862705
0 0.381088 0.819725 0.378624 0.78767 0.35798 0.792684 0.360443 0.82474
0 0.241144 0.83943 0.2534 0.818119 0.244588 0.802103 0.232332 0.823414
0 0.645657 0.778588 0.652242 0.721288 0.606743 0.704763 0.600158 0.762063
0 0.195935 0.754951 0.195419 0.722408 0.179193 0.723221 0.17971 0.755764
0 0.750066 0.757752 0.747943 0.719461 0.731111 0.72241 0.733233 0.760701
0 0.382641 0.779648 0.387893 0.753855 0.377194 0.746971 0.371943 0.772764
0 0.151957 0.729279 0.153786 0.707178 0.142075 0.704116 0.140246 0.726217
0 0.243643 0.879544 0.269831 0.853103 0.261413 0.826751 0.235224 0.853192
0 0.0701932 0.712424 0.0717141 0.692335 0.0588466 0.689256 0.0573257 0.709346
0 0.0860119 0.736521 0.086226 0.710831 0.0692298 0.710383 0.0690156 0.736073
0 0.0780647 0.826383 0.0779894 0.803781 0.0614029 0.803955 0.0614782 0.826558
0 0.572376 0.803408 0.576949 0.772619 0.561579 0.765404 0.557006 0.796193
0 0.0142923 0.960942 0.0304575 0.930972 0.0176442 0.90913 0.00147895 0.9391
0 0.136554 0.866523 0.156158 0.831697 0.143152 0.808558 0.123548 0.843384
0 0.38323 0.909583 0.380206 0.873513 0.357743 0.879465 0.360767 0.915535
0 0.50232 0.845459 0.506595 0.827087 0.490723 0.815415 0.486448 0.833787
0 0.729618 0.78157 0.741747 0.757469 0.72612 0.732615 0.713991 0.756716
0 0.69943 0.727308 0.704315 0.708552 0.692722 0.69901 0.687837 0.717765
0 0.41533 0.579794 0.410379 0.527717 0.387398 0.534621 0.392349 0.586699
0 0.0566146 0.796943 0.0693229 0.771949 0.0601347 0.757184 0.0474263 0.782178
0 0.0304707 0.666559 0.0364135 0.622206 0.010794 0.611357 0.00485124 0.65571
0 0.181998 0.711972 0.180454 0.677079 0.154714 0.68068 0.156259 0.715573
0 0.224086 0.783361 0.224089 0.766964 0.211936 0.766957 0.211933 0.783354
0 0.245896 0.287525 0.27728 0.243283 0.235361 0.149301 0.203977 0.193543
0 0.121727 0.706611 0.135307 0.667357 0.119615 0.6502 0.106035 0.689454
0 0.728346 0.75008 0.7356 0.725875 0.718229 0.70942 0.710974 0.733625
0 0.548479 0.785629 0.547569 0.748247 0.532146 0.749434 0.533056 0.786816
0 0.70844 0.731534 0.71575 0.712931 0.70676 0.701766 0.69945 0.72037
0 0.0338701 0.93325 0.0424914 0.909386 0.0305198 0.895717 0.0218985 0.919581
0 0.675499 0.753714 0.678552 0.734871 0.666458 0.728676 0.663404 0.747519
0 0.694309 0.704135 0.699885 0.680006 0.690686 0.673287 0.685109 0.697415
0 0.237873 0.852027 0.240645 0.83022 0.228384 0.825292 0.225611 0.847099
0 0.190899 0.794022 0.199255 0.762358 0.165291 0.734031 0.156935 0.765695
0 0.482106 0.832729 0.486032 0.814266 0.471737 0.804659 0.467811 0.823122
0 0.0594039 0.925133 0.065334 0.883408 0.0489503 0.876049 0.0430202 0.917774
0 0.68317 0.751572 0.687029 0.729453 0.67709 0.723974 0.673232 0.746093
0 0.682428 0.707766 0.686384 0.685471 0.676887 0.680145 0.672931 0.70244
0 0.51179 0.800736 0.521752 0.78276 0.508858 0.760176 0.498896 0.778152
0 0.435708 0.694542 0.437758 0.672959 0.423818 0.668774 0.421768 0.690357
0 0.128437 0.804754 0.149621 0.779276 0.141991 0.759224 0.120806 0.784702
0 0.054932 0.889029 0.0680717 0.860353 0.0555405 0.842206 0.0424007 0.870882
0 0.0784724 0.804848 0.079421 0.782416 0.0628044 0.780196 0.0618559 0.802627
0 0.374232 0.747185 0.377539 0.727909 0.366509 0.721929 0.363203 0.741205
0 0.397703 0.7882 0.399476 0.761068 0.385112 0.7581 0.383339 0.785232
0 0.282548 0.254501 0.304436 0.227353 0.274905 0.152107 0.253018 0.179255
0 0.561384 0.720153 0.570586 0.707185 0.561327 0.686419 0.552125 0.699388
0 0.335139 0.808138 0.348807 0.789299 0.341487 0.772516 0.32782 0.791355
0 0.391167 0.722484 0.394676 0.696598 0.381268 0.690855 0.377759 0.716741
0 0.774848 0.535922 0.77931 0.511794 0.766858 0.504516 0.762396 0.528644
0 0.158056 0.683072 0.158993 0.659064 0.141709 0.65693 0.140772 0.680938
0 0.0559223 0.81934 0.061945 0.795869 0.052015 0.787816 0.0459922 0.811287
0 0.207628 0.787421 0.216065 0.766717 0.206476 0.754368 0.19804 0.775071
0 0.672481 0.696438 0.67957 0.671641 0.669922 0.662923 0.662833 0.68772
0 0.646698 0.70485 0.649061 0.686907 0.636489 0.681676 0.634127 0.699619
0 0.0436899 0.772027 0.0514381 0.749564 0.0430962 0.74047 0.035348 0.762933
0 0.157176 0.784984 0.164041 0.768193 0.150153 0.750247 0.143288 0.767038
0 0.164988 0.939958 0.172949 0.922773 0.162296 0.907178 0.154335 0.924363
0 0.0165132 0.924615 0.0269762 0.906393 0.0193001 0.892462 0.00883708 0.910684
0 0.140714 0.718606 0.140765 0.700096 0.127996 0.699986 0.127946 0.718496
0 0.115634 0.328364 0.116819 0.281405 0.0932418 0.279524 0.0920563 0.326482
0 0.565764 0.763646 0.568279 0.740282 0.555885 0.736066 0.55337 0.75943
0 0.542649 0.820422 0.551425 0.789747 0.539292 0.778777 0.530516 0.809452
0 0.125979 0.745594 0.127581 0.726488 0.116428 0.723533 0.114826 0.742638
0 0.412286 0.774603 0.415093 0.752016 0.400544 0.7463 0.397737 0.768887
0 0.176475 0.645354 0.176663 0.617725 0.156748 0.617297 0.15656 0.644925
0 0.721843 0.717793 0.727659 0.695182 0.716857 0.6864 0.71104 0.70901
0 0.71196 0.75617 0.717059 0.736578 0.701753 0.723986 0.696653 0.743578
0 0.695134 0.752443 0.70042 0.733918 0.687244 0.722038 0.681959 0.740563
0 0.172425 0.804293 0.179156 0.777108 0.162122 0.763778 0.155391 0.790963
0 0.700711 0.784886 0.703542 0.760905 0.688551 0.75531 0.685719 0.779291
0 0.259099 0.400926 0.263684 0.346507 0.243038 0.341008 0.238452 0.395428
0 0.397624 0.76675 0.399432 0.746215 0.387882 0.743001 0.386074 0.763535
0 0.477283 0.888256 0.481254 0.870872 0.464781 0.858977 0.460809 0.876361
0 0.599015 0.741487 0.60235 0.7197 0.590997 0.714207 0.587661 0.735994
0 0.694671 0.821008 0.70229 0.805777 0.689588 0.785697 0.681969 0.800928
0 0.145076 0.767632 0.145651 0.748875 0.133363 0.747684 0.132788 0.76644
0 0.203484 0.500845 0.20952 0.467119 0.18352 0.452411 0.177483 0.486137
0 0.171002 0.270023 0.180627 0.250897 0.149295 0.201064 0.13967 0.22019
0 0.537697 0.854987 0.540819 0.823017 0.522874 0.817477 0.519751 0.849447
0 0.137489 0.701928 0.141358 0.675623 0.129578 0.670148 0.12571 0.696453
0 0.137375 0.817998 0.150124 0.794625 0.143587 0.783355 0.130838 0.806727
0 0.388059 0.687244 0.387295 0.659823 0.375535 0.660859 0.3763 0.68828
0 0.557562 0.814221 0.560849 0.794315 0.549133 0.788202 0.545846 0.808108
0 0.0492988 0.862703 0.0511 0.840539 0.0393225 0.837514 0.0375213 0.859678
0 0.539796 0.718952 0.54161 0.69802 0.524488 0.69333 0.522674 0.714262
0 0.175292 0.738998 0.177979 0.716594 0.166205 0.712133 0.163519 0.734537
0 0.103199 0.893541 0.123329 0.870513 0.116735 0.852294 0.0966052 0.875322
0 0.0455136 1.00409 0.0455008 0.97871 0.0276472 0.978738 0.0276599 1.00412
0 0.0994326 0.823035 0.102369 0.797504 0.0882443 0.792371 0.0853082 0.817901
0 0.594593 0.723944 0.598638 0.69643 0.587547 0.691277 0.583502 0.718791
0 0.246939 0.852658 0.253118 0.831687 0.241266 0.820649 0.235087 0.84162
0 0.302119 0.169463 0.307872 0.137863 0.282794 0.123432 0.277041 0.155032
0 0.468373 0.765264 0.470389 0.738505 0.457826 0.735515 0.455811 0.762274
0 0.162965 0.841518 0.170323 0.806607 0.154962 0.796375 0.147604 0.831286
0 0.512005 0.84172 0.519049 0.811467 0.50502 0.801143 0.497976 0.831396
0 0.70804 0.709635 0.714559 0.689063 0.704738 0.679226 0.698219 0.699799
0 0.919848 0.633571 0.917997 0.602586 0.903405 0.605341 0.905256 0.636326
0 0.710416 0.774527 0.714577 0.753083 0.703802 0.746474 0.69964 0.767918
0 0.488932 0.962741 0.492427 0.937873 0.480349 0.932508 0.476854 0.957376
0 0.180888 0.660706 0.192973 0.636826 0.183625 0.621875 0.17154 0.645754
0 0.563042 0.868053 0.565111 0.844838 0.551398 0.840976 0.549329 0.864191
0 0.0891745 0.652366 0.0899094 0.633742 0.0772271 0.63216 0.0764921 0.650784
0 0.059604 0.996356 0.0627799 0.960941 0.0438108 0.955564 0.0406349 0.99098
0 0.659293 0.694844 0.66209 0.676776 0.65252 0.672093 0.649723 0.690162
0 0.597823 0.605977 0.604085 0.577095 0.585449 0.564323 0.579186 0.593205
0 0.413712 0.74784 0.415732 0.728188 0.404534 0.724551 0.402514 0.744202
0 0.400571 0.703116 0.403526 0.683347 0.39347 0.678598 0.390516 0.698366
0 0.156039 0.885005 0.167802 0.845568 0.149487 0.828303 0.137724 0.867739
0 0.625969 0.799301 0.623443 0.759754 0.595438 0.76541 0.597965 0.804957
0 0.231089 0.838523 0.239179 0.809064 0.225447 0.797145 0.217357 0.826604
0 0.388462 0.73939 0.391568 0.715423 0.378355 0.710011 0.375248 0.733978
0 0.35591 0.726485 0.360538 0.706397 0.35125 0.699635 0.346622 0.719722
0 0.00837361 0.941692 0.011488 0.915016 -0.00136148 0.910275 -0.00447585 0.936951
0 1.00334 0.592129 1.00546 0.558334 0.987535 0.554784 0.985417 0.588578
0 0.0248704 1.00092 0.0263762 0.958541 0.00298917 0.955914 0.00148332 0.998292
0 0.783991 0.555799 0.785984 0.533313 0.771492 0.529255 0.7695 0.551741
0 0.96545 0.564005 0.968371 0.53611 0.950475 0.530187 0.947554 0.558082
0 0.590776 0.841608 0.593272 0.821389 0.571048 0.812719 0.568552 0.832937
0 1.00379 0.256644 1.00393 0.214908 0.985426 0.214712 0.985287 0.256449
0 0.0931772 0.872617 0.128468 0.843434 0.121123 0.81536 0.0858318 0.844543
0 0.962683 0.794695 0.966658 0.768015 0.950498 0.760406 0.946523 0.787085
0 0.0248749 1.00729 0.0242496 0.987118 0.00658965 0.988848 0.00721491 1.00902
0 0.0261685 0.798293 0.0274073 0.773972 0.0114145 0.771397 0.0101757 0.795718
0 0.557672 0.787708 0.560338 0.765558 0.550522 0.761823 0.547856 0.783973
0 0.120821 0.786746 0.126628 0.748221 0.109194 0.739916 0.103387 0.77844
0 0.151539 0.704697 0.153881 0.682483 0.140651 0.678076 0.13831 0.70029
0 0.667866 0.711744 0.671152 0.694126 0.66227 0.688891 0.658984 0.706509
0 0.0783241 0.802387 0.0808827 0.775133 0.0659117 0.770691 0.0633531 0.797945
0 0.452545 0.932217 0.464361 0.901837 0.454513 0.88973 0.442696 0.920111
0 0.975587 0.560484 0.984972 0.539121 0.967981 0.515529 0.958596 0.536893
0 0.426432 0.740057 0.428421 0.722182 0.416257 0.717905 0.414268 0.73578
0 0.0977609 0.336704 0.106078 0.293304 0.0748974 0.27442 0.0665807 0.31782
0 0.58405 0.785711 0.589806 0.77157 0.57769 0.755983 0.571934 0.770124
0 0.211891 0.987376 0.235815 0.96653 0.228121 0.938622 0.204197 0.959468
0 0.167986 0.834013 0.174657 0.793334 0.15801 0.784706 0.15134 0.825385
0 0.0862331 0.928351 0.103558 0.890671 0.0902907 0.871391 0.0729657 0.909071
0 0.478621 0.804245 0.478791 0.775424 0.460095 0.775076 0.459925 0.803896
0 0.159562 0.539588 0.162496 0.519614 0.149104 0.513395 0.146169 0.533368
0 0.196892 0.518703 0.199336 0.499692 0.188688 0.495365 0.186244 0.514376
0 0.745442 0.52983 0.755345 0.504505 0.746594 0.49369 0.736691 0.519015
0 0.0903887 0.807251 0.0913403 0.785266 0.0801848 0.783739 0.0792332 0.805725
0 0.186951 0.0408161 0.197686 0.0105434 0.173967 -0.0160396 0.163232 0.0142331
0 0.0545482 0.774455 0.0609431 0.754516 0.0516653 0.745111 0.0452704 0.76505
0 0.213703 0.293656 0.220735 0.268901 0.205949 0.255626 0.198917 0.280381
0 0.0881754 0.837466 0.0923957 0.816384 0.0817351 0.809639 0.0775148 0.830721
0 0.651977 0.684006 0.654346 0.665919 0.642366 0.660962 0.639998 0.679049
0 0.647654 0.720495 0.650237 0.70598 0.638532 0.699397 0.635949 0.713912
0 0.0820453 0.889399 0.0890235 0.868132 0.0766297 0.85528 0.0696516 0.876547
0 0.0646033 0.943057 0.0767855 0.916576 0.0648273 0.899189 0.0526451 0.925669
0 0.621762 0.719756 0.623757 0.704049 0.611357 0.699072 0.609362 0.714779
0 0.367522 0.786895 0.370705 0.759425 0.356338 0.754164 0.353155 0.781634
0 0.0671336 0.62101 0.0646938 0.589091 0.0401678 0.595016 0.0426076 0.626935
0 0.422956 0.703487 0.425419 0.688986 0.415264 0.683533 0.4128 0.698034
0 0.176697 0.546931 0.178821 0.528217 0.166172 0.52368 0.164048 0.542394
0 0.784947 0.664674 0.786811 0.641711 0.770288 0.637472 0.768424 0.660435
0 0.413894 0.716944 0.41828 0.697932 0.406148 0.689086 0.401762 0.708098
0 0.37492 0.719815 0.379071 0.699024 0.367912 0.691982 0.363761 0.712773
0 0.441359 0.672424 0.444473 0.653865 0.43319 0.64788 0.430075 0.666439
0 0.0740687 0.770157 0.0775379 0.752051 0.0684188 0.746529 0.0649496 0.764634
0 0.944504 0.754235 0.946145 0.713204 0.918246 0.709677 0.916605 0.750708
0 0.42138 0.679843 0.423397 0.663052 0.414974 0.659855 0.412958 0.676647
0 0.0372935 0.901121 0.0475162 0.88163 0.0388358 0.867241 0.0286131 0.886731
0 0.439932 0.737507 0.440545 0.717082 0.428485 0.715937 0.427872 0.736363
0 0.0368494 0.84017 0.0395897 0.816781 0.0280674 0.812514 0.0253271 0.835903
0 0.419053 0.655911 0.421168 0.634698 0.408026 0.630558 0.405912 0.65177
0 0.500713 1.00214 0.502684 0.963449 0.48278 0.960244 0.48081 0.998932
0 0.320928 0.798693 0.342657 0.780387 0.33675 0.758225 0.31502 0.776531
0 0.0902068 0.802951 0.0927471 0.780976 0.0819319 0.777025 0.0793917 0.799
0 0.0765353 0.89947 0.0788591 0.86709 0.0647786 0.863896 0.0624548 0.896277
0 0.523457 0.765373 0.524586 0.742756 0.512584 0.740864 0.511456 0.763481
0 0.498708 0.816863 0.501823 0.794626 0.489488 0.789164 0.486373 0.811401
0 0.07519 0.698319 0.0762901 0.681875 0.0666606 0.679839 0.0655605 0.696283
0 0.684198 0.786757 0.690191 0.770797 0.675422 0.753271 0.669429 0.769231
0 0.43463 0.605841 0.436925 0.584808 0.425423 0.580842 0.423128 0.601875
0 0.141212 0.740004 0.141867 0.72072 0.1289 0.719329 0.128245 0.738613
0 0.0825661 0.705466 0.0833602 0.68739 0.0737511 0.686056 0.072957 0.704132
0 0.249157 0.811937 0.253252 0.794372 0.243291 0.787034 0.239196 0.804598
0 0.444645 0.71099 0.446277 0.694342 0.434408 0.690664 0.432776 0.707313
0 0.518557 0.862132 0.523567 0.827106 0.511309 0.821564 0.506299 0.856591
0 0.789058 1.06243 0.835886 0.89992 0.737432 0.810255 0.690604 0.972761
0 0.401898 0.815677 0.404116 0.797525 0.392308 0.792964 0.390089 0.811116
0 0.3133 0.983328 0.314602 0.958233 0.299126 0.955695 0.297824 0.98079
0 0.382867 0.793973 0.383909 0.773424 0.369448 0.771106 0.368406 0.791655
0 0.0243183 0.621252 0.0268053 0.600286 0.010974 0.594351 0.00848694 0.615317
0 0.722842 0.664949 0.723818 0.645185 0.709968 0.643023 0.708992 0.662787
0 0.00880105 0.664092 0.0110425 0.639427 -9.95028e-05 0.636227 -0.00234095 0.660892
0 0.359058 0.939058 0.360426 0.915456 0.347209 0.913036 0.345841 0.936637
0 0.0122929 0.583704 0.0142311 0.561241 0.000414188 0.557473 -0.00152408 0.579937
0 0.174606 0.571051 0.177513 0.547499 0.158249 0.539983 0.155341 0.563535
0 0.540428 0.664347 0.542001 0.647843 0.53202 0.644836 0.530447 0.66134
0 0.510174 0.748557 0.511592 0.731975 0.499596 0.728733 0.498178 0.745315
0 0.49951 0.79549 0.504219 0.77298 0.493411 0.765834 0.488702 0.788345
0 0.50254 0.772009 0.505563 0.744587 0.487077 0.738148 0.484055 0.76557
0 0.673516 0.849948 0.673227 0.815081 0.658079 0.815479 0.658369 0.850345
0 0.113722 0.306783 0.134397 0.27944 0.108888 0.218478 0.0882122 0.245821
0 0.276711 0.832906 0.277528 0.811161 0.261519 0.809262 0.260702 0.831006
0 0.324586 0.328249 0.328887 0.291172 0.298168 0.279909 0.293867 0.316986
0 0.0190913 0.757035 0.0256406 0.690989 -0.00618041 0.681016 -0.0127297 0.747062
0 0.956397 0.526199 0.958019 0.502706 0.94571 0.500021 0.944088 0.523513
