0 0.470032 0.962202 0.477563 0.860031 0.413713 0.845156 0.406182 0.947328
0 0.565328 0.964238 0.551287 0.867596 0.504737 0.888973 0.518779 0.985615
0 0.411258 0.916331 0.41492 0.882023 0.391708 0.874192 0.388046 0.9085
0 0.911772 0.76666 0.911879 0.707479 0.885025 0.707325 0.884917 0.766506
0 0.475473 0.872854 0.477913 0.826078 0.443869 0.820466 0.441429 0.867241
0 0.542098 0.848502 0.544254 0.810943 0.523367 0.807154 0.521211 0.844713
0 0.984815 1.07891 1.02119 0.856943 0.791264 0.737844 0.754885 0.959815
0 0.507036 0.575962 0.504369 0.525298 0.476513 0.529932 0.47918 0.580597
0 0.378634 0.926716 0.399575 0.872375 0.380222 0.848804 0.359281 0.903146
0 0.137941 0.806458 0.139742 0.781241 0.123356 0.777543 0.121555 0.80276
0 0.141796 0.783096 0.14333 0.759757 0.127834 0.756536 0.126299 0.779875
0 0.479752 0.798554 0.488772 0.761467 0.477181 0.752557 0.468161 0.789644
0 0.0719741 0.95908 0.0792667 0.916934 0.0569339 0.904721 0.0496414 0.946867
0 0.490308 0.895675 0.491928 0.855968 0.472864 0.85351 0.471245 0.893217
0 0.770609 1.03529 0.821745 0.958316 0.741457 0.789731 0.690321 0.866701
0 0.153764 0.722385 0.155692 0.6968 0.142231 0.693595 0.140304 0.719181
0 0.466308 0.984731 0.480064 0.937488 0.458792 0.917911 0.445036 0.965154
0 0.0380305 0.876014 0.0364679 0.826167 0.00982871 0.828806 0.0113913 0.878653
0 0.560416 0.873421 0.561401 0.835374 0.540363 0.833653 0.539378 0.8717
0 0.149579 1.00245 0.189891 0.874581 0.140369 0.825239 0.100057 0.953108
0 0.120651 0.818429 0.124783 0.791614 0.105426 0.782187 0.101294 0.809002
0 0.103463 0.848517 0.112291 0.809561 0.095464 0.797508 0.0866354 0.836464
0 0.155923 0.773843 0.160792 0.745559 0.137242 0.732747 0.132373 0.761031
0 0.279386 0.972733 0.281278 0.947465 0.262389 0.942996 0.260497 0.968264
0 0.91915 0.712132 0.932444 0.678167 0.917622 0.659833 0.904329 0.693798
0 0.981438 0.711789 0.994686 0.652859 0.956214 0.625525 0.942966 0.684455
0 0.503916 0.892031 0.506043 0.861786 0.489134 0.858029 0.487008 0.888273
0 0.513414 0.985804 0.522766 0.946791 0.507672 0.935355 0.49832 0.974368
0 0.145421 0.610422 0.136408 0.558664 0.0909935 0.583659 0.100006 0.635416
0 0.56103 0.837449 0.560531 0.814647 0.544342 0.815767 0.544841 0.838569
0 0.541754 1.00729 0.543449 0.974675 0.522093 0.971167 0.520398 1.00378
0 0.49401 0.854969 0.501154 0.805877 0.480917 0.79657 0.473774 0.845663
0 0.171938 0.766555 0.17504 0.734277 0.158082 0.729128 0.154981 0.761406
0 0.392846 0.937187 0.397737 0.900155 0.379424 0.89251 0.374532 0.929542
0 0.416618 0.879374 0.418658 0.812919 0.391334 0.810268 0.389294 0.876723
0 0.437767 0.535824 0.438276 0.500075 0.419634 0.499236 0.419125 0.534984
0 0.0456281 0.748441 0.0583786 0.70355 0.0253165 0.67387 0.012566 0.718761
0 0.29552 0.948917 0.295492 0.921542 0.277413 0.9216 0.277441 0.948975
0 0.925509 0.581956 0.930181 0.534935 0.886891 0.521341 0.882219 0.568362
0 0.562002 0.70512 0.566501 0.681548 0.552372 0.673026 0.547874 0.696598
0 0.222739 0.995364 0.223499 0.960453 0.202267 0.958992 0.201507 0.993903
0 0.475676 0.836809 0.485654 0.802352 0.470472 0.788458 0.460494 0.822914
0 0.265615 1.00605 0.279877 0.980933 0.270854 0.964742 0.256592 0.989862
0 0.258936 0.809549 0.267219 0.786783 0.256667 0.774649 0.248384 0.797415
0 0.574545 0.812895 0.576244 0.782165 0.55999 0.779325 0.558291 0.810055
0 0.419317 0.945565 0.422621 0.902722 0.399847 0.897172 0.396543 0.940014
0 0.0194123 0.89949 0.0174572 0.861233 -0.00371565 0.864652 -0.00176056 0.902909
0 0.0791454 0.965686 0.093105 0.939779 0.0817679 0.920472 0.0678083 0.94638
0 0.562144 1.00572 0.563781 0.970613 0.541148 0.967277 0.539511 1.00238
0 0.28054 0.991955 0.293344 0.967476 0.283723 0.951573 0.27092 0.976051
0 0.310592 0.930268 0.319123 0.901132 0.308613 0.891407 0.300082 0.920543
0 0.198698 0.961415 0.217914 0.935727 0.207766 0.911737 0.188551 0.937425
0 0.623097 0.56813 0.628728 0.528363 0.604818 0.517661 0.599186 0.557429
0 0.576206 0.833552 0.577765 0.813162 0.563871 0.809805 0.562312 0.830195
0 0.121288 0.839281 0.127772 0.819617 0.11694 0.80833 0.110457 0.827995
0 0.39444 0.96029 0.402815 0.932311 0.38838 0.918656 0.380006 0.946636
0 0.386636 0.871241 0.386705 0.826851 0.359513 0.826719 0.359445 0.871109
0 0.157109 0.631706 0.158489 0.607818 0.145532 0.605452 0.144152 0.62934
0 0.176587 1.0041 0.192677 0.976383 0.18352 0.959582 0.167429 0.987299
0 0.48989 0.6866 0.491371 0.658629 0.473518 0.655641 0.472036 0.683612
0 0.204676 1.00576 0.205338 0.9803 0.183961 0.978541 0.183299 1.00401
0 0.493572 0.769384 0.499272 0.749675 0.485069 0.736691 0.479368 0.7564
0 0.512065 0.928456 0.517908 0.889381 0.501387 0.881573 0.495544 0.920649
0 0.60667 0.583142 0.612071 0.556511 0.591221 0.543148 0.58582 0.569778
0 0.351487 1.01171 0.365831 0.984173 0.3542 0.965021 0.339856 0.992553
0 0.540255 0.880703 0.545288 0.851847 0.526763 0.841637 0.521731 0.870492
0 0.0813591 0.326722 0.075835 0.278626 0.0535351 0.286721 0.0590591 0.334816
0 0.419729 0.743053 0.420353 0.711674 0.402223 0.710533 0.401599 0.741913
0 0.914858 0.674524 0.917415 0.648385 0.892565 0.640705 0.890009 0.666843
0 0.484158 0.746506 0.485559 0.724376 0.472851 0.721833 0.47145 0.743963
0 0.645286 0.600395 0.639194 0.563726 0.612732 0.577621 0.618825 0.61429
0 0.372623 0.841214 0.39873 0.820935 0.392196 0.79435 0.366089 0.814629
0 0.573187 1.01404 0.602745 0.979847 0.573914 0.901067 0.544355 0.935257
0 0.305111 0.976073 0.312415 0.955869 0.304154 0.946431 0.29685 0.966635
0 0.153927 0.790313 0.156004 0.769178 0.142409 0.764954 0.140332 0.786089
0 0.107069 0.771285 0.111867 0.75319 0.102452 0.745299 0.0976532 0.763394
0 0.589207 0.819134 0.5928 0.798647 0.580112 0.791615 0.576519 0.812101
0 0.51126 0.83169 0.514106 0.80943 0.499759 0.803633 0.496913 0.825894
0 0.614643 0.806737 0.617933 0.785255 0.599478 0.776322 0.596188 0.797803
0 0.223046 0.949484 0.230983 0.925136 0.22148 0.915343 0.213542 0.939692
0 0.406014 0.779222 0.40826 0.734991 0.383799 0.731065 0.381553 0.775297
0 0.0470523 0.851973 0.0481287 0.8283 0.0322857 0.826023 0.0312093 0.849696
0 0.465331 0.800539 0.472936 0.782993 0.462753 0.769043 0.455147 0.786589
0 0.570634 0.636164 0.573291 0.604891 0.55855 0.600932 0.555892 0.632205
0 0.87955 0.76167 0.892586 0.725727 0.870854 0.700817 0.857818 0.736761
0 0.232437 0.979183 0.239462 0.957866 0.230045 0.948058 0.22302 0.969375
0 0.512473 0.815347 0.517057 0.801623 0.504678 0.788554 0.500093 0.802278
0 0.442804 0.79661 0.441361 0.764387 0.419168 0.767529 0.420611 0.799751
0 0.118104 0.729737 0.132409 0.710048 0.126286 0.695987 0.11198 0.715676
0 0.160458 0.742609 0.16378 0.723464 0.151702 0.71684 0.14838 0.735984
0 0.575462 0.860875 0.580453 0.833958 0.565242 0.825045 0.560252 0.851962
0 0.129161 0.653874 0.134115 0.62597 0.118687 0.617313 0.113733 0.645216
0 0.519032 0.789002 0.522471 0.766655 0.507968 0.7596 0.504528 0.781947
0 0.463913 0.8213 0.468058 0.794874 0.453493 0.787653 0.449347 0.814078
0 0.426784 0.716525 0.42824 0.695416 0.415968 0.69274 0.414512 0.713849
0 0.612174 0.920457 0.614376 0.892248 0.597008 0.887963 0.594805 0.916172
0 0.561252 0.819662 0.563774 0.798258 0.548723 0.792651 0.5462 0.814055
0 0.300192 0.903276 0.301744 0.885111 0.290776 0.882151 0.289225 0.900315
0 0.397242 0.115547 0.402972 0.070572 0.379423 0.0610898 0.373693 0.106065
0 0.114207 0.761013 0.124771 0.733448 0.114803 0.721376 0.104239 0.748941
0 0.451918 1.00444 0.447137 0.931834 0.372679 0.94733 0.37746 1.01993
0 0.514102 1.00551 0.51561 0.983308 0.501986 0.980385 0.500479 1.00259
0 0.243512 0.996333 0.245415 0.973041 0.228337 0.968631 0.226434 0.991923
0 0.171049 0.657897 0.172247 0.63968 0.162026 0.637556 0.160828 0.655773
0 0.342156 0.722216 0.35088 0.676431 0.33133 0.664659 0.322606 0.710444
0 0.323757 0.944011 0.329476 0.92184 0.319454 0.913669 0.313735 0.93584
0 0.408411 0.822431 0.42702 0.788955 0.412761 0.763904 0.394152 0.79738
0 0.169258 0.738075 0.186915 0.704114 0.174638 0.683939 0.15698 0.7179
0 0.255705 1.00635 0.257657 0.97796 0.231389 0.972252 0.229437 1.00064
0 0.228081 1.00473 0.228113 0.983803 0.210587 0.98372 0.210556 1.00465
0 0.277554 0.977917 0.288217 0.952143 0.276313 0.936577 0.265649 0.96235
0 0.487174 0.81203 0.493176 0.784987 0.480634 0.77619 0.474632 0.803233
0 0.332417 0.913225 0.342614 0.889421 0.333384 0.876926 0.323187 0.90073
0 0.109373 0.855493 0.121938 0.836049 0.114454 0.820764 0.101889 0.840208
0 0.171806 0.103208 0.183858 0.0969648 0.166653 -0.00801737 0.1546 -0.00177452
0 0.18212 0.950938 0.185007 0.925136 0.172889 0.920851 0.170002 0.946652
0 0.608172 0.863309 0.611833 0.836475 0.595431 0.829403 0.59177 0.856237
0 0.361066 0.898928 0.368637 0.860569 0.351913 0.850135 0.344341 0.888495
0 0.302407 0.426066 0.301952 0.387935 0.265901 0.389294 0.266356 0.427425
0 0.359606 0.570651 0.36234 0.553458 0.350103 0.547309 0.347369 0.564501
0 0.115007 0.789945 0.117044 0.767721 0.102329 0.763459 0.100292 0.785683
0 0.334388 1.00452 0.335436 0.980044 0.316939 0.977541 0.315892 1.00202
0 0.139285 0.701283 0.141404 0.681961 0.129356 0.677785 0.127237 0.697107
0 0.490983 0.724266 0.493981 0.699141 0.481079 0.694276 0.478082 0.719401
0 0.298624 0.966783 0.30528 0.946719 0.297293 0.938344 0.290636 0.958408
0 0.0812342 0.866083 0.100361 0.836578 0.0856779 0.806495 0.0665513 0.836
0 0.463402 0.667454 0.473242 0.64104 0.463528 0.629604 0.453689 0.656018
0 0.35677 0.974486 0.379383 0.950969 0.372294 0.929424 0.34968 0.952941
0 0.937677 0.651361 0.947631 0.622491 0.925363 0.598224 0.915409 0.627093
0 0.620125 0.90474 0.623077 0.875492 0.606569 0.870227 0.603617 0.899474
0 0.0895587 0.931172 0.0941591 0.90433 0.0766116 0.894825 0.0720112 0.921668
0 0.6405 0.768753 0.652377 0.744294 0.63017 0.710212 0.618293 0.73467
0 0.637631 0.791729 0.638633 0.754095 0.615722 0.752167 0.61472 0.789801
0 0.0976296 0.806734 0.104819 0.77861 0.0926677 0.768792 0.0854782 0.796916
0 0.0686699 0.892051 0.0642954 0.842877 0.032362 0.851856 0.0367364 0.90103
0 0.293566 0.925056 0.294744 0.898174 0.278957 0.895987 0.277779 0.922869
0 0.0255111 0.942799 0.0444167 0.919708 0.0377219 0.902384 0.0188162 0.925475
0 0.297168 0.993883 0.303015 0.973075 0.293535 0.964657 0.287689 0.985465
0 0.262142 0.992945 0.268364 0.970207 0.257641 0.960934 0.251419 0.983672
0 0.369187 0.941448 0.372361 0.89863 0.34545 0.892325 0.342276 0.935142
0 0.230003 0.722716 0.229931 0.696919 0.215611 0.697046 0.215683 0.722843
0 0.852511 0.751943 0.862384 0.731045 0.846291 0.707016 0.836418 0.727915
0 0.129911 0.72245 0.140869 0.702423 0.133666 0.689967 0.122708 0.709994
0 0.911278 0.534318 0.913253 0.504174 0.886374 0.498608 0.8844 0.528752
0 0.11447 0.766741 0.126099 0.74407 0.11709 0.729465 0.105461 0.752137
0 0.198333 0.986864 0.203712 0.962892 0.194333 0.956242 0.188954 0.980214
0 0.403314 0.718822 0.404308 0.696568 0.391641 0.694782 0.390648 0.717036
0 0.132049 0.743842 0.143133 0.720928 0.133331 0.705943 0.122248 0.728857
0 0.482274 0.993825 0.488764 0.962196 0.476825 0.954454 0.470335 0.986082
0 0.474147 0.674203 0.477622 0.650617 0.466624 0.645496 0.463149 0.669082
0 0.752143 0.382285 0.753584 0.327779 0.723773 0.325289 0.722332 0.379794
0 0.0783908 0.882843 0.102523 0.854474 0.0935944 0.83047 0.0694623 0.858839
0 0.192951 0.968419 0.205527 0.941433 0.19663 0.92833 0.184054 0.955315
0 0.246328 0.849814 0.248926 0.828834 0.239829 0.825274 0.237232 0.846254
0 0.698762 0.617621 0.697744 0.582619 0.677641 0.584466 0.678658 0.619468
0 0.503539 0.659403 0.50596 0.634124 0.490715 0.629508 0.488293 0.654788
0 0.249781 0.94324 0.253915 0.923728 0.243478 0.916739 0.239344 0.936251
0 0.905536 0.649298 0.904102 0.609637 0.870012 0.613533 0.871446 0.653194
0 0.459768 0.738884 0.462635 0.719523 0.445454 0.711484 0.442587 0.730844
0 0.602305 0.903156 0.606968 0.871807 0.592394 0.864955 0.587731 0.896303
0 0.839049 0.755664 0.847425 0.724076 0.827102 0.707043 0.818725 0.738631
0 0.525291 0.993171 0.530037 0.96104 0.515882 0.954431 0.511136 0.986562
0 0.146949 0.740441 0.149348 0.722249 0.138732 0.717824 0.136332 0.736016
0 0.333778 0.950693 0.339334 0.929784 0.331183 0.922938 0.325626 0.943846
0 0.499217 0.705028 0.502284 0.685937 0.490033 0.679717 0.486966 0.698808
0 0.264769 0.844812 0.269529 0.829656 0.261735 0.821918 0.256974 0.837073
0 0.616939 0.847543 0.621575 0.824884 0.609005 0.816756 0.604369 0.839414
0 0.124795 0.99713 0.12739 0.95789 0.0959618 0.951321 0.0933668 0.990561
0 0.506795 0.765553 0.509066 0.744631 0.49887 0.741133 0.496599 0.762055
0 0.859858 0.600978 0.862853 0.571857 0.84649 0.566538 0.843494 0.595659
0 0.0398606 0.917459 0.0417802 0.880564 0.0176269 0.876592 0.0157073 0.913487
0 0.306793 0.941183 0.309936 0.924658 0.301929 0.919845 0.298786 0.93637
0 0.376383 0.414714 0.37938 0.362199 0.347427 0.356436 0.34443 0.40895
0 0.130175 0.895536 0.129669 0.868758 0.11202 0.869811 0.112526 0.89659
0 0.413599 0.963275 0.415156 0.938651 0.393419 0.934309 0.391863 0.958933
0 0.493053 0.137432 0.498913 0.0876551 0.463868 0.0746171 0.458009 0.124394
0 0.929058 0.538618 0.931636 0.51599 0.912606 0.509137 0.910028 0.531765
0 0.43412 0.560018 0.437453 0.543602 0.425582 0.535983 0.422249 0.552399
0 0.889441 0.776858 0.893314 0.755887 0.876027 0.745796 0.872154 0.766768
0 0.00401558 0.956614 0.0310484 0.939809 0.026258 0.915455 -0.000774851 0.93226
0 0.924527 0.734302 0.926476 0.705166 0.912175 0.702142 0.910226 0.731278
0 0.242588 0.924452 0.247397 0.903241 0.238306 0.896727 0.233497 0.917938
0 0.867646 0.777862 0.876231 0.757912 0.858442 0.733717 0.849857 0.753667
0 0.715425 0.79062 0.733698 0.738891 0.71079 0.713316 0.692517 0.765046
0 0.0690392 0.834731 0.0784904 0.810971 0.0705151 0.800944 0.0610639 0.824704
0 0.549136 0.685216 0.553089 0.603024 0.512246 0.596815 0.508293 0.679007
0 0.547858 0.718461 0.552154 0.691683 0.539936 0.685488 0.53564 0.712266
0 0.447266 0.849454 0.455825 0.789942 0.429381 0.777922 0.420822 0.837434
0 0.511101 0.621381 0.524813 0.601387 0.508704 0.566473 0.494993 0.586466
0 0.514908 0.408741 0.520237 0.372524 0.489656 0.358305 0.484328 0.394522
0 0.429183 0.407758 0.456349 0.36366 0.439087 0.330051 0.411921 0.37415
0 0.559416 0.794832 0.56136 0.775027 0.550405 0.771629 0.548462 0.791435
0 0.310197 0.89343 0.313608 0.876668 0.305517 0.871465 0.302107 0.888227
0 0.583858 0.831975 0.585311 0.816315 0.575273 0.813371 0.57382 0.829031
0 0.451152 1.00311 0.451993 0.952785 0.400969 0.95009 0.400128 1.00042
0 0.620612 1.01131 0.624318 0.977268 0.595756 0.967442 0.59205 1.00149
0 0.936532 0.743993 0.93432 0.716845 0.916565 0.721416 0.918776 0.748564
0 0.971461 0.520653 0.968196 0.488868 0.936276 0.49923 0.939541 0.531016
0 0.577773 0.943627 0.597411 0.904159 0.564131 0.851826 0.544494 0.891294
0 0.603583 0.816049 0.606956 0.794799 0.592689 0.787642 0.589316 0.808892
0 0.857088 0.731615 0.868318 0.713114 0.855225 0.687997 0.843995 0.706498
0 0.0112042 0.939536 0.020216 0.912962 0.00640714 0.898162 -0.00260468 0.924735
0 0.356147 0.858532 0.358638 0.837565 0.349336 0.834074 0.346846 0.85504
0 0.583887 0.797045 0.585271 0.77596 0.573556 0.773529 0.572172 0.794613
0 0.163541 0.842562 0.166928 0.82558 0.156715 0.819143 0.153329 0.836125
0 0.521653 0.704941 0.523875 0.685353 0.512516 0.681279 0.510293 0.700868
0 0.284193 1.01032 0.29169 0.986827 0.280505 0.975549 0.273008 0.999043
0 0.024141 1.00175 0.0447205 0.974221 0.0353803 0.952153 0.0148008 0.97968
0 0.629606 0.887441 0.633055 0.847426 0.613372 0.842063 0.609923 0.882079
0 0.267807 0.887881 0.269407 0.873309 0.260404 0.870186 0.258805 0.884758
0 0.132941 0.851144 0.133967 0.833836 0.123957 0.831961 0.122931 0.849268
0 0.0408414 0.952755 0.0569494 0.92481 0.0486899 0.909763 0.0325819 0.937708
0 0.146143 0.698376 0.146659 0.679113 0.132852 0.677944 0.132336 0.697207
0 0.182572 0.651814 0.183565 0.634446 0.174407 0.632791 0.173413 0.650158
0 0.146377 0.647714 0.147759 0.626251 0.136817 0.624025 0.135436 0.645488
