0 0.182738 0.254163 0.186683 0.197319 0.156224 0.190639 0.152279 0.247483
0 0.297373 0.9111 0.321572 0.865519 0.303613 0.835385 0.279414 0.880966
0 0.265705 0.861668 0.263113 0.823209 0.236208 0.828939 0.238799 0.867399
0 0.132922 0.979049 0.163747 0.925527 0.14207 0.886068 0.111244 0.93959
0 0.394693 0.901441 0.451746 0.8365 0.425447 0.763478 0.368394 0.828419
0 0.992209 1.01673 1.01048 0.877714 0.813039 0.795725 0.794773 0.934742
0 0.330871 0.715047 0.344453 0.688098 0.326644 0.65973 0.313062 0.68668
0 0.314142 0.817516 0.315262 0.793493 0.301363 0.791446 0.300243 0.815469
0 0.186706 0.798803 0.194661 0.762047 0.181291 0.752902 0.173336 0.789658
0 0.557962 0.905942 0.561257 0.880426 0.544925 0.873761 0.54163 0.899277
0 0.108018 0.981019 0.12393 0.94616 0.110477 0.926753 0.0945652 0.961612
0 0.291083 0.807448 0.297598 0.786804 0.28177 0.771015 0.275254 0.791659
0 0.170702 0.789937 0.178544 0.76616 0.162596 0.749538 0.154754 0.773314
0 0.277815 0.316743 0.305126 0.174506 0.230361 0.129135 0.20305 0.271372
0 0.571773 0.808016 0.569725 0.77389 0.555567 0.776576 0.557615 0.810701
0 0.170526 1.01662 0.202095 0.987708 0.194193 0.960442 0.162623 0.989358
0 0.661327 0.882093 0.66994 0.852169 0.64831 0.832494 0.639697 0.862418
0 0.300447 0.858456 0.308331 0.833432 0.296217 0.82137 0.288333 0.846393
0 0.292391 0.781088 0.296549 0.744162 0.276903 0.73717 0.272745 0.774096
0 0.585244 1.01078 0.597922 0.986128 0.576586 0.951445 0.563909 0.976092
0 0.198722 0.717661 0.200286 0.693167 0.184546 0.68999 0.182982 0.714484
0 0.569229 0.892379 0.577131 0.852641 0.553111 0.837543 0.545208 0.877281
0 0.112203 1.00705 0.116567 0.972859 0.0991522 0.965835 0.0947891 1.00002
0 0.484998 0.799996 0.4937 0.762169 0.481754 0.753484 0.473052 0.791311
0 0.148626 0.894872 0.150075 0.868235 0.136357 0.865878 0.134909 0.892515
0 0.176965 0.772102 0.189426 0.744055 0.180377 0.731349 0.167917 0.759396
0 0.409261 0.735025 0.418417 0.69914 0.402765 0.686519 0.393609 0.722404
0 0.662036 0.706073 0.663642 0.682075 0.650721 0.679343 0.649115 0.703341
0 0.617607 0.961219 0.61899 0.913894 0.595327 0.91171 0.593945 0.959034
0 0.442987 0.761515 0.446043 0.719875 0.42056 0.713963 0.417504 0.755604
0 0.575563 0.86687 0.589038 0.84824 0.570707 0.806337 0.557232 0.824967
0 0.134469 0.654193 0.133649 0.606244 0.108157 0.607622 0.108977 0.655571
0 0.275321 0.852932 0.279587 0.829325 0.268057 0.82274 0.263791 0.846347
0 0.0349536 0.952932 0.0380546 0.894848 0.00640036 0.889507 0.00329944 0.947591
0 0.472782 0.845651 0.477297 0.806653 0.453824 0.798064 0.449309 0.837062
0 0.163163 0.806771 0.170062 0.78522 0.160637 0.775683 0.153738 0.797234
0 0.10308 0.953124 0.103291 0.92647 0.0808974 0.925909 0.0806863 0.952563
0 0.687363 0.744839 0.687755 0.707262 0.670049 0.706679 0.669657 0.744255
0 0.48343 0.999996 0.480095 0.960706 0.453386 0.967872 0.456721 1.00716
0 0.197267 0.455939 0.214747 0.442249 0.198787 0.377842 0.181306 0.391532
0 0.493233 0.915191 0.49254 0.859917 0.463558 0.861065 0.464251 0.916339
0 0.672323 0.765523 0.676583 0.739512 0.659708 0.730778 0.655448 0.75679
0 0.333108 0.815257 0.335087 0.784461 0.318722 0.781136 0.316742 0.811932
0 0.633538 0.812466 0.638677 0.786115 0.619284 0.77416 0.614144 0.800512
0 0.352217 0.91247 0.356068 0.873065 0.333778 0.866181 0.329928 0.905587
0 0.660289 0.7318 0.660303 0.706194 0.64008 0.70616 0.640067 0.731766
0 0.00621711 1.0077 0.0265492 0.979199 0.017784 0.959438 -0.0025481 0.987941
0 0.126632 0.312202 0.126411 0.265466 0.105793 0.265775 0.106014 0.312511
0 0.286029 0.843152 0.301841 0.821735 0.294554 0.804732 0.278742 0.826149
0 0.476184 0.802841 0.479267 0.765433 0.467595 0.762393 0.464513 0.799801
0 0.561954 0.93282 0.56655 0.902882 0.547657 0.893715 0.543061 0.923653
0 0.193727 0.980823 0.199535 0.952595 0.183477 0.942153 0.17767 0.970381
0 0.17365 0.910958 0.176086 0.888328 0.163057 0.883895 0.160621 0.906525
0 0.159856 0.642807 0.162294 0.618135 0.147871 0.61363 0.145432 0.638302
0 0.611811 0.893284 0.620424 0.867504 0.601281 0.847292 0.592669 0.873072
0 0.0353473 0.776559 0.0380897 0.748697 0.0155958 0.7417 0.0128534 0.769561
0 0.161594 0.699684 0.162642 0.680621 0.151379 0.678664 0.150332 0.697728
0 0.384865 0.649944 0.387983 0.62367 0.372513 0.617868 0.369396 0.644143
0 0.250831 0.837859 0.252672 0.817406 0.237242 0.813017 0.235401 0.83347
0 0.0486088 0.858088 0.0528247 0.838893 0.0400049 0.829994 0.035789 0.849189
0 0.112415 0.938732 0.114594 0.919136 0.101521 0.914542 0.0993425 0.934137
0 0.28013 0.836249 0.295916 0.807869 0.285345 0.789284 0.269559 0.817664
0 0.181086 0.811243 0.183091 0.790821 0.170769 0.786997 0.168764 0.807419
0 0.0337485 0.970597 0.0527306 0.937743 0.0434764 0.920844 0.0244944 0.953699
0 0.284245 0.889001 0.294437 0.852202 0.282774 0.841992 0.272582 0.878791
0 0.174964 0.839539 0.178822 0.816828 0.168192 0.81112 0.164334 0.833832
0 0.0686067 0.88716 0.0734368 0.861424 0.0595735 0.853201 0.0547435 0.878937
0 0.631119 0.832166 0.637572 0.815802 0.623489 0.798249 0.617036 0.814612
0 0.161129 0.910953 0.163236 0.887408 0.149347 0.883479 0.14724 0.907024
0 0.338707 0.851676 0.363958 0.829369 0.356472 0.802586 0.331221 0.824893
0 0.621266 0.847076 0.62549 0.819229 0.612435 0.812971 0.608211 0.840818
0 0.646925 0.795978 0.65013 0.769008 0.63693 0.764051 0.633725 0.791021
0 0.120541 0.927138 0.1234 0.90587 0.113034 0.901467 0.110175 0.922734
0 0.318412 0.79879 0.322612 0.771439 0.310554 0.765588 0.306354 0.792939
0 0.199564 0.993372 0.217459 0.972273 0.211153 0.955372 0.193259 0.97647
0 0.494924 0.876623 0.501796 0.854511 0.48674 0.839722 0.479868 0.861834
0 0.11042 0.327663 0.119245 0.283129 0.0870986 0.262997 0.0782741 0.307531
0 0.545853 0.940987 0.546319 0.909 0.531301 0.908308 0.530835 0.940295
0 0.581074 0.958844 0.586388 0.926713 0.569809 0.918047 0.564495 0.950178
0 0.393391 0.807893 0.402087 0.774993 0.388097 0.763305 0.3794 0.796205
0 0.556605 0.963603 0.562355 0.930188 0.546231 0.92142 0.540481 0.954834
0 0.0907333 0.964813 0.0924718 0.943904 0.0744976 0.939181 0.0727591 0.960089
0 0.199088 0.889442 0.197046 0.863558 0.179759 0.867868 0.181801 0.893752
0 0.126653 0.988563 0.129669 0.954566 0.114716 0.950375 0.111701 0.984372
0 0.574637 1.00864 0.578522 0.981421 0.554687 0.970669 0.550802 0.997889
0 0.28549 0.057631 0.294703 -0.000630418 0.263003 -0.0164731 0.25379 0.0417883
0 0.15845 0.871887 0.161102 0.853092 0.151366 0.848749 0.148713 0.867544
0 0.0340383 0.886206 0.0452264 0.861585 0.0343423 0.845953 0.0231542 0.870574
0 0.150715 0.839235 0.160811 0.818141 0.153275 0.80674 0.143179 0.827834
0 0.0506392 0.882242 0.0596526 0.852984 0.0491606 0.842769 0.0401472 0.872026
0 0.516573 0.758977 0.518785 0.733412 0.505669 0.729824 0.503456 0.755389
0 0.701784 0.756575 0.701914 0.730093 0.686049 0.729849 0.68592 0.756331
0 0.51957 0.842623 0.522645 0.821776 0.510841 0.816273 0.507766 0.83712
0 0.161636 0.853956 0.167619 0.832934 0.157332 0.823681 0.151349 0.844702
0 0.316007 0.78231 0.338599 0.749244 0.328091 0.726552 0.305499 0.759618
0 0.277762 0.748937 0.279337 0.725907 0.267164 0.723276 0.26559 0.746306
0 0.207201 0.771754 0.218783 0.749804 0.209288 0.733971 0.197707 0.755921
0 0.0676538 0.995992 0.0844184 0.972279 0.0739805 0.948956 0.0572158 0.972669
0 0.410018 0.758491 0.413679 0.732367 0.395314 0.724233 0.391653 0.750357
0 0.36727 0.713193 0.368023 0.690915 0.353924 0.689409 0.353171 0.711687
0 0.590863 0.780521 0.59618 0.746986 0.581285 0.739521 0.575967 0.773056
0 0.205427 0.85232 0.207951 0.826478 0.191219 0.821313 0.188695 0.847156
0 0.49947 0.801831 0.505001 0.77422 0.490765 0.765208 0.485235 0.792819
0 0.382195 0.679988 0.384838 0.649158 0.368913 0.644844 0.36627 0.675674
0 0.651809 0.774074 0.657743 0.756131 0.642468 0.740166 0.636534 0.758109
0 0.336385 0.807166 0.349023 0.791036 0.337246 0.761874 0.324608 0.778005
0 0.164721 0.893736 0.170366 0.874458 0.159746 0.86463 0.154101 0.883908
0 0.21484 0.44629 0.231233 0.422017 0.208892 0.374334 0.1925 0.398607
0 0.610258 0.914981 0.610396 0.875705 0.577344 0.875338 0.577206 0.914614
0 0.0395483 0.67769 0.0476756 0.61745 0.0149897 0.603513 0.00686242 0.663753
0 0.515937 0.80283 0.518923 0.783189 0.507477 0.777689 0.504491 0.79733
0 0.639905 0.870888 0.640523 0.844025 0.627289 0.843062 0.626671 0.869926
0 0.0887703 0.528773 0.0915565 0.506413 0.0711817 0.498389 0.0683955 0.520749
0 0.675477 0.659496 0.681933 0.630529 0.670664 0.622591 0.664208 0.651559
0 0.00985596 0.980648 0.0130135 0.940053 -0.0011922 0.936561 -0.0043497 0.977156
0 0.635094 0.926183 0.628807 0.861323 0.610445 0.866949 0.616732 0.931809
0 0.483075 0.68059 0.485051 0.647988 0.467062 0.644542 0.465086 0.677145
0 0.196446 0.822945 0.198041 0.793108 0.181945 0.790389 0.18035 0.820227
0 0.196858 0.755635 0.216403 0.734637 0.210083 0.716046 0.190538 0.737043
0 0.508672 0.867597 0.514326 0.839796 0.500817 0.831113 0.495163 0.858915
0 0.117546 0.802003 0.123384 0.779216 0.110412 0.768711 0.104573 0.791498
0 0.496684 0.93694 0.504076 0.909346 0.49102 0.898293 0.483628 0.925887
0 0.222769 0.920492 0.223135 0.898211 0.203474 0.897189 0.203108 0.919471
0 0.594674 0.847884 0.598243 0.824559 0.583944 0.817642 0.580374 0.840967
