0 0.470982 0.990427 0.470582 0.880249 0.404121 0.881013 0.404522 0.991191
0 0.524408 0.596275 0.522998 0.543254 0.493751 0.545711 0.49516 0.598733
0 0.982512 1.07606 1.01788 0.860488 0.802415 0.748746 0.767043 0.964313
0 0.560296 0.99641 0.548443 0.916386 0.499759 0.939177 0.511612 1.0192
0 0.414764 0.906653 0.415786 0.834543 0.390163 0.833396 0.389141 0.905506
0 0.488791 0.936152 0.489956 0.897301 0.469859 0.895396 0.468694 0.934247
0 0.584766 0.882708 0.584747 0.858478 0.567476 0.858521 0.567495 0.882751
0 0.475358 0.913622 0.477173 0.855951 0.441445 0.852398 0.43963 0.910068
0 0.159596 0.993371 0.188716 0.864186 0.134759 0.825746 0.105639 0.954931
0 0.375407 0.951821 0.395534 0.894083 0.375761 0.8723 0.355635 0.930038
0 0.406766 0.945687 0.409483 0.903995 0.387327 0.899431 0.38461 0.941123
0 0.501416 0.936022 0.504326 0.905218 0.48759 0.900221 0.48468 0.931025
0 0.147677 0.644267 0.15416 0.620201 0.139857 0.608024 0.133374 0.632089
0 0.163375 0.716535 0.169802 0.695555 0.158633 0.684741 0.152206 0.705721
0 0.575712 0.740597 0.579075 0.714886 0.564129 0.708707 0.560765 0.734417
0 0.547927 0.893 0.549493 0.85129 0.527202 0.848645 0.525636 0.890355
0 0.384896 0.897423 0.386044 0.848423 0.358589 0.84639 0.357442 0.895391
0 0.999823 0.650043 1.00413 0.593996 0.949518 0.580746 0.945215 0.636793
0 0.148614 0.794285 0.150336 0.769667 0.133868 0.766026 0.132146 0.790643
0 0.252691 1.00274 0.269502 0.976937 0.259609 0.956564 0.242798 0.982365
0 0.0461077 0.864116 0.0571502 0.8178 0.0342425 0.800539 0.0232 0.846854
0 0.394593 0.856677 0.395736 0.822491 0.37157 0.819939 0.370428 0.854126
0 0.650915 0.594859 0.650939 0.548534 0.625572 0.548494 0.625548 0.594818
0 0.50363 0.708484 0.50273 0.682044 0.480415 0.684445 0.481315 0.710885
0 0.288298 0.967511 0.29393 0.938246 0.276625 0.927722 0.270993 0.956987
0 0.404177 0.983016 0.424111 0.945086 0.408765 0.919595 0.38883 0.957526
0 0.726456 0.66515 0.725444 0.625492 0.703963 0.627223 0.704975 0.666882
0 0.168669 0.759729 0.169766 0.72809 0.145559 0.725438 0.144463 0.757077
0 0.0319526 0.877121 0.0337546 0.840196 0.0123106 0.836889 0.0105086 0.873813
0 0.415362 0.791884 0.40904 0.746743 0.380326 0.759453 0.386647 0.804593
0 0.668059 0.635359 0.662936 0.600066 0.631476 0.614499 0.6366 0.649792
0 0.424978 0.767484 0.427415 0.729375 0.407737 0.725398 0.4053 0.763507
0 0.476977 0.870889 0.484563 0.834847 0.469668 0.82494 0.462083 0.860982
0 0.16614 0.601297 0.155088 0.548503 0.115746 0.574533 0.126798 0.627326
0 0.0679941 0.943557 0.086599 0.911617 0.0722665 0.885231 0.0536617 0.917171
0 0.593467 0.847604 0.595494 0.824065 0.582455 0.820516 0.580428 0.844055
0 0.779345 1.0447 0.833009 0.965288 0.754244 0.797061 0.700579 0.876472
0 0.469991 1.00728 0.470121 0.967815 0.445905 0.967564 0.445775 1.00703
0 0.131117 0.810119 0.135532 0.780789 0.115794 0.7714 0.111379 0.800729
0 0.564276 0.889601 0.566671 0.865268 0.550748 0.860316 0.548354 0.884648
0 0.146279 0.731702 0.155241 0.708817 0.145243 0.696442 0.136281 0.719326
0 0.0708726 0.72592 0.0807424 0.6786 0.0472863 0.656545 0.0374164 0.703865
0 0.382303 0.993178 0.397872 0.96742 0.388623 0.949754 0.373055 0.975512
0 0.285824 0.947697 0.299375 0.915364 0.285855 0.897456 0.272304 0.929789
0 0.24409 1.00714 0.246527 0.977566 0.224263 0.971767 0.221826 1.00134
0 0.183736 0.757457 0.186296 0.726762 0.169239 0.722265 0.166679 0.752961
0 0.562369 0.93175 0.566048 0.885271 0.542546 0.879391 0.538867 0.92587
0 0.381393 0.970267 0.396501 0.935826 0.382153 0.915934 0.367045 0.950375
0 0.496065 0.89503 0.502719 0.838058 0.481174 0.830106 0.47452 0.887078
0 0.583037 0.863167 0.587198 0.827933 0.568991 0.821138 0.56483 0.856371
0 0.363726 0.970469 0.366783 0.92035 0.338956 0.914986 0.335899 0.965104
0 0.61868 0.987094 0.619175 0.955208 0.600666 0.9543 0.600171 0.986186
0 0.153865 0.772319 0.154923 0.752159 0.138906 0.749502 0.137848 0.769662
0 0.135271 0.718858 0.149062 0.69985 0.141769 0.683127 0.127978 0.702134
0 0.184205 0.861309 0.184433 0.835233 0.165865 0.834719 0.165636 0.860795
0 0.308905 0.950345 0.317689 0.914897 0.303687 0.903931 0.294903 0.939379
0 0.448003 0.419342 0.450374 0.354672 0.41428 0.350488 0.411909 0.415159
0 0.600193 0.997879 0.591786 0.907911 0.544884 0.921762 0.553291 1.01173
0 0.512683 0.877212 0.517108 0.84907 0.501265 0.841197 0.49684 0.869338
0 0.11032 0.841022 0.124463 0.805011 0.107458 0.783904 0.093315 0.819915
0 0.40576 0.998681 0.408012 0.971827 0.389627 0.966956 0.387376 0.993809
0 0.513162 0.85515 0.521361 0.845424 0.511431 0.818963 0.503231 0.828689
0 0.618689 0.878203 0.622616 0.854555 0.605864 0.845762 0.601936 0.86941
0 0.210118 1.00365 0.224298 0.969924 0.2111 0.952384 0.19692 0.986106
0 0.235283 0.890076 0.236464 0.865202 0.221567 0.862965 0.220385 0.887838
0 0.558935 0.759006 0.565249 0.729952 0.551154 0.720272 0.544841 0.749326
0 1.00122 0.605699 1.00398 0.573234 0.984503 0.568009 0.981748 0.600474
0 0.123966 0.842748 0.128583 0.819892 0.116928 0.812451 0.112311 0.835307
0 0.923192 0.776894 0.928325 0.757106 0.907504 0.740038 0.902371 0.759825
0 0.397614 0.756005 0.401254 0.729234 0.386455 0.722876 0.382816 0.749647
0 0.0881712 0.950105 0.0975365 0.920532 0.0831327 0.906115 0.0737674 0.935688
0 0.415203 0.847236 0.427881 0.801176 0.409977 0.785601 0.397299 0.83166
0 0.65405 0.842533 0.653813 0.799844 0.627714 0.800303 0.627951 0.842992
0 0.625371 0.864702 0.631187 0.845112 0.612781 0.827844 0.606966 0.847434
0 0.584253 0.91299 0.586316 0.882884 0.567565 0.878825 0.565502 0.90893
0 0.45667 0.547536 0.454317 0.509035 0.435545 0.512662 0.437898 0.551163
0 0.482179 0.787668 0.486488 0.773577 0.476208 0.763642 0.471899 0.777732
0 0.222541 0.947623 0.22754 0.929078 0.218528 0.9214 0.213529 0.939946
0 0.247643 0.985511 0.249392 0.957411 0.232858 0.954158 0.231109 0.982258
0 0.235928 0.941228 0.237691 0.922257 0.226547 0.918984 0.224784 0.937956
0 0.483396 0.825061 0.492377 0.791136 0.481959 0.78242 0.472978 0.816345
0 0.227102 0.963291 0.230345 0.942115 0.219548 0.936889 0.216305 0.958064
0 0.268561 0.923634 0.283122 0.906569 0.276201 0.887905 0.26164 0.90497
0 0.24545 0.882467 0.250209 0.860127 0.24128 0.854116 0.236521 0.876456
0 0.551301 0.857612 0.552899 0.840548 0.539927 0.836709 0.53833 0.853774
0 0.43346 0.836169 0.449907 0.802996 0.432841 0.776257 0.416395 0.809431
0 0.380908 0.749808 0.384606 0.715619 0.362074 0.707916 0.358375 0.742105
0 0.474913 0.689392 0.484901 0.660532 0.474721 0.649398 0.464734 0.678258
0 0.650314 0.412656 0.652174 0.343667 0.615946 0.340581 0.614086 0.409569
0 0.60116 0.870613 0.602829 0.847038 0.588783 0.843897 0.587115 0.867472
0 0.706518 0.401851 0.702404 0.365825 0.676746 0.375086 0.68086 0.411112
0 0.470665 0.829712 0.47588 0.803444 0.46324 0.795513 0.458025 0.821781
0 0.490097 0.775889 0.493143 0.755241 0.480641 0.749412 0.477595 0.770061
0 0.18158 0.729188 0.196578 0.70037 0.184883 0.681134 0.169885 0.709951
0 0.311807 0.968396 0.316375 0.948624 0.305921 0.94099 0.301353 0.960762
0 0.583365 0.629111 0.584894 0.604742 0.571413 0.60207 0.569885 0.626439
0 0.163139 0.784587 0.167562 0.761874 0.155602 0.754515 0.15118 0.777227
0 0.173879 0.625475 0.177822 0.601586 0.16607 0.595456 0.162127 0.619345
0 0.0583585 0.836479 0.0666627 0.813102 0.056063 0.801202 0.0477588 0.824579
0 0.624589 0.624278 0.637074 0.59801 0.617669 0.568861 0.605184 0.595129
0 0.452242 0.104314 0.448137 0.0671446 0.423509 0.0757401 0.427614 0.11291
0 0.544006 0.141284 0.550029 0.0923597 0.514098 0.0783792 0.508075 0.127303
0 0.0691385 0.891027 0.0845126 0.832858 0.0569637 0.809846 0.0415896 0.868015
0 0.0984866 0.331369 0.107995 0.292876 0.0847151 0.274701 0.0752063 0.313193
0 0.508552 0.974577 0.518661 0.936135 0.50416 0.924083 0.494051 0.962525
0 0.503837 0.801302 0.505993 0.775663 0.489365 0.771242 0.487208 0.796881
0 0.159915 0.641326 0.165345 0.62183 0.156013 0.613615 0.150582 0.633111
0 0.266123 0.994826 0.279605 0.963728 0.2667 0.946044 0.253217 0.977143
0 0.139219 0.765632 0.141947 0.745257 0.12956 0.740017 0.126833 0.760392
0 0.267873 0.805959 0.268878 0.785349 0.255535 0.783293 0.25453 0.803903
0 0.178762 1.00622 0.190229 0.973601 0.177334 0.959271 0.165866 0.991886
0 0.980336 0.598063 0.986348 0.558183 0.953402 0.542487 0.94739 0.582367
0 0.607559 0.123133 0.623528 0.0117082 0.54442 -0.024124 0.528451 0.0873005
0 0.35426 0.998912 0.374416 0.974647 0.365321 0.950769 0.345165 0.975035
0 0.274019 1.00104 0.287242 0.975445 0.278679 0.96146 0.265456 0.98705
0 0.447782 0.573548 0.451277 0.556081 0.43906 0.548355 0.435565 0.565822
0 0.36207 0.921421 0.366439 0.880008 0.347795 0.873793 0.343427 0.915205
0 0.299065 0.995359 0.306067 0.972477 0.296084 0.962821 0.289081 0.985704
0 0.144468 0.813902 0.152232 0.795961 0.144533 0.78543 0.136769 0.803372
0 0.133789 0.88678 0.135056 0.859405 0.119128 0.857074 0.11786 0.884449
0 0.184761 0.430092 0.193623 0.375791 0.149763 0.35317 0.140902 0.407472
0 0.514324 0.410919 0.512316 0.376825 0.483755 0.38214 0.485763 0.416235
0 0.585787 0.668123 0.590172 0.637133 0.574543 0.630144 0.570158 0.661134
0 0.51396 0.79784 0.517432 0.779394 0.507299 0.773366 0.503827 0.791812
0 0.17168 0.648975 0.173668 0.630142 0.164136 0.626962 0.162148 0.645794
0 0.0375704 0.904681 0.0572184 0.873609 0.042926 0.845046 0.023278 0.876118
0 1.0131 0.883605 1.01925 0.754889 0.961723 0.746191 0.955566 0.874907
0 0.32739 0.933622 0.342965 0.911408 0.334958 0.893666 0.319384 0.91588
0 0.510317 0.846169 0.517211 0.836153 0.506005 0.811776 0.499111 0.821793
0 0.186896 0.684341 0.191322 0.661769 0.180906 0.655315 0.17648 0.677887
0 0.481105 0.832672 0.488416 0.803602 0.478761 0.795927 0.47145 0.824998
0 0.516399 0.680956 0.518502 0.657874 0.503391 0.653523 0.501288 0.676605
0 0.246836 0.944756 0.249984 0.924233 0.239139 0.918977 0.235992 0.939499
0 0.633872 0.113263 0.644304 0.0492586 0.626025 0.0398427 0.615593 0.103847
0 0.208931 0.781925 0.210721 0.756458 0.187157 0.751223 0.185367 0.77669
0 0.12621 0.780903 0.130479 0.759929 0.114886 0.749898 0.110617 0.770872
0 0.259217 0.942054 0.263469 0.924172 0.254676 0.917564 0.250424 0.935446
0 0.516359 0.723509 0.524204 0.708544 0.512884 0.689787 0.505038 0.704752
0 0.610247 0.617205 0.631628 0.53334 0.597849 0.506121 0.576467 0.589986
0 0.445177 0.879623 0.456137 0.815854 0.430665 0.802017 0.419704 0.865786
0 0.292622 0.902682 0.301886 0.885026 0.295145 0.873847 0.285881 0.891504
0 0.0140159 0.858244 0.0145688 0.810697 -0.00265654 0.810064 -0.00320946 0.857611
0 0.268657 0.95209 0.273413 0.930563 0.265194 0.924824 0.260438 0.946351
0 0.549526 0.732517 0.573223 0.649697 0.535904 0.61595 0.512207 0.69877
0 0.98069 0.755626 0.98298 0.730293 0.954648 0.722198 0.952358 0.747532
0 0.565892 0.841941 0.571127 0.819729 0.560923 0.812128 0.555688 0.83434
0 0.583173 0.935041 0.592097 0.895831 0.567244 0.877953 0.558319 0.917163
0 0.285897 1.01357 0.29363 0.991859 0.282038 0.978807 0.274305 1.00051
0 0.129369 0.751709 0.138032 0.730289 0.129157 0.718945 0.120494 0.740365
0 0.56645 0.866432 0.570275 0.842527 0.555837 0.835225 0.552012 0.85913
0 0.433246 0.566291 0.43639 0.544761 0.424488 0.539268 0.421344 0.560798
0 0.204969 0.948313 0.209439 0.922247 0.196936 0.915471 0.192467 0.941537
0 0.0890405 0.850236 0.112038 0.820919 0.10003 0.791148 0.0770325 0.820465
0 0.539934 0.752275 0.546104 0.733378 0.5376 0.724604 0.531431 0.743501
0 0.051652 0.811462 0.0503151 0.765124 0.0132147 0.768507 0.0145516 0.814845
0 0.139811 0.862968 0.140985 0.838488 0.126952 0.836362 0.125778 0.860842
0 0.560956 0.773095 0.565002 0.74838 0.553415 0.742385 0.549369 0.7671
0 0.348336 0.733657 0.359097 0.690205 0.341053 0.676083 0.330292 0.719534
0 0.168737 0.996635 0.167042 0.968013 0.124598 0.97596 0.126293 1.00458
0 0.627319 0.896189 0.628961 0.872702 0.61561 0.869752 0.613968 0.893239
0 1.0029 0.719021 1.00387 0.674787 0.987196 0.673633 0.986226 0.717867
0 0.255411 0.975162 0.264635 0.95169 0.256742 0.941886 0.247518 0.965358
0 0.0237616 0.912654 0.0303037 0.88544 0.0157657 0.874395 0.00922356 0.901608
0 0.0205407 0.934142 0.0416972 0.913634 0.0345832 0.89044 0.0134267 0.910949
0 0.497403 0.75417 0.501199 0.724945 0.490142 0.720406 0.486346 0.749632
0 0.0437759 0.134121 0.0549229 -0.00434282 -0.0176886 -0.0228177 -0.0288356 0.115646
0 0.0104007 0.794238 0.0112187 0.773648 -0.000103546 0.772226 -0.000921591 0.792817
0 0.615216 0.918614 0.619248 0.89035 0.601414 0.882308 0.597381 0.910572
0 0.165217 0.841607 0.168205 0.823748 0.157502 0.818088 0.154514 0.835948
0 0.175067 0.703597 0.178947 0.682199 0.169269 0.676652 0.165388 0.69805
0 0.0402998 0.918706 0.053062 0.89518 0.0443518 0.880246 0.0315897 0.903772
0 0.257207 0.889526 0.26337 0.866874 0.252617 0.857627 0.246453 0.880279
0 0.292513 0.980463 0.300074 0.96067 0.291059 0.949787 0.283499 0.96958
0 0.639349 0.894879 0.640103 0.869626 0.627381 0.868425 0.626627 0.893679
0 0.106884 0.795397 0.117327 0.77227 0.108539 0.759729 0.0980959 0.782856
0 0.532986 0.854144 0.534708 0.831948 0.523709 0.829251 0.521987 0.851447
0 0.0799579 0.819222 0.0945451 0.795434 0.0872491 0.781294 0.0726619 0.805083
0 0.122182 0.717963 0.128275 0.700447 0.11944 0.690733 0.113346 0.708248
0 0.104723 0.721231 0.102258 0.685996 0.076865 0.691612 0.0793306 0.726847
0 0.30881 0.905686 0.313305 0.886148 0.304756 0.879931 0.300261 0.899469
0 0.618644 1.00431 0.618519 0.982649 0.597391 0.983034 0.597516 1.00469
0 0.390268 1.00557 0.390312 0.983592 0.370801 0.983468 0.370757 1.00544
0 0.322761 0.993091 0.331683 0.966771 0.322745 0.957194 0.313822 0.983515
0 0.427838 0.794809 0.431105 0.763048 0.41263 0.75704 0.409362 0.788801
0 0.0924938 0.919155 0.102242 0.891358 0.0883757 0.87599 0.0786276 0.903787
0 0.535574 0.928776 0.539059 0.902489 0.523101 0.895803 0.519616 0.92209
0 0.268104 0.969437 0.274324 0.947092 0.264737 0.938658 0.258517 0.961003
0 0.694194 0.82474 0.713342 0.795646 0.702148 0.772363 0.683 0.801457
0 0.365701 0.846955 0.370515 0.826829 0.360634 0.81936 0.35582 0.839485
0 0.113865 0.708377 0.117092 0.690039 0.106949 0.684398 0.103722 0.702736
0 0.216739 0.93289 0.221873 0.915797 0.213188 0.907553 0.208054 0.924646
0 0.530514 0.646091 0.541826 0.617358 0.520199 0.590449 0.508887 0.619181
0 0.32397 0.960447 0.326735 0.939142 0.313742 0.933813 0.310977 0.955118
0 0.192942 0.967169 0.200685 0.941251 0.191962 0.933016 0.18422 0.958934
0 0.189756 1.00033 0.19828 0.974478 0.190099 0.965953 0.181575 0.991807
0 0.546003 0.930982 0.54842 0.909965 0.530316 0.903385 0.527899 0.924403
0 0.516375 0.63385 0.518759 0.605154 0.503787 0.601223 0.501403 0.629919
0 0.945268 0.725848 0.94998 0.695635 0.928542 0.685069 0.92383 0.715283
0 0.593588 0.890975 0.595747 0.869251 0.58457 0.865741 0.582412 0.887465
0 0.883583 0.71663 0.889913 0.692132 0.869166 0.675191 0.862837 0.699689
