0 0.552545 1.00091 0.568845 0.902199 0.501178 0.866884 0.484877 0.965597
0 0.601065 0.597375 0.600782 0.543134 0.57023 0.543637 0.570513 0.597879
0 0.63798 0.895673 0.637897 0.850743 0.613559 0.850886 0.613643 0.895816
0 0.228208 1.02438 0.271361 0.987143 0.25651 0.932747 0.213357 0.969982
0 0.989327 1.07959 1.02613 0.867106 0.809056 0.748265 0.772249 0.960751
0 0.501826 0.970581 0.508742 0.921867 0.486436 0.911858 0.47952 0.960572
0 0.485275 0.837136 0.479908 0.806559 0.454379 0.820719 0.459745 0.851297
0 0.49412 0.938363 0.50108 0.904407 0.477692 0.889258 0.470733 0.923213
0 0.502492 0.895284 0.501983 0.829771 0.474533 0.830445 0.475042 0.895958
0 0.245051 0.769631 0.245592 0.746692 0.229746 0.745512 0.229205 0.768451
0 0.468638 0.94171 0.483482 0.883865 0.460165 0.864954 0.445321 0.9228
0 0.0927819 0.884933 0.0945216 0.820943 0.0343081 0.815769 0.0325684 0.879759
0 0.569069 0.866882 0.572131 0.830507 0.555763 0.826152 0.552701 0.862527
0 0.316338 1.00304 0.318654 0.969992 0.302398 0.966392 0.300083 0.999436
0 0.72833 0.608068 0.738961 0.571072 0.714283 0.548661 0.703652 0.585656
0 0.557313 0.911336 0.567428 0.868955 0.532262 0.842429 0.522147 0.884809
0 0.3823 0.945547 0.383772 0.91682 0.365457 0.913854 0.363985 0.942581
0 0.528733 0.819261 0.529333 0.785182 0.506018 0.783882 0.505417 0.817962
0 0.663185 0.742447 0.665372 0.718995 0.648024 0.713883 0.645838 0.737336
0 0.117612 0.825186 0.119535 0.78503 0.0995068 0.781998 0.0975837 0.822154
0 0.755802 0.642903 0.750475 0.605335 0.721096 0.618502 0.726423 0.65607
0 0.294958 0.992233 0.297248 0.955547 0.277672 0.951687 0.275383 0.988373
0 0.572294 0.773519 0.575473 0.754934 0.562348 0.747838 0.559168 0.766423
0 0.316629 0.926554 0.325957 0.904004 0.317568 0.893036 0.308239 0.915586
0 0.137802 0.844806 0.142221 0.812572 0.121914 0.803771 0.117494 0.836005
0 0.370264 0.982623 0.380919 0.960199 0.369987 0.94378 0.359331 0.966205
0 0.562225 1.00301 0.559551 0.962366 0.532567 0.967977 0.535241 1.00862
0 0.152568 0.827659 0.159286 0.782255 0.139116 0.772823 0.132399 0.818228
0 0.11258 0.878026 0.117189 0.854576 0.0965535 0.841758 0.0919443 0.865208
0 0.58309 0.707375 0.583084 0.681378 0.561735 0.681394 0.561741 0.707391
0 0.781621 1.04286 0.834475 0.964841 0.75608 0.796986 0.703227 0.875001
0 0.365867 0.963644 0.366973 0.940626 0.349315 0.937944 0.348209 0.960962
0 0.577838 0.934547 0.582528 0.901639 0.562975 0.892832 0.558285 0.92574
0 0.589203 0.939111 0.596903 0.914069 0.57996 0.897603 0.57226 0.922645
0 0.228725 0.78619 0.234198 0.760974 0.215308 0.748018 0.209836 0.773234
0 0.568678 0.826944 0.578634 0.789211 0.566683 0.779246 0.556728 0.816979
0 0.484452 0.801237 0.499524 0.759795 0.479516 0.736797 0.464444 0.778239
0 0.148903 0.934292 0.157093 0.910179 0.145633 0.897876 0.137443 0.92199
0 0.205951 0.817314 0.223119 0.782888 0.207894 0.758892 0.190726 0.793317
0 0.645216 0.755771 0.648703 0.729942 0.634055 0.723693 0.630568 0.749522
0 0.261703 0.959229 0.284141 0.827097 0.221951 0.793718 0.199512 0.925851
0 0.389017 0.97526 0.399203 0.955779 0.390825 0.941933 0.380638 0.961415
0 0.18002 0.909326 0.192819 0.873506 0.175714 0.854188 0.162914 0.890007
0 0.367346 1.00376 0.377393 0.979881 0.36682 0.965818 0.356772 0.989693
0 0.549954 0.838593 0.551858 0.818684 0.540076 0.815124 0.538172 0.835032
0 0.247257 0.709632 0.25162 0.689195 0.237561 0.679709 0.233198 0.700146
0 0.480109 0.978018 0.484547 0.946073 0.470868 0.940067 0.46643 0.972012
0 0.235161 0.697373 0.241612 0.674121 0.230855 0.664691 0.224405 0.687942
0 0.596727 0.683151 0.600078 0.657038 0.583674 0.650384 0.580322 0.676497
0 0.304411 0.97818 0.318255 0.947083 0.305547 0.929202 0.291703 0.960299
0 0.258931 0.743667 0.264537 0.71238 0.244383 0.700968 0.238777 0.732255
0 0.5118 0.756554 0.511032 0.723522 0.490142 0.725056 0.490909 0.758088
0 0.470636 0.886243 0.473949 0.838749 0.445051 0.832378 0.441739 0.879873
0 0.271586 0.739619 0.277598 0.709106 0.264161 0.700737 0.258149 0.73125
0 0.356391 0.995895 0.365201 0.967625 0.355451 0.958021 0.346641 0.986291
0 0.247854 0.752053 0.250159 0.731296 0.233817 0.725559 0.231512 0.746316
0 0.323216 0.96201 0.32853 0.938158 0.318002 0.930745 0.312688 0.954597
0 0.164763 0.70256 0.18041 0.665747 0.152888 0.628777 0.137241 0.665591
0 0.257611 0.69284 0.260394 0.671855 0.248901 0.667039 0.246118 0.688023
0 0.553601 0.689527 0.565429 0.660885 0.554644 0.646809 0.542816 0.675451
0 0.0873969 0.826129 0.0905667 0.795223 0.067785 0.787838 0.0646152 0.818745
0 0.396737 0.931048 0.405222 0.899824 0.394428 0.890554 0.385943 0.921777
0 0.583382 0.893814 0.589919 0.845223 0.569612 0.83659 0.563076 0.885181
0 0.582762 0.800774 0.589345 0.781442 0.574549 0.765519 0.567967 0.784851
0 0.472081 0.95729 0.484871 0.925092 0.469379 0.905642 0.456589 0.93784
0 0.194429 0.912693 0.199412 0.886459 0.18692 0.878959 0.181937 0.905193
0 0.600632 0.877042 0.604094 0.848682 0.588239 0.842565 0.584777 0.870924
0 0.240145 0.620459 0.242739 0.597675 0.229671 0.592973 0.227077 0.615756
0 0.32299 0.941208 0.328318 0.920856 0.317203 0.911659 0.311875 0.932011
0 0.305956 0.929551 0.310825 0.902953 0.296607 0.894726 0.291737 0.921324
0 0.164324 0.80692 0.171717 0.784853 0.159067 0.771458 0.151674 0.793526
0 0.339086 0.991143 0.344545 0.969176 0.324087 0.953108 0.318628 0.975076
0 0.111776 0.854693 0.11666 0.823566 0.0922094 0.811442 0.0873254 0.842568
0 0.454922 0.945463 0.453237 0.90267 0.427569 0.905864 0.429253 0.948656
0 0.0836964 0.814134 0.0966979 0.776599 0.0807425 0.759132 0.0677411 0.796667
0 0.106206 0.324116 0.106821 0.280291 0.0832429 0.279244 0.0826275 0.323069
0 0.293261 0.95679 0.303259 0.933096 0.29469 0.92167 0.284693 0.945364
0 0.709872 0.623144 0.718076 0.593319 0.697064 0.575052 0.68886 0.604877
0 0.497118 0.987099 0.498118 0.959941 0.478309 0.957635 0.477309 0.984793
0 0.333485 0.90638 0.33848 0.886736 0.329605 0.879603 0.32461 0.899246
0 0.338059 0.971458 0.347442 0.946962 0.334775 0.931628 0.325392 0.956124
0 0.673697 0.670813 0.674206 0.634668 0.656962 0.633901 0.656453 0.670045
0 0.33399 1.00268 0.335881 0.980214 0.318429 0.975574 0.316539 0.99804
0 0.278361 0.711092 0.287708 0.670349 0.27231 0.659183 0.262962 0.699927
0 0.249108 0.674143 0.25085 0.654584 0.239391 0.65136 0.23765 0.670918
0 0.101684 0.814094 0.104349 0.767315 0.0824934 0.763379 0.079828 0.810158
0 0.0554459 0.426279 0.0460413 0.34388 -0.0102635 0.364191 -0.000858868 0.446589
0 0.141556 0.895805 0.147068 0.872169 0.132446 0.861393 0.126935 0.885029
0 0.583124 0.755508 0.584359 0.722694 0.569918 0.720976 0.568683 0.753789
0 0.215863 0.819292 0.228611 0.802081 0.221985 0.786571 0.209237 0.803782
0 0.297297 0.936987 0.308704 0.910883 0.29701 0.894734 0.285603 0.920838
0 0.140913 0.872736 0.142248 0.849369 0.124978 0.846252 0.123643 0.869619
0 0.0834449 0.686595 0.0918004 0.6503 0.0784636 0.640597 0.0701081 0.676892
0 0.383949 0.987878 0.388817 0.966937 0.378971 0.959703 0.374103 0.980644
0 0.254184 0.587484 0.247394 0.536291 0.210493 0.551761 0.217284 0.602953
0 0.530295 0.542535 0.529235 0.505475 0.512044 0.507029 0.513104 0.544089
0 0.646194 0.775533 0.650374 0.754849 0.63912 0.747661 0.63494 0.768344
0 0.461009 1.01534 0.48277 0.992666 0.473626 0.964931 0.451865 0.987606
0 0.182316 0.79104 0.193478 0.768654 0.185537 0.756139 0.174374 0.778525
0 0.0896404 0.774856 0.0961614 0.751746 0.0817105 0.738858 0.0751895 0.761968
0 0.603245 0.972024 0.606391 0.931718 0.589279 0.927498 0.586134 0.967804
0 0.665125 0.628547 0.664888 0.607376 0.649807 0.607909 0.650044 0.62908
0 0.24685 0.785864 0.24851 0.767682 0.238827 0.764887 0.237167 0.783069
0 0.465103 0.421137 0.471755 0.377085 0.448318 0.3659 0.441667 0.409953
0 0.333512 0.946777 0.338935 0.92989 0.329578 0.920393 0.324155 0.937279
0 0.461092 0.974296 0.460131 0.946006 0.440973 0.948062 0.441933 0.976352
0 0.125491 0.862519 0.128698 0.836712 0.112193 0.830228 0.108985 0.856035
0 0.159682 0.855035 0.158853 0.82314 0.137144 0.824925 0.137974 0.85682
0 0.0648995 0.79308 0.085646 0.774078 0.0799815 0.754532 0.0592349 0.773534
0 0.590186 0.133119 0.59137 0.0864225 0.555052 0.0835122 0.553868 0.130209
0 0.263969 0.715564 0.269171 0.696652 0.258142 0.687063 0.252939 0.705974
0 0.506533 0.83203 0.509154 0.790713 0.488847 0.786641 0.486226 0.827959
0 0.207628 0.768584 0.216047 0.743047 0.20621 0.732798 0.197792 0.758336
0 0.574246 0.723269 0.574502 0.70349 0.560787 0.702931 0.560531 0.72271
0 0.302619 1.00656 0.303117 0.990202 0.29007 0.988948 0.289573 1.0053
0 0.376983 0.920857 0.380735 0.894233 0.36758 0.888373 0.363828 0.914997
0 0.240283 0.740434 0.241261 0.721034 0.225708 0.718555 0.22473 0.737955
0 0.412999 0.939956 0.415415 0.919633 0.403313 0.915088 0.400898 0.935411
0 0.657997 0.661062 0.659657 0.631015 0.646107 0.62865 0.644447 0.658697
0 0.392615 0.937585 0.400262 0.911473 0.389976 0.901953 0.38233 0.928065
0 0.647087 0.717046 0.651174 0.63137 0.60655 0.624642 0.602462 0.710318
0 0.266038 0.605632 0.266688 0.58046 0.252788 0.579325 0.252138 0.604497
0 0.105713 0.842455 0.109703 0.816256 0.0874639 0.80555 0.0834731 0.831749
0 0.583903 0.955337 0.586593 0.931986 0.57368 0.927284 0.570989 0.950636
0 0.585145 0.807663 0.591641 0.790241 0.578529 0.77479 0.572033 0.792212
0 0.224772 0.750506 0.226575 0.732603 0.212935 0.72826 0.211131 0.746162
0 0.233732 0.85709 0.234986 0.831432 0.219362 0.829019 0.218109 0.854677
0 0.00238228 0.91134 0.0311815 0.875273 0.0203969 0.848057 -0.00840235 0.884124
0 0.613381 0.409119 0.60981 0.375922 0.58138 0.385585 0.58495 0.418783
0 0.223904 0.729811 0.228471 0.707092 0.218113 0.700513 0.213547 0.723232
0 0.114938 0.766804 0.116716 0.747805 0.105622 0.744523 0.103844 0.763522
0 0.544082 0.805537 0.546508 0.786106 0.533531 0.780984 0.531105 0.800415
0 0.0783814 0.623811 0.0874442 0.598098 0.0794386 0.58918 0.0703758 0.614892
0 0.507978 0.565309 0.513147 0.544267 0.503726 0.536953 0.498557 0.557996
0 0.442612 0.906341 0.452144 0.868649 0.437745 0.857141 0.428214 0.894832
0 0.608678 0.647932 0.622992 0.62123 0.601023 0.58401 0.586709 0.610712
0 0.685665 0.625431 0.716238 0.551221 0.683624 0.508754 0.65305 0.582964
0 0.0553301 0.748807 0.0659797 0.732446 0.0598341 0.719803 0.0491845 0.736165
0 0.359562 0.899486 0.362428 0.882413 0.353246 0.877542 0.35038 0.894615
0 0.2844 0.925825 0.292676 0.900804 0.283473 0.891184 0.275197 0.916205
0 0.394389 0.419738 0.39559 0.384922 0.370961 0.382237 0.36976 0.417054
0 0.385795 0.902603 0.389382 0.883933 0.380035 0.878258 0.376448 0.896928
0 0.590909 0.762598 0.592956 0.736016 0.581773 0.733293 0.579726 0.759875
0 0.0152896 0.79169 0.0268941 0.775773 0.0198183 0.759468 0.00821378 0.775385
0 0.562734 0.784465 0.565074 0.76631 0.555734 0.762507 0.553395 0.780661
0 0.557384 0.722742 0.559017 0.702081 0.547334 0.699164 0.545701 0.719825
0 0.2776 0.985663 0.279649 0.955909 0.265739 0.95288 0.263689 0.982635
0 0.635948 1.00709 0.638969 0.931893 0.60033 0.926987 0.59731 1.00218
0 0.0381857 0.134123 0.0599747 0.00232345 -0.0101262 -0.0343036 -0.0319152 0.0974957
0 0.17809 0.846158 0.180035 0.801337 0.153496 0.797699 0.151552 0.842519
0 0.324455 0.707674 0.327835 0.684855 0.316654 0.679621 0.313274 0.70244
0 0.363676 0.947564 0.366997 0.926247 0.355364 0.920519 0.352043 0.941836
0 0.134297 0.922324 0.146159 0.896134 0.13531 0.880607 0.123449 0.906797
0 0.140684 0.727792 0.154721 0.691607 0.140485 0.674154 0.126449 0.71034
0 0.626235 0.754003 0.628646 0.732759 0.616935 0.728558 0.614524 0.749802
0 0.0470768 0.762836 0.0535604 0.743769 0.0454945 0.7351 0.0390109 0.754167
0 0.296413 0.767747 0.302572 0.747485 0.283092 0.728774 0.276933 0.749036
0 0.203012 0.821627 0.216081 0.783346 0.196456 0.76217 0.183387 0.800452
0 0.446932 1.00515 0.447154 0.983024 0.430985 0.982511 0.430763 1.00464
0 0.210734 0.680303 0.21133 0.663071 0.201574 0.662004 0.200978 0.679236
0 0.0832478 0.293338 0.0899149 0.258359 0.0662023 0.244075 0.0595352 0.279053
0 0.308593 0.945348 0.314903 0.927287 0.30548 0.916883 0.29917 0.934943
0 0.216656 0.71418 0.222388 0.696614 0.213812 0.687769 0.20808 0.705336
0 0.410121 0.926053 0.415174 0.904324 0.405613 0.897296 0.400559 0.919026
0 0.35252 0.797462 0.35651 0.771268 0.343955 0.765224 0.339965 0.791418
0 0.0769831 0.646098 0.0868252 0.615395 0.0767703 0.605208 0.0669282 0.635911
0 0.385693 0.967308 0.394195 0.948137 0.386044 0.936712 0.377542 0.955883
0 0.274281 0.942276 0.277221 0.920626 0.265803 0.915726 0.262864 0.937376
0 0.484262 1.00216 0.484691 0.977218 0.459909 0.975872 0.45948 1.00082
0 0.495883 0.392074 0.502891 0.365291 0.49328 0.357343 0.486272 0.384127
0 0.047342 0.796232 0.0560667 0.772181 0.0465724 0.761296 0.0378478 0.785346
0 0.744916 0.174055 0.746262 0.126109 0.723818 0.124118 0.722472 0.172064
0 0.358087 0.926913 0.3616 0.908615 0.353422 0.903653 0.349909 0.921951
0 0.15557 0.777771 0.153057 0.738095 0.120927 0.744527 0.12344 0.784203
0 0.529105 1.00923 0.53157 0.985493 0.504672 0.976665 0.502206 1.00041
0 0.304134 0.975745 0.311254 0.944908 0.29737 0.934777 0.290251 0.965614
0 0.595127 0.837892 0.60125 0.829619 0.592848 0.809965 0.586725 0.818238
0 0.348577 1.00465 0.352599 0.981359 0.340454 0.974732 0.336432 0.998024
0 0.144521 0.91418 0.1522 0.892348 0.140402 0.879233 0.132723 0.901064
0 0.615756 0.932839 0.625118 0.911401 0.615009 0.897449 0.605648 0.918887
0 0.563908 0.7579 0.568012 0.736233 0.557358 0.729855 0.553255 0.751523
0 0.546546 0.786721 0.548193 0.770516 0.537736 0.767157 0.536089 0.783361
0 0.332797 0.188095 0.345916 0.168389 0.324667 0.123676 0.311547 0.143381
