0 0.183401 0.735767 0.192201 0.699259 0.17731 0.687916 0.168511 0.724424
0 0.0750946 0.709186 0.0831495 0.666912 0.0546173 0.64973 0.0465624 0.692004
0 0.467431 0.672435 0.476745 0.635646 0.462167 0.623982 0.452853 0.660771
0 0.271808 0.865728 0.276937 0.832038 0.261921 0.824813 0.256792 0.858504
0 0.0755455 0.66514 0.0745282 0.634577 0.0538668 0.63675 0.0548841 0.667313
0 0.369551 0.937809 0.376007 0.899873 0.359559 0.891026 0.353103 0.928962
0 0.256675 0.880108 0.260312 0.8308 0.239834 0.826027 0.236198 0.875335
0 0.474209 0.749607 0.477981 0.730306 0.467168 0.723629 0.463396 0.742929
0 0.225489 0.684537 0.226747 0.664644 0.21361 0.662018 0.212352 0.681911
0 0.20309 0.933394 0.210824 0.86012 0.165072 0.844857 0.157337 0.918131
0 0.0744328 0.762485 0.0724207 0.703984 0.0174033 0.709965 0.0194155 0.768466
0 0.195489 0.685675 0.196757 0.653988 0.177253 0.651521 0.175985 0.683208
0 0.437521 0.928767 0.432467 0.891844 0.408403 0.902253 0.413456 0.939176
0 0.210405 0.807497 0.213851 0.785852 0.196715 0.777229 0.193269 0.798873
0 0.220479 0.888389 0.237859 0.845362 0.219978 0.822534 0.202598 0.865561
0 0.148418 0.718598 0.15287 0.695401 0.13975 0.687444 0.135299 0.710641
0 0.285027 0.819429 0.292411 0.793 0.282078 0.783876 0.274694 0.810305
0 0.470065 0.782972 0.479385 0.753532 0.464124 0.738263 0.454804 0.767703
0 0.536871 0.854062 0.541807 0.823399 0.521669 0.813155 0.516734 0.843819
0 0.300388 0.982687 0.32732 0.902739 0.30292 0.87676 0.275987 0.956708
0 0.560509 0.89559 0.564254 0.869609 0.549929 0.863085 0.546185 0.889066
0 0.263151 0.768018 0.265006 0.711216 0.235879 0.708211 0.234025 0.765012
0 0.14033 0.503451 0.141443 0.48353 0.127987 0.481155 0.126874 0.501076
0 0.575661 0.950121 0.577697 0.916978 0.548505 0.91131 0.546469 0.944452
0 0.246524 0.68104 0.248565 0.663429 0.238361 0.659692 0.23632 0.677303
0 0.164803 0.526029 0.179942 0.496198 0.166473 0.474595 0.151334 0.504426
0 0.207975 0.840297 0.210139 0.803699 0.192563 0.800415 0.190399 0.837014
0 0.482401 0.769367 0.490294 0.755035 0.480249 0.737551 0.472356 0.751882
0 0.111866 0.653056 0.11257 0.630249 0.0852037 0.627579 0.0844995 0.650386
0 0.467156 0.845438 0.478298 0.811117 0.463255 0.795684 0.452114 0.830005
0 0.203214 0.735307 0.229478 0.709181 0.222731 0.687743 0.196466 0.713868
0 0.435706 0.683641 0.43733 0.664111 0.42529 0.660947 0.423666 0.680476
0 0.103717 0.787809 0.10039 0.722368 0.0577324 0.729222 0.0610595 0.794664
0 0.435523 0.752202 0.43813 0.732266 0.427004 0.727668 0.424396 0.747603
0 0.137227 0.524379 0.138429 0.502996 0.122303 0.500129 0.121101 0.521513
0 0.344224 0.933194 0.354747 0.9014 0.343961 0.890117 0.333438 0.921911
0 0.508402 0.643292 0.51484 0.621168 0.500002 0.60752 0.493563 0.629643
0 0.301615 0.821358 0.312027 0.786349 0.29704 0.772261 0.286628 0.80727
0 0.382688 0.93751 0.390223 0.907304 0.377458 0.89724 0.369923 0.927446
0 0.0713588 0.846229 0.091269 0.82637 0.0839661 0.80323 0.0640559 0.82309
0 0.118649 0.577479 0.129666 0.529278 0.110009 0.515078 0.0989916 0.563279
0 0.473249 0.800363 0.482978 0.773507 0.471767 0.760672 0.462038 0.787527
0 0.10711 0.703607 0.112938 0.667857 0.0984396 0.660385 0.0926107 0.696136
0 0.507791 0.710502 0.510456 0.68118 0.4897 0.675217 0.487035 0.704539
0 0.578673 0.922388 0.579016 0.8846 0.55236 0.883836 0.552017 0.921623
0 0.292871 0.653762 0.295944 0.630679 0.278093 0.623167 0.27502 0.64625
0 0.213546 0.8591 0.24535 0.825136 0.233161 0.789062 0.201357 0.823026
0 0.488202 0.838571 0.497232 0.798441 0.478889 0.785396 0.469859 0.825526
0 0.374496 0.859584 0.38239 0.831631 0.370191 0.820744 0.362297 0.848696
0 0.0833273 0.900042 0.106846 0.868585 0.0931942 0.836328 0.0696758 0.867785
0 0.27612 0.775433 0.291742 0.761278 0.286739 0.74383 0.271118 0.757985
0 0.252538 0.702359 0.253493 0.681961 0.239497 0.67989 0.238542 0.700288
0 0.321481 0.888334 0.326026 0.862272 0.314886 0.856131 0.31034 0.882193
0 0.157936 0.497133 0.161374 0.475151 0.151752 0.470396 0.148314 0.492378
0 0.407855 0.822561 0.413929 0.788997 0.401254 0.781748 0.39518 0.815312
0 0.175935 0.662273 0.178338 0.639578 0.166138 0.635495 0.163734 0.65819
0 0.114298 0.838636 0.144801 0.811812 0.137798 0.786643 0.107295 0.813467
0 0.297178 0.910636 0.312937 0.865551 0.28921 0.839339 0.273451 0.884425
0 0.260372 0.796824 0.269407 0.770052 0.259677 0.759675 0.250643 0.786447
0 0.324721 0.863401 0.33201 0.839354 0.32153 0.829315 0.314241 0.853362
0 0.761861 1.02963 0.814498 0.952756 0.754958 0.823907 0.702321 0.900781
0 0.152108 0.536308 0.15108 0.513227 0.13211 0.515898 0.133138 0.538978
0 0.275955 0.573268 0.278485 0.552189 0.267143 0.547886 0.264613 0.568965
0 0.358752 0.949277 0.359828 0.919013 0.344916 0.917337 0.34384 0.947601
0 0.00263006 0.990166 0.0180576 0.966061 0.0093492 0.948446 -0.00607829 0.97255
0 0.189993 0.616257 0.201955 0.594916 0.193428 0.57981 0.181466 0.601151
0 0.280186 0.870673 0.299689 0.836927 0.289373 0.818083 0.26987 0.851828
0 0.128403 0.626007 0.126563 0.599507 0.108013 0.603576 0.109852 0.630076
0 0.213707 0.752907 0.218343 0.729271 0.20466 0.720789 0.200024 0.744425
0 0.211984 0.549212 0.211654 0.520641 0.193427 0.521306 0.193757 0.549877
0 0.10041 0.584649 0.102501 0.558008 0.0816354 0.552831 0.0795439 0.579472
0 0.246275 0.658622 0.24807 0.638005 0.236742 0.634889 0.234947 0.655505
0 0.458043 0.816697 0.452884 0.781049 0.418767 0.796653 0.423927 0.832302
0 0.495144 0.668337 0.496279 0.646233 0.480981 0.643751 0.479846 0.665855
0 0.241155 0.728732 0.244704 0.701023 0.229267 0.694774 0.225718 0.722483
0 0.1071 0.547488 0.108642 0.521855 0.09458 0.519181 0.0930378 0.544814
0 0.362657 0.864973 0.367496 0.844034 0.355464 0.835247 0.350626 0.856186
0 0.75294 0.696082 0.752718 0.625117 0.71487 0.625491 0.715092 0.696456
0 0.186826 0.766378 0.195183 0.742965 0.184254 0.730636 0.175897 0.754048
0 0.164048 0.870788 0.193872 0.840629 0.185224 0.813603 0.1554 0.843762
0 0.422331 0.766833 0.424855 0.748631 0.41214 0.743059 0.409616 0.761261
0 0.441935 1.00611 0.442333 0.967745 0.416483 0.966898 0.416085 1.00526
0 0.49568 0.72455 0.496739 0.70357 0.484444 0.701609 0.483385 0.722588
0 0.132379 0.604882 0.13133 0.575368 0.109624 0.577808 0.110674 0.607321
0 0.347196 0.751868 0.349015 0.730019 0.337422 0.726969 0.335603 0.748818
0 0.194214 0.728318 0.204532 0.701881 0.194526 0.689539 0.184208 0.715976
0 0.211489 0.703197 0.215887 0.685517 0.206131 0.677847 0.201733 0.695527
0 0.191202 0.828597 0.189289 0.793739 0.158208 0.799128 0.16012 0.833986
0 0.288258 0.718037 0.292346 0.689679 0.270866 0.679892 0.266778 0.70825
0 0.438554 0.78261 0.444246 0.754031 0.431023 0.74571 0.425332 0.774289
0 0.140551 0.765366 0.132797 0.706766 0.0963527 0.722008 0.104107 0.780608
0 0.251785 0.786616 0.255434 0.766325 0.242409 0.75892 0.23876 0.779212
0 0.0971159 0.845385 0.109466 0.813939 0.0979328 0.799622 0.0855823 0.831068
0 0.0717718 0.635271 0.0714908 0.614436 0.0560121 0.615096 0.0562932 0.63593
0 0.241949 0.806974 0.249223 0.785728 0.238421 0.774041 0.231147 0.795287
0 0.39487 0.816883 0.398565 0.797485 0.387959 0.7911 0.384264 0.810498
0 0.151289 0.476086 0.152173 0.459191 0.141769 0.457471 0.140885 0.474366
0 0.258363 0.623917 0.266498 0.599666 0.256144 0.58869 0.24801 0.612941
0 0.0480513 0.963078 0.0510026 0.935473 0.0374153 0.930882 0.0344641 0.958486
0 0.218361 0.621871 0.220853 0.60452 0.207801 0.598595 0.205309 0.615946
0 0.0388317 0.916673 0.0517788 0.881413 0.0404233 0.868235 0.0274761 0.903495
0 0.517665 0.764081 0.522193 0.736606 0.50908 0.729776 0.504552 0.757251
0 0.0967673 0.722534 0.099111 0.693907 0.0855408 0.690396 0.0831971 0.719022
0 0.332745 0.894483 0.338435 0.871489 0.327945 0.863285 0.322255 0.886278
0 0.335467 0.658032 0.338101 0.639406 0.327543 0.634686 0.324909 0.653312
0 0.200547 0.655254 0.203409 0.636886 0.193491 0.632002 0.190629 0.65037
0 0.17186 0.792343 0.182449 0.772213 0.173685 0.757643 0.163096 0.777773
0 0.0824666 0.729919 0.0843895 0.702491 0.0648538 0.698162 0.0629308 0.72559
0 0.320162 0.586559 0.322073 0.56822 0.308483 0.563743 0.306572 0.582083
0 0.980164 1.05962 1.00802 0.884373 0.800663 0.780214 0.772809 0.955466
0 0.0336801 0.880672 0.0782157 0.775118 0.0275093 0.707502 -0.0170262 0.813055
0 0.423333 0.745323 0.427078 0.725617 0.416027 0.718979 0.412282 0.738685
0 0.226228 0.749668 0.228735 0.726046 0.214571 0.721294 0.212064 0.744917
0 0.189235 0.654166 0.19289 0.629058 0.17927 0.622791 0.175615 0.647899
0 0.296537 0.567109 0.297807 0.551102 0.289233 0.548952 0.287963 0.564959
0 0.0706142 0.523519 0.0725315 0.486616 0.0506364 0.483021 0.048719 0.519924
0 0.093723 0.82274 0.104594 0.788051 0.092505 0.776079 0.0816344 0.810767
0 0.499867 0.743396 0.504245 0.723315 0.493117 0.715648 0.488739 0.735729
0 0.532858 0.525563 0.533113 0.497415 0.51391 0.496865 0.513655 0.525013
0 0.0589269 0.891169 0.0677114 0.863039 0.0549188 0.850413 0.0461342 0.878542
0 0.11607 0.672896 0.119468 0.654557 0.107601 0.647608 0.104203 0.665947
0 0.280953 0.837866 0.286771 0.8148 0.276012 0.806222 0.270194 0.829289
0 0.225874 0.661311 0.228353 0.642717 0.217767 0.638258 0.215289 0.656852
0 0.313477 0.671082 0.315196 0.651873 0.302038 0.648151 0.300319 0.66736
0 0.0995694 0.920491 0.136999 0.881644 0.122446 0.837327 0.0850163 0.876173
0 0.335892 0.747242 0.336862 0.727947 0.325199 0.726095 0.32423 0.745389
0 0.0265983 0.904507 0.0332001 0.881198 0.02118 0.870439 0.0145783 0.893747
0 0.353084 0.849974 0.35409 0.828475 0.340393 0.826451 0.339387 0.84795
0 0.505858 0.804101 0.519715 0.789538 0.505353 0.746345 0.491495 0.760909
0 0.0943076 0.682183 0.100401 0.655479 0.091019 0.648714 0.084926 0.675418
0 0.436072 0.850813 0.447816 0.832118 0.440693 0.817976 0.428949 0.83667
0 0.306845 0.846967 0.317196 0.815268 0.308307 0.806095 0.297956 0.837793
0 0.175885 0.76035 0.178253 0.740099 0.165978 0.735563 0.16361 0.755814
0 0.449467 0.773109 0.453997 0.752828 0.441838 0.744245 0.437308 0.764525
0 0.485454 0.747577 0.489229 0.73092 0.479012 0.723603 0.475237 0.74026
0 0.239349 0.694623 0.240205 0.677086 0.228273 0.675245 0.227417 0.692782
0 0.340115 0.976552 0.347429 0.943135 0.336251 0.935403 0.328938 0.96882
0 0.456283 0.75026 0.461898 0.715712 0.447586 0.708361 0.441971 0.742908
0 0.146866 0.909171 0.153207 0.886446 0.143693 0.878057 0.137353 0.900781
0 0.0853044 0.862138 0.0946509 0.840994 0.0827184 0.824323 0.0733718 0.845467
0 0.280743 0.797435 0.29676 0.7815 0.290941 0.763011 0.274924 0.778946
0 0.273466 0.815151 0.281109 0.788534 0.270317 0.77874 0.262674 0.805357
0 0.103639 0.307713 0.122839 0.293273 0.111582 0.24597 0.0923828 0.26041
0 0.459417 0.795685 0.463562 0.778589 0.451003 0.768965 0.446858 0.786061
0 0.0550789 0.721533 0.0620336 0.693247 0.0420671 0.677732 0.0351124 0.706017
0 0.142098 0.69976 0.146292 0.672533 0.126326 0.662813 0.122132 0.690041
0 0.486126 0.714649 0.488326 0.692563 0.476322 0.688784 0.474122 0.71087
0 0.38962 0.89434 0.400808 0.873083 0.391309 0.85728 0.38012 0.878537
0 0.280446 0.947258 0.287169 0.917679 0.275344 0.909185 0.268621 0.938764
0 0.0776392 0.954749 0.0906202 0.927845 0.0799429 0.911563 0.066962 0.938467
0 0.285185 0.618007 0.28665 0.599232 0.27522 0.596413 0.273755 0.615189
0 0.0474257 0.695764 0.0471908 0.660573 0.0188939 0.66117 0.0191288 0.696361
0 0.305981 0.692652 0.307033 0.660073 0.285905 0.657917 0.284853 0.690497
0 0.153673 0.850588 0.15582 0.824988 0.141245 0.821125 0.139098 0.846725
0 0.128318 0.709308 0.133129 0.690054 0.118053 0.678146 0.113241 0.697399
0 0.319137 1.00847 0.328996 0.975297 0.314899 0.962058 0.30504 0.995236
0 0.130079 0.656861 0.130375 0.637001 0.114355 0.636246 0.114059 0.656106
0 0.411238 0.74895 0.416412 0.729702 0.407288 0.72195 0.402114 0.741198
0 0.186765 0.590465 0.189161 0.570571 0.178856 0.566649 0.17646 0.586544
0 0.276047 0.903731 0.281698 0.871531 0.268941 0.864456 0.26329 0.896656
0 0.511784 0.740059 0.515299 0.719371 0.505531 0.714126 0.502016 0.734814
0 0.112646 0.854141 0.121232 0.838052 0.113673 0.825302 0.105087 0.841392
0 0.195141 0.789253 0.200202 0.77123 0.191899 0.763862 0.186839 0.781885
0 0.15909 0.745258 0.159599 0.724633 0.146708 0.723627 0.146199 0.744252
0 0.206316 0.769863 0.211392 0.752511 0.202763 0.744533 0.197687 0.761885
0 0.373188 0.81134 0.375047 0.792648 0.36315 0.788907 0.36129 0.807599
0 0.271489 0.633869 0.273147 0.613422 0.26104 0.610319 0.259382 0.630765
0 0.103146 0.850067 0.11757 0.813389 0.105038 0.797813 0.0906141 0.834492
0 0.392389 0.977995 0.388105 0.930637 0.368283 0.936304 0.372567 0.983662
0 0.26661 0.835467 0.273906 0.812799 0.264567 0.803299 0.257271 0.825966
0 0.0512672 0.674407 0.056073 0.63558 0.0397581 0.629198 0.0349523 0.668024
0 0.326899 0.801128 0.333601 0.760244 0.315082 0.750651 0.308381 0.791535
0 0.31949 0.814466 0.323059 0.795354 0.314761 0.790456 0.311191 0.809568
0 0.517537 0.568025 0.524274 0.54634 0.509809 0.532137 0.503072 0.553822
0 0.284542 0.906692 0.297724 0.868268 0.284304 0.853718 0.271123 0.892142
0 0.137372 0.458148 0.138726 0.441591 0.128058 0.438834 0.126704 0.455392
0 0.413868 0.786508 0.415104 0.768506 0.404498 0.766204 0.403262 0.784207
0 0.174432 0.584073 0.176955 0.568048 0.167495 0.563342 0.164972 0.579367
0 0.272317 0.792777 0.280558 0.770761 0.271448 0.759983 0.263207 0.782
0 0.0131662 0.963352 0.0354012 0.935 0.0250744 0.909404 0.00283936 0.937756
0 0.113865 0.603883 0.114704 0.577336 0.0992945 0.575796 0.0984555 0.602344
0 0.312837 0.925287 0.319553 0.890046 0.300535 0.878592 0.293819 0.913834
0 0.151551 0.673512 0.152413 0.656679 0.141897 0.654978 0.141035 0.671811
0 0.387738 0.843413 0.393492 0.820581 0.382237 0.811617 0.376483 0.83445
0 0.398274 0.537711 0.391507 0.478802 0.346007 0.495322 0.352774 0.55423
0 0.126383 0.524259 0.1263 0.501048 0.104929 0.501292 0.105013 0.524502
0 0.421876 0.782343 0.42358 0.763056 0.411794 0.759764 0.410089 0.779051
0 0.157343 0.732339 0.163167 0.706082 0.151578 0.697957 0.145754 0.724214
0 0.32167 0.682034 0.327891 0.6608 0.318835 0.652413 0.312613 0.673648
0 0.369435 0.834078 0.37214 0.812663 0.358942 0.807393 0.356237 0.828808
0 0.172778 0.731055 0.176062 0.705339 0.162547 0.699885 0.159263 0.7256
0 0.158703 0.526556 0.168957 0.503612 0.158895 0.4894 0.148641 0.512344
0 0.541783 0.817693 0.543877 0.797727 0.529897 0.793093 0.527803 0.81306
0 0.338503 0.635232 0.340158 0.617751 0.329322 0.614509 0.327667 0.63199
0 0.248116 0.634594 0.250578 0.621119 0.242564 0.61649 0.240101 0.629965
0 0.193265 0.806261 0.194956 0.785753 0.181123 0.782149 0.179433 0.802657
0 0.378623 1.00528 0.380174 0.975309 0.358915 0.971831 0.357364 1.0018
0 0.0560953 0.960977 0.0867097 0.913911 0.0670632 0.873522 0.0364488 0.920589
0 0.0117518 0.965459 0.0165655 0.938341 0.00202142 0.930181 -0.00279225 0.9573
0 0.341334 0.905834 0.348451 0.882219 0.340634 0.874772 0.333516 0.898388
0 0.494485 0.548835 0.491471 0.52201 0.467944 0.530366 0.470959 0.557191
0 0.31652 0.58611 0.317999 0.567361 0.305573 0.564264 0.304094 0.583013
0 0.135041 0.729541 0.139668 0.714448 0.126043 0.701246 0.121416 0.71634
0 0.0137398 0.729856 0.0141924 0.697611 -0.00185071 0.6969 -0.00230334 0.729144
0 0.255946 0.899247 0.269943 0.874919 0.259783 0.856443 0.245786 0.880771
0 0.331739 0.876213 0.335111 0.856037 0.326313 0.851389 0.32294 0.871564
0 0.220417 0.7991 0.224736 0.777776 0.213922 0.770854 0.209603 0.792179
0 0.195116 0.697926 0.198105 0.680199 0.18713 0.67435 0.184141 0.692077
0 0.176819 0.695736 0.178427 0.670892 0.166451 0.668441 0.164842 0.693284
0 0.106198 0.936892 0.116811 0.907343 0.104992 0.893927 0.0943788 0.923476
0 0.199397 0.744511 0.204402 0.726357 0.195416 0.718527 0.190411 0.736681
0 0.268374 0.660443 0.271317 0.639282 0.26255 0.635428 0.259606 0.656589
0 0.62534 0.960862 0.621259 0.892503 0.587947 0.898788 0.592028 0.967148
0 0.322699 0.562936 0.323728 0.548829 0.313036 0.546366 0.312008 0.560472
0 0.426407 0.870856 0.434832 0.83626 0.421302 0.825847 0.412877 0.860442
0 0.54025 0.50506 0.555069 0.484734 0.540544 0.451263 0.525725 0.471588
0 0.464003 0.642845 0.465978 0.612193 0.440817 0.607069 0.438842 0.637721
0 0.171965 0.673512 0.173054 0.656893 0.163201 0.654853 0.162113 0.671472
0 0.106146 0.862966 0.108968 0.841004 0.0949573 0.835315 0.0921356 0.857276
0 0.236116 0.677727 0.238311 0.659504 0.229027 0.655971 0.226833 0.674193
0 0.495391 0.761463 0.497835 0.742805 0.48633 0.738042 0.483886 0.7567
0 0.327246 0.816009 0.335996 0.796615 0.328481 0.785898 0.31973 0.805292
0 0.017639 0.743795 0.049471 0.708605 0.0395617 0.680275 0.00772966 0.715466
0 0.271608 0.611937 0.274907 0.592584 0.26504 0.587268 0.261741 0.606621
0 0.147596 0.877477 0.152148 0.845971 0.129444 0.835604 0.124892 0.86711
0 0.0694942 0.490322 0.0708517 0.466244 0.0552985 0.463473 0.053941 0.487551
0 0.0995783 0.767957 0.102342 0.726479 0.0705847 0.719792 0.0678212 0.76127
0 0.0965799 0.959499 0.0977031 0.93501 0.079242 0.932333 0.0781187 0.956822
0 0.230525 0.801491 0.239813 0.77274 0.228819 0.761514 0.219531 0.790265
0 0.0382361 0.662093 0.0407363 0.637351 0.0275053 0.633125 0.0250051 0.657868
0 0.42408 0.82664 0.424781 0.804653 0.411844 0.803351 0.411143 0.825338
0 0.190579 0.779144 0.199701 0.756027 0.191225 0.745455 0.182102 0.768573
0 0.932647 0.53703 0.932549 0.50405 0.913584 0.504228 0.913682 0.537208
0 0.194077 0.956585 0.198219 0.920609 0.179451 0.91378 0.175309 0.949756
0 0.271094 0.586991 0.273183 0.570417 0.264059 0.566782 0.26197 0.583357
0 0.314714 0.875209 0.317756 0.849748 0.304805 0.844857 0.301762 0.870318
0 0.264699 0.561482 0.265303 0.541341 0.250478 0.539937 0.249874 0.560078
0 0.219819 0.79533 0.223091 0.767305 0.212492 0.763394 0.20922 0.791419
0 0.115157 0.714406 0.11886 0.694725 0.106668 0.687476 0.102965 0.707156
0 0.16832 0.559882 0.169511 0.528172 0.142936 0.525017 0.141745 0.556728
0 0.0176238 1.00844 0.0182254 0.985316 0.00149285 0.98394 0.000891292 1.00707
0 0.283631 0.58759 0.285579 0.570771 0.27625 0.567357 0.274303 0.584176
0 0.238879 0.647647 0.24011 0.627491 0.227923 0.625138 0.226692 0.645294
0 0.359265 0.904871 0.364301 0.876911 0.351919 0.869863 0.346884 0.897822
0 0.460005 0.800697 0.466782 0.783921 0.456776 0.771145 0.449999 0.787922
0 0.261854 0.583034 0.264817 0.565002 0.254159 0.559467 0.251196 0.5775
0 0.406353 0.594132 0.411312 0.558654 0.398347 0.552928 0.393389 0.588405
0 0.406749 0.850559 0.41185 0.814592 0.399734 0.809161 0.394633 0.845128
0 0.084413 0.520259 0.0847605 0.501735 0.072925 0.501033 0.0725775 0.519558
0 0.164723 0.959063 0.174813 0.930518 0.163331 0.91769 0.153241 0.946235
0 0.463201 0.717547 0.468336 0.699579 0.459687 0.691767 0.454552 0.709735
0 0.18877 0.62021 0.198673 0.600359 0.190647 0.587703 0.180743 0.607553
0 0.0876101 0.457842 0.0887404 0.439171 0.07951 0.437404 0.0783796 0.456076
0 0.371644 0.955875 0.373455 0.931135 0.359546 0.927916 0.357734 0.952656
0 0.0952345 0.928896 0.101274 0.908105 0.0896033 0.897391 0.083564 0.918182
0 0.285251 0.547972 0.289222 0.527848 0.278821 0.521361 0.27485 0.541485
0 0.549333 0.910542 0.553626 0.889909 0.540995 0.881602 0.536702 0.902235
0 0.310799 0.657437 0.311368 0.641407 0.300767 0.640218 0.300198 0.656248
0 0.521041 0.659574 0.525384 0.636517 0.511515 0.628261 0.507172 0.651318
0 0.437798 0.655769 0.439724 0.639627 0.430487 0.636143 0.42856 0.652285
0 0.35846 0.887678 0.363488 0.863606 0.353489 0.857006 0.348461 0.881078
0 0.221398 0.767387 0.227018 0.746207 0.217791 0.738469 0.21217 0.759648
0 0.303727 0.854203 0.313575 0.828468 0.304729 0.81777 0.294881 0.843504
0 0.308571 0.617455 0.313246 0.601333 0.306021 0.594713 0.301347 0.610835
0 0.313042 0.622941 0.318 0.60826 0.310261 0.6 0.305303 0.614681
0 0.154208 0.564088 0.154627 0.53334 0.129428 0.532254 0.129009 0.563002
0 0.196525 0.561994 0.197522 0.546614 0.188173 0.544698 0.187176 0.560078
0 0.317067 0.983245 0.335637 0.939228 0.322113 0.921195 0.303542 0.965212
0 0.474989 0.730525 0.478677 0.710385 0.467445 0.703885 0.463757 0.724025
0 0.20895 0.636115 0.211589 0.622167 0.202582 0.616782 0.199944 0.63073
0 0.246486 0.820561 0.254014 0.799594 0.244658 0.788977 0.23713 0.809944
0 0.326147 0.760514 0.326879 0.742116 0.314052 0.740502 0.313319 0.758899
0 0.281331 0.69751 0.293473 0.658409 0.276804 0.642051 0.264663 0.681152
0 0.307643 0.203472 0.308369 0.165637 0.28742 0.164366 0.286694 0.202202
0 0.215669 0.666945 0.217187 0.648798 0.205445 0.645692 0.203926 0.663839
0 0.0867831 0.678771 0.0892026 0.657795 0.0782686 0.653809 0.075849 0.674785
0 0.267163 0.666356 0.273735 0.649837 0.265632 0.639647 0.25906 0.656166
0 0.321944 0.97737 0.341987 0.923307 0.324774 0.903139 0.304731 0.957202
0 0.240225 0.250704 0.251396 0.241847 0.239472 0.194309 0.228301 0.203165
0 0.51353 0.551357 0.518413 0.535012 0.505536 0.522852 0.500652 0.539196
0 0.950479 0.755571 0.950281 0.729588 0.930852 0.730056 0.93105 0.756039
0 0.259115 0.666068 0.260204 0.643183 0.24872 0.641457 0.247632 0.664342
0 0.26286 0.696621 0.263988 0.677639 0.253199 0.675612 0.252071 0.694595
0 0.540541 0.559195 0.541545 0.528773 0.522227 0.52676 0.521223 0.557182
0 0.0248081 1.00232 0.0319165 0.973441 0.0174465 0.962185 0.010338 0.991064
0 0.220135 0.706552 0.225487 0.68746 0.215634 0.67873 0.210282 0.697823
0 0.285377 0.712109 0.290761 0.669179 0.266664 0.659628 0.26128 0.702558
0 0.298555 0.629854 0.303388 0.613388 0.291928 0.602758 0.287095 0.619224
0 0.256317 0.832 0.260723 0.810997 0.250712 0.80436 0.246306 0.825362
0 0.451052 0.844065 0.451913 0.818941 0.435786 0.817194 0.434925 0.842318
0 0.964122 0.435003 0.967711 0.411208 0.942109 0.399004 0.93852 0.422799
0 0.37513 0.90112 0.377666 0.862145 0.360243 0.858563 0.357708 0.897538
0 0.194271 0.58702 0.198276 0.568852 0.188629 0.562129 0.184623 0.580297
0 0.297137 0.624456 0.300675 0.609334 0.288383 0.600247 0.284846 0.615369
0 0.317804 0.519933 0.321117 0.506477 0.311111 0.498691 0.307798 0.512148
0 0.200274 0.858092 0.202328 0.839507 0.188468 0.834665 0.186413 0.853249
0 0.338444 0.832434 0.34151 0.813693 0.330442 0.807971 0.327376 0.826713
0 0.449303 0.70631 0.450926 0.688202 0.440023 0.685113 0.4384 0.703221
0 0.29769 0.584785 0.298813 0.571577 0.28985 0.569168 0.288727 0.582376
0 0.332002 0.723664 0.33479 0.70745 0.327385 0.703426 0.324597 0.71964
0 0.0743142 0.828419 0.0861428 0.797586 0.0740595 0.782935 0.0622308 0.813769
0 0.329899 0.919429 0.334732 0.894114 0.321898 0.88637 0.317065 0.911685
0 0.137451 0.589584 0.14125 0.572587 0.128818 0.563804 0.125019 0.580801
0 0.209554 0.673109 0.210615 0.655387 0.201391 0.653641 0.200329 0.671363
0 0.161523 0.701959 0.16429 0.683525 0.153025 0.678182 0.150258 0.696615
0 0.382825 0.823126 0.384034 0.80425 0.372464 0.801909 0.371256 0.820785
0 0.336924 0.206389 0.352043 0.186375 0.336039 0.148165 0.32092 0.168179
0 0.15055 0.596686 0.154288 0.578896 0.142255 0.570906 0.138518 0.588696
0 0.115181 0.631478 0.114088 0.606696 0.0971888 0.609051 0.098281 0.633832
0 0.322887 0.653858 0.324422 0.63944 0.315852 0.636556 0.314316 0.650974
0 0.377258 0.483368 0.380837 0.460937 0.362769 0.451826 0.35919 0.474257
0 0.561343 0.821681 0.563102 0.80038 0.551578 0.797372 0.549819 0.818673
0 0.345666 0.576149 0.347649 0.54383 0.329421 0.540295 0.327439 0.572615
0 0.13009 0.787315 0.130295 0.750024 0.104814 0.749581 0.104609 0.786872
0 0.115804 0.938107 0.122392 0.920336 0.113213 0.909581 0.106625 0.927351
0 0.549304 0.886979 0.550941 0.850787 0.531236 0.84797 0.529599 0.884163
0 0.121148 0.810881 0.12576 0.785769 0.106275 0.774457 0.101662 0.79957
0 0.337965 0.888871 0.347039 0.868756 0.339514 0.858028 0.330441 0.878143
0 0.333107 0.681918 0.337002 0.663288 0.329445 0.658294 0.32555 0.676924
0 0.00906796 0.664273 0.0184643 0.636416 0.00800656 0.625268 -0.00138975 0.653124
0 0.239716 0.894472 0.250117 0.856179 0.234785 0.843017 0.224384 0.881311
0 0.295727 0.746655 0.303409 0.729401 0.295994 0.718967 0.288312 0.736221
0 0.354909 0.570236 0.355376 0.527794 0.330459 0.526927 0.329992 0.569369
0 0.522158 0.722937 0.524301 0.705558 0.512546 0.700977 0.510403 0.718355
0 0.0164073 0.931776 0.0198404 0.906322 0.00506889 0.900025 0.0016358 0.925479
0 0.182325 0.747903 0.185848 0.727917 0.175723 0.722277 0.172201 0.742263
0 0.545665 0.522933 0.546483 0.500716 0.532784 0.499122 0.531966 0.521339
0 0.269735 0.680797 0.279362 0.65701 0.271324 0.646729 0.261697 0.670516
0 0.447614 0.721785 0.451899 0.703764 0.443286 0.697292 0.439001 0.715313
0 0.215086 0.578427 0.218461 0.564379 0.210194 0.558103 0.20682 0.572152
0 0.314134 0.417323 0.333547 0.409001 0.320902 0.315771 0.301489 0.324092
0 0.0877218 0.612283 0.0896675 0.595127 0.0790761 0.591331 0.0771304 0.608487
0 0.299894 0.527804 0.301925 0.511527 0.290477 0.507011 0.288445 0.523288
0 0.480578 0.950286 0.486461 0.929875 0.474383 0.918874 0.468501 0.939286
0 0.345312 0.829628 0.346352 0.808878 0.333047 0.806771 0.332007 0.82752
0 0.331799 0.583701 0.333872 0.567365 0.324948 0.563785 0.322874 0.580121
0 0.495211 0.6106 0.495333 0.583364 0.476585 0.5831 0.476463 0.610335
0 0.155608 0.887803 0.161512 0.860356 0.149833 0.852416 0.143929 0.879864
0 0.410398 0.699826 0.412585 0.681106 0.402442 0.677359 0.400254 0.696079
0 0.533891 0.628664 0.535465 0.596084 0.513907 0.592792 0.512333 0.625372
0 0.174494 0.609059 0.176112 0.594367 0.168047 0.59156 0.166429 0.606252
0 0.171991 0.537622 0.173761 0.520709 0.164019 0.517488 0.162249 0.5344
0 0.236285 0.629905 0.237497 0.615508 0.22905 0.613262 0.227838 0.627659
0 0.397586 0.923172 0.40294 0.894404 0.386182 0.884548 0.380829 0.913317
0 0.42362 0.68244 0.424677 0.663599 0.414324 0.661764 0.413267 0.680604
0 0.101024 0.52559 0.103145 0.503828 0.0926028 0.50058 0.0904814 0.522342
0 0.423983 0.805362 0.425255 0.780376 0.412646 0.778347 0.411374 0.803333
0 0.658773 0.826705 0.666612 0.792125 0.654838 0.78369 0.646999 0.81827
0 0.24448 0.608007 0.246565 0.591052 0.2382 0.5878 0.236115 0.604756
0 0.23546 0.782759 0.241025 0.759585 0.228661 0.750201 0.223096 0.773376
0 0.210745 0.785581 0.212695 0.768594 0.203225 0.765159 0.201276 0.782147
0 0.529142 0.594002 0.533018 0.573673 0.519324 0.565422 0.515449 0.585751
0 0.0320223 0.93134 0.0365163 0.90859 0.024076 0.900823 0.019582 0.923573
0 0.295019 0.606681 0.29801 0.587654 0.284584 0.580985 0.281593 0.600012
0 0.373099 0.890857 0.377163 0.855952 0.363742 0.851013 0.359678 0.885918
0 0.0779506 0.93356 0.0931303 0.90134 0.082677 0.885775 0.0674973 0.917995
0 0.393569 0.682781 0.396286 0.611059 0.35424 0.606025 0.351523 0.677747
