0 0.396353 0.585682 0.40025 0.536726 0.371945 0.529605 0.368048 0.578561
0 0.351675 0.974172 0.352566 0.865009 0.287158 0.863322 0.286267 0.972485
0 0.499031 0.997939 0.493433 0.959149 0.467434 0.971007 0.473032 1.0098
0 0.500595 0.981426 0.509253 0.917992 0.472137 0.901982 0.463479 0.965417
0 0.289907 0.93893 0.289711 0.902239 0.266747 0.902626 0.266943 0.939317
0 0.426905 0.851611 0.429202 0.812047 0.40814 0.808182 0.405843 0.847746
0 0.988231 1.07184 1.02163 0.859075 0.800456 0.749337 0.767054 0.962107
0 0.832099 0.659184 0.83446 0.600268 0.800609 0.595981 0.798248 0.654897
0 0.37322 0.906725 0.373943 0.871157 0.353063 0.869817 0.352341 0.905385
0 0.291922 0.9089 0.3021 0.837094 0.272266 0.823729 0.262088 0.895535
0 0.552669 0.987199 0.55024 0.953565 0.522002 0.960009 0.524431 0.993643
0 0.459361 0.811568 0.462138 0.77974 0.446888 0.775534 0.444111 0.807363
0 0.247593 0.955812 0.275995 0.903905 0.259126 0.874734 0.230725 0.926642
0 0.267575 0.810066 0.293255 0.778139 0.279808 0.743956 0.254128 0.775884
0 0.440058 1.00862 0.478556 0.987628 0.459476 0.877047 0.420978 0.898041
0 0.247981 0.863329 0.274503 0.844528 0.269169 0.820749 0.242647 0.83955
0 0.412061 0.984527 0.443954 0.911838 0.409888 0.864599 0.377995 0.937288
0 0.353085 0.849121 0.366503 0.817068 0.354309 0.800935 0.340891 0.832987
0 0.361202 0.878535 0.353693 0.83031 0.320669 0.846561 0.328178 0.894786
0 0.779788 1.03987 0.829503 0.959233 0.747218 0.798891 0.697503 0.879525
0 0.386793 0.779152 0.38795 0.750947 0.369525 0.748557 0.368368 0.776763
0 0.420918 1.00659 0.422204 0.978328 0.401097 0.975292 0.399811 1.00355
0 0.340782 1.01014 0.361074 0.958091 0.340758 0.933058 0.320466 0.985105
0 0.434619 0.881968 0.446452 0.842525 0.430078 0.827 0.418245 0.866442
0 0.392822 0.99432 0.402521 0.955204 0.388649 0.944334 0.378951 0.98345
0 1.00186 0.742449 0.994015 0.689278 0.957956 0.706084 0.965797 0.759255
0 0.385461 0.903247 0.387949 0.873303 0.369626 0.868489 0.367137 0.898434
0 0.523421 0.969748 0.527579 0.929054 0.510918 0.923672 0.506759 0.964367
0 0.604659 1.00007 0.599575 0.938437 0.572756 0.945429 0.577839 1.00706
0 0.765135 0.721641 0.766346 0.673396 0.746271 0.671804 0.74506 0.72005
0 0.776677 0.672992 0.785443 0.637507 0.770661 0.625966 0.761895 0.661451
0 0.290019 0.972316 0.301505 0.928728 0.284219 0.914332 0.272733 0.95792
0 0.394055 0.846009 0.398915 0.816199 0.383821 0.808423 0.378961 0.838233
0 0.362843 0.806016 0.373814 0.774188 0.362413 0.761769 0.351443 0.793597
0 0.369952 0.755155 0.372334 0.736174 0.360321 0.731409 0.357939 0.75039
0 0.564419 0.962533 0.562613 0.893047 0.540768 0.894841 0.542574 0.964327
0 0.459681 0.830927 0.459858 0.810386 0.444959 0.80998 0.444782 0.830521
0 0.786128 0.547813 0.785406 0.500616 0.748297 0.50241 0.749019 0.549607
0 0.740822 0.789217 0.753966 0.768466 0.734335 0.729168 0.721192 0.749919
0 0.176572 0.982917 0.191072 0.940369 0.177851 0.926129 0.163351 0.968678
0 0.323355 0.57084 0.325659 0.552227 0.314403 0.547823 0.312099 0.566436
0 0.529052 0.967181 0.551568 0.948778 0.537015 0.892504 0.514499 0.910908
0 0.463403 0.869502 0.46403 0.828655 0.443506 0.827659 0.442879 0.868507
0 0.438126 1.00741 0.438352 0.971665 0.420217 0.971302 0.419991 1.00705
0 0.730055 0.745798 0.738327 0.723472 0.71906 0.700912 0.710788 0.723238
0 0.500411 0.895328 0.502997 0.870617 0.48788 0.865619 0.485295 0.89033
0 0.445384 0.841244 0.446452 0.815912 0.431227 0.813885 0.430159 0.839217
0 0.389993 0.713633 0.391873 0.690095 0.37917 0.686889 0.377291 0.710427
0 0.290109 0.770878 0.308807 0.740986 0.296318 0.716296 0.27762 0.746188
0 0.306389 0.820814 0.329957 0.797081 0.321125 0.769361 0.297557 0.793094
0 0.774673 0.634756 0.773757 0.61187 0.753293 0.614457 0.754208 0.637343
0 0.263832 0.991546 0.280313 0.961643 0.269603 0.942987 0.253122 0.972891
0 0.23639 0.537808 0.240278 0.505302 0.217998 0.496878 0.214109 0.529384
0 0.528696 1.00364 0.529942 0.974186 0.513522 0.971991 0.512276 1.00144
0 0.363785 0.769533 0.365899 0.749096 0.355033 0.745544 0.352919 0.76598
0 0.527706 0.924308 0.531319 0.880247 0.509384 0.874562 0.505771 0.918623
0 0.514837 0.877985 0.512237 0.833088 0.492685 0.836667 0.495285 0.881563
0 0.742876 0.722449 0.749013 0.685949 0.730597 0.676162 0.72446 0.712662
0 0.356214 1.00861 0.368592 0.977225 0.357911 0.963913 0.345533 0.9953
0 0.217924 0.753054 0.230324 0.70464 0.20924 0.687574 0.19684 0.735987
0 0.147237 0.995844 0.167665 0.974573 0.161153 0.954805 0.140724 0.976077
0 0.878664 0.729417 0.888187 0.704515 0.871099 0.683862 0.861576 0.708764
0 0.112072 0.938431 0.12815 0.916771 0.119656 0.896844 0.103578 0.918504
0 0.44791 0.704814 0.453666 0.682665 0.441872 0.67298 0.436117 0.695128
0 0.257576 0.97045 0.276325 0.932725 0.263015 0.911819 0.244266 0.949544
0 0.144358 0.44041 0.15274 0.388175 0.106016 0.364478 0.0976339 0.416713
0 0.428726 0.984715 0.433455 0.934704 0.405833 0.92645 0.401105 0.976461
0 0.469511 0.795136 0.470885 0.773629 0.45864 0.771156 0.457265 0.792663
0 0.489001 0.91735 0.494789 0.885303 0.480699 0.87726 0.474911 0.909307
0 0.490698 0.81662 0.49358 0.795098 0.478041 0.788521 0.475159 0.810044
0 0.199198 0.863123 0.202084 0.838749 0.191506 0.834791 0.18862 0.859165
0 0.378747 0.864604 0.386629 0.815242 0.364106 0.803876 0.356224 0.853237
0 0.79378 0.61127 0.800258 0.58261 0.781508 0.569217 0.77503 0.597877
0 0.389805 0.808304 0.395925 0.795213 0.38306 0.776205 0.37694 0.789296
0 0.445727 0.819019 0.447899 0.796178 0.433667 0.7919 0.431494 0.814741
0 0.27082 0.758165 0.2759 0.732085 0.26206 0.723565 0.25698 0.749646
0 0.248502 0.90877 0.267616 0.866265 0.251197 0.842931 0.232084 0.885436
0 0.327398 0.550321 0.332025 0.511861 0.313009 0.504632 0.308382 0.543091
0 0.171077 0.951999 0.173862 0.928087 0.162681 0.923971 0.159895 0.947882
0 0.746366 0.737707 0.749272 0.714365 0.736359 0.709285 0.733454 0.732627
0 0.409056 0.890652 0.416044 0.866383 0.405584 0.856863 0.398595 0.881131
0 0.519522 0.868792 0.538162 0.839826 0.519097 0.801052 0.500457 0.830018
0 0.388391 0.931934 0.399529 0.898849 0.387187 0.885716 0.376048 0.918801
0 0.407455 0.617742 0.414138 0.590005 0.393423 0.57423 0.38674 0.601967
0 0.395314 0.663487 0.39735 0.640967 0.382442 0.636707 0.380406 0.659227
0 0.785056 0.708503 0.788645 0.683399 0.774689 0.677094 0.771101 0.702198
0 0.325402 1.00978 0.328376 0.975994 0.292751 0.966085 0.289777 0.999873
0 0.498413 0.800567 0.500229 0.777066 0.481029 0.772378 0.479213 0.795879
0 0.444978 0.796316 0.447439 0.774823 0.436723 0.770945 0.434261 0.792438
0 0.384823 0.735237 0.385639 0.709812 0.3699 0.708217 0.369084 0.733642
0 0.243293 0.977048 0.243831 0.925891 0.214707 0.924922 0.214168 0.976079
0 0.133901 0.92106 0.14639 0.897571 0.137856 0.883232 0.125368 0.906721
0 0.586701 0.384794 0.592173 0.325498 0.561493 0.31655 0.556021 0.375846
0 0.586235 0.769315 0.608441 0.721241 0.590823 0.695522 0.568617 0.743596
0 0.355367 0.67775 0.363639 0.646733 0.351316 0.636347 0.343045 0.667364
0 0.481904 0.899196 0.487924 0.867636 0.47339 0.858874 0.46737 0.890434
0 0.390238 0.753439 0.392261 0.734732 0.382727 0.731473 0.380704 0.750181
0 0.169783 0.929572 0.175378 0.907841 0.166495 0.900613 0.1609 0.922344
0 0.394619 0.819389 0.400802 0.803187 0.385669 0.784935 0.379486 0.801137
0 0.535095 0.899709 0.541707 0.88169 0.525346 0.862714 0.518734 0.880733
0 0.566674 0.802645 0.578498 0.778615 0.568843 0.763601 0.557019 0.787631
0 0.197441 0.954801 0.217866 0.929857 0.210161 0.909916 0.189736 0.93486
0 0.761594 0.767012 0.760873 0.726857 0.743874 0.72782 0.744594 0.767976
0 0.797734 0.654841 0.802433 0.62553 0.786892 0.617656 0.782193 0.646967
0 0.714683 0.71843 0.724625 0.701455 0.711353 0.676887 0.701411 0.693862
0 0.291068 0.846411 0.306606 0.803939 0.289979 0.784714 0.274441 0.827186
0 0.457049 0.945634 0.479476 0.912494 0.454099 0.858218 0.431672 0.891358
0 0.512561 0.999824 0.520269 0.965579 0.505094 0.954784 0.497386 0.989029
0 0.187304 0.122 0.204036 0.112847 0.183007 -0.00864907 0.166275 0.000503862
0 1.01372 0.88789 1.02631 0.732953 0.955314 0.714713 0.94272 0.86965
0 0.840967 0.607551 0.841824 0.581819 0.822349 0.57977 0.821492 0.605501
0 0.0249744 0.816246 0.0255322 0.781125 0.00295054 0.779991 0.00239272 0.815113
0 0.787515 0.679175 0.793235 0.65392 0.781272 0.645357 0.775552 0.670612
0 0.569149 0.168568 0.569048 0.127461 0.548177 0.127623 0.548277 0.168729
0 0.414513 0.40626 0.416154 0.341203 0.380074 0.338326 0.378433 0.403383
0 0.513947 0.559891 0.517625 0.52044 0.494168 0.513528 0.49049 0.552979
0 0.404507 0.797163 0.40802 0.771679 0.390648 0.764111 0.387135 0.789595
0 0.774435 0.697709 0.777639 0.675777 0.766468 0.670618 0.763263 0.69255
0 0.344165 0.83394 0.35128 0.806716 0.339501 0.796986 0.332386 0.82421
0 0.435921 0.73843 0.440859 0.713337 0.430025 0.706599 0.425087 0.731692
0 0.413366 0.689114 0.418017 0.657775 0.405183 0.651756 0.400532 0.683094
0 0.0290166 1.00076 0.0290811 0.9164 -0.00912097 0.916307 -0.0091855 1.00067
0 0.24047 0.399479 0.242904 0.371936 0.224854 0.366893 0.222419 0.394436
0 0.589633 0.8446 0.595371 0.810056 0.582068 0.803072 0.57633 0.837616
0 0.368704 0.663946 0.372997 0.641688 0.360851 0.634284 0.356558 0.656541
0 0.514284 0.785912 0.522355 0.74889 0.505109 0.737009 0.497039 0.774031
0 0.475119 0.814897 0.478194 0.795209 0.466472 0.789424 0.463398 0.809112
0 0.557808 0.778614 0.577613 0.766616 0.566577 0.709037 0.546772 0.721034
0 0.897313 0.527108 0.897625 0.504082 0.881913 0.503408 0.8816 0.526434
0 0.37626 0.928103 0.381392 0.902384 0.369677 0.894995 0.364545 0.920715
0 0.503188 0.611388 0.531304 0.589159 0.523154 0.556578 0.495038 0.578807
0 0.578547 0.981614 0.581163 0.941211 0.561072 0.937099 0.558455 0.977502
0 0.351684 0.811226 0.356478 0.786072 0.344424 0.77881 0.339629 0.803964
0 0.222096 0.896365 0.223866 0.877596 0.215217 0.875018 0.213447 0.893787
0 0.616428 0.886703 0.618209 0.862277 0.601664 0.858465 0.599883 0.882891
0 0.0733541 0.950307 0.0802924 0.923657 0.0710351 0.91604 0.0640968 0.942689
0 0.0189472 0.787866 0.0418232 0.742486 0.0255908 0.716625 0.00271477 0.762005
0 0.369076 0.701317 0.3834 0.676478 0.372534 0.656675 0.358211 0.681514
0 0.495486 0.583379 0.504336 0.557051 0.484921 0.536424 0.476071 0.562752
0 0.18659 0.989831 0.194214 0.965005 0.18398 0.955072 0.176355 0.979897
0 0.598721 0.924692 0.605765 0.897607 0.594618 0.888445 0.587575 0.91553
0 0.340595 0.800008 0.345053 0.777576 0.332371 0.76961 0.327913 0.792041
0 0.470974 0.395823 0.471965 0.360125 0.446669 0.357905 0.445678 0.393604
0 0.159569 0.963008 0.162123 0.946139 0.151153 0.94089 0.148599 0.957759
0 0.0823879 0.337875 0.101575 0.31626 0.0858314 0.27209 0.0666442 0.293705
0 0.574014 0.995959 0.580719 0.958044 0.557442 0.945034 0.550737 0.982949
0 0.584357 0.948086 0.58815 0.91944 0.572766 0.913001 0.568973 0.941647
0 0.309966 0.728833 0.313044 0.709567 0.301693 0.703834 0.298615 0.7231
0 0.434807 0.720392 0.44118 0.694399 0.430732 0.686304 0.424359 0.712297
0 0.50016 0.829106 0.501225 0.81004 0.489943 0.808049 0.488878 0.827114
0 0.821911 0.600285 0.823022 0.576189 0.807811 0.573971 0.8067 0.598068
0 0.226387 1.00732 0.253347 0.986446 0.246768 0.95959 0.219808 0.980463
0 0.144917 0.994622 0.161679 0.972729 0.15507 0.956736 0.138308 0.978629
0 0.583038 0.897276 0.585995 0.864807 0.572519 0.860929 0.569563 0.893398
0 0.241259 0.849892 0.246405 0.832874 0.236661 0.823562 0.231516 0.84058
0 0.213834 0.84713 0.21776 0.829753 0.209291 0.823705 0.205365 0.841082
0 0.421059 0.132639 0.42282 0.0842998 0.386924 0.0801659 0.385162 0.128505
0 0.511143 0.937215 0.517383 0.913715 0.500269 0.899354 0.49403 0.922853
0 0.567985 1.00683 0.568972 0.982115 0.536284 0.977988 0.535296 1.0027
0 0.37474 0.815849 0.381016 0.788167 0.36881 0.77942 0.362533 0.807102
0 0.19073 0.986485 0.201889 0.963101 0.192533 0.94899 0.181374 0.972375
0 0.640477 1.01118 0.762547 0.81204 0.721851 0.733196 0.59978 0.932331
0 0.519381 0.806504 0.52726 0.776035 0.51336 0.764675 0.505481 0.795144
0 0.570049 0.856242 0.573094 0.811446 0.549065 0.806283 0.54602 0.85108
0 0.389362 1.00909 0.392413 0.987239 0.377503 0.98066 0.374452 1.00251
0 0.0696301 0.921969 0.0755959 0.901976 0.0679512 0.894767 0.0619854 0.914759
0 0.731983 0.661667 0.73316 0.640675 0.71765 0.637925 0.716472 0.658917
0 0.222038 0.830679 0.223997 0.814133 0.215572 0.810979 0.213612 0.827525
0 0.250469 0.571967 0.252097 0.55237 0.239517 0.549066 0.237889 0.568663
0 0.576271 0.87296 0.581357 0.82713 0.561095 0.820024 0.556009 0.865854
0 0.227467 0.409428 0.227664 0.386742 0.206839 0.38617 0.206642 0.408856
0 0.394257 0.883779 0.400361 0.860027 0.389456 0.851171 0.383353 0.874922
0 0.319249 0.787145 0.328819 0.765942 0.318158 0.750734 0.308588 0.771937
0 0.720714 0.798218 0.737573 0.740727 0.687248 0.694086 0.670389 0.751576
0 0.122927 1.00932 0.129959 0.989823 0.11995 0.978413 0.112919 0.997907
0 0.50172 0.990891 0.501186 0.924031 0.465417 0.924934 0.465951 0.991794
0 0.722734 0.574782 0.728239 0.550246 0.716401 0.541852 0.710896 0.566388
0 0.587285 0.808814 0.597653 0.787462 0.587284 0.771549 0.576916 0.792901
0 0.873737 0.467912 0.885019 0.427653 0.859708 0.405235 0.848426 0.445495
0 0.0468709 1.00835 0.068414 0.982915 0.061138 0.963439 0.0395949 0.988875
0 0.0839606 0.66048 0.0832728 0.635555 0.0670963 0.636966 0.0677841 0.66189
0 0.306903 0.566716 0.308308 0.547269 0.296962 0.544679 0.295557 0.564126
0 0.460092 0.63442 0.46333 0.602512 0.446888 0.597239 0.44365 0.629147
0 0.766243 0.610966 0.763784 0.581624 0.732546 0.5899 0.735005 0.619241
0 0.838078 0.561635 0.842527 0.525422 0.812362 0.513711 0.807913 0.549924
0 0.571808 0.946944 0.576995 0.917645 0.565274 0.911086 0.560086 0.940386
0 0.790811 0.520807 0.795943 0.49613 0.776991 0.483672 0.771859 0.508349
0 0.282314 0.74138 0.284475 0.721635 0.271363 0.717099 0.269202 0.736844
0 0.226757 0.854258 0.232492 0.827707 0.221705 0.820344 0.21597 0.846895
0 0.771517 0.717591 0.773267 0.694984 0.76355 0.692606 0.7618 0.715214
0 0.386211 0.878303 0.388739 0.861076 0.376006 0.855169 0.373477 0.872396
0 0.510822 0.106772 0.517552 0.0492888 0.4978 0.0419798 0.49107 0.0994632
0 0.854485 0.637499 0.855986 0.596364 0.830819 0.593462 0.829318 0.634597
