0 0.504838 0.959589 0.510398 0.85531 0.446933 0.844616 0.441373 0.948895
0 0.986913 1.07605 1.02249 0.869546 0.811338 0.75458 0.775764 0.961079
0 0.451894 0.942834 0.45682 0.896454 0.434979 0.889123 0.430054 0.935503
0 0.601527 0.968265 0.582931 0.871296 0.537256 0.89898 0.555852 0.995949
0 0.54292 0.577823 0.540452 0.526219 0.511914 0.530532 0.514383 0.582137
0 0.507164 0.876946 0.51339 0.834168 0.479956 0.818787 0.473729 0.861565
0 0.203059 0.748928 0.202517 0.717125 0.180885 0.718291 0.181428 0.750094
0 0.452644 0.872179 0.452013 0.806955 0.423338 0.807832 0.42397 0.873057
0 0.660204 0.576927 0.669081 0.538564 0.645613 0.521399 0.636735 0.559761
0 0.609647 0.818626 0.61138 0.78718 0.595046 0.784335 0.593313 0.815781
0 0.968401 0.791628 0.965369 0.733883 0.936535 0.738669 0.939568 0.796414
0 0.576087 0.855811 0.580465 0.817557 0.558074 0.809459 0.553696 0.847712
0 0.0500585 0.852854 0.0467352 0.805785 0.0251747 0.810596 0.028498 0.857665
0 0.524831 0.896205 0.525423 0.858016 0.506679 0.857097 0.506086 0.895286
0 0.443999 0.910686 0.447609 0.874358 0.42634 0.867677 0.42273 0.904005
0 0.985611 0.601704 0.988268 0.552484 0.938869 0.544058 0.936213 0.593277
0 0.19687 0.720614 0.196862 0.696925 0.180809 0.696944 0.180818 0.720633
0 0.195459 0.976667 0.231239 0.850428 0.178946 0.803585 0.143166 0.929824
0 0.509984 0.838396 0.519735 0.80305 0.504991 0.790196 0.49524 0.825542
0 0.0890948 0.846706 0.0894276 0.800447 0.06677 0.799931 0.0664372 0.846191
0 0.179072 0.633566 0.181385 0.609289 0.165975 0.604648 0.163662 0.628926
0 0.511448 0.800433 0.522503 0.766132 0.511684 0.755112 0.500629 0.789413
0 0.415133 0.921514 0.433339 0.86499 0.413482 0.844775 0.395275 0.901299
0 0.16934 1.01749 0.216394 0.996216 0.209207 0.945969 0.162154 0.967239
0 0.121161 0.926469 0.129721 0.887306 0.110338 0.873916 0.101778 0.913079
0 0.168718 0.79278 0.17094 0.767987 0.153752 0.763117 0.151529 0.787911
0 0.47806 0.795943 0.476065 0.761581 0.452889 0.765833 0.454884 0.800195
0 0.984648 0.733996 0.985436 0.694412 0.964392 0.693089 0.963604 0.732673
0 0.682713 0.607061 0.676171 0.571132 0.650082 0.586146 0.656624 0.622074
0 0.591086 0.88641 0.596571 0.844585 0.576832 0.836403 0.571347 0.878228
0 0.0707768 0.869563 0.071966 0.834344 0.0503283 0.832035 0.0491391 0.867254
0 0.785476 1.04674 0.838548 0.963177 0.756918 0.799323 0.703847 0.882884
0 0.473499 0.531002 0.474478 0.501543 0.456307 0.499634 0.455328 0.529093
0 0.128371 0.932962 0.141747 0.910658 0.132145 0.892457 0.118768 0.914762
0 0.440544 0.772478 0.440069 0.73046 0.416931 0.731285 0.417406 0.773303
0 0.0994534 0.719052 0.110857 0.679602 0.0807491 0.652097 0.0693457 0.691547
0 0.2493 0.936832 0.25639 0.911497 0.241326 0.898173 0.234236 0.923509
0 0.266154 0.998411 0.268362 0.970003 0.25098 0.965735 0.248772 0.994142
0 0.997236 0.675292 1.00577 0.643372 0.982701 0.62387 0.974164 0.65579
0 0.255187 0.975251 0.268242 0.948533 0.257036 0.931228 0.243981 0.957946
0 0.388373 0.997687 0.399766 0.972364 0.388791 0.956758 0.377398 0.982081
0 0.360982 0.929683 0.36452 0.909004 0.353969 0.903299 0.350431 0.923978
0 0.316549 0.95792 0.317784 0.927762 0.298684 0.925289 0.297449 0.955447
0 0.597582 0.710726 0.602153 0.686301 0.589118 0.678593 0.584548 0.703018
0 0.612764 0.842383 0.613074 0.816559 0.595736 0.8159 0.595426 0.841724
0 0.234271 0.993402 0.245278 0.967174 0.233617 0.951709 0.222611 0.977937
0 0.187375 0.606151 0.187521 0.551945 0.152975 0.55165 0.152829 0.605856
0 0.174098 0.728956 0.180509 0.709778 0.168776 0.697382 0.162365 0.716559
0 0.45248 0.743086 0.45774 0.710025 0.440094 0.701152 0.434834 0.734213
0 0.155838 0.819474 0.158202 0.782142 0.139792 0.778458 0.137429 0.815789
0 0.409731 0.836606 0.432106 0.811551 0.423299 0.786693 0.400924 0.811749
0 0.525458 0.684894 0.52525 0.660035 0.505595 0.660554 0.505803 0.685413
0 0.292148 0.961099 0.293866 0.937837 0.278328 0.934208 0.276609 0.957471
0 0.187867 0.76332 0.188505 0.744065 0.174516 0.742601 0.173879 0.761855
0 0.547499 0.986894 0.553799 0.947896 0.539329 0.940508 0.533029 0.979506
0 0.905087 0.778618 0.913593 0.758611 0.893914 0.732171 0.885409 0.752179
0 0.116213 0.863199 0.11521 0.820054 0.0875899 0.822084 0.0885929 0.865229
0 0.298934 0.792914 0.302675 0.771068 0.292299 0.765452 0.288558 0.787297
0 0.527308 0.769027 0.530458 0.748577 0.517488 0.742262 0.514338 0.762713
0 0.217038 0.718838 0.230092 0.679897 0.215007 0.663915 0.201952 0.702855
0 0.627893 0.826612 0.629015 0.806168 0.614706 0.803686 0.613584 0.82413
0 0.347674 0.920264 0.355628 0.891824 0.344232 0.881752 0.336279 0.910192
0 0.992301 0.542665 0.988614 0.486019 0.935685 0.496906 0.939372 0.553552
0 0.499068 0.796853 0.50278 0.777117 0.491547 0.77044 0.487835 0.790176
0 0.419274 0.872169 0.423465 0.828273 0.40115 0.821539 0.396959 0.865435
0 0.0432981 0.905796 0.0457086 0.879613 0.0226322 0.872899 0.0202218 0.899082
0 0.544967 0.839809 0.546549 0.808049 0.533849 0.80605 0.532267 0.83781
0 0.0343599 0.839041 0.0297899 0.791784 -0.001484 0.801342 0.00308602 0.848599
0 0.159593 0.747342 0.162096 0.729341 0.150878 0.724412 0.148375 0.742413
0 0.53738 0.661184 0.542048 0.6381 0.526613 0.628235 0.521945 0.651319
0 0.989506 0.563679 0.992167 0.534339 0.968492 0.527554 0.965832 0.556894
0 0.184138 0.784571 0.184961 0.7588 0.169164 0.757206 0.168341 0.782977
0 0.560457 0.889676 0.565635 0.864757 0.554759 0.857615 0.549581 0.882534
0 0.528467 0.855045 0.533494 0.821889 0.515676 0.813351 0.510649 0.846507
0 0.230256 0.93328 0.237776 0.905071 0.228542 0.89729 0.221022 0.925499
0 0.934854 0.788039 0.944159 0.746377 0.919944 0.729285 0.910639 0.770948
0 0.427599 0.953115 0.435165 0.924003 0.423067 0.914065 0.4155 0.943177
0 0.978797 0.903826 1.02226 0.886107 1.00435 0.7472 0.960881 0.764919
0 0.174871 0.984821 0.17495 0.924812 0.140455 0.924669 0.140377 0.984678
0 0.367996 0.904715 0.379269 0.883656 0.371077 0.869796 0.359804 0.890855
0 0.275461 0.975036 0.279146 0.952405 0.266696 0.945998 0.263011 0.968629
0 0.302583 0.971679 0.304671 0.949996 0.29223 0.94621 0.290142 0.967894
0 0.289624 0.98673 0.294075 0.959147 0.272359 0.948073 0.267909 0.975656
0 0.596764 0.827249 0.598531 0.80133 0.583743 0.798142 0.581976 0.824062
0 0.22353 0.972439 0.230684 0.948831 0.220294 0.938881 0.213141 0.962489
0 0.582416 0.724902 0.587608 0.69672 0.575929 0.689919 0.570736 0.718102
0 0.886093 0.781854 0.896837 0.752978 0.877622 0.730383 0.866879 0.75926
0 0.496905 0.9854 0.513202 0.938171 0.492028 0.915079 0.475731 0.962308
0 0.315768 0.97466 0.328218 0.953682 0.320106 0.938466 0.307656 0.959443
0 0.170806 0.7118 0.178165 0.691865 0.168175 0.68021 0.160817 0.700145
0 0.214716 0.748148 0.218918 0.719941 0.204592 0.713197 0.20039 0.741404
0 0.608767 0.638382 0.610123 0.607428 0.594774 0.605303 0.593418 0.636257
0 0.235097 0.946531 0.243166 0.921358 0.232953 0.91101 0.224883 0.936183
0 0.641902 0.593623 0.650504 0.569689 0.63145 0.548045 0.622847 0.571978
0 0.612358 0.874583 0.616402 0.84246 0.596639 0.834598 0.592596 0.866721
0 0.283434 0.999725 0.284523 0.976565 0.267679 0.974062 0.26659 0.997222
0 0.54002 0.895646 0.541752 0.863577 0.522945 0.860367 0.521213 0.892436
0 0.024418 0.798447 0.0224015 0.767184 -0.00141056 0.772038 0.000605908 0.803301
0 0.448838 0.81692 0.460163 0.775732 0.442212 0.760132 0.430887 0.80132
0 0.0945641 0.879198 0.0919653 0.845021 0.0696663 0.85038 0.0722651 0.884557
0 0.524766 0.72953 0.527068 0.702227 0.515671 0.699188 0.513368 0.726492
0 0.512208 0.759837 0.513608 0.740973 0.502396 0.738343 0.500996 0.757207
0 0.20114 0.76862 0.202673 0.749186 0.190291 0.746098 0.188758 0.765532
0 0.265641 0.925035 0.27413 0.902401 0.265948 0.892704 0.25746 0.915337
0 0.420422 0.933026 0.434602 0.902717 0.420983 0.882581 0.406804 0.91289
0 0.920297 0.714939 0.921858 0.695693 0.903309 0.690936 0.901747 0.710182
0 0.345542 0.959297 0.346208 0.938284 0.334985 0.93716 0.334319 0.958173
0 0.499666 0.666897 0.507654 0.639609 0.496567 0.629352 0.488579 0.65664
0 0.593268 0.80308 0.596039 0.783624 0.585017 0.778661 0.582246 0.798117
0 0.497067 0.814648 0.499185 0.791406 0.485616 0.787499 0.483498 0.810741
0 0.651129 0.818661 0.655732 0.800192 0.636117 0.784742 0.631514 0.803211
0 0.536931 0.799716 0.543291 0.790385 0.535357 0.773295 0.528997 0.782626
0 0.594505 0.844026 0.595293 0.822378 0.581544 0.820795 0.580756 0.842444
0 0.68127 0.781329 0.693473 0.751653 0.666273 0.716305 0.654071 0.745981
0 0.270393 0.707983 0.270736 0.683813 0.25773 0.68323 0.257387 0.7074
0 0.119658 0.808814 0.128874 0.785791 0.120491 0.775185 0.111275 0.798208
0 0.316867 0.996821 0.327239 0.97359 0.317994 0.960545 0.307622 0.983775
0 0.619796 0.807395 0.620598 0.78656 0.60861 0.785102 0.607808 0.805937
0 0.34657 0.877731 0.348758 0.860769 0.339637 0.85705 0.337449 0.874012
0 0.167819 0.813203 0.176184 0.795185 0.168003 0.783183 0.159639 0.801201
0 0.0104464 0.854724 0.012104 0.829954 -0.00270422 0.826822 -0.00436183 0.851593
0 0.484311 0.397252 0.48524 0.371083 0.468704 0.369229 0.467776 0.395398
0 0.189497 0.799253 0.19023 0.779441 0.176901 0.777883 0.176168 0.797695
0 0.329889 0.942145 0.33506 0.911622 0.317601 0.902276 0.31243 0.932799
0 0.0835427 0.908064 0.0959487 0.886915 0.0883276 0.872786 0.0759216 0.893934
0 0.519687 0.74674 0.520019 0.727556 0.506717 0.726829 0.506385 0.746012
0 0.307954 0.988289 0.315729 0.96207 0.306519 0.953439 0.298744 0.979658
0 0.973749 0.705753 0.976669 0.675172 0.947949 0.666504 0.945029 0.697085
0 0.599084 0.60618 0.601837 0.583667 0.589796 0.579014 0.587043 0.601527
0 0.247652 0.976984 0.257153 0.95579 0.247274 0.941794 0.237773 0.962988
0 0.143028 0.834743 0.147697 0.796013 0.124595 0.78721 0.119926 0.82594
0 0.270313 0.941304 0.275163 0.920786 0.265623 0.913659 0.260773 0.934177
0 0.0661159 0.723947 0.0784244 0.703604 0.0689458 0.685479 0.0566373 0.705822
0 0.310397 0.426525 0.31021 0.403148 0.286752 0.40374 0.286939 0.427117
0 0.641337 0.613847 0.643401 0.591035 0.626072 0.586081 0.624008 0.608892
0 0.0531206 0.892577 0.0580353 0.863679 0.0412172 0.854639 0.0363024 0.883537
0 0.0883413 0.805721 0.0851349 0.752658 0.0447732 0.760366 0.0479796 0.813429
0 0.545544 0.62421 0.560558 0.606942 0.545441 0.565399 0.530427 0.582666
0 0.59623 0.632772 0.596827 0.602566 0.584271 0.601782 0.583674 0.631988
0 0.219282 0.949789 0.223159 0.926423 0.212938 0.921064 0.209061 0.94443
0 0.0221214 0.918417 0.0218477 0.879606 -0.00212163 0.88014 -0.00184791 0.918952
0 0.0747988 0.89845 0.0761253 0.876469 0.0575876 0.872933 0.0562611 0.894914
0 0.480754 0.411472 0.480929 0.390854 0.46582 0.390449 0.465645 0.411068
0 0.197268 0.702047 0.199902 0.68393 0.184633 0.676912 0.181998 0.69503
0 0.982858 0.765386 0.985325 0.737587 0.967149 0.732489 0.964682 0.760288
0 0.380772 0.717123 0.387225 0.67209 0.364822 0.661945 0.358369 0.706978
0 0.427665 0.729105 0.430009 0.70436 0.417368 0.700576 0.415024 0.725321
0 0.398305 0.940457 0.403684 0.893507 0.381616 0.885516 0.376237 0.932466
0 0.311055 0.895607 0.311775 0.879527 0.30191 0.878131 0.30119 0.894211
0 0.540339 0.761156 0.543248 0.742302 0.532643 0.737132 0.529735 0.755986
0 0.187727 0.685248 0.191388 0.668077 0.178667 0.659505 0.175006 0.676675
0 0.514918 0.999166 0.524714 0.967167 0.510293 0.953216 0.500498 0.985216
0 0.918597 0.807003 0.927917 0.784262 0.907658 0.758018 0.898337 0.780759
0 0.0128264 0.709015 0.0125922 0.673554 -0.00320048 0.673883 -0.00296632 0.709345
0 0.558113 0.999457 0.563713 0.966252 0.551513 0.959748 0.545912 0.992954
0 1.00091 0.598206 1.00253 0.573972 0.989431 0.571194 0.987805 0.595428
0 0.159291 0.606676 0.160844 0.586658 0.145588 0.582917 0.144035 0.602935
0 0.257657 0.907174 0.260938 0.887817 0.250976 0.882481 0.247695 0.901838
0 0.584244 0.688079 0.587508 0.60552 0.548704 0.600671 0.54544 0.68323
0 0.033654 0.693601 0.0364569 0.673163 0.0238326 0.667691 0.0210296 0.688129
0 0.0450337 0.791144 0.0456689 0.770957 0.0332519 0.769723 0.0326167 0.78991
0 0.312118 0.926515 0.313679 0.907666 0.303715 0.905057 0.302153 0.923906
0 0.435747 0.715213 0.436829 0.69357 0.424348 0.691598 0.423267 0.713241
0 0.574174 0.892299 0.580703 0.868744 0.564522 0.854568 0.557992 0.878123
0 0.908755 0.756932 0.919888 0.734874 0.904998 0.711122 0.893865 0.73318
0 0.202078 0.618003 0.204112 0.598445 0.192029 0.594474 0.189995 0.614032
0 0.448047 0.394765 0.453962 0.368706 0.442165 0.360242 0.436249 0.386301
0 0.404801 1.00331 0.403885 0.984334 0.386304 0.987017 0.38722 1.006
0 0.0564044 0.903675 0.0588184 0.876132 0.044844 0.872261 0.04243 0.899804
0 0.134618 0.711204 0.130737 0.680162 0.106875 0.689588 0.110755 0.720631
0 0.375402 0.860577 0.37822 0.841387 0.367581 0.83645 0.364763 0.85564
0 0.286344 0.942556 0.289242 0.925634 0.278909 0.92004 0.276011 0.936963
0 0.581736 0.683976 0.583298 0.643654 0.560221 0.640829 0.558659 0.681151
0 0.482716 1.01173 0.480064 0.934935 0.419201 0.941578 0.421854 1.01838
0 0.163574 0.766037 0.165302 0.746198 0.151807 0.742484 0.150079 0.762322
0 0.538085 0.793099 0.541552 0.778204 0.531586 0.770871 0.528118 0.785766
0 0.35842 1.01375 0.373886 0.978291 0.360675 0.960081 0.345209 0.995542
0 0.595495 1.01492 0.641614 0.982161 0.612926 0.854521 0.566807 0.887281
0 0.221331 0.932527 0.22794 0.906032 0.217618 0.897895 0.211009 0.92439
0 0.236587 0.966653 0.241285 0.949849 0.232637 0.942207 0.227939 0.959011
0 0.41189 0.95708 0.41253 0.925164 0.393246 0.923943 0.392607 0.955858
0 0.34367 0.861109 0.347577 0.841433 0.34027 0.836847 0.336363 0.856522
0 0.263037 0.888734 0.26659 0.873944 0.258045 0.867458 0.254492 0.882247
0 0.243474 0.953279 0.250112 0.932571 0.240885 0.923224 0.234247 0.943931
0 0.296426 1.00284 0.30151 0.975029 0.290421 0.968623 0.285337 0.996438
0 0.103508 0.3322 0.118321 0.304029 0.0985341 0.271144 0.0837203 0.299315
0 0.641238 0.38074 0.647051 0.307456 0.61237 0.298761 0.606556 0.372045
0 0.240018 0.891808 0.245096 0.876355 0.237134 0.868087 0.232057 0.88354
0 0.148013 0.778686 0.153981 0.752461 0.143734 0.745091 0.137766 0.771316
0 0.362224 0.932033 0.36762 0.913696 0.357873 0.90463 0.352476 0.922968
0 0.0651478 0.841764 0.067841 0.815807 0.0535797 0.81113 0.0508864 0.837088
0 0.0746705 0.923167 0.0822761 0.896465 0.0664279 0.882198 0.0588222 0.9089
0 0.241259 0.767966 0.242801 0.748776 0.224671 0.744173 0.22313 0.763362
0 0.902636 0.718334 0.904908 0.695386 0.890496 0.690876 0.888224 0.713824
0 1.00008 0.633562 1.00508 0.614545 0.989731 0.601812 0.984738 0.620829
0 0.222224 0.673709 0.224414 0.651486 0.212284 0.647709 0.210095 0.669932
0 0.641732 0.876778 0.647384 0.850368 0.629074 0.837984 0.623422 0.864394
0 0.406283 0.416854 0.410148 0.380008 0.390334 0.373438 0.386468 0.410284
0 0.288381 0.925778 0.292011 0.906398 0.281421 0.900129 0.277791 0.919508
0 0.466548 0.399896 0.470603 0.367217 0.454919 0.361066 0.450864 0.393745
0 0.0574633 0.128399 0.0624407 -0.0163434 -0.0175639 -0.0250385 -0.0225413 0.119704
0 0.070783 0.747916 0.083707 0.715847 0.0701181 0.698539 0.057194 0.730608
0 0.373878 0.968084 0.377331 0.948509 0.368035 0.943327 0.364583 0.962903
0 0.490663 0.78424 0.492744 0.760434 0.479898 0.756886 0.477818 0.780692
0 0.732446 0.997313 0.731428 0.910862 0.694766 0.912227 0.695784 0.998677
0 0.175329 0.751231 0.177621 0.732317 0.165577 0.727703 0.163285 0.746617
0 0.741594 0.63206 0.741883 0.592639 0.718392 0.592096 0.718103 0.631517
0 0.419113 1.02255 0.446834 0.977847 0.426217 0.937442 0.398496 0.982147
0 0.102629 0.826582 0.103428 0.800665 0.0880883 0.79917 0.0872891 0.825087
0 0.15894 0.833998 0.169361 0.812125 0.160494 0.798774 0.150073 0.820647
0 0.530856 0.138549 0.534013 0.0895189 0.498339 0.0822604 0.495183 0.131291
0 0.564457 0.405447 0.570724 0.383645 0.554315 0.368736 0.548048 0.390538
0 0.392996 0.893277 0.40316 0.862668 0.389 0.847807 0.378835 0.878416
0 0.354457 0.858907 0.359208 0.83417 0.349673 0.828382 0.344922 0.853119
0 0.221092 0.995364 0.227234 0.971647 0.215185 0.961785 0.209043 0.985502
0 0.545322 0.931372 0.551836 0.891581 0.536442 0.883617 0.529928 0.923408
0 1.00114 0.578703 1.00294 0.552189 0.988289 0.549038 0.986486 0.575552
0 0.678038 0.797562 0.677273 0.759594 0.650755 0.761282 0.65152 0.79925
0 0.354264 0.421478 0.358574 0.39814 0.34155 0.388205 0.337241 0.411543
0 0.205043 0.971197 0.216342 0.957467 0.209301 0.939155 0.198002 0.952885
0 0.337136 0.895271 0.339866 0.877537 0.330099 0.872785 0.327368 0.890519
0 0.0640781 0.94717 0.087924 0.923555 0.0801051 0.898602 0.0562592 0.922217
0 0.533247 0.7046 0.535251 0.684935 0.524073 0.681336 0.522069 0.701001
0 0.282791 0.906662 0.286295 0.887385 0.27701 0.882051 0.273506 0.901328
0 0.523071 0.811981 0.528292 0.785076 0.516216 0.77767 0.510995 0.804576
0 0.0423925 0.879906 0.0411072 0.845753 0.0157988 0.848763 0.017084 0.882916
0 0.594828 1.00774 0.597351 0.979092 0.576727 0.973351 0.574204 1.002
0 0.252112 0.998095 0.252881 0.974011 0.236703 0.97238 0.235935 0.996465
0 0.181404 0.822142 0.182134 0.806544 0.172115 0.805061 0.171384 0.820659
0 0.642866 0.83408 0.644636 0.808331 0.629882 0.805125 0.628112 0.830874
0 0.533977 0.749772 0.535335 0.729641 0.524197 0.727266 0.522839 0.747397
0 0.201978 0.108417 0.215545 0.101625 0.198063 -0.00873448 0.184496 -0.00194185
0 0.55263 0.403649 0.552452 0.366319 0.526133 0.366716 0.526311 0.404045
0 0.133133 0.904055 0.147111 0.87887 0.13721 0.861503 0.123232 0.886688
0 0.334051 0.995467 0.337778 0.973532 0.327767 0.968157 0.32404 0.990091
0 0.337485 0.94956 0.341723 0.928618 0.331292 0.921946 0.327053 0.942888
0 0.293805 0.80507 0.295314 0.785797 0.283723 0.782929 0.282214 0.802202
0 0.562131 0.689371 0.564268 0.656029 0.547445 0.652621 0.545308 0.685964
0 0.294221 0.870099 0.299216 0.845139 0.288367 0.838277 0.283372 0.863237
0 0.0856008 0.880397 0.0854903 0.847245 0.0630641 0.847481 0.0631746 0.880634
0 0.189768 0.564002 0.191816 0.549776 0.178509 0.543721 0.17646 0.557947
0 0.732932 0.804991 0.742854 0.754706 0.711456 0.735126 0.701534 0.785411
0 0.911267 0.761973 0.922458 0.744274 0.91034 0.720059 0.899149 0.737757
0 0.897623 0.743614 0.900754 0.723298 0.879908 0.713142 0.876776 0.733459
0 0.300982 0.920548 0.302327 0.902993 0.292694 0.90066 0.291349 0.918215
0 0.534365 0.956241 0.537777 0.925206 0.521217 0.919451 0.517804 0.950486
0 0.569625 0.723827 0.572551 0.70421 0.561643 0.699068 0.558717 0.718684
0 0.931716 0.762027 0.937624 0.73295 0.918284 0.720532 0.912376 0.749608
0 0.0953631 0.80444 0.0977577 0.784559 0.0853284 0.779827 0.0829338 0.799708
0 0.910893 0.62172 0.913691 0.590465 0.897374 0.585848 0.894576 0.617103
0 0.575585 1.00505 0.576995 0.977072 0.556439 0.973799 0.555029 1.00178
0 0.337581 0.419823 0.340395 0.393025 0.322131 0.386964 0.319317 0.413761
0 0.477217 0.683533 0.479952 0.660117 0.466239 0.655054 0.463504 0.67847
0 0.357088 0.880519 0.360206 0.861739 0.351884 0.857373 0.348766 0.876153
0 0.582718 0.829841 0.584588 0.8113 0.574837 0.80819 0.572966 0.826731
0 0.175685 0.872464 0.177698 0.844444 0.160128 0.840455 0.158115 0.868475
