0 0.507755 0.986244 0.52276 0.927846 0.496253 0.906321 0.481249 0.96472
0 0.599543 0.873802 0.608865 0.841121 0.586327 0.820803 0.577005 0.853483
0 0.0607725 0.606014 0.0856676 0.579927 0.0755148 0.549305 0.0506198 0.575393
0 0.248839 0.754159 0.25017 0.729202 0.235366 0.726707 0.234035 0.751664
0 0.539448 0.770804 0.553603 0.747942 0.534999 0.711535 0.520843 0.734397
0 0.508365 0.918315 0.509937 0.891565 0.491427 0.888128 0.489856 0.914878
0 0.638959 0.860828 0.638431 0.822766 0.615748 0.823762 0.616276 0.861823
0 0.218003 0.935438 0.229933 0.904658 0.219582 0.891978 0.207652 0.922758
0 0.353473 0.976635 0.369178 0.91252 0.342565 0.891918 0.32686 0.956032
0 0.186981 1.00786 0.190748 0.96813 0.16923 0.961682 0.165463 1.00141
0 0.513429 0.76946 0.51454 0.748852 0.503415 0.746957 0.502304 0.767564
0 0.488946 0.855619 0.498918 0.838934 0.487244 0.816884 0.477272 0.833568
0 0.0956842 0.86185 0.105206 0.815352 0.0833937 0.801235 0.0738721 0.847734
0 0.459817 0.911354 0.468211 0.876137 0.4453 0.858878 0.436906 0.894095
0 0.229256 0.705418 0.237505 0.691018 0.224569 0.667597 0.21632 0.681997
0 0.179398 0.894207 0.199538 0.824855 0.169715 0.797484 0.149575 0.866836
0 0.0381499 0.848844 0.0535219 0.828577 0.0447873 0.807639 0.0294153 0.827907
0 0.1322 1.00991 0.159968 0.98952 0.153826 0.96308 0.126058 0.983466
0 0.512164 0.886414 0.519324 0.861961 0.505545 0.84921 0.498386 0.873663
0 0.182366 0.763218 0.184026 0.734756 0.167562 0.731721 0.165902 0.760183
0 0.204325 1.00024 0.211325 0.956632 0.192806 0.947236 0.185806 0.990839
0 0.616907 0.897185 0.627708 0.880467 0.614545 0.853591 0.603745 0.870308
0 0.144032 0.788963 0.148802 0.768132 0.132974 0.756676 0.128204 0.777508
0 0.226539 0.739665 0.22795 0.704174 0.205644 0.701372 0.204233 0.736863
0 0.614973 0.85909 0.619814 0.830438 0.604661 0.822345 0.59982 0.850998
0 0.13347 0.996099 0.171811 0.95458 0.156955 0.91122 0.118614 0.952739
0 0.118445 0.851182 0.152113 0.815766 0.143811 0.790821 0.110142 0.826237
0 0.00548739 1.00716 0.0449629 0.968153 0.0359244 0.939246 -0.00355113 0.978257
0 0.231889 0.594806 0.236432 0.572288 0.221717 0.562905 0.217174 0.585423
0 0.0940999 0.802779 0.114394 0.772133 0.103801 0.749961 0.0835061 0.780607
0 0.393753 0.768188 0.401393 0.742215 0.390625 0.732204 0.382985 0.758177
0 0.410207 0.720415 0.412257 0.697619 0.398971 0.693842 0.39692 0.716637
0 0.0701335 0.995173 0.108974 0.963686 0.0971909 0.917749 0.0583507 0.949236
0 0.110272 0.76029 0.120179 0.741814 0.112119 0.728155 0.102212 0.74663
0 0.16063 0.794957 0.16551 0.775701 0.155129 0.767387 0.150249 0.786643
0 0.225112 0.678151 0.226364 0.65404 0.209476 0.651268 0.208224 0.67538
0 0.0285984 0.710758 0.0245193 0.673209 -0.00121361 0.682043 0.00286545 0.719593
0 0.022605 0.746218 0.0226322 0.705685 -0.00230594 0.705632 -0.00233314 0.746165
0 0.128645 0.933255 0.126757 0.905534 0.107642 0.909649 0.109531 0.93737
0 0.041364 0.925393 0.0347941 0.838357 -0.0136482 0.849914 -0.00707823 0.93695
0 0.536301 0.889731 0.54051 0.858996 0.522649 0.851265 0.51844 0.882
0 0.48329 0.887325 0.499721 0.859077 0.486985 0.835664 0.470554 0.863912
0 0.488829 0.908513 0.505385 0.879496 0.495566 0.861789 0.47901 0.890806
0 0.117558 0.984271 0.132705 0.94119 0.114522 0.920985 0.0993747 0.964066
0 0.234243 0.657315 0.235187 0.638952 0.224913 0.637283 0.223968 0.655645
0 0.0596089 0.571509 0.0608264 0.550302 0.0485206 0.548069 0.0473031 0.569276
0 0.149542 0.840235 0.173285 0.821265 0.167496 0.798364 0.143753 0.817334
0 0.793995 1.03811 0.848115 0.955332 0.782254 0.819249 0.728134 0.902032
0 0.255944 0.65848 0.257871 0.635231 0.240488 0.630677 0.238561 0.653926
0 0.489511 0.952276 0.49765 0.911348 0.482491 0.901821 0.474353 0.94275
0 0.095644 0.889821 0.113636 0.863849 0.104322 0.843456 0.0863296 0.869428
0 0.0800582 0.89877 0.0909287 0.88368 0.0764858 0.850797 0.0656152 0.865886
0 0.226341 0.637935 0.228511 0.617185 0.217849 0.613662 0.215679 0.634412
0 0.0487472 0.61704 0.0468952 0.595787 0.0293603 0.600616 0.0312123 0.621869
0 0.404998 0.764914 0.423607 0.746778 0.417693 0.727599 0.399084 0.745734
0 0.189339 0.916284 0.200556 0.8867 0.18822 0.871918 0.177004 0.901502
0 0.31731 0.328076 0.330711 0.274317 0.295204 0.246343 0.281803 0.300101
0 0.178365 0.708431 0.191238 0.683386 0.181944 0.668287 0.16907 0.693333
0 0.537608 0.846875 0.544368 0.818642 0.532803 0.80989 0.526043 0.838123
0 0.534592 0.91362 0.53858 0.887768 0.523211 0.880275 0.519224 0.906127
0 0.659501 0.862356 0.665408 0.840121 0.654357 0.830844 0.64845 0.853079
0 0.485472 0.989583 0.493802 0.965323 0.482549 0.953112 0.474219 0.977372
0 0.11055 0.844379 0.117917 0.813728 0.103946 0.803115 0.0965793 0.833766
0 0.200883 0.904525 0.216786 0.884423 0.2093 0.865706 0.193397 0.885807
0 0.0682996 1.01154 0.1041 0.993795 0.0988471 0.96029 0.0630464 0.978031
0 0.166423 0.814846 0.181373 0.796796 0.174531 0.778885 0.159581 0.796934
0 0.396924 0.800854 0.404823 0.765161 0.393101 0.756962 0.385202 0.792655
0 0.327535 0.964516 0.337023 0.932567 0.322952 0.91936 0.313464 0.951309
0 0.173591 0.910419 0.180562 0.889582 0.168962 0.877317 0.161991 0.898154
0 0.128941 0.618574 0.124608 0.593148 0.101441 0.605626 0.105774 0.631052
0 0.264657 0.981601 0.277953 0.958718 0.268183 0.940778 0.254888 0.96366
0 0.100008 0.909541 0.114172 0.882405 0.105032 0.867329 0.0908684 0.894464
0 0.122022 0.788572 0.124604 0.772008 0.113475 0.766526 0.110893 0.783091
0 0.25927 0.626723 0.261196 0.604526 0.246471 0.600488 0.244544 0.622684
0 0.0829336 0.809297 0.0865905 0.784679 0.0745064 0.779006 0.0708495 0.803624
0 0.634362 0.82858 0.636826 0.794488 0.620119 0.790673 0.617656 0.824765
0 0.0398075 0.585687 0.0392647 0.563028 0.0184981 0.564601 0.0190409 0.587259
0 0.98707 1.04417 1.01475 0.870536 0.83104 0.777982 0.803361 0.951619
0 0.268802 0.910217 0.274289 0.861883 0.250058 0.853189 0.244571 0.901524
0 0.29789 0.861007 0.303084 0.837858 0.291173 0.829411 0.285979 0.85256
0 0.286357 0.846337 0.294978 0.825752 0.28563 0.813379 0.277009 0.833964
0 0.283373 1.00902 0.292412 0.987787 0.283166 0.97535 0.274127 0.996588
0 0.560265 0.989111 0.571416 0.96986 0.550239 0.93109 0.539087 0.950341
0 0.219746 0.908522 0.233476 0.886418 0.224019 0.867851 0.210289 0.889955
0 0.385361 0.562018 0.38699 0.536903 0.372859 0.534006 0.37123 0.559121
0 0.591435 0.803787 0.591592 0.777925 0.578219 0.777669 0.578063 0.803531
0 0.0525858 0.549958 0.0522213 0.530016 0.0374398 0.53087 0.0378043 0.550812
0 0.0329655 0.612033 0.0302836 0.581521 0.000629114 0.589759 0.00331093 0.62027
0 0.239123 0.801158 0.242484 0.778804 0.22911 0.77245 0.225749 0.794804
0 0.0980165 0.740706 0.105607 0.714156 0.0936451 0.703348 0.0860546 0.729897
0 0.0132637 0.679453 0.0233368 0.622565 -0.00172828 0.608538 -0.0118014 0.665426
0 0.0766887 0.8577 0.0813563 0.828429 0.0674218 0.821406 0.0627542 0.850677
0 0.631909 0.964888 0.648558 0.920077 0.617106 0.883143 0.600457 0.927954
0 0.242076 0.780847 0.240399 0.745149 0.217546 0.748542 0.219224 0.784241
0 0.241858 0.977531 0.252974 0.946854 0.243538 0.936048 0.232422 0.966725
0 0.565568 0.916112 0.56936 0.884341 0.554569 0.87876 0.550776 0.910531
0 0.128252 0.875584 0.153672 0.85236 0.146121 0.82624 0.120701 0.849464
0 0.213284 1.00446 0.235559 0.966247 0.223887 0.944746 0.201612 0.982962
0 0.662881 0.805989 0.669874 0.785816 0.659309 0.774242 0.652317 0.794415
0 0.267504 0.667805 0.26994 0.648016 0.258187 0.643445 0.255751 0.663234
0 0.388665 0.541033 0.391424 0.522833 0.379504 0.517122 0.376745 0.535322
0 0.164868 0.93264 0.177468 0.91132 0.1686 0.894757 0.156 0.916076
0 0.358024 0.889365 0.362346 0.867665 0.351101 0.860587 0.346779 0.882286
0 0.133123 0.910583 0.141943 0.886396 0.132155 0.875116 0.123335 0.899303
0 0.337651 0.977447 0.342529 0.95461 0.329361 0.945722 0.324484 0.968559
0 0.109465 0.699094 0.109799 0.675161 0.0944789 0.674486 0.0941451 0.698418
0 0.0714479 0.562534 0.0729035 0.547401 0.0623482 0.544192 0.0608926 0.559325
0 0.383681 0.790105 0.392262 0.769151 0.378097 0.750818 0.369516 0.771771
0 0.253225 0.973547 0.268901 0.946396 0.260203 0.930524 0.244527 0.957675
0 0.104413 0.749036 0.111932 0.726709 0.103997 0.718264 0.0964784 0.740591
0 0.653531 0.935391 0.654668 0.909268 0.63792 0.906963 0.636783 0.933087
0 0.554902 1.00526 0.559949 0.973989 0.539783 0.963705 0.534736 0.994981
0 0.208759 0.777984 0.225651 0.752993 0.212746 0.725425 0.195854 0.750416
0 0.149033 0.768412 0.150777 0.749376 0.13692 0.745364 0.135176 0.7644
0 0.297662 0.968155 0.305072 0.941313 0.292924 0.930715 0.285514 0.957557
0 0.382767 0.920295 0.384503 0.89631 0.371688 0.893377 0.369951 0.917362
0 0.675248 0.853552 0.679869 0.83188 0.66383 0.821071 0.659209 0.842743
0 0.182633 0.655877 0.1907 0.637529 0.182387 0.625977 0.17432 0.644325
0 0.571306 0.932558 0.575382 0.906433 0.560757 0.899221 0.556681 0.925347
0 0.249452 0.714779 0.250372 0.699244 0.239244 0.697161 0.238324 0.712696
0 0.566791 0.951469 0.570456 0.930383 0.553521 0.921082 0.549856 0.942168
0 0.204604 0.93316 0.217242 0.902496 0.204984 0.886528 0.192345 0.917191
0 0.259161 0.864603 0.266457 0.842581 0.255832 0.831455 0.248536 0.853478
0 0.159396 0.736774 0.160484 0.714803 0.146295 0.712582 0.145207 0.734552
0 0.265742 1.00671 0.268125 0.983875 0.25411 0.979251 0.251727 1.00208
0 0.0442787 0.95098 0.0470509 0.925748 0.0337164 0.921118 0.0309442 0.94635
0 0.0833351 0.728283 0.0923756 0.708425 0.0836069 0.695808 0.0745665 0.715666
0 0.0804111 0.772499 0.0847059 0.746108 0.0718111 0.739476 0.0675164 0.765867
0 0.223614 0.808234 0.222359 0.773028 0.194441 0.776172 0.195696 0.811379
0 0.240331 0.935954 0.252349 0.891161 0.234592 0.876103 0.222574 0.920897
0 0.307557 0.997812 0.316129 0.973162 0.307327 0.963488 0.298755 0.988139
0 0.132999 0.768524 0.133902 0.747063 0.123263 0.74565 0.122361 0.767111
0 0.114999 0.667059 0.122197 0.645558 0.112364 0.635154 0.105166 0.656655
0 0.0855429 0.92513 0.096266 0.901555 0.0850242 0.885395 0.0743011 0.90897
0 0.17967 0.640664 0.187513 0.617407 0.175585 0.604695 0.167742 0.627952
0 0.141823 0.930974 0.147092 0.908113 0.133109 0.897927 0.12784 0.920788
0 0.127637 0.734074 0.128305 0.710402 0.114364 0.709159 0.113696 0.732831
0 0.381622 0.636028 0.383086 0.609981 0.370778 0.607794 0.369313 0.633841
0 0.411787 0.868584 0.412775 0.839429 0.396779 0.837717 0.395792 0.866871
0 0.237089 0.637832 0.239285 0.61989 0.229885 0.616254 0.22769 0.634197
0 0.131896 0.808236 0.140398 0.78737 0.131874 0.776394 0.123372 0.79726
0 0.267271 0.93062 0.281743 0.908508 0.27421 0.892926 0.259738 0.915037
0 0.171022 0.781386 0.173888 0.761036 0.160602 0.755123 0.157736 0.775473
0 0.321253 0.9998 0.330794 0.967084 0.319519 0.956691 0.309977 0.989407
0 0.203493 0.644764 0.205873 0.623215 0.191553 0.618217 0.189173 0.639766
0 0.224771 1.01558 0.244038 0.9893 0.233237 0.964279 0.21397 0.990564
0 0.470774 1.00178 0.478157 0.977157 0.4658 0.965448 0.458417 0.990074
0 0.197891 0.663387 0.200181 0.644549 0.189304 0.640372 0.187015 0.65921
0 0.310357 0.969324 0.317285 0.948964 0.306739 0.937623 0.299811 0.957983
0 0.315771 0.942609 0.32316 0.921814 0.3076 0.904338 0.300211 0.925133
0 0.599382 0.836905 0.623654 0.80466 0.610391 0.773109 0.58612 0.805353
0 0.282374 0.821113 0.284438 0.800147 0.273183 0.796646 0.271119 0.817612
0 0.276329 0.733532 0.277392 0.710009 0.263137 0.707974 0.262074 0.731497
0 0.118952 0.77226 0.123201 0.75267 0.114254 0.746537 0.110005 0.766127
0 0.641789 0.896622 0.647627 0.851834 0.631623 0.84524 0.625784 0.890028
0 0.587473 0.945788 0.600388 0.91957 0.581415 0.890031 0.5685 0.916248
0 0.578988 0.899168 0.581489 0.874995 0.568942 0.870893 0.566442 0.895065
0 0.143713 0.316224 0.141362 0.272619 0.122795 0.275782 0.125145 0.319386
0 0.317863 0.889481 0.320988 0.872408 0.30949 0.865757 0.306365 0.882829
0 0.456648 0.842934 0.462551 0.82145 0.452251 0.812505 0.446348 0.833989
0 0.209221 0.616337 0.215723 0.59034 0.206022 0.582672 0.19952 0.60867
0 0.122009 0.895715 0.126666 0.87535 0.116581 0.86806 0.111923 0.888425
0 0.0332689 0.562576 0.0338254 0.545559 0.0203961 0.544171 0.0198396 0.561188
0 0.133045 0.638999 0.134619 0.619394 0.12425 0.616763 0.122676 0.636369
0 0.208158 0.702094 0.20892 0.684171 0.200726 0.68307 0.199964 0.700993
0 0.653051 0.850425 0.65523 0.826712 0.640994 0.822578 0.638815 0.84629
0 0.382991 0.51878 0.388654 0.496021 0.373964 0.484468 0.3683 0.507227
0 0.165435 0.752978 0.170473 0.731366 0.159446 0.723243 0.154408 0.744854
0 0.370269 0.914799 0.37204 0.893789 0.360595 0.890739 0.358823 0.911748
0 0.271389 0.816949 0.277001 0.797309 0.268929 0.79002 0.263318 0.809661
0 0.0548382 1.00713 0.0598071 0.976505 0.0435658 0.968176 0.038597 0.998797
0 0.0553449 0.589474 0.0619208 0.56907 0.0521194 0.559087 0.0455435 0.579491
0 0.233791 0.888853 0.242142 0.867015 0.232976 0.855936 0.224624 0.877773
0 0.1689 0.65411 0.172419 0.631905 0.163198 0.627287 0.159679 0.649492
0 0.207075 0.675679 0.208527 0.65644 0.198285 0.653995 0.196832 0.673235
0 0.196346 0.712224 0.196522 0.694314 0.184508 0.693941 0.184332 0.711851
0 0.274702 0.847464 0.280575 0.824458 0.268194 0.814469 0.262321 0.837475
0 0.322002 0.241789 0.345131 0.227086 0.323626 0.120174 0.300497 0.134877
0 0.496586 0.72125 0.505016 0.701711 0.496548 0.690163 0.488118 0.709703
0 0.0757265 0.785641 0.0777246 0.767513 0.0667451 0.763688 0.0647471 0.781816
0 0.246641 0.684907 0.253482 0.66652 0.244742 0.656243 0.237901 0.67463
0 0.187443 0.92313 0.194559 0.897139 0.184196 0.888171 0.17708 0.914162
0 0.474667 0.903532 0.478023 0.880304 0.467285 0.875401 0.463929 0.898629
0 0.179442 0.73512 0.180047 0.716927 0.16926 0.715792 0.168655 0.733985
0 0.646686 0.826809 0.647892 0.800127 0.633966 0.798138 0.63276 0.82482
0 0.0658673 0.651989 0.061423 0.609935 0.016751 0.624855 0.0211953 0.66691
0 0.213077 0.655177 0.214794 0.63638 0.203983 0.63326 0.202266 0.652057
0 0.0345829 0.86393 0.038321 0.844005 0.0201526 0.833233 0.0164146 0.853158
0 0.0384402 0.705628 0.0410071 0.685095 0.0290108 0.680356 0.0264439 0.700888
0 0.184057 0.959427 0.189957 0.931899 0.178226 0.923953 0.172326 0.951481
0 0.235646 0.953827 0.245484 0.927598 0.234497 0.914574 0.224659 0.940803
0 0.463014 0.97048 0.468918 0.938064 0.456792 0.931085 0.450888 0.9635
0 0.361944 0.906393 0.364489 0.887595 0.351766 0.88215 0.349221 0.900949
0 0.358939 0.565892 0.362707 0.548976 0.355309 0.543768 0.351541 0.560685
0 0.450789 0.87463 0.454008 0.851491 0.44015 0.845399 0.436931 0.868538
0 0.861182 0.641952 0.85542 0.575215 0.815652 0.586068 0.821414 0.652805
0 0.207279 0.794225 0.22657 0.752589 0.20882 0.726597 0.189529 0.768233
0 0.172285 0.949419 0.18147 0.922833 0.171159 0.911575 0.161974 0.93816
0 0.271004 0.562847 0.276375 0.540985 0.266845 0.533586 0.261474 0.555448
0 0.0527667 0.861827 0.0675276 0.837149 0.0568166 0.816901 0.0420557 0.84158
0 0.540364 0.96991 0.543043 0.946401 0.529986 0.941698 0.527307 0.965207
0 0.21132 0.881539 0.230837 0.866678 0.226281 0.847766 0.206764 0.862627
0 0.155917 0.775388 0.159818 0.754729 0.151622 0.749838 0.147721 0.770497
0 0.537287 1.00361 0.540152 0.969757 0.521795 0.964848 0.518931 0.998703
0 0.548931 0.934613 0.555701 0.916507 0.538021 0.895613 0.531251 0.91372
0 0.19666 0.764241 0.206944 0.740143 0.197766 0.727764 0.187482 0.751861
0 0.376166 0.900291 0.378039 0.882142 0.366739 0.878457 0.364866 0.896606
0 0.529524 0.856841 0.530874 0.821712 0.51171 0.819384 0.51036 0.854513
0 0.696435 0.830797 0.700417 0.812467 0.686929 0.803206 0.682947 0.821536
0 0.409945 0.786059 0.414977 0.765572 0.404976 0.757808 0.399944 0.778296
0 0.106329 0.864533 0.116689 0.84607 0.108146 0.83092 0.0977861 0.849382
0 0.0973658 0.761813 0.102441 0.740205 0.0916314 0.732181 0.0865564 0.753789
0 0.240316 0.671348 0.248019 0.654398 0.240003 0.642885 0.2323 0.659835
0 0.110943 0.924161 0.112417 0.901141 0.0981383 0.898252 0.0966645 0.921272
0 0.172588 0.724025 0.174964 0.709026 0.1672 0.70514 0.164825 0.720139
0 0.370223 0.606941 0.370901 0.585925 0.358759 0.584686 0.358081 0.605702
0 0.250634 0.997404 0.257419 0.975241 0.245481 0.963691 0.238696 0.985854
0 0.655142 0.887503 0.662168 0.861579 0.649467 0.850701 0.642442 0.876625
0 0.192047 0.749781 0.197671 0.728061 0.18958 0.721439 0.183956 0.743159
0 0.230164 0.842704 0.238534 0.820516 0.230667 0.811138 0.222297 0.833325
0 0.250106 0.788301 0.252579 0.769037 0.241647 0.764601 0.239173 0.783864
0 0.138738 0.526535 0.139576 0.508002 0.125581 0.506003 0.124744 0.524536
0 0.105571 0.941599 0.10747 0.921575 0.0899376 0.916317 0.0880378 0.936341
0 0.221697 0.651548 0.22237 0.636043 0.213046 0.634765 0.212373 0.65027
0 0.296114 0.991298 0.304372 0.969939 0.29591 0.959598 0.287652 0.980958
0 0.27351 0.997349 0.280818 0.974058 0.270891 0.964213 0.263583 0.987504
0 0.198085 0.961323 0.208164 0.928741 0.195844 0.916696 0.185765 0.949278
0 0.260601 0.928544 0.265205 0.90746 0.254459 0.900045 0.249856 0.92113
0 0.192064 0.93816 0.198985 0.917276 0.189304 0.907136 0.182383 0.928021
0 0.366531 0.579085 0.369705 0.560826 0.360659 0.555855 0.357484 0.574114
0 0.336319 0.918365 0.338925 0.897929 0.327876 0.893475 0.32527 0.913911
0 0.396304 0.849595 0.397341 0.825217 0.379719 0.822847 0.378682 0.847225
0 0.511029 0.849792 0.51239 0.826624 0.501373 0.824578 0.500012 0.847746
0 0.1832 0.790147 0.185778 0.76925 0.172468 0.764061 0.16989 0.784958
0 0.623322 0.981607 0.631015 0.96601 0.616263 0.943014 0.60857 0.958611
0 0.421492 0.607977 0.42738 0.58502 0.418345 0.577697 0.412457 0.600653
0 0.291146 0.686927 0.362602 0.605235 0.327109 0.507115 0.255653 0.588806
0 0.259855 0.76188 0.270394 0.742049 0.261421 0.726977 0.250882 0.746808
0 0.0738635 0.543176 0.0737961 0.527148 0.061718 0.527308 0.0617853 0.543337
0 0.113912 0.817755 0.118313 0.795887 0.105111 0.787491 0.100711 0.809359
0 0.672102 0.873341 0.674844 0.850562 0.661577 0.845514 0.658835 0.868294
0 0.054205 0.879834 0.063612 0.860648 0.0555152 0.848101 0.0461083 0.867288
0 0.512805 0.900866 0.516422 0.881 0.502955 0.873252 0.499339 0.893119
0 0.0293188 0.771726 0.0273516 0.745541 0.00420449 0.751037 0.00617173 0.777222
0 0.0721327 0.641649 0.0724108 0.612204 0.0567561 0.611736 0.0564779 0.641182
0 0.692887 0.856947 0.693907 0.833272 0.677853 0.831088 0.676834 0.854763
0 0.0654752 0.817464 0.0657161 0.79289 0.050077 0.792406 0.0498361 0.81698
0 0.164073 0.677371 0.165407 0.658573 0.155334 0.656314 0.154 0.675112
0 0.269927 0.76427 0.276638 0.742784 0.269322 0.735561 0.26261 0.757047
0 0.570529 0.856329 0.578347 0.838065 0.565271 0.820376 0.557453 0.83864
0 0.414338 0.579956 0.415964 0.556824 0.405069 0.554403 0.403442 0.577535
0 0.0216636 0.588632 0.0215235 0.569666 0.0070893 0.570003 0.0072294 0.588969
0 0.153851 0.928408 0.162557 0.902244 0.150036 0.889076 0.14133 0.915241
0 0.0447774 0.622022 0.0431534 0.598716 0.0231815 0.603114 0.0248055 0.62642
0 0.390349 0.710327 0.393608 0.693024 0.383552 0.687038 0.380293 0.704341
0 0.155394 0.854165 0.161252 0.828141 0.148509 0.819074 0.14265 0.845098
0 0.131741 0.640355 0.132197 0.622744 0.121454 0.621866 0.120998 0.639477
0 0.721502 0.798268 0.723784 0.777753 0.704894 0.771113 0.702612 0.791628
0 0.372878 0.519466 0.378601 0.496879 0.361247 0.482984 0.355525 0.505571
0 0.156844 0.908338 0.166386 0.884299 0.156005 0.871276 0.146463 0.895315
0 0.388429 0.811554 0.39154 0.793282 0.38161 0.787938 0.378499 0.806211
0 0.13957 0.675468 0.140623 0.660021 0.129876 0.657704 0.128822 0.673151
0 0.269381 0.65294 0.272632 0.632656 0.258627 0.625564 0.255376 0.645847
0 0.200533 0.136185 0.19705 0.0831042 0.155822 0.0916546 0.159306 0.144735
0 0.218224 0.627422 0.220598 0.609335 0.209904 0.604899 0.20753 0.622986
0 0.198727 0.801645 0.206878 0.769548 0.194357 0.759499 0.186206 0.791597
0 0.407441 0.738811 0.409504 0.720485 0.397955 0.716377 0.395893 0.734703
0 0.200967 0.836278 0.206444 0.804135 0.187099 0.793719 0.181623 0.825862
0 0.156508 0.818195 0.169601 0.797771 0.162747 0.783884 0.149654 0.804308
0 0.0824369 0.618796 0.0854615 0.598308 0.0745153 0.593201 0.0714907 0.613689
0 0.372861 0.953553 0.380648 0.926587 0.370587 0.917403 0.362799 0.944369
0 0.0864809 0.748757 0.0910449 0.730364 0.0811224 0.722582 0.0765584 0.740975
0 0.653609 0.806012 0.655956 0.778493 0.642391 0.774837 0.640044 0.802356
0 0.192321 0.302661 0.205836 0.214614 0.151607 0.188307 0.138093 0.276354
0 0.263235 0.935337 0.277086 0.916518 0.271566 0.90368 0.257716 0.9225
0 0.141893 0.753174 0.144001 0.736198 0.13328 0.731988 0.131171 0.748964
0 0.579156 1.00335 0.583073 0.977843 0.56479 0.968971 0.560873 0.99448
0 0.332782 1.00554 0.341773 0.976857 0.329969 0.965166 0.320979 0.993853
0 0.576733 0.810054 0.577944 0.792175 0.566188 0.789659 0.564978 0.807538
0 0.132112 0.74717 0.133582 0.728717 0.12529 0.72663 0.12382 0.745083
0 0.248169 0.962503 0.258148 0.929877 0.246791 0.9189 0.236813 0.951526
0 0.112245 0.588954 0.11383 0.573969 0.104225 0.57076 0.10264 0.585745
0 0.446199 0.968241 0.449288 0.947639 0.439491 0.942997 0.436402 0.963599
0 0.213883 0.960065 0.223551 0.933538 0.212984 0.921365 0.203316 0.947892
0 0.0717569 0.816824 0.0726876 0.79627 0.0600061 0.794455 0.0590755 0.815009
0 0.239718 0.249389 0.241266 0.22116 0.224434 0.218243 0.222886 0.246471
0 0.599837 0.83876 0.610149 0.805074 0.589633 0.785225 0.579321 0.81891
0 0.358987 0.638944 0.359007 0.593307 0.34202 0.593284 0.342001 0.638921
0 0.509759 0.124286 0.51569 0.0860731 0.473941 0.0655923 0.46801 0.103805
0 0.0524653 0.531782 0.0504921 0.50982 0.0318426 0.515115 0.0338158 0.537078
0 0.520915 0.906835 0.523519 0.886337 0.511826 0.881643 0.509222 0.902142
0 0.29099 0.939028 0.29349 0.915417 0.275808 0.909499 0.273308 0.93311
0 0.0524283 0.568857 0.0536423 0.549635 0.042806 0.547472 0.041592 0.566694
0 0.574847 0.877916 0.578767 0.861936 0.566439 0.852378 0.562519 0.868357
0 0.142765 0.663035 0.144141 0.643928 0.133078 0.64141 0.131702 0.660517
0 0.315548 0.901018 0.317612 0.883721 0.305997 0.879341 0.303933 0.896638
0 0.661806 0.840917 0.664423 0.821641 0.653037 0.816756 0.65042 0.836032
0 0.382949 0.977137 0.396449 0.932517 0.382856 0.919518 0.369355 0.964138
0 0.241142 0.531408 0.242363 0.516952 0.231653 0.514091 0.230431 0.528547
0 0.400011 0.583937 0.401701 0.56379 0.390038 0.560697 0.388348 0.580844
0 0.582989 0.821822 0.583416 0.802194 0.57098 0.801338 0.570552 0.820966
0 0.287328 0.881429 0.289944 0.862167 0.279206 0.857558 0.27659 0.876819
0 0.258458 0.769539 0.267846 0.745797 0.258881 0.734592 0.249492 0.758334
0 0.24394 0.698694 0.248916 0.682628 0.242384 0.676234 0.237408 0.692299
0 0.53975 0.952206 0.542645 0.912798 0.518356 0.907157 0.51546 0.946565
0 0.436007 0.980904 0.43736 0.957137 0.426509 0.955185 0.425156 0.978952
0 0.282434 0.988946 0.292396 0.965957 0.282076 0.951822 0.272114 0.97481
0 0.120875 0.881728 0.140619 0.850997 0.129592 0.828608 0.109848 0.859339
0 0.676063 0.769967 0.678075 0.754217 0.666661 0.749609 0.664649 0.76536
0 0.0705265 0.943805 0.0738312 0.919615 0.0604419 0.913834 0.0571373 0.938024
0 0.462414 0.861659 0.467735 0.837651 0.456509 0.829788 0.451189 0.853796
0 0.369681 0.873042 0.371279 0.853872 0.361869 0.851393 0.360271 0.870563
0 0.3853 0.96249 0.397337 0.918695 0.383072 0.906304 0.371035 0.950099
0 0.478831 0.974977 0.485146 0.951128 0.476389 0.943801 0.470075 0.967649
0 0.0653067 0.912527 0.0789337 0.892751 0.0715215 0.876608 0.0578944 0.896384
0 0.0396911 0.829411 0.045179 0.796318 0.0213425 0.783825 0.0158547 0.816917
0 0.197881 0.880682 0.205468 0.860699 0.195788 0.849082 0.188201 0.869066
0 0.0242782 0.753435 0.0235469 0.71838 -0.00324332 0.720146 -0.00251193 0.755202
0 0.482258 0.131803 0.485721 0.103635 0.469694 0.0974087 0.466232 0.125577
0 0.72455 0.348644 0.71819 0.289857 0.69291 0.2985 0.69927 0.357287
0 0.562993 0.801752 0.566834 0.784936 0.556903 0.777766 0.553061 0.794583
0 0.233753 0.751994 0.233915 0.728413 0.221533 0.728144 0.221371 0.751725
0 0.441414 0.775882 0.444487 0.751656 0.430192 0.745925 0.427119 0.770151
0 0.265571 0.847453 0.274072 0.831326 0.266895 0.819369 0.258394 0.835496
0 0.490263 0.809269 0.491084 0.7906 0.479929 0.78905 0.479108 0.807719
0 0.166384 0.623817 0.170035 0.605947 0.160568 0.599833 0.156916 0.617703
0 0.398694 1.00455 0.400361 0.973683 0.380698 0.970328 0.379031 1.0012
0 0.296565 0.687802 0.308678 0.661697 0.297576 0.645415 0.285463 0.671521
0 0.241631 0.578935 0.244418 0.564568 0.23417 0.558288 0.231384 0.572655
0 0.494485 0.618365 0.498912 0.600873 0.486981 0.591328 0.482553 0.608819
0 0.496016 0.829611 0.49909 0.810219 0.485937 0.803631 0.482863 0.823023
0 0.588668 0.66716 0.602608 0.645832 0.593749 0.627532 0.579809 0.64886
0 0.0324801 1.0129 0.0464616 0.979941 0.0321981 0.960818 0.0182166 0.993777
0 0.0631803 0.840677 0.0675972 0.818386 0.0546791 0.810296 0.0502622 0.832587
0 0.350467 0.659505 0.351906 0.642872 0.34053 0.639761 0.339091 0.656394
0 0.469268 0.878466 0.475765 0.854235 0.466362 0.846267 0.459865 0.870497
0 0.363513 0.837485 0.374116 0.817161 0.367157 0.805686 0.356554 0.826011
0 0.0166499 0.98343 0.0416515 0.947218 0.0313228 0.92468 0.0063212 0.960892
0 0.232123 0.518456 0.236235 0.497192 0.226959 0.491523 0.222847 0.512787
0 0.285927 0.234272 0.294784 0.217493 0.270616 0.177178 0.26176 0.193957
0 0.273917 0.951251 0.280376 0.931738 0.270632 0.921545 0.264173 0.941058
0 0.321237 0.51955 0.319985 0.491791 0.295864 0.49523 0.297116 0.522989
