0 0.89209 0.688638 0.888298 0.642544 0.856342 0.650852 0.860134 0.696946
0 0.226809 0.991615 0.217758 0.888776 0.144458 0.909165 0.153508 1.012
0 0.356328 0.984751 0.373904 0.94041 0.356809 0.918995 0.339234 0.963337
0 0.807515 0.722837 0.82147 0.66861 0.800252 0.651353 0.786297 0.70558
0 0.521417 0.917794 0.532718 0.86717 0.511958 0.852523 0.500657 0.903147
0 0.359927 0.951581 0.384949 0.899575 0.360488 0.86238 0.335466 0.914386
0 0.0952247 1.02047 0.132865 0.963009 0.117093 0.930357 0.0794523 0.987819
0 0.240965 0.921929 0.240254 0.885906 0.217586 0.88732 0.218297 0.923343
0 0.332315 1.00961 0.349782 0.976325 0.338258 0.957213 0.320791 0.990499
0 0.984473 1.0762 1.02753 0.837304 0.823579 0.721139 0.780525 0.960031
0 0.569874 0.659374 0.576226 0.638298 0.561714 0.624476 0.555363 0.645553
0 0.548161 0.797074 0.551634 0.773193 0.534418 0.765279 0.530944 0.78916
0 0.349818 0.965691 0.339487 0.881443 0.29834 0.89739 0.308671 0.981638
0 0.758909 0.612232 0.762087 0.568708 0.738405 0.563243 0.735227 0.606767
0 0.558555 0.640136 0.564538 0.619002 0.552142 0.607911 0.546159 0.629046
0 0.415099 1.00615 0.430319 0.993525 0.419167 0.951033 0.403947 0.963658
0 0.372613 0.86778 0.375953 0.840259 0.362574 0.835128 0.359235 0.862649
0 0.146806 0.95907 0.158823 0.886942 0.129098 0.871289 0.11708 0.943417
0 0.798237 1.03632 0.85017 0.951059 0.764019 0.785211 0.712086 0.870471
0 0.463359 0.927474 0.46914 0.873064 0.445896 0.865259 0.440115 0.919668
0 0.253742 0.914455 0.255659 0.884015 0.237874 0.880475 0.235957 0.910915
0 0.550308 0.823361 0.551983 0.794804 0.534284 0.791523 0.532609 0.82008
0 0.575699 0.94988 0.610908 0.914891 0.584239 0.830072 0.549029 0.865061
0 0.644309 0.569545 0.647802 0.522462 0.623301 0.516717 0.619808 0.563801
0 0.533507 0.946933 0.532854 0.919347 0.512795 0.920848 0.513448 0.948434
0 0.257307 0.602517 0.256173 0.54847 0.225207 0.550522 0.226341 0.60457
0 0.0825118 0.973943 0.120982 0.943354 0.109757 0.898738 0.071287 0.929327
0 0.307167 0.967992 0.30385 0.919374 0.274127 0.925784 0.277444 0.974401
0 0.376391 0.548714 0.376404 0.5091 0.353687 0.509077 0.353674 0.54869
0 0.29685 0.85327 0.300192 0.814346 0.278487 0.808456 0.275145 0.847379
0 0.131187 0.998035 0.154273 0.970604 0.142324 0.938821 0.119238 0.966252
0 0.827506 0.676565 0.835011 0.638217 0.797881 0.61525 0.790376 0.653598
0 0.306282 0.837024 0.319917 0.816095 0.311966 0.799723 0.298331 0.820652
0 0.580946 0.63887 0.584634 0.608954 0.570374 0.603398 0.566686 0.633314
0 0.557051 0.959457 0.567241 0.921309 0.54967 0.906475 0.53948 0.944623
0 0.398456 0.933527 0.424017 0.914207 0.418597 0.891542 0.393035 0.910862
0 0.305275 0.999653 0.319007 0.971268 0.304865 0.949644 0.291133 0.978029
0 0.611828 0.481093 0.606182 0.441359 0.577844 0.454084 0.58349 0.493818
0 0.558261 0.771892 0.559272 0.742366 0.544117 0.740727 0.543107 0.770253
0 0.473251 0.996233 0.483657 0.93474 0.442434 0.912693 0.432028 0.974186
0 0.861119 0.758106 0.871195 0.711769 0.827371 0.681651 0.817295 0.727987
0 0.0625098 0.592374 0.0652866 0.556778 0.0395904 0.550443 0.0368136 0.586038
0 0.438167 0.970626 0.4406 0.916998 0.405881 0.912021 0.403449 0.96565
0 0.136807 0.815542 0.161016 0.79012 0.151535 0.761586 0.127326 0.787008
0 0.495358 0.967923 0.499573 0.940683 0.483374 0.932762 0.47916 0.960002
0 0.562281 0.918684 0.563886 0.892456 0.54197 0.888216 0.540364 0.914444
0 0.250009 0.79316 0.250278 0.770059 0.230393 0.769328 0.230124 0.792429
0 0.286751 1.01154 0.298164 0.978351 0.28365 0.962575 0.272237 0.995761
0 0.354414 1.00332 0.365233 0.978763 0.354989 0.964501 0.34417 0.989062
0 0.852365 0.702725 0.856865 0.67961 0.8308 0.663574 0.826301 0.686689
0 0.49819 1.00249 0.506963 0.984544 0.493103 0.963131 0.484329 0.98108
0 0.359179 0.888578 0.367764 0.862513 0.356175 0.85045 0.34759 0.876516
0 0.216004 0.874267 0.230726 0.840971 0.217271 0.822167 0.202548 0.855463
0 0.450538 0.877219 0.452997 0.854062 0.438256 0.849113 0.435796 0.87227
0 0.338928 0.7838 0.340382 0.762946 0.328202 0.760263 0.326749 0.781117
0 0.383659 0.846153 0.386971 0.810007 0.366886 0.804189 0.363573 0.840335
0 0.506148 0.949576 0.507744 0.923924 0.492004 0.920827 0.490407 0.94648
0 0.546767 0.736165 0.555642 0.716711 0.537412 0.690427 0.528537 0.709881
0 0.497594 0.918725 0.494446 0.88351 0.469197 0.890642 0.472345 0.925858
0 0.586048 1.00293 0.590008 0.977751 0.569515 0.967564 0.565554 0.992747
0 0.256681 0.679776 0.257723 0.65193 0.241619 0.650025 0.240577 0.677871
0 0.326616 0.801228 0.331928 0.774308 0.318203 0.765749 0.312892 0.79267
0 0.4421 0.814572 0.444195 0.76599 0.415104 0.762027 0.413009 0.810609
0 0.270868 0.974554 0.313178 0.91087 0.290021 0.862245 0.247711 0.925929
0 0.441929 0.922217 0.448097 0.878162 0.428622 0.869545 0.422455 0.913601
0 0.584905 0.750244 0.593704 0.712839 0.581585 0.703829 0.572786 0.741234
0 0.266062 0.997935 0.276563 0.956447 0.262513 0.945208 0.252012 0.986695
0 0.226195 0.82407 0.236407 0.791209 0.224766 0.779777 0.214555 0.812638
0 0.300973 0.817016 0.301425 0.796887 0.285985 0.795792 0.285533 0.81592
0 0.396569 0.823126 0.404113 0.780653 0.379513 0.766844 0.371969 0.809317
0 0.673251 0.839662 0.690941 0.803019 0.664959 0.763374 0.647269 0.800017
0 0.117211 0.866277 0.147107 0.824995 0.131341 0.788912 0.101446 0.830193
0 0.483799 0.997173 0.491989 0.965364 0.479408 0.955126 0.471219 0.986936
0 0.363468 0.831756 0.365664 0.807913 0.348839 0.803016 0.346643 0.826859
0 0.447587 0.375435 0.449447 0.318857 0.417318 0.315519 0.415458 0.372097
0 0.263489 0.8534 0.266255 0.824483 0.249613 0.819451 0.246846 0.848368
0 0.250714 0.730357 0.254661 0.709459 0.2413 0.701485 0.237354 0.722383
0 0.302871 0.876327 0.31665 0.838569 0.301026 0.82055 0.287248 0.858308
0 0.614655 0.618109 0.618005 0.595997 0.604761 0.589656 0.601411 0.611768
0 0.578605 0.690786 0.589217 0.669729 0.573609 0.644869 0.562997 0.665926
0 0.411966 1.00793 0.414216 0.98256 0.399094 0.978322 0.396845 1.0037
0 0.408446 0.910226 0.421478 0.874884 0.398361 0.847941 0.385328 0.883283
0 0.595448 0.570779 0.605761 0.549929 0.596124 0.534863 0.585811 0.555713
0 0.606726 0.58637 0.611083 0.557523 0.600398 0.552422 0.596041 0.581269
0 0.390816 0.956434 0.401214 0.929196 0.39261 0.918815 0.382212 0.946053
0 0.578759 0.823775 0.585 0.788432 0.569019 0.779513 0.562778 0.814857
0 0.227712 1.00585 0.227433 0.963338 0.201467 0.963876 0.201746 1.00639
0 0.568823 0.698539 0.573805 0.64622 0.529888 0.633001 0.524905 0.68532
0 0.382449 0.951222 0.394586 0.922048 0.383451 0.907409 0.371315 0.936583
0 0.316342 0.699659 0.318652 0.67358 0.304925 0.669738 0.302616 0.695817
0 0.759555 0.575434 0.760338 0.54519 0.742179 0.543704 0.741395 0.573948
0 0.164144 0.864881 0.192635 0.830456 0.181044 0.800139 0.152553 0.834564
0 0.837921 0.579809 0.845185 0.564804 0.833609 0.547093 0.826345 0.562097
0 0.344611 0.910791 0.348481 0.852686 0.306106 0.843766 0.302236 0.901871
0 0.549572 0.647321 0.55209 0.619961 0.536614 0.61546 0.534096 0.64282
0 0.535975 0.975187 0.545458 0.943117 0.534145 0.932545 0.524662 0.964615
0 0.485824 0.932614 0.485482 0.903797 0.465649 0.904539 0.46599 0.933356
0 0.858142 0.619722 0.864075 0.595633 0.848182 0.583263 0.842249 0.607351
0 0.491803 1.00582 0.493463 0.987284 0.479644 0.983372 0.477984 1.0019
0 0.584209 0.709866 0.587238 0.687926 0.574724 0.682466 0.571695 0.704406
0 0.197055 0.833449 0.206406 0.811615 0.196864 0.798698 0.187512 0.820532
0 0.0990363 0.928069 0.130544 0.900089 0.12241 0.871139 0.0909021 0.899118
0 0.39467 0.923716 0.398672 0.886001 0.384482 0.881241 0.380479 0.918956
0 0.127495 0.784418 0.127656 0.764867 0.115405 0.764548 0.115244 0.784098
0 0.146145 0.894004 0.166964 0.847943 0.148125 0.821032 0.127306 0.867093
0 0.36647 0.774929 0.366868 0.751663 0.349775 0.750739 0.349377 0.774005
0 0.614198 0.535028 0.621877 0.517347 0.609952 0.500978 0.602273 0.518658
0 0.597004 0.635075 0.595587 0.593788 0.581956 0.595267 0.583374 0.636554
0 0.575857 0.786623 0.580912 0.762527 0.567707 0.753772 0.562652 0.777868
0 0.241789 0.884354 0.251345 0.835455 0.230209 0.822401 0.220653 0.871299
0 0.176475 0.580302 0.176702 0.541052 0.153761 0.540635 0.153535 0.579884
0 0.312351 0.814683 0.317654 0.79463 0.305514 0.784484 0.300212 0.804537
0 0.564398 0.780276 0.56554 0.756346 0.552379 0.754362 0.551238 0.778292
0 0.224553 0.723366 0.242892 0.699509 0.23343 0.67652 0.215091 0.700378
0 0.508282 0.927466 0.513868 0.899075 0.4973 0.888771 0.491713 0.917161
0 0.871707 0.719854 0.875961 0.70112 0.863994 0.692532 0.85974 0.711266
0 0.162715 0.767354 0.164641 0.749171 0.153411 0.745411 0.151485 0.763595
0 0.570928 0.966029 0.573021 0.939299 0.557022 0.93534 0.554929 0.96207
0 0.601454 0.75254 0.615163 0.734973 0.599742 0.696938 0.586033 0.714505
0 0.6001 0.708002 0.604515 0.688111 0.593206 0.680177 0.588791 0.700069
0 0.0787797 0.584246 0.0800315 0.564321 0.0651786 0.561372 0.0639267 0.581296
0 0.563081 0.72294 0.572303 0.697431 0.551946 0.674169 0.542723 0.699677
0 0.311248 0.7945 0.319003 0.772754 0.309502 0.762045 0.301747 0.78379
0 0.204596 0.864187 0.214276 0.835559 0.2037 0.824258 0.194021 0.852887
0 0.13923 1.01455 0.165226 0.991866 0.156694 0.960963 0.130698 0.983647
0 0.331271 0.86767 0.341199 0.835133 0.319946 0.814637 0.310018 0.847174
0 0.43361 0.754404 0.442854 0.73059 0.432357 0.717712 0.423113 0.741526
0 0.486635 0.95076 0.492521 0.927005 0.478586 0.916092 0.4727 0.939847
0 0.397604 0.997252 0.408175 0.97127 0.398403 0.958704 0.387832 0.984685
0 0.846398 0.655115 0.852101 0.636555 0.833546 0.618536 0.827843 0.637096
0 0.429272 0.899838 0.431323 0.841555 0.40784 0.838944 0.40579 0.897227
0 0.58794 0.839128 0.592709 0.812726 0.579724 0.805314 0.574955 0.831717
0 0.43927 1.00406 0.445233 0.972005 0.430083 0.963099 0.424121 0.995158
0 0.210268 0.840802 0.219708 0.816825 0.210109 0.804881 0.200669 0.828857
0 0.363856 0.79037 0.363413 0.770086 0.34774 0.771169 0.348183 0.791453
0 0.259461 0.708906 0.262115 0.684351 0.249036 0.679883 0.246381 0.704438
0 0.0171587 0.94995 0.0288576 0.929107 0.0200915 0.913556 0.00839251 0.934399
0 0.984956 0.660601 0.996031 0.631484 0.970992 0.601384 0.959917 0.630501
0 0.209264 0.706949 0.221684 0.675177 0.210844 0.661785 0.198424 0.693556
0 0.570355 0.59196 0.571134 0.572575 0.558525 0.570973 0.557746 0.590359
0 0.582928 0.650444 0.585452 0.632388 0.576866 0.628595 0.574342 0.646651
0 0.810651 0.78456 0.820729 0.753198 0.782262 0.71413 0.772184 0.745492
0 0.542389 0.994182 0.552796 0.954989 0.541094 0.945169 0.530687 0.984362
0 0.322784 0.731518 0.329037 0.711583 0.313225 0.695908 0.306972 0.715843
0 0.395167 0.875843 0.399371 0.841119 0.381947 0.834452 0.377743 0.869176
0 0.538925 0.924918 0.538552 0.900535 0.517819 0.901538 0.518192 0.925921
0 0.797983 0.676395 0.800416 0.644376 0.781399 0.639809 0.778966 0.671829
0 0.0762738 1.00946 0.0935024 0.969866 0.0762379 0.94612 0.0590093 0.98571
0 0.0144269 1.00797 0.0167985 0.984005 0.0034476 0.97983 0.00107609 1.00379
0 0.244006 0.754862 0.250299 0.732683 0.235748 0.719635 0.229455 0.741814
0 0.883559 0.731753 0.888667 0.70911 0.875845 0.699968 0.870736 0.722611
0 0.37569 0.978355 0.381555 0.945178 0.369363 0.938366 0.363498 0.971543
0 0.559527 0.86182 0.569085 0.836094 0.560267 0.825739 0.550708 0.851465
0 0.840096 0.650805 0.848903 0.628653 0.829248 0.603954 0.82044 0.626105
0 0.357212 0.57657 0.364255 0.546457 0.345009 0.532231 0.337966 0.562344
0 0.661444 0.775464 0.663555 0.75453 0.650521 0.750375 0.648409 0.771309
0 0.363372 0.593556 0.390422 0.570903 0.383138 0.543413 0.356088 0.566067
0 0.437208 0.731763 0.437281 0.682644 0.414397 0.682535 0.414324 0.731655
0 0.202652 0.932343 0.222393 0.885602 0.199857 0.855521 0.180116 0.902262
0 0.522461 1.00121 0.529075 0.971278 0.518881 0.964158 0.512267 0.99409
0 0.352198 0.868154 0.360844 0.841701 0.350484 0.831 0.341838 0.857452
0 0.771778 0.668398 0.776217 0.64448 0.764827 0.637799 0.760388 0.661717
0 0.621709 0.570256 0.624744 0.546964 0.613026 0.542138 0.609991 0.56543
0 0.7733 0.619757 0.77481 0.5977 0.760823 0.594674 0.759312 0.61673
0 0.564422 0.517579 0.566176 0.494944 0.553183 0.491762 0.551429 0.514397
0 0.576475 0.612272 0.578411 0.591136 0.566334 0.587639 0.564398 0.608776
0 0.101061 0.351856 0.118024 0.327652 0.0998318 0.287357 0.0828688 0.311561
0 0.613739 1.00506 0.612941 0.977294 0.590011 0.979377 0.590809 1.00714
0 0.352121 0.877377 0.356607 0.850962 0.343026 0.843673 0.33854 0.870088
0 0.48763 0.803101 0.497197 0.783512 0.488425 0.769971 0.478857 0.78956
0 0.489434 0.743877 0.489454 0.678833 0.454953 0.678799 0.454933 0.743843
0 0.572182 0.764892 0.578444 0.739447 0.567948 0.731284 0.561686 0.75673
0 0.257713 0.814305 0.259499 0.795946 0.246853 0.79206 0.245068 0.810419
0 0.564431 0.625659 0.572136 0.607728 0.561483 0.593262 0.553779 0.611193
0 0.590928 0.759633 0.598973 0.736477 0.589573 0.726157 0.581529 0.749314
0 0.257107 0.941812 0.270901 0.904046 0.259363 0.890727 0.245569 0.928493
0 0.599257 0.991856 0.604165 0.952291 0.586034 0.945184 0.581127 0.984748
0 0.595388 0.586679 0.598041 0.565641 0.584532 0.560258 0.581879 0.581296
0 0.579683 0.736799 0.586944 0.707217 0.576391 0.69903 0.569129 0.728612
0 0.250302 0.8344 0.251916 0.813901 0.239729 0.810869 0.238115 0.831368
0 0.224745 0.793944 0.228726 0.774736 0.218385 0.767961 0.214404 0.787169
0 0.550444 1.0053 0.550927 0.984985 0.538408 0.984044 0.537925 1.00435
0 0.682355 0.610906 0.687176 0.587323 0.672878 0.578085 0.668057 0.601668
0 0.322431 1.00794 0.330665 0.984675 0.319348 0.972017 0.311114 0.995285
0 0.123634 0.804215 0.12316 0.776668 0.105136 0.777649 0.105611 0.805196
0 0.613752 0.676307 0.61752 0.655573 0.606714 0.649366 0.602946 0.6701
0 0.0704787 0.924491 0.0783045 0.891171 0.0671276 0.882874 0.0593018 0.916194
0 0.246058 0.940842 0.251935 0.916909 0.240356 0.907922 0.234479 0.931855
0 0.370887 0.985289 0.375743 0.957982 0.363914 0.951332 0.359057 0.978639
0 0.442411 0.774194 0.447324 0.747461 0.435667 0.74069 0.430754 0.767423
0 0.611874 0.995297 0.623933 0.97329 0.605874 0.942015 0.593815 0.964021
0 0.70807 0.805189 0.713484 0.77054 0.688046 0.757977 0.682631 0.792626
0 0.0819652 0.628553 0.0834509 0.606053 0.0691538 0.603069 0.0676681 0.625569
0 0.293842 0.704319 0.313372 0.618563 0.270837 0.587949 0.251307 0.673705
0 0.476371 0.907344 0.480259 0.881614 0.464547 0.874112 0.460659 0.899842
0 0.263533 0.797263 0.266021 0.775801 0.253582 0.771243 0.251094 0.792705
0 0.397923 0.9727 0.406894 0.947178 0.397483 0.936721 0.388511 0.962243
0 0.174452 0.817835 0.181513 0.792301 0.169735 0.782006 0.162673 0.807541
0 0.400626 0.831715 0.403539 0.805987 0.388104 0.800464 0.385191 0.826191
0 0.446596 0.719438 0.459534 0.678959 0.443197 0.662457 0.430259 0.702935
0 0.782498 0.541 0.78362 0.520905 0.77118 0.518709 0.770058 0.538804
0 0.209985 0.916967 0.23109 0.88054 0.216599 0.854006 0.195494 0.890432
0 0.384901 0.989718 0.391468 0.966129 0.381062 0.956972 0.374494 0.980561
0 0.647675 0.611299 0.651498 0.591241 0.637217 0.58264 0.633395 0.602698
0 0.331323 0.851901 0.337328 0.820696 0.319314 0.809739 0.313308 0.840944
0 0.956655 0.696956 0.959062 0.672898 0.936308 0.665703 0.933901 0.68976
0 0.329055 0.40128 0.327446 0.365446 0.300762 0.369232 0.30237 0.405066
0 0.0134659 0.983427 0.022283 0.959819 0.0129754 0.948832 0.00415836 0.97244
0 0.545946 0.89847 0.551253 0.872719 0.532 0.86018 0.526693 0.885931
0 0.633024 0.636759 0.64251 0.619868 0.632251 0.601661 0.622765 0.618551
0 0.522435 1.00589 0.527552 0.979544 0.518005 0.973683 0.512888 1.00003
0 0.377883 0.754533 0.389148 0.72553 0.377071 0.710705 0.365806 0.739708
0 0.266152 0.632066 0.274394 0.602563 0.254659 0.58514 0.246417 0.614642
0 0.86876 0.689061 0.869326 0.661613 0.853661 0.660591 0.853094 0.688039
0 0.86769 0.643559 0.872043 0.616509 0.859731 0.610247 0.855378 0.637296
0 0.455285 0.754571 0.457985 0.728768 0.443309 0.723916 0.440609 0.749719
0 0.639746 0.32438 0.642029 0.280438 0.617291 0.276376 0.615008 0.320317
0 0.562666 0.987157 0.564986 0.957755 0.550095 0.954041 0.547775 0.983442
0 0.419732 0.787577 0.424171 0.737403 0.405085 0.732066 0.400646 0.78224
0 0.285945 0.811267 0.287006 0.792164 0.275825 0.790202 0.274764 0.809305
0 0.526201 0.865879 0.528241 0.803666 0.486166 0.799306 0.484127 0.861519
0 0.539982 0.908894 0.542956 0.888 0.527095 0.880867 0.524122 0.901761
0 0.252089 0.768553 0.254057 0.745833 0.241237 0.742325 0.23927 0.765045
0 0.472782 0.85127 0.505587 0.83073 0.498734 0.79614 0.465929 0.81668
0 0.965917 0.720985 0.967859 0.696955 0.944909 0.691094 0.942967 0.715124
0 0.44572 0.839101 0.453298 0.811656 0.439723 0.799811 0.432146 0.827256
0 0.554473 0.852355 0.565654 0.822111 0.55469 0.809301 0.543509 0.839545
0 0.651266 0.750283 0.654131 0.732557 0.641659 0.726185 0.638794 0.743912
0 0.271825 0.862162 0.276176 0.838091 0.26647 0.832545 0.262118 0.856616
0 0.282231 0.890867 0.288293 0.867061 0.276244 0.857362 0.270181 0.881168
0 0.275977 0.701021 0.278355 0.674756 0.265446 0.671064 0.263069 0.697328
0 0.269647 0.802968 0.271916 0.781823 0.256196 0.77649 0.253927 0.797635
0 0.540565 0.777745 0.542615 0.756004 0.529005 0.75195 0.526956 0.773691
0 0.625963 0.677111 0.628045 0.659131 0.617415 0.655241 0.615333 0.673221
0 0.437151 0.581172 0.438777 0.549563 0.420566 0.546601 0.41894 0.57821
0 0.627669 0.607018 0.629968 0.587176 0.618284 0.582897 0.615985 0.60274
0 0.889721 0.653316 0.892125 0.636321 0.879969 0.630886 0.877564 0.647882
0 0.2349 0.833018 0.23908 0.808037 0.228535 0.802461 0.224355 0.827442
0 0.964835 0.620866 0.964158 0.597063 0.945495 0.598741 0.946172 0.622543
0 0.514143 0.966614 0.514602 0.942546 0.4983 0.941563 0.497841 0.965631
0 0.873979 0.651818 0.878082 0.629113 0.86808 0.6234 0.863977 0.646106
0 0.856791 0.634096 0.858596 0.614263 0.847685 0.611125 0.84588 0.630958
0 0.553298 0.854208 0.557795 0.826136 0.543965 0.819133 0.539468 0.847206
0 0.474956 0.815155 0.478775 0.795801 0.466841 0.788359 0.463022 0.807714
0 0.0346293 0.949117 0.0406231 0.925734 0.0297482 0.916924 0.0237544 0.940308
0 0.426678 0.232955 0.436669 0.184067 0.410738 0.167318 0.400747 0.216206
0 0.486765 0.810737 0.493177 0.789721 0.48335 0.780245 0.476938 0.80126
0 0.834959 0.610328 0.838257 0.596 0.827018 0.587825 0.82372 0.602153
0 0.357255 0.587808 0.359997 0.568539 0.347486 0.562911 0.344743 0.58218
0 0.387979 0.875831 0.390948 0.850277 0.376698 0.845045 0.37373 0.8706
0 0.329439 0.82034 0.331365 0.800682 0.317539 0.796401 0.315613 0.816059
0 0.459892 0.792975 0.471548 0.770121 0.462945 0.756254 0.451289 0.779109
0 0.0643259 0.873327 0.0756404 0.845243 0.0661049 0.833101 0.0547904 0.861186
0 0.064495 0.806571 0.0584073 0.760374 0.0280523 0.773016 0.0341401 0.819213
0 0.651336 1.0164 0.793575 0.822686 0.751188 0.724319 0.608949 0.918034
0 0.449902 1.00918 0.456637 0.982307 0.437266 0.966964 0.430531 0.99384
0 0.259078 0.896702 0.270347 0.873906 0.261718 0.860425 0.250449 0.883221
0 0.848006 0.632207 0.853325 0.617791 0.838237 0.600196 0.832918 0.614612
0 0.777438 0.588686 0.780148 0.562269 0.764202 0.557098 0.761492 0.583515
0 0.82944 0.553031 0.83936 0.526175 0.820887 0.504607 0.810966 0.531464
0 0.407975 0.850903 0.410449 0.830451 0.391804 0.823324 0.38933 0.843776
0 0.372841 0.808229 0.375272 0.786517 0.36191 0.78179 0.35948 0.803502
0 0.017756 0.976114 0.0232048 0.948328 0.0117735 0.941243 0.00632474 0.96903
0 0.565881 0.802459 0.570594 0.781754 0.55957 0.773825 0.554858 0.79453
0 0.488973 0.357 0.489141 0.326298 0.467194 0.325919 0.467026 0.35662
0 0.416519 0.83767 0.418472 0.812234 0.403757 0.808664 0.401805 0.8341
0 0.392995 0.727412 0.39573 0.704198 0.378523 0.697791 0.375788 0.721005
0 0.283326 0.725392 0.285159 0.706185 0.275921 0.703397 0.274087 0.722604
0 0.32007 0.634533 0.324781 0.605196 0.307133 0.596237 0.302421 0.625574
0 0.572056 0.755236 0.578454 0.726702 0.567546 0.718971 0.561147 0.747505
0 0.831406 0.67846 0.834758 0.656564 0.816468 0.647714 0.813116 0.66961
0 0.525315 0.965822 0.526025 0.943461 0.508218 0.941673 0.507507 0.964034
0 0.547964 0.945966 0.553105 0.915218 0.540417 0.908513 0.535276 0.939261
0 0.796282 0.635444 0.794974 0.611208 0.778042 0.614096 0.77935 0.638332
0 0.292332 0.801533 0.296335 0.784069 0.284782 0.7757 0.280779 0.793164
0 0.611865 0.71963 0.616461 0.705071 0.606422 0.695057 0.601827 0.709616
0 0.542476 0.864655 0.54923 0.840153 0.532303 0.825407 0.52555 0.84991
0 0.449357 0.853459 0.451956 0.834734 0.440141 0.82955 0.437541 0.848275
0 0.385128 0.775112 0.393255 0.749953 0.381863 0.738323 0.373736 0.763482
0 0.989035 0.579328 0.987742 0.548678 0.963673 0.551886 0.964966 0.582536
0 0.83093 0.721565 0.838277 0.687467 0.817381 0.673236 0.810033 0.707333
0 0.452966 0.790782 0.457951 0.760585 0.444308 0.753468 0.439324 0.783666
0 0.861877 0.654837 0.865086 0.636343 0.856285 0.631516 0.853076 0.65001
0 0.137299 0.78467 0.140215 0.762191 0.128008 0.757188 0.125093 0.779666
0 0.63789 0.697876 0.63889 0.68303 0.627693 0.680647 0.626693 0.695492
0 0.58167 0.613656 0.583364 0.592556 0.571213 0.589474 0.56952 0.610574
0 0.245683 0.810611 0.246888 0.791396 0.233678 0.788779 0.232473 0.807994
0 0.0355756 0.173968 0.0805009 0.020455 0.000871644 -0.053195 -0.0440536 0.100318
0 0.46307 0.852642 0.467995 0.825215 0.457627 0.81933 0.452702 0.846758
0 0.612123 0.694166 0.614 0.674406 0.60253 0.670962 0.600653 0.690723
0 0.894518 0.746075 0.896207 0.722347 0.883839 0.719564 0.88215 0.743292
