0 0.442454 0.923705 0.440058 0.835932 0.393735 0.83993 0.396132 0.927702
0 0.36691 0.930696 0.358736 0.825242 0.29215 0.841554 0.300324 0.947008
0 0.384295 0.56801 0.383218 0.519786 0.355454 0.521746 0.356531 0.56997
0 0.985998 1.08159 1.02642 0.851664 0.802316 0.727152 0.761896 0.957078
0 0.504745 0.909709 0.50609 0.850432 0.471183 0.847931 0.469839 0.907208
0 0.777389 0.590625 0.78176 0.540133 0.754394 0.532644 0.750022 0.583136
0 0.298494 0.882755 0.303901 0.817944 0.274474 0.810186 0.269068 0.874996
0 0.36517 0.847772 0.359758 0.802914 0.323014 0.816926 0.328427 0.861784
0 0.488415 0.954749 0.501073 0.906206 0.481514 0.890086 0.468856 0.938629
0 0.425784 0.811297 0.427899 0.773591 0.407067 0.769898 0.404952 0.807604
0 0.298439 0.910699 0.297279 0.874901 0.273699 0.877317 0.274859 0.913115
0 0.465074 0.970642 0.480383 0.936246 0.467912 0.918704 0.452603 0.953101
0 0.778648 1.03578 0.831352 0.958036 0.750684 0.785206 0.69798 0.862951
0 0.128505 0.848838 0.128545 0.825836 0.112869 0.825749 0.112829 0.848752
0 0.268021 0.795231 0.29226 0.759182 0.278144 0.729185 0.253905 0.765235
0 0.259775 0.936861 0.282533 0.879958 0.2625 0.854635 0.239741 0.911539
0 0.296731 0.946267 0.312087 0.903653 0.297127 0.886617 0.281772 0.92923
0 0.260642 1.0351 0.343197 0.990252 0.330363 0.915589 0.247808 0.960438
0 0.252933 0.849444 0.27794 0.831947 0.272252 0.806254 0.247245 0.823751
0 0.382512 0.748277 0.383175 0.723339 0.365941 0.721891 0.365278 0.746828
0 0.422761 0.961373 0.429634 0.93029 0.414073 0.919416 0.407201 0.950499
0 0.375941 0.870719 0.376725 0.835555 0.356916 0.83416 0.356133 0.869325
0 0.740338 0.491859 0.735044 0.453415 0.702415 0.467617 0.707708 0.50606
0 0.522749 0.899444 0.525011 0.865261 0.50909 0.861931 0.506827 0.896113
0 0.444126 0.944965 0.481626 0.9248 0.461026 0.803728 0.423526 0.823893
0 0.485513 0.811335 0.490218 0.784532 0.473171 0.775075 0.468466 0.801878
0 0.395527 0.806236 0.398091 0.781953 0.383232 0.776995 0.380668 0.801278
0 0.550371 0.908676 0.548518 0.880924 0.523668 0.886168 0.525521 0.913921
0 0.155182 0.994808 0.175552 0.969825 0.166648 0.946878 0.146277 0.971861
0 0.914261 0.649243 0.914796 0.602061 0.887774 0.601093 0.887239 0.648276
0 1.01644 0.860792 1.02458 0.72033 0.946211 0.70596 0.938063 0.846422
0 0.496885 0.839998 0.499288 0.815304 0.484695 0.810815 0.482291 0.835509
0 0.450506 0.773529 0.45602 0.747887 0.443458 0.739348 0.437943 0.764989
0 0.299031 0.749962 0.302695 0.713004 0.283017 0.706838 0.279353 0.743797
0 0.363495 0.780616 0.371624 0.744672 0.358911 0.735585 0.350782 0.771528
0 0.400318 0.944904 0.40854 0.909251 0.395053 0.899421 0.386831 0.935074
0 0.568462 0.801946 0.569546 0.753838 0.53951 0.7517 0.538426 0.799807
0 0.439785 0.954161 0.447558 0.921259 0.430903 0.908823 0.42313 0.941725
0 0.524063 0.855883 0.526314 0.821997 0.507311 0.818007 0.50506 0.851893
0 0.732267 0.604289 0.742966 0.570068 0.73082 0.558066 0.720121 0.592287
0 0.347416 0.959555 0.368332 0.919925 0.351492 0.891836 0.330576 0.931465
0 0.379209 0.832001 0.386221 0.780823 0.364499 0.771418 0.357487 0.822595
0 0.503897 0.823498 0.509986 0.791415 0.491638 0.78041 0.485549 0.812492
0 0.726067 0.65331 0.726542 0.609223 0.709435 0.608641 0.70896 0.652727
0 0.597889 0.915102 0.595022 0.85762 0.56948 0.861646 0.572347 0.919128
0 0.460677 0.82256 0.461334 0.785013 0.442298 0.783961 0.441641 0.821508
0 0.382759 0.886547 0.385252 0.86121 0.373397 0.857524 0.370904 0.882861
0 0.601036 0.983408 0.614435 0.938631 0.575482 0.901791 0.562083 0.946569
0 0.386905 0.865124 0.391255 0.83733 0.375824 0.829697 0.371474 0.857492
0 0.360345 0.743114 0.362143 0.726955 0.351685 0.723279 0.349888 0.739439
0 0.314021 0.538511 0.314086 0.502563 0.29436 0.502452 0.294296 0.5384
0 0.35467 0.679951 0.375279 0.660791 0.368846 0.638922 0.348237 0.658083
0 0.263904 0.883931 0.26752 0.839363 0.240144 0.832343 0.236527 0.87691
0 0.264732 0.944794 0.284012 0.915373 0.273168 0.892916 0.253889 0.922337
0 0.53098 0.893696 0.547613 0.868274 0.529415 0.83064 0.512781 0.856062
0 0.998332 0.730338 1.00557 0.689386 0.959474 0.663655 0.95224 0.704607
0 0.577419 0.86697 0.580157 0.843076 0.565154 0.837643 0.562416 0.861537
0 0.528823 0.833597 0.533339 0.813526 0.517814 0.802485 0.513298 0.822557
0 0.695749 0.668292 0.700601 0.647619 0.684324 0.635547 0.679473 0.65622
0 0.53814 1.00539 0.550317 0.987964 0.536236 0.956868 0.524059 0.974294
0 0.495615 0.789029 0.497453 0.763062 0.483925 0.760034 0.482086 0.786
0 0.43328 0.835562 0.445146 0.802155 0.431224 0.786527 0.419359 0.819934
0 0.356882 0.816147 0.367631 0.785075 0.354953 0.771214 0.344204 0.802286
0 0.684353 0.651073 0.690605 0.629729 0.676212 0.616405 0.66996 0.637748
0 0.512276 0.806434 0.528916 0.783748 0.513882 0.748896 0.497241 0.771582
0 0.576748 0.902865 0.572327 0.861437 0.552707 0.868053 0.557128 0.909482
0 0.672183 0.658428 0.679808 0.635607 0.664819 0.61978 0.657195 0.642601
0 0.30538 0.803508 0.328407 0.777842 0.319027 0.751244 0.295999 0.77691
0 0.563639 0.881285 0.556136 0.822247 0.534045 0.83112 0.541549 0.890159
0 0.51258 0.926728 0.521129 0.896756 0.507644 0.884599 0.499095 0.914571
0 0.670246 0.568168 0.671647 0.542427 0.656875 0.539885 0.655473 0.565627
0 0.715167 0.769829 0.727167 0.729188 0.710845 0.713956 0.698845 0.754598
0 0.548779 0.991575 0.565225 0.972367 0.551234 0.934504 0.534787 0.953713
0 0.488215 0.85569 0.491052 0.830896 0.478405 0.826323 0.475569 0.851117
0 0.691737 0.737922 0.710855 0.686252 0.663352 0.630702 0.644234 0.682372
0 0.438255 0.676144 0.444648 0.652875 0.433189 0.642926 0.426796 0.666195
0 0.19159 0.957594 0.195639 0.925315 0.181435 0.919684 0.177386 0.951963
0 0.481647 0.84041 0.483625 0.812736 0.470313 0.809729 0.468335 0.837403
0 0.705608 0.707753 0.718521 0.685427 0.702324 0.655819 0.689411 0.678146
0 0.0831145 0.777379 0.0841429 0.749205 0.0682889 0.747376 0.0672606 0.77555
0 0.514871 0.752157 0.517439 0.728671 0.502662 0.723563 0.500093 0.74705
0 0.46908 0.771125 0.470288 0.749347 0.458018 0.747195 0.456809 0.768973
0 0.490818 0.75363 0.490966 0.728388 0.472716 0.72805 0.472569 0.753292
0 0.573184 0.82973 0.57811 0.801625 0.565009 0.794368 0.560083 0.822473
0 0.0321963 1.00734 0.0338712 0.918168 -0.00810602 0.915676 -0.00978094 1.00485
0 0.0859821 1.00348 0.102525 0.979458 0.0950695 0.963233 0.0785265 0.987259
0 0.796627 0.568467 0.799355 0.535285 0.778961 0.529987 0.776234 0.563168
0 0.370633 0.96283 0.376304 0.932333 0.363893 0.925039 0.358222 0.955536
0 0.589415 1.00523 0.589683 0.978339 0.573144 0.977817 0.572876 1.00471
0 0.485974 0.770004 0.486401 0.748806 0.470951 0.747821 0.470523 0.769019
0 0.751933 0.584273 0.754103 0.557809 0.740886 0.554383 0.738716 0.580848
0 0.562412 0.720717 0.559473 0.666225 0.533971 0.670573 0.536911 0.725065
0 0.230685 0.839557 0.235393 0.809192 0.226238 0.804707 0.22153 0.835072
0 0.524098 0.810479 0.529248 0.7904 0.516401 0.779986 0.511251 0.800066
0 0.247707 1.0049 0.247568 0.979864 0.230128 0.980171 0.230267 1.00521
0 0.494129 0.536583 0.497554 0.503467 0.476372 0.496542 0.472946 0.529658
0 0.385099 0.644642 0.388529 0.620346 0.372151 0.61304 0.368721 0.637335
0 0.351066 0.786104 0.354382 0.763464 0.341674 0.757582 0.338358 0.780222
0 0.374178 0.712003 0.37747 0.687051 0.36305 0.681038 0.359758 0.705991
0 0.392191 0.604943 0.403196 0.582339 0.38429 0.553248 0.373285 0.575852
0 0.386777 0.770918 0.39064 0.753643 0.378649 0.745166 0.374785 0.762441
0 0.438907 0.800453 0.443002 0.776659 0.42973 0.769442 0.425636 0.793236
0 0.72509 0.712403 0.724786 0.684834 0.71016 0.685345 0.710465 0.712913
0 0.342678 0.6628 0.354741 0.634961 0.345576 0.622411 0.333514 0.65025
0 0.273422 0.963558 0.288376 0.932564 0.276673 0.914718 0.261719 0.945711
0 0.077923 0.346581 0.094466 0.323521 0.0766532 0.283135 0.0601101 0.306195
0 0.290929 0.82348 0.306447 0.786097 0.290341 0.764967 0.274823 0.802349
0 0.707941 0.738887 0.71008 0.716632 0.696878 0.712622 0.694739 0.734877
0 0.212022 0.750765 0.226292 0.704263 0.20429 0.682924 0.19002 0.729425
0 0.144689 0.997172 0.152189 0.97796 0.143593 0.967355 0.136093 0.986567
0 0.627368 0.919908 0.628751 0.885134 0.603669 0.881982 0.602286 0.916756
0 0.237781 0.915913 0.247092 0.879098 0.231878 0.866937 0.222567 0.903751
0 0.928273 0.695635 0.93219 0.666614 0.91047 0.657349 0.906554 0.68637
0 0.359303 0.652479 0.365012 0.633113 0.355287 0.624053 0.349578 0.643419
0 0.544315 0.76597 0.544004 0.726715 0.524935 0.727193 0.525247 0.766448
0 0.697702 0.780724 0.704022 0.751433 0.693433 0.744213 0.687114 0.773504
0 0.0825733 0.317792 0.104161 0.288336 0.0772048 0.225896 0.0556167 0.255351
0 0.742177 0.552889 0.751585 0.535586 0.738377 0.512888 0.728969 0.530191
0 0.606764 0.929738 0.609171 0.89777 0.593929 0.894143 0.591523 0.926111
0 0.197436 0.976555 0.202908 0.955017 0.191794 0.946094 0.186323 0.967632
0 0.174664 0.939015 0.17621 0.921166 0.164554 0.917976 0.163008 0.935825
0 0.572116 0.71493 0.587614 0.664993 0.570423 0.64813 0.554924 0.698067
0 0.0435267 0.113788 0.0432434 -0.0256894 0.000229365 -0.0254133 0.000512685 0.114064
0 0.616043 0.993344 0.620676 0.952853 0.605961 0.947531 0.601328 0.988022
0 0.536633 0.34791 0.538741 0.286804 0.50632 0.283269 0.504212 0.344375
0 0.160362 0.965515 0.1682 0.942172 0.157421 0.930733 0.149583 0.954076
0 0.148045 0.927526 0.149049 0.907805 0.137929 0.906016 0.136925 0.925737
0 0.146295 0.966457 0.1541 0.948294 0.145678 0.936855 0.137873 0.955018
0 0.725302 0.779107 0.7313 0.754953 0.716811 0.743583 0.710813 0.767736
0 0.164214 0.305093 0.192492 0.276996 0.164224 0.187077 0.135945 0.215174
0 0.673219 0.74366 0.681627 0.721953 0.661447 0.697249 0.653039 0.718956
0 0.737288 0.778214 0.750609 0.756937 0.730223 0.716603 0.716903 0.73788
0 0.191183 0.899973 0.198308 0.876987 0.188384 0.867263 0.181258 0.89025
0 0.109313 0.970413 0.115359 0.951129 0.106629 0.94248 0.100584 0.961763
0 0.459978 0.786533 0.459603 0.764921 0.444379 0.765756 0.444754 0.787368
0 0.386471 0.921176 0.391665 0.901895 0.376011 0.888568 0.370817 0.907849
0 0.71295 0.724297 0.715326 0.703165 0.702379 0.698565 0.700003 0.719697
0 0.728391 0.5812 0.731732 0.55621 0.71533 0.549279 0.711989 0.574269
0 0.0224785 0.802709 0.0264623 0.743564 -0.00229762 0.737442 -0.00628148 0.796586
0 0.232951 0.435963 0.236144 0.408314 0.215957 0.400947 0.212764 0.428596
0 0.709792 0.652482 0.712251 0.614696 0.694333 0.61101 0.691874 0.648796
0 0.456074 0.568324 0.481824 0.490342 0.454268 0.461584 0.428518 0.539566
0 0.603104 0.907204 0.606582 0.873962 0.593738 0.869714 0.59026 0.902956
0 0.747429 0.635787 0.748254 0.613692 0.732802 0.611867 0.731977 0.633962
0 0.317823 0.416236 0.318362 0.394897 0.301968 0.393589 0.301429 0.414928
0 0.227846 0.971107 0.257289 0.936509 0.242893 0.897791 0.213451 0.932388
0 0.463339 0.758921 0.466031 0.737907 0.454597 0.733278 0.451905 0.754292
0 0.242535 0.983382 0.267403 0.953937 0.259274 0.932238 0.234405 0.961683
0 0.310737 0.561708 0.313661 0.545031 0.30027 0.537611 0.297346 0.554289
0 0.689715 0.795466 0.694292 0.7733 0.68176 0.765121 0.677183 0.787287
0 0.386317 0.726471 0.387445 0.707109 0.375451 0.704903 0.374324 0.724265
0 0.690135 0.628524 0.693836 0.605516 0.681121 0.599051 0.67742 0.622059
0 0.356803 0.989949 0.36636 0.964095 0.357573 0.953829 0.348016 0.979683
0 0.0324353 0.079108 0.0260153 -0.0160894 -0.0196701 -0.00635216 -0.0132502 0.0888453
0 0.722948 0.689869 0.725321 0.656086 0.70992 0.652667 0.707547 0.68645
0 0.565907 0.761609 0.570084 0.739533 0.558951 0.732876 0.554774 0.754952
0 0.390377 0.96538 0.391852 0.945626 0.376916 0.942101 0.375441 0.961854
0 0.0756388 1.00648 0.0766605 0.98472 0.0556588 0.981604 0.0546371 1.00336
0 0.520674 0.843286 0.52269 0.814358 0.505629 0.8106 0.503613 0.839528
0 0.666875 0.784718 0.668731 0.760501 0.652281 0.756518 0.650426 0.780735
0 0.699048 0.589968 0.702235 0.573701 0.690096 0.566184 0.686908 0.582451
0 0.622989 1.00726 0.625496 0.984744 0.610563 0.979488 0.608056 1.002
0 0.535272 0.940835 0.536465 0.914973 0.524232 0.913191 0.52304 0.939053
0 0.119451 0.938813 0.127072 0.917532 0.115742 0.904708 0.108121 0.925989
0 0.39663 0.788498 0.399956 0.771011 0.384848 0.76193 0.381523 0.779417
0 0.391501 0.404706 0.395651 0.370301 0.369326 0.360263 0.365175 0.394667
0 0.551537 0.819254 0.555034 0.794295 0.540823 0.788001 0.537326 0.812961
0 0.527983 0.975511 0.542662 0.952861 0.533727 0.934558 0.519047 0.957208
0 0.0638786 0.989167 0.0652364 0.970215 0.0531893 0.967487 0.0518315 0.986439
0 0.0560999 0.479807 0.0615068 0.397198 0.0100488 0.386553 0.00464195 0.469163
0 0.728762 0.345788 0.752924 0.278864 0.724966 0.246963 0.700804 0.313886
0 0.447013 0.363031 0.451156 0.334934 0.426216 0.323314 0.422074 0.351411
0 0.343264 0.99337 0.357546 0.968043 0.349222 0.953207 0.33494 0.978533
0 0.887157 0.735913 0.899729 0.709758 0.888174 0.692204 0.875602 0.718359
0 0.766174 0.545183 0.770426 0.519885 0.755835 0.512135 0.751584 0.537434
0 0.418551 0.994488 0.418573 0.943769 0.398334 0.943741 0.398312 0.99446
0 0.675015 0.540405 0.679965 0.516803 0.666013 0.507556 0.661063 0.531158
0 0.0176402 0.833004 0.0162368 0.794549 -0.00495487 0.796993 -0.00355141 0.835448
0 0.476169 0.55694 0.48362 0.530486 0.467026 0.515716 0.459575 0.54217
0 0.272998 0.739106 0.274068 0.718234 0.258971 0.715789 0.257902 0.736661
0 0.289287 0.11189 0.308436 0.0806316 0.275366 0.016603 0.256217 0.0478614
0 0.46781 0.766082 0.46912 0.744092 0.45569 0.741563 0.45438 0.763553
0 0.207693 0.939872 0.223353 0.914337 0.215561 0.899236 0.199902 0.92477
0 0.548984 0.826592 0.551533 0.804025 0.540282 0.800008 0.537732 0.822575
0 0.475718 0.366996 0.478483 0.325907 0.450111 0.319874 0.447347 0.360963
0 0.227582 0.316051 0.256604 0.213174 0.184479 0.14887 0.155458 0.251748
0 0.234241 0.433216 0.238866 0.398563 0.215104 0.38854 0.210479 0.423193
0 0.939572 0.580707 0.940535 0.556913 0.927104 0.555196 0.926142 0.57899
0 0.620337 0.9438 0.621538 0.917141 0.603363 0.914554 0.602162 0.941212
0 0.737132 0.662427 0.739881 0.644516 0.727307 0.638418 0.724558 0.656328
0 0.331085 0.840443 0.341539 0.787011 0.315586 0.770963 0.305132 0.824396
0 0.82118 0.767887 0.820017 0.74206 0.802445 0.744561 0.803607 0.770388
0 0.335437 0.411835 0.338617 0.394944 0.321341 0.384662 0.31816 0.401553
0 0.675038 0.813349 0.682732 0.794278 0.664129 0.770558 0.656435 0.789629
0 0.565676 0.961681 0.57344 0.923284 0.548151 0.907124 0.540388 0.945521
0 0.2771 0.723583 0.278258 0.704696 0.266658 0.702449 0.2655 0.721336
0 0.435419 0.581849 0.443407 0.561336 0.434605 0.550503 0.426617 0.571016
0 0.510087 0.872936 0.513844 0.848358 0.497501 0.840463 0.493744 0.86504
0 0.740429 1.04836 0.772302 0.960858 0.701755 0.87964 0.669882 0.967137
0 0.393172 0.67357 0.393991 0.64683 0.38022 0.645497 0.3794 0.672237
0 0.186067 0.920486 0.189481 0.903126 0.180184 0.897348 0.17677 0.914708
0 0.683674 0.60422 0.685954 0.586509 0.675234 0.582148 0.672954 0.59986
0 0.696983 0.603226 0.698767 0.584473 0.684015 0.580036 0.68223 0.59879
0 0.336336 0.729691 0.338088 0.710145 0.322309 0.705675 0.320557 0.725221
0 0.59983 0.993603 0.609482 0.971901 0.58949 0.943796 0.579837 0.965497
0 0.36457 0.406266 0.364409 0.386512 0.348295 0.386926 0.348455 0.40668
0 0.777032 0.654405 0.78069 0.62115 0.761714 0.614554 0.758056 0.647809
0 0.317274 0.76787 0.326411 0.74828 0.31648 0.733642 0.307343 0.753232
