0 0.571933 0.590409 0.57452 0.539623 0.544983 0.534867 0.542396 0.585653
0 0.533289 0.976137 0.542668 0.873967 0.477111 0.854947 0.467732 0.957117
0 0.987231 1.07717 1.02386 0.863841 0.809777 0.747654 0.773144 0.960985
0 0.441794 0.928753 0.463218 0.878802 0.444134 0.852933 0.42271 0.902883
0 0.476301 0.919526 0.478713 0.884978 0.454926 0.879729 0.452514 0.914277
0 0.449841 0.875172 0.451191 0.828741 0.423406 0.826187 0.422055 0.872619
0 0.628837 0.994973 0.622063 0.898406 0.571894 0.909529 0.578668 1.0061
0 0.82808 0.401792 0.830885 0.343929 0.796323 0.338633 0.793518 0.396497
0 0.203314 1.02292 0.248869 0.990504 0.236716 0.936524 0.191161 0.968939
0 0.362387 0.939992 0.3643 0.91167 0.346662 0.907906 0.34475 0.936228
0 0.235513 0.744296 0.236902 0.710965 0.215386 0.708131 0.213997 0.741462
0 0.0839661 0.887782 0.0854766 0.862188 0.0636048 0.858109 0.0620943 0.883703
0 0.536801 1.00194 0.540907 0.944982 0.512894 0.938599 0.508788 0.995555
0 0.627449 0.903629 0.629217 0.861632 0.606564 0.858619 0.604797 0.900617
0 0.544354 0.84655 0.54684 0.81275 0.53138 0.809155 0.528893 0.842956
0 0.474092 0.771761 0.468046 0.732492 0.443678 0.744349 0.449724 0.783618
0 0.558966 0.692588 0.556868 0.666181 0.535236 0.671613 0.537334 0.698019
0 0.284396 0.929863 0.28764 0.902402 0.269363 0.895578 0.266119 0.923039
0 0.543249 0.814402 0.553791 0.777436 0.541942 0.766756 0.5314 0.803722
0 0.610277 0.872751 0.612034 0.832496 0.589017 0.829322 0.58726 0.869576
0 0.0894352 0.837675 0.0867753 0.792599 0.0660436 0.796466 0.0687035 0.841541
0 0.482329 0.953123 0.486342 0.908456 0.463522 0.901976 0.459508 0.946643
0 0.260868 0.992288 0.276587 0.970896 0.267725 0.950316 0.252006 0.971707
0 0.696621 0.591069 0.705478 0.550933 0.680086 0.533223 0.671229 0.573358
0 0.536422 0.890377 0.544004 0.847177 0.509802 0.828204 0.502219 0.871404
0 0.485938 0.748481 0.486523 0.712847 0.467599 0.711864 0.467014 0.747498
0 0.136397 0.711564 0.150236 0.673911 0.12031 0.63915 0.106472 0.676803
0 0.231009 0.716356 0.232084 0.691565 0.216031 0.689366 0.214956 0.714157
0 0.480663 0.882112 0.480624 0.814407 0.453666 0.814456 0.453705 0.882161
0 0.0039761 0.918085 0.0701753 0.889622 0.0606166 0.81936 -0.00558257 0.847823
0 0.634082 0.724154 0.635673 0.697667 0.619306 0.69456 0.617715 0.721047
0 0.346532 0.998731 0.353442 0.9755 0.343113 0.965791 0.336204 0.989022
0 0.0499427 0.841655 0.0532095 0.817643 0.0355269 0.81004 0.0322602 0.834052
0 0.22687 0.591736 0.218077 0.540253 0.178964 0.561365 0.187757 0.612848
0 0.415075 1.00939 0.429165 0.980719 0.41854 0.964217 0.404449 0.992893
0 0.293994 0.925286 0.302085 0.902054 0.293356 0.892447 0.285265 0.915679
0 0.559302 0.788545 0.566044 0.774411 0.553273 0.755158 0.546531 0.769293
0 0.157889 0.915649 0.16469 0.875018 0.144763 0.864476 0.137962 0.905106
0 0.128882 0.832672 0.128705 0.789031 0.105272 0.789332 0.10545 0.832973
0 0.200808 0.79001 0.207398 0.768146 0.190618 0.752161 0.184028 0.774025
0 0.435241 0.840293 0.460756 0.824343 0.455496 0.797746 0.429981 0.813696
0 0.780493 1.04546 0.835651 0.963757 0.756994 0.79592 0.701836 0.877619
0 0.498451 0.813767 0.507572 0.783523 0.489941 0.766719 0.48082 0.796963
0 0.678773 0.609948 0.688473 0.584373 0.667149 0.558812 0.657448 0.584387
0 0.315271 0.979343 0.317646 0.953712 0.296475 0.947512 0.2941 0.973143
0 0.310267 1.00057 0.312935 0.975719 0.298116 0.97069 0.295448 0.995541
0 0.216981 0.779188 0.219324 0.753543 0.204745 0.749334 0.202402 0.774978
0 0.57649 0.853457 0.579184 0.82677 0.563535 0.821778 0.560842 0.848466
0 0.213874 0.717699 0.214954 0.698064 0.20046 0.695544 0.199379 0.715178
0 0.478136 0.825927 0.488397 0.78214 0.470275 0.768719 0.460014 0.812507
0 0.553309 0.914964 0.5597 0.880842 0.540853 0.869684 0.534461 0.903806
0 0.299119 1.0009 0.299254 0.964249 0.280957 0.964036 0.280822 1.00068
0 0.346678 0.976255 0.354971 0.955213 0.345491 0.943405 0.337198 0.964447
0 0.720581 0.626534 0.715681 0.586962 0.687801 0.597872 0.6927 0.637444
0 0.235814 0.614519 0.237726 0.594723 0.226637 0.591338 0.224725 0.611133
0 0.283767 0.976991 0.292009 0.948437 0.279534 0.937056 0.271291 0.96561
0 0.635601 0.618132 0.636649 0.59339 0.621598 0.591375 0.62055 0.616118
0 0.336142 0.99209 0.344218 0.966189 0.334469 0.956582 0.326393 0.982483
0 0.429921 0.895648 0.432739 0.854357 0.412278 0.849943 0.40946 0.891234
0 0.560558 0.870606 0.564261 0.822298 0.544414 0.817489 0.54071 0.865798
0 0.097133 0.334115 0.113634 0.309428 0.0958563 0.271873 0.0793554 0.29656
0 0.251593 0.714315 0.263216 0.672585 0.24731 0.658585 0.235688 0.700314
0 0.545504 0.760917 0.550552 0.745941 0.538001 0.732568 0.532952 0.747543
0 0.640826 0.841127 0.645082 0.811769 0.629812 0.804772 0.625555 0.83413
0 0.626657 0.866542 0.628366 0.842427 0.612435 0.838858 0.610725 0.862973
0 0.249559 0.742184 0.252999 0.711591 0.237861 0.706211 0.234421 0.736804
0 0.582702 1.00741 0.5868 0.967013 0.568103 0.961019 0.564005 1.00141
0 0.112262 0.853808 0.112402 0.818869 0.0913664 0.818601 0.0912259 0.85354
0 0.371343 0.964129 0.378521 0.946653 0.370291 0.935969 0.363113 0.953445
0 0.186144 0.815374 0.19632 0.780744 0.180715 0.766251 0.170539 0.800882
0 0.505066 0.537008 0.502103 0.49752 0.48552 0.501452 0.488483 0.540941
0 0.427745 0.943639 0.437104 0.907134 0.412824 0.88746 0.403465 0.923965
0 0.287237 0.907043 0.291613 0.88786 0.281199 0.880353 0.276823 0.899536
0 0.455173 0.96595 0.464627 0.93809 0.451155 0.923643 0.441701 0.951503
0 0.942295 0.823284 0.953327 0.788171 0.930284 0.76529 0.919252 0.800402
0 0.203161 0.972862 0.271549 0.885591 0.235747 0.796921 0.167359 0.884192
0 0.568225 0.912683 0.570787 0.880739 0.554354 0.876574 0.551792 0.908518
0 0.215662 0.702508 0.216945 0.680719 0.201532 0.677851 0.200249 0.699639
0 0.606566 0.910807 0.614767 0.885102 0.595819 0.865996 0.587618 0.891701
0 0.571093 0.823933 0.577702 0.81363 0.567086 0.792111 0.560478 0.802414
0 0.173917 0.91715 0.174705 0.889983 0.158693 0.888515 0.157905 0.915682
0 0.320399 0.923968 0.323498 0.904682 0.312222 0.898954 0.309122 0.918241
0 0.531961 0.675052 0.536051 0.646702 0.524254 0.641323 0.520164 0.669674
0 0.652114 0.613477 0.68531 0.536033 0.65372 0.493238 0.620525 0.570683
0 0.568177 0.67222 0.573898 0.651525 0.559786 0.639194 0.554065 0.65989
0 0.293626 0.969438 0.298507 0.943485 0.283767 0.934723 0.278886 0.960676
0 0.286385 0.942826 0.28996 0.924455 0.279416 0.91797 0.275841 0.936341
0 0.253751 0.976234 0.264002 0.946972 0.25349 0.935332 0.243239 0.964594
0 0.0481265 0.835338 0.0643858 0.794371 0.0494328 0.775615 0.0331735 0.816582
0 0.526457 0.830998 0.528602 0.805706 0.515561 0.802211 0.513416 0.827502
0 0.323432 0.96183 0.324603 0.938366 0.308233 0.935783 0.307062 0.959248
0 0.0405331 0.663694 0.0513249 0.63269 0.0415118 0.621895 0.03072 0.652898
0 0.34096 0.956658 0.343581 0.933241 0.328014 0.927734 0.325393 0.95115
0 0.0648664 0.837982 0.0764154 0.789859 0.0526713 0.77185 0.0411223 0.819972
0 0.197149 0.821703 0.202789 0.802856 0.191929 0.792587 0.18629 0.811435
0 0.2709 0.963275 0.273582 0.943325 0.261768 0.938304 0.259085 0.958254
0 0.336024 1.00477 0.337716 0.98509 0.3272 0.982232 0.325508 1.00191
0 0.221254 0.757208 0.223075 0.735367 0.20915 0.731698 0.207329 0.75354
0 0.601416 0.715873 0.602523 0.695011 0.589909 0.692894 0.588802 0.713757
0 0.333279 0.973158 0.335083 0.950921 0.322816 0.947776 0.321012 0.970013
0 0.208419 0.747584 0.211515 0.728804 0.200053 0.722832 0.196957 0.741612
0 0.322866 0.872349 0.326397 0.851552 0.31616 0.84606 0.31263 0.866856
0 0.381484 0.916311 0.382963 0.890293 0.367756 0.887561 0.366277 0.913579
0 0.320168 0.984863 0.323063 0.96013 0.303263 0.952805 0.300368 0.977538
0 0.30024 0.939846 0.303741 0.920133 0.292007 0.913548 0.288507 0.933261
0 0.138682 0.809796 0.1396 0.789805 0.125745 0.787794 0.124827 0.807786
0 0.0964846 0.880281 0.0993787 0.847289 0.0816912 0.842385 0.0787971 0.875378
0 0.458607 0.938031 0.461555 0.90307 0.440162 0.897369 0.437214 0.93233
0 0.629579 0.844717 0.632472 0.822285 0.616274 0.815684 0.613382 0.838116
0 0.428124 0.416762 0.431286 0.365345 0.405333 0.360301 0.402171 0.411718
0 0.532524 0.809722 0.536499 0.786736 0.524738 0.780308 0.520763 0.803294
0 0.146131 0.666905 0.149921 0.649854 0.137093 0.640842 0.133303 0.657893
0 0.475494 0.968106 0.476335 0.945479 0.458274 0.943358 0.457433 0.965986
0 0.151757 0.855373 0.153661 0.814746 0.12799 0.810942 0.126086 0.85157
0 0.21524 0.62983 0.216876 0.603927 0.201826 0.600922 0.20019 0.626826
0 0.39674 0.908022 0.404055 0.885093 0.394725 0.875686 0.38741 0.898614
0 0.386782 0.938572 0.395246 0.918087 0.385823 0.905783 0.37736 0.926268
0 0.0444398 0.633673 0.0537979 0.610188 0.0460898 0.600481 0.0367317 0.623965
0 0.579158 0.636853 0.592815 0.613552 0.573768 0.578267 0.56011 0.601569
0 0.311134 0.903591 0.315806 0.883589 0.307058 0.877131 0.302385 0.897133
0 0.307663 0.922439 0.311878 0.905511 0.303647 0.899033 0.299432 0.915961
0 0.157379 0.796444 0.165061 0.774978 0.156359 0.765136 0.148677 0.786602
0 0.783172 0.651811 0.783035 0.611 0.759533 0.611249 0.75967 0.65206
0 0.647506 1.00472 0.783735 0.79233 0.745215 0.714245 0.608987 0.926635
0 0.172048 0.702939 0.168503 0.675231 0.145985 0.684337 0.14953 0.712045
0 0.323686 0.415962 0.326426 0.372951 0.309399 0.369523 0.306659 0.412534
0 0.441729 1.01413 0.472602 0.990493 0.46198 0.946635 0.431106 0.970268
0 0.564953 0.718378 0.566582 0.693865 0.553772 0.691175 0.552143 0.715688
0 0.341957 0.937619 0.34462 0.918614 0.332855 0.913402 0.330192 0.932408
0 0.314867 0.894381 0.319939 0.874693 0.309482 0.866181 0.304411 0.885869
0 0.400928 1.00341 0.400163 0.973185 0.380894 0.974727 0.381659 1.00495
0 0.249829 0.949135 0.255636 0.924407 0.245165 0.916636 0.239358 0.941364
0 0.641111 0.656168 0.646869 0.622213 0.630683 0.613539 0.624926 0.647494
0 0.112319 0.883565 0.135758 0.851884 0.124209 0.824879 0.10077 0.85656
0 0.548834 1.01076 0.554629 0.982772 0.540062 0.97324 0.534267 1.00123
0 0.548264 0.671712 0.551487 0.651337 0.538073 0.644631 0.53485 0.665006
0 0.193547 0.763358 0.199258 0.744473 0.187567 0.733298 0.181855 0.752182
0 0.499487 0.416441 0.500486 0.392566 0.483316 0.390294 0.482317 0.41417
0 0.372636 0.901176 0.374448 0.882939 0.365367 0.880087 0.363555 0.898324
0 0.355162 0.419554 0.355386 0.384913 0.322708 0.384245 0.322484 0.418886
0 0.1813 0.773795 0.19147 0.74673 0.182241 0.73577 0.172071 0.762835
0 0.259332 0.948478 0.266444 0.927908 0.256981 0.917567 0.249869 0.938136
0 0.273066 0.854512 0.27384 0.83942 0.263958 0.837817 0.263184 0.85291
0 0.572563 0.872889 0.574643 0.853513 0.56418 0.849964 0.5621 0.86934
0 0.55896 0.807014 0.561837 0.787923 0.551194 0.782855 0.548317 0.801946
0 0.355871 0.967581 0.362657 0.948478 0.353706 0.938431 0.346921 0.957534
0 0.363731 0.89053 0.366653 0.873499 0.356681 0.868093 0.35376 0.885124
0 0.336241 0.827872 0.336996 0.812675 0.327974 0.811259 0.327219 0.826456
0 0.1678 0.828299 0.187409 0.800049 0.175332 0.773555 0.155723 0.801805
0 0.521986 0.794136 0.524186 0.77307 0.511316 0.768821 0.509115 0.789887
0 0.337505 0.89581 0.338806 0.877807 0.329933 0.875781 0.328632 0.893784
0 0.565114 0.758991 0.566939 0.735697 0.55533 0.732822 0.553504 0.756116
0 0.104384 0.888986 0.11428 0.868528 0.102844 0.851046 0.092949 0.871505
0 0.653014 0.83037 0.654441 0.80626 0.642376 0.804001 0.640948 0.828112
0 0.643181 0.868324 0.646891 0.843949 0.629699 0.835677 0.625988 0.860052
0 0.460888 0.739504 0.464007 0.713 0.447243 0.706765 0.444124 0.733269
0 0.616549 0.70555 0.624319 0.618755 0.582385 0.606891 0.574615 0.693686
0 0.612362 0.838009 0.613319 0.818804 0.599379 0.816611 0.598423 0.835815
0 0.593021 0.907147 0.596892 0.881477 0.58555 0.876072 0.581679 0.901742
0 0.319269 0.944309 0.321758 0.924963 0.310682 0.920461 0.308194 0.939807
0 0.362615 0.98852 0.365791 0.967389 0.354597 0.962072 0.351422 0.983203
0 0.286068 0.25619 0.30101 0.189226 0.254037 0.156099 0.239094 0.223062
0 0.0845954 0.291969 0.0914827 0.256472 0.0680308 0.242091 0.0611435 0.277589
0 0.0621502 0.785844 0.0652318 0.763796 0.0463078 0.755437 0.0432262 0.777485
0 0.615659 0.131668 0.641128 0.0261352 0.567835 -0.0297686 0.542366 0.0757644
0 0.505277 0.859262 0.520223 0.805125 0.497856 0.785609 0.48291 0.839746
0 0.359118 0.912828 0.361209 0.887466 0.348468 0.884147 0.346377 0.909509
0 0.512394 1.00792 0.513881 0.96083 0.448719 0.954328 0.447233 1.00142
0 0.21684 0.792244 0.222601 0.775894 0.215299 0.767761 0.209537 0.784111
0 0.177576 0.717873 0.177958 0.70019 0.165818 0.699361 0.165436 0.717044
0 0.726551 0.997421 0.73065 0.910383 0.695768 0.905192 0.691669 0.99223
0 0.497603 0.403919 0.502673 0.379426 0.487004 0.369175 0.481934 0.393668
0 0.712341 0.170965 0.709598 0.124053 0.688104 0.128025 0.690847 0.174938
0 0.155733 0.849834 0.182357 0.831007 0.176246 0.803695 0.149622 0.822522
0 0.291393 0.891264 0.296434 0.877313 0.288259 0.867978 0.283218 0.881929
0 0.123359 0.791191 0.12274 0.755059 0.0922433 0.75671 0.0928622 0.792842
0 0.224315 0.677488 0.225668 0.656065 0.212755 0.653489 0.211402 0.674912
0 0.632552 0.395129 0.636199 0.344784 0.605676 0.337797 0.602029 0.388142
0 0.19722 0.738005 0.198949 0.718648 0.188982 0.715834 0.187253 0.735192
0 0.225884 0.630829 0.227965 0.609171 0.21736 0.605952 0.215279 0.62761
0 0.103158 0.90768 0.122354 0.892445 0.11695 0.870923 0.0977535 0.886158
0 0.343909 0.875073 0.346348 0.860239 0.336434 0.855087 0.333995 0.869921
0 0.0513199 0.701764 0.0587992 0.664356 0.0436386 0.654776 0.0361594 0.692183
0 0.312953 1.01044 0.316828 0.990687 0.306092 0.984032 0.302217 1.00379
0 0.260413 0.93046 0.268345 0.903957 0.259097 0.89521 0.251165 0.921712
0 0.574998 0.949628 0.58185 0.909005 0.567354 0.901277 0.560502 0.9419
0 0.559989 0.932539 0.563371 0.911318 0.549998 0.90458 0.546615 0.925801
0 0.0470007 0.147602 0.0635281 -0.00328621 -0.0153997 -0.0306097 -0.0319271 0.120278
0 0.381939 0.97212 0.387062 0.952952 0.379357 0.946444 0.374234 0.965612
0 0.658264 0.853938 0.665157 0.838198 0.651172 0.818843 0.644279 0.834583
0 0.290023 0.755834 0.292999 0.739437 0.283438 0.733951 0.280462 0.750349
0 0.232696 0.696878 0.234702 0.675676 0.219292 0.671068 0.217286 0.69227
0 0.0822517 0.950638 0.0909824 0.932013 0.0829002 0.920039 0.0741695 0.938664
0 0.574138 0.845546 0.577636 0.824393 0.564408 0.81748 0.56091 0.838632
0 0.433144 0.557723 0.435692 0.53738 0.423395 0.532513 0.420847 0.552855
0 0.578419 0.822588 0.578915 0.805173 0.567203 0.804119 0.566707 0.821534
0 0.564865 0.674931 0.566574 0.654996 0.553274 0.651393 0.551565 0.671328
0 0.961022 0.817344 0.971549 0.795848 0.951939 0.765495 0.941411 0.786991
0 0.232552 0.763469 0.234412 0.745727 0.223495 0.74211 0.221635 0.759852
0 0.29578 0.179834 0.317254 0.169564 0.3008 0.060826 0.279326 0.0710954
0 0.656782 0.753617 0.660457 0.732056 0.643907 0.72314 0.640232 0.744701
0 0.403316 0.925014 0.411072 0.903196 0.403982 0.895232 0.396227 0.91705
0 0.174216 0.894164 0.177895 0.864411 0.163271 0.858697 0.159592 0.888449
0 0.569531 0.409506 0.569336 0.37048 0.539887 0.370944 0.540082 0.409969
0 0.634084 0.67939 0.651457 0.659362 0.644751 0.640977 0.627378 0.661005
0 0.282708 1.00531 0.284212 0.981381 0.266025 0.977766 0.26452 1.00169
0 0.413142 0.714775 0.416527 0.671231 0.3932 0.6655 0.389815 0.709044
0 0.386331 0.942982 0.392827 0.922567 0.381791 0.911468 0.375295 0.931883
