0 0.998463 0.977588 1.01333 0.858766 0.813196 0.779645 0.798332 0.898467
0 0.820049 0.635225 0.846608 0.599599 0.834958 0.57215 0.808399 0.607775
0 0.900611 0.475645 0.903138 0.449461 0.887996 0.444843 0.885469 0.471027
0 0.885995 0.490612 0.890479 0.454644 0.870724 0.446861 0.86624 0.482829
0 0.7504 0.69125 0.751196 0.653277 0.733251 0.652088 0.732454 0.690061
0 0.878856 0.459135 0.878505 0.425968 0.85387 0.426792 0.854221 0.459959
0 0.844828 0.5753 0.864056 0.550235 0.855098 0.528515 0.83587 0.55358
0 0.892892 0.419748 0.899896 0.386136 0.886759 0.377484 0.879755 0.411096
0 0.878047 0.510284 0.881312 0.489628 0.862462 0.480211 0.859197 0.500867
0 0.587905 0.856193 0.587585 0.829052 0.567524 0.829801 0.567844 0.856942
0 0.799088 0.580785 0.813868 0.551127 0.804382 0.536186 0.789602 0.565843
0 0.84694 0.744066 0.855495 0.715063 0.82921 0.690557 0.820655 0.71956
0 0.894487 0.522981 0.895202 0.503578 0.878569 0.501641 0.877854 0.521043
0 0.536725 0.78464 0.542016 0.754618 0.525044 0.745165 0.519753 0.775187
0 0.900889 0.365763 0.905687 0.341321 0.8881 0.33041 0.883302 0.354853
0 0.808162 0.58421 0.824038 0.565295 0.817316 0.547463 0.80144 0.566378
0 0.803966 0.626569 0.811838 0.592206 0.786871 0.57413 0.778999 0.608493
0 0.883331 0.554165 0.888861 0.527185 0.873038 0.516935 0.867508 0.543915
0 0.393304 0.726428 0.397491 0.700986 0.38584 0.694926 0.381653 0.720368
0 0.681983 0.708182 0.69785 0.684746 0.689278 0.666406 0.673412 0.689841
0 0.763875 0.218961 0.755276 0.164381 0.716219 0.183829 0.724818 0.238409
0 0.900052 0.498073 0.902842 0.474934 0.889471 0.46984 0.886681 0.492978
0 0.752812 0.651714 0.754421 0.628815 0.740958 0.625826 0.739349 0.648726
0 0.470985 0.751994 0.47479 0.712709 0.444572 0.703461 0.440767 0.742747
0 0.769053 0.741398 0.781948 0.708825 0.768741 0.6923 0.755845 0.724873
0 0.0719531 0.833276 0.106439 0.724139 0.0705964 0.688343 0.0361101 0.79748
0 0.912334 0.410123 0.91417 0.387856 0.897523 0.383519 0.895688 0.405785
0 0.930009 0.61433 0.948497 0.53662 0.91868 0.514199 0.900191 0.591908
0 0.590527 0.883645 0.602301 0.866446 0.590267 0.840411 0.578493 0.85761
0 0.87297 0.531211 0.877838 0.513438 0.859062 0.497186 0.854194 0.514959
0 0.942469 0.450953 0.947887 0.42582 0.936443 0.418024 0.931026 0.443156
0 0.837728 0.651364 0.869434 0.61941 0.859254 0.587487 0.827548 0.61944
0 0.584678 0.745635 0.591519 0.725225 0.58058 0.713638 0.57374 0.734048
0 0.822443 0.717179 0.826495 0.69382 0.810622 0.685116 0.80657 0.708476
0 0.563806 0.820522 0.565304 0.780109 0.542739 0.777465 0.54124 0.817878
0 0.0235268 0.805898 0.0260208 0.759875 -0.00234515 0.755017 -0.00483914 0.80104
0 0.516661 0.752351 0.519747 0.7189 0.505345 0.7147 0.502259 0.748151
0 1.00172 0.719214 1.00068 0.692236 0.97786 0.695027 0.978904 0.722005
0 0.958132 0.71709 0.971827 0.697611 0.956092 0.662645 0.942397 0.682124
0 0.140915 0.42339 0.18 0.385407 0.147337 0.279182 0.108252 0.317165
0 0.500501 0.951648 0.51493 0.92201 0.489596 0.88303 0.475167 0.912668
0 0.877633 0.612725 0.885866 0.594356 0.864992 0.56479 0.85676 0.58316
0 0.862981 0.36969 0.878485 0.336673 0.864033 0.315225 0.848529 0.348243
0 0.896452 0.543145 0.899372 0.523346 0.888202 0.518139 0.885282 0.537939
0 0.721732 0.686407 0.730379 0.661249 0.721672 0.651791 0.713025 0.676949
0 0.865629 0.671047 0.866926 0.63615 0.845112 0.633588 0.843815 0.668486
0 0.865505 0.598011 0.872372 0.578938 0.856226 0.560567 0.849359 0.57964
0 0.413762 0.754979 0.41945 0.733598 0.40922 0.724997 0.403532 0.746379
0 0.907967 0.33799 0.917362 0.300736 0.891434 0.280071 0.88204 0.317325
0 0.246063 0.992675 0.254954 0.779591 0.223228 0.775407 0.214336 0.988491
0 0.38536 0.867086 0.389067 0.845631 0.375942 0.838463 0.372235 0.859918
0 0.709388 0.683843 0.713608 0.661855 0.701328 0.654406 0.697108 0.676395
0 0.872152 0.570325 0.877203 0.552199 0.863508 0.540139 0.858458 0.558266
0 0.859915 0.428174 0.863613 0.407608 0.849229 0.399435 0.845531 0.42
0 0.973269 0.584096 0.982569 0.563435 0.962043 0.534231 0.952742 0.554892
0 0.0698925 0.984193 0.107188 0.844797 0.0734203 0.816244 0.036125 0.95564
0 0.794706 0.553296 0.804245 0.534315 0.795029 0.519677 0.78549 0.538659
0 0.720592 0.495565 0.723364 0.46911 0.711871 0.465304 0.709098 0.491759
0 0.68522 0.853418 0.68154 0.807226 0.64856 0.815531 0.65224 0.861723
0 0.404792 0.643307 0.407194 0.619287 0.392658 0.614691 0.390256 0.638712
0 0.747112 0.630393 0.753447 0.610739 0.744256 0.601377 0.737922 0.621031
0 0.390396 0.672467 0.392435 0.651675 0.374832 0.646218 0.372792 0.667011
0 0.675777 0.728704 0.680866 0.706309 0.66925 0.697967 0.664161 0.720362
0 0.543653 0.748556 0.54759 0.728191 0.538334 0.722534 0.534396 0.742899
0 0.396434 0.765404 0.395878 0.737016 0.375614 0.738271 0.37617 0.766659
0 0.573898 0.721051 0.578385 0.702999 0.569572 0.696076 0.565085 0.714128
0 0.844081 0.501494 0.85258 0.475938 0.841527 0.464318 0.833027 0.489875
0 0.564922 0.710123 0.574799 0.677802 0.559931 0.663441 0.550053 0.695762
0 0.789891 0.452192 0.800199 0.4299 0.790618 0.415897 0.78031 0.43819
0 0.888925 0.383731 0.890446 0.363609 0.879177 0.360918 0.877656 0.381039
0 0.850901 0.451338 0.852905 0.427726 0.840818 0.424485 0.838815 0.448097
0 0.840574 0.593635 0.848246 0.571 0.838719 0.560796 0.831048 0.583431
0 0.17007 0.103272 0.186357 0.0895039 0.165505 0.0115514 0.149219 0.0253199
0 0.76291 0.774164 0.762892 0.752132 0.74526 0.752177 0.745278 0.774209
0 0.72729 0.463127 0.73073 0.442493 0.717264 0.435397 0.713824 0.456031
0 0.179222 0.861358 0.251777 0.830044 0.224544 0.630613 0.151988 0.661926
0 0.760437 0.634523 0.764079 0.610128 0.752501 0.604666 0.748859 0.629061
0 0.546264 0.630337 0.549443 0.608902 0.537762 0.603427 0.534583 0.624862
0 0.896056 0.60317 0.89762 0.568148 0.884 0.566226 0.882436 0.601248
0 0.16445 0.530971 0.203225 0.498539 0.175086 0.392213 0.136311 0.424645
0 0.378678 0.657872 0.382656 0.630114 0.369028 0.623941 0.36505 0.651699
0 0.835721 0.518395 0.838523 0.499768 0.828367 0.494939 0.825564 0.513565
0 0.97719 0.604662 0.982208 0.58351 0.96482 0.570472 0.959801 0.591624
0 0.863066 0.531237 0.868844 0.514119 0.850828 0.4949 0.84505 0.512018
0 0.334349 0.402142 0.338847 0.373934 0.323877 0.366389 0.319379 0.394597
0 0.869342 0.483117 0.872715 0.453959 0.854822 0.447417 0.851449 0.476575
0 1.00043 0.817093 0.999932 0.769103 0.96166 0.770363 0.96216 0.818353
0 0.96109 0.445491 0.964371 0.417842 0.947085 0.41136 0.943805 0.43901
0 0.540117 0.809072 0.545151 0.782308 0.534063 0.775715 0.529028 0.80248
0 0.998502 0.749038 1.00236 0.721812 0.984857 0.713975 0.981 0.741201
0 0.7749 0.705258 0.784016 0.681375 0.767285 0.661192 0.758169 0.685076
0 0.782271 0.968622 0.819279 0.906371 0.765303 0.804957 0.728296 0.867208
0 0.656727 0.686892 0.663619 0.662391 0.652853 0.652819 0.645961 0.67732
0 0.818457 0.547512 0.820287 0.51691 0.807464 0.514486 0.805633 0.545088
0 0.384774 0.704343 0.391632 0.682896 0.381724 0.672882 0.374866 0.694329
0 1.00215 0.54729 1.00396 0.52187 0.989662 0.518664 0.987858 0.544083
0 0.54046 0.753782 0.544357 0.737553 0.535232 0.730629 0.531336 0.746857
0 0.882924 0.325308 0.884685 0.303025 0.866486 0.29848 0.864726 0.320763
0 0.987428 0.61195 0.991902 0.597143 0.977458 0.583352 0.972985 0.598158
0 0.792436 0.670975 0.799053 0.650733 0.787731 0.639035 0.781113 0.659277
0 0.923251 0.492988 0.924087 0.468453 0.910387 0.466977 0.90955 0.491512
0 0.394915 0.65495 0.395536 0.635345 0.381117 0.633901 0.380496 0.653506
0 0.569972 0.747544 0.575006 0.728883 0.567797 0.722737 0.562763 0.741398
0 0.483787 0.743517 0.494459 0.718557 0.485952 0.70706 0.47528 0.73202
0 0.289938 1.01204 0.291531 0.94426 0.251513 0.941287 0.249919 1.00907
0 0.88891 0.439669 0.892543 0.415461 0.879227 0.409146 0.875595 0.433354
0 0.651348 0.741406 0.653722 0.717186 0.639691 0.71284 0.637317 0.73706
0 0.195852 0.0346124 0.196952 -0.00832785 0.171463 -0.0103925 0.170362 0.0325478
0 0.767566 0.667798 0.771909 0.647009 0.758461 0.63813 0.754118 0.658919
0 0.355951 0.821753 0.37221 0.812553 0.363922 0.766257 0.347662 0.775457
0 0.98526 0.700432 0.98808 0.681479 0.969472 0.672728 0.966652 0.69168
0 0.627792 0.72603 0.629349 0.686675 0.61369 0.684716 0.612133 0.724072
0 0.922321 0.441559 0.924205 0.422067 0.910872 0.417994 0.908988 0.437486
0 0.911434 0.383427 0.913557 0.359509 0.899021 0.355432 0.896898 0.379351
0 0.830591 0.497874 0.838797 0.471446 0.828981 0.461812 0.820774 0.488241
0 0.727037 0.652626 0.729605 0.631578 0.716882 0.626673 0.714315 0.647721
0 0.844124 0.431595 0.850693 0.404892 0.837368 0.394532 0.830799 0.421234
0 0.549837 0.612487 0.55464 0.59234 0.545337 0.585331 0.540534 0.605478
0 0.932445 0.374842 0.935797 0.350932 0.923806 0.345619 0.920455 0.369529
0 0.138465 0.107891 0.150123 0.0963568 0.131392 0.0365227 0.119735 0.0480568
0 0.678102 0.65821 0.680391 0.633276 0.667107 0.629421 0.664818 0.654355
0 0.780749 0.654538 0.783489 0.626421 0.767597 0.621528 0.764858 0.649645
0 0.587063 0.767493 0.598216 0.748955 0.590097 0.733517 0.578944 0.752055
0 0.533251 0.753316 0.5382 0.733587 0.528625 0.725996 0.523676 0.745726
0 0.562677 0.75493 0.566038 0.737896 0.557276 0.732432 0.553915 0.749467
0 0.992475 0.309447 0.995366 0.291237 0.982863 0.284962 0.979971 0.303172
0 0.781787 0.549619 0.788272 0.528703 0.777755 0.518398 0.77127 0.539315
0 0.808377 0.518851 0.820001 0.478912 0.803532 0.463764 0.791908 0.503703
0 0.119541 0.117386 0.139188 0.104294 0.11485 -0.0111428 0.0952027 0.00194901
0 0.571729 0.764618 0.575448 0.747396 0.567364 0.74188 0.563645 0.759101
0 0.518908 0.790835 0.521429 0.763703 0.508225 0.759824 0.505704 0.786957
0 0.587868 0.802951 0.594399 0.787335 0.586976 0.777524 0.580446 0.79314
0 0.673968 0.750001 0.678639 0.728854 0.667041 0.720756 0.662369 0.741903
0 0.693189 0.658348 0.696239 0.632609 0.686677 0.629028 0.683627 0.654767
0 0.863474 0.506869 0.8668 0.488754 0.854529 0.481633 0.851203 0.499749
0 0.952687 0.747202 0.953576 0.720504 0.932877 0.718325 0.931987 0.745023
0 0.679314 0.72857 0.686359 0.704069 0.674646 0.693426 0.667601 0.717927
0 0.731621 0.728336 0.735385 0.705851 0.721271 0.698384 0.717508 0.720869
0 0.736789 0.653291 0.739815 0.631864 0.728715 0.626911 0.72569 0.648337
0 0.669637 0.710677 0.674247 0.69328 0.664185 0.684852 0.659574 0.702248
0 0.846621 0.471873 0.850072 0.449074 0.840482 0.444486 0.837031 0.467285
0 0.560959 0.648361 0.565548 0.614196 0.551206 0.608108 0.546617 0.642272
0 0.557482 0.769512 0.559225 0.751341 0.548571 0.748111 0.546828 0.766282
0 0.98694 0.629676 0.99167 0.615066 0.978601 0.601697 0.973872 0.616308
0 0.658543 0.616255 0.661215 0.593399 0.650019 0.589263 0.647347 0.612119
0 1.00039 0.566089 1.0053 0.542594 0.991746 0.533644 0.986838 0.557139
0 0.372595 0.779238 0.375131 0.750043 0.363522 0.746855 0.360985 0.77605
0 0.79379 0.765725 0.797118 0.7467 0.785314 0.740175 0.781986 0.7592
0 0.38288 0.628778 0.38415 0.609558 0.37435 0.607512 0.37308 0.626732
