0 0.992922 0.973936 1.00766 0.848611 0.806422 0.773843 0.791689 0.899168
0 0.910991 0.784235 0.907751 0.737382 0.884559 0.74245 0.887799 0.789303
0 0.112204 0.980425 0.141891 0.929295 0.123242 0.895075 0.0935558 0.946205
0 0.972872 0.670286 0.995672 0.638961 0.985437 0.615416 0.962637 0.646741
0 0.328148 0.985258 0.328137 0.938794 0.302536 0.938812 0.302547 0.985276
0 0.920163 0.724016 0.926996 0.698173 0.91106 0.684857 0.904227 0.7107
0 0.11918 0.888999 0.13604 0.863926 0.126366 0.843368 0.109507 0.868441
0 0.152557 0.75464 0.155584 0.717989 0.125841 0.710224 0.122813 0.746875
0 0.417154 0.950298 0.421102 0.908942 0.39882 0.902219 0.394872 0.943575
0 0.410473 0.834432 0.412851 0.795459 0.389427 0.790943 0.38705 0.829916
0 0.322591 0.904797 0.325697 0.851008 0.30609 0.847429 0.302984 0.901218
0 0.395489 0.989751 0.399292 0.948521 0.379432 0.942732 0.37563 0.983962
0 0.400336 0.85197 0.401714 0.825666 0.385142 0.822923 0.383764 0.849228
0 0.416559 0.809636 0.427381 0.786434 0.405928 0.754806 0.395105 0.778008
0 0.0719486 0.954193 0.0671078 0.903458 0.0324871 0.913897 0.0373278 0.964633
0 0.908652 0.744605 0.9155 0.723779 0.900779 0.70848 0.893931 0.729306
0 0.928597 0.23944 0.921608 0.175087 0.869772 0.19288 0.87676 0.257232
0 0.0710073 1.00834 0.0808422 0.972147 0.0656085 0.959065 0.0557735 0.995258
0 0.866052 0.521749 0.868278 0.499773 0.854563 0.495383 0.852337 0.517359
0 0.112631 0.922863 0.127503 0.895623 0.11703 0.877552 0.102158 0.904791
0 0.0607043 0.917753 0.0728948 0.885282 0.0610484 0.871226 0.0488579 0.903697
0 0.185058 0.0309879 0.187717 -0.00668076 0.163314 -0.012126 0.160654 0.0255426
0 0.458659 0.7722 0.459664 0.747288 0.44474 0.745385 0.443735 0.770296
0 0.0391877 0.914765 0.0459044 0.890553 0.0246374 0.871907 0.0179207 0.896118
0 0.0834517 0.90655 0.111686 0.879136 0.10366 0.85301 0.0754252 0.880424
0 0.0974967 0.877583 0.104842 0.850563 0.088345 0.836388 0.0809994 0.863409
0 0.452421 0.882406 0.45826 0.840276 0.437565 0.831211 0.431726 0.87334
0 0.0841436 0.935857 0.088309 0.908848 0.073666 0.90171 0.0695005 0.928719
0 0.149521 0.833742 0.156105 0.802859 0.142907 0.793967 0.136324 0.82485
0 0.781712 0.729416 0.78751 0.703827 0.778188 0.697151 0.77239 0.722741
0 0.505507 0.664073 0.506709 0.634106 0.492437 0.632296 0.491235 0.662264
0 0.484064 0.682022 0.485579 0.663633 0.473243 0.660422 0.471729 0.678811
0 0.10764 0.328953 0.115882 0.290565 0.0929048 0.274974 0.0846631 0.313362
0 0.0996819 0.969037 0.111518 0.921168 0.0934342 0.907037 0.0815982 0.954905
0 0.454234 0.842317 0.468454 0.836253 0.461375 0.783787 0.447155 0.789851
0 0.609428 0.81431 0.611648 0.776384 0.592844 0.772905 0.590624 0.810831
0 0.443007 0.820296 0.45385 0.807376 0.441775 0.775347 0.430932 0.788266
0 0.637806 0.79181 0.639997 0.771432 0.629285 0.767791 0.627093 0.788169
0 0.150335 0.868861 0.154084 0.839326 0.136579 0.832304 0.13283 0.861838
0 0.790404 0.750832 0.793782 0.726863 0.78032 0.720868 0.776943 0.744837
0 0.0812178 0.59103 0.0907892 0.564029 0.0797944 0.551711 0.070223 0.578711
0 0.417035 0.892411 0.428697 0.870906 0.413894 0.845533 0.402231 0.867038
0 0.493989 0.78383 0.49432 0.754854 0.475699 0.754182 0.475368 0.783158
0 0.773666 0.721861 0.77701 0.693832 0.764117 0.688971 0.760773 0.717
0 0.493359 0.669538 0.496023 0.647698 0.482258 0.642392 0.479594 0.664232
0 0.823916 0.792632 0.838456 0.763438 0.823461 0.739834 0.808921 0.769028
0 0.485102 0.721228 0.491849 0.698654 0.482068 0.689414 0.475321 0.711988
0 0.49414 0.839387 0.503501 0.80724 0.490623 0.79539 0.481263 0.827537
0 0.096414 0.914078 0.117183 0.890065 0.110041 0.870541 0.0892718 0.894554
0 0.220132 0.811518 0.225741 0.781005 0.204095 0.76843 0.198487 0.798943
0 0.595767 0.844928 0.602076 0.820493 0.590106 0.810725 0.583797 0.83516
0 0.11358 0.789551 0.12041 0.765106 0.109 0.755031 0.10217 0.779476
0 0.208469 0.302776 0.234284 0.289578 0.216918 0.182224 0.191103 0.195422
0 0.888388 0.496505 0.894408 0.479619 0.881234 0.464777 0.875214 0.481663
0 0.152721 0.891407 0.157287 0.858718 0.14173 0.85185 0.137164 0.884539
0 0.491635 0.758033 0.496043 0.734284 0.483602 0.726987 0.479194 0.750735
0 0.855419 0.71013 0.864767 0.677939 0.841729 0.656795 0.832381 0.688986
0 0.120195 0.854455 0.125971 0.833396 0.116874 0.82551 0.111098 0.84657
0 0.559833 0.671289 0.57574 0.654976 0.570312 0.638245 0.554404 0.654558
0 1.00144 0.634853 1.00464 0.611899 0.987141 0.604175 0.983936 0.627129
0 0.110774 0.86874 0.116258 0.847333 0.103589 0.837076 0.0981052 0.858483
0 0.65567 0.790147 0.669571 0.770689 0.662263 0.754189 0.648362 0.773647
0 0.578046 0.727581 0.589296 0.69927 0.577374 0.684298 0.566124 0.712609
0 0.673939 0.828216 0.680738 0.79462 0.667509 0.786158 0.66071 0.819754
0 0.907815 0.545704 0.909431 0.523307 0.890314 0.518948 0.888698 0.541344
0 0.436073 0.880992 0.441624 0.855212 0.427844 0.845833 0.422292 0.871613
0 0.899329 0.517858 0.900843 0.496721 0.885793 0.493314 0.884279 0.514451
0 0.876933 0.513867 0.882839 0.493408 0.868115 0.479975 0.862209 0.500434
0 0.625754 0.916749 0.633222 0.875895 0.615987 0.865938 0.608519 0.906791
0 0.135636 0.899495 0.140782 0.877407 0.128839 0.868613 0.123693 0.890701
0 0.512896 0.70579 0.5147 0.687258 0.503257 0.683737 0.501453 0.702269
0 0.469543 0.793306 0.471769 0.768405 0.460996 0.765362 0.45877 0.790263
0 0.930681 0.765925 0.939123 0.748832 0.92503 0.726836 0.916589 0.74393
0 0.88999 0.716616 0.896088 0.704165 0.885544 0.687845 0.879446 0.700296
0 0.60047 0.768251 0.602351 0.748436 0.589107 0.744461 0.587225 0.764276
0 0.805973 0.791108 0.812325 0.775086 0.796887 0.755742 0.790535 0.771764
0 0.0294708 0.885976 0.0286986 0.852916 0.00829522 0.854423 0.00906736 0.887482
0 0.867619 0.546491 0.872549 0.521218 0.861223 0.514234 0.856292 0.539507
0 0.447536 0.771814 0.447155 0.7382 0.431889 0.738747 0.432269 0.772361
0 0.462678 0.710991 0.46779 0.691613 0.456265 0.682006 0.451154 0.701384
0 0.646801 0.791007 0.65126 0.772843 0.642081 0.765721 0.637622 0.783884
0 0.184371 0.867478 0.190048 0.841343 0.178008 0.833077 0.172331 0.859212
0 0.340693 0.789661 0.363718 0.774364 0.339408 0.658712 0.316383 0.674008
0 0.927738 0.813603 0.92612 0.787376 0.899065 0.792648 0.900682 0.818876
0 0.65373 0.748623 0.659472 0.728433 0.650668 0.720518 0.644925 0.740708
0 0.941428 0.81491 0.953889 0.788667 0.93218 0.756088 0.919719 0.78233
0 0.846694 0.504756 0.851312 0.479586 0.839362 0.472656 0.834744 0.497827
0 0.844201 0.549623 0.851678 0.528248 0.841542 0.517044 0.834066 0.538419
0 0.590225 0.879923 0.593033 0.859539 0.579251 0.853538 0.576443 0.873922
0 0.574046 0.765131 0.577353 0.743936 0.56591 0.738294 0.562603 0.759489
0 0.425483 0.93489 0.439853 0.909327 0.421519 0.876753 0.407149 0.902316
0 0.0520355 0.810415 0.0568812 0.786285 0.0439674 0.778089 0.0391217 0.802218
0 0.0612612 0.865632 0.0684192 0.845869 0.0512013 0.82616 0.0440432 0.845923
0 0.0422997 0.81615 0.0411125 0.786872 0.0176641 0.789878 0.0188514 0.819155
0 0.145621 0.652014 0.148212 0.627844 0.136917 0.624017 0.134325 0.648187
0 0.698512 0.823449 0.702754 0.780194 0.679631 0.773027 0.675389 0.816282
0 0.769327 0.751905 0.779868 0.736336 0.766875 0.708531 0.756333 0.7241
0 1.00002 0.676732 1.00517 0.641452 0.987359 0.633235 0.98221 0.668514
0 0.657337 0.763661 0.66379 0.747667 0.656262 0.738068 0.649809 0.754062
0 0.171514 0.736905 0.173809 0.708478 0.151379 0.702755 0.149084 0.731182
0 0.626739 0.799819 0.629239 0.774435 0.614266 0.769775 0.611766 0.795159
0 0.463395 0.758921 0.46637 0.736779 0.453522 0.731321 0.450546 0.753464
0 0.339629 0.850009 0.343 0.824057 0.331396 0.819292 0.328025 0.845245
0 0.867973 0.775553 0.881447 0.749253 0.871798 0.733629 0.858324 0.759929
0 0.139429 0.850835 0.144576 0.807878 0.123756 0.799996 0.11861 0.842952
0 0.596107 0.825761 0.596467 0.772096 0.56013 0.771326 0.55977 0.82499
0 0.0998744 0.99793 0.108762 0.972334 0.098109 0.960643 0.0892214 0.986239
0 0.220597 0.845218 0.226261 0.821411 0.207661 0.807426 0.201997 0.831234
0 0.474355 0.717913 0.476733 0.697192 0.465509 0.69312 0.463131 0.713842
0 0.683951 0.784519 0.684718 0.762413 0.670244 0.760826 0.669477 0.782932
0 0.496135 0.689086 0.498709 0.663819 0.48366 0.658975 0.481086 0.684242
0 0.192346 0.890571 0.190584 0.867444 0.17128 0.872092 0.173042 0.89522
0 0.461894 0.736465 0.463266 0.710212 0.447986 0.707689 0.446614 0.733941
0 0.408021 0.860819 0.41097 0.839385 0.398977 0.83417 0.396028 0.855604
0 1.00382 0.794428 1.00183 0.75678 0.965807 0.762813 0.967802 0.80046
0 0.217954 0.8718 0.222254 0.837151 0.200389 0.828575 0.196089 0.863223
0 0.351366 0.900084 0.353164 0.878398 0.337976 0.874417 0.336178 0.896103
0 0.309852 0.838039 0.308016 0.81113 0.290098 0.814995 0.291934 0.841904
0 0.670005 0.77294 0.676585 0.754724 0.66767 0.744546 0.66109 0.762762
0 0.846722 0.487677 0.850245 0.463836 0.83867 0.458431 0.835148 0.482272
0 0.876709 0.733733 0.878829 0.709817 0.86518 0.705994 0.86306 0.72991
0 0.0750503 0.925205 0.0805246 0.891208 0.0668241 0.884236 0.0613499 0.918233
0 0.968258 0.507223 0.970829 0.483382 0.952913 0.477276 0.950342 0.501117
0 0.346905 0.872391 0.353582 0.852561 0.337011 0.834926 0.330334 0.854756
0 0.589453 0.657543 0.59306 0.636836 0.580662 0.630009 0.577054 0.650717
0 0.325906 0.854277 0.326859 0.827171 0.305781 0.824829 0.304828 0.851935
0 0.105312 0.988659 0.110189 0.964124 0.0968946 0.955773 0.0920182 0.980309
0 0.247599 0.565286 0.272718 0.499741 0.201502 0.413487 0.176384 0.479032
0 0.615184 0.778853 0.618276 0.750896 0.604067 0.745929 0.600975 0.773885
0 0.197727 0.106599 0.203364 0.0380766 0.169678 0.0293183 0.164041 0.0978405
0 0.0520554 0.903991 0.0587654 0.873455 0.0471203 0.865368 0.0404102 0.895903
0 0.481069 0.896737 0.489173 0.882128 0.476825 0.860478 0.468721 0.875087
0 0.925873 0.755536 0.932858 0.736844 0.919694 0.721296 0.912709 0.739988
0 0.206344 0.576379 0.205211 0.523093 0.184224 0.524502 0.185356 0.577789
0 0.908153 0.501442 0.910716 0.482354 0.898422 0.477136 0.895858 0.496224
0 0.430771 0.817553 0.435096 0.791205 0.42408 0.78549 0.419755 0.811838
0 0.487497 0.720816 0.497203 0.699638 0.487777 0.685985 0.478071 0.707162
0 0.61231 0.853937 0.626227 0.817127 0.610072 0.797822 0.596154 0.834632
0 0.301761 0.619145 0.309646 0.526496 0.263948 0.514205 0.256064 0.606854
0 0.102279 1.02108 0.165867 0.988023 0.156656 0.932029 0.0930679 0.965087
0 0.940481 0.763884 0.955655 0.750511 0.941729 0.700569 0.926555 0.713941
0 0.84574 0.524163 0.847783 0.505025 0.835566 0.500903 0.833523 0.520041
0 0.528916 0.75275 0.535013 0.719665 0.520901 0.711445 0.514804 0.74453
0 0.522493 0.673522 0.525827 0.648873 0.515128 0.644299 0.511794 0.668948
0 0.0540028 0.932437 0.0540152 0.904867 0.0332165 0.904837 0.033204 0.932407
0 0.433655 0.786656 0.435277 0.761897 0.421591 0.759064 0.41997 0.783822
0 0.190961 0.814047 0.19492 0.787146 0.181258 0.780792 0.1773 0.807694
0 0.402603 0.628686 0.405471 0.604648 0.38982 0.598747 0.386953 0.622785
0 0.51525 0.68136 0.518146 0.652736 0.506666 0.649064 0.503769 0.677689
0 0.986247 0.482821 0.993732 0.460501 0.983316 0.449459 0.97583 0.471779
0 0.174002 0.882122 0.179045 0.86028 0.16075 0.846929 0.155706 0.86877
0 0.155741 0.108825 0.183369 0.0589657 0.134649 -0.0263564 0.107021 0.0235033
0 0.999341 0.400829 1.0035 0.366025 0.987064 0.359825 0.982909 0.394629
0 0.641061 0.75996 0.646348 0.744481 0.638207 0.735693 0.63292 0.751172
0 0.403557 0.988644 0.417993 0.956179 0.406612 0.940186 0.392176 0.972651
0 0.92511 0.795885 0.92865 0.764874 0.910195 0.758217 0.906655 0.789227
0 0.476985 0.697848 0.480038 0.678869 0.465632 0.671545 0.462579 0.690525
0 0.91411 0.489619 0.919347 0.47016 0.910994 0.463055 0.905757 0.482514
0 0.465589 0.649843 0.466587 0.626024 0.454133 0.624376 0.453136 0.648195
