0 0.345367 0.590908 0.345581 0.540915 0.317804 0.54054 0.31759 0.590533
0 0.429318 1.01252 0.449385 0.97917 0.434004 0.949921 0.413938 0.983271
0 0.297678 0.996903 0.299444 0.883015 0.231691 0.879694 0.229925 0.993583
0 0.454824 0.967467 0.453446 0.902741 0.415945 0.905264 0.417323 0.96999
0 0.38502 1.00715 0.430672 0.989284 0.413891 0.853724 0.368239 0.871585
0 0.984916 1.08028 1.02649 0.851434 0.812284 0.728437 0.770708 0.957279
0 0.386413 0.984831 0.386783 0.888751 0.337128 0.888148 0.336759 0.984228
0 0.235321 0.962126 0.235835 0.924401 0.211063 0.923334 0.210549 0.961059
0 0.238287 0.930194 0.243607 0.856301 0.214913 0.849772 0.209594 0.923666
0 0.913566 0.695584 0.912896 0.646012 0.884616 0.647219 0.885285 0.696792
0 0.547625 0.990961 0.552117 0.924519 0.524897 0.918702 0.520404 0.985144
0 0.211082 0.831671 0.235388 0.796919 0.221357 0.765906 0.197052 0.800658
0 0.788952 1.03919 0.84127 0.960355 0.758703 0.787182 0.706385 0.866018
0 0.331681 0.789964 0.333733 0.764563 0.315656 0.759947 0.313604 0.785348
0 0.191244 0.986755 0.219161 0.928387 0.200214 0.899745 0.172297 0.958113
0 0.657461 0.690772 0.664677 0.667903 0.648851 0.65212 0.641635 0.674989
0 0.712249 0.607882 0.710496 0.582788 0.691288 0.587028 0.69304 0.612122
0 0.161003 0.775883 0.16844 0.727934 0.145547 0.716712 0.13811 0.764661
0 0.721192 0.520993 0.716877 0.475875 0.684265 0.485732 0.68858 0.53085
0 0.320429 0.88041 0.331899 0.833584 0.312347 0.818447 0.300877 0.865274
0 0.344835 0.849736 0.346256 0.822928 0.330081 0.820218 0.32866 0.847026
0 0.195373 0.999599 0.222156 0.969024 0.212072 0.941106 0.185289 0.971681
0 0.515059 1.00521 0.517239 0.968526 0.48221 0.961949 0.48003 0.998637
0 0.760956 0.627559 0.76458 0.568769 0.734005 0.562814 0.730382 0.621603
0 0.308594 0.819134 0.31909 0.789992 0.308094 0.777476 0.297598 0.806617
0 0.118946 1.01165 0.131499 0.976588 0.116535 0.959657 0.103982 0.994721
0 0.233535 0.788605 0.253706 0.760935 0.242375 0.73483 0.222204 0.7625
0 0.193391 0.896289 0.219967 0.868988 0.211224 0.84209 0.184648 0.869391
0 0.711058 0.641764 0.721444 0.610266 0.70997 0.598309 0.699584 0.629807
0 0.671425 0.711689 0.674434 0.683562 0.655964 0.677316 0.652954 0.705444
0 0.31767 0.921413 0.322071 0.885848 0.300535 0.877426 0.296134 0.912991
0 0.33424 0.915486 0.338476 0.887653 0.319085 0.878324 0.314848 0.906158
0 0.373368 0.859783 0.378844 0.818197 0.358589 0.809768 0.353114 0.851354
0 0.471993 0.961677 0.475212 0.922681 0.459553 0.918596 0.456334 0.957592
0 0.501004 0.975304 0.499319 0.941685 0.473051 0.945846 0.474736 0.979464
0 0.480477 0.95418 0.498429 0.931433 0.479649 0.884593 0.461697 0.90734
0 0.296823 0.864786 0.312653 0.83318 0.302397 0.816944 0.286567 0.84855
0 0.460795 0.559021 0.464428 0.522011 0.442392 0.515174 0.438759 0.552185
0 0.438878 0.913327 0.444999 0.885098 0.43135 0.875745 0.425229 0.903974
0 0.227875 1.00153 0.252293 0.96784 0.238985 0.937356 0.214567 0.971046
0 0.380479 0.886765 0.394043 0.848109 0.379196 0.831643 0.365631 0.8703
0 0.409021 0.813697 0.412454 0.780953 0.39695 0.775816 0.393518 0.80856
0 0.462697 0.860265 0.484134 0.842861 0.471481 0.793604 0.450044 0.811008
0 0.537387 0.829604 0.540002 0.796093 0.526024 0.792645 0.523408 0.826156
0 0.671825 0.636478 0.672809 0.615932 0.658776 0.613807 0.657791 0.634353
0 0.399459 0.705024 0.401729 0.682042 0.388214 0.677822 0.385944 0.700804
0 0.666422 0.777516 0.682339 0.716871 0.627958 0.671761 0.612041 0.732407
0 0.280287 1.01674 0.308824 0.985198 0.296115 0.948861 0.267578 0.980406
0 0.0455795 0.985093 0.0623675 0.959185 0.0528196 0.939631 0.0360316 0.965539
0 0.807216 0.686115 0.814373 0.661448 0.797189 0.645691 0.790032 0.670358
0 0.682856 0.693542 0.687979 0.660863 0.670734 0.652319 0.665611 0.684997
0 0.412906 0.875513 0.416709 0.842941 0.394968 0.83492 0.391165 0.867491
0 0.4517 0.895 0.453345 0.86083 0.436906 0.858329 0.43526 0.892498
0 0.526535 0.97501 0.526349 0.926187 0.50412 0.926454 0.504305 0.975276
0 0.406726 0.837065 0.410555 0.811433 0.396897 0.804984 0.393068 0.830617
0 0.32009 0.768049 0.32079 0.745786 0.307831 0.744497 0.30713 0.76676
0 0.301781 0.90432 0.308107 0.863714 0.287326 0.853481 0.280999 0.894087
0 0.31173 0.782734 0.313865 0.763029 0.302587 0.759167 0.300452 0.778873
0 0.252765 0.845215 0.274172 0.815221 0.261919 0.787579 0.240511 0.817572
0 0.55651 1.00479 0.562689 0.971817 0.548453 0.963386 0.542274 0.996357
0 0.343738 1.00226 0.351416 0.963315 0.336412 0.953968 0.328735 0.992917
0 0.726638 0.579497 0.731508 0.55439 0.716721 0.545324 0.711851 0.570431
0 0.647721 0.699135 0.65104 0.664974 0.633002 0.659436 0.629683 0.693597
0 0.711312 0.487858 0.712356 0.461945 0.689524 0.459038 0.68848 0.484951
0 0.644483 0.895622 0.64494 0.861399 0.624285 0.860527 0.623828 0.89475
0 0.284515 0.81709 0.291151 0.793792 0.280165 0.783903 0.27353 0.807201
0 0.199744 0.935347 0.206825 0.88067 0.178602 0.869118 0.171521 0.923796
0 0.446684 0.797973 0.44859 0.773611 0.429285 0.768838 0.427379 0.793201
0 0.388553 1.00707 0.388957 0.97492 0.371135 0.974212 0.370731 1.00637
0 0.158902 1.01738 0.187844 0.986333 0.173543 0.944197 0.144601 0.975242
0 0.235907 0.870064 0.254574 0.82117 0.234278 0.796679 0.215611 0.845573
0 0.468779 1.00046 0.478042 0.96669 0.468036 0.958014 0.458773 0.991781
0 0.644324 0.796717 0.653279 0.773351 0.630159 0.745345 0.621204 0.768711
0 0.612 0.99502 0.621066 0.939592 0.595459 0.926355 0.586393 0.981783
0 0.299989 0.829964 0.307355 0.804572 0.292692 0.791127 0.285326 0.816519
0 0.383836 0.725084 0.388999 0.697808 0.377228 0.690766 0.372065 0.718042
0 0.724395 0.489984 0.726122 0.466842 0.710628 0.463187 0.708901 0.486329
0 0.679208 0.755164 0.691946 0.732364 0.674468 0.701503 0.66173 0.724303
0 0.74981 1.04445 0.780379 0.959589 0.712467 0.882274 0.681898 0.967138
0 0.136829 0.89474 0.143303 0.873222 0.133226 0.86364 0.126752 0.885158
0 0.574521 0.999519 0.583474 0.965125 0.562235 0.94765 0.553282 0.982044
0 0.462301 0.392964 0.466723 0.333318 0.43463 0.325798 0.430207 0.385443
0 0.0678438 0.968116 0.0851819 0.943555 0.0781529 0.927873 0.0608147 0.952434
0 0.770096 0.574296 0.770381 0.548602 0.754242 0.548035 0.753956 0.573729
0 0.459924 0.992437 0.469384 0.962811 0.455348 0.948646 0.445888 0.978271
0 0.659057 0.641708 0.660597 0.619992 0.647269 0.617004 0.645729 0.638719
0 0.39002 0.849072 0.398867 0.822177 0.387384 0.810241 0.378538 0.837136
0 0.520755 0.852613 0.5256 0.805849 0.497683 0.796709 0.492839 0.843473
0 0.33734 0.940262 0.346458 0.906084 0.333717 0.895343 0.3246 0.929521
0 0.685706 0.710633 0.688317 0.688067 0.675075 0.683225 0.672464 0.705791
0 0.526376 0.883909 0.532842 0.854878 0.52017 0.845959 0.513705 0.87499
0 0.173065 0.96477 0.182276 0.923401 0.164673 0.911013 0.155461 0.952382
0 0.430903 0.896321 0.437771 0.866487 0.423956 0.856436 0.417088 0.88627
0 0.214881 0.775073 0.21605 0.750424 0.202149 0.748341 0.200981 0.77299
0 0.299795 0.690008 0.311492 0.659007 0.300556 0.645966 0.288859 0.676966
0 0.451231 0.601074 0.477374 0.584668 0.471313 0.554144 0.44517 0.57055
0 1.02138 0.862501 1.02576 0.735173 0.954646 0.72745 0.950271 0.854777
0 0.640431 0.86976 0.647641 0.843743 0.6284 0.826893 0.62119 0.85291
0 0.343175 0.706676 0.349565 0.691604 0.33885 0.677248 0.332461 0.69232
0 0.136252 0.995331 0.159639 0.963777 0.149808 0.940747 0.126421 0.972301
0 0.34087 0.672009 0.346074 0.650674 0.332887 0.640509 0.327684 0.661845
0 0.168791 0.882471 0.174012 0.853007 0.164013 0.847408 0.158793 0.876872
0 0.589669 1.00751 0.599133 0.983413 0.58216 0.96234 0.572696 0.986433
0 0.463532 0.874399 0.46109 0.830364 0.442815 0.833566 0.445256 0.877601
0 0.391448 0.800704 0.397984 0.782708 0.388865 0.77224 0.382329 0.790235
0 0.332423 0.750511 0.335112 0.723481 0.318206 0.718165 0.315517 0.745195
0 0.560421 0.869406 0.563794 0.841291 0.546308 0.834661 0.542935 0.862776
0 0.42552 0.814481 0.428166 0.793248 0.415593 0.788298 0.412948 0.80953
0 0.547572 0.83539 0.555929 0.814896 0.545262 0.801147 0.536904 0.821641
0 0.322638 0.814988 0.329883 0.793057 0.319557 0.782275 0.312312 0.804206
0 0.369737 1.00517 0.3702 0.981666 0.350373 0.980434 0.349911 1.00394
0 0.701321 0.697278 0.70266 0.648568 0.685344 0.647064 0.684005 0.695774
0 0.439176 0.815895 0.442737 0.793325 0.427878 0.785915 0.424317 0.808486
0 0.338536 0.812356 0.341737 0.793015 0.328823 0.78626 0.325622 0.805601
0 0.468213 0.80441 0.47702 0.772597 0.463101 0.760419 0.454294 0.792232
0 0.533166 0.930851 0.533764 0.900076 0.517968 0.899105 0.51737 0.92988
0 0.222933 0.760716 0.224678 0.737366 0.211953 0.73436 0.210208 0.75771
0 0.457611 0.781958 0.470899 0.748288 0.457311 0.73134 0.444024 0.76501
0 0.692865 0.592484 0.693512 0.567177 0.674711 0.565659 0.674064 0.590966
0 0.661803 0.673876 0.671191 0.652037 0.659579 0.636261 0.650191 0.6581
0 0.533112 0.758027 0.554134 0.700363 0.535722 0.679149 0.5147 0.736813
0 0.286828 0.850864 0.3011 0.832204 0.293341 0.813445 0.279068 0.832105
0 0.417142 0.797597 0.420811 0.777802 0.40955 0.771205 0.405881 0.791
0 0.333665 0.837581 0.33654 0.807169 0.319943 0.802211 0.317068 0.832623
0 0.159727 0.928718 0.164412 0.908175 0.156141 0.902213 0.151456 0.922756
0 0.00488535 0.99984 0.0142508 0.97546 0.00521092 0.964485 -0.00415455 0.988864
0 0.678333 0.603327 0.680661 0.575439 0.661407 0.570359 0.659078 0.598247
0 0.319745 0.675175 0.321624 0.655783 0.308726 0.651835 0.306848 0.671227
0 0.293828 0.8982 0.293178 0.859373 0.268349 0.860686 0.268999 0.899514
0 0.732224 0.547045 0.734127 0.526141 0.721894 0.522622 0.719991 0.543526
0 0.0312329 0.990013 0.0421363 0.964137 0.0331393 0.952155 0.0222359 0.978031
0 0.696812 0.737646 0.699449 0.699457 0.684238 0.696138 0.681602 0.734327
0 0.645372 0.597575 0.647228 0.572817 0.632279 0.569275 0.630423 0.594033
0 0.0899958 0.346021 0.107158 0.324153 0.0907198 0.283379 0.0735575 0.305247
0 0.367794 0.752238 0.369876 0.732095 0.359267 0.728629 0.357185 0.748772
0 0.188456 0.594322 0.19109 0.574596 0.177981 0.569065 0.175348 0.58879
0 0.10554 0.96978 0.113246 0.948454 0.105688 0.939822 0.0979818 0.961148
0 0.730451 0.615452 0.734444 0.591965 0.723902 0.5863 0.719908 0.609787
0 0.612005 0.363003 0.615883 0.311667 0.587555 0.304903 0.583676 0.356239
0 0.780959 0.604702 0.784733 0.569221 0.76322 0.561988 0.759445 0.597469
0 0.296118 0.761963 0.294584 0.739213 0.274675 0.743456 0.276209 0.766206
0 0.471848 0.906909 0.480897 0.881833 0.462159 0.860461 0.45311 0.885537
0 0.244775 0.816044 0.259477 0.77866 0.245055 0.760734 0.230353 0.798118
0 0.187424 0.127283 0.205351 0.117809 0.184525 -0.00673359 0.166598 0.00274092
0 0.288141 0.716946 0.290667 0.655406 0.258067 0.651177 0.255541 0.712717
0 0.440058 0.855064 0.442023 0.823968 0.427015 0.820971 0.425051 0.852068
0 0.523056 0.766432 0.518374 0.702941 0.495199 0.708342 0.499881 0.771833
0 0.797243 0.679278 0.796816 0.62401 0.765119 0.624784 0.765546 0.680052
0 0.0356558 0.155515 0.0577517 0.00375328 -0.0133223 -0.0289517 -0.0354182 0.12281
0 0.640587 0.643983 0.642329 0.621732 0.627754 0.618125 0.626012 0.640376
0 0.950879 0.580699 0.956278 0.55663 0.941235 0.545963 0.935835 0.570033
0 0.146735 0.880987 0.151721 0.862468 0.143196 0.855214 0.138211 0.873734
0 0.119616 0.926768 0.125524 0.901252 0.116472 0.894628 0.110564 0.920144
0 0.523423 0.813606 0.528278 0.790509 0.51738 0.78327 0.512525 0.806367
0 0.311582 0.942176 0.315958 0.917509 0.302889 0.910182 0.298513 0.934849
0 0.820552 0.496122 0.823093 0.472473 0.810704 0.468266 0.808163 0.491914
0 0.313195 0.391269 0.314581 0.352829 0.293618 0.350441 0.292232 0.388881
0 0.406406 0.63674 0.410972 0.606095 0.397412 0.599709 0.392846 0.630354
0 0.183796 0.881346 0.186937 0.86383 0.176958 0.858176 0.173818 0.875692
0 0.677623 0.794748 0.681331 0.769247 0.668816 0.763495 0.665107 0.788996
0 0.336829 0.723276 0.340292 0.705023 0.327413 0.6973 0.32395 0.715554
0 0.441122 0.575241 0.44613 0.549018 0.429488 0.538973 0.42448 0.565196
0 0.31971 0.707193 0.331013 0.682875 0.320482 0.667405 0.309179 0.691723
0 0.54742 0.899723 0.548935 0.875492 0.538222 0.873375 0.536707 0.897606
0 0.727039 0.469031 0.726354 0.430016 0.700268 0.431464 0.700953 0.470479
0 0.964982 0.739397 0.96283 0.709648 0.931599 0.716787 0.933751 0.746535
0 0.450446 0.830451 0.452518 0.808451 0.438032 0.804138 0.435959 0.826138
0 0.513168 0.790596 0.526838 0.768962 0.518708 0.752725 0.505037 0.774359
0 0.214159 1.01482 0.224181 0.986669 0.210115 0.97084 0.200093 0.998989
0 0.62046 0.946502 0.618669 0.859246 0.559059 0.863112 0.56085 0.950368
0 0.562994 0.920178 0.564888 0.89269 0.546778 0.888745 0.544883 0.916233
0 0.688188 0.656358 0.690025 0.638463 0.679639 0.635094 0.677802 0.652989
0 0.686768 0.535269 0.689949 0.51514 0.676213 0.508278 0.673031 0.528407
0 0.503462 0.811159 0.500982 0.769078 0.482707 0.772482 0.485186 0.814562
0 0.546047 1.00415 0.545798 0.984351 0.519854 0.985382 0.520103 1.00518
0 0.806876 0.605475 0.806323 0.57871 0.789153 0.579832 0.789706 0.606597
0 0.382642 0.606019 0.381909 0.577502 0.361731 0.579142 0.362464 0.607659
0 0.173057 0.560888 0.178069 0.529093 0.155831 0.518015 0.150819 0.549809
0 0.336428 0.764178 0.338579 0.744323 0.325007 0.739678 0.322857 0.759532
0 0.329196 0.839888 0.332444 0.808348 0.314418 0.80248 0.31117 0.834021
0 0.525008 0.601403 0.528027 0.566045 0.50977 0.561119 0.506751 0.596477
0 0.370044 0.888375 0.377857 0.858285 0.363414 0.846433 0.355601 0.876524
0 0.000807464 0.211025 0.0661966 0.177967 0.0574852 0.123509 -0.00790389 0.156567
0 0.752541 0.570109 0.755833 0.54629 0.743913 0.541083 0.740622 0.564902
0 0.399515 0.607847 0.405731 0.583027 0.395045 0.574569 0.388829 0.59939
0 0.39684 0.632783 0.401348 0.604278 0.387511 0.597363 0.383004 0.625868
0 0.198408 0.756618 0.202961 0.720578 0.186012 0.713811 0.181459 0.749851
0 0.360558 0.695956 0.362796 0.666714 0.350785 0.663809 0.348547 0.693051
0 0.125061 0.896268 0.129683 0.873507 0.119256 0.866816 0.114634 0.889577
0 0.664659 0.553381 0.668375 0.529211 0.655375 0.522894 0.651659 0.547064
0 0.926031 0.755154 0.929024 0.721968 0.903901 0.714806 0.900908 0.747993
0 0.557402 0.971934 0.562908 0.943058 0.548086 0.934126 0.54258 0.963002
0 0.326274 0.972611 0.330108 0.948717 0.318441 0.9428 0.314607 0.966694
0 0.35963 0.898258 0.364119 0.87513 0.353381 0.868543 0.348892 0.891671
0 0.736302 0.590175 0.739861 0.565622 0.728681 0.560501 0.725122 0.585054
0 0.327744 1.00157 0.338036 0.969288 0.327482 0.958655 0.31719 0.99094
0 0.334758 0.957534 0.343092 0.91428 0.330071 0.906352 0.321738 0.949605
0 0.250875 0.885256 0.253912 0.863722 0.241016 0.857974 0.237979 0.879508
0 0.351322 0.624795 0.36021 0.602773 0.34356 0.581533 0.334671 0.603555
0 0.226707 0.443026 0.236532 0.384758 0.196063 0.363194 0.186239 0.421462
0 0.581502 0.966457 0.590901 0.93039 0.556998 0.902468 0.5476 0.938535
0 0.615658 0.221146 0.616093 0.161015 0.583581 0.160273 0.583146 0.220403
0 0.38524 0.738873 0.387895 0.71939 0.378039 0.715145 0.375384 0.734628
