0 0.186666 1.00259 0.197815 0.96233 0.180193 0.946908 0.169043 0.987172
0 0.575082 0.839108 0.584165 0.81498 0.566773 0.794288 0.55769 0.818417
0 0.0634636 0.685015 0.0645985 0.659274 0.0484561 0.657024 0.0473212 0.682766
0 0.0562566 0.987938 0.0671143 0.952205 0.048848 0.934663 0.0379903 0.970396
0 0.24856 0.971734 0.269573 0.937327 0.255972 0.911075 0.234959 0.945483
0 0.993171 0.966021 1.00584 0.84624 0.80564 0.779329 0.792973 0.89911
0 0.196328 0.91351 0.200553 0.883519 0.184079 0.876183 0.179854 0.906175
0 0.0976662 0.752921 0.100846 0.726933 0.0835601 0.720249 0.0803805 0.746237
0 0.160609 1.00389 0.17077 0.969061 0.15805 0.957333 0.147889 0.992166
0 0.0736146 0.707192 0.079128 0.690017 0.0629854 0.673639 0.0574719 0.690813
0 0.584599 0.787195 0.587038 0.765246 0.575433 0.76117 0.572994 0.783119
0 0.278522 0.831627 0.281768 0.810254 0.266193 0.802779 0.262948 0.824151
0 0.136035 1.00305 0.14394 0.97301 0.13068 0.961981 0.122775 0.992018
0 0.040478 0.658486 0.0426062 0.635423 0.0238516 0.629953 0.0217235 0.653016
0 0.526692 0.889072 0.528183 0.851686 0.506853 0.848997 0.505362 0.886384
0 0.554191 0.803581 0.55327 0.769695 0.528776 0.7718 0.529697 0.805686
0 0.203727 0.992004 0.215862 0.957393 0.202319 0.942386 0.190184 0.976996
0 0.210993 0.86458 0.216957 0.841761 0.206799 0.833369 0.200834 0.856188
0 0.560275 0.850526 0.568644 0.821705 0.549134 0.8038 0.540765 0.83262
0 0.226231 0.892068 0.233188 0.835781 0.218165 0.829912 0.211207 0.886199
0 0.52855 0.834563 0.53088 0.810604 0.517874 0.806608 0.515545 0.830567
0 0.144201 0.819573 0.149562 0.796373 0.139415 0.788963 0.134054 0.812162
0 0.0334275 1.01121 0.0463775 0.967758 0.0260349 0.948595 0.0130849 0.992043
0 0.131381 0.971644 0.132136 0.94379 0.117398 0.942527 0.116642 0.97038
0 0.0486266 0.624429 0.0514017 0.59536 0.0371078 0.591047 0.0343328 0.620116
0 0.140557 0.977386 0.148994 0.951242 0.139631 0.941692 0.131194 0.967836
0 0.183474 0.895086 0.18691 0.873816 0.16997 0.865169 0.166534 0.886438
0 0.387278 0.908646 0.414294 0.88673 0.406584 0.856695 0.379569 0.87861
0 0.194425 0.877686 0.203751 0.858303 0.195903 0.846368 0.186577 0.865752
0 0.570614 0.744707 0.573247 0.722141 0.561987 0.717989 0.559355 0.740555
0 0.0925624 0.920112 0.10911 0.880834 0.0932668 0.85974 0.0767197 0.899018
0 0.278023 0.780614 0.280195 0.73229 0.264279 0.730029 0.262107 0.778353
0 0.547106 0.751538 0.552798 0.729682 0.543018 0.721632 0.537326 0.743487
0 0.101804 0.65287 0.101509 0.631446 0.0813754 0.632321 0.0816699 0.653745
0 0.222482 0.968872 0.228618 0.941647 0.210541 0.928769 0.204404 0.955994
0 0.449855 0.896856 0.45574 0.832911 0.426405 0.824379 0.420521 0.888324
0 0.159061 0.826753 0.159789 0.804434 0.14681 0.803095 0.146081 0.825414
0 0.0759359 0.66082 0.0770721 0.642198 0.0647956 0.639831 0.0636595 0.658452
0 0.0711602 0.926254 0.0843431 0.895159 0.0727632 0.879643 0.0595804 0.910738
0 0.586168 0.752518 0.589087 0.732755 0.574791 0.726081 0.571872 0.745844
0 0.509307 0.84537 0.520233 0.814352 0.507732 0.800435 0.496806 0.831453
0 0.0460515 0.957849 0.0601268 0.928572 0.0500768 0.913301 0.0360015 0.942578
0 0.133345 0.941031 0.135798 0.914483 0.121893 0.910423 0.11944 0.936972
0 0.544212 0.84883 0.547364 0.82265 0.533471 0.817364 0.53032 0.843545
0 0.372543 0.826149 0.372428 0.791082 0.350744 0.791306 0.350859 0.826374
0 0.0963793 0.716125 0.0981711 0.696172 0.0860022 0.692718 0.0842104 0.712671
0 0.271778 0.805613 0.273401 0.785158 0.262597 0.782447 0.260973 0.802903
0 0.235648 0.85942 0.247753 0.844722 0.237187 0.81722 0.225082 0.831918
0 0.396275 0.849153 0.395731 0.826465 0.380418 0.827626 0.380962 0.850314
0 0.0999885 0.626828 0.100449 0.608285 0.0868384 0.607218 0.0863783 0.625761
0 0.589289 0.652019 0.590917 0.62992 0.577354 0.626762 0.575726 0.648862
0 0.52966 0.99522 0.530762 0.948402 0.506141 0.946571 0.505039 0.993389
0 0.133739 0.824256 0.13786 0.79907 0.123103 0.79144 0.118983 0.816626
0 0.210485 0.910902 0.216344 0.886513 0.20166 0.875366 0.195802 0.899755
0 0.0702892 0.744887 0.0725308 0.710363 0.046443 0.705009 0.0442014 0.739534
0 0.0913306 0.581833 0.0940476 0.564182 0.0820994 0.55837 0.0793824 0.576021
0 0.609935 0.77988 0.618904 0.761808 0.603896 0.738267 0.594927 0.756339
0 0.575009 0.762788 0.577175 0.747049 0.565404 0.74193 0.563238 0.757669
0 0.0160087 0.903826 0.0464928 0.848316 0.020913 0.803919 -0.0095712 0.859429
0 0.208225 0.940923 0.220442 0.920498 0.21231 0.905125 0.200093 0.92555
0 0.241871 0.811723 0.241488 0.79221 0.228348 0.793024 0.22873 0.812537
0 0.104291 1.0135 0.12301 0.990863 0.11453 0.968704 0.0958108 0.991344
0 0.0769128 1.01978 0.114956 0.978013 0.100559 0.936563 0.0625157 0.978325
0 0.488827 0.818227 0.501804 0.804479 0.488342 0.764316 0.475365 0.778064
0 0.0708143 0.98582 0.0943437 0.938461 0.0813524 0.918062 0.057823 0.96542
0 0.104222 0.937873 0.119101 0.902839 0.110036 0.890671 0.0951569 0.925706
0 0.550945 0.89029 0.553336 0.867253 0.539478 0.862708 0.537087 0.885745
0 0.164635 0.918026 0.164935 0.8923 0.149282 0.891722 0.148981 0.917448
0 0.261142 0.788191 0.263037 0.769814 0.25227 0.766305 0.250375 0.784682
0 0.531624 0.785005 0.546483 0.747086 0.533283 0.730739 0.518425 0.768658
0 0.124249 0.726957 0.128491 0.704737 0.111288 0.694358 0.107046 0.716578
0 0.17167 0.904664 0.175526 0.889778 0.162529 0.879136 0.158673 0.894023
0 0.0120175 0.724568 0.0284913 0.699334 0.0195942 0.680977 0.00312035 0.70621
0 0.0619788 0.953685 0.0792716 0.925764 0.0710833 0.909736 0.0537905 0.937656
0 0.0163199 0.783256 0.0277222 0.752006 0.0129551 0.734977 0.00155277 0.766226
0 0.570001 0.704202 0.572281 0.682234 0.557329 0.677328 0.555048 0.699297
0 0.0951899 0.699975 0.102653 0.682936 0.0954048 0.672903 0.0879418 0.689942
0 0.110613 0.667805 0.117282 0.650712 0.108341 0.639686 0.101672 0.656779
0 0.148209 0.992414 0.157671 0.966673 0.14896 0.956554 0.139498 0.982295
0 0.266854 0.872126 0.279635 0.84504 0.270519 0.831445 0.257738 0.85853
0 0.0102768 0.97675 0.0172831 0.934496 0.000648115 0.925779 -0.00635817 0.968032
0 0.506589 0.907435 0.514668 0.890872 0.500586 0.86916 0.492506 0.885723
0 0.278014 0.762621 0.281253 0.726895 0.267143 0.722852 0.263904 0.758578
0 0.300599 0.435562 0.303659 0.398793 0.261736 0.387768 0.258676 0.424537
0 0.113689 0.968279 0.120192 0.94561 0.108331 0.934855 0.101827 0.957525
0 0.276565 0.784643 0.277037 0.750802 0.262782 0.750174 0.26231 0.784014
0 0.126519 0.900095 0.141206 0.877204 0.133666 0.861913 0.118978 0.884804
0 0.0849013 0.70278 0.0896447 0.68466 0.0807514 0.677302 0.076008 0.695423
0 0.151953 0.897352 0.152109 0.878053 0.137436 0.877678 0.13728 0.896976
0 0.177998 0.922024 0.180171 0.899577 0.166761 0.895475 0.164589 0.917922
0 0.523163 0.797565 0.525169 0.777683 0.512776 0.77373 0.510769 0.793612
0 0.0662273 1.01209 0.0712353 0.98469 0.0567864 0.976345 0.0517784 1.00375
0 0.101837 0.330878 0.119363 0.31752 0.107919 0.270068 0.090393 0.283426
0 0.0746975 0.804116 0.0694769 0.772409 0.0381263 0.788724 0.0433469 0.820431
0 0.00661446 0.935364 0.0242188 0.915544 0.0176372 0.897068 3.2861e-05 0.916887
0 0.0204184 0.9543 0.0311007 0.924464 0.020072 0.911984 0.00938969 0.94182
0 0.216778 1.00488 0.21711 0.97987 0.198027 0.979069 0.197695 1.00408
0 0.255518 0.248617 0.262581 0.172888 0.215368 0.158972 0.208306 0.234701
0 0.0821048 0.802961 0.0947738 0.78335 0.085557 0.764532 0.072888 0.784143
0 0.119345 0.893661 0.122322 0.869533 0.108281 0.864058 0.105304 0.888186
0 0.12994 0.883954 0.133565 0.829014 0.104686 0.822992 0.101061 0.877932
0 0.193529 0.936772 0.195781 0.912302 0.18162 0.908182 0.179367 0.932651
0 0.250375 0.365451 0.246752 0.297439 0.227908 0.300612 0.231532 0.368624
0 0.592877 0.809367 0.597439 0.784776 0.585229 0.777616 0.580666 0.802207
0 0.25107 0.903481 0.261578 0.864608 0.248792 0.853685 0.238284 0.892558
0 0.531692 0.74068 0.536886 0.717195 0.523237 0.707654 0.518043 0.73114
0 0.0915015 0.934232 0.103576 0.909695 0.0941267 0.894999 0.0820525 0.919536
0 0.0323626 0.958855 0.0398007 0.931132 0.0282092 0.921303 0.0207711 0.949026
0 0.287524 0.734015 0.290524 0.712012 0.277578 0.706433 0.274578 0.728436
0 0.261808 0.827605 0.264028 0.809861 0.253718 0.805783 0.251497 0.823527
0 0.589605 0.849746 0.59031 0.827688 0.574759 0.826117 0.574054 0.848175
0 0.256034 0.675541 0.260879 0.657391 0.249905 0.648133 0.245061 0.666283
0 0.157407 0.968941 0.163734 0.943264 0.154545 0.936108 0.148218 0.961784
0 0.562526 0.8096 0.564458 0.786771 0.552859 0.783668 0.550927 0.806497
0 0.211269 0.628291 0.212009 0.591259 0.193986 0.59012 0.193246 0.627152
0 0.0109135 0.670466 0.0239811 0.656395 0.0190507 0.641924 0.00598303 0.655995
0 0.0187794 0.912385 0.0274883 0.890218 0.017227 0.877477 0.00851811 0.899644
0 0.0684479 0.595833 0.0689127 0.575831 0.0528917 0.574655 0.0524269 0.594656
0 0.208852 0.889058 0.216509 0.866463 0.205393 0.854557 0.197736 0.877152
0 0.75045 0.707505 0.751468 0.677736 0.733896 0.675838 0.732879 0.705607
0 0.476071 0.812272 0.476477 0.787738 0.459869 0.786871 0.459464 0.811404
0 0.0188381 0.999796 0.0291011 0.960487 0.0160114 0.949686 0.00574841 0.988995
0 0.550277 0.780598 0.555224 0.756973 0.541005 0.747565 0.536059 0.77119
0 0.218084 0.989322 0.222656 0.96697 0.212079 0.960133 0.207507 0.982485
0 0.121648 0.785411 0.128247 0.766797 0.119876 0.757417 0.113277 0.776031
0 0.64364 0.903851 0.641549 0.864671 0.616869 0.868834 0.61896 0.908014
0 0.0377161 0.917904 0.0514569 0.891383 0.0396392 0.872031 0.0258983 0.898552
0 0.325702 0.431562 0.335127 0.39554 0.317489 0.380956 0.308065 0.416977
0 0.224209 0.809736 0.225962 0.791534 0.216001 0.788502 0.214248 0.806704
0 0.00833007 0.796861 0.0104018 0.771569 -0.00116006 0.768576 -0.00323177 0.793867
0 0.545771 0.828537 0.548471 0.802525 0.535267 0.798194 0.532567 0.824206
0 0.066866 0.790362 0.0938464 0.766607 0.0853697 0.736179 0.0583893 0.759934
0 0.320433 0.941024 0.320627 0.915347 0.307979 0.915045 0.307785 0.940721
0 0.316933 0.408193 0.328803 0.372793 0.313579 0.35666 0.301709 0.392059
0 0.23119 0.989651 0.245541 0.966329 0.235963 0.947701 0.221612 0.971023
0 0.666155 0.866849 0.66691 0.829967 0.646212 0.828629 0.645457 0.86551
0 0.242159 0.408376 0.253949 0.389582 0.240393 0.362704 0.228602 0.381498
0 0.212195 0.803405 0.212799 0.781363 0.201026 0.780344 0.200422 0.802385
0 0.123351 1.00768 0.125569 0.975933 0.106768 0.971782 0.104551 1.00353
0 0.283453 0.25425 0.290486 0.21665 0.25267 0.194295 0.245637 0.231895
0 0.191365 0.3014 0.219712 0.272098 0.188901 0.177892 0.160554 0.207194
0 0.270303 0.725306 0.270436 0.704533 0.254955 0.70422 0.254822 0.724993
0 0.135286 0.802599 0.143887 0.781886 0.134987 0.770207 0.126387 0.790921
0 0.263283 0.932267 0.269463 0.905274 0.248191 0.889881 0.242011 0.916875
0 0.380368 0.852324 0.382792 0.8239 0.366167 0.819419 0.363743 0.847843
0 0.276847 1.00607 0.277567 0.986633 0.25471 0.983959 0.253991 1.0034
0 0.577753 0.806606 0.580746 0.784416 0.567084 0.778592 0.564091 0.800782
0 0.571135 0.786108 0.573049 0.759795 0.559695 0.756725 0.557781 0.783038
0 0.271644 0.946859 0.282408 0.925891 0.273016 0.910654 0.262252 0.931623
0 0.2303 0.767768 0.23777 0.742374 0.22716 0.732508 0.219689 0.757903
0 0.185931 0.12123 0.206881 0.0967613 0.177683 0.017751 0.156733 0.0422197
0 0.0813997 0.640481 0.0813242 0.623949 0.0696875 0.624117 0.069763 0.640649
0 0.0474751 0.716589 0.0495038 0.693145 0.038428 0.690116 0.0363994 0.71356
0 0.506924 0.537631 0.514045 0.468863 0.476396 0.456541 0.469275 0.52531
0 0.00890847 0.997595 0.0100022 0.97179 -0.00121576 0.970287 -0.00230946 0.996092
0 0.599103 0.861198 0.601935 0.838989 0.589379 0.833929 0.586547 0.856138
0 0.108216 0.693876 0.114036 0.673363 0.105185 0.665424 0.099364 0.685937
0 0.110241 0.566213 0.116868 0.545395 0.108043 0.536517 0.101417 0.557335
0 0.0725644 0.678178 0.0738704 0.659247 0.0619121 0.65664 0.0606062 0.675571
0 0.260249 0.423977 0.264718 0.399446 0.24984 0.390879 0.24537 0.41541
0 0.526294 0.812743 0.529303 0.792023 0.516636 0.786208 0.513627 0.806929
0 0.113419 0.938341 0.127272 0.914577 0.120352 0.901827 0.106499 0.925591
0 0.0471215 0.852186 0.053695 0.832052 0.0449967 0.823076 0.0384232 0.84321
0 0.029068 0.729331 0.0356447 0.70738 0.0256745 0.697939 0.0190978 0.71989
0 0.451316 0.826975 0.45352 0.802663 0.441471 0.79921 0.439267 0.823522
0 0.057923 0.700356 0.0590997 0.681086 0.0460725 0.678572 0.0448959 0.697842
0 0.532943 0.827265 0.533879 0.80357 0.519721 0.801804 0.518785 0.825499
0 0.202764 0.760624 0.205145 0.739368 0.189609 0.733869 0.187229 0.755125
0 0.0961478 0.340953 0.106535 0.306215 0.0800673 0.281202 0.06968 0.315939
0 0.0338027 0.673323 0.0351717 0.655051 0.0240653 0.652422 0.0226964 0.670693
0 0.525504 0.85469 0.528151 0.83436 0.512267 0.827824 0.50962 0.848155
0 0.0530567 0.901013 0.066554 0.877559 0.057922 0.861859 0.0444247 0.885313
0 0.164798 0.937733 0.168998 0.918676 0.159451 0.912025 0.15525 0.931081
0 0.192903 0.844721 0.1952 0.828562 0.184363 0.823694 0.182066 0.839852
0 0.0723428 0.898588 0.0832443 0.869127 0.0732293 0.857415 0.0623278 0.886875
0 0.491233 0.859286 0.49418 0.838768 0.481797 0.833146 0.47885 0.853665
0 0.713779 0.761747 0.718766 0.741088 0.707017 0.732125 0.702031 0.752783
0 0.0529006 0.653096 0.054369 0.630242 0.0424828 0.627828 0.0410145 0.650683
0 0.210731 0.837887 0.213449 0.819988 0.204306 0.815601 0.201588 0.8335
0 0.286688 0.755076 0.296768 0.738607 0.290997 0.727442 0.280917 0.743911
0 0.171964 0.501417 0.174884 0.483608 0.160102 0.475947 0.157182 0.493757
0 0.185301 0.037354 0.194141 0.00908606 0.171111 -0.0136755 0.162271 0.0145925
0 0.0939577 0.682177 0.103013 0.665875 0.0963221 0.65413 0.0872671 0.670431
0 0.100331 0.950917 0.113021 0.920231 0.103909 0.90832 0.0912185 0.939007
0 0.262989 0.369944 0.268611 0.330143 0.252852 0.323109 0.24723 0.362909
0 0.198496 0.96447 0.20224 0.937895 0.184032 0.929787 0.180287 0.956362
0 0.176294 0.871794 0.177742 0.851208 0.165062 0.848388 0.163613 0.868974
0 0.085935 0.673751 0.0894257 0.65711 0.0800083 0.650867 0.0765176 0.667508
0 0.507646 0.389237 0.50678 0.360468 0.48964 0.3621 0.490506 0.390868
0 0.0306596 0.739416 0.0340106 0.716685 0.0211042 0.710671 0.0177532 0.733403
0 0.266953 0.890113 0.275208 0.870642 0.265984 0.858283 0.257729 0.877754
0 0.226441 0.635409 0.228846 0.618989 0.216739 0.613384 0.214334 0.629804
0 0.0561714 0.930666 0.0698877 0.89889 0.0572589 0.881661 0.0435426 0.913437
0 0.70417 0.735206 0.708345 0.701662 0.683062 0.691716 0.678887 0.72526
0 0.246375 0.577547 0.248611 0.554022 0.234762 0.549861 0.232526 0.573387
0 0.256764 0.403166 0.267201 0.387741 0.254359 0.360279 0.243922 0.375703
0 0.321892 0.768569 0.32456 0.720846 0.305705 0.717514 0.303037 0.765237
0 0.145122 0.937168 0.149551 0.91687 0.137903 0.908838 0.133474 0.929136
0 0.120593 0.806811 0.121911 0.788396 0.112995 0.786379 0.111677 0.804795
0 0.677123 0.329067 0.674094 0.281886 0.649249 0.286927 0.652278 0.334108
0 0.0335518 0.766647 0.0450114 0.750111 0.0383558 0.735534 0.0268962 0.752071
0 0.294087 0.75177 0.305327 0.724455 0.297 0.713626 0.28576 0.740941
0 0.0523424 0.779071 0.0719635 0.746159 0.0589467 0.721633 0.0393256 0.754545
0 0.0746823 0.719544 0.0775825 0.703764 0.0626018 0.695062 0.0597015 0.710842
0 0.564503 0.853303 0.567761 0.825773 0.552344 0.820006 0.549085 0.847536
0 0.521873 0.774419 0.529691 0.751145 0.520553 0.741444 0.512735 0.764719
0 0.0679092 0.0893035 0.0916767 0.00972345 0.0624091 -0.0179029 0.0386415 0.0616772
0 0.190353 0.861509 0.192332 0.843014 0.179765 0.838765 0.177786 0.857259
0 0.62686 0.925097 0.628696 0.903619 0.616426 0.900305 0.61459 0.921783
0 0.148567 0.939649 0.1518 0.919484 0.14059 0.913805 0.137358 0.93397
0 0.122988 0.997442 0.126766 0.967445 0.111267 0.961276 0.107489 0.991273
0 0.0502805 0.643451 0.0532706 0.622556 0.0419124 0.617419 0.0389223 0.638314
0 0.567462 0.896978 0.569772 0.87031 0.55411 0.866023 0.5518 0.892691
0 0.482077 0.74176 0.485918 0.715597 0.4744 0.710252 0.470558 0.736415
0 0.737642 0.677025 0.748285 0.666663 0.739082 0.63679 0.728439 0.647152
0 0.147489 0.128614 0.181182 0.0769414 0.130975 -0.0265252 0.0972823 0.025147
0 0.00433736 0.846219 0.0112929 0.815165 0.000870087 0.807786 -0.00608543 0.838841
0 0.508517 0.807027 0.510571 0.788792 0.501211 0.78546 0.499157 0.803695
0 0.011613 0.825657 0.020892 0.79528 0.00684162 0.781716 -0.0024374 0.812093
0 0.22248 0.357749 0.244672 0.328759 0.220496 0.270267 0.198304 0.299257
0 0.265832 0.846144 0.272922 0.828541 0.263569 0.816634 0.256478 0.834237
0 0.488787 0.835648 0.489198 0.804412 0.468774 0.803563 0.468363 0.834799
0 0.213964 0.297976 0.22359 0.273567 0.206083 0.251745 0.196456 0.276153
0 0.410882 0.870812 0.410814 0.836948 0.389683 0.837082 0.38975 0.870945
