0 0.996322 0.972597 1.01063 0.851492 0.806912 0.775406 0.792601 0.896511
0 0.171786 0.932761 0.244147 0.847129 0.217202 0.775166 0.144841 0.860799
0 0.0579352 0.996642 0.0910392 0.94269 0.0729274 0.907567 0.0398235 0.961519
0 0.802192 0.733677 0.812673 0.706856 0.801939 0.6936 0.791459 0.720421
0 0.184698 0.76397 0.202135 0.729171 0.188694 0.707885 0.171257 0.742685
0 1.00351 0.535091 1.00644 0.489409 0.980852 0.484235 0.977929 0.529917
0 0.91617 0.693927 0.950214 0.655482 0.937663 0.620355 0.903619 0.6588
0 0.834963 0.741808 0.835869 0.698674 0.815592 0.697329 0.814687 0.740463
0 0.863953 0.762479 0.873781 0.732116 0.8527 0.710548 0.842871 0.740912
0 0.958949 0.543907 0.965465 0.522022 0.954253 0.511472 0.947737 0.533356
0 0.0579831 0.863519 0.0695772 0.8412 0.0592703 0.824279 0.0476762 0.846598
0 0.0313157 0.89828 0.0513376 0.877898 0.0444092 0.856388 0.0243874 0.87677
0 0.100193 0.770712 0.104485 0.733168 0.0743292 0.722273 0.0700373 0.759817
0 0.992802 0.501599 0.989789 0.455897 0.956323 0.46287 0.959336 0.508572
0 0.891077 0.628426 0.909584 0.597063 0.899486 0.57823 0.880979 0.609594
0 0.994255 0.555525 0.996399 0.530904 0.970915 0.523891 0.968772 0.548512
0 0.842545 0.684883 0.852316 0.665267 0.84028 0.646319 0.830509 0.665935
0 0.0585093 0.874809 0.0612963 0.849699 0.0477662 0.844953 0.0449792 0.870063
0 0.899884 0.632176 0.921878 0.614481 0.916168 0.592052 0.894174 0.609746
0 0.836051 0.702711 0.841841 0.680056 0.826782 0.667893 0.820992 0.690548
0 0.97224 0.736276 0.977583 0.703343 0.953499 0.690996 0.948157 0.723928
0 0.0588817 0.940938 0.0842001 0.907717 0.0754435 0.886625 0.0501251 0.919847
0 0.411542 0.891074 0.413559 0.859743 0.395192 0.856006 0.393175 0.887337
0 0.0463006 0.935684 0.0656638 0.903504 0.0566668 0.886394 0.0373036 0.918574
0 0.190574 0.782581 0.193021 0.752775 0.173024 0.747588 0.170578 0.777393
0 0.469113 0.767587 0.475997 0.742323 0.466771 0.734379 0.459887 0.759643
0 0.625633 0.853553 0.627377 0.809419 0.601638 0.806205 0.599894 0.850339
0 0.598877 0.809843 0.600104 0.780276 0.580293 0.777677 0.579066 0.807243
0 1.00196 0.571772 1.00432 0.550852 0.98969 0.545621 0.987324 0.566541
0 0.418168 0.750843 0.425407 0.736247 0.413795 0.718044 0.406556 0.732639
0 0.278748 0.910849 0.284593 0.854654 0.263815 0.847824 0.257971 0.904019
0 0.284091 0.985473 0.287135 0.938358 0.261053 0.933033 0.25801 0.980148
0 0.852351 0.793128 0.872211 0.774771 0.864112 0.747081 0.844253 0.765438
0 0.772127 0.738426 0.769343 0.71232 0.747677 0.719621 0.750461 0.745727
0 0.932248 0.719655 0.97594 0.683346 0.963571 0.636306 0.919879 0.672615
0 0.939927 0.466484 0.954056 0.442032 0.943424 0.422617 0.929296 0.447069
0 0.75627 0.763843 0.755577 0.741635 0.739429 0.743225 0.740121 0.765433
0 0.807664 0.69894 0.809602 0.671436 0.796533 0.668525 0.794594 0.696029
0 0.911422 0.598926 0.919165 0.580124 0.905642 0.562523 0.897899 0.581326
0 0.262666 0.903854 0.263737 0.876285 0.243968 0.873857 0.242897 0.901426
0 0.599066 0.783393 0.602001 0.762202 0.588589 0.756331 0.585654 0.777522
0 0.95689 0.507347 0.959103 0.481983 0.945569 0.47825 0.943356 0.503614
0 0.847291 0.751451 0.856298 0.727638 0.841734 0.710228 0.832727 0.734041
0 0.560898 0.986893 0.574513 0.954408 0.544727 0.914956 0.531113 0.947441
0 0.996835 0.602907 1.00169 0.577129 0.982549 0.565733 0.977694 0.591511
0 0.0935546 0.665065 0.0939402 0.646321 0.0820808 0.64555 0.0816952 0.664294
0 0.952427 0.623129 0.971731 0.5938 0.959558 0.568478 0.940254 0.597806
0 0.895152 0.74392 0.897519 0.724139 0.882986 0.718643 0.880619 0.738424
0 0.769908 0.571387 0.771594 0.544228 0.758303 0.541622 0.756617 0.56878
0 0.0293624 0.931019 0.0500341 0.898902 0.0400872 0.878668 0.0194155 0.910784
0 0.808482 0.252808 0.858477 0.225453 0.847859 0.164124 0.797865 0.191479
0 0.11069 0.912124 0.135005 0.87899 0.124235 0.854013 0.0999205 0.887147
0 0.997904 0.350709 0.997897 0.320377 0.9763 0.320393 0.976307 0.350725
0 0.261398 0.864934 0.286743 0.837245 0.278612 0.813725 0.253268 0.841414
0 0.96043 0.519229 0.964435 0.501832 0.953913 0.494176 0.949908 0.511573
0 0.559294 0.711424 0.56979 0.696218 0.562617 0.680569 0.552121 0.695775
0 0.148326 0.715618 0.148725 0.684763 0.134741 0.684192 0.134342 0.715047
0 0.937601 0.561823 0.940909 0.54234 0.929481 0.536207 0.926173 0.55569
0 0.836663 0.792106 0.842895 0.773493 0.826593 0.756244 0.820361 0.774857
0 0.0441703 0.842083 0.053757 0.817402 0.0446926 0.806274 0.0351059 0.830955
0 0.52495 0.767391 0.529756 0.727233 0.501808 0.716663 0.497002 0.75682
0 0.0358616 0.920176 0.0530198 0.89468 0.0435695 0.87458 0.0264113 0.900076
0 0.883329 0.773677 0.88501 0.75122 0.870364 0.747755 0.868683 0.770212
0 0.583719 0.775624 0.58755 0.752776 0.577339 0.747365 0.573508 0.770213
0 0.426803 0.850721 0.427193 0.815696 0.409053 0.815058 0.408664 0.850083
0 0.0208374 0.610536 0.032395 0.584652 0.0220814 0.570098 0.0105238 0.595981
0 0.0150978 0.967241 0.0164159 0.936221 -0.00230104 0.933707 -0.00361904 0.964727
0 0.597623 0.749773 0.600929 0.719773 0.584123 0.713918 0.580816 0.743918
0 0.620757 0.736407 0.632884 0.716369 0.619392 0.690559 0.607264 0.710597
0 0.588047 0.827673 0.590384 0.802915 0.576197 0.798681 0.573859 0.823439
0 0.976973 0.580153 0.984716 0.561347 0.968378 0.540088 0.960635 0.558894
0 0.0442711 0.99325 0.0553619 0.941078 0.0380994 0.92948 0.0270086 0.981652
0 0.977694 0.534361 0.984088 0.510934 0.9652 0.494642 0.958807 0.51807
0 0.445897 0.739627 0.452564 0.712953 0.442757 0.705205 0.436089 0.731879
0 0.856239 0.719546 0.86173 0.699458 0.848042 0.687633 0.842551 0.70772
0 0.345933 0.775715 0.369903 0.760303 0.349003 0.657575 0.325034 0.672988
0 0.850002 0.770736 0.853254 0.747386 0.834641 0.739194 0.831389 0.762543
0 0.39226 0.893006 0.395953 0.8707 0.384644 0.864784 0.380952 0.887089
0 0.0302744 0.950841 0.0402525 0.927465 0.0297468 0.913292 0.0197687 0.936668
0 0.539757 0.75994 0.548423 0.734663 0.540713 0.726309 0.532047 0.751586
0 0.100377 0.804595 0.102657 0.767829 0.0712512 0.761674 0.0689714 0.79844
0 0.874045 0.7058 0.871279 0.663963 0.85541 0.667279 0.858176 0.709116
0 0.0661369 0.899775 0.0711791 0.876015 0.0561163 0.865912 0.0510742 0.889672
0 0.0281789 0.865276 0.0427587 0.844166 0.0337658 0.824536 0.0191859 0.845646
0 0.382668 0.752968 0.3875 0.716149 0.371224 0.709399 0.366393 0.746218
0 0.803046 0.519595 0.803862 0.497475 0.790712 0.495943 0.789896 0.518062
0 0.532292 0.778562 0.537818 0.757367 0.528815 0.749949 0.523289 0.771144
0 0.575338 0.778132 0.576908 0.745766 0.563807 0.743757 0.562237 0.776123
0 0.936469 0.533056 0.938042 0.507292 0.922469 0.504287 0.920896 0.530051
0 0.599732 0.835123 0.604548 0.807798 0.592035 0.800828 0.587219 0.828153
0 0.658015 0.623304 0.664851 0.599514 0.654758 0.590347 0.647921 0.614137
0 0.98599 0.760934 0.990896 0.733917 0.968848 0.721263 0.963942 0.74828
0 1.00072 0.476415 1.00229 0.452861 0.989278 0.450108 0.987702 0.473661
0 0.0193447 0.669811 0.0194988 0.651314 0.00726943 0.650993 0.00711539 0.669489
0 0.748033 0.79598 0.754344 0.777336 0.740868 0.762918 0.734557 0.781562
0 0.619278 0.710077 0.628523 0.691878 0.613698 0.668075 0.604452 0.686275
0 0.809057 0.487648 0.813003 0.463291 0.799505 0.456379 0.795559 0.480736
0 0.824505 0.792714 0.826616 0.774898 0.813725 0.770071 0.811614 0.787887
0 0.983838 0.620483 0.98546 0.596484 0.968521 0.592868 0.9669 0.616867
0 0.220206 0.77978 0.2269 0.75176 0.205896 0.7359 0.199202 0.76392
0 0.960076 0.565935 0.965802 0.550177 0.950574 0.53269 0.944848 0.548448
0 0.576872 0.814929 0.578695 0.788797 0.564646 0.785699 0.562823 0.811831
0 0.769648 0.770374 0.781674 0.744839 0.771765 0.730091 0.759739 0.755626
0 0.187319 0.0293597 0.188601 -0.0068249 0.165599 -0.00939991 0.164317 0.0267847
0 0.00681904 0.928783 0.0135594 0.906203 0.0040712 0.897251 -0.0026691 0.919831
0 0.973058 0.594247 0.980261 0.579728 0.966914 0.5588 0.95971 0.57332
0 0.450523 0.7753 0.452881 0.749303 0.437808 0.744984 0.435451 0.770981
0 0.0791411 0.866628 0.107127 0.812911 0.0902042 0.785046 0.0622183 0.838763
0 0.0351145 0.997263 0.0428302 0.948243 0.0270306 0.940384 0.019315 0.989404
0 0.851656 0.71092 0.856451 0.693807 0.842969 0.681868 0.838174 0.698981
0 0.876678 0.626077 0.887225 0.600065 0.875698 0.585293 0.865151 0.611304
0 0.414494 0.863145 0.417453 0.841131 0.402675 0.834854 0.399717 0.856868
0 0.735161 0.799301 0.73835 0.772539 0.721675 0.76626 0.718487 0.793022
0 0.456884 0.817951 0.459483 0.786393 0.445333 0.78271 0.442734 0.814268
0 0.237729 0.882075 0.238324 0.860016 0.223209 0.858726 0.222614 0.880785
0 0.720794 0.786443 0.725689 0.758093 0.711339 0.750263 0.706444 0.778612
0 0.78993 0.538462 0.796285 0.516098 0.784823 0.505805 0.778468 0.528169
0 0.883423 0.732721 0.883708 0.713137 0.870388 0.712524 0.870103 0.732109
0 0.638176 0.533742 0.646318 0.50011 0.630165 0.487749 0.622022 0.521382
0 0.962153 0.479983 0.962689 0.456975 0.948069 0.455899 0.947534 0.478908
0 0.610245 0.632936 0.616067 0.614122 0.607129 0.605381 0.601307 0.624195
0 0.179007 0.116608 0.207726 0.087451 0.182595 0.00921877 0.153876 0.0383758
0 0.102128 0.882818 0.104807 0.846013 0.0852198 0.841506 0.0825404 0.878311
0 0.993926 0.674386 1.00271 0.653863 0.974671 0.615947 0.965889 0.63647
0 0.783266 0.609881 0.78715 0.591451 0.777268 0.584869 0.773384 0.6033
0 0.822 0.679176 0.826427 0.662795 0.814598 0.652692 0.810171 0.669072
0 0.114938 0.864007 0.118989 0.830805 0.0998491 0.823424 0.0957982 0.856627
0 1.00022 0.434207 1.00128 0.412819 0.988704 0.410855 0.987647 0.432243
0 0.737222 0.774263 0.739456 0.754986 0.726455 0.750225 0.724221 0.769502
0 0.461835 0.794194 0.465541 0.77423 0.454864 0.767968 0.451159 0.787932
0 0.613977 0.679719 0.619893 0.658765 0.609955 0.649896 0.604038 0.67085
0 0.0512624 0.815041 0.0599792 0.794616 0.051621 0.783342 0.0429041 0.803767
0 0.651655 0.499306 0.653166 0.482017 0.642809 0.479155 0.641297 0.496444
0 0.926279 0.587563 0.932164 0.556868 0.919735 0.549337 0.91385 0.580032
0 0.618286 0.773453 0.621817 0.750668 0.612563 0.746137 0.609032 0.768921
0 0.0529974 1.00804 0.055711 0.984953 0.0408081 0.979417 0.0380945 1.0025
0 0.94686 0.542769 0.954364 0.514088 0.941345 0.503322 0.933841 0.532002
0 0.787552 0.669331 0.794373 0.63829 0.775733 0.625345 0.768912 0.656386
0 0.638536 0.713485 0.640609 0.681885 0.626958 0.679054 0.624884 0.710654
0 0.0201728 0.900235 0.0297429 0.878216 0.0211725 0.866443 0.0116024 0.888463
0 1.00087 0.323385 1.00224 0.297072 0.985215 0.29428 0.983849 0.320592
0 0.314811 0.697862 0.335733 0.691412 0.323205 0.562965 0.302283 0.569415
0 0.610432 0.793743 0.611667 0.775514 0.600272 0.773073 0.599037 0.791303
0 0.0874464 0.866749 0.1095 0.824983 0.0951094 0.800969 0.0730561 0.842734
0 0.456168 0.660164 0.465886 0.645463 0.454247 0.621144 0.444528 0.635845
0 0.124473 0.693242 0.125307 0.671767 0.111714 0.670099 0.11088 0.691574
0 0.359256 0.846842 0.360505 0.820256 0.344435 0.817868 0.343185 0.844454
0 0.582909 0.721349 0.584944 0.702571 0.576108 0.699545 0.574073 0.718323
0 0.156441 0.843567 0.165359 0.82093 0.157005 0.810529 0.148088 0.833166
0 0.416354 0.811858 0.428068 0.796491 0.416019 0.767462 0.404305 0.782829
0 0.298816 0.511377 0.298482 0.476704 0.275015 0.477419 0.275349 0.512092
0 0.323666 0.860278 0.325124 0.842257 0.314148 0.83945 0.31269 0.857471
0 0.0987444 0.330922 0.115261 0.314033 0.100033 0.266967 0.0835165 0.283855
0 0.583618 0.746598 0.586224 0.72507 0.573939 0.72037 0.571333 0.741898
0 0.99883 0.419411 1.00264 0.397099 0.989728 0.390122 0.985914 0.412434
0 0.362772 0.973332 0.376956 0.945623 0.367252 0.929923 0.353067 0.957632
0 0.0174639 0.696365 0.0185274 0.671092 0.00318326 0.669052 0.00211974 0.694324
0 0.885957 0.522995 0.8874 0.502898 0.876397 0.500402 0.874954 0.520499
0 0.443213 0.873491 0.443679 0.846059 0.428961 0.845268 0.428495 0.872701
0 1.00166 0.450441 1.00272 0.428377 0.990206 0.426475 0.989145 0.448539
0 0.890267 0.447265 0.895018 0.430166 0.885284 0.421618 0.880533 0.438717
0 0.105942 0.721882 0.10426 0.698174 0.0872661 0.701985 0.088948 0.725692
0 0.188064 0.30456 0.216598 0.273959 0.184896 0.180536 0.156363 0.211137
0 0.62028 0.787411 0.623164 0.76668 0.614289 0.762778 0.611405 0.783509
0 0.0286353 0.844563 0.0403644 0.825528 0.0326444 0.810494 0.0209153 0.829528
0 0.799018 0.500928 0.803513 0.480166 0.788718 0.470042 0.784222 0.490805
0 0.583567 0.789366 0.587581 0.766287 0.577336 0.760654 0.573321 0.783733
0 0.889631 0.715828 0.890806 0.692679 0.876978 0.690459 0.875803 0.713608
0 0.745059 0.731252 0.749802 0.708448 0.740317 0.702213 0.735574 0.725016
0 0.605386 0.773207 0.609309 0.75133 0.599292 0.745654 0.595369 0.767531
0 0.906839 0.71598 0.919415 0.694505 0.911176 0.679257 0.8986 0.700731
0 0.432834 0.743818 0.437413 0.719527 0.423384 0.711171 0.418806 0.735461
0 0.355137 0.981809 0.358435 0.953416 0.338829 0.946218 0.335531 0.974611
0 0.271443 0.640257 0.278551 0.568972 0.233562 0.554795 0.226455 0.626081
0 0.818973 0.762301 0.822645 0.746144 0.809509 0.736707 0.805837 0.752864
0 0.733957 0.62912 0.736977 0.604679 0.724269 0.599715 0.721249 0.624156
0 0.877727 0.740292 0.880116 0.721505 0.866318 0.715959 0.863928 0.734746
0 0.397732 0.58956 0.398646 0.558113 0.382726 0.556651 0.381812 0.588097
0 0.289688 0.314911 0.306075 0.306142 0.291273 0.218721 0.274886 0.227489
0 0.791684 0.628552 0.794016 0.608773 0.78236 0.604429 0.780028 0.624209
0 0.0849978 0.351232 0.110253 0.273676 0.0549944 0.216804 0.0297388 0.29436
0 0.63987 0.781014 0.655409 0.759958 0.647543 0.741611 0.632004 0.762667
0 0.884907 0.480537 0.889847 0.462213 0.876968 0.45124 0.872028 0.469564
0 0.989077 0.462474 0.993279 0.438898 0.982117 0.432611 0.977915 0.456188
0 0.223119 0.352113 0.237894 0.310312 0.202457 0.270723 0.187682 0.312524
0 0.884714 0.692939 0.887373 0.669624 0.874619 0.665025 0.871959 0.688341
0 0.796237 0.697766 0.798194 0.673424 0.785681 0.670244 0.783724 0.694586
0 0.788855 0.721007 0.790821 0.702398 0.779125 0.698492 0.777158 0.717101
0 0.0175164 0.935549 0.0309112 0.903864 0.0208624 0.890438 0.00746753 0.922122
0 0.462246 0.683028 0.464573 0.662571 0.454783 0.659053 0.452457 0.67951
0 0.0833835 0.740491 0.0847448 0.703563 0.0621825 0.700935 0.0608212 0.737862
0 0.301706 0.888624 0.311024 0.855112 0.296197 0.842084 0.28688 0.875596
0 0.83748 0.71001 0.841488 0.690763 0.826876 0.681147 0.822868 0.700393
0 0.184558 0.811523 0.197337 0.791877 0.188329 0.773359 0.17555 0.793006
0 0.12326 0.627234 0.123985 0.610882 0.113316 0.609386 0.112591 0.625738
0 0.906809 0.657168 0.911269 0.632859 0.898396 0.625394 0.893936 0.649703
0 0.308419 0.900976 0.316331 0.878415 0.306353 0.867356 0.298441 0.889917
0 0.337472 0.871679 0.337381 0.851337 0.320949 0.851569 0.32104 0.871912
0 0.495648 0.747355 0.500363 0.723444 0.489908 0.71693 0.485194 0.740841
0 0.590227 0.708753 0.59284 0.693242 0.584138 0.688611 0.581526 0.704122
