0 0.387239 0.964751 0.382893 0.856223 0.318212 0.864408 0.322558 0.972936
0 0.432699 0.582818 0.4342 0.53427 0.406194 0.531533 0.404693 0.580081
0 0.987891 1.07937 1.02717 0.858879 0.816471 0.740263 0.777195 0.960756
0 0.323499 0.931722 0.323593 0.893661 0.300981 0.893483 0.300887 0.931544
0 0.474681 0.975062 0.463924 0.876612 0.415005 0.893504 0.425761 0.991954
0 0.321867 0.969234 0.337482 0.92417 0.321567 0.90674 0.305952 0.951804
0 0.285137 0.948066 0.312871 0.894721 0.29456 0.864633 0.266826 0.917978
0 0.815647 0.752346 0.814236 0.695655 0.790533 0.69752 0.791944 0.754211
0 0.298807 0.888853 0.297237 0.84004 0.267596 0.843054 0.269167 0.891867
0 0.328948 0.899899 0.333789 0.831907 0.304975 0.825424 0.300135 0.893416
0 0.374063 1.00928 0.393531 0.954933 0.371524 0.930018 0.352056 0.984364
0 0.885185 0.69018 0.890056 0.62874 0.853043 0.619465 0.848172 0.680906
0 0.837777 0.568553 0.837836 0.518777 0.795694 0.518617 0.795635 0.568394
0 0.464226 1.00819 0.510376 0.999409 0.501259 0.847961 0.455109 0.856741
0 0.42439 0.996429 0.433446 0.956821 0.419529 0.946764 0.410473 0.986373
0 0.415025 0.903522 0.417826 0.874243 0.40251 0.869613 0.39971 0.898892
0 0.047739 0.635283 0.0396009 0.580005 -0.00581143 0.601135 0.00232667 0.656413
0 0.521487 0.928409 0.527101 0.897855 0.512683 0.889482 0.507069 0.920036
0 0.461511 0.85504 0.463149 0.814118 0.440714 0.811279 0.439076 0.852201
0 0.341611 0.754841 0.339173 0.71889 0.31809 0.723408 0.320527 0.759358
0 0.535167 0.991851 0.541424 0.92567 0.503465 0.914327 0.497208 0.980508
0 0.826459 0.697857 0.835023 0.660884 0.819825 0.649759 0.811262 0.686733
0 0.491125 0.819496 0.495552 0.79235 0.480473 0.784579 0.476047 0.811725
0 0.218029 0.961473 0.228866 0.924266 0.214853 0.911366 0.204015 0.948573
0 0.775115 0.769143 0.78287 0.745238 0.762571 0.724424 0.754816 0.748329
0 0.790606 1.0459 0.841223 0.961689 0.757231 0.80214 0.706614 0.886355
0 0.0215081 1.04092 0.0860315 0.943286 0.0432318 0.853888 -0.0212916 0.951519
0 0.482817 0.709113 0.488011 0.685024 0.475685 0.676626 0.470492 0.700715
0 0.760171 0.741799 0.769744 0.719778 0.753457 0.697402 0.743884 0.719423
0 0.367691 0.539746 0.367968 0.503461 0.348475 0.502989 0.348198 0.539274
0 0.0575519 0.793676 0.0568402 0.759583 0.0262709 0.7616 0.0269826 0.795693
0 0.551263 0.564798 0.552653 0.523598 0.528643 0.521037 0.527253 0.562237
0 0.034586 0.836753 0.0345727 0.805322 0.015544 0.805347 0.0155573 0.836778
0 0.0737969 0.764868 0.0913676 0.71917 0.0737569 0.697769 0.0561862 0.743467
0 0.393814 0.881366 0.388417 0.829764 0.354806 0.840875 0.360203 0.892477
0 0.287363 0.857594 0.311444 0.835188 0.304043 0.810049 0.279962 0.832456
0 0.495144 0.838749 0.495183 0.814114 0.478099 0.814029 0.47806 0.838663
0 0.790841 0.744544 0.79424 0.709653 0.77469 0.703632 0.77129 0.738523
0 0.0535725 0.742835 0.0547539 0.719103 0.0409318 0.716928 0.0397504 0.74066
0 0.387559 0.847345 0.399949 0.818565 0.387546 0.801688 0.375155 0.830468
0 0.0507197 0.816279 0.0518232 0.791739 0.0392312 0.789949 0.0381277 0.814489
0 0.397741 0.768544 0.399477 0.750846 0.388372 0.747402 0.386635 0.7651
0 0.0664609 0.797305 0.0808797 0.766776 0.0662545 0.744945 0.0518356 0.775474
0 0.788497 0.71991 0.792146 0.697613 0.775346 0.688923 0.771697 0.711221
0 0.613362 0.784565 0.607491 0.717875 0.581081 0.725223 0.586952 0.791913
0 0.399371 0.9107 0.40892 0.8797 0.392626 0.863837 0.383077 0.894837
0 0.530764 0.808172 0.533594 0.786474 0.515064 0.778835 0.512234 0.800533
0 0.19144 0.974802 0.205757 0.95594 0.198297 0.938047 0.183981 0.956909
0 0.409476 0.92542 0.412504 0.90319 0.401091 0.898275 0.398062 0.920505
0 0.0340079 0.678473 0.0351846 0.644892 0.0168995 0.642867 0.0157228 0.676448
0 0.533083 0.908478 0.535084 0.881111 0.521285 0.877922 0.519284 0.905289
0 0.426904 0.84205 0.430429 0.816797 0.415495 0.810209 0.41197 0.835463
0 0.410075 0.863208 0.416427 0.811059 0.394745 0.802711 0.388392 0.85486
0 0.275994 0.531505 0.279836 0.49936 0.259498 0.491677 0.255656 0.523822
0 0.465935 0.891711 0.479405 0.849014 0.462541 0.8322 0.449071 0.874897
0 0.824012 0.660406 0.824066 0.635883 0.801494 0.635728 0.80144 0.660251
0 0.292068 0.961557 0.311138 0.931426 0.298857 0.906861 0.279787 0.936991
0 0.748237 0.750247 0.755697 0.716417 0.735468 0.702319 0.728008 0.73615
0 0.214763 0.894377 0.22049 0.876534 0.21193 0.867851 0.206203 0.885695
0 0.768322 0.808768 0.777496 0.749698 0.722709 0.722806 0.713535 0.781876
0 0.385971 0.674634 0.397999 0.648244 0.389557 0.636085 0.37753 0.662474
0 0.941337 0.763894 0.946783 0.730703 0.925835 0.719841 0.920389 0.753032
0 0.298613 0.980435 0.312648 0.951506 0.302351 0.935717 0.288316 0.964645
0 0.390666 1.01 0.400529 0.974946 0.387413 0.963282 0.37755 0.998334
0 0.771527 0.590797 0.773376 0.563881 0.759264 0.560817 0.757415 0.587734
0 0.0391294 0.81085 0.0407972 0.789612 0.0190413 0.784213 0.0173735 0.80545
0 0.0133219 0.856204 0.0169702 0.820771 -0.00184788 0.814647 -0.00549625 0.85008
0 0.357644 1.01137 0.361209 0.972753 0.324751 0.962114 0.321186 1.00073
0 0.517473 0.90828 0.52032 0.87519 0.504602 0.870916 0.501755 0.904006
0 0.585553 1.0032 0.585507 0.97334 0.557185 0.973477 0.557231 1.00334
0 0.62076 0.388418 0.621851 0.328001 0.587953 0.326067 0.586862 0.386483
0 0.527542 1.00557 0.527687 0.976847 0.503122 0.976456 0.502978 1.00518
0 0.424273 0.769953 0.427174 0.751553 0.416633 0.746299 0.413731 0.764699
0 0.836742 0.735156 0.838544 0.709027 0.823234 0.70569 0.821433 0.73182
0 0.346219 0.723257 0.348173 0.703665 0.336769 0.700071 0.334816 0.719664
0 0.437089 0.407209 0.442 0.344861 0.408961 0.336637 0.40405 0.398984
0 0.555741 0.984709 0.561772 0.948589 0.545564 0.940037 0.539534 0.976157
0 0.564119 0.985195 0.584857 0.965064 0.568285 0.911105 0.547546 0.931235
0 0.403451 0.696804 0.415876 0.673125 0.405183 0.655392 0.392758 0.679072
0 0.304335 0.802903 0.328004 0.769524 0.314361 0.738948 0.290692 0.772327
0 0.181902 1.01273 0.19419 0.996893 0.186929 0.979081 0.17464 0.994915
0 0.521177 0.868616 0.527553 0.844705 0.512027 0.831619 0.50565 0.85553
0 0.565697 0.598682 0.560529 0.565506 0.533525 0.578801 0.538693 0.611977
0 0.224296 0.972221 0.229218 0.947423 0.218791 0.940881 0.213869 0.96568
0 0.451926 1.00497 0.452069 0.980385 0.433651 0.980046 0.433508 1.00463
0 0.775909 0.683511 0.77813 0.663096 0.76388 0.658196 0.761659 0.678612
0 0.543574 1.01179 0.553777 0.981793 0.538907 0.965806 0.528704 0.995799
0 0.4149 0.777089 0.417612 0.755599 0.402191 0.749448 0.399478 0.770937
0 0.468725 0.723412 0.474577 0.695791 0.463797 0.688572 0.457944 0.716192
0 0.170334 0.997317 0.190322 0.981997 0.185563 0.962374 0.165575 0.977694
0 0.825218 0.722989 0.827172 0.703164 0.815567 0.699549 0.813613 0.719374
0 0.183402 0.896499 0.186596 0.876016 0.175377 0.870488 0.172184 0.890971
0 0.745197 0.641566 0.751589 0.62283 0.735296 0.605262 0.728904 0.623999
0 0.262736 0.995584 0.288507 0.972563 0.281451 0.947598 0.25568 0.970618
0 0.254777 0.740725 0.269431 0.699356 0.250402 0.678054 0.235749 0.719423
0 0.843032 0.533962 0.846584 0.509872 0.826218 0.500381 0.822666 0.524471
0 0.463683 0.68231 0.466366 0.653461 0.452851 0.649489 0.450168 0.678338
0 0.50265 0.807261 0.503479 0.782045 0.492086 0.780861 0.491257 0.806077
0 0.131047 0.999441 0.138591 0.969174 0.125124 0.958565 0.11758 0.988831
0 0.566159 0.870205 0.565737 0.819887 0.539373 0.820584 0.539795 0.870903
0 0.554876 0.789397 0.553759 0.753883 0.531442 0.756102 0.532559 0.791615
0 0.420839 0.935656 0.432358 0.902101 0.419963 0.888653 0.408444 0.922208
0 0.437416 0.795309 0.440048 0.775154 0.4235 0.768325 0.420869 0.788481
0 0.616911 0.970436 0.625691 0.947864 0.611266 0.93013 0.602486 0.952702
0 0.237438 0.961991 0.239184 0.940819 0.224978 0.937117 0.223232 0.95829
0 0.846437 0.634625 0.850508 0.602812 0.83085 0.594862 0.82678 0.626675
0 0.0549363 0.65671 0.066284 0.632791 0.0564674 0.618072 0.0451197 0.64199
0 0.598317 0.818045 0.616235 0.797299 0.609738 0.779564 0.59182 0.80031
0 0.265959 0.83968 0.270238 0.815776 0.259119 0.809487 0.254841 0.83339
0 0.092968 0.996852 0.106233 0.964268 0.0961095 0.951242 0.0828442 0.983826
0 0.470995 0.739095 0.473724 0.717825 0.463625 0.71373 0.460896 0.734999
0 0.523579 0.827044 0.527947 0.804554 0.513841 0.795896 0.509474 0.818386
0 0.427887 0.661108 0.429964 0.640727 0.415953 0.636213 0.413876 0.656595
0 0.266361 0.969676 0.277886 0.92807 0.258282 0.910908 0.246757 0.952514
0 0.270369 0.918152 0.277325 0.880393 0.25965 0.870102 0.252694 0.907861
0 0.491289 0.867502 0.496636 0.841655 0.479904 0.830716 0.474557 0.856563
0 0.792859 0.765919 0.797888 0.746589 0.783046 0.734384 0.778017 0.753714
0 0.541712 0.897231 0.55022 0.864206 0.533176 0.850327 0.524667 0.883351
0 0.900048 0.626925 0.89745 0.602457 0.873004 0.610661 0.875602 0.635129
0 0.181454 0.422794 0.186968 0.379197 0.141352 0.360964 0.135838 0.404561
0 0.0629423 0.771331 0.066211 0.748703 0.0524066 0.7424 0.0491378 0.765029
0 0.469727 1.00629 0.470649 0.97991 0.452184 0.977871 0.451262 1.00425
0 0.42031 0.802457 0.423781 0.788503 0.411715 0.779018 0.408244 0.792971
0 0.634751 1.00771 0.638287 0.963181 0.613859 0.95705 0.610322 1.00158
0 0.247606 0.832232 0.248044 0.815825 0.238062 0.814983 0.237625 0.83139
0 0.845039 0.511278 0.841828 0.463559 0.803954 0.471612 0.807165 0.519332
0 0.733892 0.997428 0.734739 0.914667 0.697128 0.91345 0.69628 0.996211
0 0.619385 0.617596 0.618657 0.584233 0.598822 0.585601 0.59955 0.618964
0 0.396157 0.804608 0.405661 0.773266 0.394882 0.762936 0.385378 0.794277
0 0.358989 0.814125 0.359973 0.774754 0.336908 0.772931 0.335923 0.812303
0 0.163759 0.987375 0.173452 0.968401 0.165133 0.954971 0.155441 0.973944
0 0.10261 0.999966 0.116014 0.969422 0.107306 0.957345 0.0939022 0.987889
0 0.115596 0.894232 0.121497 0.87847 0.113728 0.869277 0.107827 0.885039
0 0.809345 0.703436 0.821233 0.67353 0.800371 0.647321 0.788484 0.677227
0 0.470535 0.851216 0.478226 0.828056 0.466806 0.816071 0.459115 0.839231
0 0.102507 0.333741 0.119916 0.314616 0.10448 0.270206 0.0870709 0.289331
0 0.478934 0.826987 0.478834 0.803184 0.463907 0.803382 0.464008 0.827186
0 0.604256 1.01255 0.620778 0.975067 0.602821 0.950049 0.586298 0.98753
0 0.820773 0.530242 0.824975 0.50027 0.800505 0.489427 0.796303 0.519398
0 0.162146 0.911916 0.168304 0.885897 0.155802 0.876545 0.149644 0.902564
0 0.165103 1.00341 0.184816 0.981382 0.178231 0.96276 0.158518 0.98479
0 0.770326 0.727182 0.778856 0.701481 0.763266 0.685129 0.754736 0.71083
0 0.420859 0.715365 0.425596 0.696769 0.412818 0.686482 0.408081 0.705079
0 0.499589 0.39482 0.497093 0.360653 0.473006 0.366214 0.475501 0.40038
0 0.507762 0.877148 0.510856 0.85742 0.499143 0.851616 0.49605 0.871344
0 0.614875 0.885883 0.616047 0.831068 0.583868 0.828893 0.582696 0.883708
0 0.562081 0.934959 0.565008 0.897491 0.542843 0.892017 0.539915 0.929485
0 0.207745 0.939088 0.212254 0.915556 0.202462 0.909626 0.197953 0.933158
0 0.822623 0.742508 0.823932 0.721668 0.813562 0.719609 0.812252 0.740449
0 0.019417 0.759687 0.0231102 0.739859 0.0116058 0.733087 0.00791264 0.752915
0 0.237519 0.940306 0.252616 0.917052 0.244274 0.899935 0.229176 0.923188
0 0.436038 1.00429 0.439966 0.975346 0.427198 0.969869 0.42327 0.998813
0 0.937185 0.481835 0.93768 0.428459 0.906441 0.427543 0.905946 0.480919
0 0.0293201 0.760843 0.0447712 0.744928 0.0383595 0.725254 0.0229083 0.741169
0 0.794264 0.642415 0.801336 0.621535 0.784255 0.603251 0.777183 0.624131
0 0.844681 0.594955 0.850096 0.580721 0.838457 0.566724 0.833041 0.580958
0 0.399108 0.899 0.403952 0.865331 0.387735 0.857957 0.382891 0.891625
0 0.447899 0.692098 0.453581 0.649069 0.439235 0.643082 0.433553 0.686111
0 0.024493 0.748755 0.0329201 0.722257 0.0218254 0.711105 0.0133983 0.737604
0 0.474496 0.84671 0.481414 0.813768 0.4681 0.80493 0.461181 0.837872
0 0.449127 0.809696 0.450908 0.792331 0.441395 0.789247 0.439614 0.806612
0 0.431646 0.818598 0.432764 0.800266 0.42077 0.797952 0.419651 0.816285
0 0.258232 0.880123 0.261342 0.863112 0.253543 0.858607 0.250433 0.875617
0 0.604892 0.170787 0.606239 0.130378 0.585671 0.12821 0.584323 0.16862
0 0.762978 0.683494 0.763616 0.664019 0.750913 0.662705 0.750276 0.68218
0 0.0112296 0.817079 0.0121067 0.793745 -0.00128271 0.792154 -0.00215981 0.815489
0 0.279619 1.00729 0.320656 0.995879 0.317793 0.963332 0.276756 0.974742
0 0.804887 0.795445 0.812924 0.769697 0.794269 0.751294 0.786232 0.777041
0 0.837094 0.703825 0.842678 0.678355 0.831317 0.670483 0.825733 0.695953
0 0.733062 0.607021 0.739245 0.587033 0.725091 0.573193 0.718907 0.593181
0 0.358792 0.56768 0.36205 0.550542 0.351573 0.544247 0.348315 0.561386
0 0.567435 0.908687 0.571501 0.888565 0.555648 0.878442 0.551582 0.898563
0 0.243575 0.970591 0.247875 0.949647 0.239428 0.944166 0.235128 0.96511
0 0.396473 0.730738 0.403589 0.706865 0.393508 0.697369 0.386392 0.721242
0 0.419253 0.956167 0.424378 0.923185 0.411501 0.916861 0.406376 0.949843
0 0.495745 0.638972 0.498233 0.607407 0.483525 0.603743 0.481037 0.635308
0 0.418764 0.754714 0.421706 0.738961 0.410203 0.732171 0.407261 0.747923
0 0.258175 0.977691 0.264444 0.951269 0.252492 0.942307 0.246223 0.968729
0 0.119985 0.922575 0.127466 0.903191 0.119647 0.893654 0.112166 0.913037
0 0.105362 0.814822 0.106549 0.785865 0.0809572 0.78255 0.0797703 0.811507
0 0.431006 0.700473 0.435243 0.678361 0.422644 0.67073 0.418406 0.692842
0 0.15806 1.00175 0.157026 0.981573 0.136231 0.984938 0.137264 1.00512
0 0.288826 0.566762 0.290138 0.548856 0.278601 0.546184 0.277288 0.56409
0 0.186714 0.976519 0.199526 0.961112 0.194285 0.947338 0.181473 0.962744
0 0.0479839 0.666305 0.0496778 0.646889 0.0365568 0.643271 0.0348629 0.662687
0 0.793852 0.576639 0.796807 0.557721 0.784227 0.55151 0.781272 0.570428
0 0.50679 0.370883 0.508147 0.340896 0.47358 0.335952 0.472223 0.365938
0 0.20787 0.929408 0.210085 0.908863 0.200175 0.905486 0.19796 0.926031
0 0.196723 0.944736 0.201145 0.927925 0.193629 0.921676 0.189206 0.938487
0 0.0614749 0.752809 0.0642754 0.731788 0.0526265 0.726883 0.049826 0.747904
0 0.4596 0.814652 0.461315 0.796998 0.450761 0.793757 0.449045 0.81141
0 0.510384 0.789219 0.51161 0.771984 0.501911 0.769804 0.500685 0.787039
0 0.492319 0.885901 0.502488 0.862027 0.483368 0.836287 0.473199 0.860161
0 0.0978307 0.981055 0.11465 0.948145 0.106888 0.935607 0.0900689 0.968517
0 0.452485 0.888735 0.457985 0.860924 0.441803 0.85081 0.436303 0.878621
0 0.849241 0.676874 0.851995 0.647855 0.836367 0.643168 0.833614 0.672188
0 0.0880949 0.709568 0.0919764 0.692979 0.0818524 0.685492 0.0779709 0.702081
0 0.849941 0.527113 0.870938 0.50398 0.863648 0.483066 0.842651 0.506199
0 0.619859 0.919143 0.622229 0.884583 0.604187 0.880674 0.601818 0.915233
0 0.176762 0.973858 0.184998 0.955094 0.178644 0.946279 0.170408 0.965043
0 0.909509 0.668392 0.913484 0.626108 0.885436 0.617775 0.881461 0.66006
0 0.111095 1.0143 0.122669 0.991231 0.111456 0.973449 0.0998826 0.996513
0 0.464609 0.985102 0.465142 0.910498 0.436547 0.909853 0.436015 0.984457
0 0.599779 0.983224 0.602249 0.91104 0.576313 0.908235 0.573842 0.980419
0 0.424143 0.807358 0.427867 0.792277 0.415105 0.782317 0.411381 0.797398
0 0.271306 0.397949 0.274169 0.367489 0.253695 0.361408 0.250833 0.391868
0 0.79058 0.694899 0.792294 0.673438 0.780014 0.670337 0.7783 0.691798
0 0.332985 0.828503 0.33811 0.795194 0.318989 0.785897 0.313864 0.819206
0 0.216487 0.846426 0.219559 0.830726 0.210492 0.825119 0.20742 0.840819
0 0.527444 0.818871 0.528991 0.801265 0.5146 0.797269 0.513053 0.814875
0 0.120626 1.00865 0.126626 0.981977 0.112272 0.971774 0.106273 0.998449
0 0.5343 0.845118 0.535806 0.819878 0.523403 0.81754 0.521898 0.84278
0 0.388119 0.759733 0.389281 0.73987 0.378372 0.737854 0.37721 0.757716
0 0.664429 0.373723 0.664066 0.343298 0.644908 0.344021 0.645271 0.374446
0 0.137226 0.999485 0.13834 0.977597 0.120563 0.974738 0.119449 0.996626
0 0.474635 0.363821 0.473237 0.329667 0.439273 0.334058 0.44067 0.368212
0 0.141635 0.971454 0.149831 0.951186 0.142168 0.941392 0.133972 0.961659
0 0.486451 0.608767 0.494163 0.584593 0.483759 0.574103 0.476047 0.598277
0 0.408634 0.752927 0.410535 0.730276 0.396788 0.72663 0.394887 0.74928
0 0.239416 0.844243 0.240433 0.826811 0.230036 0.824895 0.229019 0.842327
0 0.876476 0.625789 0.877968 0.599554 0.86148 0.596591 0.859989 0.622826
0 0.179261 0.448466 0.18292 0.393972 0.143365 0.385579 0.139706 0.440073
0 0.0307676 0.778333 0.0384616 0.757845 0.0281781 0.74564 0.0204841 0.766127
0 0.411684 0.96392 0.414792 0.940702 0.401824 0.935217 0.398717 0.958435
