0 0.480465 0.926246 0.475106 0.8762 0.441901 0.887438 0.44726 0.937484
0 0.489932 0.799095 0.491376 0.773989 0.470689 0.770226 0.469244 0.795332
0 0.369405 0.786553 0.358887 0.731199 0.321837 0.753448 0.332355 0.808803
0 0.348485 0.708491 0.353492 0.667583 0.33118 0.658953 0.326173 0.69986
0 0.0648547 0.95153 0.0836995 0.896205 0.0606751 0.871419 0.0418303 0.926744
0 0.353425 0.871172 0.368984 0.838373 0.356022 0.81894 0.340463 0.851739
0 0.509771 0.689191 0.514724 0.663965 0.501312 0.655643 0.49636 0.680869
0 0.335132 0.768705 0.341175 0.712641 0.300666 0.698842 0.294623 0.754905
0 0.344197 0.852407 0.346946 0.826264 0.328998 0.820299 0.326249 0.846442
0 0.460502 0.976907 0.469267 0.929804 0.44859 0.917642 0.439824 0.964746
0 0.470279 0.745004 0.47566 0.724801 0.462805 0.713979 0.457424 0.734182
0 0.300836 0.719058 0.302794 0.680118 0.279506 0.676418 0.277549 0.715358
0 0.487496 0.895739 0.489636 0.871251 0.472813 0.866605 0.470673 0.891093
0 0.529218 0.634748 0.530463 0.611912 0.516936 0.609583 0.515692 0.632419
0 0.369303 0.872628 0.392392 0.852289 0.385087 0.826078 0.361998 0.846417
0 0.194798 0.629079 0.194951 0.60721 0.177027 0.606814 0.176873 0.628682
0 0.430151 1.0219 0.449643 0.946962 0.406449 0.911454 0.386958 0.986393
0 0.445777 0.882408 0.454764 0.863583 0.439961 0.841246 0.430974 0.860071
0 0.483619 0.961342 0.489838 0.931792 0.473246 0.920756 0.467027 0.950306
0 0.350953 0.913529 0.353312 0.872726 0.330971 0.868644 0.328612 0.909447
0 0.52238 0.93704 0.529844 0.907371 0.517232 0.897344 0.509769 0.927013
0 0.516635 1.01412 0.537394 0.980479 0.524232 0.954809 0.503472 0.98845
0 0.267094 0.98312 0.281325 0.956382 0.272251 0.941117 0.258019 0.967855
0 0.473763 0.881784 0.475585 0.858728 0.462367 0.855428 0.460545 0.878483
0 0.54469 0.705748 0.551842 0.690416 0.541662 0.675408 0.53451 0.69074
0 0.222707 0.85991 0.230127 0.791403 0.194121 0.779079 0.186701 0.847585
0 0.501076 0.857111 0.505054 0.796276 0.477095 0.790499 0.473118 0.851334
0 0.456256 0.863689 0.464558 0.838361 0.452937 0.826323 0.444636 0.851651
0 0.44657 0.728681 0.447863 0.695997 0.430212 0.693788 0.428918 0.726473
0 0.094959 0.994389 0.0933582 0.917742 0.0438044 0.921013 0.0454052 0.99766
0 0.202314 0.613007 0.2059 0.585188 0.191784 0.579437 0.188198 0.607256
0 0.540022 0.742993 0.547217 0.714369 0.528485 0.699487 0.52129 0.728111
0 0.538458 0.611268 0.542264 0.588269 0.530897 0.582324 0.527091 0.605324
0 0.376399 0.665364 0.378466 0.641554 0.357173 0.63571 0.355105 0.659521
0 0.287291 0.950658 0.290865 0.917562 0.27048 0.910605 0.266906 0.9437
0 0.823093 1.0465 0.866956 0.955353 0.790311 0.838786 0.746448 0.929937
0 0.208261 0.655284 0.211979 0.627198 0.191254 0.618527 0.187536 0.646613
0 0.327599 0.840264 0.327663 0.747194 0.277523 0.747084 0.277458 0.840154
0 0.485226 0.760743 0.487317 0.740255 0.474726 0.736194 0.472635 0.756683
0 0.547457 0.637646 0.551252 0.618243 0.542369 0.612753 0.538574 0.632156
0 0.244345 0.935382 0.25137 0.885692 0.220717 0.871997 0.213693 0.921687
0 0.145493 0.889923 0.160812 0.841917 0.138635 0.819551 0.123316 0.867557
0 0.446798 0.772558 0.452946 0.746856 0.440815 0.737686 0.434668 0.763389
0 0.269916 0.903538 0.27141 0.868857 0.252622 0.866299 0.251128 0.90098
0 0.214545 0.90388 0.215297 0.882318 0.200028 0.880633 0.199276 0.902195
0 0.248366 0.95132 0.249064 0.924443 0.229088 0.922803 0.228389 0.94968
0 0.468367 0.581031 0.468114 0.556416 0.452669 0.556918 0.452922 0.581533
0 0.337427 1.00089 0.344427 0.974743 0.327708 0.960595 0.320708 0.986738
0 0.548973 0.944366 0.550432 0.901161 0.528132 0.89878 0.526672 0.941985
0 0.129722 0.967297 0.131553 0.944319 0.112707 0.939574 0.110877 0.962551
0 0.558136 0.766848 0.562061 0.744783 0.549135 0.737515 0.54521 0.75958
0 0.450359 0.798908 0.475705 0.773978 0.466722 0.745112 0.441376 0.770042
0 0.585737 0.770424 0.591201 0.751731 0.57853 0.740024 0.573066 0.758717
0 0.258603 0.527904 0.265023 0.489456 0.2452 0.478995 0.23878 0.517442
0 0.387727 0.58767 0.40171 0.548329 0.38691 0.531702 0.372926 0.571043
0 0.425056 0.746263 0.426378 0.726623 0.415182 0.724242 0.41386 0.743882
0 0.462779 0.721401 0.463996 0.700825 0.451746 0.698535 0.450529 0.719111
0 0.203341 0.596715 0.205384 0.573214 0.189317 0.568799 0.187274 0.5923
0 0.431843 0.546398 0.444776 0.520051 0.433838 0.503081 0.420905 0.529428
0 0.156095 0.911616 0.158335 0.880638 0.142336 0.876981 0.140096 0.907959
0 0.402276 0.943239 0.430196 0.911407 0.417624 0.876556 0.389704 0.908388
0 0.559745 0.681225 0.562341 0.664195 0.551758 0.659095 0.549161 0.676126
0 0.50455 0.739906 0.505732 0.714294 0.491218 0.712177 0.490036 0.737788
0 0.333697 0.971247 0.335505 0.946467 0.321994 0.943352 0.320186 0.968132
0 0.531764 0.807996 0.53549 0.774436 0.512886 0.766503 0.50916 0.800062
0 0.0441891 0.909494 0.0581762 0.887479 0.0498396 0.870739 0.0358525 0.892754
0 0.102249 0.983664 0.115413 0.950118 0.103031 0.934761 0.0898668 0.968306
0 0.431955 0.783149 0.438344 0.741035 0.423701 0.734015 0.417313 0.776129
0 0.395337 0.623448 0.397578 0.599983 0.380949 0.594962 0.378707 0.618428
0 0.534642 0.90612 0.536585 0.877797 0.517486 0.873657 0.515543 0.90198
0 0.445356 0.91119 0.445599 0.872066 0.428465 0.87173 0.428222 0.910854
0 0.575525 0.63906 0.577589 0.618438 0.564304 0.614234 0.562239 0.634856
0 0.570058 0.890609 0.569569 0.870942 0.554043 0.872163 0.554533 0.891831
0 0.507277 0.986999 0.511286 0.943456 0.492362 0.93795 0.488354 0.981493
0 0.0964341 0.91975 0.119553 0.88948 0.109127 0.864312 0.0860079 0.894582
0 0.40387 0.54082 0.404447 0.51782 0.381491 0.516 0.380914 0.539
0 0.368542 0.7119 0.376019 0.68272 0.3658 0.674446 0.358324 0.703625
0 0.41282 0.518876 0.41353 0.50032 0.400817 0.498783 0.400107 0.517339
0 0.218153 0.599092 0.219291 0.564681 0.202983 0.562977 0.201845 0.597389
0 0.558847 0.703224 0.564484 0.683806 0.555682 0.675729 0.550045 0.695148
0 0.365914 0.892895 0.377263 0.869585 0.365402 0.851335 0.354053 0.874645
0 0.419455 0.906341 0.434408 0.875571 0.412113 0.84133 0.397161 0.8721
0 0.027891 0.958798 0.0571877 0.921519 0.0442377 0.889354 0.014941 0.926634
0 0.178368 0.618996 0.181068 0.597436 0.167808 0.592189 0.165108 0.613748
0 0.112356 0.954111 0.122194 0.92392 0.109511 0.910859 0.0996733 0.941049
0 0.124877 0.929792 0.132274 0.905024 0.119251 0.892731 0.111854 0.9175
0 0.460188 0.618999 0.464586 0.598098 0.454764 0.591566 0.450366 0.612467
0 0.446905 0.653414 0.455095 0.629712 0.444542 0.618189 0.436352 0.641891
0 0.485722 0.701369 0.486559 0.684026 0.476215 0.682449 0.475379 0.699792
0 0.162165 0.794927 0.183035 0.77539 0.176813 0.754385 0.155943 0.773922
0 0.498912 0.894157 0.504211 0.863006 0.492942 0.856948 0.487644 0.888099
0 0.487534 0.993753 0.494793 0.948207 0.477808 0.939651 0.470549 0.985197
0 0.270864 0.930554 0.28418 0.899926 0.272175 0.883429 0.258858 0.914057
0 0.552527 0.788049 0.553894 0.755654 0.530114 0.752481 0.528747 0.784876
0 0.419022 0.836313 0.427065 0.813974 0.416783 0.802273 0.408739 0.824612
0 0.355964 0.520654 0.357519 0.492121 0.341596 0.489379 0.340042 0.517912
0 0.236896 0.626867 0.239356 0.605983 0.228781 0.602046 0.226321 0.62293
0 0.701771 0.716946 0.703183 0.692063 0.689564 0.68962 0.688152 0.714503
0 0.432232 0.838044 0.443163 0.817314 0.434078 0.802172 0.423147 0.822902
0 0.464033 1.01859 0.48322 0.969552 0.464342 0.946211 0.445156 0.995253
0 0.475687 0.86541 0.480218 0.841375 0.46803 0.834114 0.463499 0.858149
0 0.469708 0.823937 0.473002 0.795545 0.446961 0.785995 0.443666 0.814388
0 0.543683 0.682838 0.548706 0.658952 0.533812 0.649053 0.528789 0.67294
0 0.214016 0.541668 0.223502 0.522488 0.21507 0.509308 0.205584 0.528488
0 0.302221 0.909866 0.311897 0.877913 0.302479 0.8689 0.292803 0.900852
0 0.225642 0.691922 0.234985 0.670194 0.217713 0.646722 0.20837 0.66845
0 0.233016 0.505501 0.237615 0.486209 0.225489 0.477072 0.22089 0.496364
0 0.326716 0.966982 0.330155 0.910627 0.300671 0.90494 0.297232 0.961296
0 0.108719 1.00114 0.121988 0.969605 0.110847 0.954787 0.0975777 0.986318
0 0.515031 0.895357 0.521338 0.872451 0.507981 0.860829 0.501674 0.883735
0 0.185133 0.890641 0.197854 0.858578 0.186864 0.844798 0.174143 0.876861
0 0.405854 0.746226 0.406769 0.723231 0.392177 0.721397 0.391263 0.744391
0 0.145886 0.931671 0.157135 0.909173 0.148142 0.894962 0.136893 0.91746
0 0.436055 0.814114 0.442516 0.794285 0.431579 0.78302 0.425117 0.80285
0 0.0880351 0.934815 0.0992934 0.897847 0.0876213 0.886613 0.0763631 0.92358
0 0.660252 1.00128 0.661231 0.971788 0.646503 0.970243 0.645524 0.999734
0 0.0399142 0.870863 0.053237 0.84366 0.04269 0.827335 0.0293672 0.854538
0 0.559473 0.648664 0.561448 0.629132 0.551609 0.625987 0.549634 0.645519
0 0.137976 1.00163 0.139927 0.964354 0.123189 0.961585 0.121238 0.998861
0 0.348575 0.664138 0.349788 0.638212 0.332804 0.6357 0.331591 0.661626
0 0.197205 0.47795 0.22908 0.453645 0.221472 0.42211 0.189597 0.446415
0 0.175716 0.867608 0.193148 0.846658 0.186212 0.82842 0.168781 0.849369
0 0.22538 0.891483 0.23255 0.859714 0.219027 0.850067 0.211857 0.881836
0 0.571398 0.980378 0.580955 0.953104 0.568973 0.939834 0.559416 0.967108
0 0.543331 0.818265 0.552004 0.787119 0.538901 0.775587 0.530228 0.806733
0 0.347966 0.727197 0.349388 0.706129 0.336907 0.703467 0.335485 0.724535
0 0.35205 0.979635 0.366613 0.946487 0.353198 0.92786 0.338635 0.961008
0 0.573756 0.674039 0.578178 0.651307 0.559652 0.639919 0.555231 0.662652
0 0.130925 0.906756 0.135815 0.874988 0.116358 0.865523 0.111469 0.897291
0 0.414738 0.766866 0.416365 0.741378 0.400887 0.738257 0.39926 0.763744
0 0.688994 0.674825 0.691334 0.656581 0.680114 0.652032 0.677774 0.670277
0 0.448235 0.839174 0.453317 0.816459 0.443276 0.809359 0.438194 0.832074
0 0.422644 0.803651 0.424265 0.77818 0.412119 0.775737 0.410497 0.801207
0 0.461104 0.880459 0.46438 0.857318 0.453055 0.852252 0.449779 0.875393
0 0.181534 1.00181 0.19107 0.965527 0.179904 0.956251 0.170368 0.992531
0 0.552225 0.74682 0.554243 0.725384 0.542702 0.72195 0.540684 0.743386
0 0.593176 0.893853 0.596508 0.871516 0.585146 0.866158 0.581813 0.888496
0 0.295406 0.891614 0.300535 0.870256 0.289466 0.861855 0.284337 0.883213
0 0.0285276 0.935387 0.0276688 0.876159 -0.0016994 0.877505 -0.000840591 0.936733
0 0.22243 0.65919 0.227304 0.639657 0.217176 0.63167 0.212302 0.651203
0 0.887561 0.705511 0.885814 0.676161 0.865674 0.679949 0.867421 0.709299
0 0.501671 0.764444 0.503394 0.745026 0.491242 0.741619 0.489519 0.761037
0 0.493806 0.720801 0.494852 0.698079 0.482263 0.696249 0.481218 0.71897
0 0.0882836 0.926909 0.11375 0.88619 0.102894 0.864732 0.0774277 0.905452
0 0.220812 0.640752 0.223123 0.611911 0.209435 0.608445 0.207124 0.637286
0 0.432544 0.661704 0.439406 0.641346 0.431202 0.632606 0.42434 0.652963
0 0.187066 0.692651 0.193298 0.664756 0.171562 0.649409 0.16533 0.677304
0 0.397128 0.895823 0.398871 0.868434 0.385896 0.865824 0.384152 0.893213
0 0.511895 0.615111 0.51394 0.594735 0.503635 0.591468 0.501591 0.611843
0 0.147064 0.996342 0.151118 0.969356 0.135997 0.962175 0.131942 0.989161
0 0.690389 0.791076 0.699597 0.781816 0.691983 0.757885 0.682774 0.767145
0 0.245376 0.88424 0.255567 0.860232 0.238269 0.837025 0.228078 0.861033
0 0.49178 0.876256 0.494403 0.85399 0.479114 0.848299 0.476491 0.870565
0 0.380044 0.932155 0.39529 0.916363 0.380048 0.869857 0.364802 0.885649
0 0.536492 0.650798 0.538112 0.633233 0.527793 0.630226 0.526173 0.64779
0 0.445521 0.743787 0.447326 0.72473 0.43648 0.721483 0.434675 0.74054
0 0.51825 0.789144 0.539599 0.755667 0.524744 0.725726 0.503395 0.759202
0 0.559159 0.595219 0.560635 0.575159 0.544466 0.571401 0.542991 0.591461
0 0.320826 0.889575 0.326197 0.865579 0.313867 0.856857 0.308496 0.880853
0 0.440695 0.681568 0.451035 0.657946 0.442217 0.645747 0.431877 0.66937
0 0.0284368 0.856052 0.0445134 0.821832 0.0323232 0.803732 0.0162466 0.837952
0 0.390519 0.658097 0.392205 0.640016 0.379095 0.636152 0.377409 0.654233
0 0.176491 0.507753 0.17936 0.485357 0.166201 0.480029 0.163332 0.502425
0 0.574143 0.588538 0.575754 0.573766 0.566163 0.570461 0.564552 0.585233
0 0.374142 0.727688 0.377484 0.705707 0.367412 0.700867 0.36407 0.722849
0 0.540763 1.00488 0.554798 0.967573 0.54427 0.955054 0.530235 0.992359
0 0.00384787 1.02241 0.0547831 0.983589 0.0426411 0.933246 -0.00829408 0.972072
0 0.215069 0.774418 0.218331 0.748551 0.206358 0.743778 0.203095 0.769645
0 0.574143 0.949921 0.576696 0.896805 0.555246 0.893547 0.552693 0.946662
0 0.674104 0.665705 0.679362 0.646431 0.667306 0.636038 0.662049 0.655312
0 0.512902 0.637717 0.515507 0.61813 0.504941 0.613689 0.502336 0.633276
0 0.685488 0.628801 0.689304 0.608302 0.677949 0.601622 0.674134 0.622121
0 0.262714 0.950863 0.265564 0.930103 0.254235 0.925187 0.251385 0.945948
0 0.391343 0.642944 0.392266 0.617816 0.371196 0.615369 0.370272 0.640496
0 0.32856 0.953703 0.3407 0.925877 0.330999 0.9125 0.318859 0.940326
0 0.361973 0.730932 0.364512 0.708837 0.352767 0.70457 0.350227 0.726666
0 0.514805 0.71132 0.517878 0.692669 0.50725 0.687134 0.504177 0.705785
0 0.721717 0.859559 0.725899 0.840848 0.711859 0.830929 0.707676 0.84964
0 0.271607 0.498491 0.276099 0.477952 0.265718 0.470776 0.261226 0.491315
0 0.305607 0.994086 0.312379 0.969314 0.303345 0.961508 0.296573 0.98628
0 0.6756 0.684133 0.677198 0.66033 0.662047 0.657116 0.66045 0.68092
0 0.171929 0.976075 0.185919 0.940015 0.174946 0.926559 0.160955 0.962619
0 0.401576 0.860363 0.405225 0.837022 0.391576 0.830278 0.387927 0.85362
0 0.559954 0.729648 0.563272 0.711274 0.553047 0.70544 0.54973 0.723814
0 0.389756 0.795711 0.393082 0.741742 0.361662 0.735623 0.358337 0.789592
0 0.389853 0.738018 0.391474 0.714147 0.378045 0.711264 0.376424 0.735136
0 0.367662 0.95801 0.381543 0.899702 0.353072 0.878281 0.339191 0.936589
0 0.484921 0.920854 0.491366 0.892562 0.480371 0.884646 0.473926 0.912938
0 0.0917528 1.00972 0.105355 0.986984 0.0964321 0.970112 0.0828296 0.992849
0 0.663321 0.712632 0.666162 0.573773 0.5876 0.568693 0.584759 0.707551
0 0.475533 0.725493 0.478119 0.708686 0.466542 0.703058 0.463957 0.719865
0 0.426801 0.584124 0.426515 0.553871 0.399972 0.554667 0.400259 0.584919
0 0.569071 1.00607 0.570045 0.982286 0.547123 0.97932 0.54615 1.0031
0 0.174513 0.707882 0.17782 0.680982 0.156541 0.672713 0.153233 0.699613
0 0.535364 0.882736 0.537234 0.861372 0.517456 0.855901 0.515586 0.877265
0 0.567822 0.715998 0.570269 0.698922 0.55994 0.694244 0.557493 0.71132
0 0.153297 0.98195 0.159629 0.952669 0.142362 0.940868 0.13603 0.970149
0 0.325673 0.690125 0.329906 0.658902 0.303982 0.647794 0.299749 0.679017
0 0.274547 0.670893 0.276124 0.65325 0.265636 0.650287 0.264059 0.667931
0 0.103022 0.939044 0.11614 0.91272 0.106287 0.897201 0.0931688 0.923525
0 0.190153 0.93232 0.195063 0.907795 0.183588 0.900534 0.178678 0.925059
0 0.544669 0.720633 0.549697 0.708739 0.538722 0.694075 0.533694 0.705969
0 0.172751 0.887241 0.173612 0.863013 0.1533 0.860733 0.15244 0.884961
0 0.497004 0.699124 0.499847 0.685029 0.490629 0.679154 0.487786 0.693248
0 0.572518 0.856837 0.575816 0.835244 0.564842 0.829948 0.561544 0.851541
0 0.673755 0.637537 0.677547 0.62046 0.666141 0.612457 0.66235 0.629534
0 0.386973 0.965375 0.391601 0.94061 0.380358 0.933971 0.375731 0.958736
0 0.126527 1.00543 0.126415 0.983781 0.109981 0.984049 0.110093 1.0057
0 0.518112 0.962005 0.523518 0.932867 0.508226 0.923901 0.502821 0.953039
0 0.169772 0.592283 0.179469 0.571961 0.171205 0.559498 0.161508 0.57982
0 0.986913 1.05362 1.01373 0.8895 0.84975 0.804833 0.822937 0.968957
0 0.171536 0.76296 0.172641 0.742444 0.15732 0.739836 0.156215 0.760352
0 0.349812 0.739326 0.350661 0.720252 0.337862 0.71845 0.337013 0.737524
0 0.567791 0.754527 0.570877 0.736926 0.560392 0.731116 0.557306 0.748717
0 0.359635 0.995811 0.367293 0.967806 0.356124 0.958153 0.348466 0.986159
0 0.483501 0.739305 0.485056 0.722703 0.475722 0.719939 0.474167 0.736542
0 0.563273 0.524969 0.567799 0.502786 0.5578 0.496338 0.553275 0.518521
0 0.50745 0.93677 0.520727 0.902845 0.508596 0.887839 0.495318 0.921764
0 0.540261 0.848945 0.54451 0.830057 0.535119 0.823381 0.530871 0.842269
0 0.359671 0.833243 0.366122 0.804412 0.354467 0.79617 0.348016 0.825001
0 0.229533 1.0111 0.243003 0.995573 0.236522 0.977804 0.223052 0.993332
0 0.0323343 0.81237 0.0432098 0.788276 0.0336102 0.774582 0.0227347 0.798676
0 0.42322 0.496116 0.424143 0.480144 0.413854 0.478265 0.412931 0.494237
0 0.235051 0.663349 0.237991 0.645139 0.226202 0.639124 0.223262 0.657335
0 0.52556 0.697453 0.527617 0.678742 0.517448 0.675209 0.515391 0.693921
0 0.518301 0.745516 0.521923 0.725576 0.512237 0.720015 0.508614 0.739955
0 0.170934 0.915025 0.177462 0.887222 0.165534 0.87837 0.159005 0.906173
0 0.272092 0.524501 0.2788 0.503046 0.269102 0.493464 0.262395 0.514919
0 0.540651 0.897623 0.544685 0.875121 0.533192 0.868609 0.529158 0.891111
0 0.15433 0.951048 0.161586 0.9273 0.151817 0.917867 0.144561 0.941614
0 0.234 0.972204 0.237543 0.939795 0.221046 0.934094 0.217503 0.966504
0 0.245197 0.9714 0.249893 0.946516 0.238778 0.939886 0.234082 0.96477
0 0.660032 0.971179 0.660825 0.950741 0.648968 0.949287 0.648175 0.969726
0 0.288255 0.970116 0.292107 0.947328 0.280492 0.941123 0.27664 0.963912
0 0.208982 0.886157 0.213819 0.864638 0.203093 0.857017 0.198255 0.878536
0 0.23981 0.535938 0.244678 0.516004 0.233875 0.507666 0.229007 0.5276
0 0.620233 0.727066 0.621285 0.694517 0.603142 0.692663 0.60209 0.725212
0 0.349867 1.00736 0.354445 0.982264 0.343059 0.9757 0.338481 1.0008
0 0.163731 0.313442 0.179356 0.290683 0.164587 0.258637 0.148962 0.281395
0 0.400147 0.599579 0.405122 0.574331 0.392211 0.566291 0.387237 0.591539
0 0.333135 0.917098 0.334535 0.892226 0.320334 0.889699 0.318934 0.914571
0 0.376554 0.978828 0.381403 0.944609 0.366422 0.937899 0.361573 0.972118
0 0.208172 0.923685 0.208288 0.902304 0.194245 0.902063 0.194128 0.923444
0 0.392256 0.761236 0.396578 0.745463 0.382954 0.733663 0.378632 0.749437
0 0.43838 0.850711 0.441427 0.830288 0.428957 0.824408 0.42591 0.844831
0 0.550859 0.904062 0.551788 0.885942 0.538357 0.883767 0.537429 0.901886
0 0.389054 0.674437 0.390659 0.65826 0.379031 0.654615 0.377426 0.670791
0 0.333757 0.724123 0.341026 0.698922 0.320093 0.679839 0.312824 0.70504
0 0.183226 0.738077 0.185188 0.714975 0.170379 0.711001 0.168418 0.734103
0 0.387901 0.729639 0.391686 0.707583 0.37774 0.700018 0.373954 0.722073
0 0.459119 0.757944 0.467624 0.743564 0.459351 0.7281 0.450846 0.74248
0 0.173428 0.853476 0.177417 0.825853 0.164309 0.819872 0.160321 0.847495
0 0.373407 0.591897 0.375651 0.564637 0.359447 0.560421 0.357202 0.587681
0 0.52225 0.648688 0.52345 0.634893 0.514428 0.632414 0.513228 0.64621
0 0.513096 0.837713 0.518005 0.81921 0.5074 0.810318 0.502491 0.828821
0 0.173173 0.995903 0.17911 0.972506 0.168289 0.963828 0.162352 0.987224
0 0.712374 0.628311 0.713792 0.604622 0.697676 0.601571 0.696257 0.62526
0 0.00948192 0.960772 0.012727 0.92254 -0.00180503 0.918642 -0.00505007 0.956874
0 0.194644 0.945745 0.197905 0.925588 0.187795 0.920417 0.184533 0.940575
0 0.660254 0.695913 0.662838 0.669119 0.651116 0.665546 0.648531 0.69234
0 0.390601 1.0059 0.39225 0.973176 0.368816 0.969445 0.367167 1.00217
0 0.379206 0.638811 0.381034 0.616601 0.367054 0.612966 0.365226 0.635176
0 0.695195 0.655988 0.696753 0.638249 0.686189 0.635317 0.684631 0.653055
0 0.580468 0.798785 0.586493 0.77598 0.577881 0.768788 0.571856 0.791593
0 0.644959 0.569063 0.650753 0.552227 0.63413 0.534147 0.628336 0.550983
0 0.384733 0.640661 0.385076 0.618933 0.369149 0.618139 0.368807 0.639867
0 0.470356 0.668328 0.471024 0.648557 0.459629 0.64734 0.458961 0.667111
0 0.143214 0.954464 0.149042 0.931045 0.139264 0.923355 0.133436 0.946774
0 0.257337 0.582928 0.26103 0.563007 0.249968 0.556525 0.246275 0.576446
0 0.58344 0.88799 0.585469 0.865211 0.573909 0.861956 0.57188 0.884736
0 0.0815231 0.831104 0.0865249 0.802841 0.0719173 0.794671 0.0669155 0.822934
0 0.228272 0.551748 0.230004 0.529725 0.218668 0.526908 0.216937 0.548931
0 0.298835 0.545475 0.300604 0.526932 0.289142 0.523476 0.287373 0.542019
0 0.545952 0.65473 0.548245 0.640276 0.53892 0.635599 0.536626 0.650053
0 0.582595 0.908233 0.584347 0.884889 0.57048 0.8816 0.568728 0.904944
0 0.0530689 0.777111 0.0547425 0.752691 0.0378487 0.749032 0.0361752 0.773452
0 0.284971 0.558116 0.28821 0.520841 0.271056 0.51613 0.267817 0.553404
0 0.413711 0.535306 0.419497 0.521091 0.411609 0.510946 0.405824 0.525161
0 0.486828 0.679964 0.488819 0.662434 0.479749 0.659178 0.477758 0.676707
0 0.0200049 0.87659 0.02257 0.852114 0.00928898 0.847715 0.00672389 0.872191
0 0.712894 0.581702 0.720319 0.56632 0.705342 0.543469 0.697916 0.558851
0 0.459119 0.67694 0.461893 0.662178 0.452747 0.656745 0.449973 0.671508
0 0.00737085 0.856406 0.0324005 0.827181 0.0230178 0.801784 -0.00201185 0.83101
0 0.549838 0.6147 0.553426 0.596136 0.543985 0.590368 0.540396 0.608933
0 0.25861 0.971747 0.263654 0.9478 0.250932 0.93933 0.245887 0.963277
0 0.385405 0.817771 0.389986 0.766459 0.362368 0.758665 0.357787 0.809977
0 0.0476454 0.818884 0.05831 0.784714 0.044979 0.771564 0.0343144 0.805734
0 0.184217 0.599935 0.18636 0.577274 0.174917 0.573854 0.172774 0.596515
0 0.376319 0.743744 0.377563 0.725138 0.366581 0.722818 0.365337 0.741425
0 0.174164 0.828583 0.177782 0.804593 0.161521 0.796841 0.157902 0.82083
0 0.345278 0.874291 0.349872 0.857233 0.33529 0.844822 0.330697 0.86188
0 0.199163 0.720813 0.204679 0.694727 0.194372 0.68784 0.188856 0.713925
0 0.693493 0.518439 0.699136 0.499319 0.68603 0.487095 0.680387 0.506214
0 0.692306 0.896858 0.699142 0.867521 0.684622 0.856828 0.677786 0.886165
0 0.382598 0.838902 0.385511 0.812869 0.370702 0.807631 0.367789 0.833664
0 0.346623 0.635016 0.348004 0.617706 0.337471 0.61505 0.33609 0.63236
0 0.431109 0.679732 0.435113 0.662481 0.426773 0.656364 0.422769 0.673615
0 0.468341 0.848157 0.474147 0.827313 0.463319 0.817781 0.457513 0.838625
0 0.603684 0.916589 0.605516 0.892787 0.591674 0.88942 0.589842 0.913222
0 0.503259 0.948363 0.514758 0.919361 0.502467 0.903959 0.490968 0.932962
0 0.206779 0.707765 0.213269 0.682073 0.20432 0.674927 0.19783 0.70062
0 0.235517 0.715125 0.236641 0.691452 0.21898 0.688803 0.217856 0.712476
0 0.27226 1.00751 0.28134 0.977125 0.268473 0.964973 0.259393 0.995361
0 0.498464 0.919 0.50451 0.894883 0.493888 0.886466 0.487842 0.910584
0 0.429123 0.730509 0.429802 0.712048 0.419231 0.710819 0.418552 0.72928
0 0.432724 0.611917 0.436352 0.596768 0.428648 0.590936 0.42502 0.606085
0 0.597278 0.608536 0.599139 0.592242 0.588969 0.588571 0.587108 0.604865
0 0.599658 0.750319 0.601392 0.730485 0.585266 0.726029 0.583532 0.745864
0 0.523811 0.720899 0.52597 0.703377 0.517214 0.699966 0.515054 0.717488
0 0.347942 0.945749 0.358612 0.911333 0.345131 0.898123 0.334461 0.932539
0 0.242518 0.761387 0.251013 0.738164 0.239698 0.725081 0.231203 0.748305
0 0.455643 0.771195 0.465923 0.750128 0.457584 0.737266 0.447304 0.758333
0 0.511438 0.716588 0.512699 0.70087 0.50284 0.698372 0.501579 0.71409
0 0.489523 0.938322 0.49758 0.91349 0.486411 0.902037 0.478354 0.926869
0 0.421632 0.850833 0.424804 0.832494 0.414168 0.826679 0.410996 0.845019
0 0.537021 0.826633 0.540677 0.805417 0.528724 0.798909 0.525069 0.820125
0 0.166196 1.00115 0.164868 0.975215 0.145858 0.978292 0.147187 1.00423
0 0.464858 0.620591 0.468759 0.603332 0.458991 0.596354 0.45509 0.613612
0 0.319305 0.976891 0.324249 0.952799 0.310479 0.943867 0.305535 0.967958
0 0.545836 0.757113 0.548379 0.741543 0.537378 0.735864 0.534835 0.751434
0 0.197951 0.713485 0.203902 0.687715 0.193664 0.680244 0.187714 0.706013
0 0.352764 0.834414 0.359679 0.799965 0.34622 0.791428 0.339306 0.825877
0 0.460179 0.693917 0.462378 0.676598 0.452692 0.672711 0.450493 0.69003
0 0.703612 0.814419 0.706526 0.794848 0.692835 0.788406 0.689921 0.807977
0 0.673952 0.715298 0.675672 0.684791 0.658615 0.681751 0.656895 0.712258
0 0.117191 0.85247 0.142406 0.832915 0.135224 0.803647 0.110009 0.823202
0 0.579363 0.732272 0.579621 0.714733 0.568708 0.714224 0.56845 0.731764
0 0.168047 0.927496 0.178333 0.896202 0.167925 0.885388 0.157638 0.916683
0 0.56947 0.695425 0.571419 0.677807 0.56226 0.674605 0.560311 0.692224
0 0.492543 0.751292 0.494223 0.732552 0.481723 0.72901 0.480042 0.747749
0 0.238597 0.664209 0.242589 0.647735 0.232003 0.639629 0.228011 0.656103
0 0.0239594 0.782668 0.0289031 0.740261 0.0041647 0.731146 -0.000779063 0.773553
0 0.236382 0.480062 0.239093 0.463071 0.228748 0.457855 0.226037 0.474846
0 0.561539 0.968471 0.565043 0.944631 0.553882 0.939447 0.550379 0.963286
0 0.264737 0.854312 0.272541 0.834453 0.263148 0.822786 0.255343 0.842645
0 0.479112 0.730582 0.479092 0.711911 0.468186 0.711948 0.468206 0.730619
0 0.196377 0.808759 0.203681 0.775831 0.190597 0.766657 0.183292 0.799585
0 0.211645 0.688042 0.217062 0.667006 0.205815 0.657854 0.200398 0.67889
0 0.570605 0.539955 0.571834 0.523597 0.561948 0.521249 0.560719 0.537608
0 0.581205 0.815443 0.583552 0.796912 0.573915 0.793054 0.571567 0.811585
0 0.217529 0.704522 0.221701 0.680554 0.212888 0.675706 0.208716 0.699673
0 0.0613864 0.834022 0.0644915 0.812238 0.0513188 0.806303 0.0482137 0.828087
0 0.385872 0.946237 0.39094 0.926203 0.379239 0.916848 0.374171 0.936882
0 0.183911 1.00063 0.186146 0.976004 0.173269 0.972309 0.171034 0.996933
0 0.548128 0.549247 0.549695 0.531065 0.539312 0.528236 0.537745 0.546419
0 0.664671 0.663391 0.667833 0.639299 0.654805 0.633895 0.651643 0.657987
0 0.665303 0.891574 0.669612 0.871911 0.656536 0.862853 0.652226 0.882516
0 0.184386 0.972939 0.193637 0.945336 0.183756 0.93487 0.174506 0.962473
0 0.285973 1.00332 0.294193 0.965764 0.279746 0.955772 0.271527 0.993328
0 0.587862 0.938607 0.589044 0.914456 0.575075 0.912297 0.573894 0.936447
0 0.0587584 0.810717 0.0775828 0.787214 0.0719624 0.772987 0.053138 0.79649
0 0.489184 0.48786 0.493334 0.470943 0.482509 0.462552 0.47836 0.479468
0 0.161087 0.551859 0.160904 0.52921 0.144438 0.529631 0.144621 0.55228
0 0.668458 1.02947 0.843404 0.881518 0.812734 0.766898 0.637788 0.914846
0 0.461028 0.75074 0.464652 0.732594 0.454036 0.725893 0.450412 0.744039
0 0.395411 0.538014 0.395735 0.517324 0.379401 0.516516 0.379077 0.537205
0 0.401197 0.516493 0.401172 0.502029 0.390115 0.50209 0.39014 0.516554
0 0.412911 0.614515 0.416985 0.596476 0.404973 0.587901 0.400898 0.605941
0 0.588752 1.0048 0.595161 0.983395 0.574517 0.963859 0.568108 0.985262
0 0.425512 0.522769 0.429437 0.500891 0.419363 0.495178 0.415438 0.517057
0 0.512401 0.844932 0.51738 0.827873 0.507053 0.818345 0.502074 0.835404
0 0.713292 0.877198 0.714137 0.853538 0.697533 0.851662 0.696688 0.875322
0 0.581699 0.824853 0.582668 0.80557 0.570785 0.803681 0.569815 0.822964
0 0.483641 0.452545 0.493368 0.433628 0.486262 0.42208 0.476535 0.440998
0 0.0577401 0.879169 0.0653883 0.856547 0.056374 0.846915 0.0487258 0.869537
0 0.207455 0.540686 0.209763 0.523021 0.199758 0.518891 0.197451 0.536556
0 0.42267 0.479355 0.424315 0.463218 0.414455 0.46004 0.41281 0.476178
0 0.0864507 0.908782 0.0919058 0.87793 0.0794668 0.870979 0.0740118 0.901831
0 0.2159 0.796344 0.219081 0.775533 0.20246 0.767504 0.199279 0.788315
0 0.688267 0.763007 0.69069 0.746091 0.679758 0.741142 0.677335 0.758057
0 0.328833 0.724643 0.335411 0.696319 0.311744 0.678949 0.305166 0.707274
0 0.257645 0.931575 0.264058 0.904681 0.254088 0.897167 0.247675 0.924061
0 0.210096 0.955373 0.213897 0.927762 0.199493 0.921494 0.195691 0.949105
0 0.0911963 0.54016 0.0914775 0.521052 0.0768591 0.520372 0.0765779 0.53948
0 0.264586 0.67632 0.265761 0.656748 0.254821 0.654672 0.253646 0.674244
0 0.217397 0.605729 0.217705 0.576374 0.204311 0.57593 0.204004 0.605286
0 0.280488 0.736741 0.281861 0.713728 0.26997 0.711485 0.268597 0.734498
0 0.0353019 0.896316 0.0394383 0.867482 0.0212739 0.859246 0.0171374 0.88808
0 0.319413 0.72603 0.326183 0.694529 0.307011 0.681509 0.300242 0.71301
0 0.239029 0.907404 0.24832 0.882115 0.229913 0.860743 0.220622 0.886033
0 0.396287 0.725663 0.403032 0.708181 0.390553 0.692964 0.383808 0.710445
0 0.715822 0.611346 0.718514 0.596467 0.705092 0.588791 0.7024 0.603669
0 0.175399 0.807703 0.190806 0.78134 0.182617 0.766215 0.16721 0.792578
0 0.423044 0.545976 0.428761 0.530332 0.420819 0.521159 0.415102 0.536803
0 0.17731 0.961572 0.187266 0.924348 0.175783 0.91464 0.165827 0.951865
0 0.169249 0.670836 0.168895 0.634911 0.146595 0.635606 0.146949 0.67153
0 0.112015 0.799386 0.125009 0.78199 0.119175 0.768216 0.10618 0.785613
0 0.196007 0.559548 0.197137 0.540608 0.185718 0.538455 0.184588 0.557395
0 0.719666 0.526171 0.719664 0.50079 0.704782 0.500793 0.704784 0.526175
0 0.237519 0.989307 0.243241 0.968216 0.233152 0.959564 0.22743 0.980655
0 0.860206 0.782843 0.863264 0.758679 0.847543 0.752392 0.844485 0.776556
0 0.254389 1.0019 0.262557 0.980769 0.252606 0.968609 0.244438 0.989736
0 0.0449535 0.881597 0.0562596 0.860191 0.0484894 0.84722 0.0371833 0.868626
0 0.248346 0.562664 0.250726 0.545778 0.242046 0.541912 0.239666 0.558798
0 0.539452 0.622078 0.541337 0.605923 0.5322 0.602554 0.530315 0.61871
0 0.509675 0.750402 0.51108 0.731223 0.500927 0.728873 0.499522 0.748052
0 0.190597 0.741622 0.191658 0.720443 0.179686 0.718548 0.178626 0.739727
0 0.188044 0.578518 0.192872 0.563289 0.182203 0.5526 0.177375 0.567829
0 0.514531 0.703872 0.51658 0.685331 0.504016 0.680943 0.501967 0.699484
0 0.254376 0.850223 0.255948 0.826924 0.242766 0.824114 0.241195 0.847413
0 0.432889 0.874017 0.439756 0.854207 0.426294 0.839458 0.419427 0.859268
0 0.257243 0.457697 0.269818 0.432821 0.259791 0.416802 0.247216 0.441678
0 0.523745 0.833465 0.526852 0.816114 0.517499 0.810821 0.514392 0.828171
0 0.395235 0.952185 0.404475 0.921233 0.393347 0.910734 0.384107 0.941686
0 0.530117 0.638416 0.530944 0.617118 0.518861 0.615635 0.518034 0.636933
0 0.437502 0.592726 0.440539 0.574748 0.430787 0.56954 0.42775 0.587519
0 0.356973 0.493432 0.357016 0.47143 0.34134 0.471333 0.341296 0.493334
0 0.260268 0.48634 0.266575 0.46545 0.256803 0.456125 0.250496 0.477015
0 0.498897 0.783569 0.501073 0.760974 0.482052 0.755183 0.479876 0.777778
0 0.338076 0.834267 0.346971 0.804987 0.333267 0.791829 0.324372 0.821109
0 0.469871 0.67282 0.471348 0.654324 0.461538 0.651848 0.460061 0.670344
0 0.406112 0.69963 0.409838 0.684609 0.401739 0.678261 0.398013 0.693282
0 0.165579 0.525757 0.167238 0.500495 0.154414 0.497834 0.152755 0.523096
0 0.491169 1.00666 0.492367 0.983367 0.477342 0.980925 0.476145 1.00422
0 0.0744738 0.695072 0.0758289 0.670978 0.0629449 0.668688 0.0615898 0.692782
0 0.280775 0.643535 0.281241 0.625983 0.270712 0.6251 0.270246 0.642651
0 0.289445 0.876014 0.29368 0.85206 0.282346 0.845727 0.278111 0.869682
0 0.0365488 0.759444 0.0624956 0.6975 0.0424621 0.670979 0.0165154 0.732922
0 0.390622 0.712661 0.39939 0.693657 0.385552 0.673481 0.376785 0.692485
0 0.396391 0.839849 0.400371 0.816715 0.386587 0.809221 0.382607 0.832355
0 0.260902 0.28552 0.270396 0.267058 0.257852 0.246667 0.248357 0.265129
0 0.174994 0.54861 0.180127 0.51651 0.164483 0.508603 0.159349 0.540703
0 0.201263 0.738642 0.203246 0.716259 0.190929 0.712811 0.188946 0.735194
0 0.675593 0.848944 0.676944 0.832756 0.665736 0.829801 0.664385 0.84599
0 0.224638 0.97696 0.226559 0.952862 0.213893 0.949672 0.211972 0.97377
0 0.19547 0.98345 0.202836 0.955961 0.192699 0.947376 0.185333 0.974866
0 0.729968 0.841625 0.733041 0.817652 0.718267 0.811667 0.715194 0.83564
0 0.678882 0.912685 0.682688 0.886207 0.669144 0.880055 0.665339 0.906533
0 0.549501 0.882995 0.551035 0.864993 0.540459 0.862146 0.538926 0.880148
0 0.720414 0.660235 0.722325 0.638594 0.708709 0.634794 0.706798 0.656435
0 0.378164 0.829787 0.379966 0.804136 0.362112 0.800174 0.36031 0.825825
0 0.0199514 0.798608 0.0344826 0.772737 0.0256552 0.757067 0.011124 0.782938
0 0.289495 0.919074 0.292285 0.893195 0.279004 0.888669 0.276214 0.914549
0 0.0841553 0.56228 0.0841973 0.538095 0.068763 0.53801 0.068721 0.562195
0 0.349833 0.981535 0.356541 0.952581 0.342501 0.9423 0.335792 0.971253
0 0.0103766 0.828875 0.0120324 0.79277 -3.95092e-06 0.791026 -0.00165973 0.827131
0 0.263891 0.621366 0.265788 0.607222 0.256718 0.603377 0.254821 0.617521
0 0.269149 0.697693 0.271901 0.669732 0.259261 0.6658 0.256509 0.693762
0 0.367289 0.753396 0.365889 0.730747 0.34959 0.733931 0.35099 0.75658
0 0.435777 0.563211 0.437785 0.548864 0.428876 0.544924 0.426869 0.559272
0 0.3611 0.5413 0.362778 0.526683 0.353573 0.523344 0.351896 0.537961
0 0.410805 0.78353 0.412168 0.763593 0.399575 0.760872 0.398212 0.78081
0 0.655542 0.54591 0.659096 0.528228 0.643979 0.518628 0.640426 0.53631
0 0.613429 0.745374 0.614835 0.726561 0.601428 0.723394 0.600022 0.742207
0 0.460047 0.566243 0.46125 0.548406 0.452128 0.546461 0.450924 0.564298
0 0.406772 0.540063 0.40847 0.522122 0.394035 0.517802 0.392336 0.535743
0 0.761892 0.708498 0.763088 0.685937 0.750444 0.683819 0.749248 0.706379
0 0.239072 0.985361 0.246248 0.963966 0.237277 0.954457 0.230101 0.975851
0 0.0724817 0.886003 0.0746004 0.863346 0.0602788 0.859113 0.0581601 0.88177
0 0.296602 0.450875 0.297555 0.429776 0.286552 0.428205 0.285599 0.449305
0 0.326462 1.01072 0.333382 0.978206 0.317836 0.96775 0.310916 1.00027
0 0.262525 0.535811 0.270532 0.516434 0.263228 0.506896 0.255222 0.526273
0 0.197653 0.686727 0.201671 0.665378 0.189177 0.657946 0.185159 0.679296
0 0.595146 0.581628 0.598124 0.561449 0.587147 0.556329 0.584169 0.576508
0 0.235506 0.564298 0.240569 0.544112 0.230574 0.536188 0.225511 0.556374
0 0.459632 0.840312 0.461537 0.820551 0.449881 0.817001 0.447977 0.836762
0 0.290367 0.782506 0.302482 0.740928 0.278499 0.718842 0.266384 0.760421
0 0.318348 0.654356 0.32837 0.627968 0.317948 0.615459 0.307926 0.641847
0 0.437742 0.940512 0.44102 0.919129 0.425576 0.911647 0.422298 0.93303
0 0.379262 0.555488 0.380224 0.534281 0.368168 0.532552 0.367205 0.553759
0 0.84644 0.825473 0.858742 0.811782 0.845016 0.772802 0.832714 0.786493
0 0.510539 0.818988 0.515762 0.799254 0.503423 0.788933 0.4982 0.808666
0 0.495447 0.677602 0.497606 0.660995 0.489329 0.657594 0.48717 0.674201
0 0.150381 0.93309 0.161561 0.911366 0.152315 0.896328 0.141135 0.918052
0 0.584617 0.672335 0.586608 0.653836 0.576276 0.650322 0.574285 0.668821
0 0.386356 0.886464 0.393407 0.862173 0.380783 0.85059 0.373731 0.874881
0 0.506983 0.768583 0.510232 0.748796 0.50184 0.74444 0.498591 0.764228
0 0.54607 0.53317 0.546665 0.50486 0.530756 0.503803 0.530161 0.532113
0 0.293826 1.00618 0.304916 0.971173 0.291062 0.957302 0.279972 0.992305
0 0.435981 0.495508 0.437298 0.481751 0.428307 0.47903 0.42699 0.492787
0 0.295476 0.674289 0.297708 0.657038 0.28792 0.653035 0.285688 0.670286
0 0.155904 0.753127 0.16602 0.733098 0.157957 0.720228 0.147842 0.740257
0 0.586876 0.868585 0.591665 0.841022 0.580547 0.834918 0.575759 0.862481
0 0.558415 0.54001 0.56056 0.522976 0.549133 0.518426 0.546987 0.53546
0 0.0331879 0.958237 0.050412 0.899744 0.02769 0.878598 0.010466 0.937091
0 0.541141 0.716417 0.54571 0.706684 0.535795 0.691975 0.531226 0.701708
0 0.246735 0.589884 0.249175 0.574109 0.241434 0.570324 0.238993 0.586098
0 0.166467 0.628782 0.169052 0.606738 0.154389 0.601305 0.151805 0.623349
0 0.00993201 0.884494 0.0111214 0.861611 -0.00187542 0.859476 -0.00306476 0.88236
0 0.562818 0.609022 0.564644 0.593453 0.555485 0.590059 0.55366 0.605629
0 0.422778 0.678986 0.425918 0.659385 0.416811 0.654774 0.413671 0.674375
0 0.561115 0.877356 0.562197 0.860137 0.551772 0.858066 0.55069 0.875286
0 0.544245 0.831577 0.547797 0.813274 0.539674 0.808292 0.536122 0.826595
0 0.409609 0.81988 0.413255 0.786567 0.400828 0.782267 0.397181 0.81558
0 0.411723 0.472631 0.412422 0.4583 0.403176 0.456875 0.402477 0.471206
0 0.401215 0.500311 0.402373 0.482787 0.392156 0.480654 0.390998 0.498178
0 0.520228 0.604611 0.522087 0.59125 0.513015 0.587261 0.511156 0.600622
0 0.271425 0.876456 0.273402 0.857943 0.261513 0.853929 0.259535 0.872442
0 0.482912 0.612077 0.483689 0.59596 0.474922 0.594623 0.474144 0.61074
0 0.454715 0.817415 0.459613 0.794154 0.445143 0.784523 0.440245 0.807783
0 0.0499407 0.804579 0.070111 0.774192 0.060639 0.754321 0.0404687 0.784709
0 0.671949 0.942226 0.67494 0.917663 0.662565 0.9129 0.659574 0.937463
0 0.23245 0.584949 0.237752 0.566393 0.229138 0.558615 0.223836 0.577171
0 0.444097 0.626117 0.448872 0.605283 0.439043 0.598162 0.434267 0.618995
0 0.558982 0.809256 0.56085 0.792773 0.551199 0.789316 0.549331 0.805799
0 0.711467 0.752057 0.714676 0.736568 0.702223 0.728413 0.699014 0.743901
0 0.52375 0.677761 0.52562 0.661392 0.516628 0.658146 0.514758 0.674515
0 0.358308 0.706468 0.360918 0.682975 0.352332 0.67996 0.349721 0.703452
0 0.608823 0.622238 0.62314 0.601821 0.614981 0.583739 0.600664 0.604156
0 0.516569 0.937422 0.526825 0.908276 0.515672 0.895871 0.505415 0.925017
0 0.196131 0.671056 0.202624 0.648241 0.182225 0.629893 0.175732 0.652708
0 0.108198 0.868198 0.155603 0.827777 0.141171 0.774283 0.0937663 0.814704
0 0.522303 0.979995 0.528006 0.950809 0.514359 0.942381 0.508656 0.971568
0 0.303508 0.645205 0.310062 0.618613 0.299968 0.610751 0.293415 0.637343
0 0.222992 0.944021 0.22556 0.922022 0.215614 0.918352 0.213045 0.940351
0 0.432182 0.551243 0.432995 0.534162 0.422026 0.532512 0.421213 0.549593
0 0.686548 0.653985 0.688704 0.63967 0.679758 0.635411 0.677602 0.649726
0 0.447681 0.949694 0.449761 0.91965 0.436977 0.916852 0.434897 0.946897
0 0.238963 0.846955 0.242054 0.827581 0.231526 0.822274 0.228436 0.841648
0 0.500904 0.630316 0.502541 0.613146 0.493151 0.610316 0.491514 0.627487
0 0.193771 0.4855 0.195911 0.467674 0.186267 0.464015 0.184127 0.481841
0 0.603539 0.945487 0.610504 0.933342 0.600745 0.915654 0.59378 0.927799
0 -0.00023366 0.975951 0.0222315 0.946262 0.0147684 0.928414 -0.00769684 0.958103
0 0.0587296 0.817025 0.0727961 0.788977 0.0635928 0.77439 0.0495263 0.802438
0 0.16998 0.289634 0.190106 0.269579 0.170016 0.205858 0.14989 0.225913
0 0.290518 0.49202 0.294708 0.473556 0.285039 0.466621 0.280849 0.485085
0 0.223915 0.517478 0.226577 0.501701 0.217866 0.497056 0.215204 0.512833
0 0.383562 1.00328 0.385912 0.967352 0.364276 0.962877 0.361926 0.998802
0 0.558765 0.628811 0.560022 0.614306 0.551698 0.612026 0.550442 0.626532
0 0.310178 0.698547 0.311675 0.678746 0.299743 0.675895 0.298246 0.695696
0 0.258538 0.650094 0.259238 0.636377 0.251293 0.635096 0.250593 0.648813
0 0.20373 0.775245 0.209431 0.743632 0.195583 0.735739 0.189882 0.767352
0 0.0799587 0.800398 0.0883946 0.778778 0.0790683 0.767277 0.0706324 0.788897
0 0.142674 0.538364 0.14614 0.517847 0.132472 0.510549 0.129006 0.531065
0 0.367667 0.528461 0.369259 0.509612 0.359607 0.507035 0.358015 0.525885
