0 0.467718 0.585281 0.466676 0.53483 0.439437 0.536608 0.440479 0.587059
0 0.560849 1.01752 0.57421 0.956685 0.536092 0.930228 0.522731 0.991066
0 0.415961 0.963866 0.411529 0.854857 0.347744 0.863053 0.352176 0.972062
0 0.98688 1.07011 1.019 0.870915 0.819624 0.769292 0.787499 0.968488
0 0.488708 0.863848 0.491158 0.825558 0.470449 0.821371 0.468 0.859662
0 0.499221 0.990652 0.494742 0.890979 0.446494 0.897831 0.450972 0.997503
0 0.350662 0.932462 0.357426 0.893956 0.335326 0.881687 0.328562 0.920193
0 0.316528 0.940102 0.341033 0.887151 0.321442 0.858498 0.296938 0.911449
0 0.360917 0.891851 0.363957 0.820476 0.33735 0.816895 0.33431 0.88827
0 0.40505 1.01046 0.420349 0.957248 0.396331 0.935422 0.381031 0.988631
0 0.947405 0.736767 0.949674 0.66757 0.907634 0.663215 0.905366 0.732412
0 0.0494253 0.632596 0.0963255 0.608563 0.0879984 0.557203 0.0410982 0.581236
0 0.544204 0.993734 0.529299 0.868106 0.479304 0.886854 0.49421 1.01248
0 0.794638 1.04523 0.843757 0.963189 0.766305 0.816633 0.717186 0.898674
0 0.866938 0.793411 0.865395 0.736429 0.839295 0.738663 0.840838 0.795645
0 0.329147 0.883544 0.330795 0.834713 0.302541 0.831699 0.300893 0.88053
0 0.422743 0.882965 0.418213 0.831885 0.384596 0.841308 0.389126 0.892387
0 0.497422 0.900117 0.507972 0.859647 0.490606 0.845339 0.480056 0.885808
0 0.318931 0.851045 0.342858 0.832155 0.335958 0.804533 0.312031 0.823423
0 0.418406 0.851139 0.428939 0.818117 0.415593 0.804662 0.40506 0.837684
0 0.345672 0.965721 0.364687 0.927402 0.350285 0.904813 0.331269 0.943132
0 0.450447 1.00597 0.460703 0.967601 0.446355 0.955481 0.436099 0.993851
0 0.190781 1.00389 0.189117 0.960573 0.162465 0.963809 0.164129 1.00713
0 0.201164 0.983302 0.221173 0.959805 0.213231 0.938432 0.193222 0.961929
0 0.51509 0.719623 0.520819 0.694281 0.507749 0.684941 0.502019 0.710283
0 0.522161 0.851452 0.522939 0.829095 0.50806 0.827457 0.507281 0.849813
0 0.10203 0.765703 0.103231 0.732194 0.0730491 0.728775 0.071848 0.762284
0 0.589949 1.00389 0.590241 0.964859 0.571019 0.964403 0.570726 1.00344
0 0.401731 0.53998 0.402787 0.505196 0.382631 0.503263 0.381576 0.538047
0 0.508083 0.859407 0.509086 0.832552 0.493064 0.830661 0.492062 0.857517
0 0.880631 0.741831 0.888712 0.701612 0.870434 0.690006 0.862354 0.730225
0 0.32538 0.954733 0.342547 0.919204 0.328398 0.897597 0.311231 0.933126
0 0.44063 0.869591 0.44827 0.815203 0.424945 0.804848 0.417305 0.859235
0 0.635948 0.997512 0.627401 0.935743 0.602254 0.946741 0.610801 1.00851
0 0.429419 0.916673 0.438326 0.876044 0.418786 0.862505 0.409878 0.903134
0 0.205725 1.00949 0.214966 0.984157 0.2055 0.973242 0.196259 0.998572
0 0.59889 1.01175 0.619278 0.984045 0.598571 0.935888 0.578183 0.963595
0 0.551748 0.948688 0.557734 0.91775 0.542917 0.908688 0.53693 0.939627
0 0.448323 0.911293 0.452409 0.88031 0.433308 0.872349 0.429222 0.903331
0 0.0788194 0.807959 0.082682 0.778722 0.0660163 0.771763 0.0621536 0.801001
0 0.0973223 0.787488 0.099556 0.763364 0.0859708 0.759389 0.0837371 0.783512
0 0.37319 0.746938 0.369407 0.714905 0.350162 0.722089 0.353945 0.754122
0 0.589818 0.792637 0.604059 0.767016 0.582874 0.729802 0.568633 0.755423
0 0.667446 0.395106 0.666464 0.335374 0.631338 0.3372 0.63232 0.396931
0 0.329687 0.975008 0.342025 0.946966 0.331759 0.932691 0.319421 0.960732
0 0.892883 0.601489 0.893328 0.548935 0.847917 0.547721 0.847473 0.600275
0 0.195859 0.893444 0.203773 0.864305 0.192077 0.854266 0.184164 0.883405
0 0.458381 0.849551 0.459978 0.821597 0.444688 0.818836 0.443092 0.84679
0 0.448821 0.688614 0.446463 0.662421 0.423165 0.669048 0.425522 0.69524
0 0.446654 0.783158 0.449193 0.757276 0.434063 0.752586 0.431524 0.778468
0 0.229624 0.958252 0.239457 0.934172 0.227204 0.918359 0.217371 0.942439
0 0.075451 1.00546 0.131372 0.889971 0.0860069 0.820548 0.030086 0.936039
0 0.524929 0.886945 0.525187 0.848493 0.50594 0.848085 0.505682 0.886537
0 0.821363 0.623556 0.824216 0.594115 0.807401 0.588967 0.804549 0.618408
0 0.521345 0.827481 0.524554 0.798651 0.510023 0.793541 0.506815 0.82237
0 0.793579 0.789641 0.801488 0.752034 0.778457 0.736725 0.770547 0.774331
0 0.427489 0.80673 0.436384 0.774558 0.424268 0.76397 0.415373 0.796143
0 0.0999404 0.716195 0.102117 0.692501 0.0884843 0.688542 0.0863076 0.712237
0 0.552321 0.842537 0.558274 0.821364 0.54302 0.80781 0.537067 0.828983
0 0.588937 0.809211 0.589342 0.769794 0.566041 0.769038 0.565637 0.808455
0 0.437657 0.931861 0.44198 0.909455 0.429514 0.901854 0.425191 0.924261
0 0.498871 0.731632 0.505715 0.707993 0.494975 0.698165 0.48813 0.721804
0 0.435371 0.759135 0.437343 0.737625 0.424677 0.733956 0.422706 0.755465
0 0.115725 0.738155 0.135366 0.701394 0.121165 0.677415 0.101524 0.714176
0 0.117711 0.76441 0.121222 0.73293 0.103656 0.726737 0.100145 0.758218
0 0.803829 0.780528 0.815835 0.761065 0.80078 0.731715 0.788774 0.751178
0 0.249836 0.943066 0.261912 0.905322 0.2491 0.892365 0.237023 0.930109
0 0.0832361 0.734475 0.0909679 0.710456 0.0786217 0.697895 0.0708898 0.721913
0 0.449503 0.942649 0.458705 0.907938 0.445359 0.896757 0.436158 0.931467
0 0.460644 0.832517 0.467186 0.816528 0.452406 0.797416 0.445864 0.813404
0 0.213531 0.996157 0.230906 0.973812 0.223472 0.955543 0.206097 0.977888
0 0.899836 0.565925 0.901195 0.539131 0.878701 0.535528 0.877343 0.562321
0 0.531222 0.818115 0.534726 0.7955 0.524145 0.790318 0.52064 0.812933
0 0.26928 0.928937 0.286576 0.903146 0.277043 0.882941 0.259747 0.908731
0 0.420704 0.677015 0.429352 0.647043 0.418908 0.637519 0.41026 0.667492
0 0.384467 1.0101 0.388748 0.97034 0.353272 0.958266 0.348991 0.998024
0 0.586811 0.578205 0.58999 0.535685 0.565965 0.530008 0.562786 0.572528
0 0.392274 0.805843 0.390514 0.772094 0.365634 0.776194 0.367394 0.809943
0 0.48447 0.897167 0.488158 0.866159 0.471045 0.859724 0.467356 0.890732
0 0.157759 0.899766 0.169419 0.8799 0.16207 0.866266 0.15041 0.886132
0 0.825207 0.719157 0.827976 0.699504 0.811173 0.69202 0.808404 0.711672
0 0.840136 0.786489 0.843693 0.746987 0.820866 0.740491 0.817309 0.779993
0 0.506844 0.839454 0.51351 0.819519 0.499741 0.804968 0.493075 0.824904
0 0.307795 0.960853 0.311281 0.909049 0.282057 0.902836 0.278571 0.954639
0 0.561768 0.829586 0.56779 0.807998 0.549409 0.791793 0.543387 0.813381
0 0.473026 0.900954 0.478306 0.874997 0.466613 0.867479 0.461333 0.893437
0 0.304827 1.01206 0.339343 0.990336 0.333738 0.962193 0.299222 0.983918
0 0.508506 0.810839 0.511537 0.791448 0.501439 0.78646 0.498408 0.805851
0 0.484275 0.409919 0.486955 0.344526 0.453849 0.340237 0.451168 0.40563
0 0.0391234 0.847767 0.0527434 0.811338 0.036693 0.792372 0.023073 0.828802
0 0.0856483 0.783593 0.0883362 0.756831 0.0690453 0.750707 0.0663574 0.777469
0 0.998515 0.514599 1.00004 0.458181 0.962122 0.454933 0.960593 0.511351
0 0.0617052 0.817357 0.0649379 0.787581 0.0442122 0.780469 0.0409795 0.810245
0 0.792591 0.674095 0.798918 0.655241 0.782033 0.637334 0.775706 0.656188
0 0.205431 0.984397 0.225874 0.959238 0.218063 0.939178 0.197619 0.964338
0 0.417248 1.01049 0.428531 0.98382 0.417927 0.969642 0.406644 0.996313
0 0.552116 0.886575 0.558675 0.86232 0.542212 0.848249 0.535653 0.872504
0 0.543778 0.925945 0.551516 0.893218 0.538769 0.883693 0.531031 0.916419
0 0.172356 0.959845 0.172658 0.937279 0.158473 0.936681 0.158172 0.959246
0 0.877457 0.703002 0.879002 0.677499 0.852213 0.672368 0.850667 0.69787
0 0.461426 0.666021 0.462621 0.64144 0.448469 0.639267 0.447274 0.663848
0 0.237472 0.881679 0.241861 0.859687 0.232165 0.853572 0.227777 0.875564
0 0.215478 0.878708 0.225748 0.858516 0.218184 0.846357 0.207914 0.866549
0 0.465079 0.803726 0.471114 0.787281 0.459639 0.773971 0.453604 0.790415
0 0.0138376 0.964015 0.0253581 0.935299 0.0115201 0.917753 -3.51667e-07 0.94647
0 0.270716 0.837216 0.274719 0.813558 0.26515 0.808439 0.261146 0.832098
0 0.538043 0.834922 0.541075 0.814753 0.529795 0.809391 0.526762 0.829561
0 0.341329 0.797217 0.361428 0.755794 0.343632 0.728505 0.323534 0.769928
0 0.235771 0.967186 0.243556 0.947771 0.235396 0.93743 0.227611 0.956845
0 0.90233 0.549707 0.90284 0.495757 0.855728 0.494349 0.855218 0.548299
0 0.573279 0.628242 0.603357 0.608829 0.596801 0.576728 0.566724 0.596142
0 0.370126 0.823552 0.370228 0.776892 0.34282 0.776703 0.342719 0.823363
0 0.304469 0.910159 0.308145 0.874675 0.290132 0.868779 0.286456 0.904263
0 0.43563 0.911858 0.442202 0.875433 0.423576 0.864813 0.417005 0.901238
0 0.814839 0.758293 0.822688 0.728987 0.80762 0.716233 0.799772 0.74554
0 0.196083 1.00088 0.203603 0.976217 0.193489 0.96647 0.185969 0.991129
0 0.142516 1.00807 0.165755 0.978616 0.154684 0.951005 0.131445 0.980456
0 0.106031 0.632868 0.115115 0.607479 0.103796 0.594681 0.0947126 0.62007
0 0.324284 0.388922 0.325644 0.357018 0.306167 0.354393 0.304806 0.386296
0 0.230177 1.00295 0.238436 0.980673 0.228164 0.968635 0.219905 0.990907
0 0.561348 0.928128 0.566565 0.903123 0.551957 0.89349 0.54674 0.918495
0 0.647805 0.808759 0.64434 0.738808 0.615722 0.743288 0.619186 0.813239
0 0.082141 0.644536 0.0846215 0.61896 0.0678253 0.613812 0.0653448 0.639387
0 0.808383 0.725661 0.812443 0.700234 0.798113 0.693003 0.794053 0.718429
0 0.82198 0.813013 0.831771 0.786249 0.808554 0.759405 0.798763 0.786168
0 0.415907 0.813442 0.422007 0.791205 0.40908 0.779995 0.402979 0.802232
0 0.0588755 0.838993 0.0677996 0.820182 0.0577499 0.805114 0.0488258 0.823925
0 0.394161 0.564015 0.397576 0.547617 0.386696 0.540457 0.383282 0.556856
0 0.299545 0.981692 0.319372 0.957643 0.311288 0.93658 0.291462 0.960629
0 0.585491 0.901293 0.604139 0.884817 0.589041 0.830812 0.570393 0.847289
0 0.577151 0.913505 0.577397 0.869835 0.55999 0.869525 0.559744 0.913195
0 0.641773 0.890678 0.640703 0.85088 0.613859 0.85316 0.614928 0.892958
0 0.350819 0.725299 0.352019 0.704538 0.340836 0.702494 0.339636 0.723255
0 0.475674 0.827785 0.47654 0.80948 0.465373 0.80781 0.464507 0.826114
0 0.404909 0.10284 0.400733 0.0654155 0.375179 0.0744273 0.379355 0.111852
0 0.590989 0.830805 0.594093 0.804549 0.577502 0.798349 0.574398 0.824605
0 0.264035 0.949898 0.26917 0.924689 0.257757 0.917341 0.252621 0.942551
0 0.905907 0.720604 0.908934 0.686518 0.890731 0.68141 0.887705 0.715496
0 0.296348 1.00247 0.295134 0.983562 0.278656 0.986904 0.279869 1.00581
0 0.5533 0.128459 0.57627 0.0277188 0.503467 -0.0247455 0.480497 0.0759942
0 0.89722 0.681094 0.909461 0.652223 0.887615 0.622949 0.875374 0.651819
0 0.262041 0.828867 0.265764 0.806422 0.25528 0.800925 0.251557 0.823371
0 0.197563 0.967662 0.207245 0.943699 0.198096 0.932015 0.188414 0.955979
0 0.645731 0.925369 0.654326 0.879303 0.632168 0.866235 0.623572 0.912302
0 0.471372 0.625724 0.482398 0.604847 0.465581 0.576776 0.454555 0.597653
0 0.144801 0.968615 0.154416 0.939615 0.144494 0.929219 0.134879 0.958218
0 0.292294 0.729414 0.302766 0.68579 0.283091 0.670863 0.272619 0.714486
0 0.24668 0.974529 0.251677 0.954962 0.242716 0.947728 0.237719 0.967295
0 0.572206 0.856616 0.575745 0.833797 0.56505 0.828553 0.56151 0.851373
0 0.518904 0.614855 0.528738 0.596682 0.519813 0.581418 0.509979 0.599591
0 0.464313 0.793944 0.467221 0.77461 0.454897 0.76875 0.451989 0.788084
0 0.500583 0.749958 0.504131 0.728416 0.492893 0.722567 0.489346 0.744109
0 0.307633 0.530678 0.321043 0.507096 0.30487 0.478028 0.291459 0.501609
0 0.222029 0.915645 0.222843 0.896637 0.212375 0.895221 0.211562 0.914229
0 0.0701174 0.715232 0.089493 0.694843 0.0828646 0.674935 0.063489 0.695324
0 0.645937 0.175453 0.645573 0.130698 0.624235 0.131246 0.624599 0.176001
0 0.447002 0.836143 0.452707 0.807178 0.433684 0.795338 0.42798 0.824304
0 0.105662 0.573068 0.10654 0.547156 0.0836541 0.544706 0.0827765 0.570619
0 0.298898 0.828803 0.303125 0.805439 0.292284 0.799239 0.288057 0.822604
0 0.0495159 0.767373 0.0625934 0.750698 0.0566962 0.736081 0.0436188 0.752756
0 0.268524 0.976494 0.275251 0.953788 0.266585 0.945674 0.259858 0.968379
0 0.224231 0.955854 0.231649 0.931278 0.220445 0.920591 0.213027 0.945167
0 0.0211452 0.935069 0.0316996 0.90319 0.0177459 0.88859 0.00719157 0.920469
0 0.595446 0.938331 0.604943 0.921072 0.590641 0.896201 0.581144 0.913461
0 0.132854 0.962229 0.145636 0.927122 0.135486 0.915441 0.122703 0.950549
0 0.0637967 0.729856 0.0730847 0.712371 0.0653882 0.69945 0.0561001 0.716934
0 0.563362 0.861368 0.56727 0.840392 0.554669 0.832971 0.550761 0.853947
0 0.479036 0.696356 0.48096 0.667544 0.468011 0.664811 0.466087 0.693623
0 0.529468 0.647979 0.531894 0.614827 0.515525 0.611042 0.513099 0.644194
0 0.378509 0.721869 0.380615 0.701094 0.368085 0.69708 0.365979 0.717856
0 0.694499 0.35116 0.692502 0.324887 0.660397 0.332599 0.662394 0.358871
0 0.590183 0.966097 0.598457 0.922592 0.577453 0.909967 0.569179 0.953472
0 0.625879 0.861897 0.623805 0.812088 0.601715 0.814994 0.603789 0.864804
0 0.435531 0.666131 0.440967 0.645797 0.4301 0.636616 0.424664 0.65695
0 0.0843724 0.740499 0.0855601 0.71613 0.0720713 0.714052 0.0708836 0.738421
0 0.345791 0.980424 0.352876 0.956931 0.338745 0.943462 0.33166 0.966955
0 0.0961337 0.642815 0.0990984 0.622626 0.0865436 0.616799 0.0835789 0.636988
0 0.797532 0.749224 0.801316 0.733796 0.785372 0.721439 0.781589 0.736867
0 0.752339 1.02969 0.770998 0.954825 0.715774 0.911326 0.697115 0.986193
0 0.487763 0.719279 0.496547 0.699728 0.48775 0.687236 0.478965 0.706788
0 0.118117 0.322229 0.134204 0.299681 0.117706 0.262481 0.101619 0.285029
0 0.66737 0.236102 0.671502 0.178876 0.640953 0.171905 0.636821 0.229131
0 0.379857 0.558383 0.381385 0.539063 0.368217 0.535773 0.36669 0.555093
0 0.248824 0.881652 0.25356 0.858652 0.245047 0.853113 0.240312 0.876113
0 0.421779 0.964741 0.423512 0.935606 0.408409 0.932768 0.406677 0.961903
0 0.650151 0.8703 0.654563 0.841774 0.639312 0.834319 0.6349 0.862845
0 0.636287 0.848621 0.652578 0.825992 0.642299 0.802606 0.626009 0.825235
0 0.447852 0.960493 0.45586 0.914449 0.441219 0.9064 0.43321 0.952444
0 0.438539 0.817225 0.444036 0.79097 0.431675 0.782791 0.426178 0.809046
0 0.936158 0.665948 0.937221 0.641526 0.920628 0.639244 0.919566 0.663667
0 0.453047 0.674904 0.455011 0.658324 0.443437 0.653993 0.441474 0.670573
0 0.44141 0.802348 0.445989 0.782498 0.43663 0.775674 0.432051 0.795524
0 0.222389 0.119745 0.237657 0.111246 0.216027 -0.011577 0.200759 -0.0030787
0 0.301738 0.889007 0.305049 0.864578 0.292199 0.859072 0.288887 0.883502
0 0.497046 0.693283 0.500254 0.66265 0.483886 0.657233 0.480678 0.687866
0 0.239682 0.98125 0.244839 0.965094 0.236649 0.956832 0.231492 0.972988
0 1.00255 0.862158 1.00611 0.774489 0.982299 0.771435 0.978742 0.859104
0 0.84528 0.747995 0.846234 0.72676 0.835774 0.725274 0.83482 0.746509
0 0.662514 0.815064 0.682966 0.760641 0.660425 0.73387 0.639974 0.788293
0 0.0765338 0.775792 0.0779921 0.751171 0.0603263 0.747864 0.058868 0.772486
0 0.566346 0.949508 0.569737 0.926188 0.556332 0.920027 0.552941 0.943348
0 0.44034 0.994886 0.445892 0.965064 0.432929 0.957437 0.427377 0.987259
0 0.56464 0.600249 0.573617 0.573299 0.555127 0.553834 0.54615 0.580785
0 0.0604433 0.451713 0.0705391 0.373882 0.0171778 0.352006 0.00708206 0.429836
0 0.306638 0.396705 0.307552 0.373723 0.291072 0.371652 0.290158 0.394633
0 0.836715 0.75624 0.840812 0.734048 0.822636 0.723444 0.81854 0.745636
0 0.148993 0.927427 0.153492 0.908377 0.144077 0.901349 0.139578 0.920399
0 0.958689 0.676192 0.95761 0.646541 0.934049 0.649251 0.935127 0.678901
0 0.483124 0.731052 0.487154 0.710977 0.477066 0.704576 0.473036 0.724651
0 0.0628673 0.759521 0.0726405 0.737617 0.0619416 0.72253 0.0521684 0.744434
0 0.0621549 0.998901 0.0604256 0.945887 0.0152465 0.950545 0.0169758 1.00356
0 0.873908 0.786812 0.876171 0.762416 0.864997 0.759139 0.862734 0.783536
0 0.0178918 0.864172 0.0405682 0.83031 0.0258861 0.799235 0.00320968 0.833097
