0 0.189383 0.957388 0.219817 0.908009 0.202102 0.873503 0.171669 0.922882
0 0.41136 0.820252 0.416607 0.787149 0.395149 0.776399 0.389902 0.809502
0 0.298395 0.797144 0.299988 0.759428 0.277689 0.756451 0.276096 0.794167
0 0.208538 0.858216 0.208235 0.830506 0.191038 0.8311 0.191341 0.858811
0 0.482838 0.986065 0.492341 0.940327 0.469839 0.925552 0.460337 0.971289
0 0.320603 0.777174 0.330095 0.73859 0.314729 0.726643 0.305237 0.765227
0 0.473369 0.847226 0.477732 0.805614 0.456297 0.798511 0.451934 0.840123
0 0.379001 0.849387 0.394342 0.821084 0.384073 0.803493 0.368733 0.831795
0 0.358548 0.83483 0.362572 0.803458 0.343094 0.795562 0.33907 0.826934
0 0.995154 0.999781 1.01035 0.873196 0.826552 0.803465 0.811356 0.93005
0 0.388482 1.00759 0.40413 0.962521 0.382835 0.939156 0.367187 0.98423
0 0.526752 0.904928 0.52505 0.862123 0.50261 0.864944 0.504313 0.907749
0 0.56641 0.819132 0.571997 0.790701 0.551389 0.7779 0.545801 0.806332
0 0.571581 0.870653 0.575008 0.835888 0.557288 0.830369 0.553862 0.865133
0 0.369152 0.816562 0.372492 0.786503 0.357954 0.781398 0.354614 0.811457
0 0.233883 0.73762 0.237884 0.70055 0.209497 0.690869 0.205497 0.727938
0 0.0359037 0.868102 0.0425318 0.836008 0.0193864 0.820901 0.0127584 0.852996
0 0.330363 0.79617 0.339782 0.756281 0.326613 0.746454 0.317194 0.786343
0 0.709821 0.84592 0.711455 0.816431 0.693632 0.81331 0.691998 0.8428
0 0.553944 0.719572 0.555784 0.699359 0.541057 0.695122 0.539217 0.715335
0 0.557868 0.703824 0.56028 0.684132 0.547764 0.679287 0.545352 0.698979
0 0.514139 0.846706 0.524598 0.828672 0.510208 0.802295 0.499749 0.820329
0 0.180964 0.873269 0.189166 0.842374 0.172875 0.828704 0.164673 0.859599
0 0.400079 0.844264 0.406239 0.821039 0.392767 0.809748 0.386608 0.832972
0 0.464897 0.873091 0.472279 0.853076 0.453677 0.831392 0.446295 0.851407
0 0.0550144 0.878219 0.0658133 0.830226 0.0467257 0.816652 0.0359269 0.864645
0 0.399281 0.711536 0.405473 0.687242 0.394105 0.678085 0.387913 0.702379
0 0.570424 0.796389 0.575363 0.776249 0.561725 0.765678 0.556786 0.785818
0 0.155171 0.91511 0.149079 0.873064 0.118123 0.887238 0.124215 0.929284
0 0.183206 0.936035 0.187839 0.895397 0.170661 0.889207 0.166028 0.929845
0 0.38357 0.820706 0.397807 0.783804 0.381395 0.763793 0.367158 0.800695
0 0.179596 0.892325 0.19617 0.863133 0.187101 0.846859 0.170527 0.876051
0 0.191429 0.899898 0.204265 0.87084 0.193605 0.855957 0.180768 0.885015
0 0.286983 0.766301 0.311097 0.734509 0.299238 0.706081 0.275124 0.737873
0 0.40497 0.871396 0.419166 0.858608 0.408955 0.822783 0.394759 0.835571
0 0.535016 0.761407 0.537759 0.734972 0.520327 0.729255 0.517584 0.75569
0 0.525751 0.795356 0.52832 0.770752 0.516077 0.766712 0.513509 0.791317
0 0.576132 0.838291 0.577946 0.81777 0.564573 0.814034 0.562759 0.834555
0 0.225407 0.849916 0.230757 0.821614 0.215713 0.812626 0.210363 0.840928
0 0.0697751 0.656261 0.0798319 0.629649 0.0710442 0.619153 0.0609874 0.645765
0 0.316252 0.800233 0.318689 0.777393 0.302563 0.771957 0.300127 0.794797
0 0.385857 0.752301 0.38963 0.728531 0.378821 0.72311 0.375049 0.74688
0 0.419664 0.844327 0.424092 0.816372 0.412583 0.810611 0.408155 0.838566
0 0.666419 0.727759 0.672802 0.700388 0.662835 0.693043 0.656452 0.720414
0 0.787642 1.05716 0.850516 0.943932 0.777273 0.815386 0.714398 0.92861
0 0.36635 0.788361 0.369582 0.760454 0.353906 0.754716 0.350674 0.782623
0 0.730397 0.794539 0.74399 0.772705 0.73433 0.7537 0.720738 0.775534
0 0.261989 0.850948 0.264223 0.826798 0.250367 0.822747 0.248133 0.846897
0 0.452232 0.83603 0.454755 0.8114 0.442706 0.807499 0.440183 0.832129
0 0.37354 0.764502 0.379127 0.74329 0.368824 0.734715 0.363238 0.755927
0 0.698969 0.8128 0.697618 0.760263 0.665899 0.762841 0.66725 0.815378
0 0.0139573 0.711824 0.0158689 0.67893 -0.00124189 0.675787 -0.00315349 0.708682
0 0.407474 0.735771 0.411819 0.714463 0.392522 0.702026 0.388177 0.723335
0 0.392766 0.674435 0.392671 0.656352 0.379066 0.656578 0.379162 0.674661
0 0.652609 0.781617 0.665002 0.758477 0.655966 0.743183 0.643574 0.766323
0 0.539194 0.671321 0.54263 0.647228 0.529925 0.641503 0.52649 0.665596
0 0.384575 0.919876 0.392724 0.872084 0.366448 0.857925 0.358299 0.905717
0 0.344039 0.817154 0.344757 0.792113 0.331423 0.790906 0.330706 0.815947
0 0.547432 0.740984 0.549797 0.718166 0.538832 0.714575 0.536467 0.737392
0 0.477901 0.857866 0.479866 0.835275 0.467026 0.831746 0.465061 0.854336
0 0.064091 0.824407 0.0879747 0.794607 0.0806717 0.776108 0.056788 0.805909
0 0.16546 0.903381 0.167586 0.881477 0.15547 0.87776 0.153344 0.899664
0 0.15256 0.977771 0.165225 0.939028 0.151125 0.92446 0.13846 0.963203
0 0.26459 0.879262 0.264427 0.855957 0.246184 0.856361 0.246347 0.879665
0 0.536607 0.867715 0.53729 0.826201 0.521168 0.825363 0.520486 0.866877
0 0.613187 0.807252 0.62089 0.784145 0.609785 0.772444 0.602082 0.795551
0 0.2761 0.830031 0.278756 0.808552 0.26608 0.803599 0.263424 0.825077
0 0.203056 0.830484 0.204752 0.807024 0.191901 0.804088 0.190205 0.827548
0 0.49329 0.849235 0.504179 0.81798 0.492526 0.805148 0.481637 0.836404
0 0.198805 0.762432 0.200996 0.73846 0.187353 0.734519 0.185162 0.758492
0 0.147046 0.833911 0.154732 0.817034 0.139551 0.795187 0.131866 0.812064
0 0.0956266 0.636988 0.101159 0.616328 0.0918988 0.608491 0.0863666 0.629151
0 0.633953 0.77497 0.647471 0.742104 0.636642 0.728028 0.623124 0.760894
0 0.361438 0.874961 0.364247 0.846746 0.345599 0.840879 0.34279 0.869094
0 0.0121624 0.987663 0.0133348 0.959439 -0.00113456 0.957539 -0.00230697 0.985763
0 0.537444 0.796401 0.541214 0.774782 0.529636 0.768402 0.525867 0.790021
0 0.535424 0.718389 0.536882 0.697751 0.525764 0.695267 0.524306 0.715906
0 0.155205 0.890656 0.164091 0.863783 0.1534 0.852608 0.144513 0.879482
0 0.553356 0.687466 0.5557 0.659686 0.539517 0.655371 0.537174 0.683151
0 0.490155 0.963791 0.504832 0.943424 0.48789 0.904838 0.473213 0.925205
0 0.414593 0.71368 0.417891 0.692577 0.406205 0.686805 0.402907 0.707907
0 0.63975 0.874029 0.651293 0.84897 0.634441 0.824435 0.622897 0.849495
0 0.182749 0.9654 0.187883 0.939031 0.176036 0.931741 0.170902 0.958109
0 0.548792 0.79265 0.553042 0.771104 0.542203 0.764347 0.537954 0.785893
0 0.0216021 0.768629 0.0203997 0.747136 0.00329254 0.75016 0.00449488 0.771654
0 0.182673 0.846918 0.185045 0.820079 0.167573 0.815199 0.165201 0.842038
0 0.664033 0.906391 0.662438 0.870569 0.640447 0.873664 0.642042 0.909486
0 0.540313 0.821385 0.543023 0.796223 0.530425 0.791933 0.527714 0.817096
0 0.459184 0.811259 0.478287 0.78791 0.469062 0.764058 0.449959 0.787408
0 0.420854 0.862539 0.425843 0.834607 0.414537 0.828224 0.409548 0.856156
0 0.504948 0.909963 0.507708 0.878693 0.493177 0.874638 0.490417 0.905908
0 0.402868 0.78875 0.406347 0.761852 0.390008 0.755172 0.386529 0.782071
0 0.584248 0.822784 0.586184 0.800272 0.571787 0.796358 0.56985 0.818869
0 0.360834 0.76392 0.365775 0.743997 0.356253 0.736534 0.351312 0.756457
0 0.673258 0.618649 0.692341 0.596124 0.683589 0.572687 0.664505 0.595212
0 0.524239 0.675226 0.526453 0.649995 0.510214 0.645491 0.508 0.670722
0 0.333432 0.827821 0.331996 0.790648 0.301203 0.794407 0.302639 0.83158
0 0.581583 0.799501 0.586106 0.77793 0.576411 0.771506 0.571889 0.793077
0 0.0088036 0.573249 0.0116811 0.551547 -0.000986784 0.546239 -0.00386424 0.56794
0 0.675394 0.878343 0.682729 0.850168 0.670655 0.840232 0.663319 0.868407
0 0.424619 0.942241 0.43721 0.913544 0.424779 0.896308 0.412189 0.925005
0 0.69579 0.665022 0.707143 0.638658 0.697241 0.625181 0.685888 0.651546
0 0.548592 0.832677 0.553524 0.80409 0.541688 0.797636 0.536756 0.826224
0 0.320523 0.739612 0.323988 0.713273 0.309739 0.707349 0.306274 0.733687
0 0.421982 0.921496 0.432669 0.88863 0.419853 0.875461 0.409167 0.908327
0 0.228974 0.814602 0.233154 0.782022 0.220098 0.776728 0.215918 0.809309
0 0.886612 0.794709 0.890778 0.76444 0.874842 0.757509 0.870676 0.787778
0 0.144407 0.880943 0.154626 0.85318 0.144803 0.841752 0.134584 0.869515
0 0.492579 0.913874 0.495421 0.88154 0.477534 0.87657 0.474691 0.908903
0 0.228163 0.86826 0.232924 0.842046 0.217741 0.833332 0.212981 0.859545
0 0.654848 0.755262 0.658346 0.724025 0.644155 0.719002 0.640657 0.750239
0 0.307173 0.776192 0.312888 0.74902 0.299038 0.739814 0.293323 0.766986
0 0.125885 0.876444 0.131194 0.854254 0.114802 0.84186 0.109493 0.86405
0 0.368079 0.840229 0.374535 0.816243 0.364813 0.807973 0.358357 0.831959
0 0.145133 0.314339 0.141916 0.271945 0.123204 0.276433 0.12642 0.318826
0 0.5603 0.746358 0.567977 0.721253 0.555845 0.709528 0.548168 0.734634
0 0.0469572 0.88942 0.0493445 0.868577 0.0346013 0.86324 0.0322139 0.884084
0 0.497002 0.73904 0.498812 0.71565 0.482556 0.711672 0.480745 0.735063
0 0.485493 0.820114 0.486345 0.789697 0.471108 0.788349 0.470256 0.818766
0 0.409953 0.91665 0.418413 0.877801 0.40077 0.865657 0.39231 0.904506
0 0.19536 0.846657 0.198299 0.824223 0.182384 0.817633 0.179445 0.840067
0 0.289836 0.86038 0.292789 0.824651 0.269882 0.818668 0.266929 0.854396
0 0.0380026 0.843934 0.0557236 0.81692 0.0473844 0.799631 0.0296634 0.826644
0 1.00219 0.582464 1.0027 0.551597 0.9875 0.5508 0.986988 0.581667
0 0.336427 0.755092 0.343507 0.732113 0.332624 0.721515 0.325544 0.744495
0 0.363495 0.858036 0.366002 0.831388 0.351488 0.827071 0.348981 0.85372
0 0.147864 0.655498 0.148854 0.633497 0.1353 0.63157 0.134311 0.653571
0 0.267585 0.658753 0.27983 0.64161 0.272647 0.625394 0.260402 0.642536
0 0.343025 0.777923 0.349187 0.755353 0.338533 0.746162 0.332372 0.768733
0 0.686548 0.860966 0.689601 0.842629 0.678627 0.836855 0.675575 0.855191
0 0.499793 0.887964 0.507103 0.863776 0.494484 0.851722 0.487173 0.87591
0 0.0311878 0.998708 0.0510275 0.982756 0.0452159 0.959912 0.0253762 0.975864
0 0.399395 0.867741 0.406181 0.840526 0.390412 0.828099 0.383626 0.855314
0 0.14014 0.866333 0.146053 0.837876 0.133082 0.829358 0.127169 0.857815
0 0.108207 0.639648 0.112375 0.617493 0.102625 0.611697 0.0984575 0.633852
0 0.247697 0.863557 0.253009 0.845321 0.237163 0.830734 0.231852 0.84897
0 0.151468 0.632924 0.155071 0.612998 0.141177 0.605057 0.137574 0.624983
0 0.547812 0.87182 0.557794 0.835995 0.542261 0.822316 0.532279 0.858141
0 0.643446 0.793076 0.655598 0.772476 0.647965 0.758243 0.635812 0.778843
0 0.0832228 0.924768 0.083562 0.891762 0.0622488 0.89107 0.0619096 0.924076
0 0.386114 0.759941 0.38934 0.736429 0.379145 0.732008 0.375919 0.755521
0 0.182254 0.11349 0.206359 0.0819296 0.167678 -0.0114395 0.143574 0.0201207
0 0.894157 0.804117 0.902875 0.776847 0.893076 0.766946 0.884358 0.794217
0 0.141853 0.997552 0.153048 0.969516 0.144072 0.958189 0.132877 0.986225
0 0.408121 0.954659 0.419577 0.921447 0.407917 0.908736 0.396461 0.941947
0 0.670587 0.751273 0.679422 0.720653 0.668225 0.710441 0.659389 0.74106
0 0.124471 0.817491 0.127326 0.79628 0.11553 0.791262 0.112675 0.812473
0 0.517266 0.742515 0.517713 0.720035 0.504569 0.719211 0.504123 0.74169
0 0.514407 0.792598 0.515181 0.76185 0.501901 0.760793 0.501127 0.791542
0 0.66773 0.701199 0.674231 0.680466 0.664218 0.670543 0.657716 0.691276
0 0.21084 0.0387097 0.223698 0.0113647 0.20364 -0.0184418 0.190783 0.00890319
0 0.0691974 0.843333 0.0770689 0.823603 0.0686529 0.812991 0.0607814 0.83272
0 0.666865 0.817553 0.66725 0.776412 0.65145 0.775945 0.651064 0.817085
0 0.471101 0.896793 0.475582 0.866444 0.461981 0.860097 0.457499 0.890445
0 0.0898099 0.785012 0.0939699 0.760122 0.0808166 0.753174 0.0766566 0.778064
0 0.214754 0.875131 0.217979 0.851655 0.205459 0.84622 0.202234 0.869697
0 0.665312 0.871805 0.667382 0.848433 0.653025 0.844414 0.650955 0.867786
0 0.348444 0.792562 0.352939 0.771646 0.341682 0.764 0.337187 0.784917
0 0.480401 1.00981 0.495263 0.982145 0.482939 0.961219 0.468077 0.988882
0 0.268763 0.799473 0.272354 0.771599 0.257818 0.765681 0.254228 0.793555
0 0.645097 0.691605 0.649889 0.663061 0.63696 0.656202 0.632168 0.684746
0 0.248862 0.718424 0.252145 0.694365 0.236821 0.687756 0.233538 0.711814
0 0.606697 0.658018 0.608229 0.632554 0.595037 0.630046 0.593505 0.655509
0 0.0987915 0.102641 0.124367 0.00930872 0.0960408 -0.015223 0.0704655 0.0781092
0 0.387284 0.86142 0.392042 0.837914 0.379598 0.829953 0.37484 0.853459
0 0.0312997 0.882828 0.0339001 0.856531 0.0202766 0.852273 0.0176762 0.87857
0 0.657181 0.689897 0.66091 0.666123 0.650496 0.66096 0.646767 0.684734
0 0.0753622 0.743064 0.0778895 0.721412 0.0632542 0.716013 0.0607268 0.737665
0 0.0635976 0.88559 0.0663422 0.863743 0.0530415 0.858462 0.0502969 0.880309
0 0.487469 0.878888 0.492139 0.853758 0.478228 0.845588 0.473558 0.870718
0 0.395451 0.927439 0.397563 0.892875 0.376432 0.888795 0.37432 0.923359
0 0.607103 0.692931 0.621724 0.667002 0.612105 0.649859 0.597484 0.675788
0 0.171456 0.893177 0.174926 0.870984 0.161888 0.864541 0.158418 0.886733
0 0.130455 0.782017 0.130715 0.755841 0.111364 0.755234 0.111104 0.781411
0 0.3776 0.715286 0.378869 0.6939 0.3652 0.691336 0.363931 0.712723
0 0.375374 0.872126 0.379477 0.843255 0.365627 0.837033 0.361523 0.865904
0 0.182235 0.7715 0.183981 0.752269 0.171977 0.748825 0.170231 0.768056
0 0.898347 0.753361 0.904947 0.727629 0.89491 0.719493 0.888311 0.745226
0 0.570062 0.774068 0.573392 0.750876 0.562523 0.745945 0.559193 0.769137
0 0.444421 0.921873 0.446862 0.899113 0.435081 0.895119 0.43264 0.917879
0 0.0571881 0.639515 0.0607658 0.618509 0.051066 0.613288 0.0474883 0.634294
0 0.413469 0.783041 0.415637 0.759057 0.40252 0.75531 0.400352 0.779294
0 0.277618 0.766631 0.279481 0.745593 0.26823 0.742443 0.266367 0.763482
0 0.530892 0.835747 0.533336 0.808061 0.520815 0.804567 0.518371 0.832254
0 0.451423 0.793645 0.464162 0.76311 0.453273 0.748753 0.440535 0.779288
0 0.540339 1.00452 0.54203 0.972242 0.523858 0.969234 0.522167 1.00151
0 0.374468 0.680446 0.375591 0.66222 0.365464 0.660248 0.364341 0.678473
0 0.28048 0.742448 0.280658 0.718457 0.267828 0.718156 0.26765 0.742148
0 0.138095 0.897373 0.138732 0.869242 0.119241 0.867849 0.118605 0.89598
0 0.556731 0.783055 0.560294 0.765363 0.549846 0.758714 0.546283 0.776405
0 0.124048 0.658914 0.127998 0.634603 0.116481 0.628688 0.112531 0.652999
0 0.358638 0.737713 0.359969 0.716653 0.347253 0.714111 0.345921 0.735172
0 0.173719 0.881859 0.184209 0.847163 0.170694 0.834249 0.160204 0.868945
0 0.460547 1.00974 0.466032 0.978648 0.446366 0.967685 0.440882 0.998779
0 0.680717 0.840147 0.695402 0.818629 0.687069 0.800656 0.672384 0.822173
0 0.617736 0.996551 0.623765 0.95901 0.610886 0.952473 0.604857 0.990014
0 0.886538 0.590941 0.897187 0.566479 0.878251 0.540427 0.867603 0.56489
0 0.587757 0.733758 0.590663 0.706182 0.578256 0.702051 0.575351 0.729627
0 0.626041 0.78988 0.630895 0.766479 0.61757 0.757745 0.612716 0.781146
0 0.330298 0.725585 0.331158 0.692076 0.315513 0.690806 0.314652 0.724315
0 0.614446 0.872289 0.61791 0.831661 0.602937 0.827627 0.599473 0.868255
0 0.60474 0.794108 0.607279 0.761802 0.590279 0.757578 0.587739 0.789885
0 0.261338 0.939301 0.266119 0.882216 0.231519 0.873058 0.226738 0.930143
0 0.22447 0.907336 0.23463 0.871912 0.218372 0.857176 0.208213 0.892601
0 0.749238 0.786793 0.752843 0.766211 0.742846 0.760675 0.73924 0.781257
0 0.333061 0.733082 0.334865 0.708479 0.32133 0.705342 0.319526 0.729945
0 0.0298975 0.90849 0.0373263 0.881201 0.0277093 0.872927 0.0202805 0.900215
0 0.961548 0.669974 0.971287 0.657212 0.962344 0.635643 0.952605 0.648405
0 0.611809 0.632121 0.612077 0.611531 0.596159 0.610877 0.595891 0.631467
0 0.98032 0.565245 0.981855 0.524909 0.962838 0.522622 0.961303 0.562958
0 0.596036 0.672402 0.598175 0.652433 0.584866 0.647927 0.582726 0.667895
0 0.635892 0.827865 0.637452 0.801859 0.620402 0.798628 0.618842 0.824633
0 0.954536 0.572394 0.968235 0.534856 0.943064 0.505826 0.929366 0.543364
0 0.171357 0.809838 0.177491 0.790883 0.168503 0.78169 0.162369 0.800645
0 0.570024 0.667794 0.571499 0.646782 0.558984 0.644006 0.557509 0.665018
0 0.191813 0.984665 0.194052 0.954033 0.175703 0.949795 0.173465 0.980427
0 0.715989 0.667443 0.723179 0.6513 0.715213 0.640086 0.708023 0.65623
0 0.114905 0.845315 0.116115 0.817944 0.100848 0.815812 0.0996384 0.843183
0 0.493512 0.803678 0.494974 0.781775 0.483111 0.779272 0.481648 0.801174
0 0.0588093 0.789531 0.0743529 0.759672 0.0620881 0.739493 0.0465445 0.769352
0 0.718673 0.813958 0.728717 0.796143 0.712182 0.766676 0.702137 0.784491
0 0.615501 0.896181 0.619379 0.87106 0.604937 0.864013 0.601059 0.889134
0 1.00494 0.52191 1.00391 0.472716 0.985198 0.473956 0.986229 0.52315
0 0.474738 0.891329 0.478244 0.862572 0.464973 0.857458 0.461467 0.886215
0 0.0239224 0.96275 0.0268346 0.938105 0.0150654 0.93371 0.0121531 0.958355
0 0.0721008 0.898523 0.0746714 0.873414 0.0619136 0.869286 0.059343 0.894396
0 0.171134 0.657968 0.173247 0.638621 0.163869 0.635384 0.161756 0.65473
0 0.364906 0.712082 0.364885 0.69377 0.353772 0.69381 0.353793 0.712121
0 0.601109 0.737239 0.606475 0.711218 0.591482 0.701445 0.586115 0.727467
0 0.139924 0.770951 0.142125 0.75206 0.13029 0.747703 0.128089 0.766593
0 0.681446 0.718966 0.689285 0.698277 0.677232 0.683844 0.669393 0.704532
0 0.37138 0.785431 0.374232 0.759521 0.35794 0.753855 0.355089 0.779765
0 0.520639 0.76397 0.52275 0.743485 0.512284 0.740076 0.510173 0.760562
0 0.628871 0.886278 0.633157 0.856474 0.616429 0.848871 0.612143 0.878675
0 0.687654 0.848983 0.696579 0.829448 0.687227 0.815944 0.678302 0.83548
0 0.659781 0.722008 0.664602 0.697862 0.654541 0.691513 0.64972 0.71566
0 0.387938 0.721425 0.390571 0.703573 0.380497 0.698877 0.377864 0.71673
0 0.536596 0.697233 0.541083 0.676242 0.53049 0.669085 0.526002 0.690076
0 0.452271 0.885866 0.456504 0.854312 0.4416 0.847993 0.437367 0.879548
0 0.323567 0.863414 0.324243 0.84281 0.309446 0.841276 0.30877 0.86188
0 0.503838 1.00913 0.51358 0.972024 0.495365 0.956911 0.485623 0.99402
0 0.120253 0.615407 0.1283 0.593073 0.119471 0.583019 0.111424 0.605353
0 0.591819 0.935432 0.594222 0.909933 0.577253 0.904881 0.57485 0.930379
0 0.214006 0.821817 0.225114 0.774571 0.209158 0.762716 0.198051 0.809962
0 0.320697 0.785548 0.326954 0.751067 0.312116 0.742558 0.30586 0.777039
0 0.346162 0.747496 0.352636 0.725035 0.342436 0.715743 0.335962 0.738204
0 0.407747 1.00159 0.413391 0.96855 0.398856 0.960703 0.393212 0.993743
0 0.619833 0.982492 0.62495 0.950552 0.611549 0.943766 0.606431 0.975706
0 0.712324 0.655059 0.717029 0.633398 0.707284 0.626708 0.702579 0.648368
0 0.259256 0.431719 0.316425 0.39055 0.282542 0.241847 0.225374 0.283016
0 0.12062 0.632633 0.125248 0.616358 0.117381 0.609289 0.112753 0.625564
0 0.575291 0.746479 0.578229 0.723045 0.567539 0.71881 0.564602 0.742244
0 0.144101 0.123217 0.164065 0.111586 0.141635 -0.0100932 0.121671 0.00153733
0 0.591425 0.877615 0.600261 0.843567 0.578153 0.825432 0.569317 0.859481
0 0.695553 0.703442 0.703165 0.677392 0.690986 0.666145 0.683374 0.692195
0 0.0295256 0.833424 0.0394887 0.814341 0.0311911 0.800649 0.0212281 0.819733
0 0.532603 0.731313 0.534141 0.712385 0.522776 0.709467 0.521238 0.728395
0 0.745968 0.813672 0.74808 0.789533 0.732976 0.785357 0.730864 0.809495
