0 0.997398 0.98411 1.01355 0.865255 0.809832 0.777785 0.793685 0.896639
0 0.704708 0.806411 0.714577 0.651262 0.616292 0.631503 0.606423 0.786652
0 0.566554 1.00503 0.5931 0.954456 0.553095 0.888087 0.52655 0.938657
0 0.630493 0.626091 0.643725 0.591459 0.631724 0.576966 0.618491 0.611599
0 0.969542 0.761957 1.0015 0.605024 0.864147 0.516634 0.832192 0.673567
0 0.55182 0.537611 0.568825 0.508326 0.559706 0.491591 0.542701 0.520876
0 0.680774 0.591056 0.683286 0.539329 0.655505 0.535066 0.652993 0.586792
0 0.773801 1.01629 0.827516 0.93163 0.76439 0.805038 0.710675 0.889693
0 0.668757 0.551453 0.672159 0.497208 0.641428 0.491116 0.638025 0.545361
0 0.00993655 1.00318 0.0205647 0.967423 0.00392449 0.95179 -0.00670367 0.987545
0 0.449056 0.88247 0.458695 0.832642 0.420029 0.809003 0.410391 0.858831
0 0.760949 0.529371 0.768189 0.506352 0.75288 0.491135 0.74564 0.514154
0 0.753004 0.71603 0.769426 0.700663 0.750909 0.638124 0.734488 0.653491
0 0.663395 0.480445 0.667486 0.451763 0.652313 0.444923 0.648222 0.473605
0 0.028121 0.996023 0.0360434 0.957054 0.0191609 0.946207 0.0112386 0.985176
0 0.557992 0.478588 0.562119 0.447594 0.547949 0.441632 0.543822 0.472625
0 0.622363 0.552173 0.625608 0.525887 0.611513 0.520386 0.608267 0.546673
0 0.536884 0.531392 0.554369 0.500668 0.544347 0.482643 0.526862 0.513366
0 0.719786 0.684801 0.722684 0.654475 0.70773 0.649958 0.704832 0.680285
0 0.750078 0.624556 0.760347 0.606819 0.745377 0.579425 0.735107 0.597161
0 0.670545 0.513197 0.679561 0.49261 0.660813 0.46666 0.651797 0.487248
0 0.8315 0.795859 0.85556 0.764404 0.827847 0.697407 0.803787 0.728863
0 0.727439 0.766439 0.739494 0.742317 0.720072 0.71164 0.708017 0.735762
0 0.0256918 0.848831 0.0291999 0.810605 0.00630656 0.803965 0.00279846 0.84219
0 0.828724 0.715989 0.835222 0.646551 0.770953 0.627544 0.764455 0.696981
0 0.051068 0.858155 0.0465561 0.82703 0.0144253 0.84175 0.0189372 0.872876
0 0.508326 0.682816 0.51094 0.660896 0.498692 0.656279 0.496078 0.678199
0 0.562819 0.552922 0.567895 0.527116 0.555666 0.519514 0.550591 0.545321
0 0.489246 0.600482 0.492097 0.569434 0.478287 0.565426 0.475436 0.596474
0 0.71354 0.720936 0.724581 0.70067 0.707584 0.671405 0.696543 0.691672
0 0.59849 0.679199 0.598503 0.64438 0.576043 0.644354 0.57603 0.679173
0 0.509006 0.629797 0.514865 0.600856 0.503257 0.593429 0.497398 0.62237
0 0.43703 0.803456 0.447116 0.76668 0.432415 0.753937 0.422329 0.790713
0 0.513807 0.708187 0.517202 0.689241 0.504142 0.681845 0.500747 0.700791
0 0.522548 0.830822 0.521909 0.805631 0.503977 0.807068 0.504616 0.832259
0 0.52283 0.729776 0.532886 0.703653 0.522066 0.690488 0.512009 0.716612
0 0.764206 0.498361 0.775569 0.477656 0.766495 0.461918 0.755132 0.482622
0 0.509544 0.596965 0.512745 0.572704 0.499045 0.56699 0.495843 0.591251
0 0.560273 0.608496 0.564462 0.580822 0.54475 0.571391 0.540561 0.599066
0 0.768483 0.425605 0.767708 0.384818 0.750289 0.385864 0.751064 0.42665
0 0.675288 0.618385 0.690824 0.592641 0.684059 0.579739 0.668523 0.605484
0 0.572215 0.503386 0.578875 0.489894 0.564286 0.467133 0.557626 0.480624
0 0.701058 0.593867 0.705306 0.570539 0.693278 0.563617 0.68903 0.586944
0 0.477425 0.217084 0.477115 0.167568 0.448355 0.168137 0.448665 0.217653
0 0.652245 0.596863 0.65533 0.574881 0.642167 0.569043 0.639082 0.591025
0 0.57509 0.407384 0.576638 0.382625 0.562432 0.379819 0.560884 0.404578
0 0.615092 0.583412 0.617354 0.561559 0.606112 0.557882 0.60385 0.579734
0 0.753786 0.723316 0.756469 0.703197 0.741556 0.696913 0.738873 0.717033
0 0.650358 0.576279 0.654285 0.554736 0.641939 0.547624 0.638012 0.569166
0 0.636532 0.562863 0.642314 0.540473 0.631255 0.531448 0.625473 0.553838
0 0.742232 0.45609 0.741666 0.412606 0.714072 0.41374 0.714638 0.457224
0 0.525618 0.528507 0.529909 0.503397 0.511226 0.493305 0.506934 0.518415
0 0.458179 0.819171 0.463784 0.794345 0.45345 0.786972 0.447846 0.811798
0 0.764757 0.797116 0.791244 0.75784 0.77506 0.723348 0.748574 0.762624
0 0.732276 0.721168 0.740153 0.693534 0.725873 0.68067 0.717996 0.708304
0 0.697211 0.377301 0.702738 0.352221 0.691095 0.344112 0.685568 0.369192
0 0.689934 0.450366 0.699508 0.438546 0.686734 0.405844 0.67716 0.417665
0 0.102081 0.331861 0.121752 0.316814 0.110722 0.271244 0.0910513 0.286292
0 0.715409 0.644873 0.722575 0.624228 0.704249 0.604122 0.697082 0.624767
0 0.77957 0.741889 0.787485 0.719814 0.765124 0.694476 0.757209 0.716551
0 0.518077 0.667328 0.522003 0.646841 0.508548 0.638694 0.504623 0.659182
0 0.495691 0.898713 0.496186 0.872725 0.481304 0.871828 0.480808 0.897817
0 0.434224 0.653998 0.442838 0.630968 0.434072 0.620605 0.425458 0.643635
0 0.481176 0.677283 0.484352 0.65218 0.473514 0.647848 0.470339 0.67295
0 0.687842 0.593025 0.6938 0.567223 0.683577 0.559763 0.677619 0.585564
0 0.00695574 0.955769 0.0326677 0.929524 0.0243031 0.903625 -0.00140885 0.92987
0 0.870665 0.778692 0.880021 0.750214 0.853824 0.723016 0.844469 0.751493
0 0.49109 0.632675 0.49764 0.621969 0.486496 0.600422 0.479946 0.611129
0 0.568172 0.710346 0.567031 0.685056 0.548041 0.687764 0.549182 0.713053
0 0.520757 0.544359 0.523338 0.525332 0.514141 0.521389 0.51156 0.540416
0 0.568498 0.390037 0.569377 0.361777 0.554018 0.360267 0.553139 0.388527
0 0.834296 0.675498 0.852922 0.644374 0.822947 0.587679 0.804321 0.618803
0 0.973664 0.869709 1.00697 0.742948 0.900103 0.654219 0.866801 0.78098
0 0.546127 0.555747 0.554915 0.531206 0.544267 0.519154 0.535478 0.543695
0 0.706384 0.611499 0.713812 0.592002 0.700113 0.575508 0.692685 0.595005
0 0.511347 0.563276 0.513989 0.536347 0.501123 0.532358 0.498482 0.559287
0 0.484305 0.741312 0.48631 0.716264 0.474236 0.713209 0.47223 0.738257
0 0.748195 0.525384 0.752703 0.496752 0.738544 0.489705 0.734035 0.518337
0 0.420016 0.619281 0.424896 0.597204 0.414384 0.589858 0.409503 0.611935
0 0.660764 0.614374 0.663802 0.592894 0.651726 0.587496 0.648688 0.608976
0 0.627529 0.460949 0.633897 0.445742 0.619773 0.427048 0.613405 0.442255
0 1.00731 0.759001 1.00758 0.68498 0.979849 0.684656 0.979575 0.758677
0 0.567841 0.665835 0.573147 0.646386 0.562835 0.637495 0.557529 0.656944
0 0.736833 0.588107 0.738722 0.567989 0.726621 0.564399 0.724733 0.584517
0 0.416061 0.688325 0.429684 0.66322 0.421252 0.648758 0.407629 0.673862
0 0.520467 0.569159 0.522992 0.547787 0.514449 0.544597 0.511924 0.565969
0 0.718786 0.312189 0.731876 0.288078 0.715827 0.260539 0.702736 0.28465
0 0.724074 0.791511 0.725674 0.750815 0.707201 0.748519 0.705601 0.789216
0 0.739066 0.693617 0.747496 0.665022 0.733553 0.652031 0.725123 0.680626
0 0.675699 0.532306 0.679382 0.507304 0.666603 0.501355 0.662921 0.526358
0 0.574833 0.453911 0.577733 0.434492 0.566817 0.429341 0.563918 0.44876
0 0.531524 0.500626 0.540381 0.472824 0.527699 0.460054 0.518842 0.487856
0 0.568484 0.755604 0.573762 0.739691 0.560945 0.726256 0.555667 0.742169
0 0.52421 0.501255 0.533797 0.469496 0.520308 0.456627 0.510721 0.488386
0 0.619285 0.609105 0.62991 0.579152 0.617474 0.565211 0.606849 0.595164
0 0.766807 0.226399 0.77022 0.206214 0.757339 0.19933 0.753926 0.219515
0 0.726429 0.695884 0.730187 0.671939 0.716937 0.665367 0.713179 0.689311
0 0.574553 0.562799 0.577855 0.540187 0.565756 0.534602 0.562454 0.557214
0 0.779031 0.392319 0.783822 0.375123 0.76852 0.361648 0.763728 0.378844
0 0.709163 0.681136 0.711164 0.649033 0.696727 0.646189 0.694726 0.678293
0 0.489865 0.70029 0.494882 0.672704 0.482071 0.665341 0.477055 0.692927
0 0.436756 0.628487 0.448439 0.60607 0.441213 0.594169 0.42953 0.616585
0 0.948096 0.217678 0.944755 0.164005 0.928774 0.16715 0.932115 0.220822
0 0.575144 0.427098 0.576485 0.408871 0.564438 0.406071 0.563098 0.424298
0 0.499596 0.700714 0.502397 0.679975 0.492778 0.675869 0.489977 0.696608
0 0.750589 0.243362 0.757539 0.221011 0.744482 0.208179 0.737532 0.230531
0 0.693563 0.536686 0.69776 0.523944 0.687096 0.512844 0.6829 0.525586
0 0.762354 0.441408 0.761859 0.394757 0.742136 0.395418 0.742631 0.442069
0 0.586591 0.416778 0.588609 0.397111 0.576182 0.393082 0.574165 0.412749
0 0.320381 0.755791 0.321917 0.720373 0.30075 0.717471 0.299214 0.752889
0 0.495509 0.670486 0.505679 0.644808 0.495895 0.632562 0.485725 0.65824
0 0.500508 0.596377 0.50281 0.574028 0.491537 0.570359 0.489235 0.592708
0 0.570919 0.895095 0.581243 0.856906 0.568174 0.845741 0.557851 0.88393
0 0.735858 0.647961 0.750438 0.618732 0.737797 0.598802 0.723216 0.628031
0 0.487074 0.656118 0.4917 0.629584 0.480689 0.623517 0.476063 0.650051
0 0.743538 0.758999 0.748522 0.738845 0.73505 0.728317 0.730067 0.748471
0 0.810637 0.290122 0.814312 0.262576 0.800408 0.256713 0.796732 0.284258
0 0.317986 0.796319 0.323174 0.753554 0.288299 0.740181 0.28311 0.782946
0 0.398933 0.72468 0.40886 0.683302 0.395607 0.673253 0.38568 0.714632
0 0.815299 0.386962 0.814755 0.346128 0.791727 0.347097 0.792271 0.387931
0 0.748094 0.541283 0.750514 0.521708 0.740196 0.517675 0.737775 0.53725
0 0.544555 0.580287 0.547445 0.561316 0.537482 0.556519 0.534592 0.57549
0 0.759655 0.317247 0.777744 0.300203 0.772978 0.284219 0.75489 0.301263
0 0.496069 0.549666 0.501989 0.525922 0.492706 0.518606 0.486785 0.54235
0 0.557338 0.500017 0.561107 0.483493 0.551538 0.476594 0.547768 0.493118
0 0.530754 0.63632 0.536803 0.617842 0.528995 0.609763 0.522945 0.62824
0 0.271622 0.75687 0.27151 0.733007 0.255532 0.733244 0.255644 0.757107
0 0.751154 0.282068 0.753324 0.260889 0.741199 0.256963 0.739029 0.278142
0 0.475449 0.850433 0.478718 0.826145 0.467339 0.821304 0.46407 0.845591
0 0.721594 0.569026 0.724859 0.545895 0.713407 0.540786 0.710142 0.563917
0 0.445522 0.823205 0.451619 0.793357 0.436208 0.783408 0.430111 0.813256
0 0.558313 0.777405 0.565925 0.748356 0.544151 0.730321 0.536538 0.75937
0 0.520658 0.692134 0.524051 0.668664 0.510761 0.662592 0.507368 0.686062
0 0.597194 0.371402 0.599991 0.351864 0.589462 0.347101 0.586665 0.366638
0 0.353319 0.955579 0.370477 0.921276 0.359309 0.903623 0.342152 0.937925
0 0.608672 0.553479 0.611626 0.523061 0.598126 0.518918 0.595172 0.549335
0 0.520142 0.611971 0.522845 0.592595 0.513632 0.588533 0.510928 0.607908
0 0.495597 0.82349 0.499784 0.797446 0.487157 0.79103 0.48297 0.817075
0 0.669251 0.376656 0.671299 0.352512 0.658174 0.348993 0.656126 0.373136
0 0.720851 0.590438 0.72291 0.570947 0.710224 0.566711 0.708165 0.586203
0 0.63479 0.477886 0.638475 0.464129 0.62746 0.454803 0.623774 0.46856
0 0.502251 0.803661 0.504868 0.755105 0.479918 0.750855 0.477301 0.799411
0 0.634015 0.540669 0.636221 0.519359 0.623576 0.51522 0.62137 0.53653
0 0.481191 0.63814 0.483467 0.615319 0.473027 0.612028 0.470751 0.634849
0 0.481477 0.739928 0.48293 0.717428 0.470161 0.714822 0.468708 0.737321
0 0.638838 0.581544 0.643659 0.564618 0.633527 0.555497 0.628706 0.572423
0 0.810135 0.79572 0.810882 0.754843 0.789148 0.753588 0.7884 0.794464
0 0.773141 0.715199 0.782667 0.700832 0.768564 0.671278 0.759038 0.685645
0 0.670153 0.8337 0.676984 0.812467 0.662259 0.797493 0.655427 0.818727
0 0.569712 0.621482 0.569291 0.601386 0.549839 0.602675 0.55026 0.62277
0 0.860215 0.550839 0.862358 0.527687 0.835318 0.51978 0.833176 0.542931
0 0.491114 0.572106 0.494154 0.552384 0.483825 0.547351 0.480785 0.567073
0 0.579691 0.52962 0.588795 0.514171 0.576484 0.491241 0.567379 0.50669
0 0.564458 0.443373 0.568519 0.427808 0.558316 0.419395 0.554255 0.43496
0 0.608881 0.365185 0.612489 0.343578 0.603986 0.339092 0.600379 0.360698
0 0.810552 0.438171 0.813841 0.420386 0.801221 0.413009 0.797932 0.430794
0 0.436409 0.719476 0.447256 0.708468 0.436546 0.675118 0.4257 0.686126
0 0.543814 0.568882 0.548553 0.548112 0.540193 0.542084 0.535455 0.562854
0 0.497386 0.61711 0.502216 0.599389 0.492282 0.590832 0.487452 0.608554
0 0.441952 0.625502 0.451968 0.599822 0.442896 0.588639 0.43288 0.61432
0 0.195031 0.306648 0.226162 0.269353 0.191521 0.177964 0.16039 0.215259
0 0.57078 0.602413 0.582808 0.586475 0.567431 0.5498 0.555403 0.565739
0 0.493918 0.637315 0.50088 0.62669 0.490327 0.604836 0.483365 0.615461
0 0.744484 0.768665 0.746266 0.746931 0.734298 0.74383 0.732516 0.765563
0 0.614798 0.489415 0.620253 0.458273 0.607297 0.451101 0.601842 0.482243
0 0.512755 0.500598 0.51595 0.466077 0.502554 0.462158 0.499358 0.49668
0 0.732018 0.483865 0.743935 0.460239 0.733828 0.444127 0.721911 0.467753
0 0.0141959 0.931921 0.0454209 0.893984 0.0322431 0.859704 0.00101804 0.897642
0 0.678688 0.415657 0.688573 0.406371 0.679143 0.374644 0.669258 0.383929
0 0.530888 0.732139 0.532501 0.71187 0.520826 0.708934 0.519214 0.729203
0 0.534606 0.499758 0.543311 0.475662 0.534445 0.465538 0.52574 0.489634
0 0.465122 0.682575 0.470214 0.654827 0.46111 0.649546 0.456017 0.677294
0 0.546544 0.720142 0.548485 0.700114 0.53819 0.696961 0.536249 0.716989
0 0.484386 0.616346 0.486408 0.597488 0.475961 0.593947 0.473939 0.612805
0 0.720439 0.661012 0.726288 0.643013 0.712094 0.628437 0.706246 0.646436
0 0.578393 0.734486 0.580541 0.714663 0.568931 0.710686 0.566782 0.73051
0 0.73616 0.322046 0.748046 0.302417 0.740543 0.288059 0.728657 0.307687
0 0.802351 0.420257 0.804846 0.400705 0.788612 0.394155 0.786116 0.413708
0 0.559366 0.661771 0.56518 0.630161 0.551503 0.62221 0.545688 0.653819
0 0.78176 0.171799 0.786225 0.151604 0.773806 0.142925 0.76934 0.16312
0 0.650049 0.501442 0.651426 0.482638 0.639377 0.479849 0.638 0.498653
0 0.454003 0.636728 0.459802 0.613482 0.451776 0.607154 0.445977 0.6304
0 0.734667 0.382316 0.736313 0.361817 0.72244 0.358296 0.720794 0.378796
0 0.606743 0.61823 0.612485 0.577593 0.585363 0.565481 0.579621 0.606117
0 0.559949 0.907933 0.566019 0.885729 0.548266 0.870389 0.542196 0.892593
0 0.549546 0.637779 0.553548 0.615546 0.542825 0.609445 0.538823 0.631679
0 0.763146 0.744451 0.766915 0.72374 0.755081 0.716934 0.751312 0.737645
0 0.466463 0.577541 0.47062 0.55917 0.462229 0.553169 0.458072 0.57154
0 0.528122 0.668109 0.543559 0.640088 0.534687 0.624639 0.51925 0.65266
0 0.0206566 0.853787 0.0231538 0.81225 -0.000301836 0.807794 -0.00279899 0.84933
0 0.0697213 1.0125 0.104113 0.834732 0.060759 0.808224 0.0263675 0.985989
0 0.542977 0.513898 0.554266 0.482297 0.544413 0.471173 0.533123 0.502774
0 0.761327 0.365551 0.764451 0.345179 0.751346 0.33883 0.748223 0.359202
0 0.702571 0.512079 0.708846 0.472582 0.676401 0.45629 0.670126 0.495787
0 0.599664 0.436539 0.606484 0.408944 0.595935 0.400704 0.589115 0.428299
0 0.482623 0.834811 0.486082 0.81179 0.475899 0.806954 0.47244 0.829975
0 0.79087 0.285653 0.791935 0.25127 0.767096 0.248839 0.766031 0.283223
0 0.690593 0.553779 0.691962 0.53303 0.67501 0.529494 0.67364 0.550243
0 0.562865 0.719059 0.562519 0.694237 0.546146 0.694958 0.546492 0.71978
0 0.870166 0.227414 0.871672 0.196905 0.849138 0.193391 0.847632 0.2239
