0 0.454376 0.746161 0.450543 0.716192 0.426866 0.725765 0.430699 0.755733
0 0.527072 0.820798 0.526562 0.786805 0.505657 0.787796 0.506167 0.82179
0 0.547106 0.792005 0.555697 0.76196 0.53659 0.744694 0.527999 0.774739
0 0.474297 0.773751 0.476573 0.74554 0.459702 0.741239 0.457426 0.769451
0 0.997932 0.985845 1.01138 0.871529 0.833116 0.805252 0.819668 0.919568
0 0.457186 0.792415 0.465343 0.768884 0.447488 0.74932 0.43933 0.772851
0 0.587777 0.875663 0.587681 0.842582 0.568924 0.842753 0.56902 0.875835
0 0.42508 0.827653 0.426097 0.796608 0.40763 0.794697 0.406614 0.825742
0 0.428139 0.919122 0.428476 0.876562 0.404579 0.875964 0.404242 0.918525
0 0.650797 0.624775 0.657151 0.594083 0.638704 0.582014 0.632351 0.612706
0 0.695177 0.815258 0.707913 0.753888 0.660504 0.722793 0.647768 0.784163
0 0.556518 0.822664 0.568508 0.808774 0.557066 0.777558 0.545076 0.791448
0 0.548302 0.866047 0.553437 0.847272 0.538134 0.834042 0.532999 0.852817
0 0.545616 0.890653 0.550476 0.863634 0.53261 0.853478 0.52775 0.880496
0 0.792644 0.790512 0.799915 0.763566 0.777578 0.744517 0.770307 0.771463
0 0.596567 0.80784 0.597468 0.777005 0.582788 0.775649 0.581887 0.806484
0 0.589877 0.842229 0.602464 0.813224 0.591364 0.797999 0.578776 0.827004
0 0.054493 1.01142 0.0660648 0.978775 0.0509912 0.961888 0.0394195 0.994533
0 0.847051 0.563929 0.851526 0.540233 0.836191 0.531081 0.831716 0.554777
0 0.464268 0.661323 0.466645 0.639167 0.454635 0.635096 0.452259 0.657252
0 0.735733 0.751557 0.741425 0.727252 0.732102 0.72035 0.72641 0.744655
0 0.762166 0.759479 0.762744 0.740878 0.749984 0.739626 0.749407 0.758228
0 0.0141078 0.96217 0.0278823 0.936887 0.0170817 0.91829 0.0033071 0.943573
0 0.467084 0.853475 0.480136 0.821688 0.455328 0.789495 0.442277 0.821281
0 0.560572 0.860901 0.566501 0.827402 0.552383 0.819505 0.546454 0.853004
0 0.771941 0.769997 0.776976 0.749462 0.767043 0.741765 0.762008 0.762301
0 0.562411 0.755287 0.56854 0.737912 0.558298 0.726493 0.552169 0.743869
0 0.438098 0.588283 0.451687 0.531862 0.427348 0.513336 0.41376 0.569758
0 0.730943 0.790079 0.736594 0.769571 0.724693 0.759207 0.719042 0.779715
0 0.0460093 0.841863 0.0460328 0.817863 0.0314504 0.817818 0.0314268 0.841818
0 0.73312 0.767676 0.736357 0.750217 0.727344 0.744936 0.724107 0.762395
0 0.606004 0.898722 0.617328 0.879641 0.60903 0.864078 0.597706 0.883159
0 0.728572 0.727137 0.739383 0.708691 0.731348 0.693809 0.720537 0.712255
0 0.813027 0.803702 0.820571 0.773389 0.800343 0.757479 0.792799 0.787793
0 0.614713 0.789616 0.618521 0.766186 0.606821 0.760177 0.603014 0.783607
0 0.514758 0.843395 0.517968 0.820874 0.504349 0.814738 0.501139 0.83726
0 0.410247 0.847388 0.415843 0.826981 0.396844 0.810516 0.391248 0.830923
0 0.482742 0.613105 0.484078 0.590858 0.472546 0.588671 0.471211 0.610918
0 0.475832 0.745443 0.476824 0.727825 0.463662 0.725482 0.46267 0.743101
0 0.443749 0.796857 0.448542 0.768467 0.433729 0.760562 0.428935 0.788952
0 0.743932 0.788642 0.746457 0.76548 0.734428 0.761337 0.731903 0.784498
0 0.392331 0.77587 0.404092 0.756812 0.387187 0.723841 0.375426 0.742899
0 0.0271911 0.995585 0.0397214 0.964043 0.0290727 0.950674 0.0165424 0.982216
0 0.0554029 0.927664 0.055845 0.902679 0.0411681 0.901858 0.040726 0.926843
0 0.430294 0.736837 0.445254 0.699444 0.43359 0.684694 0.418629 0.722087
0 0.0329923 1.00862 0.0371174 0.980211 0.0189614 0.97188 0.0148363 1.00029
0 0.0313459 0.981363 0.0439545 0.956293 0.034922 0.941935 0.0223134 0.967005
0 0.588603 0.738068 0.590252 0.713532 0.573381 0.709947 0.571732 0.734484
0 0.00554841 0.844816 0.0224484 0.830822 0.0172046 0.810806 0.000304532 0.8248
0 0.43299 0.695879 0.434248 0.667474 0.420568 0.66556 0.41931 0.693965
0 0.722959 0.771795 0.728082 0.749595 0.716905 0.741444 0.711782 0.763644
0 0.284832 0.472292 0.296635 0.447266 0.274551 0.414349 0.262749 0.439375
0 0.678985 0.832383 0.679577 0.787835 0.647636 0.786496 0.647045 0.831044
0 0.489569 0.840452 0.492962 0.823373 0.478958 0.81458 0.475565 0.831658
0 0.0191735 0.984723 0.0220188 0.958792 0.0076426 0.953806 0.00479735 0.979737
0 0.823089 0.591987 0.827003 0.563634 0.81199 0.557085 0.808076 0.585438
0 0.633169 0.653904 0.634016 0.636984 0.623822 0.635371 0.622975 0.652291
0 0.676976 0.747131 0.679763 0.729664 0.663971 0.7217 0.661184 0.739167
0 0.149294 0.328248 0.151048 0.276722 0.117434 0.273106 0.11568 0.324632
0 0.464402 0.642669 0.477009 0.612664 0.465151 0.596918 0.452544 0.626923
0 0.0769044 0.898721 0.0756702 0.876676 0.059181 0.879594 0.0604153 0.901638
0 0.759552 0.797505 0.764687 0.77712 0.748047 0.763871 0.742911 0.784255
0 0.545069 0.810406 0.5502 0.78996 0.539801 0.781712 0.53467 0.802158
0 0.624843 0.828441 0.626808 0.795069 0.609721 0.791889 0.607755 0.82526
0 0.0863066 1.0019 0.0901801 0.960301 0.0669044 0.953452 0.063031 0.995051
0 0.651083 0.766802 0.653553 0.745868 0.642185 0.741629 0.639715 0.762563
0 0.42284 0.74688 0.423686 0.729722 0.411204 0.727778 0.410358 0.744936
0 0.779777 0.757669 0.791797 0.735988 0.782765 0.720162 0.770745 0.741843
0 0.592428 0.752605 0.596963 0.732605 0.586698 0.725248 0.582163 0.745248
0 0.606663 0.842548 0.610957 0.819987 0.59758 0.811939 0.593285 0.834499
0 0.855151 0.707468 0.859845 0.682535 0.841834 0.671818 0.83714 0.69675
0 0.514276 0.776102 0.517112 0.751337 0.504629 0.746819 0.501793 0.771584
0 0.575946 0.895274 0.579022 0.874764 0.565561 0.868384 0.562485 0.888894
0 0.218791 0.0390415 0.230269 0.00857974 0.20801 -0.017927 0.196533 0.0125348
0 0.761 0.815209 0.761615 0.79269 0.745818 0.791325 0.745203 0.813845
0 0.580536 0.84127 0.58491 0.796032 0.566643 0.79045 0.562269 0.835688
0 0.012543 1.00744 0.0149734 0.981443 0.00151865 0.977467 -0.000911782 1.00346
0 0.551794 0.833956 0.556159 0.807752 0.541712 0.800147 0.537347 0.826351
0 0.0155363 1.00401 0.0179457 0.9727 0.00140707 0.968678 -0.00100239 0.999987
0 0.485328 0.699777 0.48671 0.681591 0.472672 0.678219 0.47129 0.696405
0 0.78587 0.71023 0.798752 0.689805 0.79255 0.67744 0.779667 0.697865
0 0.481029 0.729729 0.48229 0.708164 0.469486 0.705797 0.468225 0.727361
0 0.571325 0.697746 0.573463 0.677769 0.563452 0.674381 0.561313 0.694358
0 0.466558 0.614809 0.469734 0.58742 0.449498 0.580003 0.446322 0.607393
0 0.745525 0.718883 0.752552 0.702447 0.744809 0.691987 0.737783 0.708422
0 0.538896 0.844133 0.543655 0.828678 0.532575 0.817896 0.527816 0.833351
0 0.489576 0.679962 0.491573 0.658776 0.479572 0.655201 0.477575 0.676386
0 0.421399 0.979587 0.420661 0.946668 0.398213 0.948258 0.39895 0.981178
0 0.443204 0.708548 0.451423 0.6858 0.442084 0.675136 0.433865 0.697885
0 0.521352 0.911736 0.528774 0.891438 0.512302 0.872402 0.50488 0.892699
0 0.616775 0.634514 0.617794 0.607895 0.604574 0.606296 0.603555 0.632915
0 0.427908 0.784668 0.430565 0.760006 0.416582 0.755245 0.413926 0.779908
0 0.448003 0.830472 0.452893 0.809956 0.440696 0.800768 0.435806 0.821284
0 0.777457 0.809907 0.778669 0.789085 0.763162 0.786231 0.76195 0.807053
0 0.41354 0.791798 0.42029 0.759861 0.406943 0.750944 0.400192 0.782881
0 0.73941 0.751775 0.745481 0.728893 0.734719 0.71987 0.728648 0.742752
0 0.0135504 0.91332 0.0279446 0.889157 0.0203713 0.874899 0.00597706 0.899061
0 0.0199489 0.929677 0.0325378 0.908462 0.0249997 0.894325 0.0124107 0.91554
0 0.511188 0.71541 0.512761 0.686725 0.498848 0.684315 0.497275 0.713
0 0.499761 0.834864 0.503931 0.818488 0.491501 0.808484 0.487331 0.82486
0 0.628313 0.755518 0.633213 0.7319 0.61887 0.722495 0.61397 0.746113
0 0.60786 0.810376 0.611014 0.787755 0.60062 0.783175 0.597466 0.805795
0 0.0658085 0.894226 0.0657327 0.875924 0.0513585 0.876112 0.0514343 0.894414
0 0.0275281 0.836305 0.0352332 0.815037 0.0262244 0.804722 0.0185192 0.825989
0 0.949553 0.794033 0.953797 0.770176 0.939264 0.762006 0.935021 0.785863
0 0.561508 0.886477 0.572329 0.855047 0.560219 0.841871 0.549398 0.8733
0 0.503907 0.710495 0.505615 0.685866 0.491019 0.682668 0.489311 0.707297
0 0.589602 0.717191 0.591159 0.699626 0.578419 0.696056 0.576861 0.713621
0 0.402145 1.00189 0.408356 0.982763 0.391893 0.965861 0.385681 0.984984
0 0.774462 0.792725 0.779383 0.775005 0.763155 0.760761 0.758234 0.778481
0 0.527423 0.844255 0.531563 0.823682 0.516848 0.814324 0.512708 0.834897
0 0.463492 0.748507 0.464352 0.728364 0.452471 0.726761 0.451611 0.746904
0 0.949076 0.77163 0.95019 0.748797 0.934755 0.746417 0.933641 0.76925
0 0.635622 0.72751 0.63886 0.708793 0.629172 0.703496 0.625934 0.722213
0 0.659684 0.740991 0.663206 0.72625 0.651352 0.717299 0.64783 0.732039
0 0.0177431 0.824458 0.0269267 0.804519 0.0175979 0.790939 0.0084143 0.810879
0 0.637502 0.790368 0.640984 0.77332 0.631127 0.766957 0.627645 0.784006
0 0.0240555 0.972127 0.0321513 0.946885 0.0218745 0.936468 0.0137787 0.96171
0 0.781066 0.701132 0.790823 0.681892 0.78312 0.669546 0.773363 0.688786
0 0.607734 0.752255 0.6114 0.733584 0.59873 0.725722 0.595064 0.744393
0 0.856172 0.754636 0.85992 0.727537 0.848727 0.722643 0.844978 0.749742
0 0.435829 0.810779 0.440369 0.789036 0.419993 0.77559 0.415453 0.797333
0 0.522651 0.880791 0.531185 0.857145 0.512088 0.835362 0.503554 0.859008
0 0.797854 0.807042 0.800776 0.78318 0.783336 0.776431 0.780414 0.800293
0 0.854027 0.733653 0.863389 0.707131 0.852429 0.694904 0.843067 0.721426
0 0.459815 0.724645 0.466273 0.711068 0.453366 0.691664 0.446908 0.70524
0 0.739435 0.706386 0.748268 0.684984 0.739993 0.674191 0.73116 0.695593
0 0.0433286 0.991052 0.0524624 0.965596 0.0439074 0.955895 0.0347736 0.981351
0 0.723653 0.74167 0.726814 0.724234 0.716693 0.718434 0.713531 0.73587
0 0.900497 0.577322 0.905055 0.545071 0.892924 0.539652 0.888366 0.571903
0 0.566378 0.713178 0.569149 0.698948 0.558263 0.69225 0.555492 0.706481
0 0.486186 0.942418 0.49877 0.921935 0.489445 0.903826 0.47686 0.924309
0 0.86211 0.635005 0.865686 0.614242 0.856442 0.609211 0.852867 0.629975
0 0.528193 0.820314 0.527554 0.793294 0.512871 0.794391 0.51351 0.821411
0 0.215433 0.648824 0.209855 0.585865 0.160853 0.599586 0.166431 0.662545
0 0.745495 0.760759 0.747498 0.743333 0.739109 0.740286 0.737106 0.757712
0 0.614556 0.604741 0.615488 0.582029 0.602143 0.580297 0.60121 0.603009
0 0.0739352 0.881675 0.0773023 0.860067 0.0670138 0.855 0.0636467 0.876608
0 0.65352 0.592635 0.655033 0.572229 0.640977 0.568935 0.639464 0.589341
0 0.616667 0.795558 0.620548 0.774001 0.610278 0.768158 0.606397 0.789715
0 0.639031 0.875693 0.642483 0.853311 0.61922 0.84197 0.615768 0.864352
0 0.723296 0.683003 0.731344 0.660096 0.722089 0.64982 0.714041 0.672727
0 0.426522 0.762311 0.428886 0.742483 0.416937 0.737981 0.414574 0.75781
0 0.00177719 0.952539 0.0183734 0.928219 0.0114512 0.91329 -0.00514495 0.93761
0 0.534525 0.806086 0.536073 0.785538 0.525577 0.783039 0.524029 0.803587
0 0.0298609 0.95489 0.0369601 0.93107 0.0281106 0.922735 0.0210115 0.946555
0 0.532942 0.990882 0.540253 0.962611 0.529431 0.953766 0.52212 0.982037
0 0.0275607 0.827193 0.0289527 0.80458 0.0156741 0.801997 0.0142822 0.824609
0 0.610523 0.860651 0.613136 0.841359 0.601113 0.836212 0.5985 0.855504
0 0.574979 0.746291 0.577009 0.729352 0.566737 0.725462 0.564708 0.742401
0 0.944641 0.840066 0.950511 0.82234 0.934739 0.805834 0.92887 0.823561
0 0.410604 0.761269 0.412459 0.742347 0.401473 0.738943 0.399618 0.757865
0 0.772642 0.697309 0.775453 0.676223 0.765025 0.671829 0.762214 0.692915
0 0.381588 0.714629 0.389969 0.686368 0.37894 0.676031 0.370559 0.704292
0 0.513417 0.791477 0.515507 0.76713 0.502863 0.763701 0.500774 0.788048
0 0.645071 0.747978 0.650283 0.721724 0.639929 0.715227 0.634717 0.741481
0 0.0310442 0.921837 0.042238 0.900536 0.0319254 0.883408 0.0207316 0.904709
