0 0.468597 1.00942 0.480604 0.900968 0.415764 0.878279 0.403757 0.986727
0 0.531562 0.600932 0.530288 0.546185 0.500905 0.548346 0.502179 0.603094
0 0.568031 0.992916 0.553148 0.923182 0.506493 0.954653 0.521376 1.02439
0 0.983133 1.08097 1.02142 0.857044 0.798944 0.73684 0.760661 0.960768
0 0.379044 0.957617 0.403218 0.903844 0.384064 0.876628 0.35989 0.9304
0 0.412606 0.954306 0.419187 0.914089 0.395816 0.902003 0.389236 0.942221
0 0.156417 0.795969 0.156946 0.767142 0.140222 0.766171 0.139693 0.794999
0 0.389615 0.900538 0.391774 0.850304 0.364154 0.846552 0.361995 0.896785
0 0.483995 0.917814 0.483489 0.862527 0.448231 0.863547 0.448737 0.918834
0 0.0749798 0.945488 0.0942604 0.911012 0.0791374 0.884282 0.0598569 0.918757
0 0.555635 0.901961 0.559167 0.858259 0.534803 0.852035 0.531271 0.895737
0 0.776181 1.03607 0.826928 0.961802 0.748574 0.792585 0.697826 0.866851
0 0.419652 0.91335 0.42695 0.846596 0.39934 0.837055 0.392042 0.903809
0 0.999704 0.658379 1.00839 0.601939 0.968972 0.582754 0.960281 0.639194
0 0.278903 1.00352 0.292345 0.981785 0.283817 0.965116 0.270375 0.986852
0 0.15091 0.999463 0.200797 0.878553 0.153252 0.816553 0.103364 0.937463
0 0.572077 0.893558 0.574361 0.870836 0.558824 0.865901 0.556541 0.888623
0 0.600867 0.854378 0.603399 0.832731 0.590702 0.828036 0.58817 0.849684
0 0.574466 0.8768 0.580243 0.851691 0.565553 0.841008 0.559775 0.866118
0 0.48441 0.874817 0.491382 0.839198 0.475848 0.829588 0.468876 0.865208
0 0.584506 0.745219 0.586676 0.717633 0.570834 0.713694 0.568664 0.74128
0 0.040122 0.874851 0.0395996 0.838992 0.0170034 0.840033 0.0175257 0.875891
0 0.58699 0.868456 0.593906 0.840101 0.579606 0.829078 0.572691 0.857432
0 0.163072 0.719437 0.163454 0.698037 0.148471 0.697191 0.148088 0.718591
0 0.0576054 0.855934 0.0599852 0.807515 0.0363656 0.803846 0.0339858 0.852265
0 0.174671 0.706897 0.175339 0.684861 0.16027 0.683419 0.159603 0.705455
0 0.678 0.6426 0.672257 0.603567 0.642004 0.617634 0.647747 0.656667
0 0.656373 0.603977 0.662207 0.561399 0.63627 0.550166 0.630436 0.592744
0 0.392476 0.994962 0.40255 0.96512 0.391295 0.953111 0.381221 0.982953
0 0.415878 0.800856 0.415401 0.756961 0.391242 0.757791 0.391719 0.801685
0 0.4999 0.904109 0.511551 0.860978 0.492437 0.844659 0.480785 0.88779
0 0.187521 0.758849 0.191115 0.728015 0.176804 0.722742 0.17321 0.753576
0 0.497644 0.944045 0.497411 0.90454 0.477862 0.904905 0.478096 0.944409
0 0.510014 0.812886 0.516808 0.789941 0.498894 0.773177 0.4921 0.796122
0 1.00917 0.599656 1.00311 0.531752 0.962197 0.543293 0.968259 0.611197
0 0.157655 0.640702 0.158948 0.614512 0.143347 0.612078 0.142054 0.638268
0 0.490482 0.835955 0.500071 0.799227 0.487496 0.78885 0.477906 0.825578
0 0.256126 1.00056 0.252624 0.959206 0.22606 0.966316 0.229562 1.00767
0 0.0181253 0.861029 0.021023 0.818334 -0.00137278 0.81353 -0.00427046 0.856224
0 0.0919179 0.325916 0.0864378 0.278453 0.0645221 0.28645 0.0700023 0.333913
0 0.174034 0.759922 0.176975 0.730442 0.152286 0.722657 0.149345 0.752136
0 0.159128 0.774969 0.162242 0.751441 0.144594 0.744059 0.14148 0.767587
0 0.312508 0.955516 0.321974 0.913521 0.308642 0.904024 0.299176 0.946019
0 0.139391 0.809639 0.143186 0.781094 0.123721 0.772917 0.119927 0.801462
0 0.173235 0.603129 0.164421 0.548496 0.125049 0.568571 0.133864 0.623205
0 0.0757026 0.725711 0.0877406 0.679962 0.0569689 0.654372 0.044931 0.700121
0 0.509247 0.947985 0.516454 0.917838 0.498154 0.904013 0.490948 0.934161
0 0.430932 0.771825 0.433851 0.732805 0.414309 0.728186 0.411391 0.767206
0 0.388253 0.973842 0.404435 0.942051 0.390975 0.920397 0.374793 0.952188
0 0.406592 0.986425 0.424229 0.950245 0.41065 0.929325 0.393013 0.965505
0 0.40288 0.850363 0.399593 0.822602 0.374957 0.831818 0.378244 0.85958
0 0.489704 0.793419 0.492235 0.771655 0.480883 0.767481 0.478351 0.789245
0 0.0317899 0.447078 0.0338656 0.373956 -0.00805154 0.370195 -0.0101272 0.443318
0 0.268016 0.992234 0.285889 0.96969 0.275847 0.944528 0.257974 0.967073
0 0.512673 0.983129 0.525658 0.947524 0.512303 0.93213 0.499317 0.967734
0 0.0892772 0.948203 0.105602 0.927896 0.0965365 0.904862 0.0802115 0.925168
0 0.189685 0.73285 0.204207 0.693681 0.190236 0.67731 0.175714 0.716479
0 0.200159 0.961824 0.216382 0.930489 0.207723 0.91632 0.1915 0.947654
0 0.480075 0.691784 0.490921 0.664954 0.481171 0.652496 0.470325 0.679326
0 0.497974 0.781041 0.500834 0.760049 0.486122 0.753714 0.483262 0.774705
0 0.585846 0.897056 0.59224 0.870679 0.578378 0.860059 0.571985 0.886437
0 0.261241 0.894307 0.271059 0.869907 0.260449 0.856414 0.250631 0.880814
0 0.570734 0.937643 0.573355 0.892269 0.550084 0.88802 0.547463 0.933394
0 0.606022 0.878232 0.610719 0.856572 0.598226 0.848009 0.593529 0.86967
0 0.385426 0.393455 0.386775 0.358187 0.366135 0.355692 0.364786 0.39096
0 0.547155 0.415022 0.549002 0.350594 0.512885 0.34732 0.511038 0.411748
0 0.462267 0.553648 0.46273 0.513579 0.442682 0.512848 0.44222 0.552917
0 0.113869 0.840828 0.130143 0.80312 0.114872 0.782289 0.098597 0.819996
0 0.49756 0.688166 0.503726 0.669739 0.491869 0.657201 0.485703 0.675627
0 0.728756 0.417734 0.744652 0.357473 0.714445 0.332291 0.69855 0.392552
0 0.439412 0.839018 0.456499 0.805106 0.440332 0.779361 0.423245 0.813273
0 0.240898 0.901006 0.252841 0.879513 0.246499 0.868377 0.234557 0.88987
0 0.372357 0.531543 0.380594 0.502915 0.362727 0.486667 0.35449 0.515296
0 0.521225 0.878974 0.522583 0.848099 0.508159 0.846095 0.506801 0.87697
0 0.523642 0.857925 0.528469 0.843883 0.515921 0.830249 0.511093 0.844291
0 0.23681 0.963655 0.239163 0.942622 0.226453 0.93813 0.224101 0.959162
0 0.525155 0.686098 0.526269 0.659354 0.508975 0.657078 0.507861 0.683821
0 0.133873 0.755074 0.141877 0.730132 0.132436 0.720557 0.124432 0.745499
0 0.145209 0.718502 0.147502 0.700212 0.138402 0.696606 0.136109 0.714896
0 0.298209 1.00836 0.301396 0.988648 0.28953 0.982583 0.286343 1.00229
0 0.589675 0.631171 0.590501 0.610685 0.577704 0.609055 0.576878 0.629541
0 0.286454 0.922757 0.286969 0.904511 0.276656 0.903591 0.276141 0.921837
0 0.514416 0.835811 0.518345 0.81872 0.506479 0.810098 0.50255 0.827189
0 0.0233998 0.901093 0.0246109 0.866341 0.00723893 0.864428 0.00602784 0.89918
0 0.623971 0.92895 0.626001 0.895117 0.607924 0.891688 0.605893 0.925521
0 0.544775 0.71908 0.546338 0.691593 0.532052 0.689026 0.530489 0.716512
0 0.575333 0.844414 0.578046 0.82329 0.565241 0.818094 0.562529 0.839218
0 0.413309 0.739732 0.41485 0.718699 0.402265 0.715786 0.400725 0.736819
0 0.0611273 0.892837 0.0618882 0.856842 0.0389638 0.85531 0.0382028 0.891305
0 0.304902 0.994375 0.31376 0.972083 0.305676 0.96193 0.296818 0.984222
0 0.420562 0.846809 0.431863 0.806046 0.415846 0.792012 0.404545 0.832776
0 0.194924 0.945846 0.20754 0.921787 0.198232 0.90636 0.185616 0.930419
0 0.169911 0.638073 0.172887 0.619483 0.163361 0.614662 0.160385 0.633252
0 0.0353465 0.909939 0.0389748 0.884223 0.0222513 0.876766 0.018623 0.902482
0 0.637492 0.6222 0.642681 0.586964 0.619226 0.576046 0.614037 0.611282
0 0.129908 0.845012 0.136146 0.819998 0.124164 0.810554 0.117926 0.835567
0 0.0858589 0.87744 0.0862944 0.827204 0.0534606 0.826304 0.0530251 0.87654
0 0.159851 0.701036 0.159225 0.682394 0.142728 0.684143 0.143354 0.702785
0 0.501481 0.96902 0.506345 0.941685 0.493606 0.934521 0.488742 0.961856
0 0.3871 0.567877 0.389793 0.551105 0.377617 0.544925 0.374923 0.561697
0 0.182767 1.00184 0.190923 0.984117 0.17557 0.96178 0.167413 0.9795
0 0.298463 0.43354 0.310746 0.374147 0.271025 0.348183 0.258741 0.407576
0 0.0681629 0.293909 0.0748767 0.258835 0.0504791 0.244075 0.0437653 0.279148
0 0.596346 0.67245 0.59813 0.636802 0.581354 0.634148 0.57957 0.669797
0 0.273491 1.00566 0.276326 0.986857 0.265467 0.981682 0.262632 1.00048
0 0.0554471 0.932873 0.0715139 0.906615 0.0637538 0.891608 0.047687 0.917866
0 0.53462 0.648529 0.549038 0.625112 0.530712 0.58945 0.516294 0.612867
0 0.321294 0.968431 0.323599 0.948468 0.312169 0.944298 0.309864 0.964261
0 0.357227 0.735018 0.36358 0.685586 0.34354 0.677444 0.337186 0.726876
0 0.483785 0.729567 0.484695 0.707983 0.472396 0.706346 0.471487 0.72793
0 0.570117 0.710722 0.573175 0.630134 0.532853 0.625298 0.529795 0.705886
0 0.284575 0.941603 0.286918 0.926275 0.277817 0.921878 0.275474 0.937207
0 0.511773 0.764854 0.514779 0.738618 0.499472 0.733075 0.496466 0.759311
0 0.149668 0.766785 0.151484 0.744259 0.136731 0.740499 0.134915 0.763026
0 0.363239 0.916453 0.367848 0.881376 0.353417 0.875384 0.348809 0.910461
0 0.0503644 0.905265 0.0597579 0.870461 0.0435792 0.85666 0.0341857 0.891464
0 0.340057 0.933904 0.345892 0.911362 0.333097 0.900893 0.327261 0.923436
0 0.71964 0.278374 0.724111 0.226102 0.696029 0.21851 0.691557 0.270782
0 0.0304034 0.93507 0.0464501 0.91302 0.0364744 0.890075 0.0204277 0.912125
0 0.305801 0.929466 0.309769 0.903335 0.300936 0.899096 0.296968 0.925227
0 0.00968801 0.881756 0.0123152 0.855221 -0.00074403 0.851135 -0.0033712 0.87767
0 0.044413 0.92371 0.0614227 0.899052 0.0534016 0.881565 0.036392 0.906223
0 0.565927 0.758365 0.572024 0.737412 0.560041 0.72639 0.553943 0.747342
0 0.590175 0.951155 0.603645 0.917501 0.578806 0.886082 0.565337 0.919737
0 0.478821 1.00391 0.47802 0.972713 0.453059 0.974737 0.45386 1.00594
0 0.516046 0.841556 0.52117 0.828871 0.508553 0.812762 0.503428 0.825447
0 0.131641 0.778955 0.136372 0.755759 0.122699 0.746947 0.117969 0.770143
0 0.549674 0.754658 0.551983 0.733165 0.539989 0.729093 0.53768 0.750585
0 0.562325 0.884673 0.565849 0.861404 0.553816 0.855644 0.550292 0.878914
0 0.635124 0.875864 0.641782 0.852234 0.619576 0.832462 0.612918 0.856092
0 0.284642 1.00169 0.287579 0.980457 0.272911 0.974046 0.269974 0.995282
0 0.286141 0.969981 0.295702 0.949112 0.287396 0.937086 0.277835 0.957954
0 0.466366 0.814986 0.468739 0.794278 0.455571 0.789507 0.453197 0.810216
0 0.208043 0.433992 0.211692 0.397644 0.19024 0.390836 0.18659 0.427184
0 0.108157 0.964386 0.110655 0.936858 0.0971857 0.932996 0.0946882 0.960523
0 0.737654 0.672096 0.737622 0.631005 0.715384 0.63106 0.715416 0.672151
0 0.596022 0.878091 0.600784 0.859832 0.590636 0.851468 0.585874 0.869727
0 0.507753 0.713224 0.508961 0.686419 0.48928 0.683614 0.488071 0.710419
0 0.277897 0.882465 0.28784 0.865273 0.280555 0.851958 0.270613 0.86915
0 0.0705352 0.829462 0.0713997 0.807324 0.0569253 0.805537 0.0560608 0.827676
0 0.211488 0.970552 0.220361 0.938809 0.210372 0.929986 0.2015 0.961729
0 0.404849 0.638324 0.423278 0.607722 0.4119 0.586066 0.393471 0.616669
0 0.363257 1.00137 0.382536 0.979698 0.375001 0.958511 0.355721 0.980184
0 0.218472 1.00194 0.233691 0.968099 0.219401 0.947787 0.204182 0.981625
0 0.455915 0.102557 0.453127 0.0695745 0.429426 0.0759058 0.432214 0.108888
0 0.214546 0.931805 0.221622 0.914737 0.21418 0.904986 0.207103 0.922054
0 0.70384 0.171189 0.705243 0.126665 0.68232 0.124384 0.680918 0.168907
0 0.0366566 0.974634 0.0552526 0.954901 0.0480799 0.933538 0.0294838 0.95327
0 0.920802 0.784944 0.925575 0.764657 0.910105 0.753155 0.905333 0.773443
0 0.119756 0.706228 0.122146 0.686046 0.112923 0.682594 0.110533 0.702775
0 0.3305 0.996586 0.338811 0.971847 0.330311 0.962822 0.322 0.987561
0 1.01091 0.884137 1.02362 0.731348 0.951377 0.712344 0.938661 0.865133
0 0.291331 0.966903 0.302579 0.943338 0.292576 0.928248 0.281328 0.951813
0 0.6003 1.01649 0.61093 0.944155 0.563942 0.922329 0.553311 0.994659
0 0.624289 0.887823 0.630596 0.866597 0.61362 0.850658 0.607314 0.871885
0 0.567137 0.631119 0.567734 0.6024 0.546619 0.601013 0.546022 0.629731
0 0.642648 0.108185 0.651254 0.0481863 0.631654 0.039302 0.623049 0.0993004
0 0.359117 0.884528 0.361094 0.86476 0.351399 0.861695 0.349422 0.881463
0 0.584439 0.667773 0.586939 0.632572 0.572186 0.629261 0.569687 0.664462
0 0.135369 0.890827 0.141411 0.864991 0.128121 0.855169 0.122079 0.881004
0 0.150293 0.859646 0.149891 0.837544 0.13464 0.838422 0.135043 0.860525
0 0.314087 0.888088 0.317552 0.868775 0.309609 0.864273 0.306145 0.883586
0 0.411781 1.00056 0.413759 0.976188 0.396142 0.971671 0.394165 0.996043
0 0.0988964 0.850276 0.126113 0.815237 0.113448 0.784145 0.0862314 0.819184
0 0.0439105 0.109722 0.0432635 -0.0271457 -0.000378143 -0.0264937 0.00026882 0.110374
0 0.181328 0.9711 0.187377 0.947764 0.177988 0.940074 0.17194 0.96341
0 0.010885 0.909916 0.0124155 0.88389 -0.00232777 0.88115 -0.00385825 0.907176
0 0.618963 0.99701 0.624378 0.970576 0.610244 0.961427 0.60483 0.987861
0 0.0595903 0.81055 0.0571584 0.766024 0.0235035 0.771834 0.0259354 0.81636
0 0.665499 0.835734 0.681373 0.804478 0.65602 0.763782 0.640146 0.795038
0 0.295463 0.919922 0.296219 0.903804 0.287694 0.90254 0.286938 0.918658
0 0.364689 0.975934 0.373439 0.930144 0.349519 0.915698 0.340769 0.961489
0 0.512991 0.855993 0.516542 0.83656 0.504473 0.829591 0.500923 0.849024
0 0.484335 0.809492 0.488015 0.791403 0.479827 0.786138 0.476147 0.804227
