0 0.435621 0.977165 0.43376 0.866255 0.369423 0.869666 0.371284 0.980576
0 0.487555 0.588926 0.48561 0.537022 0.45775 0.540322 0.459695 0.592226
0 0.983239 1.081 1.02257 0.862701 0.815102 0.744555 0.775768 0.962859
0 0.378356 0.900461 0.383131 0.833111 0.356147 0.827065 0.351373 0.894415
0 0.98158 0.762277 0.997133 0.701738 0.953896 0.666632 0.938343 0.727171
0 0.372899 0.937113 0.37611 0.899415 0.352815 0.893143 0.349604 0.930842
0 0.521141 0.976814 0.512322 0.898044 0.465959 0.914451 0.474779 0.99322
0 0.37122 0.97104 0.386677 0.927431 0.37039 0.909186 0.354933 0.952795
0 0.337848 0.94742 0.362608 0.890446 0.343179 0.863762 0.31842 0.920736
0 0.585201 1.02073 0.596526 0.970604 0.559436 0.944121 0.548111 0.994249
0 0.439307 0.898469 0.443047 0.847129 0.408914 0.839269 0.405173 0.890609
0 0.46904 0.793701 0.47373 0.766969 0.456086 0.757185 0.451396 0.783917
0 0.125202 0.770334 0.128556 0.738341 0.0996989 0.728781 0.0963451 0.760773
0 0.454118 0.918515 0.454832 0.881209 0.433703 0.879929 0.432988 0.917235
0 0.535383 0.726689 0.541783 0.703183 0.528449 0.691708 0.522049 0.715215
0 0.790363 1.04519 0.841505 0.96446 0.76083 0.802935 0.709688 0.883664
0 0.924802 0.615179 0.929824 0.563767 0.882862 0.54927 0.87784 0.600681
0 0.415787 1.01755 0.443011 0.98202 0.427812 0.94521 0.400588 0.980736
0 0.562825 0.996215 0.555223 0.8832 0.507627 0.893318 0.515229 1.00633
0 0.121315 0.792069 0.124029 0.767083 0.110674 0.762499 0.107961 0.787485
0 0.547513 0.859289 0.546486 0.834154 0.529579 0.836337 0.530606 0.861472
0 0.474524 1.00964 0.481146 0.977843 0.466141 0.967965 0.459519 0.999758
0 0.0233675 0.962891 0.0391831 0.922848 0.0218519 0.901214 0.00603639 0.941256
0 0.459498 0.876955 0.467555 0.824733 0.44705 0.814734 0.438993 0.866956
0 0.109204 0.732629 0.113704 0.711299 0.100344 0.702393 0.0958451 0.723724
0 0.686194 0.396926 0.686505 0.334756 0.65251 0.33422 0.652199 0.396389
0 0.339494 0.858033 0.364055 0.835703 0.356147 0.808213 0.331586 0.830543
0 0.465974 0.916108 0.468052 0.887952 0.451567 0.884106 0.449489 0.912263
0 0.330354 0.5298 0.338749 0.503195 0.320999 0.485493 0.312604 0.512098
0 0.0507357 0.998569 0.0471181 0.947372 -2.57125e-05 0.9579 0.00359187 1.0091
0 0.166529 1.01366 0.189212 0.980511 0.176079 0.952107 0.153396 0.985254
0 0.352323 0.962224 0.362253 0.920109 0.343522 0.90615 0.333591 0.948265
0 0.141355 0.740844 0.157519 0.702924 0.141098 0.680803 0.124935 0.718723
0 0.120709 0.613367 0.113183 0.560802 0.0693541 0.580635 0.0768802 0.6332
0 0.106115 1.0106 0.151908 0.88846 0.101728 0.829 0.0559354 0.951138
0 0.103851 0.8099 0.107995 0.781258 0.0920944 0.773987 0.0879502 0.802629
0 0.632543 1.00509 0.634711 0.962041 0.608423 0.957858 0.606256 1.00091
0 0.338851 0.89968 0.354794 0.859748 0.335117 0.834919 0.319174 0.87485
0 0.573491 0.962194 0.580239 0.929748 0.565016 0.919743 0.558269 0.952189
0 0.0691696 0.849129 0.0770674 0.807782 0.0592672 0.797037 0.0513694 0.838383
0 0.445627 0.816465 0.455671 0.784109 0.445049 0.773687 0.435005 0.806044
0 0.915521 0.757801 0.926537 0.717593 0.907915 0.70147 0.8969 0.741678
0 0.546618 0.836717 0.545371 0.804963 0.528895 0.807008 0.530143 0.838762
0 0.12362 0.719113 0.12656 0.698036 0.112169 0.69169 0.109229 0.712767
0 0.510063 0.873655 0.511829 0.831038 0.491396 0.828362 0.48963 0.870979
0 0.441095 0.859256 0.450179 0.82293 0.434818 0.810791 0.425735 0.847117
0 0.0868743 0.818742 0.0900372 0.790358 0.0706189 0.78352 0.067456 0.811904
0 0.379203 0.76318 0.394588 0.73492 0.383047 0.715065 0.367663 0.743324
0 0.469824 0.693509 0.466376 0.667765 0.442346 0.677936 0.445794 0.70368
0 0.493429 1.02264 0.519699 0.985858 0.503887 0.950163 0.477617 0.986942
0 0.348797 0.981073 0.362432 0.952852 0.352508 0.937699 0.338873 0.96592
0 0.0383542 0.967866 0.0520319 0.936963 0.0395966 0.919568 0.0259189 0.950472
0 0.139944 0.768687 0.145185 0.738254 0.127034 0.728375 0.121793 0.758808
0 0.109889 0.783426 0.112095 0.758549 0.0936045 0.753367 0.0913984 0.778243
0 0.223299 0.892613 0.223482 0.867393 0.208121 0.867039 0.207937 0.892259
0 0.608808 0.58284 0.61269 0.542938 0.585938 0.534713 0.582057 0.574615
0 0.190619 1.01544 0.216944 0.991636 0.207926 0.960111 0.181601 0.98391
0 0.0292575 0.891595 0.0286314 0.843139 -0.000325481 0.844321 0.00030061 0.892778
0 0.418008 0.544447 0.420255 0.509751 0.402378 0.506092 0.40013 0.540787
0 0.911881 0.56516 0.915154 0.532984 0.885206 0.523358 0.881933 0.555534
0 0.936365 0.575226 0.939606 0.547441 0.912629 0.537493 0.909387 0.565279
0 0.246239 0.96446 0.256311 0.940132 0.24681 0.9277 0.236738 0.952028
0 0.253193 0.434573 0.264708 0.373974 0.222578 0.348671 0.211062 0.40927
0 0.0247338 0.739623 0.0312266 0.688486 -0.00137525 0.675403 -0.00786807 0.726541
0 0.119119 0.32428 0.116004 0.27595 0.0931838 0.280598 0.0962984 0.328928
0 0.474811 0.858086 0.480941 0.830528 0.467509 0.821083 0.461378 0.848641
0 0.322945 0.966029 0.329676 0.920111 0.30666 0.909447 0.299928 0.955365
0 0.472592 0.82653 0.48101 0.811827 0.468896 0.789906 0.460478 0.804609
0 0.22816 0.990123 0.244377 0.962867 0.233785 0.942952 0.217569 0.970208
0 0.520454 0.911876 0.528193 0.86786 0.509016 0.857204 0.501277 0.901219
0 0.513372 0.709211 0.537067 0.62942 0.502042 0.596547 0.478347 0.676338
0 0.910619 0.714256 0.912341 0.687792 0.885862 0.682347 0.88414 0.708811
0 0.456981 0.764249 0.458362 0.741964 0.445056 0.739357 0.443675 0.761642
0 0.403244 1.00833 0.40576 0.981488 0.37495 0.972362 0.372434 0.999207
0 0.932356 0.690223 0.944521 0.663751 0.924796 0.635102 0.912631 0.661575
0 0.687089 0.830778 0.711019 0.769491 0.688451 0.741641 0.664521 0.802927
0 0.293033 0.840371 0.294279 0.820173 0.283152 0.818004 0.281906 0.838202
0 0.618388 0.975883 0.621389 0.929436 0.596681 0.92439 0.59368 0.970838
0 0.345104 0.56616 0.34612 0.543951 0.334533 0.542277 0.333517 0.564485
0 0.519485 0.7412 0.527016 0.714166 0.515082 0.703659 0.507551 0.730693
0 0.395872 0.564839 0.400014 0.543163 0.390333 0.537318 0.386192 0.558994
0 0.582437 0.839821 0.589086 0.821767 0.573084 0.80314 0.566435 0.821194
0 0.291385 0.931597 0.306216 0.909432 0.297922 0.891893 0.283091 0.914057
0 0.936476 0.551729 0.934898 0.498054 0.885831 0.502612 0.887408 0.556287
0 1.00653 0.894457 1.0205 0.72127 0.96967 0.708313 0.955701 0.8815
0 0.221425 0.968975 0.228181 0.949807 0.219198 0.9398 0.212442 0.958968
0 0.623749 0.909194 0.62392 0.857162 0.595696 0.856869 0.595526 0.908902
0 0.561572 0.848691 0.563562 0.826594 0.549389 0.822561 0.547399 0.844658
0 0.240617 1.00232 0.250969 0.976878 0.240061 0.962847 0.229709 0.988285
0 0.606325 0.825478 0.613287 0.785868 0.592215 0.774163 0.585253 0.813773
0 0.538267 0.911827 0.553524 0.892107 0.537636 0.853256 0.522379 0.872976
0 0.585105 0.941546 0.589703 0.914618 0.574436 0.906379 0.569838 0.933308
0 0.270408 0.952627 0.281337 0.912946 0.268892 0.902114 0.257964 0.941795
0 0.196098 0.628109 0.196787 0.605416 0.182425 0.604038 0.181736 0.626731
0 0.397275 0.725221 0.399292 0.704988 0.388791 0.701679 0.386773 0.721911
0 0.524207 0.87281 0.529279 0.845978 0.515171 0.837549 0.510099 0.864381
0 0.528655 0.843858 0.532259 0.823008 0.51755 0.814974 0.513946 0.835824
0 0.472151 0.723971 0.475394 0.704615 0.463181 0.698148 0.459938 0.717504
0 0.438543 0.681457 0.449514 0.656985 0.439813 0.643239 0.428842 0.667711
0 0.732366 0.998513 0.736992 0.914798 0.700056 0.908347 0.69543 0.992062
0 0.458198 0.941491 0.461136 0.917726 0.449707 0.913261 0.446769 0.937026
0 0.691754 0.2314 0.691426 0.17392 0.657716 0.174528 0.658044 0.232008
0 0.375928 0.790541 0.373319 0.748513 0.34761 0.753557 0.350219 0.795585
0 0.313451 0.733005 0.323378 0.687026 0.302479 0.672766 0.292552 0.718745
0 0.262697 0.924462 0.265492 0.901272 0.255377 0.89742 0.252583 0.92061
0 0.545127 0.889563 0.548688 0.863276 0.530895 0.855658 0.527334 0.881944
0 0.163043 0.978841 0.176629 0.946971 0.167864 0.935162 0.154278 0.967032
0 0.132685 0.628602 0.133778 0.606488 0.121663 0.604596 0.120571 0.62671
0 0.308874 0.881829 0.313866 0.862454 0.306361 0.856343 0.301369 0.875718
0 0.0868278 0.76421 0.0963717 0.741558 0.0861118 0.727896 0.0765679 0.750548
0 0.545557 0.615791 0.54538 0.592617 0.529853 0.592992 0.53003 0.616166
0 0.57711 0.854745 0.579737 0.828639 0.564575 0.823817 0.561948 0.849923
0 0.613782 0.801862 0.628688 0.77519 0.604862 0.733105 0.589956 0.759777
0 0.0141467 0.850171 0.0147253 0.825295 1.6165e-05 0.824214 -0.000562447 0.84909
0 0.438854 0.767967 0.440843 0.74939 0.429772 0.745644 0.427783 0.76422
0 0.0842701 0.840388 0.0940739 0.820838 0.0846266 0.805864 0.0748228 0.825414
0 0.576325 0.89344 0.57549 0.862632 0.560045 0.863954 0.560879 0.894762
0 0.624315 0.620287 0.618711 0.582405 0.591372 0.595186 0.596976 0.633068
0 0.38058 0.838356 0.391724 0.799192 0.373642 0.782932 0.362499 0.822096
0 0.233046 1.00566 0.2339 0.984433 0.22195 0.982916 0.221097 1.00415
0 0.611271 1.00689 0.613412 0.980348 0.597521 0.976297 0.59538 1.00284
0 0.00679198 0.954725 0.0175102 0.916691 0.00480311 0.905373 -0.00591514 0.943408
0 0.435041 0.820159 0.442769 0.794748 0.431524 0.783939 0.423796 0.80935
0 0.106871 0.651218 0.108809 0.621804 0.0921896 0.618342 0.0902511 0.647756
0 0.155584 0.439535 0.161277 0.404472 0.137728 0.392388 0.132035 0.427451
0 0.124215 0.602141 0.139754 0.575952 0.129187 0.556136 0.113648 0.582325
0 0.548952 0.652787 0.551959 0.620873 0.536442 0.616253 0.533435 0.648167
0 0.842886 0.790292 0.850066 0.7694 0.829329 0.746874 0.822148 0.767766
0 0.473038 0.951118 0.481948 0.917465 0.467897 0.905707 0.458987 0.93936
0 0.191411 0.97517 0.196338 0.946941 0.182098 0.939086 0.177171 0.967315
0 0.499292 0.704095 0.501615 0.675784 0.488583 0.672404 0.48626 0.700715
0 0.112622 0.704395 0.112569 0.683174 0.0984071 0.683284 0.0984593 0.704505
0 0.496488 0.910651 0.49892 0.884579 0.484407 0.880299 0.481974 0.906371
0 0.266004 0.985608 0.27099 0.96269 0.261833 0.956395 0.256847 0.979312
0 0.0871271 1.0027 0.0891289 0.959008 0.0509138 0.953475 0.048912 0.997168
0 0.399958 0.828457 0.416032 0.791097 0.398169 0.766807 0.382095 0.804168
0 0.942424 0.732038 0.945484 0.695852 0.927966 0.691169 0.924905 0.727355
0 0.230189 0.974471 0.243074 0.949063 0.233807 0.93421 0.220922 0.959617
0 0.602612 0.925867 0.598895 0.875622 0.578658 0.880354 0.582375 0.930599
0 0.457043 1.00705 0.468508 0.978354 0.457318 0.964223 0.445853 0.992915
0 0.50577 0.411296 0.508493 0.346179 0.471279 0.341259 0.468556 0.406377
0 0.457907 0.671763 0.459714 0.649631 0.447334 0.646436 0.445527 0.668569
0 0.0422608 0.938968 0.058689 0.90952 0.0471692 0.889209 0.030741 0.918657
0 0.263279 0.992695 0.267153 0.970792 0.257136 0.965191 0.253261 0.987094
0 0.490796 0.635112 0.504127 0.609947 0.486316 0.580127 0.472985 0.605292
0 0.486917 0.81172 0.49038 0.789446 0.474777 0.781778 0.471314 0.804052
0 0.345413 0.524986 0.348323 0.506098 0.336155 0.500174 0.333246 0.519063
0 0.565762 0.606886 0.593573 0.530398 0.564286 0.496742 0.536474 0.57323
0 0.678586 0.645847 0.680501 0.608883 0.659738 0.605484 0.657823 0.642447
0 0.157731 0.962233 0.169813 0.927285 0.160185 0.916765 0.148103 0.951712
0 0.0902851 0.901191 0.0921129 0.872849 0.0750059 0.869363 0.0731781 0.897704
0 0.145822 0.99342 0.153321 0.973321 0.14552 0.964123 0.138021 0.984221
0 0.323797 0.918864 0.33281 0.879195 0.316532 0.867505 0.307519 0.907175
0 0.241296 0.431829 0.243484 0.407615 0.222943 0.401749 0.220755 0.425963
0 0.0312737 0.836277 0.0453919 0.810484 0.037455 0.796754 0.0233368 0.822547
0 0.0920033 0.732213 0.0973351 0.711214 0.0882224 0.703902 0.0828907 0.7249
0 0.312326 0.973757 0.318381 0.950259 0.305657 0.939894 0.299601 0.963393
0 0.182766 0.897817 0.188663 0.878521 0.180219 0.870365 0.174322 0.88966
0 0.619697 0.953686 0.628964 0.937522 0.613922 0.910264 0.604655 0.926428
0 0.217786 1.00563 0.224775 0.980491 0.21416 0.971165 0.207172 0.996301
0 0.66207 0.275637 0.672992 0.234295 0.650887 0.21584 0.639966 0.257183
0 0.822413 0.801044 0.834107 0.772159 0.814454 0.747013 0.80276 0.775898
