0 0.997487 0.98088 1.01248 0.862987 0.807003 0.780386 0.792008 0.89828
0 0.0521515 1.00939 0.0841611 0.991639 0.0787867 0.961007 0.0467771 0.978757
0 0.151446 0.867405 0.162983 0.810664 0.137835 0.794503 0.126298 0.851243
0 0.13602 0.750988 0.140446 0.726208 0.126905 0.718565 0.12248 0.743344
0 0.773912 1.0048 0.821997 0.922966 0.759633 0.807151 0.711547 0.888987
0 0.0268954 0.992716 0.0367166 0.958481 0.021552 0.944732 0.0117308 0.978967
0 0.782192 0.53478 0.787461 0.506736 0.769865 0.496287 0.764596 0.524331
0 0.766446 0.631347 0.777616 0.617288 0.76524 0.586212 0.754071 0.600271
0 0.566973 0.540136 0.582 0.509024 0.57205 0.493837 0.557024 0.524949
0 0.112615 0.862252 0.113805 0.828646 0.0894712 0.825921 0.0882809 0.859528
0 0.551691 0.535571 0.567944 0.503569 0.556539 0.485263 0.540286 0.517265
0 0.067142 0.859589 0.0640463 0.82351 0.0342599 0.831588 0.0373556 0.867667
0 0.720782 0.817681 0.735441 0.669613 0.633513 0.637719 0.618854 0.785787
0 0.610718 0.68362 0.611736 0.649507 0.590006 0.647457 0.588988 0.68157
0 0.0249929 0.942929 0.048885 0.919794 0.0418973 0.896987 0.0180052 0.920122
0 0.0444215 0.989402 0.0589626 0.953292 0.0433234 0.933388 0.0287822 0.969498
0 0.685551 0.557651 0.687689 0.501157 0.656058 0.497373 0.65392 0.553867
0 0.520192 0.635581 0.529563 0.604038 0.51784 0.593031 0.508469 0.624573
0 0.131345 0.871687 0.139288 0.829496 0.114887 0.814978 0.106945 0.857168
0 0.583408 1.01675 0.607979 0.96524 0.564551 0.899776 0.539981 0.951291
0 0.513354 0.744639 0.520737 0.716485 0.507616 0.70561 0.500233 0.733764
0 0.0999291 0.932184 0.101875 0.901227 0.0825888 0.897396 0.0806434 0.928354
0 0.645016 0.633139 0.65923 0.596567 0.64586 0.580144 0.631646 0.616716
0 0.148228 0.74799 0.158898 0.720357 0.145858 0.704445 0.135189 0.732079
0 0.492763 0.216964 0.490039 0.168298 0.461906 0.173276 0.46463 0.221942
0 0.732554 0.728595 0.741861 0.702373 0.722263 0.680387 0.712956 0.706609
0 0.503772 0.601944 0.505597 0.571881 0.491179 0.569114 0.489354 0.599177
0 0.570098 0.481508 0.576648 0.452231 0.563212 0.44273 0.556662 0.472007
0 0.53638 0.836106 0.535478 0.810502 0.516997 0.81256 0.517899 0.838164
0 0.0812266 0.947225 0.0841221 0.914977 0.0622972 0.908784 0.0594017 0.941032
0 0.757627 0.704815 0.76613 0.673306 0.751867 0.661143 0.743365 0.692652
0 0.121179 0.776118 0.12097 0.745896 0.10366 0.746276 0.10387 0.776497
0 0.448634 0.809661 0.458892 0.769052 0.444603 0.757644 0.434345 0.798253
0 0.0427802 0.841843 0.0472525 0.806297 0.0271195 0.798292 0.0226472 0.833837
0 0.122646 0.924186 0.12378 0.874232 0.0973399 0.872334 0.0962052 0.922287
0 0.590118 0.407853 0.591279 0.382837 0.576291 0.380638 0.57513 0.405654
0 0.103022 0.331836 0.117687 0.305186 0.0988105 0.272357 0.0841457 0.299007
0 0.681131 0.48158 0.682741 0.452741 0.666306 0.44984 0.664695 0.478679
0 0.572616 0.611302 0.576395 0.583703 0.557725 0.575622 0.553945 0.603222
0 0.586864 0.502317 0.592066 0.488237 0.578783 0.472726 0.573581 0.486806
0 0.697791 0.597054 0.700374 0.542049 0.67191 0.537825 0.669327 0.59283
0 0.504936 0.674869 0.519668 0.652254 0.51272 0.63795 0.497989 0.660565
0 0.572845 0.502702 0.576016 0.485201 0.565634 0.479257 0.562464 0.496757
0 0.128602 0.683647 0.125763 0.655909 0.104543 0.662774 0.107382 0.690511
0 0.121588 0.815826 0.124787 0.791883 0.107351 0.784521 0.104152 0.808463
0 0.502605 0.697868 0.506512 0.672556 0.493397 0.666157 0.489489 0.691469
0 0.68745 0.518205 0.695547 0.494613 0.673549 0.470749 0.665452 0.494341
0 0.029042 0.922168 0.0623756 0.885726 0.0506469 0.851819 0.0173133 0.888261
0 0.143416 0.72433 0.143634 0.702199 0.124659 0.701608 0.124441 0.723739
0 0.137049 0.698533 0.138902 0.668068 0.122123 0.664843 0.12027 0.695308
0 0.135962 0.810075 0.155627 0.789626 0.148229 0.767141 0.128564 0.78759
0 0.798557 0.397135 0.803673 0.379192 0.787189 0.364339 0.782074 0.382281
0 0.496681 0.74636 0.499573 0.721682 0.486699 0.716913 0.483807 0.741591
0 0.146407 0.707546 0.147441 0.686586 0.131167 0.684046 0.130132 0.705006
0 0.131837 0.825 0.137644 0.801629 0.126282 0.792706 0.120475 0.816078
0 0.0914468 0.974989 0.0894495 0.939643 0.0664354 0.943754 0.0684328 0.979099
0 0.799513 0.544848 0.803613 0.523203 0.79013 0.515134 0.786031 0.536779
0 0.779094 0.322792 0.798157 0.302454 0.7918 0.28362 0.772737 0.303959
0 0.78013 0.445124 0.778523 0.400698 0.758268 0.403014 0.759875 0.44744
0 0.471054 0.823648 0.476254 0.798436 0.465523 0.791441 0.460323 0.816653
0 0.375468 0.953366 0.381247 0.916982 0.360218 0.906426 0.354439 0.94281
0 0.757078 0.459567 0.757538 0.42185 0.729595 0.420773 0.729135 0.458491
0 0.164444 0.678418 0.169072 0.64931 0.155685 0.642582 0.151057 0.671691
0 0.665139 0.580318 0.668623 0.557848 0.655039 0.551192 0.651555 0.573662
0 0.80865 0.387969 0.812936 0.37023 0.802622 0.362353 0.798335 0.380092
0 0.512827 0.704829 0.514699 0.68227 0.50393 0.679447 0.502059 0.702006
0 0.640144 0.556288 0.641318 0.527765 0.626785 0.525874 0.625611 0.554397
0 0.859056 0.803033 0.876416 0.758602 0.837016 0.709951 0.819657 0.754382
0 0.0208836 0.901544 0.0225984 0.870313 0.0069762 0.867602 0.00526145 0.898833
0 0.0105875 1.00244 0.0155849 0.977313 0.00306668 0.969443 -0.00193073 0.994568
0 0.459198 0.891029 0.472123 0.840165 0.435183 0.810497 0.422258 0.861361
0 0.789133 0.506313 0.79519 0.47918 0.781729 0.469682 0.775671 0.496814
0 0.493587 0.679947 0.497396 0.652776 0.485976 0.647717 0.482167 0.674888
0 0.844988 0.731169 0.854029 0.662709 0.794334 0.637793 0.785293 0.706254
0 0.522554 0.604329 0.526641 0.576955 0.509852 0.569034 0.505766 0.596409
0 0.454843 0.630083 0.46661 0.595996 0.455723 0.584117 0.443956 0.618204
0 0.101279 0.97914 0.101945 0.94303 0.0804265 0.941775 0.0797603 0.977885
0 0.494205 0.834422 0.498494 0.813979 0.488853 0.807585 0.484563 0.828027
0 0.534594 0.73269 0.544928 0.704969 0.535712 0.694111 0.525377 0.721832
0 0.0907186 0.800069 0.0938992 0.774328 0.0774746 0.767914 0.0742941 0.793655
0 0.536117 0.503528 0.547026 0.475188 0.534476 0.459919 0.523566 0.488259
0 0.0286821 0.890239 0.034826 0.860652 0.0194487 0.85056 0.0133047 0.880147
0 0.536918 0.675393 0.545727 0.657734 0.538099 0.645708 0.52929 0.663368
0 0.525505 0.566099 0.527789 0.536967 0.514139 0.533584 0.511854 0.562716
0 0.500804 0.850022 0.503776 0.829529 0.491945 0.824105 0.488973 0.844599
0 0.806502 0.292713 0.811647 0.250579 0.789796 0.242146 0.784651 0.284281
0 0.739166 0.694975 0.742169 0.664958 0.72413 0.659255 0.721127 0.689272
0 0.732004 0.616313 0.735262 0.593383 0.724942 0.588749 0.721684 0.611679
0 0.0387893 0.959674 0.0545712 0.933993 0.0444566 0.914348 0.0286747 0.940029
0 0.580935 0.716833 0.58087 0.689714 0.561462 0.689862 0.561528 0.716981
0 0.741408 0.777797 0.755306 0.759046 0.739044 0.72095 0.725146 0.739701
0 0.533995 0.547555 0.535806 0.525243 0.525174 0.522516 0.523363 0.544827
0 0.335756 0.659692 0.352489 0.626069 0.328342 0.58809 0.31161 0.621712
0 0.135999 0.782013 0.138265 0.761149 0.121856 0.755517 0.11959 0.776381
0 0.828821 0.390628 0.832698 0.356332 0.812378 0.349071 0.808501 0.383367
0 0.812343 0.795396 0.808953 0.73928 0.772148 0.746307 0.775539 0.802423
0 0.69358 0.621949 0.706113 0.597196 0.698035 0.584269 0.685502 0.609022
0 0.791915 0.723554 0.802629 0.704761 0.788001 0.678405 0.777288 0.697199
0 0.973141 0.218723 0.972754 0.173196 0.956338 0.173638 0.956726 0.219165
0 0.78289 0.424452 0.790375 0.40127 0.773003 0.383543 0.765518 0.406725
0 0.70869 0.348998 0.711618 0.326158 0.700414 0.32162 0.697487 0.34446
0 0.64008 0.466088 0.649094 0.451851 0.635683 0.425016 0.626669 0.439253
0 0.663614 0.490407 0.668269 0.474151 0.656843 0.46381 0.652188 0.480065
0 0.589228 0.457069 0.590877 0.435007 0.579945 0.432424 0.578295 0.454486
0 0.59476 0.350437 0.595099 0.326269 0.583996 0.325776 0.583657 0.349944
0 0.721514 0.616931 0.727011 0.598953 0.714694 0.587052 0.709197 0.60503
0 0.572883 0.557785 0.579863 0.531503 0.568372 0.521858 0.561392 0.54814
0 0.566081 0.585092 0.573923 0.570016 0.563889 0.55352 0.556047 0.568596
0 0.583672 0.76548 0.591009 0.748439 0.575628 0.727508 0.56829 0.744549
0 0.532146 0.700272 0.537464 0.679312 0.526458 0.670485 0.52114 0.691445
0 0.59969 0.440393 0.601756 0.421116 0.588965 0.416784 0.586899 0.436061
0 0.543782 0.640371 0.550638 0.620201 0.542255 0.611194 0.535399 0.631364
0 0.763307 0.418983 0.764323 0.394935 0.748724 0.392853 0.747709 0.4169
0 0.111154 0.719046 0.113532 0.695917 0.0987375 0.691108 0.0963588 0.714237
0 0.733739 0.648964 0.737634 0.624148 0.719538 0.615173 0.715643 0.639989
0 0.512626 0.617999 0.515564 0.597941 0.503531 0.59237 0.500593 0.612428
0 0.5603 0.557972 0.567556 0.534353 0.555418 0.522568 0.548162 0.546187
0 0.0642974 0.977256 0.0703967 0.949671 0.0574282 0.940608 0.0513289 0.968194
0 0.891483 0.347427 0.895227 0.314961 0.869721 0.305665 0.865977 0.338131
0 0.581589 0.398329 0.584841 0.362489 0.569335 0.358041 0.566082 0.393882
0 0.556602 0.512226 0.567583 0.484358 0.557265 0.471507 0.546283 0.499375
0 0.0779541 0.868718 0.0772474 0.83703 0.0593732 0.83829 0.06008 0.869978
0 0.515689 0.577822 0.518559 0.557095 0.507277 0.552158 0.504407 0.572885
0 0.788407 0.564254 0.79115 0.545145 0.778879 0.539578 0.776136 0.558686
0 0.124787 0.750151 0.125019 0.729344 0.109666 0.728802 0.109433 0.749608
0 0.753432 0.599249 0.756908 0.578278 0.742786 0.570879 0.739309 0.59185
0 0.507498 0.90442 0.508278 0.87881 0.494022 0.877438 0.493243 0.903048
0 0.799692 0.749307 0.805014 0.726104 0.780591 0.708402 0.775269 0.731604
0 0.0638979 0.955566 0.0693703 0.928476 0.0559667 0.919918 0.0504942 0.947008
0 0.69506 0.4963 0.707801 0.481573 0.695147 0.446975 0.682406 0.461702
0 0.583799 0.429949 0.585287 0.411343 0.57408 0.40851 0.572592 0.427116
0 0.458713 0.82623 0.462976 0.793527 0.447257 0.787049 0.442993 0.819753
0 0.429744 0.687687 0.442582 0.664117 0.434547 0.650284 0.421709 0.673854
0 0.547442 0.551053 0.550781 0.532597 0.538608 0.525639 0.53527 0.544095
0 0.524383 0.707957 0.52678 0.688869 0.514689 0.684069 0.512291 0.703157
0 0.54103 0.502748 0.554223 0.478876 0.543708 0.46051 0.530515 0.484382
0 0.141872 0.667546 0.144109 0.64798 0.130581 0.643092 0.128344 0.662658
0 0.565715 0.639132 0.578222 0.619012 0.569641 0.602152 0.557133 0.622272
0 0.719476 0.598378 0.725339 0.576195 0.709559 0.563014 0.703696 0.585198
0 0.570211 0.430273 0.572207 0.40862 0.561785 0.405584 0.559789 0.427236
0 0.734168 0.596025 0.735997 0.576566 0.7245 0.573151 0.722671 0.592609
0 0.500212 0.656718 0.503775 0.630583 0.49215 0.625574 0.488587 0.651709
0 0.445196 0.658782 0.45541 0.633763 0.446871 0.622745 0.436656 0.647763
0 0.626598 1.01246 0.793803 0.867914 0.742175 0.679159 0.57497 0.823701
0 0.57437 0.661783 0.577547 0.633747 0.563359 0.628666 0.560182 0.656701
0 0.154605 0.76913 0.163526 0.742959 0.153662 0.732333 0.144741 0.758504
0 0.191417 0.306997 0.221788 0.269189 0.186623 0.179912 0.156252 0.217721
0 0.832525 0.291151 0.834496 0.26497 0.82035 0.261602 0.818378 0.287783
0 0.658902 0.440912 0.663 0.417579 0.652689 0.411857 0.648592 0.43519
0 0.945501 0.758552 0.952029 0.727729 0.899074 0.692281 0.892545 0.723104
0 0.574005 0.788126 0.578909 0.742999 0.544668 0.731238 0.539764 0.776366
0 0.725615 0.690994 0.728309 0.658467 0.713742 0.654653 0.711048 0.687181
0 0.514631 0.808463 0.517974 0.765407 0.499552 0.760886 0.496209 0.803943
0 0.683809 0.616844 0.686452 0.594547 0.674729 0.590156 0.672087 0.612453
0 0.570975 0.670244 0.573947 0.645055 0.561752 0.640507 0.55878 0.665695
0 0.702329 0.524418 0.708765 0.503564 0.693412 0.488587 0.686975 0.509441
0 0.690728 0.454492 0.69769 0.434975 0.685624 0.421373 0.678662 0.44089
0 0.773789 0.726041 0.788692 0.709561 0.769234 0.653945 0.75433 0.670425
0 0.534213 0.573431 0.536426 0.551693 0.527124 0.5487 0.524911 0.570438
0 0.459622 0.757091 0.455278 0.712496 0.423439 0.722297 0.427782 0.766892
0 0.0625658 0.793742 0.0730546 0.764884 0.0603522 0.750292 0.0498635 0.77915
0 0.0198434 0.9318 0.0240731 0.905839 0.004836 0.895933 0.000606327 0.921894
0 0.685547 0.377609 0.687493 0.356869 0.673077 0.352593 0.67113 0.373333
0 0.747291 0.730856 0.756029 0.703997 0.743115 0.690717 0.734376 0.717576
0 0.720788 0.382245 0.723592 0.354136 0.705595 0.348463 0.702791 0.376571
0 0.794153 0.518501 0.797605 0.501285 0.786027 0.493947 0.782575 0.511162
0 0.498087 0.890444 0.502435 0.866282 0.490419 0.859446 0.48607 0.883609
0 0.79652 0.375543 0.80689 0.347434 0.796422 0.335229 0.786053 0.363339
0 0.508858 0.552704 0.514379 0.530357 0.504582 0.522707 0.499061 0.545054
0 0.328474 0.61819 0.342295 0.588322 0.315076 0.548515 0.301255 0.578384
0 0.77856 0.208074 0.782739 0.180443 0.765495 0.1722 0.761316 0.199831
0 0.550798 0.862274 0.556805 0.842488 0.543636 0.829851 0.537629 0.849637
0 0.0944785 0.332571 0.0957287 0.276176 0.0623814 0.27384 0.0611311 0.330234
0 0.883521 0.374969 0.886597 0.342298 0.869118 0.337096 0.866042 0.369767
0 0.0214208 0.807999 0.0210947 0.782583 0.00274959 0.783327 0.00307569 0.808742
0 0.506303 0.832466 0.511432 0.804554 0.499391 0.797562 0.494263 0.825474
0 0.485788 0.605574 0.489325 0.584028 0.478888 0.578612 0.475351 0.600158
0 0.746003 0.30991 0.748829 0.270377 0.725217 0.265042 0.722391 0.304575
0 0.677757 0.616421 0.68023 0.592864 0.66811 0.588844 0.665638 0.612401
0 0.465982 0.641076 0.472896 0.613232 0.463938 0.606202 0.457023 0.634045
0 0.101119 0.827531 0.106821 0.794436 0.0879621 0.784166 0.0822597 0.817262
0 0.551094 0.670935 0.562477 0.643135 0.551555 0.629001 0.540172 0.656801
0 0.65157 0.422675 0.661317 0.395536 0.642566 0.374252 0.632819 0.401391
0 0.708093 0.545641 0.714304 0.532209 0.703077 0.515801 0.696866 0.529233
0 0.799803 0.409736 0.80163 0.392215 0.789132 0.388097 0.787306 0.405618
0 0.74429 0.70457 0.747994 0.684798 0.735197 0.677221 0.731493 0.696993
0 0.756301 0.391121 0.75741 0.36266 0.742888 0.360871 0.741779 0.389333
0 0.538051 0.528908 0.542328 0.507715 0.527212 0.498074 0.522935 0.519267
0 0.548256 0.823171 0.554146 0.791879 0.534065 0.779934 0.528175 0.811226
0 0.748593 0.413301 0.751439 0.392825 0.738804 0.387273 0.735958 0.407749
0 0.0634785 0.829239 0.0646827 0.801763 0.0498938 0.799715 0.0486897 0.82719
0 0.609053 0.373795 0.614802 0.351341 0.604978 0.343391 0.599229 0.365844
0 0.600087 0.420603 0.602711 0.400665 0.589654 0.395233 0.58703 0.415171
0 0.643143 0.576176 0.65295 0.554221 0.64499 0.542984 0.635184 0.564939
0 0.493687 0.638967 0.495842 0.617112 0.485431 0.613867 0.483275 0.635722
0 0.632449 0.618505 0.645619 0.58777 0.634389 0.572561 0.621218 0.603295
0 0.769578 0.24804 0.777742 0.222708 0.760706 0.205356 0.752542 0.230688
0 0.694091 0.365464 0.700388 0.338685 0.683222 0.325927 0.676925 0.352705
0 0.760532 0.744378 0.764585 0.72585 0.7525 0.717494 0.748447 0.736022
0 0.525528 0.664566 0.53319 0.645534 0.521314 0.630425 0.513653 0.649457
0 0.528963 0.815619 0.530897 0.793887 0.516887 0.789946 0.514953 0.811678
0 0.486147 0.860509 0.490708 0.83293 0.48032 0.8275 0.475759 0.855079
0 0.712813 0.669214 0.71836 0.646658 0.708141 0.638716 0.702594 0.661272
0 0.473633 0.716168 0.472083 0.676637 0.456896 0.678518 0.458446 0.71805
0 0.747644 0.610295 0.749582 0.59238 0.736368 0.587862 0.73443 0.605777
0 0.566821 0.443699 0.568861 0.42701 0.560313 0.423707 0.558273 0.440396
0 0.517681 0.706542 0.520186 0.687657 0.508443 0.682733 0.505937 0.701618
0 0.591977 0.534336 0.599497 0.517311 0.588569 0.502055 0.581049 0.51908
0 0.262965 0.874465 0.266916 0.780644 0.200581 0.771816 0.196631 0.865637
0 0.643396 0.441262 0.652914 0.427993 0.640378 0.399574 0.63086 0.412843
0 0.05411 0.105523 0.0870011 0.0102882 0.0592814 -0.0199688 0.0263903 0.0752662
0 0.0598113 0.823666 0.0612975 0.796082 0.0460502 0.793485 0.044564 0.821069
0 0.558037 0.587595 0.561634 0.565087 0.551817 0.560127 0.548219 0.582636
0 0.58404 0.477523 0.586966 0.458632 0.577047 0.453778 0.574122 0.472669
0 0.645955 0.549668 0.652719 0.524624 0.64266 0.516039 0.635896 0.541082
0 0.583072 0.9032 0.596366 0.857763 0.582545 0.844983 0.569251 0.89042
0 0.997687 0.776118 1.02868 0.610186 0.863421 0.512646 0.832432 0.678578
0 0.613493 0.486807 0.626133 0.439247 0.612835 0.428077 0.600195 0.475637
0 0.775335 0.561452 0.779574 0.537021 0.766714 0.529968 0.762474 0.554398
0 0.140827 0.761 0.151854 0.745119 0.144388 0.728736 0.133361 0.744616
0 0.544386 0.665374 0.55587 0.64205 0.546729 0.627825 0.535245 0.651149
0 0.973743 0.152761 1.00299 0.114413 0.992303 0.0886469 0.963054 0.126994
