0 0.0949132 0.752788 0.105374 0.707654 0.0776557 0.687351 0.0671951 0.732485
0 0.570717 0.882365 0.579979 0.866623 0.566786 0.84209 0.557524 0.857833
0 0.598815 0.99916 0.594313 0.942854 0.560743 0.951338 0.565245 1.00764
0 0.175597 0.760279 0.17528 0.735458 0.1586 0.736133 0.158918 0.760954
0 0.208688 0.784508 0.217218 0.747458 0.200635 0.73539 0.192104 0.77244
0 0.235758 0.925094 0.271569 0.892627 0.25918 0.84944 0.223369 0.881907
0 0.0896689 0.808501 0.0875664 0.751233 0.0350262 0.757329 0.0371287 0.814597
0 0.308052 0.609293 0.312714 0.589355 0.298985 0.57921 0.294323 0.599147
0 0.203038 0.551213 0.210364 0.515447 0.191992 0.503552 0.184665 0.539319
0 0.0833851 0.855039 0.127667 0.818659 0.113362 0.763632 0.0690811 0.800011
0 0.100109 0.540101 0.0990592 0.507928 0.0777084 0.510129 0.0787579 0.542302
0 0.210294 0.732609 0.228714 0.707169 0.219792 0.686755 0.201373 0.712195
0 0.221746 1.01046 0.234891 0.935028 0.18654 0.908397 0.173395 0.983827
0 0.296991 0.941111 0.301953 0.901162 0.285012 0.894513 0.280051 0.934462
0 0.239478 0.959931 0.261823 0.919052 0.246036 0.891779 0.223691 0.932659
0 0.491633 0.869011 0.493825 0.84048 0.47791 0.836616 0.475719 0.865147
0 0.120291 0.910246 0.134728 0.87067 0.116323 0.849449 0.101885 0.889026
0 0.105096 0.963782 0.122962 0.924069 0.103831 0.896866 0.0859641 0.936579
0 0.136409 0.689808 0.137265 0.662554 0.109389 0.659786 0.108533 0.68704
0 0.182446 0.941491 0.2129 0.904915 0.202325 0.877085 0.17187 0.913661
0 0.384809 0.940095 0.388107 0.905998 0.371143 0.900813 0.367845 0.93491
0 0.246569 0.86206 0.248974 0.839829 0.236115 0.835432 0.233709 0.857662
0 0.285409 0.716887 0.289279 0.690904 0.275297 0.684322 0.271427 0.710305
0 0.572596 0.814903 0.574634 0.796578 0.562883 0.792446 0.560844 0.810771
0 0.17548 0.526766 0.175376 0.505268 0.158142 0.50553 0.158246 0.527028
0 0.19613 0.816379 0.204257 0.803765 0.19241 0.779639 0.184282 0.792253
0 0.160791 0.634889 0.158617 0.605903 0.130244 0.612631 0.132419 0.641617
0 0.323263 0.643267 0.325595 0.620773 0.312946 0.616628 0.310614 0.639122
0 0.184388 0.500129 0.18564 0.480923 0.174041 0.478532 0.172789 0.497738
0 0.252797 0.728633 0.25428 0.706514 0.240766 0.703651 0.239284 0.72577
0 0.106306 0.892717 0.104657 0.865255 0.0819125 0.86957 0.0835608 0.897031
0 0.280996 0.982656 0.289189 0.951307 0.273093 0.938011 0.2649 0.96936
0 0.152411 0.677623 0.153123 0.660139 0.139237 0.658352 0.138525 0.675835
0 0.620985 0.810682 0.639469 0.791265 0.623454 0.743081 0.60497 0.762498
0 0.31324 0.88737 0.319817 0.858395 0.308259 0.850102 0.301681 0.879077
0 0.532263 0.934304 0.54917 0.905544 0.527011 0.864374 0.510104 0.893135
0 0.229481 0.785711 0.25958 0.753645 0.251803 0.730574 0.221704 0.76264
0 0.410163 0.946412 0.418077 0.909962 0.403168 0.899731 0.395254 0.936182
0 0.344843 0.719432 0.346095 0.697265 0.332479 0.694835 0.331228 0.717002
0 0.395284 0.946965 0.397773 0.921316 0.385321 0.917496 0.382831 0.943145
0 0.35858 0.943063 0.36059 0.914432 0.34655 0.911317 0.34454 0.939948
0 0.985081 1.06195 1.0102 0.890209 0.806658 0.796119 0.781538 0.967863
0 0.231229 0.865132 0.23411 0.842654 0.217635 0.835981 0.214754 0.858459
0 0.0366843 0.939266 0.0904649 0.846777 0.0482487 0.769193 -0.00553197 0.861683
0 0.12471 0.616552 0.128811 0.586545 0.108028 0.577568 0.103927 0.607575
0 0.585654 0.950629 0.58957 0.927363 0.57067 0.917309 0.566754 0.940575
0 0.362823 0.985332 0.367363 0.959328 0.356108 0.953117 0.351567 0.97912
0 0.272583 0.703113 0.27616 0.681471 0.265009 0.675646 0.261432 0.697287
0 0.0967785 0.702886 0.0971684 0.67103 0.0765732 0.670234 0.0761833 0.70209
0 0.230895 0.906603 0.233117 0.860169 0.212663 0.857076 0.210441 0.90351
0 0.211062 0.901521 0.214179 0.856477 0.183191 0.849702 0.180075 0.894746
0 0.18661 0.77919 0.18744 0.748614 0.171691 0.747262 0.170861 0.777838
0 0.34814 0.978216 0.357079 0.950328 0.345475 0.93857 0.336535 0.966459
0 0.278333 0.958492 0.285298 0.906408 0.267174 0.898748 0.260209 0.950832
0 0.578377 0.931522 0.581946 0.895019 0.564058 0.889493 0.56049 0.925996
0 0.180254 0.559823 0.178845 0.539691 0.162264 0.54336 0.163673 0.563491
0 0.208845 0.815459 0.220031 0.794334 0.211135 0.779447 0.199949 0.800572
0 0.271522 0.887108 0.279924 0.864366 0.270774 0.853683 0.262372 0.876425
0 0.325111 0.702808 0.327516 0.673626 0.307242 0.668346 0.304837 0.697529
0 0.494254 0.769916 0.506675 0.747575 0.496651 0.729961 0.48423 0.752302
0 0.57681 0.900857 0.575213 0.870812 0.549998 0.875046 0.551594 0.905092
0 0.236401 0.847011 0.247647 0.823843 0.238171 0.809305 0.226925 0.832473
0 0.115702 0.772402 0.122513 0.742545 0.109485 0.733153 0.102674 0.763009
0 0.318492 0.859013 0.325358 0.832908 0.311986 0.821794 0.30512 0.847899
0 0.223968 0.645275 0.227009 0.621053 0.212931 0.615467 0.20989 0.63969
0 0.324139 1.01208 0.347879 0.989332 0.33996 0.963207 0.316219 0.985952
0 0.478583 0.80374 0.487341 0.768437 0.474717 0.75854 0.465959 0.793843
0 0.210517 0.8397 0.222173 0.813956 0.212774 0.800507 0.201118 0.826251
0 0.448829 0.631924 0.449037 0.589035 0.432923 0.588788 0.432715 0.631677
0 0.368861 0.710539 0.371923 0.688461 0.35898 0.682787 0.355918 0.704865
0 0.268191 0.936123 0.278784 0.899067 0.265648 0.887198 0.255054 0.924254
0 0.135512 0.754307 0.138338 0.730448 0.124418 0.725237 0.121592 0.749096
0 0.300729 0.679048 0.30429 0.657262 0.291224 0.650511 0.287662 0.672296
0 0.310762 0.948879 0.330493 0.910991 0.317706 0.889946 0.297976 0.927834
0 0.153558 0.660518 0.153908 0.635361 0.134377 0.634504 0.134028 0.65966
0 0.091674 0.670474 0.0958053 0.650544 0.0839128 0.642753 0.0797814 0.662683
0 0.132567 0.89779 0.165493 0.870478 0.158931 0.845475 0.126005 0.872787
0 0.147169 0.601703 0.15722 0.554971 0.136723 0.541038 0.126672 0.58777
0 0.0382398 0.770814 0.0332532 0.727232 0.00298453 0.738178 0.00797111 0.781759
0 0.137806 0.715267 0.144575 0.695639 0.133615 0.683693 0.126846 0.703321
0 0.449726 0.904954 0.452073 0.884354 0.440593 0.880221 0.438247 0.900821
0 0.569686 0.976671 0.576136 0.936144 0.558224 0.927134 0.551773 0.967661
0 0.434459 0.961388 0.447229 0.899868 0.420089 0.882063 0.407319 0.943583
0 0.205481 0.668135 0.213435 0.643649 0.203011 0.632945 0.195056 0.657431
0 0.126464 0.299275 0.124498 0.25542 0.104231 0.258291 0.106197 0.302146
0 0.540529 0.749203 0.542614 0.727987 0.52869 0.723663 0.526606 0.744879
0 0.165923 0.549789 0.166648 0.52656 0.142436 0.524172 0.141711 0.547402
0 0.399517 0.921813 0.406723 0.894897 0.387 0.878209 0.379794 0.905126
0 0.26006 0.861055 0.262561 0.837484 0.249007 0.832939 0.246506 0.85651
0 0.308847 0.908482 0.313216 0.883611 0.300645 0.876631 0.296276 0.901502
0 0.282911 0.833786 0.296632 0.771793 0.268865 0.752369 0.255144 0.814362
0 0.343926 0.935278 0.354558 0.906219 0.343892 0.893887 0.333261 0.922945
0 0.276397 0.774468 0.275086 0.746344 0.253266 0.749559 0.254577 0.777682
0 0.779384 1.01924 0.818686 0.919659 0.746219 0.829266 0.706918 0.928845
0 0.284564 0.665842 0.295577 0.640614 0.28652 0.62812 0.275508 0.653349
0 0.241326 0.577467 0.241863 0.551932 0.224536 0.550779 0.223998 0.576315
0 0.355457 0.897123 0.368841 0.876364 0.361818 0.862054 0.348434 0.882814
0 0.361373 0.965208 0.366797 0.940583 0.356028 0.933087 0.350605 0.957713
0 0.264541 0.842044 0.267895 0.818489 0.254969 0.812672 0.251615 0.836227
0 0.196306 0.842267 0.204274 0.818504 0.194205 0.807834 0.186237 0.831597
0 0.599032 0.947884 0.60399 0.926566 0.583392 0.911426 0.578434 0.932744
0 0.287651 0.861249 0.29388 0.829856 0.281821 0.822294 0.275592 0.853688
0 0.359504 0.874103 0.363695 0.828022 0.340845 0.821454 0.336654 0.867535
0 0.573491 0.839556 0.579193 0.822222 0.565399 0.80788 0.559697 0.825214
0 0.0543107 1.01408 0.0944801 0.987724 0.0864905 0.949234 0.0463211 0.975588
0 0.360839 1.0045 0.363764 0.980057 0.349967 0.974839 0.347043 0.999279
0 0.333745 0.627479 0.33493 0.610495 0.324918 0.608286 0.323733 0.62527
0 0.332796 0.988167 0.339918 0.939275 0.310923 0.925927 0.303801 0.974819
0 0.169682 0.915813 0.176949 0.883921 0.164258 0.87478 0.15699 0.906672
0 0.366765 0.977547 0.375864 0.952611 0.366356 0.941645 0.357256 0.96658
0 0.0770036 0.764478 0.0801799 0.726175 0.0558988 0.719811 0.0527226 0.758114
0 0.321616 0.99122 0.327496 0.941316 0.305127 0.932987 0.299248 0.98289
0 0.488564 0.739065 0.489933 0.720975 0.478444 0.718228 0.477076 0.736318
0 0.092544 0.773984 0.106597 0.751942 0.0972366 0.733081 0.0831836 0.755124
0 0.370773 0.951694 0.374145 0.930158 0.361508 0.923905 0.358136 0.945441
0 0.357584 0.791257 0.360008 0.7723 0.350493 0.768455 0.348069 0.787412
0 0.570324 0.743395 0.571615 0.719628 0.557906 0.717274 0.556615 0.741041
0 0.298704 0.703034 0.301604 0.684086 0.291699 0.679294 0.288798 0.698243
0 0.274678 0.727313 0.276614 0.709485 0.265813 0.705777 0.263877 0.723605
0 0.219967 0.773818 0.231464 0.745874 0.221047 0.732328 0.20955 0.760272
0 0.219221 0.743136 0.224587 0.72488 0.215556 0.716491 0.21019 0.734747
0 0.469306 0.632672 0.470903 0.607043 0.459224 0.604744 0.457628 0.630374
0 0.472194 0.816478 0.474164 0.798139 0.46421 0.79476 0.46224 0.813099
0 0.610448 0.896501 0.625055 0.873571 0.615844 0.855026 0.601237 0.877955
0 0.0242698 1.00619 0.0223126 0.969752 -0.00184245 0.973853 0.000114717 1.01029
0 0.298374 0.984106 0.305697 0.949317 0.29308 0.940923 0.285757 0.975712
0 0.544916 0.874253 0.546658 0.849557 0.533723 0.846674 0.531981 0.87137
0 0.189143 0.523966 0.19099 0.498128 0.179315 0.49549 0.177468 0.521329
0 0.46109 0.915079 0.462916 0.890778 0.449583 0.887613 0.447758 0.911914
0 0.287827 0.664208 0.302847 0.641598 0.294345 0.623749 0.279326 0.646359
0 0.330291 0.93481 0.344862 0.900636 0.335411 0.887901 0.32084 0.922075
0 0.327622 0.890283 0.342803 0.8527 0.328503 0.834445 0.313322 0.872028
0 0.239222 0.745274 0.241458 0.726854 0.229986 0.722454 0.227751 0.740874
0 0.0504413 0.982175 0.0660535 0.94292 0.0544537 0.928339 0.0388415 0.967595
0 0.57286 0.763686 0.574918 0.745554 0.564768 0.741913 0.56271 0.760044
0 0.202018 0.73996 0.204594 0.714211 0.191696 0.710133 0.18912 0.735882
0 0.169496 0.637084 0.170677 0.615954 0.160059 0.614078 0.158877 0.635208
0 0.119106 0.926376 0.126565 0.909592 0.116484 0.895432 0.109025 0.912215
0 0.123779 0.817093 0.154926 0.793199 0.146329 0.757781 0.115182 0.781675
0 0.133122 0.574188 0.13569 0.549437 0.123009 0.545279 0.120441 0.570031
0 0.211785 0.677458 0.224869 0.655281 0.21678 0.640199 0.203697 0.662376
0 0.195855 0.778256 0.19814 0.750478 0.185325 0.747146 0.18304 0.774924
0 0.504406 0.784628 0.507047 0.762438 0.490954 0.756384 0.488313 0.778574
0 0.486428 0.84321 0.492738 0.82312 0.475158 0.805668 0.468848 0.825757
0 0.447423 0.830392 0.454199 0.808097 0.445077 0.799335 0.438301 0.82163
0 0.184979 0.798475 0.186453 0.774102 0.1701 0.770976 0.168626 0.795349
0 0.136922 0.851381 0.150363 0.815155 0.133291 0.795134 0.119849 0.831359
0 0.312061 0.98959 0.318733 0.95055 0.304244 0.942724 0.297572 0.981764
0 0.307581 0.841774 0.319726 0.822802 0.3103 0.803733 0.298155 0.822705
0 0.149263 0.634962 0.147584 0.608743 0.123559 0.613605 0.125237 0.639824
0 0.119491 0.716294 0.124792 0.691677 0.112987 0.683643 0.107686 0.70826
0 0.0533577 0.743931 0.0700884 0.711731 0.0540263 0.685354 0.0372956 0.717555
0 0.184759 0.703921 0.187628 0.688701 0.178569 0.683305 0.1757 0.698525
0 0.466707 0.776556 0.469697 0.751922 0.455132 0.746334 0.452142 0.770968
0 0.591003 0.856649 0.594405 0.835613 0.578968 0.827724 0.575567 0.84876
0 0.353458 0.6275 0.354955 0.607165 0.339576 0.603586 0.338078 0.623921
0 0.318458 0.579487 0.320169 0.559566 0.308194 0.556314 0.306482 0.576235
0 0.335422 0.563344 0.337053 0.545911 0.326046 0.542657 0.324415 0.56009
0 0.336109 0.742732 0.337131 0.713589 0.318051 0.711474 0.317029 0.740618
0 0.179083 0.872979 0.180964 0.847888 0.164604 0.844012 0.162723 0.869103
0 0.128406 1.003 0.128515 0.972188 0.109456 0.971974 0.109347 1.00278
0 0.317945 0.770892 0.320115 0.739285 0.296647 0.734193 0.294477 0.7658
0 0.19983 0.702404 0.203146 0.679717 0.191422 0.6743 0.188106 0.696987
0 0.112179 0.995735 0.146661 0.949707 0.131131 0.912937 0.0966493 0.958964
0 0.160383 0.863505 0.168563 0.840324 0.158852 0.829493 0.150672 0.852674
0 0.130505 0.737404 0.133887 0.710325 0.117894 0.704011 0.114511 0.73109
0 0.184965 0.744122 0.18619 0.724371 0.171739 0.721536 0.170513 0.741288
0 0.476036 0.769489 0.479885 0.743761 0.468422 0.738341 0.464573 0.764068
0 0.373209 0.796325 0.378267 0.775024 0.367505 0.766949 0.362448 0.78825
0 0.0917079 0.884151 0.105704 0.85078 0.0921747 0.832845 0.0781781 0.866216
0 0.314492 0.665612 0.319094 0.648132 0.308101 0.638984 0.303499 0.656464
0 0.348886 0.833307 0.357477 0.810436 0.346754 0.797707 0.338163 0.820577
0 0.588893 0.803892 0.593773 0.782892 0.58417 0.775839 0.57929 0.796839
0 0.645419 0.90402 0.64732 0.875821 0.634577 0.873105 0.632676 0.901304
0 0.10098 0.651111 0.101926 0.633609 0.0916119 0.631846 0.0906656 0.649349
0 0.635173 0.92034 0.638087 0.888116 0.618164 0.882423 0.61525 0.914647
0 0.575112 0.852399 0.578416 0.836227 0.566442 0.828496 0.563138 0.844667
0 0.589685 0.905793 0.592368 0.883825 0.580164 0.879113 0.57748 0.901081
0 0.373071 0.907522 0.376329 0.884953 0.362859 0.878808 0.359601 0.901376
0 0.0221367 0.585705 0.0227696 0.562498 0.00478784 0.560948 0.00415495 0.584155
0 0.114237 0.877093 0.123331 0.83748 0.108715 0.826875 0.0996207 0.866488
0 0.37024 0.920273 0.372387 0.899402 0.360599 0.895571 0.358453 0.916442
0 0.413253 0.904375 0.416023 0.884514 0.404182 0.879296 0.401413 0.899156
0 0.159127 0.458262 0.161542 0.437543 0.148736 0.432824 0.14632 0.453543
0 0.212458 0.696556 0.216504 0.677506 0.204937 0.669741 0.20089 0.688791
0 0.160611 0.985039 0.173116 0.959658 0.163551 0.944764 0.151046 0.970146
0 0.337468 0.702438 0.339845 0.6861 0.328962 0.681098 0.326586 0.697436
0 0.215681 0.864 0.21794 0.84517 0.200916 0.838714 0.198656 0.857544
0 0.293816 0.613639 0.296574 0.596712 0.285997 0.591263 0.283238 0.60819
0 0.373236 0.996555 0.379496 0.96937 0.368969 0.961709 0.362708 0.988894
0 0.268469 0.870411 0.275502 0.845194 0.263542 0.834651 0.256509 0.859868
0 0.480184 0.904892 0.48102 0.880531 0.465203 0.878817 0.464367 0.903178
0 0.309457 0.634849 0.311186 0.618879 0.302254 0.615823 0.300526 0.631794
0 0.0905535 0.971225 0.0965177 0.946572 0.083164 0.936362 0.0771999 0.961014
0 0.144195 0.869033 0.16182 0.84121 0.150447 0.818439 0.132821 0.846262
0 0.439686 0.873892 0.440674 0.853819 0.430192 0.852189 0.429205 0.872262
0 0.0410859 0.964479 0.0460177 0.936385 0.0312408 0.928187 0.026309 0.95628
0 0.627715 0.965446 0.630192 0.941207 0.617312 0.937048 0.614835 0.961287
0 0.153118 1.0095 0.160827 0.96753 0.141531 0.95633 0.133822 0.998305
0 0.185041 0.664005 0.187008 0.629266 0.168328 0.625923 0.166361 0.660662
0 0.246074 0.548643 0.247342 0.528536 0.236188 0.526315 0.234921 0.546422
0 0.297601 0.720279 0.304578 0.699488 0.295982 0.690372 0.289005 0.711163
0 0.564026 0.852737 0.565639 0.832306 0.555263 0.829717 0.55365 0.850148
0 0.618983 0.928727 0.624942 0.901047 0.606568 0.888546 0.600609 0.916226
0 0.081287 1.00616 0.106332 0.978852 0.0992092 0.958208 0.0741642 0.985519
0 0.49483 0.7233 0.495888 0.700424 0.484234 0.69872 0.483176 0.721596
0 0.424599 0.496154 0.426723 0.478341 0.411611 0.472647 0.409487 0.49046
0 0.394183 0.964362 0.396849 0.943825 0.386794 0.9397 0.384128 0.960237
0 0.0353919 0.696563 0.0419469 0.664598 0.0277768 0.655414 0.0212218 0.687379
0 0.319375 0.60507 0.321471 0.585926 0.312421 0.582794 0.310325 0.601939
0 0.256275 0.800834 0.2538 0.773426 0.227897 0.780818 0.230371 0.808226
0 0.335614 0.585512 0.337009 0.572252 0.329079 0.569615 0.327684 0.582875
0 0.557421 0.996983 0.561683 0.976229 0.55138 0.969542 0.547118 0.990296
0 0.184805 0.820864 0.187763 0.795967 0.173353 0.790556 0.170395 0.815453
0 0.10734 0.718391 0.11021 0.695936 0.0995139 0.691617 0.0966447 0.714071
0 0.239875 0.712277 0.243208 0.692236 0.231652 0.686161 0.228319 0.706202
0 0.320024 0.835629 0.322605 0.810269 0.306029 0.804936 0.303448 0.830296
0 0.257751 0.978066 0.272144 0.938161 0.256425 0.920244 0.242033 0.960149
0 0.0130919 0.711281 0.0256695 0.689415 0.01774 0.675 0.00516237 0.696865
0 0.496391 0.820228 0.499321 0.793756 0.484128 0.78844 0.481197 0.814911
0 0.111196 0.544335 0.112973 0.526538 0.101721 0.522988 0.0999441 0.540784
0 0.314238 0.582855 0.315522 0.565192 0.303661 0.562468 0.302378 0.580131
0 0.614628 0.95616 0.622282 0.934249 0.605465 0.915684 0.597812 0.937595
0 0.151557 0.758582 0.159323 0.737139 0.142775 0.718198 0.135009 0.739641
0 0.233054 0.61211 0.238006 0.589388 0.228807 0.583052 0.223855 0.605774
0 0.667938 0.763021 0.67065 0.74271 0.655196 0.736186 0.652483 0.756498
0 0.370435 0.543514 0.376232 0.522999 0.366781 0.51456 0.360985 0.535076
0 0.563168 0.801399 0.566386 0.77944 0.555735 0.774507 0.552517 0.796467
0 0.136408 0.653655 0.135531 0.631958 0.121915 0.633697 0.122793 0.655395
0 0.135466 0.772484 0.141245 0.752577 0.131312 0.743464 0.125533 0.763371
0 0.59514 0.919205 0.596854 0.89738 0.587078 0.894953 0.585364 0.916778
0 0.182045 0.542436 0.183643 0.525963 0.173655 0.522901 0.172057 0.539375
0 0.112835 0.581067 0.118255 0.564709 0.110644 0.556739 0.105224 0.573097
0 0.545005 0.851608 0.547573 0.832305 0.533838 0.826529 0.53127 0.845832
0 0.550993 0.740781 0.552272 0.721574 0.540751 0.719151 0.539473 0.738358
0 0.406618 0.970435 0.410511 0.942457 0.39774 0.936841 0.393847 0.96482
0 0.371255 0.568989 0.376879 0.550602 0.368508 0.542509 0.362883 0.560896
0 0.541908 0.982781 0.547256 0.947471 0.533166 0.940726 0.527818 0.976037
0 0.850678 0.792451 0.852144 0.705378 0.798102 0.702503 0.796636 0.789576
0 0.581809 0.74676 0.591259 0.729436 0.583333 0.715771 0.573882 0.733096
0 0.358106 0.730725 0.361636 0.70452 0.34899 0.699137 0.34546 0.725342
0 0.198546 0.570952 0.201136 0.553041 0.190037 0.547968 0.187447 0.56588
0 0.405536 1.00032 0.416198 0.981772 0.400109 0.952538 0.389448 0.971082
0 0.513283 0.792187 0.516103 0.770063 0.505929 0.765963 0.503108 0.788087
0 0.0342707 0.999459 0.0349395 0.964402 0.0118618 0.963011 0.011193 0.998068
0 0.165535 0.946877 0.168025 0.914328 0.147626 0.909396 0.145136 0.941945
0 0.346545 0.567995 0.347821 0.553374 0.339482 0.551072 0.338205 0.565693
0 0.121582 0.657634 0.12257 0.639918 0.112047 0.638065 0.11106 0.655781
0 0.176811 0.53991 0.177766 0.523912 0.165928 0.52168 0.164973 0.537678
0 0.122866 0.871155 0.129768 0.840076 0.118274 0.832007 0.111371 0.863087
0 0.261732 0.793758 0.263733 0.772732 0.251881 0.769167 0.24988 0.790193
0 0.138092 0.863978 0.143633 0.841561 0.129323 0.830382 0.123782 0.852798
0 0.327826 0.672925 0.329322 0.658846 0.316578 0.654566 0.315082 0.668646
0 0.0704044 0.710019 0.0807739 0.673402 0.0671427 0.661202 0.0567732 0.697819
0 0.391054 0.992279 0.393766 0.966515 0.38058 0.962128 0.377868 0.987892
0 0.387495 0.83063 0.389173 0.809563 0.376639 0.806407 0.374961 0.827474
0 0.340599 0.661431 0.349078 0.642635 0.342772 0.633646 0.334293 0.652442
0 0.16344 0.745836 0.171677 0.721196 0.152527 0.700962 0.144289 0.725602
0 0.555764 0.967079 0.561685 0.925921 0.548326 0.919848 0.542405 0.961005
0 0.197491 0.713736 0.198428 0.696874 0.187138 0.694893 0.186202 0.711754
0 0.221609 0.926694 0.222151 0.902956 0.20827 0.901955 0.207728 0.925692
0 0.0114654 0.984156 0.011586 0.940464 -0.00176891 0.940347 -0.00188946 0.984039
0 0.331324 0.672353 0.337449 0.657557 0.324102 0.640097 0.317978 0.654892
0 0.157096 0.739111 0.169116 0.713486 0.150278 0.685559 0.138258 0.711183
0 0.206036 0.567922 0.209766 0.553154 0.199857 0.545244 0.196127 0.560012
0 0.460857 0.969642 0.475076 0.922912 0.460935 0.909312 0.446715 0.956042
0 0.23876 0.808281 0.240703 0.781852 0.22465 0.778121 0.222707 0.80455
0 0.298526 0.888403 0.306788 0.863061 0.29579 0.851729 0.287528 0.877071
0 0.0840079 0.617325 0.0912753 0.597807 0.0827192 0.587738 0.0754518 0.607256
0 0.534415 1.00395 0.536179 0.978296 0.521781 0.975169 0.520017 1.00083
0 0.32795 0.644857 0.329237 0.62468 0.31689 0.622191 0.315603 0.642368
0 0.135589 0.992667 0.137506 0.964949 0.119556 0.961025 0.117639 0.988743
0 0.217017 0.627752 0.22112 0.60581 0.207953 0.59803 0.203851 0.619971
0 0.183992 0.117958 0.179983 0.0674573 0.139196 0.0776891 0.143204 0.12819
0 0.327804 0.663479 0.331733 0.645229 0.318384 0.636147 0.314456 0.654397
0 0.232915 0.725533 0.235776 0.707281 0.2267 0.702786 0.22384 0.721037
0 0.18114 0.911676 0.188059 0.884236 0.177139 0.875534 0.17022 0.902974
0 0.199618 0.500189 0.201551 0.485018 0.190985 0.480764 0.189052 0.495934
0 0.312928 0.741439 0.321392 0.705744 0.304054 0.692752 0.295591 0.728447
0 0.508854 0.739946 0.511684 0.720879 0.501867 0.716273 0.499037 0.73534
0 0.331857 0.771725 0.339142 0.740219 0.326447 0.730941 0.319162 0.762447
0 0.282207 0.907032 0.286365 0.875343 0.274975 0.87062 0.270817 0.902309
0 0.164381 0.672778 0.164868 0.655495 0.153568 0.65449 0.153082 0.671773
0 0.163684 0.653006 0.165572 0.632762 0.154251 0.629425 0.152363 0.649668
0 0.565526 1.00608 0.565843 0.985522 0.552675 0.98488 0.552357 1.00544
0 0.301094 0.85673 0.307286 0.831298 0.295847 0.822496 0.289656 0.847928
0 0.108961 0.67573 0.1097 0.656322 0.0979697 0.654909 0.09723 0.674317
0 0.474604 1.00435 0.476002 0.97187 0.455453 0.969073 0.454054 1.00155
0 0.361368 0.769281 0.365707 0.750485 0.356584 0.743828 0.352245 0.762624
0 0.514595 0.757252 0.522451 0.734991 0.513184 0.724654 0.505328 0.746915
0 0.169923 0.478593 0.170209 0.459684 0.158287 0.459114 0.158001 0.478023
0 0.58518 0.822038 0.586037 0.799119 0.571792 0.797437 0.570936 0.820356
0 0.07568 0.951889 0.0838831 0.916135 0.069141 0.905445 0.0609379 0.941199
0 0.283395 0.750523 0.284993 0.726096 0.271347 0.723275 0.269749 0.747702
0 0.41966 0.899155 0.421166 0.878369 0.410946 0.876029 0.40944 0.896814
0 0.291819 0.907576 0.301263 0.881244 0.289832 0.868288 0.280388 0.89462
0 0.15463 0.907489 0.166975 0.881484 0.156777 0.866182 0.144431 0.892187
0 0.534288 0.771294 0.539616 0.751138 0.525732 0.73954 0.520404 0.759695
0 0.107917 1.00428 0.113123 0.977801 0.100131 0.969726 0.0949239 0.996202
0 0.446698 0.762729 0.448276 0.743066 0.438071 0.740478 0.436493 0.760141
0 0.395958 0.664064 0.398979 0.638167 0.386208 0.633459 0.383187 0.659356
0 0.435642 0.579358 0.428215 0.510129 0.380762 0.52622 0.388189 0.595448
0 0.245822 0.740563 0.247519 0.724515 0.236528 0.72084 0.23483 0.736888
0 0.471473 0.845764 0.473956 0.825889 0.459576 0.820212 0.457093 0.840087
0 0.620893 1.00118 0.626245 0.965671 0.602705 0.954454 0.597352 0.989958
0 0.183902 0.482033 0.185612 0.463593 0.174319 0.460283 0.172609 0.478723
0 0.476099 0.852674 0.478298 0.830556 0.463798 0.826 0.461599 0.848118
0 0.510389 0.76879 0.516648 0.747985 0.508305 0.740052 0.502046 0.760857
0 0.330335 0.992058 0.337961 0.953996 0.317466 0.941018 0.30984 0.97908
0 0.264117 0.680114 0.265615 0.663981 0.255188 0.660921 0.25369 0.677054
0 0.0294102 0.951109 0.0369027 0.923595 0.026806 0.914906 0.0193135 0.942419
0 0.192753 0.846861 0.20091 0.823327 0.191053 0.812528 0.182896 0.836063
0 0.194359 0.752789 0.19628 0.732835 0.184413 0.729225 0.182492 0.749179
0 0.196473 0.587654 0.198435 0.558869 0.180429 0.55499 0.178467 0.583775
0 0.494213 0.884561 0.494292 0.866327 0.483315 0.866178 0.483237 0.884411
0 0.347249 0.50533 0.351003 0.486856 0.342148 0.48117 0.338395 0.499643
0 0.0755374 0.652985 0.0761838 0.634581 0.0668289 0.633542 0.0661826 0.651946
0 0.582761 0.87401 0.588865 0.85733 0.576877 0.843465 0.570773 0.860145
0 0.224752 0.697426 0.229448 0.680601 0.220915 0.673072 0.216218 0.689897
0 0.262766 0.725568 0.264895 0.706127 0.254693 0.702595 0.252563 0.722036
0 0.583927 0.63987 0.584986 0.619952 0.573902 0.618089 0.572842 0.638007
0 0.0607492 0.541616 0.0616167 0.524981 0.0516821 0.523344 0.0508146 0.539978
0 0.110591 0.495895 0.112244 0.478036 0.102372 0.475149 0.100719 0.493008
0 0.244728 0.530584 0.247782 0.513548 0.236247 0.507014 0.233193 0.52405
0 0.0465565 1.00536 0.0495798 0.97363 0.0318071 0.968278 0.0287837 1.00001
0 0.362568 0.760687 0.371077 0.744789 0.364171 0.733108 0.355662 0.749006
0 0.185231 0.855947 0.189189 0.838846 0.17725 0.830112 0.173291 0.847212
0 0.315991 0.621318 0.318061 0.605338 0.308264 0.601327 0.306194 0.617307
0 0.36777 0.703223 0.369211 0.682666 0.356082 0.679757 0.354641 0.700314
0 0.49906 0.739183 0.500975 0.72125 0.491046 0.717899 0.489131 0.735833
0 0.111626 0.710711 0.112469 0.686664 0.100971 0.68539 0.100128 0.709436
0 0.125478 0.498704 0.127011 0.479527 0.114876 0.476461 0.113343 0.495637
0 0.171834 0.980143 0.181727 0.946917 0.170602 0.936448 0.16071 0.969674
0 0.464577 0.80393 0.466722 0.781606 0.456376 0.778464 0.454231 0.800787
0 0.0558266 0.700141 0.0649723 0.676768 0.0558847 0.66553 0.046739 0.688903
0 0.414572 0.510182 0.417243 0.487635 0.398977 0.480796 0.396306 0.503343
0 0.262971 0.746611 0.265101 0.726795 0.253407 0.722822 0.251277 0.742638
0 0.181212 0.840178 0.188855 0.81919 0.178323 0.807067 0.17068 0.828055
0 0.654451 0.742803 0.655014 0.721952 0.641307 0.720783 0.640744 0.741634
0 0.158411 0.803549 0.164146 0.776761 0.149486 0.766842 0.143751 0.79363
0 0.34129 0.952148 0.344009 0.932084 0.33006 0.926109 0.327341 0.946173
0 0.152031 0.696458 0.152717 0.676799 0.138337 0.675214 0.137651 0.694872
0 0.110223 0.918576 0.114063 0.894626 0.0953206 0.885131 0.0914816 0.909081
0 0.388105 0.620353 0.391279 0.566518 0.363107 0.561268 0.359932 0.615103
0 0.232981 0.544625 0.234977 0.528512 0.227149 0.525448 0.225153 0.541561
0 0.176859 0.716017 0.178144 0.699172 0.167413 0.696584 0.166127 0.713428
0 0.340895 0.90909 0.346892 0.884145 0.337964 0.877361 0.331966 0.902305
0 0.639713 0.752301 0.642111 0.732485 0.627438 0.726874 0.625041 0.74669
0 0.20736 0.591498 0.208787 0.57256 0.197664 0.569911 0.196237 0.588849
0 0.289173 0.592441 0.291066 0.57254 0.280665 0.569413 0.278772 0.589315
0 0.598373 0.577218 0.599889 0.555643 0.586753 0.552727 0.585238 0.574302
0 0.220755 0.794742 0.227865 0.777046 0.218005 0.764527 0.210896 0.782224
0 0.520132 0.789359 0.525481 0.770007 0.513433 0.759482 0.508084 0.778834
0 0.311097 0.671897 0.312371 0.653483 0.301871 0.651186 0.300597 0.6696
0 0.49212 0.846109 0.496709 0.825472 0.480745 0.814254 0.476157 0.834891
0 0.257785 0.69747 0.258577 0.682352 0.248558 0.680695 0.247767 0.695813
0 0.289605 0.773398 0.291166 0.750722 0.273989 0.746983 0.272427 0.769659
0 0.523883 0.819578 0.524792 0.792402 0.508283 0.790655 0.507374 0.817832
0 0.215574 0.849784 0.226443 0.823387 0.21708 0.811202 0.206211 0.837598
0 0.338928 0.665107 0.346908 0.64868 0.340536 0.638897 0.332556 0.655323
0 0.675046 0.726212 0.679684 0.710281 0.667006 0.698613 0.662367 0.714544
0 0.599677 0.747364 0.603506 0.726372 0.593382 0.720536 0.589553 0.741527
0 0.160133 0.964617 0.165845 0.940064 0.153698 0.931131 0.147985 0.955684
0 0.481803 0.815987 0.484071 0.796665 0.472922 0.79253 0.470655 0.811852
0 0.614934 0.887241 0.626934 0.8406 0.601842 0.820196 0.589842 0.866837
0 0.344699 0.678828 0.350475 0.65889 0.343123 0.652159 0.337347 0.672098
0 0.336258 0.813312 0.341236 0.792262 0.332428 0.78568 0.327451 0.806729
0 0.298722 0.582822 0.299953 0.565676 0.289984 0.563415 0.288753 0.580561
0 0.132684 0.916098 0.138629 0.888008 0.12497 0.878872 0.119025 0.906962
0 0.421476 0.964824 0.424005 0.930507 0.408567 0.926912 0.406038 0.961229
0 0.232156 0.826133 0.233368 0.805095 0.221017 0.802846 0.219805 0.823885
0 0.588094 0.837967 0.592039 0.8177 0.580979 0.810897 0.577034 0.831163
0 0.22306 0.543678 0.225774 0.526898 0.218137 0.522994 0.215423 0.539774
0 0.157295 0.501772 0.158871 0.483261 0.149323 0.480692 0.147747 0.499203
0 0.383998 0.960357 0.386708 0.939594 0.376451 0.935362 0.373741 0.956126
0 0.614521 0.976779 0.617721 0.949386 0.598858 0.942421 0.595658 0.969814
0 0.306676 0.697745 0.308936 0.680529 0.300352 0.676968 0.298092 0.694183
0 0.344421 0.574715 0.346175 0.559971 0.336731 0.55642 0.334977 0.571164
0 0.37078 0.659619 0.372369 0.640214 0.361684 0.637448 0.360095 0.656853
0 0.43944 0.802415 0.443097 0.782856 0.433515 0.777194 0.429858 0.796753
0 0.274717 0.634556 0.276927 0.614688 0.268099 0.611584 0.265889 0.631452
0 0.436304 0.978885 0.447365 0.946362 0.433476 0.931433 0.422415 0.963956
0 0.895122 0.798269 0.905419 0.75828 0.885214 0.741836 0.874917 0.781825
0 0.379499 0.815221 0.380831 0.791909 0.368118 0.789613 0.366786 0.812925
0 0.443345 0.843895 0.44768 0.826937 0.438063 0.819167 0.433728 0.836125
0 0.157823 0.774339 0.160534 0.754824 0.146701 0.74875 0.14399 0.768265
0 0.310071 0.177973 0.311045 0.145235 0.297785 0.143989 0.296812 0.176727
0 0.251678 0.700587 0.253299 0.681901 0.243782 0.679291 0.24216 0.697977
0 0.270363 0.653966 0.272389 0.638157 0.263481 0.634549 0.261455 0.650358
0 0.365958 0.811139 0.369404 0.789424 0.35802 0.783714 0.354574 0.805429
0 0.409683 0.882558 0.41183 0.865214 0.40031 0.860704 0.398162 0.878048
0 0.286682 0.885921 0.291801 0.860805 0.281083 0.853901 0.275965 0.879018
0 0.178167 0.592392 0.179972 0.562227 0.158902 0.558243 0.157097 0.588408
0 0.110157 0.753741 0.119237 0.728757 0.107454 0.715223 0.0983741 0.740207
0 0.172775 0.959599 0.181255 0.933526 0.169538 0.92148 0.161057 0.947553
0 0.281876 0.643813 0.282931 0.625986 0.272504 0.624036 0.271449 0.641863
0 0.658429 0.741312 0.659685 0.718597 0.64634 0.716265 0.645084 0.73898
0 0.221778 0.684416 0.227638 0.664754 0.219519 0.657108 0.21366 0.67677
0 0.333527 0.528321 0.336052 0.511599 0.326982 0.507271 0.324457 0.523994
0 0.201655 0.857275 0.205035 0.837949 0.193398 0.831516 0.190018 0.850841
0 0.330725 0.90779 0.337454 0.879635 0.327575 0.872172 0.320846 0.900328
0 0.351378 0.886121 0.353666 0.863856 0.339665 0.85931 0.337378 0.881575
0 0.0834695 0.632322 0.0852927 0.615313 0.0763368 0.612279 0.0745136 0.629288
0 0.171873 0.799397 0.175309 0.779129 0.162361 0.772192 0.158925 0.792461
0 0.0294689 0.850036 0.0387606 0.792216 0.00336283 0.774238 -0.00592879 0.832057
0 0.270408 0.478328 0.272233 0.462162 0.262894 0.458831 0.261069 0.474997
0 0.250308 0.436984 0.261551 0.42042 0.254878 0.406104 0.243635 0.422667
0 0.236086 0.886884 0.2443 0.856413 0.233644 0.847335 0.22543 0.877806
0 0.600139 0.96314 0.602764 0.944919 0.58671 0.937608 0.584084 0.95583
0 0.118858 0.797259 0.134462 0.77147 0.125099 0.753564 0.109495 0.779354
0 0.456105 0.799326 0.458581 0.770405 0.448054 0.767557 0.445579 0.796478
0 0.319543 0.723463 0.322563 0.69968 0.304379 0.692382 0.301359 0.716165
0 0.476571 0.980874 0.481878 0.949346 0.466112 0.940958 0.460805 0.972486
0 0.134158 0.914484 0.150333 0.887456 0.141217 0.870214 0.125042 0.897242
0 0.3823 1.00413 0.383194 0.981905 0.369704 0.98019 0.36881 1.00242
0 0.245012 0.525017 0.247805 0.508897 0.236368 0.502635 0.233576 0.518755
0 0.366169 0.620906 0.369284 0.602597 0.357736 0.596387 0.354621 0.614695
0 0.245344 0.610188 0.246443 0.594218 0.237492 0.592272 0.236393 0.608243
0 0.230163 0.958552 0.236665 0.928817 0.217926 0.915866 0.211424 0.945601
0 0.468852 0.890127 0.470123 0.869053 0.456614 0.866478 0.455344 0.887553
0 0.670805 0.180717 0.677891 0.15286 0.661314 0.139532 0.654227 0.167389
0 0.58773 0.702565 0.589322 0.685146 0.579727 0.682373 0.578134 0.699792
0 0.294467 1.00126 0.297349 0.97407 0.276404 0.96705 0.273521 0.994237
0 0.469022 0.693747 0.470566 0.674624 0.458743 0.671608 0.457199 0.690731
0 0.0982034 0.61178 0.103738 0.591167 0.0958071 0.584437 0.0902726 0.60505
0 0.244688 1.00081 0.269265 0.981787 0.263343 0.957601 0.238766 0.976619
0 0.230016 0.69681 0.234044 0.677914 0.223316 0.670685 0.219287 0.689581
0 0.26614 0.664965 0.267587 0.651142 0.258536 0.648148 0.257089 0.661971
0 0.231155 0.732412 0.232806 0.714529 0.221325 0.711179 0.219674 0.729061
0 0.184162 0.717038 0.185681 0.701855 0.176774 0.699038 0.175254 0.71422
0 0.280463 0.244859 0.295227 0.188123 0.25883 0.158189 0.244066 0.214925
0 0.193655 0.688013 0.199634 0.660882 0.189003 0.653478 0.183024 0.680608
0 0.587848 0.765712 0.590024 0.746244 0.579879 0.742659 0.577703 0.762127
0 0.15502 0.826913 0.163171 0.780951 0.142543 0.769389 0.134392 0.815351
0 0.12172 0.475069 0.12216 0.458174 0.110405 0.457207 0.109965 0.474102
0 0.581733 0.789019 0.58356 0.769047 0.57351 0.766142 0.571683 0.786113
0 0.0227993 0.632239 0.0219152 0.607693 0.00672055 0.609423 0.00760462 0.633969
0 0.338458 0.494744 0.34448 0.477051 0.335628 0.46753 0.329606 0.485224
0 0.448738 0.809907 0.452654 0.791088 0.444289 0.785586 0.440373 0.804406
0 0.108539 0.566482 0.111333 0.548383 0.0996572 0.542688 0.0968638 0.560787
0 0.490017 1.0003 0.501492 0.9769 0.483004 0.948246 0.47153 0.971645
0 0.373284 0.748653 0.37974 0.729317 0.371146 0.720248 0.36469 0.739585
0 0.379356 0.573593 0.392425 0.55493 0.385727 0.540109 0.372659 0.558772
0 0.270796 0.743445 0.272241 0.724406 0.261595 0.721852 0.26015 0.740891
0 0.311233 0.787647 0.31347 0.77104 0.303618 0.766846 0.301381 0.783453
0 0.348769 0.763289 0.352363 0.746242 0.342455 0.73964 0.338861 0.756687
0 0.343376 0.800603 0.3498 0.769794 0.336878 0.761278 0.330454 0.792087
0 0.379283 0.64049 0.379932 0.622402 0.368797 0.62114 0.368148 0.639227
0 0.0723896 0.523123 0.0731603 0.507655 0.0625486 0.505984 0.0617779 0.521452
0 0.113689 0.522879 0.115121 0.504574 0.10379 0.501773 0.102358 0.520077
0 0.362423 0.587488 0.36363 0.569269 0.354438 0.567344 0.35323 0.585562
0 0.282542 0.638995 0.287856 0.621329 0.279508 0.613392 0.274194 0.631058
0 0.383814 0.539361 0.400122 0.521395 0.393393 0.502093 0.377086 0.520059
0 0.169952 0.461101 0.172793 0.443195 0.163008 0.438288 0.160167 0.456194
0 0.477373 0.732545 0.477987 0.715798 0.466885 0.714512 0.466271 0.73126
0 0.471706 0.744892 0.475043 0.728186 0.466468 0.722772 0.46313 0.739478
0 0.428186 0.769217 0.429684 0.749173 0.417196 0.746226 0.415699 0.766269
0 0.0837385 0.76789 0.0862366 0.745622 0.0716299 0.740443 0.0691318 0.762711
0 0.0256139 0.614718 0.0261152 0.595492 0.0136065 0.594461 0.0131052 0.613688
0 0.193755 1.00773 0.198538 0.982048 0.17601 0.968786 0.171227 0.994466
0 0.0250635 0.566509 0.0257906 0.549863 0.0101183 0.547699 0.00939122 0.564345
0 0.561415 0.167995 0.570629 0.123425 0.548146 0.108735 0.538932 0.153305
0 0.466815 0.75308 0.471531 0.737034 0.462256 0.728419 0.45754 0.744466
