0 0.308901 0.587635 0.30724 0.535987 0.27764 0.538995 0.279301 0.590643
0 0.986302 1.08392 1.02546 0.856575 0.79287 0.729973 0.753715 0.957317
0 0.424773 0.943545 0.420329 0.882606 0.384202 0.890931 0.388645 0.95187
0 0.287153 0.913742 0.286815 0.87538 0.265335 0.875978 0.265673 0.91434
0 0.377692 1.0122 0.393218 0.983624 0.381947 0.964272 0.366421 0.992852
0 0.200538 0.934371 0.207968 0.8612 0.177971 0.851572 0.170541 0.924744
0 0.520045 1.0203 0.531149 0.971145 0.489872 0.94167 0.478767 0.990821
0 0.270959 0.982313 0.262016 0.87017 0.192282 0.887745 0.201226 0.999889
0 0.402054 0.994587 0.417167 0.950599 0.398373 0.930192 0.38326 0.974179
0 0.512557 0.958096 0.516597 0.898113 0.490597 0.892579 0.486558 0.952562
0 0.769825 1.03589 0.822578 0.958562 0.742436 0.785766 0.689683 0.863091
0 0.194221 0.972722 0.200362 0.933545 0.177653 0.922294 0.171512 0.961472
0 0.836832 0.66154 0.838093 0.612969 0.812281 0.610851 0.811019 0.659422
0 0.298541 0.741589 0.298433 0.715676 0.280138 0.715917 0.280246 0.74183
0 0.574012 0.953582 0.581586 0.901478 0.557727 0.890517 0.550153 0.942621
0 0.247418 1.01495 0.276326 0.978462 0.263069 0.945263 0.234161 0.981747
0 0.311455 0.993385 0.319825 0.954432 0.304854 0.944266 0.296485 0.983219
0 0.668944 0.508175 0.666984 0.46506 0.638191 0.469196 0.640151 0.512312
0 0.152879 0.994218 0.183335 0.930695 0.163568 0.900742 0.133112 0.964265
0 0.270577 0.707254 0.295163 0.690329 0.29022 0.667639 0.265635 0.684564
0 0.326982 0.987635 0.366647 0.914605 0.332859 0.856605 0.293194 0.929635
0 0.328494 1.01155 0.342538 0.981445 0.329966 0.962911 0.315922 0.99302
0 0.453654 0.930074 0.467459 0.89001 0.441947 0.862226 0.428142 0.902291
0 0.896472 0.794423 0.908603 0.730328 0.879319 0.712811 0.867188 0.776907
0 0.149356 1.00298 0.14727 0.959349 0.110984 0.964832 0.11307 1.00846
0 0.635614 0.667638 0.64182 0.634086 0.62617 0.624936 0.619963 0.658489
0 0.919671 0.748486 0.928691 0.708414 0.879238 0.673229 0.870217 0.713302
0 0.286689 0.874229 0.29921 0.825972 0.279567 0.809865 0.267047 0.858121
0 0.37625 0.80595 0.38076 0.776746 0.362687 0.767925 0.358177 0.797129
0 0.153277 0.898423 0.182281 0.876622 0.175658 0.848777 0.146654 0.870577
0 0.622103 0.690904 0.630913 0.668692 0.615667 0.649579 0.606856 0.671791
0 0.299104 0.909257 0.302541 0.877997 0.28442 0.871699 0.280982 0.902959
0 0.192639 1.00306 0.215227 0.966359 0.201241 0.939152 0.178653 0.975849
0 0.261581 0.828247 0.269953 0.803132 0.256428 0.788881 0.248055 0.813997
0 0.332263 0.855261 0.348063 0.820341 0.332819 0.798541 0.317019 0.833462
0 0.423267 0.865536 0.435492 0.837659 0.417294 0.812438 0.405069 0.840315
0 0.265364 0.858492 0.277887 0.822182 0.265126 0.808271 0.252602 0.844581
0 0.35179 1.0039 0.360107 0.967547 0.343473 0.955521 0.335156 0.991878
0 0.157805 1.00462 0.184908 0.975086 0.175749 0.948525 0.148647 0.978059
0 0.451643 0.960715 0.468138 0.9341 0.455443 0.909233 0.438948 0.935849
0 0.651806 0.594453 0.663891 0.575733 0.655245 0.558092 0.64316 0.576811
0 0.183439 0.836797 0.19146 0.789557 0.16634 0.776076 0.158319 0.823317
0 0.625229 0.616976 0.62743 0.597939 0.615526 0.59359 0.613325 0.612626
0 0.613399 0.666496 0.61899 0.642625 0.605176 0.6324 0.599586 0.656272
0 0.309615 0.846997 0.312733 0.816901 0.295908 0.811392 0.29279 0.841487
0 0.233845 0.561187 0.233341 0.52019 0.21112 0.521053 0.211624 0.56205
0 0.613846 0.961988 0.614538 0.933247 0.591144 0.931465 0.590451 0.960206
0 0.49747 0.902433 0.500103 0.876034 0.485206 0.871337 0.482572 0.897736
0 0.700102 0.60817 0.712499 0.562138 0.689051 0.542181 0.676655 0.588213
0 0.413438 0.785788 0.413901 0.758207 0.393839 0.757143 0.393376 0.784723
0 0.283003 0.764271 0.284194 0.742132 0.271097 0.739904 0.269906 0.762043
0 0.664645 0.616248 0.66934 0.585771 0.656721 0.579628 0.652026 0.610105
0 0.607563 1.01115 0.621176 0.971314 0.600915 0.949431 0.587303 0.989263
0 0.424682 0.550805 0.426944 0.51285 0.404936 0.508704 0.402674 0.546659
0 0.126284 0.564065 0.130199 0.529021 0.105325 0.520239 0.10141 0.555283
0 0.248888 0.817529 0.254769 0.795084 0.242907 0.785261 0.237026 0.807706
0 0.445374 1.01069 0.455604 0.993892 0.447376 0.978051 0.437146 0.994845
0 0.192552 0.788059 0.214825 0.763773 0.205905 0.737919 0.183632 0.762205
0 0.640459 0.787991 0.652569 0.751776 0.637552 0.735906 0.625442 0.77212
0 0.632928 0.725355 0.644536 0.705844 0.628265 0.675248 0.616657 0.694759
0 0.361019 0.701625 0.368413 0.678032 0.356704 0.666434 0.34931 0.690027
0 0.170422 0.925444 0.164356 0.876999 0.130717 0.89031 0.136783 0.938755
0 0.254722 0.849914 0.263477 0.820467 0.252017 0.809698 0.243262 0.839145
0 0.490233 0.834292 0.492165 0.782477 0.461984 0.778921 0.460053 0.830736
0 0.499567 0.374156 0.500467 0.318292 0.467749 0.316626 0.466849 0.37249
0 0.348967 0.877679 0.362549 0.836255 0.346136 0.819247 0.332554 0.860671
0 0.578586 0.987921 0.579374 0.958567 0.560316 0.95695 0.559528 0.986304
0 0.393221 0.974825 0.38221 0.873029 0.342199 0.886707 0.353209 0.988504
0 0.407607 0.895013 0.411368 0.866336 0.396578 0.860205 0.392817 0.888882
0 0.274109 0.817271 0.284093 0.785476 0.271631 0.773109 0.261647 0.804904
0 0.544163 1.00734 0.546725 0.975204 0.527888 0.970457 0.525325 1.00259
0 0.554422 0.988496 0.557748 0.961074 0.540724 0.954549 0.537399 0.981971
0 0.490653 0.947504 0.495454 0.899674 0.473619 0.892747 0.468818 0.940577
0 0.725287 0.58013 0.728591 0.542851 0.708363 0.537184 0.705058 0.574463
0 0.542542 0.960299 0.546129 0.921136 0.522572 0.914319 0.518985 0.953481
0 0.262419 0.691148 0.274523 0.659321 0.26222 0.644532 0.250115 0.676359
0 0.493698 0.857316 0.498324 0.82821 0.485126 0.82158 0.480499 0.850685
0 0.480419 1.00294 0.490888 0.949677 0.454807 0.927265 0.444338 0.980532
0 0.557089 0.967041 0.563922 0.939616 0.545811 0.925355 0.538978 0.952779
0 0.197262 0.872785 0.217365 0.829057 0.199334 0.802857 0.179231 0.846585
0 0.304933 0.705823 0.313871 0.691513 0.304132 0.672288 0.295194 0.686598
0 0.0964053 0.909887 0.0986261 0.880835 0.0839171 0.877281 0.0816963 0.906333
0 0.450381 0.867854 0.455331 0.845721 0.43672 0.832565 0.43177 0.854699
0 0.638481 0.68655 0.642659 0.665591 0.630422 0.657882 0.626244 0.678841
0 0.352527 0.839441 0.367223 0.816996 0.358182 0.798288 0.343487 0.820733
0 0.409234 0.83967 0.41074 0.811067 0.394556 0.808375 0.39305 0.836977
0 0.176699 0.782567 0.178343 0.756635 0.163276 0.753617 0.161632 0.779549
0 0.384114 0.784763 0.386022 0.764274 0.373672 0.76064 0.371764 0.781129
0 0.534662 0.933393 0.588712 0.878885 0.569118 0.81748 0.515069 0.871989
0 0.64996 0.800061 0.656183 0.775277 0.642121 0.764118 0.635898 0.788903
0 0.42011 0.991618 0.426893 0.962857 0.41453 0.953643 0.407747 0.982404
0 0.661925 0.806108 0.677176 0.788755 0.657083 0.732942 0.641831 0.750295
0 0.442707 0.886932 0.445666 0.851389 0.426403 0.846321 0.423444 0.881864
0 0.589776 0.969426 0.590309 0.939566 0.567135 0.93826 0.566603 0.968119
0 0.21392 0.844826 0.240654 0.813279 0.229734 0.784032 0.203 0.815578
0 0.331656 0.125529 0.325997 0.0823654 0.291988 0.0964559 0.297646 0.139619
0 0.60108 0.767515 0.610731 0.744861 0.58992 0.716842 0.580269 0.739496
0 1.01025 0.879555 1.02193 0.723836 0.943521 0.705258 0.931846 0.860977
0 0.271515 0.894482 0.272947 0.854281 0.252622 0.851992 0.25119 0.892193
0 0.883573 0.690617 0.88102 0.664894 0.856992 0.67243 0.859544 0.698153
0 0.319497 0.796158 0.321103 0.774258 0.303681 0.770221 0.302075 0.792121
0 0.469095 1.01104 0.474002 0.988105 0.453015 0.973913 0.448108 0.996845
0 0.602769 0.672078 0.606287 0.642798 0.591187 0.637064 0.587669 0.666344
0 0.39964 0.877253 0.403604 0.850579 0.391793 0.845032 0.387829 0.871706
0 0.654689 0.669359 0.655476 0.621955 0.63922 0.621103 0.638434 0.668507
0 0.475489 0.92269 0.477457 0.861181 0.454159 0.858824 0.45219 0.920333
0 0.585378 1.01262 0.595363 0.988478 0.58417 0.973848 0.574185 0.997993
0 0.82795 0.630459 0.841285 0.598727 0.825899 0.57829 0.812563 0.610023
0 0.182511 0.765427 0.184153 0.743435 0.171481 0.740445 0.169839 0.762436
0 0.260146 0.897633 0.260028 0.854527 0.234465 0.854748 0.234583 0.897854
0 0.60835 0.634614 0.616688 0.611022 0.60735 0.600592 0.599012 0.624184
0 0.301361 0.721821 0.304653 0.700607 0.288949 0.692903 0.285656 0.714118
0 0.934883 0.712801 0.939446 0.680358 0.913369 0.668769 0.908807 0.701211
0 0.379537 0.865098 0.385268 0.83011 0.362898 0.81853 0.357168 0.853517
0 0.289289 0.115794 0.307857 0.0887898 0.280841 0.0300762 0.262272 0.0570804
0 0.596625 0.835095 0.604836 0.817315 0.589731 0.795268 0.58152 0.813048
0 0.523701 0.840552 0.528168 0.818363 0.514295 0.809536 0.509828 0.831725
0 0.0666113 0.341577 0.0847707 0.319391 0.068177 0.276465 0.0500176 0.298651
0 0.43721 0.979155 0.446162 0.947461 0.434505 0.937056 0.425554 0.96875
0 0.282434 0.676197 0.285455 0.655864 0.271552 0.649336 0.268531 0.669668
0 0.440066 0.937923 0.444881 0.900718 0.428364 0.893961 0.423549 0.931167
0 0.133858 0.611581 0.134543 0.591891 0.119198 0.590203 0.118512 0.609893
0 0.292713 0.93061 0.297698 0.903344 0.286325 0.896774 0.28134 0.92404
0 0.446849 0.988384 0.454333 0.955479 0.440944 0.945855 0.43346 0.97876
0 0.521107 0.969341 0.528839 0.940843 0.516388 0.930166 0.508656 0.958665
0 0.438419 0.783378 0.442441 0.753656 0.425187 0.746278 0.421166 0.776
0 0.426963 0.965666 0.437158 0.933281 0.424628 0.920812 0.414432 0.953197
0 0.673087 0.478245 0.67529 0.454769 0.660099 0.450265 0.657897 0.47374
0 0.59815 0.622695 0.598712 0.601757 0.584828 0.600578 0.584266 0.621517
0 0.633984 0.641741 0.636623 0.617796 0.622461 0.612865 0.619822 0.63681
0 0.0842813 1.00389 0.0837268 0.979071 0.064614 0.980421 0.0651685 1.00524
0 0.485292 0.74699 0.486216 0.700457 0.463349 0.699022 0.462425 0.745555
0 0.535792 0.840128 0.541303 0.817271 0.53001 0.808666 0.524499 0.831523
0 0.672714 0.706918 0.675333 0.685069 0.663098 0.680434 0.660479 0.702283
0 0.634523 0.604083 0.636226 0.584067 0.622064 0.580258 0.62036 0.600273
0 0.509869 0.876605 0.515261 0.849919 0.50484 0.843263 0.499447 0.869949
0 0.390149 0.801624 0.393918 0.78126 0.382661 0.774675 0.378892 0.795038
0 0.63863 0.742534 0.641538 0.722605 0.629596 0.717099 0.626689 0.737029
0 0.48757 0.226914 0.490877 0.17284 0.461015 0.167068 0.457708 0.221143
0 0.622968 0.754772 0.629202 0.714365 0.60322 0.701696 0.596986 0.742104
0 0.427427 0.767492 0.435123 0.731759 0.41994 0.721425 0.412244 0.757158
0 0.379601 0.387144 0.380687 0.360371 0.361922 0.357965 0.360836 0.384738
0 0.28764 0.884957 0.289202 0.863526 0.273819 0.859985 0.272258 0.881416
0 0.285995 0.819798 0.291555 0.79499 0.280653 0.787268 0.275093 0.812076
0 0.344094 0.677459 0.3465 0.650128 0.329399 0.64537 0.326993 0.672701
0 0.29358 0.79028 0.298882 0.768052 0.287113 0.759181 0.281812 0.78141
0 0.38269 0.924519 0.392309 0.861158 0.350617 0.841155 0.340998 0.904515
0 0.502381 0.806143 0.505021 0.779024 0.491203 0.774773 0.488564 0.801892
0 0.603838 0.86009 0.605116 0.830624 0.584297 0.82777 0.583019 0.857236
0 0.0940712 1.007 0.122409 0.976739 0.114536 0.953438 0.0861978 0.983702
0 0.612958 0.732608 0.62339 0.681419 0.58448 0.656358 0.574048 0.707547
0 0.338856 0.874153 0.341584 0.844878 0.326019 0.840293 0.323291 0.869568
0 0.44131 0.841053 0.450971 0.803823 0.427333 0.784438 0.417673 0.821669
0 0.302402 0.935709 0.315175 0.902354 0.303932 0.888746 0.291159 0.922101
0 0.588252 0.909372 0.598128 0.901052 0.587415 0.86086 0.577539 0.869179
0 0.426715 0.90622 0.431212 0.882768 0.414134 0.872419 0.409638 0.895871
0 0.188953 1.00202 0.203906 0.964377 0.19086 0.947997 0.175907 0.985636
0 0.925283 0.677124 0.930501 0.659158 0.915547 0.645431 0.910329 0.663397
0 0.619724 0.538464 0.62273 0.513171 0.608739 0.507917 0.605734 0.533209
0 0.53932 0.767421 0.540345 0.695839 0.504416 0.694214 0.503392 0.765796
0 0.68109 0.597393 0.684706 0.571261 0.672333 0.565852 0.668718 0.591983
0 0.209648 0.582713 0.210312 0.56136 0.196202 0.559974 0.195538 0.581326
0 0.227903 0.584622 0.229552 0.566951 0.215363 0.562766 0.213714 0.580437
0 0.41729 0.878822 0.423722 0.858249 0.408625 0.843331 0.402193 0.863904
0 0.0712366 0.96478 0.0758316 0.942212 0.0654001 0.935499 0.060805 0.958067
0 0.216376 0.747472 0.218048 0.726697 0.205598 0.72353 0.203926 0.744305
0 0.306838 0.811054 0.311076 0.792219 0.294725 0.78059 0.290487 0.799424
0 0.404708 1.00734 0.407037 0.983406 0.388463 0.977692 0.386134 1.00162
0 0.916875 0.605892 0.928172 0.576175 0.90811 0.552069 0.896812 0.581787
0 0.012126 0.996789 0.0137199 0.967895 -0.000758804 0.96537 -0.00235275 0.994265
0 0.633865 0.760509 0.636883 0.738379 0.623875 0.73277 0.620857 0.754901
0 0.288349 0.802596 0.293371 0.78561 0.283877 0.77674 0.278855 0.793726
0 0.475917 0.774242 0.491647 0.749922 0.484118 0.734533 0.468389 0.758854
0 0.371129 0.63006 0.3746 0.60084 0.359492 0.595167 0.35602 0.624387
0 0.133421 0.973235 0.145864 0.930769 0.127355 0.913627 0.114911 0.956093
0 0.413625 0.59505 0.441022 0.573839 0.433837 0.54451 0.406441 0.56572
0 0.298642 0.832348 0.301551 0.807619 0.285614 0.801694 0.282704 0.826422
0 0.511192 0.812327 0.517738 0.790669 0.506131 0.779582 0.499585 0.801239
0 0.620032 0.644034 0.625412 0.619399 0.613281 0.611026 0.607901 0.635661
0 0.21304 0.88672 0.217223 0.86551 0.202365 0.85625 0.198183 0.87746
0 0.38805 0.581532 0.407527 0.502865 0.379258 0.480744 0.35978 0.55941
0 0.587043 0.836685 0.591148 0.819187 0.580112 0.811004 0.576007 0.828502
0 0.323802 0.581717 0.325554 0.547194 0.307937 0.544369 0.306185 0.578891
0 0.59482 0.584346 0.605235 0.56071 0.594706 0.546047 0.584291 0.569683
0 0.332006 0.703713 0.336574 0.681529 0.327673 0.675736 0.323105 0.69792
0 0.12078 0.94113 0.124578 0.919521 0.115297 0.914365 0.111499 0.935974
0 0.368389 1.00758 0.376071 0.983961 0.365493 0.973088 0.357811 0.996708
0 0.358661 0.790895 0.365699 0.768526 0.355842 0.758724 0.348804 0.781093
0 0.278454 1.01108 0.283301 0.983356 0.268844 0.975367 0.263997 1.00309
0 0.112318 0.791068 0.125623 0.738874 0.100824 0.718896 0.0875196 0.77109
0 0.376838 0.363564 0.37759 0.33733 0.354071 0.3352 0.35332 0.361435
0 0.513111 0.810109 0.522994 0.787464 0.51319 0.77394 0.503307 0.796586
0 0.964033 0.712052 0.967452 0.68927 0.951129 0.681528 0.94771 0.704309
0 0.0238991 0.483521 0.0240651 0.396256 -0.00654721 0.396072 -0.00671325 0.483337
0 0.550501 0.334819 0.547116 0.301087 0.520413 0.309555 0.523798 0.343287
0 0.387703 0.848393 0.394372 0.830603 0.382081 0.816043 0.375413 0.833833
0 0.700584 0.550649 0.701037 0.526728 0.685602 0.525803 0.685149 0.549724
0 0.939112 0.72319 0.942661 0.705841 0.929459 0.697307 0.92591 0.714655
0 0.275436 0.743614 0.280384 0.719095 0.268166 0.711302 0.263218 0.735821
0 0.677914 0.55968 0.679552 0.535206 0.664421 0.532007 0.662784 0.556481
0 0.467677 0.80068 0.470056 0.751583 0.449493 0.748434 0.447114 0.79753
0 0.274875 0.781662 0.277151 0.760915 0.266764 0.757313 0.264487 0.77806
0 0.624478 1.01385 0.744034 0.831694 0.704667 0.750035 0.585111 0.932192
0 0.294823 0.994586 0.306552 0.963827 0.295747 0.950806 0.284018 0.981565
0 0.307487 0.668358 0.309241 0.641814 0.291992 0.638211 0.290238 0.664754
0 0.71872 0.613906 0.730303 0.57944 0.716442 0.564718 0.704859 0.599184
0 0.936776 0.828758 0.951875 0.785762 0.916283 0.746258 0.901184 0.789255
0 0.416841 0.812118 0.418932 0.791539 0.405445 0.787208 0.403354 0.807787
0 0.589181 0.944531 0.591907 0.923926 0.576528 0.917496 0.573802 0.938101
0 0.521818 0.937767 0.526425 0.906156 0.512756 0.899859 0.508149 0.931471
0 0.367123 0.5973 0.368673 0.574754 0.35506 0.571797 0.35351 0.594343
0 0.949134 0.685746 0.957892 0.665796 0.941705 0.643338 0.932947 0.663288
0 0.40646 0.579042 0.415008 0.549183 0.395875 0.531872 0.387327 0.561731
0 0.347961 0.82061 0.350377 0.79822 0.335449 0.79313 0.333033 0.81552
0 0.343383 0.981828 0.353078 0.935887 0.325872 0.917742 0.316177 0.963683
0 0.313321 0.621206 0.321434 0.598442 0.305265 0.580229 0.297152 0.602993
0 0.359718 0.405219 0.360024 0.384086 0.33309 0.382853 0.332784 0.403986
0 0.124271 0.596797 0.125467 0.575493 0.111974 0.573099 0.110778 0.594404
0 0.52245 0.326874 0.519794 0.300116 0.492626 0.30864 0.495283 0.335397
0 0.112864 0.891215 0.118918 0.872084 0.110767 0.863932 0.104713 0.883062
0 0.362837 0.814503 0.367202 0.792982 0.352696 0.783682 0.34833 0.805203
0 0.487901 0.792917 0.493805 0.767622 0.482984 0.75964 0.47708 0.784935
0 0.0796515 0.905095 0.084829 0.881882 0.0757716 0.875497 0.0705941 0.89871
0 0.344896 0.605015 0.345802 0.577198 0.325355 0.575093 0.324449 0.60291
0 0.550402 0.838703 0.556269 0.812732 0.545231 0.804851 0.539364 0.830822
0 0.439547 0.847313 0.451591 0.823226 0.436416 0.799244 0.424372 0.823331
0 0.325844 0.691005 0.329741 0.65256 0.316255 0.648241 0.312359 0.686686
0 0.432745 1.00203 0.43479 0.981103 0.420385 0.976653 0.41834 0.997575
0 0.583515 0.998628 0.588262 0.969808 0.575946 0.963397 0.571199 0.992217
0 0.878708 0.737648 0.88142 0.705987 0.859196 0.699971 0.856484 0.731632
0 0.648127 0.706238 0.652452 0.676144 0.639602 0.670308 0.635277 0.700402
0 0.930112 0.638472 0.93625 0.616359 0.92089 0.602886 0.914753 0.624998
0 0.659274 0.742614 0.663093 0.722042 0.652064 0.715572 0.648246 0.736144
0 0.430706 0.738487 0.441765 0.722687 0.426416 0.688734 0.415357 0.704534
0 0.590946 0.808413 0.59315 0.788386 0.579764 0.78373 0.57756 0.803756
