0 0.996938 0.98196 1.01321 0.862216 0.809551 0.774731 0.793276 0.894475
0 0.0553627 1.00811 0.0893237 0.986131 0.0823909 0.952275 0.0484299 0.974254
0 0.584664 1.0152 0.609789 0.963973 0.567944 0.899112 0.542819 0.950339
0 0.652144 0.634131 0.664057 0.594164 0.648021 0.579057 0.636108 0.619024
0 0.124785 0.920226 0.128296 0.87128 0.103109 0.865571 0.0995987 0.914517
0 0.141844 0.74299 0.142578 0.718613 0.129562 0.717373 0.128828 0.74175
0 0.0300325 0.985066 0.043139 0.956689 0.0302215 0.937833 0.0171149 0.966211
0 0.126189 0.8696 0.14476 0.850246 0.130115 0.805836 0.111545 0.82519
0 0.0505272 0.985365 0.0639882 0.948047 0.0468029 0.928455 0.0333419 0.965773
0 0.784162 0.536134 0.79146 0.509439 0.775164 0.495359 0.767866 0.522054
0 0.121575 0.777335 0.127562 0.749481 0.111568 0.738614 0.10558 0.766469
0 0.161597 0.707291 0.165771 0.682671 0.152018 0.675301 0.147843 0.699921
0 0.154748 0.861858 0.167677 0.806175 0.143239 0.788242 0.13031 0.843925
0 0.683491 0.482384 0.686072 0.453799 0.669985 0.44921 0.667405 0.477795
0 0.370607 0.956687 0.386852 0.921006 0.370894 0.898042 0.354649 0.933724
0 0.116914 0.854941 0.117869 0.822354 0.0943586 0.820177 0.093404 0.852764
0 0.687795 0.56033 0.692412 0.501338 0.661764 0.493756 0.657147 0.552749
0 0.774179 0.631528 0.782749 0.607191 0.765773 0.5883 0.757204 0.612636
0 0.0310842 0.937544 0.0531925 0.91927 0.0466494 0.894251 0.0245412 0.912525
0 0.103204 0.333617 0.121575 0.318516 0.109451 0.271901 0.0910798 0.287003
0 0.455129 0.800223 0.462414 0.764138 0.446294 0.753853 0.439009 0.789938
0 0.170958 0.674508 0.175413 0.650493 0.159621 0.641236 0.155167 0.66525
0 0.169159 0.707413 0.178729 0.684015 0.170216 0.673011 0.160646 0.696409
0 0.570721 0.540391 0.585398 0.508119 0.574128 0.491921 0.559452 0.524193
0 0.71537 0.830014 0.744063 0.688432 0.642866 0.623614 0.614172 0.765196
0 0.0874781 0.942453 0.0898771 0.909666 0.067557 0.904504 0.0651581 0.937291
0 0.160229 0.764698 0.16544 0.742368 0.154473 0.73428 0.149262 0.756609
0 0.123722 0.809844 0.128007 0.790079 0.112645 0.779552 0.108359 0.799318
0 0.724017 0.379321 0.726352 0.352047 0.708896 0.347325 0.706561 0.374599
0 0.0719679 0.84884 0.068664 0.820281 0.0402119 0.830684 0.0435158 0.859243
0 0.692186 0.518617 0.699916 0.494147 0.677719 0.471983 0.669988 0.496453
0 0.55488 0.534095 0.571121 0.501589 0.559971 0.483981 0.543729 0.516487
0 0.541584 0.732888 0.551298 0.705943 0.539202 0.69216 0.529488 0.719104
0 0.702294 0.597569 0.704778 0.540945 0.676151 0.536977 0.673667 0.593601
0 0.613134 0.685016 0.615313 0.649039 0.594008 0.64496 0.591828 0.680937
0 0.525891 0.599935 0.529726 0.575365 0.516387 0.568784 0.512551 0.593354
0 0.761088 0.705137 0.771394 0.673033 0.758216 0.659663 0.74791 0.691767
0 0.0259158 0.894657 0.0271644 0.865538 0.0122769 0.86352 0.0110283 0.892639
0 0.136282 0.798731 0.138171 0.776453 0.125498 0.773057 0.123609 0.795335
0 0.523564 0.632539 0.531033 0.603839 0.519594 0.594433 0.512126 0.623133
0 0.513538 0.669382 0.522601 0.646239 0.512609 0.633871 0.503546 0.657014
0 0.137812 0.821927 0.143591 0.79571 0.131497 0.787286 0.125719 0.813503
0 0.53405 0.699881 0.542368 0.683562 0.529326 0.662554 0.521009 0.678873
0 0.0371824 0.912814 0.069429 0.881539 0.0587773 0.846829 0.0265308 0.878103
0 0.172772 0.797528 0.169638 0.76184 0.141747 0.769581 0.144881 0.805269
0 0.0494711 0.839102 0.0544163 0.799507 0.0339585 0.791432 0.0290133 0.831027
0 0.0994481 0.930094 0.107639 0.900563 0.0927867 0.887542 0.0845953 0.917074
0 0.15247 0.70118 0.152069 0.679824 0.136313 0.68076 0.136715 0.702116
0 0.441965 0.938696 0.450193 0.829033 0.382976 0.813094 0.374749 0.922758
0 0.778569 1.00036 0.823382 0.909668 0.756041 0.804506 0.711228 0.8952
0 0.142585 0.77576 0.144413 0.750003 0.128981 0.746541 0.127153 0.772297
0 0.592629 0.407762 0.594344 0.382065 0.580936 0.379237 0.579221 0.404934
0 0.759068 0.603558 0.761101 0.575126 0.744685 0.571416 0.742652 0.599848
0 0.572697 0.61223 0.579804 0.589972 0.563134 0.57315 0.556027 0.595408
0 0.641821 0.556892 0.647109 0.534748 0.631491 0.522962 0.626203 0.545106
0 0.508112 0.570362 0.510481 0.546674 0.498909 0.543016 0.496539 0.566704
0 0.668913 0.581627 0.673724 0.563032 0.660751 0.552422 0.65594 0.571017
0 0.800885 0.550068 0.809992 0.532176 0.796871 0.511069 0.787765 0.528961
0 0.736492 0.730021 0.745909 0.710417 0.727707 0.682784 0.718291 0.702388
0 0.587291 0.501211 0.595619 0.488474 0.584285 0.465052 0.575957 0.477788
0 0.0123053 0.99799 0.0236678 0.972056 0.0137509 0.958324 0.00238841 0.984257
0 0.722833 0.59795 0.725423 0.574888 0.711823 0.570062 0.709234 0.593124
0 0.7518 0.731579 0.762044 0.704783 0.749815 0.690007 0.739571 0.716803
0 0.0210788 0.925041 0.0292947 0.907291 0.0147828 0.886061 0.00656679 0.903812
0 0.587232 0.762747 0.592557 0.74471 0.578829 0.731903 0.573505 0.74994
0 0.245806 0.753902 0.25051 0.715171 0.22668 0.706023 0.221975 0.744755
0 0.631721 0.614944 0.64801 0.58998 0.639856 0.573164 0.623566 0.598128
0 0.540483 0.501286 0.549749 0.47292 0.538072 0.460865 0.528806 0.48923
0 0.0307441 1.01339 0.0541586 0.991293 0.0459346 0.963748 0.0225201 0.985841
0 0.0788568 0.975822 0.0949223 0.955072 0.0855108 0.932042 0.0694453 0.952791
0 0.787676 0.447066 0.783307 0.39541 0.761605 0.401211 0.765974 0.452867
0 0.0638464 0.820054 0.0677493 0.791545 0.0525221 0.784957 0.0486192 0.813465
0 0.749339 0.307451 0.751257 0.268872 0.731186 0.265719 0.729268 0.304298
0 0.096183 0.97976 0.106434 0.94776 0.0918783 0.933022 0.081627 0.965023
0 0.541395 0.53108 0.546418 0.5047 0.530367 0.495041 0.525344 0.521421
0 0.67254 0.604032 0.675185 0.579156 0.660969 0.574378 0.658324 0.599254
0 0.802726 0.395538 0.806784 0.377 0.792297 0.366977 0.788239 0.385515
0 0.108665 0.782436 0.111237 0.764448 0.098342 0.758622 0.0957703 0.77661
0 0.742685 0.577553 0.746999 0.560798 0.734852 0.550912 0.730538 0.567668
0 0.687766 0.61835 0.689984 0.594293 0.676012 0.590223 0.673795 0.614279
0 0.740803 0.694674 0.743268 0.662239 0.728535 0.658701 0.72607 0.691136
0 0.520179 0.706043 0.522401 0.68314 0.509569 0.679205 0.507347 0.702108
0 0.125053 0.682707 0.126226 0.659171 0.110215 0.65665 0.109042 0.680187
0 0.597601 0.349801 0.599002 0.329325 0.588325 0.327015 0.586924 0.347492
0 0.841225 0.389179 0.840498 0.352456 0.814102 0.354106 0.814828 0.390829
0 0.70332 0.619043 0.711147 0.596416 0.70143 0.585793 0.693603 0.60842
0 0.708678 0.452902 0.718436 0.438983 0.702347 0.403334 0.692588 0.417253
0 0.671677 0.477549 0.673401 0.454274 0.660603 0.451279 0.65888 0.474554
0 0.172323 0.843898 0.183222 0.810045 0.170482 0.797081 0.159582 0.830934
0 0.794541 0.503741 0.798461 0.476642 0.785232 0.470594 0.781312 0.497693
0 0.539621 0.675135 0.548079 0.65573 0.539442 0.643834 0.530985 0.66324
0 0.521399 0.688268 0.525468 0.664371 0.512965 0.657642 0.508896 0.68154
0 0.493984 0.637494 0.499124 0.620585 0.488188 0.610079 0.483048 0.626988
0 0.774946 0.244305 0.778702 0.212824 0.763397 0.207054 0.759642 0.238535
0 0.438528 0.624351 0.446717 0.60349 0.438842 0.593721 0.430654 0.614582
0 0.690542 0.456971 0.700481 0.434336 0.689351 0.41889 0.679412 0.441525
0 0.597814 0.53301 0.60441 0.508994 0.591178 0.497509 0.584582 0.521525
0 0.784605 0.323071 0.803595 0.299347 0.796649 0.281773 0.777658 0.305497
0 0.14774 0.684593 0.147221 0.659379 0.129082 0.660558 0.1296 0.685772
0 0.743652 0.270301 0.74685 0.252017 0.735847 0.245935 0.732649 0.264219
0 0.191898 0.303023 0.221403 0.274112 0.192184 0.179872 0.162679 0.208784
0 0.487275 0.855042 0.495136 0.830135 0.485932 0.820953 0.47807 0.84586
0 0.517871 0.735648 0.522714 0.709515 0.511912 0.70319 0.50707 0.729322
0 0.171562 0.612486 0.172542 0.591169 0.159381 0.589257 0.158401 0.610573
0 0.814476 0.389637 0.818249 0.371003 0.805593 0.362904 0.80182 0.381538
0 0.144169 0.719559 0.143447 0.696542 0.121925 0.698675 0.122647 0.721693
0 0.507627 0.63243 0.51541 0.617427 0.502779 0.596719 0.494996 0.611723
0 0.707799 0.599431 0.711955 0.577508 0.702431 0.571802 0.698275 0.593724
0 0.759747 0.387979 0.762151 0.362648 0.748079 0.358427 0.745674 0.383758
0 0.0701358 0.890728 0.078483 0.865321 0.0677814 0.854209 0.0594341 0.879616
0 0.562487 0.724204 0.565672 0.704354 0.554667 0.698774 0.551482 0.718624
0 0.547005 0.447774 0.551807 0.410429 0.532056 0.402402 0.527254 0.439747
0 0.607941 0.347635 0.610182 0.326452 0.599962 0.323035 0.597721 0.344218
0 0.16094 0.901816 0.16694 0.877293 0.150801 0.864814 0.144801 0.889336
0 0.0536884 0.936153 0.0658335 0.91316 0.0564633 0.897517 0.0443182 0.92051
0 0.538429 0.838524 0.53921 0.810961 0.520041 0.809245 0.51926 0.836807
0 0.475835 0.818537 0.479774 0.795523 0.46823 0.789279 0.464292 0.812293
0 0.101442 0.951999 0.103964 0.931791 0.0897745 0.926194 0.0872525 0.946402
0 0.753203 0.613053 0.758079 0.584011 0.743466 0.576257 0.73859 0.605298
0 0.800476 0.42602 0.800868 0.404657 0.788993 0.40397 0.788602 0.425333
0 0.761339 0.74469 0.766531 0.724199 0.755772 0.715585 0.75058 0.736075
0 0.0837236 0.861411 0.0839126 0.837561 0.0670931 0.83714 0.0669041 0.86099
0 0.497567 0.61954 0.501032 0.60199 0.489816 0.594991 0.486351 0.612541
0 0.188113 0.679693 0.190172 0.658126 0.176759 0.654078 0.1747 0.675645
0 0.594247 0.45834 0.595553 0.433919 0.583811 0.431935 0.582505 0.456356
0 0.355502 0.932279 0.378024 0.908083 0.369333 0.882515 0.346811 0.906711
0 0.161754 0.752768 0.167651 0.731267 0.15693 0.721975 0.151034 0.743477
0 0.501426 0.599173 0.505526 0.572425 0.492502 0.566115 0.488402 0.592863
0 0.615625 0.402397 0.619097 0.385051 0.608266 0.3782 0.604795 0.395547
0 0.485333 0.66041 0.492135 0.635285 0.480634 0.625445 0.473832 0.650569
0 0.0974328 0.793667 0.10118 0.772032 0.0869915 0.764265 0.0832443 0.7859
0 0.495202 0.816784 0.49837 0.795203 0.48714 0.789994 0.483973 0.811575
0 0.579836 0.55843 0.586616 0.5281 0.573926 0.519134 0.567146 0.549464
0 0.758787 0.555858 0.763459 0.526998 0.745195 0.517653 0.740523 0.546513
0 0.106589 0.820879 0.110657 0.788825 0.0909691 0.780929 0.0869016 0.812983
0 0.384918 0.806135 0.387054 0.781478 0.37145 0.777207 0.369314 0.801864
0 0.189623 0.828114 0.191882 0.80387 0.179175 0.800128 0.176915 0.824371
0 0.506945 0.687345 0.511306 0.659791 0.499091 0.653682 0.494731 0.681235
0 0.748044 0.779399 0.76035 0.758731 0.741384 0.72304 0.729078 0.743708
0 0.587202 0.673086 0.593323 0.651097 0.581627 0.640809 0.575507 0.662797
0 0.454819 0.629427 0.467115 0.605892 0.459348 0.593067 0.447052 0.616602
0 0.0720331 0.967564 0.0761295 0.938936 0.0612939 0.932227 0.0571975 0.960854
0 0.698357 0.661688 0.703961 0.627323 0.687872 0.61903 0.682267 0.653395
0 0.146137 0.790569 0.146086 0.763745 0.134177 0.763816 0.134228 0.790641
0 0.0446084 0.953573 0.0600793 0.926342 0.0494502 0.907256 0.0339793 0.934487
0 0.575493 0.668275 0.580652 0.634948 0.566875 0.628208 0.561716 0.661536
0 0.716926 0.409328 0.719547 0.381611 0.705522 0.377418 0.7029 0.405135
0 0.561277 0.895287 0.570907 0.873043 0.559847 0.85791 0.550217 0.880154
0 0.21222 0.697596 0.211469 0.680362 0.19604 0.682487 0.196791 0.699721
0 0.485238 0.581939 0.492129 0.56251 0.484167 0.553586 0.477276 0.573015
0 0.6309 0.587758 0.636961 0.566676 0.627981 0.558515 0.621919 0.579597
0 0.71289 0.346276 0.715495 0.325462 0.704326 0.321045 0.701721 0.341858
0 0.747439 0.708423 0.752421 0.6876 0.740288 0.678427 0.735307 0.699249
0 0.495705 0.675727 0.4992 0.651506 0.489205 0.646948 0.48571 0.671169
0 0.666696 0.489066 0.669872 0.471643 0.659635 0.465745 0.656459 0.483167
0 0.585647 0.902115 0.600226 0.86309 0.587114 0.847609 0.572535 0.886634
0 0.127636 0.786733 0.128165 0.766936 0.111825 0.765557 0.111296 0.785354
0 0.616474 0.371261 0.618465 0.349945 0.605192 0.346027 0.603201 0.367343
0 0.65277 0.545712 0.655801 0.521156 0.643385 0.516313 0.640355 0.54087
0 0.759266 0.468211 0.765693 0.421288 0.739298 0.409863 0.732872 0.456787
0 0.620735 0.588086 0.623687 0.560071 0.607591 0.55471 0.604638 0.582725
0 0.0908499 0.346591 0.108034 0.299976 0.0774206 0.26431 0.0602369 0.310926
0 0.529288 0.559375 0.530438 0.537273 0.518485 0.535308 0.517335 0.55741
0 0.619253 0.435127 0.62348 0.408994 0.612764 0.403516 0.608538 0.429649
0 0.0370442 0.885064 0.0430569 0.852392 0.0253203 0.842075 0.0193076 0.874748
0 0.864514 0.802667 0.879644 0.757728 0.842544 0.71825 0.827414 0.763189
0 0.5146 0.550284 0.517374 0.528493 0.505097 0.523552 0.502322 0.545343
0 0.556393 0.861271 0.55965 0.832192 0.543662 0.826532 0.540405 0.855611
0 0.520216 0.576762 0.521307 0.556588 0.509142 0.554509 0.508051 0.574683
0 0.207232 0.83928 0.215613 0.807796 0.206162 0.799845 0.197781 0.831328
0 0.499345 0.745183 0.502545 0.720066 0.488967 0.714598 0.485767 0.739715
0 0.586231 0.39137 0.587755 0.363823 0.572685 0.361189 0.571162 0.388736
0 0.517635 0.805786 0.519684 0.752878 0.495062 0.749865 0.493013 0.802773
0 0.128218 0.74509 0.129966 0.726051 0.115219 0.721771 0.11347 0.74081
0 0.505901 0.906899 0.511602 0.880451 0.499516 0.872217 0.493815 0.898665
0 0.729591 0.6874 0.731139 0.655797 0.717704 0.653717 0.716156 0.68532
0 0.558361 0.709062 0.561589 0.680189 0.54571 0.67458 0.542483 0.703453
0 0.149059 0.90033 0.15252 0.873529 0.137898 0.867562 0.134437 0.894362
0 0.658578 0.416905 0.664235 0.386128 0.643172 0.373893 0.637515 0.404669
0 0.688583 0.381358 0.689889 0.35817 0.678756 0.356188 0.67745 0.379376
0 0.643327 0.463917 0.651757 0.451539 0.63958 0.425325 0.631149 0.437702
0 0.303363 0.900126 0.334716 0.847274 0.311673 0.804074 0.280321 0.856926
0 0.708658 0.65982 0.71678 0.614364 0.702785 0.606461 0.694663 0.651917
0 0.586344 0.472609 0.589124 0.45473 0.578575 0.449548 0.575795 0.467427
0 0.548175 0.550416 0.551998 0.532103 0.539879 0.524109 0.536057 0.542422
0 0.658944 0.463683 0.663278 0.446191 0.652765 0.43796 0.648431 0.455452
0 0.509222 0.723792 0.509295 0.703274 0.493517 0.703096 0.493444 0.723614
0 0.794853 0.562432 0.796478 0.539143 0.783505 0.536283 0.781881 0.559571
0 0.448274 0.657277 0.456748 0.634944 0.448575 0.625142 0.440101 0.647476
0 0.617449 0.491101 0.629226 0.441705 0.616876 0.432399 0.605099 0.481795
0 0.125009 0.707406 0.128912 0.684188 0.116076 0.677369 0.112173 0.700587
0 0.563852 0.581443 0.568296 0.560672 0.558271 0.553894 0.553828 0.574665
0 0.587151 0.428481 0.588826 0.410826 0.577404 0.407403 0.575729 0.425058
0 0.144885 0.662707 0.146222 0.641792 0.133259 0.639173 0.131922 0.660088
0 0.0563046 0.918209 0.0688686 0.891589 0.0588966 0.876714 0.0463326 0.903334
0 0.583118 0.716782 0.584865 0.691774 0.565493 0.687495 0.563745 0.712503
0 0.507114 0.602142 0.509293 0.572004 0.494355 0.568591 0.492176 0.598728
0 0.554314 0.669928 0.566156 0.644225 0.555165 0.62822 0.543322 0.653922
0 0.648474 0.48043 0.653147 0.464358 0.641757 0.45389 0.637083 0.469962
0 0.686001 0.644792 0.689175 0.615735 0.675043 0.610857 0.671869 0.639914
0 0.0340258 0.282251 0.0386016 0.19042 -0.0123959 0.182388 -0.0169717 0.274219
0 0.607282 0.310185 0.621504 0.287158 0.601192 0.247509 0.58697 0.270536
0 0.190954 0.774902 0.196086 0.751007 0.184883 0.743402 0.179751 0.767297
0 0.612387 0.454552 0.614612 0.434083 0.604539 0.430623 0.602314 0.451091
0 0.640727 0.456464 0.647975 0.447885 0.636728 0.417853 0.62948 0.426432
0 0.58308 0.452897 0.585156 0.430029 0.573788 0.426766 0.571711 0.449635
0 0.144443 0.694958 0.145502 0.666126 0.126792 0.663953 0.125733 0.692785
0 0.0246122 0.805391 0.0259694 0.78147 0.00787221 0.778225 0.00651495 0.802146
0 0.811731 0.289203 0.814402 0.250789 0.793118 0.246112 0.790447 0.284525
0 0.508047 0.831497 0.514379 0.805424 0.502765 0.79651 0.496433 0.822583
0 0.774914 0.285195 0.777212 0.26285 0.765883 0.259166 0.763584 0.281512
0 0.798281 0.726324 0.807622 0.706352 0.78961 0.679729 0.78027 0.6997
0 0.173748 0.747273 0.178205 0.72888 0.168472 0.721426 0.164015 0.739818
0 0.496586 0.661633 0.500683 0.637819 0.490875 0.632486 0.486778 0.656301
0 0.742343 0.668201 0.747012 0.649476 0.734512 0.639625 0.729843 0.658351
0 0.4698 0.887209 0.479147 0.842114 0.445418 0.820019 0.436071 0.865114
0 0.952132 0.757838 0.957294 0.730669 0.905751 0.699718 0.900589 0.726887
0 0.574883 0.673348 0.578894 0.645925 0.566307 0.640107 0.562296 0.667531
0 0.460422 0.762524 0.459061 0.715656 0.430504 0.718277 0.431865 0.765145
0 0.557755 0.636405 0.564942 0.616066 0.557201 0.607422 0.550015 0.627761
0 0.182991 0.726909 0.183946 0.706547 0.172897 0.704911 0.171943 0.725273
0 0.158154 0.735723 0.161685 0.707978 0.147925 0.702444 0.144394 0.73019
0 0.507408 0.697434 0.510208 0.670886 0.496091 0.666181 0.493291 0.692729
0 0.61911 1.00253 0.792813 0.883516 0.750335 0.687567 0.576632 0.806577
0 0.573125 0.480977 0.579793 0.454555 0.566195 0.443708 0.559526 0.47013
0 0.371586 0.585745 0.377023 0.563952 0.364189 0.553834 0.358753 0.575628
0 0.197377 0.817283 0.211778 0.787653 0.199778 0.769219 0.185376 0.798849
0 0.931158 0.556341 0.931578 0.531658 0.915229 0.530779 0.914809 0.555463
0 0.993742 0.781739 1.03195 0.607151 0.898086 0.514549 0.859874 0.689137
0 0.540414 0.626049 0.543767 0.609258 0.533774 0.602951 0.530421 0.619742
0 0.468408 0.633885 0.475475 0.612424 0.467855 0.604495 0.460789 0.625956
0 0.459583 0.819555 0.465232 0.789046 0.449708 0.779961 0.444058 0.810469
0 0.64585 0.438989 0.654538 0.426774 0.640765 0.395819 0.632078 0.408034
0 0.0242956 0.861324 0.0306652 0.838238 0.0193502 0.828371 0.0129806 0.851458
0 0.113685 0.824317 0.118097 0.791733 0.0959184 0.782242 0.0915062 0.814826
0 0.795329 0.518534 0.800338 0.50271 0.790685 0.493051 0.785675 0.508875
0 0.489211 0.802453 0.496795 0.766183 0.481867 0.756318 0.474283 0.792588
0 0.755681 0.486396 0.767734 0.461621 0.756642 0.444566 0.744589 0.469341
0 0.545816 0.609799 0.549691 0.585235 0.536983 0.578899 0.533108 0.603464
0 0.574052 0.506806 0.580354 0.486502 0.570031 0.476376 0.563729 0.49668
0 0.58544 0.341763 0.587798 0.317525 0.574535 0.313447 0.572177 0.337685
0 0.596902 0.679365 0.598624 0.654553 0.585371 0.651645 0.583649 0.676458
0 0.777734 0.72535 0.793421 0.708681 0.773651 0.649876 0.757964 0.666545
0 0.563387 0.446195 0.568916 0.43003 0.561905 0.42245 0.556376 0.438616
0 0.71438 0.320176 0.71779 0.29253 0.706782 0.288238 0.703371 0.315885
