0 0.991642 0.976303 1.00656 0.856037 0.802631 0.776109 0.787716 0.896375
0 0.419262 0.841185 0.451841 0.748425 0.408859 0.700714 0.37628 0.793474
0 0.109992 1.00488 0.139325 0.975034 0.12816 0.940357 0.0988268 0.970207
0 0.165193 0.846188 0.163862 0.81061 0.141313 0.813275 0.142643 0.848854
0 0.169446 0.911896 0.176838 0.865153 0.153039 0.853257 0.145646 0.9
0 0.0190042 0.96518 0.0310151 0.940107 0.012623 0.912262 0.00061213 0.937335
0 0.54856 0.609957 0.549318 0.575491 0.53236 0.574311 0.531601 0.608777
0 0.79044 0.815768 0.797692 0.683033 0.687523 0.66401 0.680272 0.796745
0 0.610776 0.551687 0.629462 0.522771 0.620459 0.504385 0.601774 0.533302
0 0.0367851 1.00465 0.0590521 0.96888 0.0484363 0.947995 0.0261693 0.983766
0 0.735543 0.497348 0.738565 0.466301 0.719786 0.460525 0.716765 0.491573
0 0.102297 0.912326 0.102824 0.882199 0.0788766 0.880874 0.0783493 0.911001
0 0.565735 0.643685 0.574396 0.611064 0.561833 0.600522 0.553172 0.633143
0 0.774438 0.996415 0.817682 0.907974 0.751282 0.805365 0.708039 0.893805
0 0.622873 0.565692 0.628429 0.538722 0.616895 0.531213 0.611339 0.558184
0 0.0849983 0.896658 0.110946 0.865393 0.0992559 0.834731 0.0733085 0.865996
0 0.0128782 1.01628 0.0369256 0.983896 0.023606 0.952634 -0.000441421 0.985015
0 0.151571 0.917529 0.153956 0.88802 0.136061 0.883447 0.133675 0.912956
0 0.792833 0.759156 0.803905 0.73494 0.782479 0.703977 0.771407 0.728193
0 0.72364 0.462566 0.72483 0.440024 0.711439 0.437789 0.710249 0.460332
0 0.738733 0.574151 0.741064 0.514483 0.709355 0.510567 0.707024 0.570236
0 0.617386 0.49045 0.62453 0.459388 0.611331 0.449793 0.604186 0.480856
0 0.699251 0.653238 0.715961 0.616528 0.700774 0.594679 0.684064 0.631389
0 0.797289 0.720118 0.800251 0.688571 0.783862 0.683708 0.7809 0.715255
0 0.097918 0.331105 0.114705 0.313436 0.100509 0.270807 0.0837215 0.288477
0 0.755571 0.615964 0.756622 0.557964 0.725475 0.55618 0.724424 0.61418
0 0.492008 0.817667 0.504453 0.781683 0.489266 0.765083 0.476821 0.801067
0 0.635702 0.416753 0.638943 0.389761 0.626197 0.384924 0.622956 0.411917
0 0.843535 0.552176 0.846335 0.524318 0.828506 0.518654 0.825706 0.546512
0 0.586704 0.748579 0.591841 0.716125 0.576866 0.708633 0.571729 0.741087
0 0.774185 0.390004 0.776074 0.36165 0.758224 0.357891 0.756335 0.386245
0 0.555476 0.680528 0.561916 0.65707 0.551062 0.647653 0.544623 0.671111
0 0.539056 0.761782 0.547278 0.745178 0.534338 0.724925 0.526115 0.741529
0 0.0488694 1.01099 0.0668158 0.987544 0.0575606 0.965151 0.0396142 0.988594
0 0.55454 0.753646 0.564149 0.732482 0.555367 0.719881 0.545758 0.741044
0 0.563434 0.609309 0.565561 0.583082 0.550794 0.579298 0.548668 0.605525
0 0.302076 0.878701 0.3365 0.860617 0.31517 0.732297 0.280747 0.750382
0 0.463852 0.888165 0.473778 0.866116 0.456927 0.84214 0.447001 0.864189
0 0.133615 0.932873 0.138271 0.90341 0.118326 0.893448 0.11367 0.922911
0 0.706787 0.429361 0.713039 0.40442 0.689074 0.385433 0.682822 0.410374
0 0.599033 0.544819 0.615852 0.512817 0.603671 0.492584 0.586852 0.524586
0 0.634948 0.514318 0.641553 0.498318 0.626562 0.478762 0.619957 0.494761
0 0.745302 0.47081 0.750429 0.442309 0.736836 0.434581 0.731709 0.463082
0 0.606451 0.512137 0.614129 0.490393 0.602927 0.47789 0.595248 0.499635
0 0.717906 0.446062 0.720846 0.421603 0.706991 0.41634 0.704051 0.440799
0 0.615709 0.628453 0.624786 0.607061 0.608488 0.585204 0.599411 0.606596
0 0.594829 0.577056 0.600625 0.553342 0.590378 0.545428 0.584583 0.569143
0 0.116629 0.855154 0.12362 0.828883 0.102588 0.811195 0.0955972 0.837466
0 0.113585 0.921569 0.116706 0.894479 0.103272 0.889589 0.100151 0.916679
0 0.0348724 0.950417 0.0427951 0.917277 0.0290855 0.906918 0.0211628 0.940058
0 0.106657 0.963312 0.108161 0.930566 0.0890732 0.927796 0.0875694 0.960542
0 0.00278838 0.918153 0.0224976 0.890123 0.0115501 0.865794 -0.00815912 0.893824
0 0.735102 0.392702 0.740016 0.366669 0.728056 0.359534 0.723142 0.385566
0 0.544268 0.706722 0.549239 0.680111 0.538576 0.673816 0.533605 0.700426
0 0.00395208 0.886087 0.0211229 0.859525 0.00990236 0.836601 -0.00726848 0.863163
0 0.691153 0.479519 0.701906 0.466343 0.690041 0.435738 0.679287 0.448914
0 0.74085 0.533275 0.74943 0.51228 0.729504 0.486544 0.720924 0.50754
0 0.0789587 0.860901 0.104442 0.827578 0.0944727 0.803484 0.0689896 0.836807
0 0.642556 0.445549 0.645103 0.42883 0.635124 0.424025 0.632577 0.440744
0 0.579604 0.854101 0.579938 0.829307 0.564272 0.828641 0.563939 0.853435
0 0.685685 0.372454 0.687111 0.353448 0.674198 0.350388 0.672773 0.369394
0 0.841736 0.463845 0.845128 0.411663 0.820347 0.406572 0.816955 0.458754
0 0.581496 0.507544 0.59105 0.480096 0.580809 0.46883 0.571255 0.496278
0 0.551398 0.648227 0.558328 0.631148 0.543475 0.612102 0.536545 0.629181
0 0.195172 0.11196 0.202883 0.0330289 0.170592 0.0230586 0.16288 0.10199
0 0.550814 0.925359 0.55642 0.900182 0.544089 0.891505 0.538484 0.916682
0 0.623288 0.404231 0.632506 0.375443 0.619757 0.362541 0.610538 0.391329
0 0.353244 0.89062 0.372711 0.85154 0.360997 0.8331 0.341531 0.87218
0 0.561604 0.582003 0.562662 0.561159 0.551465 0.559363 0.550407 0.580207
0 0.842957 0.578499 0.84417 0.547845 0.827216 0.545725 0.826003 0.576379
0 0.61216 0.567247 0.616941 0.54519 0.603565 0.536027 0.598784 0.558083
0 0.918405 0.76965 0.929082 0.695325 0.855453 0.661897 0.844776 0.736222
0 0.646407 0.400898 0.646668 0.381298 0.634548 0.380787 0.634287 0.400387
0 0.774051 0.693753 0.775778 0.66347 0.7627 0.661112 0.760973 0.691395
0 0.697343 0.443985 0.703553 0.426697 0.687698 0.408695 0.681487 0.425982
0 0.572608 0.570576 0.572196 0.539792 0.557852 0.540398 0.558264 0.571182
0 0.689525 0.569582 0.6916 0.543938 0.677766 0.540401 0.675692 0.566045
0 0.187359 0.854708 0.184937 0.802748 0.16148 0.806205 0.163903 0.858164
0 0.815812 0.477425 0.815746 0.43354 0.786446 0.433679 0.786512 0.477564
0 0.704934 0.582066 0.714522 0.556449 0.704011 0.544016 0.694423 0.569634
0 0.629225 0.646249 0.631802 0.62402 0.610328 0.616152 0.607751 0.638381
0 0.787487 0.716394 0.787482 0.679523 0.771135 0.679531 0.77114 0.716402
0 0.0782687 0.889666 0.0773483 0.861173 0.0605499 0.862888 0.0614703 0.891381
0 0.112601 0.896545 0.114964 0.873306 0.100422 0.868633 0.0980592 0.891872
0 0.507377 0.899721 0.513948 0.837036 0.473864 0.823756 0.467293 0.88644
0 0.0310103 0.931112 0.0371639 0.895239 0.0217167 0.886865 0.0155631 0.922737
0 0.590609 0.507444 0.599688 0.482504 0.590941 0.472442 0.581863 0.497382
0 0.478579 0.710311 0.486004 0.687128 0.476626 0.677635 0.469201 0.700818
0 0.586812 0.53817 0.589942 0.510592 0.569126 0.503124 0.565996 0.530703
0 0.720842 0.594957 0.723922 0.574166 0.709963 0.567631 0.706883 0.588421
0 0.635174 0.432849 0.636815 0.415124 0.624793 0.411608 0.623153 0.429333
0 0.543617 0.865585 0.549409 0.842921 0.539669 0.835055 0.533877 0.857719
0 0.150524 0.966545 0.153582 0.934161 0.137502 0.929363 0.134444 0.961747
0 0.820018 0.735177 0.830287 0.698571 0.814176 0.684286 0.803907 0.720892
0 0.385719 0.728059 0.400825 0.699084 0.388442 0.678681 0.373336 0.707656
0 0.838282 0.407829 0.839353 0.384223 0.825027 0.38217 0.823957 0.405776
0 0.490888 0.73271 0.503616 0.720507 0.491365 0.680118 0.478636 0.69232
0 0.65756 0.379073 0.663233 0.355928 0.652733 0.347794 0.64706 0.370939
0 0.475511 0.691392 0.485189 0.663485 0.474274 0.651521 0.464595 0.679428
0 0.721776 0.625886 0.727159 0.60059 0.710851 0.589624 0.705469 0.61492
0 0.571998 0.722497 0.574975 0.704552 0.563041 0.698295 0.560064 0.71624
0 0.793451 0.679041 0.800993 0.657484 0.780288 0.634591 0.772746 0.656148
0 0.538822 0.217133 0.536898 0.163912 0.50578 0.167466 0.507703 0.220688
0 0.563926 0.697076 0.566317 0.675904 0.55336 0.67128 0.550969 0.692452
0 0.551406 0.739503 0.553462 0.71839 0.538806 0.71388 0.53675 0.734994
0 0.71039 0.595897 0.717138 0.571523 0.707164 0.562794 0.700415 0.587168
0 0.634682 0.576298 0.637717 0.554915 0.624281 0.548889 0.621246 0.570271
0 0.718346 0.48657 0.722903 0.465891 0.710922 0.457547 0.706365 0.478226
0 0.617159 0.947688 0.627581 0.935987 0.614671 0.899646 0.604249 0.911347
0 0.660565 0.703783 0.663962 0.669755 0.640512 0.662356 0.637115 0.696384
0 0.747525 0.375053 0.755798 0.337341 0.736999 0.324307 0.728726 0.362019
0 0.57823 0.709737 0.581494 0.683298 0.568009 0.678038 0.564745 0.704476
0 0.700127 0.461028 0.709316 0.444213 0.695429 0.420227 0.68624 0.437042
0 0.598315 0.726065 0.601996 0.702805 0.590089 0.696851 0.586408 0.720111
0 0.375153 0.724617 0.382997 0.686698 0.365593 0.67532 0.357749 0.713239
0 0.524742 0.666757 0.530664 0.641376 0.520092 0.633581 0.51417 0.658962
0 0.550903 0.845641 0.556936 0.818416 0.544745 0.809879 0.538713 0.837104
0 0.121488 0.949678 0.125468 0.919614 0.109709 0.913021 0.10573 0.943084
0 0.490192 0.599001 0.4939 0.577739 0.479498 0.569802 0.47579 0.591065
0 0.897289 0.404096 0.899735 0.366607 0.876251 0.361766 0.873806 0.399254
0 0.590077 0.715038 0.600494 0.684188 0.589408 0.672357 0.578991 0.703207
0 0.862342 0.40814 0.865922 0.388958 0.850187 0.379676 0.846607 0.398859
0 0.0699675 0.989637 0.0817813 0.968013 0.0726813 0.9523 0.0608676 0.973924
0 0.649053 0.427201 0.650746 0.406045 0.637713 0.402748 0.63602 0.423904
0 0.58665 0.68908 0.593668 0.661484 0.581176 0.651443 0.574158 0.679039
0 0.874427 0.398227 0.876149 0.3778 0.863041 0.374307 0.861319 0.394734
0 0.11307 0.787079 0.115235 0.764409 0.102166 0.760465 0.100001 0.783135
0 0.847239 0.452624 0.847815 0.406398 0.826915 0.405576 0.826339 0.451802
0 0.662664 0.494048 0.677204 0.447751 0.663728 0.434374 0.649187 0.48067
0 0.612669 0.705332 0.61629 0.685609 0.599528 0.675883 0.595907 0.695606
0 0.535165 0.685149 0.539804 0.661294 0.529854 0.655179 0.525215 0.679034
0 0.970016 0.395934 0.9767 0.374413 0.963147 0.361108 0.956463 0.382629
0 0.622459 1.01681 0.641525 0.985808 0.613481 0.9313 0.594415 0.962301
0 0.499836 0.766654 0.495087 0.725566 0.466978 0.735834 0.471727 0.776922
0 0.582801 0.656658 0.58475 0.637448 0.574687 0.634221 0.572738 0.653431
0 0.38395 0.915891 0.385161 0.872268 0.367382 0.870707 0.36617 0.91433
0 0.539461 0.760975 0.545977 0.740601 0.525706 0.720113 0.51919 0.740488
0 0.0867871 0.964688 0.0896632 0.94217 0.0776641 0.937326 0.074788 0.959844
0 0.708006 0.477332 0.710291 0.459084 0.700847 0.455345 0.698561 0.473593
0 0.837123 0.753348 0.852471 0.738942 0.833783 0.67601 0.818434 0.690415
0 0.715098 0.450028 0.716811 0.425167 0.703933 0.422361 0.702219 0.447222
0 0.584682 0.620667 0.591203 0.596236 0.580253 0.586998 0.573732 0.61143
0 0.692636 0.537041 0.698566 0.516104 0.689161 0.507686 0.683231 0.528623
0 0.585135 0.597698 0.590404 0.577595 0.581242 0.570005 0.575972 0.590108
0 0.137245 0.959307 0.141596 0.926363 0.123568 0.918839 0.119217 0.951783
0 0.806209 0.327593 0.817065 0.274369 0.781662 0.251547 0.770806 0.304771
0 0.360334 0.801838 0.379475 0.76818 0.366725 0.745263 0.347583 0.778921
0 0.605986 0.592686 0.609776 0.570016 0.600176 0.564945 0.596387 0.587614
0 0.762917 0.352735 0.764853 0.33225 0.75242 0.328537 0.750485 0.349021
0 0.758208 0.61918 0.766135 0.595526 0.75743 0.586307 0.749503 0.609961
0 0.330162 0.5973 0.348239 0.57544 0.325298 0.515478 0.30722 0.537338
0 0.547461 0.575654 0.55099 0.554435 0.540319 0.548825 0.53679 0.570045
0 0.813267 0.757046 0.81947 0.729382 0.80582 0.71971 0.799618 0.747375
0 0.0795583 0.603286 0.100539 0.529032 0.0719473 0.5035 0.0509671 0.577754
0 0.183863 0.302278 0.210749 0.279327 0.185311 0.18515 0.158426 0.208101
0 0.00593143 0.93953 0.014229 0.915304 0.0027879 0.902919 -0.00550969 0.927145
0 0.621986 0.678595 0.624635 0.645461 0.609157 0.641551 0.606508 0.674685
0 0.0785612 0.922635 0.0778135 0.898138 0.0551812 0.900321 0.0559289 0.924818
0 0.633072 0.684173 0.635431 0.661329 0.62336 0.65739 0.621001 0.680233
0 0.597323 0.688129 0.610404 0.660031 0.597648 0.641262 0.584567 0.66936
0 0.551559 0.829113 0.568749 0.796531 0.546487 0.759412 0.529297 0.791994
0 0.75628 0.465812 0.768832 0.452405 0.755553 0.413117 0.743001 0.426524
0 0.30018 0.929329 0.323859 0.881064 0.309976 0.859537 0.286297 0.907802
0 0.782514 0.636764 0.785188 0.613753 0.771049 0.60856 0.768375 0.631571
0 0.626661 0.449758 0.628203 0.43163 0.615362 0.428178 0.61382 0.446306
0 0.962074 0.363729 0.968118 0.331165 0.943716 0.31685 0.937672 0.349414
0 0.645737 0.305086 0.659374 0.281816 0.6406 0.247043 0.626963 0.270313
0 0.793971 0.624011 0.798311 0.601997 0.786523 0.594653 0.782183 0.616667
0 0.632554 0.483617 0.635503 0.464223 0.624958 0.459157 0.62201 0.47855
0 0.799686 0.597986 0.801515 0.577552 0.786044 0.573176 0.784216 0.59361
0 0.152636 0.80627 0.155228 0.771862 0.138438 0.767864 0.135845 0.802272
0 0.737775 0.636372 0.741009 0.612101 0.727159 0.606267 0.723924 0.630538
0 0.683799 0.628814 0.695926 0.606258 0.685757 0.588979 0.67363 0.611535
0 0.664764 0.44197 0.668673 0.421444 0.659907 0.416169 0.655999 0.436695
0 0.0300119 0.976339 0.042251 0.954757 0.0323448 0.937002 0.0201057 0.958585
0 0.0926302 0.33386 0.0962869 0.276234 0.0628053 0.269519 0.0591487 0.327146
0 0.0613849 0.898248 0.0652203 0.872277 0.0514394 0.865845 0.0476041 0.891817
0 0.599217 0.613378 0.602864 0.591323 0.591641 0.585458 0.587994 0.607513
0 0.056168 0.964326 0.0636953 0.920446 0.045171 0.910403 0.0376437 0.954283
0 0.0644096 0.849483 0.0789405 0.826994 0.0718454 0.812505 0.0573145 0.834994
0 0.588196 0.564292 0.592133 0.542667 0.58251 0.53713 0.578573 0.558755
0 0.657606 0.316565 0.660992 0.295002 0.650723 0.289907 0.647337 0.31147
0 0.613878 0.58358 0.619196 0.569537 0.609275 0.557662 0.603957 0.571705
0 0.750674 0.554469 0.753012 0.528808 0.740225 0.525125 0.737886 0.550786
0 0.756932 0.543721 0.773657 0.520894 0.75043 0.467109 0.733705 0.489937
0 0.832865 0.656492 0.842073 0.633101 0.823948 0.610552 0.81474 0.633943
0 0.476078 0.726592 0.479538 0.704446 0.468827 0.699156 0.465366 0.721301
0 0.859469 0.568988 0.868156 0.554156 0.854082 0.528106 0.845396 0.542938
0 0.625846 0.504505 0.630132 0.487085 0.618606 0.478122 0.61432 0.495541
0 0.559279 0.88407 0.565878 0.859384 0.555274 0.850424 0.548674 0.87511
0 0.812009 0.619556 0.815662 0.599123 0.801411 0.591069 0.797757 0.611502
0 0.668272 0.530019 0.67132 0.5081 0.661907 0.503964 0.65886 0.525883
0 0.413436 0.964106 0.430034 0.929496 0.414501 0.905952 0.397903 0.940562
0 0.516113 0.57101 0.522549 0.545653 0.506532 0.532806 0.500096 0.558163
0 0.00946687 0.980993 0.0111806 0.939745 -0.000933419 0.938154 -0.0026472 0.979403
0 0.694536 0.4907 0.697488 0.472941 0.686759 0.467306 0.683808 0.485065
0 0.521482 0.591239 0.524856 0.57324 0.515309 0.567584 0.511935 0.585582
0 0.0363467 0.145872 0.0591614 0.00850516 -0.00961131 -0.0275945 -0.0324261 0.109773
0 0.326358 0.947744 0.327883 0.906311 0.301045 0.90319 0.29952 0.944623
0 0.613034 0.488952 0.619314 0.462405 0.605643 0.452184 0.599363 0.478731
0 0.714909 0.524269 0.716938 0.502183 0.704383 0.498539 0.702355 0.520624
0 0.870275 0.170839 0.869957 0.146989 0.856115 0.147572 0.856433 0.171422
0 0.666207 0.64141 0.678079 0.604662 0.652827 0.578876 0.640954 0.615624
0 0.687527 0.473463 0.696701 0.45867 0.683245 0.432295 0.67407 0.447088
0 0.569087 0.609383 0.5717 0.585708 0.557154 0.580635 0.554542 0.604311
0 0.633432 0.464133 0.634406 0.445303 0.622636 0.443379 0.621662 0.462209
0 0.593665 0.478476 0.595768 0.460797 0.584738 0.456651 0.582635 0.47433
0 0.776778 0.618243 0.779927 0.59631 0.766354 0.590149 0.763204 0.612083
0 0.608678 0.738442 0.610134 0.716809 0.596897 0.713993 0.595441 0.735626
0 0.132099 0.907948 0.148802 0.880805 0.139253 0.862233 0.122549 0.889376
0 0.637102 0.465263 0.63991 0.445032 0.628045 0.439829 0.625238 0.46006
0 0.571102 0.655222 0.574957 0.634163 0.56345 0.627505 0.559595 0.648564
0 0.647007 0.481928 0.650623 0.459665 0.63913 0.453766 0.635514 0.476029
0 0.820733 0.434571 0.823574 0.408742 0.805928 0.402608 0.803088 0.428437
0 0.545483 0.905177 0.548604 0.872875 0.536673 0.869232 0.533552 0.901534
0 0.57115 0.584018 0.573146 0.563806 0.562017 0.560331 0.56002 0.580543
0 0.575869 0.684418 0.581841 0.662526 0.567899 0.650507 0.561928 0.672399
0 0.0763908 0.971063 0.0820524 0.925423 0.0598737 0.916728 0.0542121 0.962367
0 0.501222 0.843391 0.509081 0.811456 0.494871 0.800404 0.487012 0.832339
0 0.544711 0.663158 0.549504 0.639265 0.537674 0.631765 0.532881 0.655658
0 0.723637 0.359711 0.726249 0.338958 0.716391 0.335037 0.713779 0.35579
0 0.0970391 0.793012 0.102762 0.772614 0.0918654 0.762951 0.0861421 0.78335
0 0.769638 0.668783 0.773689 0.632938 0.759001 0.627692 0.75495 0.663536
0 0.0739612 1.01386 0.103454 0.988084 0.094462 0.955563 0.064969 0.981337
0 0.627003 0.70125 0.628889 0.678865 0.616943 0.675683 0.615057 0.698068
0 0.993885 0.513388 0.997245 0.491944 0.975211 0.48103 0.97185 0.502475
0 0.0185891 0.266067 0.174713 0.20569 0.164405 0.121453 0.0082816 0.18183
0 0.981389 0.791144 1.01786 0.731021 0.96004 0.62015 0.923565 0.680273
0 0.660998 0.411491 0.663283 0.392601 0.65272 0.388563 0.650435 0.407452
0 0.697383 0.371817 0.699458 0.353672 0.688512 0.349716 0.686437 0.367862
0 0.813721 0.393316 0.815036 0.372796 0.802072 0.370171 0.800757 0.390691
0 0.522667 0.701233 0.523879 0.673889 0.511255 0.672121 0.510044 0.699465
0 0.49432 0.636925 0.502911 0.617406 0.494981 0.606374 0.48639 0.625893
0 0.57085 0.51373 0.577938 0.482982 0.562828 0.471973 0.55574 0.502721
0 0.531007 0.86849 0.539708 0.83781 0.530331 0.829405 0.52163 0.860085
0 0.536401 0.631787 0.539042 0.610917 0.529572 0.607129 0.526931 0.628
0 0.556333 0.557824 0.562132 0.532155 0.552351 0.525172 0.546552 0.55084
