0 0.609202 0.811039 0.616719 0.790959 0.602006 0.773553 0.59449 0.793634
0 0.191413 0.978179 0.195763 0.937498 0.171852 0.929417 0.167502 0.970098
0 0.105848 0.989381 0.0970529 0.863218 0.0329697 0.877338 0.0417652 1.0035
0 0.272227 0.994188 0.273355 0.954896 0.253003 0.953051 0.251876 0.992343
0 0.573506 0.579747 0.585329 0.547084 0.57158 0.531357 0.559758 0.56402
0 0.46507 0.796807 0.4796 0.74845 0.440892 0.711691 0.426362 0.760048
0 0.528428 0.609991 0.539231 0.56666 0.523159 0.553996 0.512356 0.597328
0 0.399719 0.914907 0.403325 0.877415 0.38498 0.871838 0.381374 0.90933
0 0.177009 0.996002 0.180318 0.962324 0.161226 0.956395 0.157916 0.990073
0 0.294454 0.861957 0.305629 0.813632 0.283821 0.797694 0.272646 0.846018
0 0.275207 0.93479 0.277594 0.909948 0.261132 0.904948 0.258745 0.929791
0 0.642936 0.949166 0.648196 0.885923 0.616505 0.877592 0.611244 0.940835
0 0.564535 0.990298 0.555249 0.938795 0.519088 0.9594 0.528373 1.0109
0 0.227897 0.898989 0.23992 0.84232 0.218437 0.827914 0.206414 0.884583
0 0.174082 0.897261 0.181396 0.855077 0.155295 0.840774 0.147981 0.882958
0 0.491156 0.833297 0.496629 0.778159 0.461174 0.767037 0.455702 0.822175
0 0.256583 0.87968 0.267684 0.846673 0.25133 0.829291 0.24023 0.862297
0 0.635575 0.788643 0.63872 0.766515 0.626086 0.760839 0.622941 0.782967
0 0.109279 0.992257 0.13202 0.949783 0.117432 0.925097 0.0946906 0.967571
0 0.589366 0.697548 0.594444 0.672726 0.580279 0.663566 0.5752 0.688387
0 0.482737 0.68422 0.483458 0.654972 0.46636 0.653641 0.46564 0.682889
0 0.613599 0.995661 0.607694 0.95671 0.573879 0.972911 0.579783 1.01186
0 0.415738 0.96579 0.418915 0.936257 0.398706 0.929386 0.395529 0.958919
0 0.574937 0.873805 0.577498 0.847363 0.562188 0.842675 0.559626 0.869118
0 0.0755953 0.834414 0.076307 0.80134 0.0548514 0.799881 0.0541397 0.832955
0 0.290124 0.888713 0.303437 0.86904 0.295052 0.851107 0.281739 0.870779
0 0.129872 0.879849 0.132606 0.851902 0.117612 0.847265 0.114877 0.875213
0 0.693797 0.837908 0.702147 0.801742 0.676943 0.78335 0.668593 0.819517
0 0.691922 0.676063 0.697951 0.650646 0.684602 0.640638 0.678572 0.666054
0 0.663565 0.754708 0.664594 0.724143 0.645518 0.722115 0.64449 0.752679
0 0.640047 0.857376 0.641741 0.831007 0.619137 0.826417 0.617443 0.852786
0 0.352217 0.644931 0.358263 0.618666 0.341107 0.606184 0.335061 0.63245
0 0.596084 0.819893 0.600961 0.799153 0.589126 0.790358 0.584249 0.811098
0 0.542402 0.57129 0.547155 0.546573 0.522042 0.53131 0.517289 0.556027
0 0.24049 0.892431 0.25167 0.866753 0.241474 0.852722 0.230294 0.8784
0 0.397916 0.999907 0.410067 0.970657 0.399461 0.956734 0.387311 0.985984
0 0.473797 0.73391 0.48994 0.709313 0.471597 0.671267 0.455454 0.695864
0 0.537804 0.790546 0.540573 0.766807 0.526781 0.761723 0.524012 0.785461
0 0.628191 0.881397 0.633823 0.853356 0.611094 0.83893 0.605463 0.866971
0 0.526899 0.795487 0.528783 0.776174 0.514425 0.771749 0.512541 0.791061
0 0.333078 0.976928 0.340491 0.948469 0.329777 0.939649 0.322364 0.968108
0 0.10235 0.961503 0.139251 0.912409 0.12147 0.87017 0.0845689 0.919264
0 0.341355 0.618168 0.344744 0.593355 0.330036 0.587005 0.326647 0.611819
0 0.404747 0.94521 0.414216 0.909437 0.398573 0.896351 0.389104 0.932124
0 0.559713 0.795156 0.562329 0.7742 0.551503 0.769928 0.548886 0.790883
0 0.715603 0.665857 0.7192 0.639779 0.702038 0.632296 0.698441 0.658375
0 0.726604 0.806749 0.72823 0.785435 0.714965 0.782238 0.71334 0.803552
0 0.660265 0.704097 0.665862 0.682082 0.655215 0.673527 0.649618 0.695543
0 0.700722 0.79394 0.708903 0.773108 0.693987 0.754595 0.685806 0.775427
0 0.661891 0.807222 0.663676 0.788038 0.652328 0.784701 0.650543 0.803885
0 0.115921 0.855295 0.120939 0.824671 0.103252 0.815512 0.0982342 0.846136
0 0.62484 0.988883 0.628149 0.961839 0.609943 0.954798 0.606634 0.981842
0 0.709974 0.840849 0.713126 0.821043 0.698036 0.813451 0.694883 0.833257
0 0.558702 0.584715 0.559915 0.564908 0.543555 0.561742 0.542342 0.581549
0 0.585207 0.777872 0.585811 0.744397 0.567893 0.743374 0.567289 0.77685
0 0.108979 0.901843 0.124168 0.879912 0.115713 0.861406 0.100524 0.883337
0 0.458213 0.858477 0.461136 0.773642 0.417583 0.7689 0.414661 0.853735
0 0.510964 0.696757 0.516172 0.675022 0.494579 0.65867 0.489371 0.680405
0 0.693848 0.766096 0.704134 0.748216 0.689135 0.720944 0.678849 0.738823
0 0.168882 0.845863 0.170726 0.825378 0.154179 0.820672 0.152336 0.841157
0 0.48521 0.913121 0.499388 0.878262 0.482979 0.857169 0.468801 0.892029
0 0.522135 0.910979 0.519315 0.875878 0.491344 0.882979 0.494163 0.918081
0 0.594072 0.934174 0.598685 0.908219 0.58461 0.900313 0.579997 0.926268
0 0.473018 0.957995 0.486918 0.925532 0.466019 0.897249 0.452119 0.929713
0 0.578564 0.908928 0.587829 0.887058 0.579178 0.875476 0.569913 0.897345
0 0.247927 0.946964 0.252527 0.887013 0.209065 0.876475 0.204466 0.936426
0 0.687542 0.770617 0.691351 0.751557 0.678183 0.743239 0.674374 0.762299
0 0.321693 0.688342 0.326955 0.664397 0.307996 0.65123 0.302734 0.675174
0 0.575235 0.987289 0.575979 0.941684 0.560337 0.940877 0.559593 0.986482
0 0.577518 0.954415 0.58899 0.939485 0.57591 0.907721 0.564438 0.92265
0 0.568375 0.834585 0.574518 0.788152 0.557932 0.781217 0.551789 0.82765
0 0.613799 0.850078 0.608208 0.811892 0.578895 0.825457 0.584486 0.863643
0 0.350642 0.900483 0.353079 0.880828 0.338619 0.875159 0.336181 0.894814
0 0.606404 0.898621 0.613105 0.871798 0.582345 0.847509 0.575644 0.874332
0 0.567463 0.902875 0.578747 0.874445 0.567701 0.86059 0.556418 0.889019
0 0.701018 0.884438 0.702825 0.850421 0.677803 0.84622 0.675996 0.880237
0 0.214197 1.01565 0.241111 0.991217 0.232175 0.960103 0.205261 0.984531
0 0.379294 0.45173 0.373244 0.419365 0.346829 0.434972 0.35288 0.467337
0 0.691022 0.85285 0.682866 0.806355 0.64514 0.827272 0.653297 0.873767
0 0.321148 0.792242 0.333742 0.767566 0.324766 0.753087 0.312172 0.777763
0 0.377763 0.959163 0.380085 0.930918 0.361304 0.926039 0.358982 0.954284
0 0.548816 0.820788 0.555867 0.799474 0.536325 0.779042 0.529274 0.800357
0 0.660256 0.675772 0.66399 0.655215 0.650368 0.647395 0.646634 0.667952
0 0.403153 0.524328 0.409458 0.486611 0.391075 0.476899 0.38477 0.514616
0 0.736298 0.658239 0.738063 0.64114 0.727648 0.637741 0.725883 0.65484
0 0.198537 1.00494 0.201326 0.978567 0.186257 0.973529 0.183467 0.999902
0 0.200341 0.899823 0.220819 0.862545 0.206133 0.837047 0.185655 0.874325
0 0.28543 1.0016 0.288718 0.970349 0.273095 0.965153 0.269807 0.996402
0 0.15833 0.913324 0.161421 0.879924 0.144004 0.874829 0.140913 0.908229
0 0.759518 0.81483 0.867362 0.784305 0.854464 0.640289 0.746621 0.670814
0 0.559394 0.971231 0.567675 0.922306 0.534378 0.904493 0.526096 0.953417
0 0.81262 1.05169 0.862148 0.960665 0.789369 0.835507 0.739841 0.926531
0 0.688414 0.79558 0.689828 0.773666 0.672809 0.770195 0.671395 0.792108
0 0.508246 0.618903 0.517009 0.592182 0.500135 0.57469 0.491371 0.601411
0 0.677545 0.908097 0.685748 0.869814 0.659349 0.851937 0.651147 0.89022
0 0.0419917 0.738614 0.0538767 0.713963 0.0434355 0.698053 0.0315505 0.722704
0 0.647183 0.782497 0.650346 0.764199 0.637957 0.75743 0.634794 0.775728
0 0.308615 0.868346 0.314395 0.842162 0.299872 0.832029 0.294091 0.858214
0 0.309424 0.772701 0.328503 0.754862 0.322104 0.733234 0.303025 0.751073
0 0.314255 0.959466 0.326354 0.919793 0.312322 0.906269 0.300224 0.945942
0 0.287572 0.971002 0.292867 0.94308 0.281544 0.936295 0.27625 0.964217
0 0.530365 0.656227 0.537082 0.627911 0.511293 0.608577 0.504576 0.636893
0 0.679262 0.70622 0.685607 0.683443 0.671497 0.67102 0.665152 0.693797
0 0.364847 0.592651 0.366302 0.552182 0.35307 0.550678 0.351615 0.591147
0 0.687155 0.722743 0.689146 0.703241 0.678378 0.699768 0.676388 0.71927
0 0.571933 0.70511 0.578273 0.683961 0.568362 0.67457 0.562021 0.695718
0 0.64654 0.819626 0.652415 0.789791 0.635241 0.779104 0.629366 0.808939
0 0.36863 0.844324 0.368379 0.771791 0.330293 0.772208 0.330544 0.844741
0 0.471774 0.884678 0.478714 0.861147 0.461109 0.844736 0.454169 0.868267
0 0.247251 0.996838 0.254183 0.974983 0.238261 0.959021 0.231329 0.980876
0 0.697037 0.726458 0.698788 0.707721 0.687938 0.704516 0.686187 0.723253
0 0.587629 0.977528 0.592376 0.951231 0.579323 0.943783 0.574575 0.97008
0 0.218148 0.980203 0.230323 0.950829 0.219823 0.937075 0.207649 0.966449
0 0.572349 0.650501 0.575517 0.630364 0.566218 0.62574 0.56305 0.645877
0 0.496959 0.53268 0.495664 0.492152 0.479473 0.493787 0.480768 0.534315
0 0.367486 0.688736 0.378848 0.674824 0.365378 0.640058 0.354016 0.65397
0 0.524509 0.845526 0.525759 0.777895 0.490029 0.775807 0.488779 0.843439
0 0.37796 0.71248 0.379814 0.685576 0.362438 0.681793 0.360584 0.708697
0 0.460785 1.007 0.464461 0.985707 0.450598 0.978142 0.446922 0.99943
0 0.377186 0.939253 0.385126 0.889751 0.356942 0.875463 0.349001 0.924965
0 0.178842 0.785382 0.188016 0.741258 0.168307 0.728308 0.159134 0.772432
0 0.639734 0.996644 0.648778 0.963146 0.634252 0.950751 0.625208 0.984249
0 0.258883 0.967074 0.270332 0.933675 0.258758 0.921136 0.247309 0.954535
0 0.208143 0.817704 0.217911 0.790454 0.207506 0.778666 0.197738 0.805916
0 0.102802 0.891271 0.117307 0.863018 0.106219 0.845026 0.0917137 0.873279
0 0.43099 0.733943 0.444002 0.701094 0.423791 0.675792 0.410779 0.708641
0 0.663144 0.789993 0.665064 0.771012 0.652602 0.767027 0.650682 0.786008
0 0.554247 0.546133 0.555032 0.523006 0.540261 0.521422 0.539476 0.544548
0 0.3719 0.548481 0.38048 0.525863 0.371056 0.514564 0.362476 0.537182
0 0.0192552 0.907882 0.0363733 0.865008 0.0174512 0.84113 0.00033301 0.884004
0 0.30145 0.958204 0.305579 0.927978 0.284712 0.918967 0.280582 0.949193
0 0.242175 0.974063 0.252627 0.947302 0.242278 0.934528 0.231826 0.961288
0 0.317241 0.911367 0.32483 0.883638 0.314722 0.874894 0.307133 0.902623
0 0.558357 0.888191 0.559159 0.861366 0.543306 0.859868 0.542504 0.886693
0 0.128947 0.762507 0.148893 0.739153 0.141385 0.718885 0.121439 0.742239
0 0.527216 0.677449 0.530547 0.647399 0.505298 0.638552 0.501967 0.668602
0 0.592134 0.755755 0.596062 0.736284 0.58452 0.728926 0.580592 0.748397
0 0.480594 0.863873 0.488922 0.829674 0.477422 0.820823 0.469094 0.855022
0 0.141758 0.858387 0.144237 0.818213 0.123088 0.814088 0.120609 0.854262
0 0.337244 0.588117 0.339846 0.564933 0.328284 0.560832 0.325681 0.584016
0 0.209766 0.855472 0.220671 0.835014 0.211765 0.820011 0.20086 0.840469
0 0.0404355 1.03241 0.057038 0.931051 0.00400453 0.903598 -0.0125979 1.00496
0 0.987844 1.05207 1.01253 0.890632 0.842843 0.808642 0.818161 0.970082
0 0.199051 0.807202 0.213668 0.769573 0.198388 0.750814 0.183771 0.788443
0 0.627247 0.764223 0.628678 0.745174 0.616935 0.742387 0.615505 0.761436
0 0.867445 0.756949 0.876043 0.738917 0.861375 0.716811 0.852776 0.734842
0 0.593981 0.955758 0.599233 0.933373 0.588108 0.925122 0.582855 0.947507
0 0.307815 0.901075 0.315704 0.875584 0.306745 0.86682 0.298855 0.892311
0 0.554617 0.617901 0.559641 0.588139 0.539743 0.577524 0.534719 0.607287
0 0.347016 0.951065 0.348739 0.924974 0.336085 0.922333 0.334362 0.948424
0 0.493377 0.76282 0.496673 0.738062 0.484785 0.73306 0.481489 0.757818
0 0.352027 0.595223 0.354378 0.56227 0.340986 0.559251 0.338636 0.592203
0 0.125125 0.56205 0.125362 0.519311 0.0948731 0.518777 0.0946359 0.561515
0 0.198343 0.573306 0.196886 0.54138 0.17741 0.544191 0.178867 0.576117
0 0.577637 0.727094 0.589908 0.70273 0.580643 0.687982 0.568372 0.712346
0 0.383902 0.877289 0.385254 0.846347 0.368096 0.843976 0.366743 0.874918
0 0.318382 0.979893 0.326052 0.951477 0.316005 0.942906 0.308335 0.971322
0 0.383783 0.49787 0.386049 0.475508 0.373259 0.471412 0.370993 0.493773
0 0.526498 0.776181 0.52833 0.753814 0.514386 0.750204 0.512554 0.77257
0 0.486133 0.928418 0.489271 0.906855 0.475627 0.900579 0.472488 0.922141
0 0.611448 0.626148 0.612608 0.596134 0.594196 0.593886 0.593036 0.623899
0 0.459226 0.950683 0.463272 0.925513 0.450373 0.918959 0.446327 0.94413
0 0.56645 0.619972 0.571342 0.590686 0.551147 0.580025 0.546255 0.609311
0 0.274766 0.896135 0.280338 0.873634 0.268685 0.864516 0.263114 0.887017
0 0.388041 0.529072 0.392135 0.505143 0.379944 0.498551 0.37585 0.522481
0 0.362621 0.884302 0.36991 0.853603 0.358102 0.844741 0.350813 0.875441
0 0.544345 0.837367 0.548762 0.819709 0.538314 0.811447 0.533896 0.829105
0 0.124088 0.82612 0.129895 0.800659 0.117017 0.791376 0.11121 0.816837
0 0.626175 0.82842 0.626835 0.807405 0.614568 0.806189 0.613908 0.827203
0 0.5989 0.771113 0.600257 0.750262 0.588415 0.747826 0.587058 0.768677
0 0.621997 0.678683 0.623905 0.661723 0.61469 0.658446 0.612782 0.675406
0 0.291075 0.814785 0.290793 0.786545 0.271562 0.787152 0.271844 0.815392
0 0.320173 0.743802 0.321472 0.722592 0.306037 0.719602 0.304737 0.740813
0 0.357959 0.762117 0.35957 0.740279 0.346808 0.737304 0.345197 0.759142
0 0.713268 0.59454 0.715248 0.576287 0.703122 0.572129 0.701142 0.590381
0 0.583857 0.741007 0.590433 0.72314 0.582278 0.713654 0.575702 0.731521
0 0.735188 0.764751 0.74098 0.744968 0.721069 0.726545 0.715277 0.746328
0 0.306584 1.00415 0.306681 0.976237 0.28276 0.975973 0.282663 1.00389
0 0.398533 0.972678 0.402882 0.950421 0.391712 0.943523 0.387364 0.965781
0 0.871993 0.783161 0.873795 0.755548 0.859611 0.752624 0.85781 0.780237
0 0.844105 0.634673 0.850205 0.61736 0.832992 0.598191 0.826892 0.615504
0 0.364744 0.632555 0.366748 0.606438 0.353772 0.603292 0.351769 0.629409
0 0.408316 0.696759 0.409086 0.670814 0.396905 0.669671 0.396135 0.695616
0 0.717903 0.723591 0.71819 0.702497 0.703963 0.701886 0.703676 0.72298
0 0.848244 0.820427 0.855468 0.789934 0.842135 0.77995 0.83491 0.810443
0 0.532705 0.764662 0.537116 0.734678 0.52194 0.727622 0.517529 0.757605
0 0.0815973 0.81237 0.0855973 0.789871 0.0753701 0.784124 0.0713701 0.806624
0 0.636498 0.52645 0.641064 0.51007 0.627596 0.498204 0.62303 0.514584
0 0.425178 0.910192 0.4297 0.885771 0.418024 0.878936 0.413501 0.903357
0 0.138085 0.950561 0.155153 0.925857 0.146823 0.907667 0.129755 0.932371
0 0.244019 0.866681 0.247268 0.835372 0.234217 0.831092 0.230969 0.862402
0 0.365323 0.532764 0.373459 0.511753 0.36424 0.500471 0.356104 0.521482
0 0.115222 0.810748 0.115362 0.788593 0.0995913 0.788277 0.0994506 0.810431
0 0.143074 0.901005 0.145295 0.875043 0.126555 0.869976 0.124334 0.895938
0 0.67545 0.775735 0.679024 0.752755 0.667526 0.747104 0.663952 0.770083
0 0.738455 0.815729 0.741605 0.788077 0.72766 0.783056 0.72451 0.810708
0 0.649378 0.725743 0.650572 0.708433 0.639896 0.706107 0.638703 0.723417
0 0.664 0.824393 0.664562 0.803786 0.651627 0.802671 0.651065 0.823278
0 0.597093 0.788261 0.5979 0.771282 0.585153 0.769365 0.584345 0.786345
0 0.297122 0.927545 0.303793 0.901604 0.293759 0.893449 0.287088 0.91939
0 0.348811 0.752793 0.351567 0.725128 0.337621 0.720737 0.334865 0.748402
0 0.724573 0.651487 0.726498 0.634461 0.716359 0.630839 0.714435 0.647865
0 0.305318 0.9822 0.306121 0.957928 0.287672 0.955998 0.286868 0.98027
0 0.413792 0.503506 0.423157 0.476183 0.413092 0.465279 0.403727 0.492603
0 0.614782 0.829109 0.616304 0.811207 0.602133 0.807402 0.600612 0.825303
0 0.202748 0.950766 0.207694 0.89753 0.177597 0.888694 0.172652 0.941929
0 0.157752 1.0025 0.161683 0.975798 0.146185 0.968586 0.142254 0.995284
0 0.745811 0.782823 0.749055 0.763723 0.735188 0.756278 0.731943 0.775378
0 0.832348 0.661095 0.838997 0.645965 0.823249 0.62409 0.816599 0.63922
0 0.882688 0.745541 0.890135 0.719686 0.877956 0.7086 0.870509 0.734455
0 0.345996 0.728737 0.351017 0.706616 0.340854 0.699326 0.335833 0.721447
0 0.765786 0.69751 0.767217 0.674121 0.753433 0.671456 0.752002 0.694844
0 0.277799 0.87157 0.282313 0.843768 0.266337 0.835571 0.261824 0.863372
0 0.708969 0.746215 0.713308 0.725878 0.701234 0.717736 0.696895 0.738073
0 0.584095 0.841791 0.588144 0.82058 0.576971 0.813841 0.572923 0.835052
0 0.462265 0.699273 0.462864 0.66539 0.439939 0.66411 0.439341 0.697993
0 0.558198 0.856856 0.558933 0.823684 0.545277 0.822727 0.544542 0.855899
0 0.0491742 0.830536 0.0552134 0.809578 0.0447892 0.800085 0.03875 0.821042
0 0.646847 0.838197 0.647619 0.817154 0.633294 0.815494 0.632522 0.836537
0 0.755402 0.662002 0.769113 0.640496 0.760391 0.622924 0.746681 0.64443
0 0.562017 0.774827 0.565108 0.752286 0.554278 0.747592 0.551187 0.770133
0 0.610366 0.967295 0.613403 0.940752 0.596794 0.934747 0.593757 0.961289
0 0.2471 0.781387 0.247131 0.75942 0.23005 0.759342 0.230018 0.781309
0 0.157244 0.871092 0.160806 0.839115 0.14157 0.832342 0.138008 0.864318
0 0.380957 0.622096 0.386033 0.597796 0.376023 0.591186 0.370946 0.615486
0 0.582863 0.824297 0.587514 0.798842 0.576223 0.792323 0.571573 0.817778
0 0.0830791 1.01483 0.106062 0.993094 0.0993573 0.970682 0.0763739 0.992413
0 0.33964 0.676112 0.344838 0.644907 0.321119 0.632421 0.315921 0.663626
0 0.256217 0.943374 0.262477 0.908243 0.248777 0.900527 0.242516 0.935658
0 0.432189 0.935476 0.44214 0.900178 0.430612 0.889908 0.420662 0.925206
0 0.418034 0.524268 0.422529 0.496172 0.411297 0.490493 0.406802 0.518589
0 0.639712 0.711988 0.643631 0.693072 0.633295 0.686304 0.629377 0.705221
0 0.154959 0.827686 0.163683 0.787308 0.137473 0.76941 0.128748 0.809788
0 0.662674 0.775658 0.665918 0.755648 0.652946 0.749001 0.649702 0.769012
0 0.714449 0.616566 0.7163 0.59736 0.703697 0.59352 0.701846 0.612726
0 0.120437 0.790708 0.119323 0.765814 0.0991106 0.768673 0.100225 0.793567
0 0.630234 0.963524 0.631177 0.94107 0.615028 0.938927 0.614085 0.961381
0 0.721049 0.787799 0.721133 0.767987 0.707246 0.767801 0.707163 0.787614
0 0.217744 0.762774 0.229159 0.731019 0.216794 0.716972 0.20538 0.748727
0 0.310889 0.975464 0.315419 0.953365 0.30499 0.946608 0.30046 0.968708
0 0.636952 0.823009 0.639006 0.799269 0.625751 0.795645 0.623697 0.819385
0 0.872733 0.827708 0.876848 0.783025 0.852073 0.775813 0.847957 0.820496
0 0.192968 0.876937 0.193473 0.828773 0.169118 0.827967 0.168614 0.876131
0 0.36902 0.650938 0.372278 0.63333 0.359877 0.626079 0.35662 0.643687
0 0.325077 0.873919 0.338759 0.84631 0.328408 0.830098 0.314726 0.857708
0 0.251754 0.901028 0.264217 0.880364 0.255652 0.864035 0.243188 0.884698
0 0.506568 0.98766 0.522809 0.9781 0.512236 0.92133 0.495995 0.93089
0 0.186538 0.796948 0.198745 0.762369 0.186462 0.748664 0.174254 0.783243
0 0.431346 0.996872 0.433527 0.969277 0.42251 0.966526 0.42033 0.994121
0 0.599165 0.661584 0.6042 0.637928 0.594654 0.631506 0.589619 0.655162
0 0.139795 0.779538 0.15239 0.755057 0.141507 0.737363 0.128913 0.761844
0 0.0857321 0.884124 0.0853115 0.856792 0.0632904 0.857863 0.063711 0.885195
0 0.336161 0.726756 0.338418 0.705739 0.328204 0.702272 0.325947 0.72329
0 0.412807 0.673219 0.414733 0.656815 0.405138 0.653255 0.403212 0.669659
0 0.335794 0.884972 0.342365 0.858435 0.332156 0.850445 0.325585 0.876982
0 0.520579 0.578326 0.52312 0.552757 0.509329 0.548425 0.506788 0.573994
0 0.205964 0.755587 0.213648 0.726537 0.203652 0.71818 0.195968 0.74723
0 0.617077 0.944093 0.618597 0.921685 0.60504 0.918779 0.603521 0.941187
0 0.196241 0.729057 0.205653 0.68822 0.181493 0.670621 0.172081 0.711459
0 0.725532 0.767875 0.72785 0.752696 0.713788 0.74591 0.71147 0.761089
0 0.464615 0.746468 0.475183 0.718484 0.452069 0.690897 0.441501 0.71888
0 0.389009 0.851973 0.390336 0.832241 0.377971 0.829612 0.376644 0.849344
0 0.64964 0.855934 0.650813 0.831484 0.639544 0.829776 0.638371 0.854225
0 0.0438747 0.877986 0.0595492 0.847686 0.0491562 0.830694 0.0334817 0.860994
0 0.353583 0.686444 0.361912 0.659429 0.352257 0.650022 0.343929 0.677037
0 0.366451 0.969398 0.36777 0.939896 0.353807 0.937922 0.352488 0.967425
0 0.632158 0.541992 0.637162 0.520232 0.623208 0.51009 0.618204 0.531851
0 0.292301 0.905035 0.299703 0.883732 0.288949 0.871923 0.281547 0.893226
0 0.506439 0.745285 0.510382 0.709137 0.496237 0.704261 0.492294 0.740409
0 0.723644 0.839168 0.728197 0.820812 0.718267 0.813026 0.713713 0.831382
0 0.702631 0.71015 0.705458 0.689338 0.692815 0.683911 0.689988 0.704722
0 0.388884 0.942287 0.396054 0.916502 0.385282 0.907036 0.378113 0.932821
0 0.224825 0.731914 0.225999 0.709846 0.208552 0.706914 0.207379 0.728982
0 0.39201 0.624132 0.395514 0.604638 0.385447 0.598921 0.381944 0.618415
0 0.581691 0.521667 0.583101 0.503225 0.572502 0.500664 0.571092 0.519105
0 0.56343 0.740178 0.566031 0.718411 0.555292 0.714356 0.552691 0.736122
0 0.0915616 0.864086 0.0946272 0.839791 0.0798021 0.833879 0.0767364 0.858174
0 0.699439 0.850819 0.701088 0.8311 0.688616 0.827803 0.686966 0.847521
0 0.744745 0.708311 0.754622 0.69388 0.742444 0.667537 0.732567 0.681968
0 0.250029 0.811936 0.270229 0.779208 0.258742 0.756801 0.238542 0.78953
0 0.387377 0.976671 0.391217 0.953423 0.377338 0.946177 0.373498 0.969425
0 0.563467 0.930505 0.568801 0.913329 0.554482 0.899276 0.549149 0.916452
0 0.503834 0.931483 0.504284 0.90382 0.485922 0.902878 0.485473 0.930541
0 0.226185 0.788261 0.229095 0.767894 0.217746 0.762769 0.214836 0.783136
0 0.523099 0.954449 0.53122 0.92616 0.518171 0.914319 0.510049 0.942608
0 0.457126 0.9959 0.460195 0.935898 0.430275 0.931062 0.427206 0.991064
0 0.194027 0.747659 0.20658 0.722586 0.197732 0.708585 0.185179 0.733658
0 0.345667 0.877728 0.350727 0.854754 0.34022 0.847441 0.335161 0.870415
0 0.470783 1.0017 0.474341 0.977259 0.462217 0.971681 0.458659 0.996121
0 0.83084 0.626701 0.830706 0.605307 0.809017 0.605737 0.809151 0.627131
0 0.542017 0.810402 0.544797 0.790811 0.52917 0.783803 0.52639 0.803393
0 0.772425 0.684564 0.799965 0.665758 0.794225 0.639195 0.766686 0.658002
0 0.347045 1.0049 0.356851 0.9741 0.344813 0.961986 0.335007 0.992783
0 0.831233 0.616253 0.834588 0.590155 0.813575 0.581617 0.81022 0.607715
0 0.108813 1.0107 0.122367 0.987146 0.111717 0.967781 0.0981633 0.991338
0 0.740337 0.72476 0.742748 0.705346 0.730066 0.70037 0.727655 0.719783
0 0.710723 0.8188 0.714047 0.799526 0.700245 0.792004 0.696921 0.811277
0 0.421934 0.998613 0.422737 0.970519 0.408432 0.969227 0.407629 0.997321
0 0.326072 0.530756 0.33855 0.502639 0.327435 0.48705 0.314957 0.515167
0 0.206816 0.97611 0.211653 0.942026 0.198935 0.936323 0.194099 0.970407
0 0.209615 0.998809 0.220446 0.971696 0.210806 0.959524 0.199975 0.986636
0 0.0366517 0.635783 0.0537162 0.616685 0.047736 0.599797 0.0306714 0.618894
0 0.746725 0.652753 0.750023 0.635448 0.740238 0.629553 0.73694 0.646859
0 0.314246 0.572805 0.315317 0.552509 0.301912 0.550273 0.300841 0.570569
0 0.316071 0.994258 0.324197 0.964662 0.315135 0.956798 0.307009 0.986395
0 0.625836 1.00561 0.627704 0.982862 0.614594 0.979459 0.612726 1.0022
0 0.611385 0.771438 0.613512 0.753125 0.603921 0.749606 0.601795 0.767919
0 0.322428 0.853023 0.3337 0.827252 0.32344 0.813069 0.312169 0.83884
0 0.38496 0.994275 0.3876 0.972682 0.377134 0.968638 0.374494 0.990231
0 0.210731 0.832873 0.215161 0.815015 0.206242 0.808023 0.201813 0.825881
0 0.263927 1.00311 0.264219 0.984858 0.249198 0.984098 0.248906 1.00235
0 0.15818 0.975821 0.171762 0.947323 0.162461 0.933312 0.148878 0.96181
0 0.0622875 0.86371 0.0795786 0.837947 0.0714182 0.820638 0.0541272 0.8464
0 0.0319948 0.761608 0.0393324 0.733509 0.0258915 0.722416 0.0185539 0.750515
0 0.324392 0.88519 0.334768 0.852689 0.324261 0.842088 0.313885 0.874589
0 0.363305 0.620819 0.364977 0.596064 0.35288 0.593482 0.351209 0.618238
0 0.323543 1.00817 0.330388 0.984324 0.320044 0.974941 0.313199 0.998791
0 0.181413 0.82162 0.183408 0.799855 0.169291 0.795766 0.167297 0.817531
0 0.401517 0.573334 0.403735 0.552634 0.39239 0.548793 0.390172 0.569493
0 0.148206 0.733925 0.151405 0.697749 0.124984 0.690365 0.121785 0.726541
0 0.0317119 0.926441 0.0546351 0.883032 0.0395718 0.857892 0.0166486 0.901301
0 0.422352 0.888171 0.424682 0.864341 0.41194 0.860404 0.40961 0.884234
0 0.483502 0.653447 0.48496 0.634863 0.473367 0.63199 0.47191 0.650574
0 0.499906 1.00108 0.506682 0.945666 0.481136 0.935793 0.47436 0.991204
0 0.893552 0.760904 0.896449 0.740165 0.881936 0.733757 0.879038 0.754495
0 0.552122 0.935535 0.556274 0.909138 0.535441 0.898782 0.531289 0.925179
0 0.566397 0.636016 0.567944 0.614883 0.555158 0.611925 0.553611 0.633058
0 0.169507 0.306646 0.163957 0.259208 0.14458 0.266373 0.150129 0.313811
0 0.645265 0.655879 0.648554 0.639022 0.637344 0.632108 0.634054 0.648965
0 0.410084 1.00544 0.411241 0.986972 0.399808 0.984708 0.398651 1.00318
0 0.279712 0.969928 0.283997 0.932561 0.268412 0.926913 0.264127 0.96428
0 0.338626 0.561852 0.341752 0.54243 0.330635 0.536775 0.327509 0.556197
0 0.195659 0.874615 0.200274 0.830026 0.183581 0.824565 0.178965 0.869154
0 0.560567 0.565344 0.562826 0.550403 0.552875 0.545648 0.550616 0.560588
0 0.133073 0.568507 0.172079 0.517202 0.156028 0.478635 0.117022 0.52994
0 0.362332 0.697047 0.367307 0.671367 0.35623 0.664584 0.351255 0.690264
0 0.660993 0.562225 0.665934 0.540741 0.655271 0.532991 0.650331 0.554475
0 0.319319 0.612206 0.324226 0.594419 0.309914 0.581939 0.305007 0.599725
0 0.420795 0.930301 0.424514 0.907593 0.413496 0.901888 0.409776 0.924596
0 0.332253 0.949653 0.334506 0.929348 0.325231 0.926095 0.322978 0.9464
0 0.529793 0.738617 0.531472 0.714566 0.517632 0.711512 0.515952 0.735563
0 0.377036 0.57173 0.38151 0.5492 0.369831 0.541871 0.365357 0.564401
0 0.301266 0.800158 0.300078 0.758815 0.273161 0.76126 0.274349 0.802602
0 0.425601 0.955973 0.429777 0.924711 0.416825 0.919243 0.412649 0.950505
0 0.751367 0.748115 0.75464 0.727803 0.743605 0.722183 0.740332 0.742494
0 0.620451 0.811818 0.621798 0.791948 0.612931 0.790049 0.611584 0.809918
0 0.471571 0.983726 0.491537 0.948527 0.481166 0.929935 0.4612 0.965135
0 0.708752 0.628947 0.710214 0.614107 0.700614 0.611119 0.699152 0.625959
0 0.464706 0.862517 0.477652 0.835504 0.464859 0.816126 0.451913 0.843138
0 0.583586 0.669516 0.592058 0.642963 0.579814 0.630616 0.571342 0.657169
0 0.273381 0.842764 0.276068 0.813254 0.255916 0.807453 0.253228 0.836963
0 0.335651 0.498759 0.340637 0.47357 0.323766 0.463016 0.31878 0.488204
0 0.281004 0.905272 0.286526 0.882342 0.277969 0.875829 0.272447 0.898759
0 0.740231 0.837194 0.742707 0.813108 0.72852 0.808499 0.726044 0.832584
0 0.287608 0.927674 0.291324 0.906232 0.280878 0.900512 0.277163 0.921954
0 0.720396 0.699627 0.722322 0.682578 0.714891 0.679925 0.712965 0.696974
0 0.316122 0.809008 0.321987 0.78887 0.309712 0.77757 0.303846 0.797708
0 0.337229 0.910308 0.339408 0.884912 0.327075 0.881568 0.324896 0.906963
0 0.583911 0.794921 0.585042 0.774398 0.571681 0.772072 0.57055 0.792594
0 0.347148 0.966529 0.349659 0.945405 0.340337 0.941903 0.337827 0.963027
0 0.15411 0.950391 0.164814 0.925333 0.155852 0.913236 0.145149 0.938293
0 0.258417 0.766124 0.266542 0.745453 0.258136 0.735009 0.25001 0.755681
0 0.176044 0.912097 0.185967 0.883097 0.174819 0.871039 0.164895 0.900039
0 0.537913 0.626593 0.544338 0.608797 0.531934 0.594644 0.525509 0.61244
0 0.0577611 0.865504 0.0723617 0.837787 0.0642543 0.824289 0.0496536 0.852006
0 0.409287 0.893641 0.411935 0.874053 0.401033 0.869396 0.398385 0.888985
0 0.670898 0.80535 0.672348 0.787681 0.662737 0.785188 0.661286 0.802857
0 0.457928 0.993297 0.468206 0.962795 0.456694 0.950535 0.446416 0.981037
0 0.752561 0.721667 0.757502 0.695927 0.742209 0.686649 0.737268 0.712389
0 0.766474 0.628649 0.770506 0.609453 0.760559 0.602849 0.756526 0.622044
0 0.370997 0.60979 0.37442 0.591762 0.365947 0.586677 0.362524 0.604705
0 0.568183 0.724334 0.572254 0.704566 0.562875 0.698462 0.558804 0.71823
0 0.596186 0.91098 0.60107 0.887454 0.58523 0.877063 0.580347 0.900588
0 0.652746 0.892799 0.657362 0.866972 0.637894 0.855976 0.633278 0.881802
0 0.577701 0.627169 0.578735 0.606525 0.566037 0.604516 0.565004 0.625161
0 0.700829 0.588043 0.70411 0.558033 0.683645 0.550962 0.680364 0.580972
0 0.658172 0.997958 0.658687 0.970577 0.642746 0.969628 0.64223 0.997009
0 0.327484 0.719217 0.329167 0.698553 0.31623 0.695223 0.314547 0.715887
0 0.461219 0.742826 0.465435 0.709877 0.439203 0.699268 0.434987 0.732216
0 0.542715 0.660062 0.545448 0.637038 0.534382 0.632886 0.531649 0.65591
0 0.734815 0.791579 0.737798 0.774091 0.723799 0.766543 0.720816 0.784032
0 0.210049 0.706173 0.230641 0.657667 0.215198 0.636947 0.194606 0.685454
0 0.680983 0.663124 0.68416 0.640477 0.673763 0.635867 0.670586 0.658515
0 0.0358729 0.720739 0.0375554 0.630879 -0.00879981 0.628136 -0.0104823 0.717996
0 0.583916 0.72036 0.593021 0.698742 0.584736 0.687714 0.575631 0.709332
0 0.168128 0.800842 0.174116 0.782324 0.162144 0.770089 0.156156 0.788608
0 0.596183 0.746161 0.600247 0.727991 0.590951 0.721419 0.586886 0.739588
0 0.368681 0.992508 0.375865 0.968012 0.366535 0.959365 0.359351 0.98386
0 0.571145 0.916816 0.57572 0.89785 0.561626 0.887106 0.557051 0.906072
0 0.0981256 0.753502 0.0998183 0.732183 0.0846912 0.728387 0.0829985 0.749706
0 0.670464 0.717634 0.674166 0.696733 0.663738 0.690895 0.660035 0.711796
0 0.291018 0.810856 0.295953 0.758659 0.26716 0.750055 0.262225 0.802252
0 0.739492 0.641545 0.741896 0.622973 0.729429 0.617873 0.727025 0.636444
0 0.5518 0.52231 0.553185 0.507539 0.542041 0.504235 0.540656 0.519006
0 0.711527 0.863389 0.716799 0.840061 0.70302 0.830218 0.697748 0.853545
0 0.344384 0.703121 0.351441 0.675639 0.342298 0.668219 0.335241 0.695701
0 0.133193 0.980428 0.142052 0.949754 0.131389 0.940021 0.12253 0.970695
0 0.854708 0.681538 0.860009 0.661653 0.841302 0.645891 0.836001 0.665775
0 0.432096 0.68491 0.435668 0.665568 0.425078 0.659387 0.421506 0.678729
0 0.109846 0.773808 0.112168 0.747767 0.0961896 0.743264 0.0938675 0.769305
0 0.389783 1.00483 0.390597 0.985202 0.377356 0.983467 0.376543 1.00309
0 0.677831 0.640434 0.678303 0.621746 0.666565 0.620807 0.666092 0.639496
0 0.513981 0.888123 0.517814 0.853917 0.501144 0.848013 0.497311 0.882219
0 0.658004 0.929538 0.659505 0.901236 0.646776 0.899103 0.645275 0.927405
0 0.85354 0.775509 0.856178 0.750774 0.841858 0.745949 0.83922 0.770684
0 0.246994 0.762992 0.251456 0.740712 0.240787 0.733958 0.236324 0.756237
0 0.293703 0.755718 0.295128 0.740337 0.283233 0.736856 0.281809 0.752238
0 0.235313 0.965132 0.242719 0.941946 0.231615 0.930736 0.224209 0.953923
0 0.403857 0.488782 0.414135 0.46607 0.406124 0.454613 0.395846 0.477325
0 0.400154 0.632479 0.401288 0.61581 0.391677 0.613744 0.390544 0.630413
0 0.650856 0.956096 0.652498 0.932024 0.638289 0.928962 0.636648 0.953033
0 0.813196 0.660422 0.813836 0.637789 0.796157 0.636209 0.795517 0.658842
0 0.426597 1.00368 0.42692 0.976143 0.411863 0.975585 0.41154 1.00313
0 0.519481 0.758866 0.520039 0.732449 0.507641 0.73162 0.507082 0.758037
0 0.39207 0.0817645 0.39855 0.0460169 0.373881 0.0318841 0.367401 0.0676317
0 0.749336 0.763072 0.752205 0.748496 0.739364 0.74051 0.736495 0.755086
0 0.0532124 0.663495 0.0584636 0.637169 0.0412587 0.626323 0.0360075 0.652649
0 0.49255 0.671441 0.494967 0.650081 0.483066 0.645824 0.480649 0.667184
0 0.589821 0.798414 0.592901 0.782068 0.582033 0.775595 0.578953 0.791942
0 0.164138 0.929093 0.185666 0.899284 0.175759 0.87667 0.15423 0.906478
0 0.210349 0.376439 0.212126 0.315984 0.1788 0.312887 0.177023 0.373342
0 0.591793 0.727628 0.59696 0.709193 0.589289 0.702399 0.584122 0.720834
0 0.0361024 0.775758 0.0384604 0.749215 0.0224744 0.744727 0.0201164 0.77127
0 0.427906 0.659687 0.437378 0.64164 0.430005 0.629412 0.420534 0.64746
0 0.659123 0.943583 0.660659 0.923155 0.648445 0.920253 0.646908 0.940681
0 0.585607 0.61258 0.587888 0.597322 0.578323 0.592803 0.576042 0.608061
0 0.293188 0.999795 0.293431 0.976557 0.272313 0.975858 0.27207 0.999097
0 0.390192 0.582373 0.39309 0.563136 0.383281 0.558464 0.380382 0.577702
0 0.201357 0.83321 0.20312 0.811987 0.190551 0.808686 0.188787 0.829909
0 0.708733 0.676151 0.709803 0.657852 0.69853 0.655769 0.69746 0.674068
0 0.566913 0.539793 0.570936 0.517787 0.561012 0.512053 0.556989 0.53406
0 0.43124 1.00144 0.432011 0.976186 0.417645 0.9748 0.416874 1.00005
0 0.61263 0.650647 0.615244 0.630169 0.605169 0.626104 0.602555 0.646582
0 0.160195 0.954066 0.170258 0.922672 0.157207 0.90945 0.147144 0.940844
0 0.102055 0.83903 0.103156 0.815539 0.0904785 0.813661 0.0893779 0.837153
0 0.510238 1.00055 0.520667 0.982399 0.508122 0.959614 0.497693 0.977762
0 0.424122 0.849609 0.420377 0.810844 0.407059 0.814911 0.410804 0.853676
0 0.60977 0.800245 0.613523 0.779106 0.601057 0.772112 0.597305 0.793251
0 0.333232 0.921242 0.334547 0.897539 0.322052 0.895347 0.320737 0.91905
0 0.0296098 0.865901 0.0359285 0.844123 0.0239676 0.833155 0.0176488 0.854934
0 0.413421 0.807155 0.414992 0.776674 0.400815 0.774365 0.399244 0.804846
0 0.355934 0.660304 0.358952 0.639921 0.348272 0.634923 0.345254 0.655306
0 0.63173 0.822918 0.632489 0.80366 0.62025 0.802135 0.619491 0.821392
0 0.242858 0.659344 0.244779 0.63518 0.230551 0.631605 0.22863 0.655769
0 0.377072 0.735256 0.378946 0.710455 0.364113 0.706912 0.362238 0.731713
0 0.515069 0.808376 0.516407 0.77475 0.495331 0.7721 0.493993 0.805725
0 0.888008 0.812262 0.895694 0.792235 0.877189 0.769789 0.869503 0.789816
0 0.399855 0.65371 0.40138 0.636737 0.392652 0.63426 0.391127 0.651232
0 0.166669 0.747266 0.16986 0.711691 0.154448 0.707322 0.151257 0.742897
0 0.415092 0.453344 0.41834 0.411516 0.395672 0.405953 0.392424 0.44778
0 0.610559 0.724942 0.61445 0.707902 0.601425 0.698504 0.597535 0.715544
0 0.537885 0.678885 0.540227 0.658663 0.529888 0.654879 0.527547 0.675102
0 0.932575 0.736789 0.936666 0.715064 0.91677 0.703222 0.912679 0.724947
0 0.316407 0.83259 0.320028 0.812393 0.305327 0.804064 0.301707 0.824261
0 0.361283 0.437863 0.368417 0.41739 0.357378 0.405233 0.350244 0.425705
0 0.011663 0.863094 0.0157295 0.840267 0.00462713 0.834016 0.000560596 0.856843
0 0.521185 0.709519 0.525768 0.691699 0.514567 0.682594 0.509984 0.700414
0 0.549309 0.774919 0.551075 0.753823 0.539182 0.750678 0.537417 0.771774
0 0.00849358 0.768066 0.00998018 0.744192 -0.00124217 0.741984 -0.00272878 0.765857
0 0.338176 0.653231 0.343692 0.61236 0.307283 0.596829 0.301767 0.6377
0 0.328486 0.779574 0.339347 0.756072 0.331651 0.744832 0.32079 0.768333
0 0.562903 0.5179 0.563898 0.501643 0.55431 0.499788 0.553315 0.516045
0 0.700877 0.808809 0.706104 0.788967 0.688614 0.774405 0.683387 0.794247
0 0.614938 0.7526 0.618135 0.736661 0.608522 0.730568 0.605326 0.746507
0 0.630127 0.641346 0.630844 0.625982 0.621461 0.624597 0.620744 0.639961
0 0.921113 0.757305 0.926882 0.728722 0.903914 0.71407 0.898145 0.742653
0 0.314727 0.538523 0.319516 0.51439 0.307137 0.506624 0.302347 0.530758
0 0.499936 0.657148 0.501973 0.636356 0.489318 0.632437 0.48728 0.653228
0 0.637883 0.742868 0.639594 0.727873 0.630377 0.724549 0.628666 0.739544
0 0.670306 0.665866 0.673484 0.650348 0.661803 0.642786 0.658624 0.658303
0 0.426955 0.55782 0.433381 0.521302 0.415729 0.511484 0.409302 0.548001
0 0.107637 0.591316 0.107597 0.550992 0.078676 0.551083 0.0787163 0.591407
0 0.680201 0.732003 0.681454 0.714392 0.671124 0.71207 0.669871 0.729681
0 0.714596 0.694045 0.716531 0.674992 0.705506 0.671453 0.703571 0.690506
0 0.845635 0.611595 0.84789 0.593354 0.833599 0.58777 0.831344 0.606011
0 0.823443 0.6624 0.825374 0.644787 0.810953 0.639789 0.809021 0.657402
0 0.346564 0.546325 0.348999 0.528661 0.338521 0.524098 0.336086 0.541762
0 0.455335 0.993998 0.464124 0.945041 0.443071 0.933096 0.434282 0.982054
0 0.384715 0.589378 0.389721 0.570814 0.381208 0.563559 0.376202 0.582123
0 0.0938261 0.800463 0.098101 0.782551 0.0874743 0.774535 0.0831994 0.792448
0 0.647999 0.983611 0.651089 0.955368 0.635082 0.949833 0.631992 0.978076
0 0.308947 0.729942 0.313382 0.710957 0.303372 0.703568 0.298938 0.722552
0 0.341893 0.532598 0.346706 0.512889 0.335824 0.50449 0.331011 0.5242
0 0.83229 0.650063 0.834409 0.63093 0.815597 0.624345 0.813478 0.643478
0 0.470536 0.904388 0.47926 0.886197 0.466636 0.867061 0.457911 0.885252
0 0.409049 0.730292 0.410847 0.705493 0.400823 0.703197 0.399026 0.727996
0 0.320017 0.586777 0.322764 0.571914 0.313024 0.566224 0.310277 0.581088
0 0.389876 0.671581 0.393811 0.652027 0.383656 0.645566 0.37972 0.66512
0 0.600276 0.584408 0.601394 0.568868 0.592407 0.566823 0.591288 0.582363
0 0.357403 0.94407 0.358439 0.919834 0.349034 0.918564 0.347998 0.942799
0 0.695509 0.527432 0.696883 0.505491 0.683202 0.502784 0.681828 0.524724
0 0.55235 0.640538 0.55621 0.619287 0.541345 0.610751 0.537484 0.632003
0 0.337253 0.739951 0.338465 0.722581 0.329293 0.720559 0.328081 0.737929
0 0.655413 1.02703 0.837769 0.92398 0.812604 0.783246 0.630248 0.8863
0 0.613094 0.667347 0.616016 0.650067 0.606365 0.64491 0.603443 0.662189
0 0.620625 0.785302 0.622238 0.770573 0.611638 0.766905 0.610025 0.781633
0 0.252733 1.00547 0.253075 0.986741 0.238319 0.985888 0.237976 1.00461
0 0.196183 0.815917 0.19846 0.795739 0.186328 0.791411 0.18405 0.811589
0 0.586958 0.587049 0.589942 0.569265 0.579981 0.563982 0.576996 0.581766
0 0.427371 0.791305 0.43157 0.738241 0.406824 0.732053 0.402625 0.785117
0 0.53881 0.831354 0.542139 0.810572 0.531131 0.804999 0.527802 0.825782
0 0.369649 0.765962 0.374526 0.741247 0.364682 0.735109 0.359805 0.759823
0 0.711623 0.57406 0.714491 0.555087 0.703559 0.549864 0.700691 0.568837
0 0.5329 0.926211 0.536594 0.903785 0.524528 0.897504 0.520834 0.919929
0 0.372086 1.00527 0.371242 0.986188 0.357017 0.988177 0.357861 1.00726
0 0.481665 0.752253 0.484864 0.729261 0.471069 0.723195 0.46787 0.746187
0 0.229859 0.745678 0.234804 0.718315 0.221243 0.710569 0.216298 0.737932
0 0.508129 0.765731 0.509655 0.737859 0.497934 0.735831 0.496409 0.763703
0 0.720756 0.632248 0.722197 0.617293 0.713412 0.614616 0.71197 0.629572
0 0.45895 0.662448 0.460515 0.636991 0.448078 0.634573 0.446512 0.66003
0 0.461523 0.921801 0.46737 0.888626 0.45573 0.882143 0.449884 0.915318
0 0.692113 0.708974 0.694542 0.690294 0.685729 0.686673 0.6833 0.705352
0 0.0390878 0.665709 0.0447798 0.637739 0.0306893 0.628676 0.0249973 0.656647
0 0.728763 0.643629 0.729362 0.6252 0.718302 0.624066 0.717704 0.642495
0 0.499419 0.638126 0.501692 0.620467 0.491043 0.616135 0.48877 0.633794
0 0.897597 0.784621 0.900981 0.763518 0.885667 0.755756 0.882283 0.776859
0 0.59568 0.675088 0.599229 0.655815 0.590083 0.650491 0.586533 0.669764
0 0.547271 0.790113 0.548744 0.773766 0.538142 0.770746 0.536669 0.787093
0 0.133744 1.00558 0.135838 0.983033 0.121214 0.97874 0.11912 1.00128
0 0.78834 0.822414 0.789121 0.798233 0.767108 0.795988 0.766327 0.820169
0 0.723656 0.579336 0.728322 0.558277 0.716659 0.550109 0.711993 0.571167
0 0.413101 0.579093 0.420104 0.563818 0.413321 0.553989 0.406317 0.569265
0 0.102872 0.899727 0.106276 0.876729 0.0911178 0.869637 0.0877133 0.892636
0 0.350255 0.679362 0.355617 0.655654 0.346259 0.648964 0.340897 0.672672
0 0.240663 0.855358 0.244565 0.828979 0.231068 0.82267 0.227166 0.849049
0 0.482518 0.763112 0.484451 0.741994 0.471997 0.738391 0.470064 0.759509
0 0.564067 0.501363 0.565921 0.484689 0.555051 0.480868 0.553197 0.497542
0 0.195499 0.806213 0.209276 0.771262 0.190455 0.747815 0.176678 0.782766
0 0.634096 0.673898 0.63556 0.658405 0.627401 0.655968 0.625936 0.67146
0 0.283265 0.742698 0.28774 0.724837 0.279186 0.718064 0.274711 0.735925
0 0.495297 0.723649 0.500642 0.697764 0.490818 0.691353 0.485473 0.717238
0 0.355833 0.526644 0.359978 0.501935 0.347868 0.495516 0.343724 0.520225
0 0.437099 0.721753 0.445511 0.69411 0.42749 0.676777 0.419077 0.70442
0 0.566171 0.840795 0.568409 0.802536 0.55671 0.800374 0.554473 0.838632
0 0.619177 0.695324 0.6212 0.680902 0.612809 0.677182 0.610786 0.691604
0 0.723378 0.680017 0.725012 0.662939 0.716236 0.660285 0.714602 0.677364
0 0.698254 0.651899 0.700309 0.634254 0.690952 0.63081 0.688897 0.648454
0 0.740533 0.669848 0.743933 0.654903 0.734764 0.648308 0.731363 0.663253
0 0.0956298 0.873778 0.0978746 0.850217 0.085237 0.846411 0.0829922 0.869973
0 0.0477988 0.812536 0.0528797 0.783616 0.0383047 0.775523 0.0332238 0.804444
0 0.58578 0.932119 0.592297 0.912112 0.581067 0.900552 0.574551 0.920559
0 0.518998 0.644122 0.524081 0.619371 0.505824 0.607524 0.500742 0.632276
0 0.865298 0.722393 0.872476 0.704161 0.857612 0.685665 0.850434 0.703897
0 0.629754 0.734175 0.630299 0.715261 0.619157 0.714247 0.618612 0.73316
0 0.189992 0.756406 0.199794 0.737317 0.192177 0.724954 0.182374 0.744043
0 0.396006 0.488203 0.399158 0.47005 0.3868 0.463269 0.383649 0.481423
0 0.499286 0.795708 0.49989 0.76506 0.476011 0.763573 0.475407 0.794221
0 0.468799 0.66758 0.469464 0.641958 0.456741 0.640914 0.456076 0.666535
0 0.225642 0.767703 0.240804 0.747515 0.234575 0.732731 0.219414 0.75292
0 0.639683 0.765629 0.641124 0.748774 0.630843 0.745995 0.629401 0.762849
0 0.5794 0.730009 0.581044 0.709298 0.570325 0.706609 0.568681 0.72732
0 0.270602 0.769003 0.27843 0.7487 0.269836 0.738227 0.262008 0.75853
0 0.524996 0.888288 0.527447 0.862298 0.512772 0.857923 0.51032 0.883912
0 0.188928 0.814855 0.191005 0.793023 0.179572 0.789585 0.177495 0.811418
0 0.865597 0.710329 0.871973 0.688433 0.856033 0.673764 0.849657 0.69566
0 0.585874 0.859733 0.587066 0.836395 0.573671 0.834234 0.57248 0.857572
0 0.410409 0.532973 0.414288 0.510712 0.40351 0.504776 0.399631 0.527037
0 0.163744 0.709895 0.167441 0.690123 0.156801 0.683835 0.153104 0.703608
0 0.0467495 0.754127 0.0518919 0.731564 0.0406495 0.723466 0.0355071 0.746029
0 0.390679 0.44988 0.396249 0.422506 0.383204 0.414117 0.377634 0.441492
0 0.441116 0.937716 0.448314 0.91235 0.439997 0.904891 0.432799 0.930257
0 0.559512 0.719922 0.561934 0.699276 0.550923 0.695193 0.5485 0.71584
0 0.250917 0.734015 0.263654 0.65819 0.229432 0.640022 0.216695 0.715846
