0 0.0879544 1.01699 0.173194 0.993765 0.166546 0.916666 0.0813072 0.939893
0 0.993599 1.051 1.02483 0.821852 0.841961 0.743071 0.810727 0.972216
0 0.660089 0.807156 0.679915 0.78385 0.658417 0.726053 0.638591 0.749359
0 0.306512 0.982267 0.323466 0.941628 0.3073 0.920314 0.290346 0.960953
0 0.18521 0.948674 0.187089 0.913161 0.164885 0.909449 0.163006 0.944961
0 0.798932 0.625737 0.792952 0.584005 0.764494 0.596894 0.770474 0.638626
0 0.742528 0.62442 0.749342 0.595052 0.716306 0.570827 0.709492 0.600195
0 0.558364 1.00825 0.568748 0.948676 0.533685 0.92936 0.523301 0.988932
0 0.805959 1.06803 0.880489 0.9556 0.797901 0.782565 0.723371 0.894992
0 0.136209 0.957721 0.175578 0.920397 0.162521 0.876869 0.123152 0.914193
0 0.297565 0.974375 0.291852 0.888753 0.248433 0.897909 0.254145 0.983531
0 0.764305 0.642626 0.767364 0.621698 0.744699 0.61123 0.741641 0.632159
0 0.724459 0.667221 0.737179 0.6185 0.718612 0.603179 0.705891 0.651899
0 0.303005 0.949314 0.335302 0.901472 0.315845 0.859959 0.283548 0.907801
0 0.520802 0.621193 0.525696 0.595176 0.512685 0.58744 0.507791 0.613457
0 0.365595 1.00504 0.36696 0.971862 0.348838 0.969507 0.347473 1.00269
0 0.202575 0.934568 0.202934 0.902342 0.182069 0.901607 0.18171 0.933834
0 0.364193 0.995362 0.381044 0.981404 0.368966 0.935319 0.352115 0.949277
0 0.0724291 0.851823 0.0987418 0.825824 0.0899653 0.797751 0.0636526 0.82375
0 0.312538 0.836445 0.31389 0.810282 0.297612 0.807624 0.29626 0.833787
0 0.44985 0.971128 0.455305 0.951603 0.441005 0.938977 0.43555 0.958502
0 0.232142 0.875415 0.245799 0.839453 0.230644 0.821263 0.216987 0.857225
0 0.521575 0.669814 0.529821 0.648405 0.514627 0.62991 0.506381 0.651319
0 0.411489 0.91401 0.418467 0.859213 0.39603 0.850182 0.389051 0.904979
0 0.359664 0.901183 0.367605 0.861148 0.343152 0.845819 0.335211 0.885853
0 0.681488 0.571269 0.683433 0.536366 0.664697 0.533067 0.662752 0.567969
0 0.198658 0.70522 0.201221 0.678472 0.182389 0.67277 0.179827 0.699518
0 0.283594 1.01071 0.301018 0.977204 0.289555 0.958362 0.272131 0.991866
0 0.477017 0.918822 0.478159 0.892318 0.460992 0.889979 0.459849 0.916484
0 0.535565 0.551998 0.541665 0.529707 0.531612 0.521012 0.525512 0.543303
0 0.397722 0.865284 0.400314 0.842071 0.386617 0.837237 0.384025 0.860451
0 0.423995 0.968937 0.431575 0.913032 0.39252 0.896295 0.38494 0.952201
0 0.511963 0.642387 0.516562 0.619048 0.500827 0.609249 0.496228 0.632588
0 0.548254 0.468813 0.542916 0.43299 0.517455 0.444982 0.522794 0.480805
0 0.491158 0.772068 0.493683 0.750519 0.479519 0.745274 0.476994 0.766823
0 0.425527 1.00266 0.431104 0.972336 0.41865 0.965096 0.413073 0.995416
0 0.772371 0.689856 0.779096 0.644773 0.740846 0.626741 0.734121 0.671824
0 0.769456 0.566781 0.771426 0.543005 0.757807 0.539439 0.755837 0.563215
0 0.345011 0.915195 0.348867 0.882665 0.333832 0.877033 0.329977 0.909563
0 0.470587 0.966593 0.478462 0.942967 0.470026 0.93408 0.462151 0.957705
0 0.469931 0.891777 0.479242 0.843724 0.459205 0.831452 0.449893 0.879505
0 0.667536 0.747829 0.673787 0.721387 0.65346 0.706201 0.64721 0.732642
0 0.283665 0.793199 0.287803 0.773675 0.276934 0.766394 0.272796 0.785918
0 0.399934 1.00442 0.410898 0.973592 0.400165 0.961529 0.389201 0.992358
0 0.273355 0.814205 0.279439 0.786546 0.264447 0.776124 0.258363 0.803783
0 0.838748 0.703444 0.838512 0.665089 0.811467 0.665615 0.811703 0.703969
0 0.453336 0.926538 0.456758 0.902781 0.442417 0.896251 0.438994 0.920008
0 0.744909 0.505454 0.749124 0.47858 0.732924 0.47055 0.72871 0.497424
0 0.607367 0.792006 0.623816 0.763161 0.602487 0.72472 0.586038 0.753565
0 0.255071 1.00745 0.268531 0.977086 0.255121 0.958301 0.241661 0.988669
0 0.309122 0.891567 0.317309 0.864006 0.30542 0.852844 0.297233 0.880406
0 0.501077 0.624705 0.505941 0.604881 0.49197 0.594047 0.487106 0.613872
0 0.440088 0.998421 0.445627 0.966562 0.431773 0.958951 0.426235 0.99081
0 0.52047 0.910954 0.552792 0.871687 0.524909 0.799153 0.492588 0.83842
0 0.391311 0.382139 0.393464 0.326497 0.359961 0.322399 0.357808 0.378042
0 0.653347 0.873689 0.669927 0.824204 0.621442 0.772864 0.604862 0.822349
0 0.0502312 0.908505 0.0829276 0.86236 0.0661324 0.824749 0.033436 0.870893
0 0.444931 0.943469 0.44795 0.918358 0.431651 0.912166 0.428633 0.937277
0 0.31406 0.783151 0.314995 0.760313 0.297846 0.758094 0.296911 0.780933
0 0.158922 0.900527 0.171295 0.864703 0.157875 0.850054 0.145502 0.885877
0 0.391042 0.807933 0.391382 0.758223 0.363343 0.757617 0.363004 0.807328
0 0.177459 0.82308 0.198355 0.803366 0.191738 0.781197 0.170842 0.800911
0 0.558688 0.945148 0.566428 0.916698 0.547156 0.900126 0.539415 0.928576
0 0.350283 0.929243 0.373214 0.906114 0.365719 0.882629 0.342788 0.905758
0 0.528392 0.956625 0.531287 0.932167 0.513538 0.925529 0.510643 0.949987
0 0.637953 0.7564 0.642322 0.729222 0.622686 0.719245 0.618316 0.746423
0 0.544635 0.568134 0.549899 0.541242 0.540105 0.535183 0.534841 0.562075
0 0.433148 0.97188 0.44184 0.943068 0.430285 0.932051 0.421593 0.960863
0 0.197819 0.62295 0.19374 0.568808 0.160477 0.576728 0.164556 0.63087
0 0.330364 0.847312 0.332563 0.811419 0.315681 0.808149 0.313481 0.844042
0 0.166807 0.852522 0.179036 0.818646 0.168025 0.806083 0.155796 0.83996
0 0.581838 0.98583 0.582143 0.942463 0.560411 0.94198 0.560106 0.985347
0 0.232339 1.00369 0.265363 0.918296 0.228175 0.872841 0.19515 0.958234
0 0.159744 0.749433 0.185891 0.725541 0.179216 0.702451 0.153068 0.726343
0 0.346497 0.867194 0.348455 0.839276 0.330888 0.835382 0.32893 0.8633
0 0.576652 0.550183 0.582714 0.508546 0.562226 0.499119 0.556164 0.540756
0 0.494384 0.79706 0.495198 0.769405 0.4794 0.767935 0.478585 0.795591
0 0.773663 0.588189 0.776621 0.571944 0.764941 0.565222 0.761983 0.581468
0 0.619949 0.954511 0.654332 0.880012 0.62261 0.83374 0.588226 0.90824
0 0.507805 0.885729 0.507842 0.859504 0.490113 0.859425 0.490076 0.885651
0 0.323198 0.868965 0.324837 0.843151 0.310162 0.840207 0.308523 0.866021
0 0.701387 0.76768 0.709259 0.747155 0.684782 0.717484 0.67691 0.738009
0 0.307603 1.00096 0.316488 0.97583 0.305045 0.963045 0.29616 0.98818
0 0.710502 0.62934 0.71771 0.603526 0.705569 0.592812 0.698361 0.618626
0 0.524187 0.636883 0.528055 0.617215 0.517346 0.610558 0.513478 0.630226
0 0.38766 0.952322 0.388151 0.906859 0.355457 0.905742 0.354966 0.951205
0 0.494841 0.824256 0.506755 0.794803 0.496409 0.781576 0.484495 0.81103
0 0.290376 0.848375 0.295239 0.828691 0.282398 0.818666 0.277536 0.83835
0 0.261366 0.715073 0.263139 0.687746 0.247718 0.684583 0.245945 0.71191
0 0.790216 0.572466 0.79199 0.552141 0.779399 0.548667 0.777625 0.568993
0 0.845748 0.626432 0.850332 0.609118 0.835281 0.596524 0.830697 0.613838
0 0.173559 0.806692 0.179064 0.783837 0.167107 0.774734 0.161602 0.797589
0 0.492713 0.713279 0.499839 0.695269 0.483342 0.674641 0.476216 0.692651
0 0.419328 0.877656 0.483027 0.837925 0.468795 0.765815 0.405097 0.805547
0 0.619971 0.874949 0.623294 0.805128 0.589859 0.800098 0.586536 0.86992
0 0.147379 0.891178 0.155424 0.860612 0.144149 0.851233 0.136104 0.881798
0 0.753522 0.593189 0.756072 0.568428 0.739928 0.563173 0.737378 0.587934
0 0.786642 0.592316 0.787704 0.573743 0.775699 0.571574 0.774638 0.590147
0 0.726825 0.723112 0.735726 0.693759 0.706756 0.665994 0.697855 0.695347
0 0.156736 0.865919 0.161821 0.841715 0.148646 0.832967 0.143561 0.857171
0 0.0850345 1.00322 0.101244 0.928576 0.0678029 0.905624 0.0515939 0.980265
0 0.521934 0.977705 0.524277 0.953036 0.510478 0.948896 0.508136 0.973565
0 0.343253 0.947061 0.351511 0.921611 0.343242 0.91313 0.334983 0.93858
0 0.751247 0.562274 0.75212 0.547572 0.739926 0.545285 0.739054 0.559987
0 0.108827 0.855984 0.122543 0.839912 0.115686 0.821418 0.10197 0.83749
0 0.67817 0.548496 0.685981 0.517316 0.671567 0.505903 0.663756 0.537083
0 0.382591 0.914949 0.399533 0.880489 0.386367 0.860032 0.369426 0.894492
0 0.825082 0.74179 0.827775 0.718412 0.81446 0.713565 0.811767 0.736943
0 0.192 0.758636 0.198969 0.737652 0.185004 0.722992 0.178034 0.743977
0 0.677684 0.69487 0.678853 0.672233 0.66584 0.67011 0.664672 0.692748
0 0.318534 0.561777 0.321609 0.522025 0.298325 0.516333 0.29525 0.556084
0 0.650055 0.801231 0.650819 0.758077 0.619326 0.756314 0.618562 0.799468
0 0.537684 0.615638 0.536058 0.577712 0.520978 0.579755 0.522603 0.61768
0 0.332862 0.946474 0.343289 0.918789 0.33282 0.906325 0.322392 0.934011
0 0.77402 0.605868 0.775131 0.587069 0.76305 0.584812 0.761939 0.603611
0 0.697973 0.668789 0.706086 0.64014 0.68646 0.622575 0.678347 0.651224
0 0.492616 1.00393 0.500482 0.956577 0.48615 0.949053 0.478284 0.996404
0 0.363338 0.782232 0.37239 0.745567 0.356697 0.733322 0.347645 0.769987
0 0.432146 0.928495 0.439864 0.908003 0.429055 0.895136 0.421337 0.915628
0 0.0847914 0.931591 0.104267 0.885352 0.0858284 0.860806 0.0663525 0.907045
0 0.271993 0.837126 0.278592 0.814346 0.268712 0.8053 0.262113 0.82808
0 0.378098 0.885661 0.377909 0.834687 0.355958 0.834944 0.356147 0.885918
0 0.714646 0.593561 0.71508 0.569596 0.700059 0.568737 0.699626 0.592702
0 0.180485 0.912156 0.201991 0.857962 0.179757 0.830076 0.158251 0.88427
0 0.508909 0.987678 0.511018 0.968048 0.501272 0.964738 0.499163 0.984368
0 0.255762 0.848358 0.266291 0.820625 0.255456 0.807623 0.244926 0.835356
0 0.546422 0.637492 0.549597 0.618321 0.54006 0.613329 0.536885 0.632501
0 0.338797 0.827237 0.353708 0.795766 0.333719 0.765832 0.318808 0.797302
0 0.498466 0.586696 0.501929 0.570487 0.492328 0.564004 0.488865 0.580213
0 0.199966 0.734024 0.204419 0.711853 0.191467 0.703631 0.187014 0.725803
0 0.146642 0.856943 0.14605 0.832684 0.130338 0.833897 0.13093 0.858156
0 0.293382 0.807247 0.29549 0.785615 0.2839 0.782046 0.281792 0.803677
0 0.455106 0.904255 0.462165 0.878943 0.445177 0.86397 0.438118 0.889282
0 0.697037 0.826567 0.707072 0.787034 0.692152 0.775064 0.682117 0.814597
0 0.245329 0.895641 0.263048 0.857791 0.249012 0.837025 0.231294 0.874875
0 0.741774 0.58535 0.742601 0.567231 0.727211 0.565013 0.726384 0.583131
0 0.189933 0.780982 0.19317 0.755086 0.173476 0.747307 0.17024 0.773203
0 0.479437 0.900792 0.48152 0.874028 0.466757 0.870396 0.464674 0.897159
0 0.210025 0.875508 0.211739 0.842854 0.193102 0.839764 0.191389 0.872417
0 0.539123 0.719254 0.55025 0.70711 0.539144 0.674948 0.528016 0.687092
0 0.455153 1.00033 0.45895 0.967178 0.446961 0.962837 0.443164 0.995985
0 0.0952183 0.813296 0.103571 0.790263 0.0922447 0.777282 0.0838922 0.800314
0 0.502186 0.921542 0.512909 0.887486 0.499005 0.873649 0.488282 0.907706
0 0.355239 0.976802 0.360948 0.952299 0.349565 0.943918 0.343856 0.96842
0 0.763955 0.618432 0.767076 0.600833 0.754753 0.593926 0.751632 0.611525
0 0.306866 0.594902 0.331568 0.575901 0.325377 0.550466 0.300676 0.569467
0 0.787161 0.629184 0.785279 0.599428 0.762965 0.60389 0.764848 0.633646
0 0.871331 0.587826 0.878871 0.566903 0.856998 0.54199 0.849458 0.562913
0 0.781004 0.659328 0.783571 0.638884 0.77163 0.634144 0.769062 0.654588
0 0.0636217 0.826559 0.0630905 0.80678 0.0467966 0.808162 0.0473277 0.827942
0 0.809622 0.682797 0.810598 0.664151 0.799743 0.662356 0.798767 0.681002
0 0.21679 1.01038 0.226434 0.975944 0.209227 0.960716 0.199583 0.995156
0 0.506699 0.973077 0.510288 0.947729 0.499127 0.942734 0.495537 0.968082
0 0.428534 0.91467 0.447832 0.888744 0.434484 0.857342 0.415186 0.883268
0 0.520149 0.707601 0.525024 0.684366 0.515979 0.678368 0.511104 0.701603
0 0.503337 0.679045 0.508512 0.629511 0.472621 0.617661 0.467446 0.667195
0 0.531791 0.732055 0.539378 0.709618 0.530149 0.699756 0.522563 0.722193
0 0.331891 0.776522 0.341178 0.753718 0.330782 0.740337 0.321495 0.763141
0 0.131878 0.359517 0.149269 0.344528 0.137212 0.300313 0.119821 0.315301
0 0.609067 0.701888 0.612809 0.682191 0.601933 0.67566 0.598191 0.695357
0 0.488435 0.634448 0.495838 0.616822 0.48251 0.599131 0.475107 0.616757
0 0.723295 0.74915 0.729323 0.715918 0.699019 0.698546 0.692991 0.731778
0 0.147271 0.736617 0.160539 0.703796 0.149128 0.689216 0.13586 0.722037
0 0.425863 0.885985 0.42797 0.859562 0.413835 0.855999 0.411728 0.882422
0 0.751584 0.531679 0.755135 0.512896 0.742307 0.505231 0.738756 0.524013
0 0.658637 0.979878 0.668171 0.956276 0.646217 0.928248 0.636683 0.95185
0 0.285718 0.86723 0.287708 0.842124 0.268266 0.837254 0.266276 0.86236
0 0.582781 0.746177 0.58769 0.7169 0.572657 0.708932 0.567747 0.738209
0 0.499061 0.747267 0.502204 0.726526 0.490374 0.720859 0.487231 0.7416
0 0.423044 0.974246 0.426115 0.945732 0.405907 0.938853 0.402836 0.967367
0 0.292213 0.916185 0.292076 0.855317 0.249515 0.855619 0.249651 0.916487
0 0.110382 0.60921 0.107117 0.568863 0.0825416 0.575148 0.085806 0.615494
0 0.0148944 1.01548 0.0564149 0.988488 0.0476074 0.945666 0.00608683 0.972657
0 0.423276 0.920045 0.433975 0.890454 0.420818 0.875421 0.41012 0.905012
0 0.574836 0.857744 0.57714 0.839145 0.567283 0.835287 0.564979 0.853886
0 0.487172 0.587529 0.487849 0.569558 0.474769 0.568 0.474092 0.585971
0 0.4929 0.956725 0.499474 0.924738 0.4879 0.917219 0.481325 0.949207
0 0.541309 0.942052 0.543977 0.913218 0.52871 0.908752 0.526041 0.937586
0 0.668697 0.711405 0.672004 0.690225 0.658733 0.683675 0.655426 0.704856
0 0.642016 0.624622 0.642099 0.605855 0.63056 0.605694 0.630478 0.624461
0 0.323593 0.981034 0.330258 0.95152 0.318479 0.943114 0.311815 0.972628
0 0.351696 0.986023 0.355243 0.960154 0.343634 0.955124 0.340088 0.980993
0 0.243929 0.735847 0.250838 0.714262 0.239488 0.702778 0.232578 0.724363
0 0.590167 1.00234 0.589039 0.977869 0.572419 0.980289 0.573547 1.00476
0 0.101663 0.898546 0.130487 0.86754 0.119951 0.836584 0.0911265 0.867589
0 0.480581 0.978885 0.488524 0.950613 0.477863 0.941147 0.46992 0.969419
0 0.259297 0.805833 0.264548 0.784147 0.255063 0.776889 0.249812 0.798576
0 0.518407 0.763011 0.526433 0.739643 0.515041 0.727275 0.507014 0.750643
0 0.224758 0.744647 0.228581 0.725657 0.218374 0.719163 0.214551 0.738154
0 0.521702 0.793768 0.528201 0.76013 0.512909 0.750791 0.506409 0.784429
0 0.817613 0.719251 0.819188 0.695597 0.803529 0.692301 0.801954 0.715955
0 0.588973 0.715898 0.590494 0.697205 0.57928 0.694321 0.577759 0.713013
0 0.201081 0.837021 0.203713 0.818707 0.190582 0.812743 0.187951 0.831057
0 0.486776 0.863491 0.491468 0.842601 0.476097 0.831691 0.471406 0.85258
0 0.338165 0.873938 0.340262 0.850461 0.327318 0.846808 0.325222 0.870285
0 0.5243 0.730753 0.532755 0.697813 0.522334 0.689358 0.513878 0.722298
0 0.613674 0.666378 0.617959 0.651171 0.608917 0.643118 0.604632 0.658325
0 0.695029 0.621231 0.697552 0.604112 0.686973 0.599186 0.684451 0.616306
0 0.319608 0.813372 0.321043 0.788083 0.309167 0.785954 0.307733 0.811244
0 0.393701 0.713727 0.405783 0.667739 0.388945 0.653759 0.376864 0.699748
0 0.824749 0.585621 0.829722 0.561458 0.80975 0.548469 0.804778 0.572631
0 0.245725 1.00381 0.244858 0.977854 0.225664 0.97988 0.226531 1.00584
0 0.196671 0.786596 0.198621 0.769128 0.187241 0.765114 0.185291 0.782582
0 0.607324 0.625292 0.62065 0.606686 0.614238 0.592173 0.600912 0.61078
0 0.364612 0.833809 0.365795 0.811347 0.353083 0.809233 0.351901 0.831695
0 0.282598 0.86117 0.284351 0.831507 0.264035 0.827715 0.262283 0.857377
0 0.737128 0.562899 0.738134 0.547639 0.726237 0.545159 0.725231 0.560419
0 0.0358896 0.970717 0.0649516 0.939938 0.0561572 0.913694 0.0270953 0.944473
0 0.204597 0.962448 0.215476 0.922207 0.203553 0.91202 0.192675 0.952261
0 0.398356 0.777211 0.406552 0.746105 0.394184 0.735806 0.385988 0.766912
0 0.690174 0.714505 0.695337 0.698844 0.684195 0.687236 0.679033 0.702898
0 0.614728 0.585511 0.61924 0.562611 0.606689 0.554796 0.602177 0.577695
0 0.776757 0.987091 0.763658 0.902972 0.727019 0.921004 0.740118 1.00512
0 0.40012 0.744253 0.40445 0.72419 0.393363 0.716626 0.389032 0.73669
0 0.166216 0.715904 0.172478 0.69833 0.163438 0.688152 0.157177 0.705726
0 0.647633 0.730001 0.653177 0.700784 0.640971 0.693463 0.635426 0.72268
0 0.105404 0.634337 0.104955 0.614549 0.0904961 0.615587 0.0909454 0.635375
0 0.251999 0.991062 0.257245 0.928893 0.223011 0.919763 0.217765 0.981933
0 0.33106 0.106645 0.348266 0.0734885 0.3082 0.00777636 0.290994 0.0409332
0 0.303426 0.579648 0.307391 0.554135 0.286422 0.543836 0.282457 0.569348
0 0.686168 0.907392 0.68042 0.84235 0.64055 0.853485 0.646298 0.918528
0 0.55607 0.54794 0.560681 0.527315 0.551153 0.520583 0.546542 0.541209
0 0.428937 0.372697 0.436993 0.338047 0.412958 0.320385 0.404902 0.355035
0 0.549214 0.757182 0.556611 0.734002 0.536858 0.714079 0.52946 0.737258
0 0.299092 0.884436 0.307152 0.853984 0.295894 0.844567 0.287834 0.87502
0 0.323121 0.765126 0.331648 0.740939 0.322301 0.730524 0.313774 0.754711
0 0.418549 0.739881 0.442156 0.685915 0.418805 0.653631 0.395198 0.707597
0 0.304896 0.859089 0.310808 0.835435 0.302004 0.828481 0.296093 0.852135
0 0.391048 0.984566 0.394714 0.951887 0.379771 0.946589 0.376105 0.979267
0 0.589383 0.530552 0.598812 0.498505 0.584775 0.485451 0.575345 0.517498
0 0.723517 0.761474 0.7271 0.743563 0.712717 0.734469 0.709134 0.75238
0 0.483014 0.941693 0.488834 0.91458 0.479053 0.907944 0.473233 0.935057
0 0.338107 0.986106 0.341098 0.963531 0.329574 0.958706 0.326583 0.981281
0 0.501446 1.00419 0.503097 0.971576 0.488055 0.969171 0.486405 1.00178
0 0.608713 0.991657 0.610637 0.963191 0.595932 0.96005 0.594008 0.988516
0 0.419678 0.672451 0.422228 0.648636 0.410329 0.644609 0.407779 0.668423
0 0.155405 0.820288 0.159126 0.797556 0.149073 0.792354 0.145351 0.815085
0 0.463524 0.963 0.466579 0.941223 0.455449 0.936289 0.452394 0.958066
0 0.684108 0.838947 0.687102 0.807358 0.672773 0.803065 0.669779 0.834655
0 0.710871 0.795577 0.713608 0.776932 0.699875 0.77056 0.697138 0.789205
0 0.747348 0.545221 0.747507 0.527395 0.734638 0.527032 0.734479 0.544858
0 0.0985676 0.139081 0.118378 0.01198 0.0881593 -0.00290581 0.0683489 0.124195
0 0.480129 0.120831 0.480418 0.0735901 0.452853 0.0730561 0.452563 0.120297
0 0.502167 0.766584 0.504858 0.749651 0.493102 0.743747 0.490411 0.76068
0 0.213858 0.851849 0.215344 0.827967 0.198621 0.824677 0.197134 0.848559
0 0.329921 0.565859 0.36116 0.511911 0.343669 0.479901 0.31243 0.533849
0 0.190853 0.660221 0.193945 0.63593 0.180204 0.630402 0.177112 0.654693
0 0.472804 0.993038 0.475794 0.967372 0.459822 0.961492 0.456832 0.987158
0 0.448747 1.00651 0.44884 0.986724 0.435483 0.986527 0.43539 1.00631
0 0.914038 0.627766 0.915915 0.601913 0.900767 0.598437 0.89889 0.624291
0 0.864082 0.602579 0.871435 0.583983 0.852574 0.560412 0.845221 0.579008
0 0.463735 1.00212 0.463725 0.974935 0.451188 0.974949 0.451198 1.00213
0 0.346552 0.829878 0.34854 0.809037 0.337023 0.805564 0.335035 0.826405
0 0.0832614 0.638201 0.0832757 0.616388 0.0687485 0.616358 0.0687343 0.638171
0 0.382771 0.728707 0.384984 0.683123 0.361896 0.67958 0.359683 0.725164
0 0.53496 0.660813 0.53971 0.63787 0.527138 0.629645 0.522389 0.652587
0 0.621297 0.69606 0.623919 0.672419 0.612032 0.668252 0.60941 0.691892
0 0.671854 0.83965 0.674143 0.817621 0.65787 0.812276 0.655581 0.834306
0 0.50741 0.607908 0.509708 0.586146 0.498041 0.582253 0.495743 0.604015
0 0.789531 0.666533 0.794951 0.650154 0.785204 0.639959 0.779784 0.656337
0 0.626799 0.593309 0.629438 0.572543 0.617436 0.567723 0.614798 0.588489
0 0.510215 0.774681 0.512851 0.755407 0.502411 0.750893 0.499774 0.770167
0 0.549 0.591472 0.550783 0.572743 0.540337 0.569601 0.538554 0.588329
0 0.524582 0.932991 0.528642 0.908132 0.511751 0.899412 0.50769 0.924271
0 0.54441 0.685524 0.546386 0.661813 0.532456 0.658144 0.53048 0.681856
0 0.850463 0.658997 0.849765 0.639878 0.832824 0.641832 0.833522 0.660951
0 0.404262 0.966917 0.408373 0.934815 0.387971 0.926557 0.38386 0.958659
0 0.640084 0.709239 0.643847 0.684083 0.630692 0.677863 0.626929 0.703019
0 0.376204 0.751814 0.387809 0.729255 0.379515 0.715771 0.36791 0.73833
0 0.469708 0.785325 0.470866 0.769412 0.459077 0.766701 0.457919 0.782614
0 0.743618 0.724773 0.74602 0.702541 0.733551 0.698283 0.731148 0.720515
0 0.864279 0.658754 0.86394 0.639684 0.850745 0.640427 0.851085 0.659497
0 0.512599 0.701338 0.51659 0.662822 0.493808 0.655359 0.489816 0.693876
0 0.307467 0.764429 0.309447 0.740727 0.295777 0.737117 0.293797 0.76082
0 0.58927 0.871161 0.59378 0.843955 0.578118 0.835748 0.573607 0.862954
0 0.247912 0.750269 0.251514 0.728238 0.240841 0.722723 0.237239 0.744755
0 0.525672 1.00522 0.527727 0.980386 0.511879 0.976241 0.509823 1.00107
0 0.798365 0.678111 0.800908 0.660818 0.791171 0.656294 0.788629 0.673587
0 0.638399 1.00379 0.640037 0.971073 0.62158 0.968151 0.619942 1.00087
0 0.658872 0.943378 0.660794 0.910019 0.642061 0.906606 0.640138 0.939965
0 0.41793 0.804786 0.425068 0.786156 0.414643 0.773533 0.407506 0.792164
0 0.785247 0.723096 0.787179 0.703394 0.77449 0.699462 0.772558 0.719163
0 0.62699 0.773909 0.631851 0.750883 0.616147 0.740404 0.611286 0.76343
0 0.550705 0.652149 0.553921 0.633466 0.544394 0.628284 0.541178 0.646967
0 0.723802 0.791444 0.730036 0.774678 0.712005 0.753486 0.70577 0.770252
0 0.755561 0.269062 0.76498 0.236448 0.74881 0.221688 0.73939 0.254301
0 0.257213 0.619467 0.262451 0.596797 0.250187 0.587842 0.24495 0.610512
0 0.369989 0.891284 0.3751 0.851686 0.350078 0.841479 0.344967 0.881077
0 0.470077 0.937344 0.473231 0.915904 0.458501 0.909056 0.455347 0.930496
0 0.577024 0.717183 0.578869 0.698023 0.567123 0.694449 0.565279 0.713609
0 0.195692 0.963115 0.199399 0.934221 0.185876 0.928738 0.182169 0.957631
0 0.0488647 1.01384 0.0685545 0.99326 0.0605798 0.969141 0.04089 0.989717
0 0.18241 0.838193 0.190041 0.819908 0.181076 0.808083 0.173444 0.826367
0 0.372297 0.95539 0.37562 0.921135 0.353764 0.914435 0.350441 0.94869
0 0.557062 0.966264 0.559248 0.934437 0.53361 0.92887 0.531423 0.960697
0 0.602342 0.967081 0.603695 0.940716 0.592077 0.938832 0.590724 0.965197
0 0.200681 0.432468 0.195441 0.372075 0.157436 0.382497 0.162676 0.44289
0 0.390911 0.832321 0.396554 0.804444 0.382451 0.795422 0.376808 0.823299
0 0.286155 0.724946 0.288047 0.699365 0.270313 0.695219 0.268421 0.720801
0 0.662311 1.00396 0.671182 0.98357 0.653941 0.959861 0.645071 0.980249
0 0.391506 0.82777 0.398758 0.79783 0.387217 0.788996 0.379965 0.818936
0 0.532755 0.805342 0.534796 0.779351 0.520972 0.775921 0.518932 0.801912
0 0.509609 0.703751 0.51924 0.658849 0.485219 0.635786 0.475588 0.680687
0 0.524606 0.685364 0.527623 0.667768 0.51661 0.661799 0.513593 0.679395
0 0.358124 0.80627 0.361846 0.780865 0.347208 0.774086 0.343485 0.799491
0 1.00316 0.723166 1.00357 0.695732 0.984337 0.694816 0.983924 0.722251
0 0.0562805 0.847847 0.0566673 0.817528 0.038985 0.816815 0.0385982 0.847134
0 0.2549 0.645398 0.258357 0.617839 0.242581 0.611585 0.239124 0.639144
0 0.212889 0.742104 0.215511 0.725256 0.204851 0.720014 0.20223 0.736862
0 0.846412 0.739831 0.84739 0.714986 0.833694 0.713282 0.832715 0.738126
0 0.825996 0.718814 0.828197 0.693653 0.807813 0.688018 0.805613 0.71318
0 0.576067 0.608981 0.578713 0.585388 0.564543 0.580365 0.561897 0.603958
0 0.76204 0.583384 0.76465 0.565693 0.752552 0.560051 0.749942 0.577743
0 0.354022 0.74599 0.356329 0.714461 0.342085 0.711166 0.339778 0.742696
0 0.794254 0.659616 0.797046 0.642281 0.786164 0.636741 0.783371 0.654076
0 0.244916 0.705095 0.252451 0.62912 0.210041 0.615827 0.202506 0.691802
0 0.408771 0.336859 0.408269 0.312491 0.384852 0.314016 0.385354 0.338384
0 0.0102432 0.969461 0.0111898 0.931296 -0.00176601 0.93028 -0.00271257 0.968446
0 0.462071 0.762335 0.462963 0.744056 0.45232 0.742416 0.451429 0.760695
0 0.461201 0.78219 0.461481 0.766094 0.450203 0.765474 0.449923 0.781569
0 0.386459 0.898808 0.394287 0.86199 0.381039 0.853087 0.373211 0.889906
0 0.203897 0.649158 0.207936 0.616928 0.19064 0.610078 0.186601 0.642308
0 0.343689 0.760734 0.348877 0.742634 0.337397 0.732235 0.332209 0.750335
0 0.486263 0.933144 0.491503 0.904716 0.480625 0.898379 0.475385 0.926807
0 0.198661 0.674435 0.201839 0.653337 0.191094 0.64822 0.187915 0.669319
0 0.81163 0.660368 0.814135 0.643074 0.804428 0.638631 0.801923 0.655925
0 0.673896 0.825207 0.676986 0.798235 0.661016 0.792453 0.657926 0.819425
0 0.762701 0.542562 0.764716 0.524804 0.754006 0.520964 0.751992 0.538722
0 0.0935231 0.876698 0.111137 0.839023 0.0960071 0.816667 0.0783931 0.854342
0 0.388299 0.769336 0.392845 0.745077 0.381274 0.738225 0.376729 0.762484
0 0.408518 0.752984 0.412841 0.73435 0.402073 0.726455 0.39775 0.745089
0 0.54025 0.675119 0.541395 0.656165 0.52984 0.65396 0.528696 0.672913
0 0.21897 0.718006 0.221796 0.687939 0.207459 0.68368 0.204633 0.713747
0 0.594579 0.986061 0.596173 0.965733 0.587135 0.963494 0.585541 0.983822
0 0.535778 0.60048 0.53641 0.570939 0.524085 0.570106 0.523453 0.599647
