0 0.439101 0.988637 0.444977 0.882475 0.379003 0.870936 0.373128 0.977098
0 0.983099 1.07983 1.02224 0.861426 0.815039 0.744059 0.775897 0.962459
0 0.494 0.588962 0.492108 0.537137 0.464358 0.540339 0.46625 0.592164
0 0.526606 1.00242 0.526039 0.912279 0.47635 0.913267 0.476917 1.00341
0 0.344587 0.948873 0.369411 0.890702 0.35029 0.864913 0.325466 0.923083
0 0.37848 0.93891 0.3841 0.901419 0.362092 0.890993 0.356472 0.928483
0 0.531706 0.910451 0.533251 0.867107 0.511625 0.864671 0.51008 0.908014
0 0.389909 0.895759 0.388855 0.829478 0.359946 0.830932 0.361001 0.897213
0 0.380991 0.972778 0.393485 0.928645 0.374313 0.911492 0.361819 0.955625
0 0.518045 0.879456 0.520967 0.837959 0.498155 0.832883 0.495233 0.87438
0 0.791623 1.04476 0.841379 0.964523 0.760435 0.805892 0.71068 0.886133
0 0.454526 0.819924 0.464028 0.783517 0.453215 0.774598 0.443713 0.811005
0 0.133911 0.765828 0.134994 0.732536 0.1077 0.729731 0.106617 0.763023
0 0.54973 0.843485 0.555058 0.815239 0.540201 0.806381 0.534872 0.834627
0 0.356931 0.887911 0.355304 0.837612 0.326948 0.84051 0.328575 0.890809
0 0.461075 0.922837 0.461596 0.885023 0.442542 0.884193 0.442021 0.922007
0 0.56506 1.00815 0.568883 0.906258 0.517821 0.900204 0.513998 1.0021
0 0.476687 0.697067 0.474824 0.673134 0.450363 0.679151 0.452225 0.703084
0 0.536958 0.849874 0.53945 0.824711 0.526725 0.820727 0.524233 0.845891
0 0.122866 1.00356 0.156865 0.874337 0.105665 0.831763 0.0716659 0.960988
0 0.940692 0.617302 0.94265 0.565514 0.89255 0.559528 0.890592 0.611315
0 0.546006 0.727945 0.548905 0.701542 0.533251 0.69611 0.530352 0.722513
0 0.347441 0.857089 0.372264 0.833847 0.364397 0.80729 0.339573 0.830532
0 0.0867712 0.634741 0.130894 0.604253 0.120528 0.556837 0.0764046 0.587324
0 0.934046 0.761402 0.937916 0.718397 0.916795 0.71239 0.912925 0.755394
0 0.150912 0.767648 0.154811 0.732773 0.136167 0.726187 0.132269 0.761062
0 0.348449 0.9618 0.368901 0.933826 0.358469 0.909722 0.338017 0.937696
0 0.905183 0.823905 0.923742 0.78621 0.898943 0.747621 0.880384 0.785317
0 0.560989 0.829528 0.563587 0.807805 0.552682 0.803682 0.550084 0.825406
0 0.359056 0.981761 0.368905 0.951321 0.357155 0.939307 0.347307 0.969746
0 0.551068 0.865791 0.553069 0.843006 0.538184 0.838874 0.536183 0.861659
0 0.551671 0.885695 0.553123 0.862453 0.536561 0.859182 0.535109 0.882425
0 0.594653 0.841781 0.598164 0.819212 0.578306 0.809448 0.574795 0.832017
0 0.599139 1.01187 0.603151 0.96666 0.562403 0.955231 0.558391 1.00044
0 0.998743 0.762529 1.00746 0.693452 0.965092 0.676547 0.956372 0.745623
0 0.617452 0.58351 0.617913 0.537777 0.591867 0.536948 0.591406 0.582681
0 0.0314326 0.959059 0.049196 0.922325 0.0329477 0.897493 0.0151844 0.934227
0 0.109862 0.80911 0.116722 0.781092 0.103042 0.770505 0.0961815 0.798523
0 0.692537 0.834205 0.721987 0.779609 0.702959 0.747168 0.673508 0.801764
0 0.485805 0.863024 0.488451 0.831517 0.472428 0.827263 0.469782 0.85877
0 0.323184 0.730955 0.329062 0.68566 0.307093 0.676649 0.301215 0.721944
0 0.423241 0.544905 0.427242 0.513143 0.410008 0.506282 0.406007 0.538045
0 0.42381 1.01825 0.449269 0.979788 0.432345 0.944383 0.406886 0.982847
0 0.197069 1.0128 0.223035 0.991888 0.215249 0.961334 0.189283 0.982248
0 0.446959 0.901561 0.449555 0.850549 0.419162 0.845662 0.416567 0.896674
0 0.567547 0.85138 0.57106 0.830329 0.558892 0.823914 0.55538 0.844965
0 0.24444 1.00122 0.255496 0.977912 0.246364 0.964219 0.235307 0.987525
0 0.151787 0.738694 0.164954 0.694905 0.149589 0.680303 0.136422 0.724092
0 0.949218 0.697902 0.960507 0.667474 0.936594 0.639434 0.925305 0.669862
0 0.131446 0.787464 0.132356 0.76384 0.118065 0.762099 0.117155 0.785723
0 0.399962 0.753192 0.39728 0.72357 0.37714 0.729335 0.379823 0.758957
0 0.0483336 0.960178 0.0620456 0.934015 0.0513022 0.91622 0.0375902 0.942383
0 0.2802 0.947999 0.288946 0.909357 0.275998 0.900095 0.267252 0.938737
0 0.237339 1.00768 0.241545 0.986145 0.230561 0.979365 0.226355 1.0009
0 0.473911 0.923529 0.477183 0.890579 0.458453 0.884701 0.455181 0.917651
0 0.584481 0.857879 0.59002 0.839305 0.575815 0.825916 0.570275 0.84449
0 0.175377 1.0085 0.1957 0.976536 0.182984 0.950985 0.162661 0.98295
0 0.447249 0.860314 0.456619 0.824979 0.442682 0.813298 0.433312 0.848633
0 0.486024 0.675367 0.491134 0.653711 0.475858 0.642319 0.470748 0.663976
0 0.534025 0.869943 0.535442 0.845342 0.521048 0.842722 0.519631 0.867323
0 0.633101 0.618395 0.627108 0.585816 0.598796 0.602275 0.604789 0.634855
0 0.114466 0.64491 0.115943 0.619602 0.103771 0.617357 0.102294 0.642665
0 0.467736 0.881802 0.474437 0.827255 0.453903 0.819282 0.447202 0.873829
0 0.381528 0.79151 0.380311 0.749873 0.355469 0.752168 0.356686 0.793805
0 0.481544 0.728234 0.485557 0.706261 0.472196 0.69855 0.468183 0.720522
0 0.334911 0.972748 0.341649 0.920582 0.312653 0.908746 0.305916 0.960912
0 0.688871 0.648651 0.690158 0.612138 0.66888 0.609768 0.667593 0.64628
0 0.731253 0.99913 0.737203 0.917645 0.701553 0.909418 0.695603 0.990903
0 0.231012 0.987769 0.249484 0.96738 0.242362 0.946988 0.22389 0.967378
0 0.0799045 0.843073 0.0866102 0.804293 0.068248 0.794258 0.0615423 0.833038
0 0.13287 0.716341 0.134319 0.689531 0.120932 0.687244 0.119483 0.714055
0 0.488146 1.00603 0.488828 0.974539 0.469276 0.973201 0.468594 1.00469
0 0.266341 0.886114 0.270542 0.867106 0.261738 0.860958 0.257537 0.879965
0 0.462627 0.763695 0.463675 0.743459 0.451697 0.741498 0.450649 0.761734
0 0.487269 0.837311 0.492142 0.823644 0.479715 0.809641 0.474843 0.823308
0 0.685504 0.827436 0.675975 0.756107 0.644381 0.769447 0.65391 0.840777
0 0.338642 0.529394 0.345902 0.50136 0.327036 0.485917 0.319775 0.513952
0 0.509417 0.410843 0.512342 0.346934 0.478841 0.342088 0.475916 0.405996
0 1.00572 0.890829 1.01712 0.747897 0.972789 0.736725 0.961392 0.879657
0 0.585326 0.898204 0.588028 0.868647 0.570232 0.863507 0.567531 0.893064
0 0.925759 0.722098 0.927438 0.693871 0.899821 0.688679 0.898142 0.716907
0 0.585128 0.963999 0.587592 0.931174 0.570463 0.92711 0.567999 0.959935
0 0.0961686 0.81777 0.100588 0.788778 0.0817868 0.77972 0.0773675 0.808713
0 0.607847 0.106633 0.615566 0.0505517 0.59684 0.0424058 0.589121 0.0984875
0 0.442251 0.822074 0.448855 0.798321 0.436552 0.78751 0.429948 0.811263
0 0.0330778 0.739675 0.0436681 0.693499 0.00707867 0.666977 -0.00351167 0.713153
0 0.595661 0.879534 0.59966 0.85596 0.586242 0.848767 0.582243 0.872341
0 0.948857 0.578509 0.951795 0.552502 0.924668 0.542818 0.92173 0.568825
0 0.302763 0.932304 0.313616 0.902522 0.300732 0.887682 0.289879 0.917464
0 0.922727 0.571271 0.926299 0.535706 0.898161 0.526775 0.894589 0.56234
0 0.420078 0.56922 0.42198 0.551458 0.410026 0.547413 0.408124 0.565175
0 0.475746 0.961483 0.491161 0.923836 0.4778 0.906545 0.462385 0.944192
0 0.59675 0.606417 0.603225 0.574517 0.581049 0.560289 0.574573 0.592189
0 0.619398 0.819221 0.619113 0.782988 0.594452 0.7836 0.594736 0.819833
0 0.263086 0.434607 0.271892 0.368981 0.228465 0.350564 0.219659 0.41619
0 0.197594 0.967167 0.203098 0.945142 0.191954 0.936341 0.18645 0.958366
0 0.593476 0.944502 0.598524 0.923068 0.583215 0.911673 0.578167 0.933108
0 0.446325 0.683182 0.456138 0.655265 0.446169 0.644189 0.436355 0.672106
0 0.410925 1.00555 0.412622 0.980918 0.374621 0.972645 0.372924 0.997281
0 0.26784 0.974367 0.273536 0.95398 0.265217 0.946635 0.259521 0.967022
0 0.871748 0.740772 0.875163 0.719533 0.854157 0.708858 0.850742 0.730098
0 0.55109 0.918708 0.55977 0.88661 0.537077 0.867215 0.528397 0.899313
0 0.272532 0.921735 0.27432 0.901655 0.264654 0.898935 0.262866 0.919016
0 0.578155 0.937035 0.580277 0.909744 0.564601 0.905893 0.56248 0.933184
0 0.401224 0.82478 0.422487 0.79731 0.411473 0.770367 0.39021 0.797838
0 0.551904 0.897792 0.556821 0.871328 0.536644 0.859478 0.531726 0.885943
0 0.269096 0.991118 0.279865 0.97097 0.272142 0.957925 0.261374 0.978073
0 0.188097 0.895338 0.195368 0.878915 0.18861 0.869458 0.181339 0.885882
0 0.113488 0.714315 0.11756 0.69251 0.103891 0.684442 0.0998186 0.706247
0 0.644362 0.785304 0.646468 0.767553 0.634519 0.763074 0.632413 0.780824
0 0.284263 0.965302 0.290332 0.949214 0.282041 0.939327 0.275972 0.955415
0 0.165557 0.961874 0.179949 0.929616 0.171327 0.917459 0.156935 0.949718
0 0.135408 0.628022 0.144898 0.609781 0.137007 0.596806 0.127517 0.615048
0 0.518579 0.846729 0.521615 0.82645 0.509263 0.820607 0.506228 0.840886
0 0.13886 0.741473 0.141365 0.719103 0.129309 0.714837 0.126805 0.737208
0 0.836056 0.689278 0.84135 0.66651 0.820502 0.651188 0.815208 0.673956
0 0.54552 0.622093 0.553502 0.599343 0.544053 0.588865 0.536071 0.611615
0 0.173256 0.974875 0.183643 0.942432 0.173996 0.932672 0.16361 0.965115
0 0.299071 0.839182 0.301315 0.819209 0.292046 0.815916 0.289801 0.835889
0 0.474501 0.79333 0.477691 0.77195 0.462877 0.764964 0.459687 0.786343
0 0.529249 0.73893 0.531188 0.715536 0.517804 0.71203 0.515865 0.735424
0 0.619145 0.802296 0.631524 0.781426 0.612342 0.745467 0.599963 0.766337
0 0.325431 0.835162 0.330109 0.811839 0.320484 0.805737 0.315806 0.829061
0 0.525854 0.856458 0.528856 0.835423 0.518816 0.830893 0.515813 0.851928
0 0.38 0.985 0.379537 0.962106 0.358731 0.963437 0.359195 0.986331
0 0.274762 0.953198 0.283082 0.919737 0.272575 0.911481 0.264256 0.944941
0 0.47465 0.976359 0.481584 0.945451 0.468721 0.936332 0.461787 0.96724
0 0.102692 0.333963 0.121982 0.315111 0.108107 0.270239 0.0888165 0.28909
0 0.0945573 0.836056 0.102721 0.816821 0.0933753 0.804285 0.0852116 0.82352
0 0.468151 0.752588 0.478542 0.73921 0.468189 0.713791 0.457797 0.727169
0 0.208913 0.948566 0.215358 0.930246 0.207175 0.921147 0.20073 0.939467
0 0.23351 0.969635 0.236376 0.947058 0.224057 0.942117 0.221192 0.964694
0 0.245589 0.880854 0.250732 0.863667 0.242053 0.855458 0.23691 0.872646
0 0.322367 0.855259 0.324381 0.836896 0.315482 0.833811 0.313468 0.852174
0 0.509958 0.911311 0.51605 0.878494 0.500652 0.869459 0.49456 0.902276
0 0.258937 0.960825 0.265524 0.936673 0.253465 0.92628 0.246879 0.950432
0 0.491111 0.805329 0.493136 0.78394 0.480352 0.780114 0.478327 0.801502
0 0.558162 0.653492 0.558711 0.62069 0.542568 0.619837 0.542019 0.652638
0 0.517013 0.137946 0.521708 0.0910239 0.487066 0.0800675 0.48237 0.12699
0 0.270898 0.898168 0.275633 0.878753 0.268099 0.872944 0.263363 0.89236
0 0.113027 0.779819 0.115897 0.755372 0.0969557 0.748345 0.0940859 0.772792
0 0.290787 0.893853 0.294052 0.866497 0.282839 0.862268 0.279574 0.889623
0 0.0140123 0.869879 0.0151868 0.817084 -0.00196788 0.815878 -0.0031424 0.868673
0 0.559794 0.883019 0.562964 0.864029 0.553132 0.858842 0.549962 0.877832
0 0.422942 0.103897 0.419086 0.0676224 0.396675 0.0751511 0.400531 0.111426
0 0.23435 0.944869 0.236193 0.924888 0.226044 0.921929 0.224201 0.941911
0 0.486135 0.901638 0.488248 0.879566 0.476417 0.875986 0.474304 0.898057
0 0.434815 0.839596 0.441503 0.817733 0.43043 0.807028 0.423742 0.828891
0 0.576433 0.124045 0.598695 0.0215468 0.523116 -0.0303337 0.500854 0.0721643
0 0.154921 0.951734 0.167175 0.92817 0.159561 0.915656 0.147307 0.93922
0 0.643447 1.01256 0.830353 0.788947 0.790348 0.683268 0.603443 0.906879
0 0.329387 0.920478 0.339075 0.883966 0.32317 0.870628 0.313482 0.90714
0 0.160056 0.440521 0.169976 0.409603 0.150317 0.389668 0.140397 0.420585
0 0.677029 0.396338 0.684061 0.341959 0.664768 0.334074 0.657736 0.388452
0 0.388121 0.83897 0.398541 0.798938 0.379647 0.783394 0.369227 0.823426
0 0.49717 0.632326 0.50894 0.611576 0.491982 0.581175 0.480212 0.601925
0 0.610054 0.932253 0.608522 0.883984 0.587273 0.886116 0.588806 0.934385
0 0.159123 0.881285 0.160946 0.865176 0.151699 0.861868 0.149876 0.877977
0 0.514795 0.719908 0.515992 0.69873 0.504296 0.696641 0.503099 0.717819
0 0.147092 0.977751 0.150717 0.95045 0.13803 0.945126 0.134405 0.972426
0 0.351293 0.52637 0.354208 0.506599 0.342897 0.501329 0.339982 0.5211
0 0.224459 0.897082 0.232845 0.870899 0.21987 0.857765 0.211484 0.883947
0 0.0109309 0.912285 0.0165093 0.877417 -3.68811e-05 0.869051 -0.0056153 0.903919
0 0.0236238 0.959439 0.032022 0.93045 0.0194428 0.918932 0.0110446 0.947921
0 0.619451 0.852904 0.627257 0.829033 0.612075 0.813343 0.604269 0.837214
0 0.155672 0.86051 0.155978 0.833246 0.139437 0.832658 0.13913 0.859922
0 0.378767 0.73123 0.379271 0.709653 0.367538 0.708788 0.367034 0.730365
0 0.282094 0.997534 0.288832 0.97344 0.280716 0.966266 0.273977 0.99036
0 0.958208 0.73963 0.9594 0.703361 0.941598 0.701512 0.940406 0.737781
0 0.11983 0.72724 0.121205 0.705096 0.107762 0.702459 0.106387 0.724603
0 0.316893 0.884974 0.319645 0.8694 0.310098 0.86407 0.307347 0.879644
0 0.519678 0.715372 0.543325 0.6319 0.508784 0.600973 0.485136 0.684445
0 0.56103 0.85019 0.56342 0.829647 0.552621 0.825676 0.550231 0.846219
0 0.622306 0.924803 0.639328 0.892959 0.614411 0.850865 0.59739 0.882708
0 0.49761 0.813561 0.499688 0.796837 0.488762 0.792547 0.486684 0.809271
0 0.314156 0.845554 0.316791 0.829098 0.307491 0.82439 0.304855 0.840846
0 0.545244 0.647451 0.548256 0.617191 0.535001 0.613023 0.53199 0.643282
0 0.49757 0.916192 0.504222 0.888215 0.493832 0.880408 0.487181 0.908386
0 0.466596 0.941482 0.470397 0.919941 0.458491 0.913301 0.45469 0.934841
0 0.834068 0.800019 0.84264 0.772214 0.822846 0.752929 0.814275 0.780734
0 0.173701 0.915902 0.174529 0.900333 0.163759 0.898523 0.162932 0.914093
0 0.507209 0.830361 0.508928 0.812685 0.499154 0.809682 0.497436 0.827357
0 0.263782 1.00761 0.266776 0.986043 0.253377 0.980163 0.250382 1.00173
0 0.585348 0.872675 0.58804 0.85465 0.577559 0.849705 0.574868 0.867729
0 0.126887 0.737103 0.128117 0.715367 0.114192 0.712878 0.112962 0.734613
0 0.475109 0.89544 0.476322 0.874093 0.463774 0.871838 0.46256 0.893186
0 0.482826 0.786382 0.484579 0.767079 0.475247 0.7644 0.473494 0.783704
0 0.0945423 0.291257 0.100624 0.256738 0.076931 0.243546 0.0708494 0.278065
0 0.357793 1.01332 0.366668 0.98165 0.347619 0.964777 0.338744 0.996446
0 0.954657 0.574312 0.982087 0.554143 0.976031 0.528112 0.948601 0.548281
0 0.513711 0.737565 0.515165 0.718426 0.503137 0.715538 0.501683 0.734677
0 0.471903 0.809581 0.474993 0.792741 0.464214 0.786491 0.461124 0.803331
0 0.853334 0.789419 0.857451 0.767865 0.83891 0.756673 0.834793 0.778227
0 0.198797 0.987974 0.207744 0.964129 0.196764 0.951109 0.187817 0.974954
0 0.63587 1.00563 0.639096 0.966274 0.617232 0.960609 0.614006 0.99997
0 0.462981 0.849361 0.46876 0.81343 0.452993 0.805415 0.447214 0.841346
0 0.308709 0.946106 0.31588 0.920829 0.307181 0.913029 0.30001 0.938306
0 0.110583 0.742959 0.114806 0.723834 0.106246 0.717859 0.102022 0.736984
0 0.446399 0.717183 0.448253 0.697143 0.438979 0.694432 0.437126 0.714473
0 0.391909 0.408139 0.397432 0.350931 0.362725 0.34034 0.357201 0.397548
0 0.0900606 0.785095 0.0912828 0.762458 0.0763679 0.759913 0.0751457 0.78255
0 0.0527242 0.862919 0.0751969 0.833813 0.0613169 0.799942 0.0388441 0.829049
0 0.210214 1.00349 0.228444 0.978744 0.21887 0.956453 0.20064 0.981199
0 0.287918 0.902933 0.290796 0.879769 0.280278 0.87564 0.2774 0.898804
