0 0.415619 0.986089 0.418829 0.878217 0.35218 0.871949 0.34897 0.979821
0 0.465768 0.588437 0.465507 0.538087 0.437666 0.538544 0.437928 0.588895
0 0.315815 0.950923 0.341721 0.903658 0.324866 0.874461 0.29896 0.921726
0 0.505448 0.996573 0.49893 0.898883 0.449256 0.909359 0.455774 1.00705
0 0.988649 1.07442 1.02333 0.859464 0.802079 0.746645 0.767399 0.961599
0 0.564315 1.02207 0.580164 0.965759 0.543591 0.933227 0.527743 0.989537
0 0.35525 0.938864 0.357168 0.900807 0.334465 0.897192 0.332547 0.935248
0 0.360799 0.903116 0.363662 0.832455 0.335355 0.828831 0.332493 0.899492
0 0.491239 0.871464 0.492938 0.830138 0.471874 0.827401 0.470175 0.868727
0 0.546435 0.992363 0.532899 0.877902 0.483184 0.896483 0.49672 1.01094
0 0.942948 0.738522 0.958468 0.678436 0.918794 0.646048 0.903273 0.706135
0 0.882188 0.735687 0.893358 0.697279 0.875948 0.681278 0.864779 0.719686
0 0.870337 0.782652 0.871884 0.732773 0.844218 0.73006 0.84267 0.779939
0 0.525702 0.835185 0.528691 0.806998 0.511831 0.801349 0.508843 0.829536
0 0.437154 0.918652 0.437649 0.87941 0.41636 0.878561 0.415865 0.917803
0 0.0968024 0.785226 0.0996266 0.751135 0.0717098 0.743825 0.0688856 0.777917
0 0.51014 0.859919 0.510244 0.837574 0.494013 0.837335 0.493909 0.85968
0 0.511941 0.84548 0.516167 0.82311 0.499227 0.812997 0.495002 0.835368
0 0.778233 1.04449 0.830987 0.963763 0.751001 0.79857 0.698247 0.8793
0 0.0772417 1.02641 0.125489 0.905711 0.0795374 0.847658 0.0312902 0.968357
0 0.892051 0.594277 0.89487 0.545001 0.850342 0.536952 0.847523 0.586228
0 0.457151 1.01029 0.464538 0.974401 0.448892 0.964223 0.441505 1.00011
0 0.397291 1.01745 0.424571 0.98006 0.408964 0.944074 0.381684 0.981466
0 0.588764 0.574981 0.58852 0.53214 0.563253 0.532594 0.563497 0.575436
0 0.332448 0.988221 0.344819 0.955943 0.332812 0.9414 0.320441 0.973677
0 0.20093 0.997191 0.221953 0.98125 0.216537 0.958675 0.195514 0.974616
0 0.435838 0.764086 0.438298 0.743175 0.425322 0.738351 0.422863 0.759262
0 0.449645 0.6956 0.447705 0.670692 0.424109 0.676502 0.42605 0.70141
0 0.0759987 0.824085 0.0779773 0.794407 0.0598317 0.790584 0.0578531 0.820262
0 0.558995 0.949664 0.560681 0.916783 0.545081 0.914254 0.543395 0.947135
0 0.507871 0.898743 0.508873 0.854624 0.486354 0.853008 0.485351 0.897127
0 0.322691 0.96537 0.3426 0.936165 0.331477 0.912201 0.311568 0.941407
0 0.354801 0.976965 0.369134 0.928966 0.350548 0.911426 0.336215 0.959426
0 0.602162 1.0119 0.621558 0.988131 0.603461 0.941461 0.584065 0.965231
0 0.319382 0.864462 0.344073 0.838678 0.33502 0.811281 0.31033 0.837065
0 0.0437301 0.651572 0.0923896 0.621398 0.0821496 0.569207 0.0334901 0.599381
0 0.52007 0.718011 0.519859 0.692024 0.505114 0.692402 0.505325 0.718389
0 0.423556 0.897771 0.422539 0.846215 0.390232 0.84823 0.39125 0.899787
0 0.317694 0.903325 0.334244 0.863695 0.315696 0.839215 0.299146 0.878845
0 0.648658 0.889603 0.642505 0.848558 0.614645 0.861758 0.620798 0.902802
0 0.448935 0.793793 0.453751 0.766946 0.435686 0.756705 0.43087 0.783552
0 0.489869 0.134542 0.492747 0.0901568 0.455961 0.0826172 0.453083 0.127003
0 0.535429 0.817393 0.536603 0.796739 0.524903 0.794636 0.523729 0.81529
0 0.526668 0.857295 0.528491 0.833633 0.513603 0.830007 0.51178 0.853669
0 0.075716 0.667634 0.0803367 0.638672 0.0635733 0.630219 0.0589526 0.659181
0 0.59399 1.00576 0.596697 0.973528 0.578436 0.968681 0.575729 1.00091
0 0.420546 0.681816 0.429104 0.65333 0.418616 0.643372 0.410058 0.671858
0 0.226209 0.440322 0.239354 0.379665 0.195945 0.349934 0.1828 0.410591
0 0.449926 0.918485 0.451216 0.885592 0.432308 0.883249 0.431018 0.916142
0 0.573889 0.624969 0.603325 0.607407 0.597547 0.576801 0.568112 0.594363
0 0.461093 0.672441 0.464463 0.647356 0.448245 0.640468 0.444874 0.665553
0 0.0873969 0.809834 0.0970151 0.788513 0.0872455 0.774584 0.0776273 0.795904
0 0.200657 0.905134 0.20094 0.880898 0.184366 0.880286 0.184083 0.904523
0 0.113074 0.781944 0.117119 0.748873 0.10004 0.74227 0.0959946 0.775341
0 0.21084 0.89552 0.223496 0.878586 0.216847 0.862878 0.20419 0.879812
0 0.251388 0.957139 0.260146 0.917191 0.247116 0.908162 0.238357 0.94811
0 0.115684 0.755951 0.131502 0.709603 0.114146 0.690882 0.0983282 0.73723
0 0.311997 0.969681 0.312305 0.920147 0.281438 0.919538 0.281129 0.969072
0 0.0773066 0.754638 0.0854313 0.72661 0.0713464 0.713706 0.0632217 0.741734
0 0.558486 0.885866 0.55977 0.856252 0.544551 0.854166 0.543267 0.88378
0 0.526079 0.902611 0.531481 0.865002 0.510302 0.855388 0.5049 0.892997
0 0.525326 0.882172 0.528784 0.855094 0.512927 0.848692 0.509468 0.875771
0 0.160356 1.00147 0.158453 0.973343 0.137606 0.977802 0.139509 1.00592
0 0.431918 0.816019 0.438614 0.779535 0.423727 0.770899 0.417031 0.807382
0 0.586639 0.9049 0.606604 0.885554 0.591703 0.836955 0.571739 0.856301
0 0.420349 0.770619 0.421988 0.74953 0.410074 0.746604 0.408435 0.767694
0 0.322273 0.568332 0.323384 0.547694 0.311417 0.545657 0.310306 0.566295
0 0.418757 0.857426 0.430419 0.824865 0.417391 0.810119 0.40573 0.84268
0 0.539794 0.840132 0.542842 0.817215 0.530993 0.812235 0.527946 0.835152
0 0.0557093 0.837897 0.060506 0.809839 0.0399749 0.798746 0.0351782 0.826804
0 0.358117 0.765962 0.375602 0.741107 0.365148 0.717865 0.347663 0.74272
0 0.307582 0.533423 0.315778 0.50723 0.296967 0.488629 0.288772 0.514822
0 0.876991 0.695806 0.880154 0.669517 0.856026 0.66034 0.852863 0.686629
0 0.565134 0.828643 0.567906 0.804245 0.54836 0.797227 0.545588 0.821625
0 0.508972 0.816799 0.514488 0.796481 0.50508 0.788408 0.499564 0.808726
0 0.460559 0.835845 0.466449 0.82353 0.45407 0.804817 0.44818 0.817132
0 0.225573 0.972626 0.23974 0.953745 0.232208 0.935886 0.218042 0.954767
0 0.566555 0.929889 0.569175 0.903488 0.554588 0.898913 0.551968 0.925314
0 0.215997 1.0099 0.231255 0.995633 0.225202 0.975168 0.209944 0.989431
0 0.101192 0.642437 0.10517 0.619147 0.0935668 0.612884 0.0895891 0.636174
0 0.236035 0.898991 0.241649 0.877487 0.232306 0.869778 0.226692 0.891282
0 0.241269 0.936043 0.24711 0.914112 0.236936 0.905547 0.231095 0.927478
0 0.298362 0.840317 0.303366 0.815401 0.294101 0.80952 0.289097 0.834437
0 0.489046 0.908702 0.493412 0.884926 0.478045 0.876008 0.473679 0.899784
0 0.221481 0.973986 0.232963 0.95292 0.225007 0.939214 0.213525 0.960281
0 0.397413 0.543601 0.398869 0.510032 0.380959 0.507577 0.379503 0.541147
0 0.992141 0.506634 0.996155 0.450964 0.961112 0.442978 0.957098 0.498649
0 0.500615 0.733625 0.505528 0.710294 0.493646 0.702386 0.488733 0.725717
0 0.442679 0.878627 0.449431 0.824178 0.427744 0.815678 0.420992 0.870127
0 0.0974938 0.732351 0.0986402 0.707976 0.0820173 0.705505 0.080871 0.72988
0 0.259635 0.838509 0.263734 0.817659 0.255876 0.812777 0.251777 0.833627
0 0.812442 0.717764 0.816051 0.697643 0.800703 0.688944 0.797095 0.709065
0 0.4602 0.854237 0.462532 0.827089 0.44693 0.822853 0.444598 0.850001
0 0.206351 0.996956 0.227529 0.979677 0.221729 0.957214 0.200552 0.974493
0 1.0145 0.878453 1.01943 0.727714 0.953296 0.720879 0.948366 0.871617
0 0.138138 0.93679 0.143703 0.920387 0.134658 0.910687 0.129092 0.92709
0 0.35489 0.792418 0.351892 0.752264 0.327936 0.757917 0.330934 0.798071
0 0.289356 0.888502 0.295439 0.87119 0.287383 0.862244 0.2813 0.879556
0 0.589908 0.791265 0.603208 0.767489 0.583581 0.73279 0.570281 0.756567
0 0.0222684 0.879774 0.0494055 0.843981 0.0361441 0.812204 0.00900702 0.847998
0 0.461742 0.801567 0.467745 0.784838 0.45687 0.772504 0.450867 0.789233
0 0.581753 0.915635 0.584071 0.882558 0.56442 0.878205 0.562102 0.911282
0 0.25783 0.972458 0.263291 0.951854 0.253533 0.943679 0.248071 0.964283
0 0.308444 0.888127 0.321174 0.852511 0.309101 0.838875 0.296372 0.874491
0 0.232936 0.943702 0.235674 0.926667 0.225488 0.921492 0.22275 0.938527
0 0.163675 0.986383 0.172072 0.962266 0.161486 0.950618 0.153089 0.974735
0 0.496747 0.694589 0.500678 0.663153 0.4857 0.657234 0.481769 0.68867
0 0.132423 0.982061 0.145269 0.94796 0.135297 0.936088 0.122452 0.97019
0 0.272427 0.849743 0.273446 0.824734 0.261425 0.823185 0.260405 0.848195
0 0.168199 0.997305 0.175117 0.976754 0.164933 0.96592 0.158015 0.986471
0 0.575614 0.862977 0.579159 0.838728 0.567324 0.83326 0.563779 0.857509
0 0.392747 0.108564 0.392865 0.0691366 0.367226 0.0688945 0.367108 0.108322
0 0.0594484 0.85674 0.0660717 0.835481 0.0535286 0.82313 0.0469053 0.844389
0 0.656819 0.635178 0.65657 0.596964 0.636985 0.597367 0.637234 0.635581
0 0.794917 0.782293 0.804362 0.749342 0.78448 0.731329 0.775034 0.76428
0 0.474893 0.907862 0.480172 0.883769 0.468838 0.87592 0.463559 0.900013
0 0.564232 0.601936 0.573606 0.57229 0.554659 0.553354 0.545284 0.583
0 0.344139 0.9971 0.356385 0.974399 0.345501 0.955843 0.333255 0.978544
0 0.440875 0.939283 0.445506 0.918605 0.432344 0.90929 0.427714 0.929967
0 0.082496 0.796785 0.0830089 0.772893 0.062434 0.771497 0.061921 0.795389
0 0.451755 0.966219 0.454493 0.938755 0.440586 0.934374 0.437848 0.961837
0 0.480966 0.407941 0.483257 0.344859 0.450203 0.341066 0.447912 0.404147
0 0.218135 0.934917 0.223216 0.918463 0.213527 0.909007 0.208446 0.92546
0 0.393805 0.568513 0.394816 0.550291 0.381599 0.547973 0.380588 0.566195
0 0.0049524 0.991724 0.0219573 0.962521 0.00957276 0.939729 -0.0074321 0.968933
0 0.241019 1.00124 0.253532 0.978536 0.245844 0.965144 0.23333 0.987848
0 0.300163 0.927114 0.310742 0.890326 0.295179 0.87618 0.284599 0.912968
0 0.52016 0.618275 0.527501 0.594744 0.51583 0.583236 0.508489 0.606768
0 0.172631 0.918229 0.178841 0.898084 0.168957 0.888456 0.162748 0.9086
0 0.157465 0.910939 0.164239 0.890003 0.155899 0.881475 0.149125 0.902411
0 0.384884 1.00672 0.386844 0.980384 0.352412 0.972284 0.350452 0.998615
0 0.898806 0.671065 0.910458 0.643061 0.890335 0.616598 0.878683 0.644602
0 0.897916 0.554261 0.899939 0.53091 0.878223 0.524963 0.8762 0.548314
0 0.454434 0.951891 0.465982 0.915348 0.451765 0.901148 0.440217 0.937692
0 0.378822 0.560562 0.37929 0.542152 0.365767 0.541066 0.365299 0.559477
0 0.125746 0.897621 0.127447 0.879216 0.117865 0.876416 0.116164 0.894821
0 0.584768 0.814685 0.590837 0.777699 0.571992 0.767925 0.565923 0.804911
0 0.145593 0.950074 0.15063 0.93339 0.141664 0.924834 0.136627 0.941518
0 0.54857 0.927866 0.556316 0.900763 0.543925 0.889571 0.536179 0.916674
0 0.19815 0.966773 0.207596 0.943062 0.197958 0.930926 0.188511 0.954638
0 0.810753 0.780181 0.821117 0.761528 0.803488 0.730568 0.793123 0.749221
0 0.146517 0.989526 0.156577 0.956189 0.143558 0.943772 0.133498 0.977108
0 0.619689 0.929141 0.62191 0.900532 0.608965 0.897356 0.606744 0.925965
0 0.604708 0.936665 0.609031 0.917636 0.591468 0.905027 0.587145 0.924056
0 0.598137 0.972746 0.600998 0.923835 0.580451 0.920036 0.57759 0.968947
0 0.0633833 0.731016 0.0787935 0.714767 0.0729536 0.697262 0.0575434 0.71351
0 0.841093 0.775486 0.852893 0.746786 0.828101 0.714569 0.8163 0.743269
0 0.535752 0.874456 0.537084 0.854336 0.526279 0.852075 0.524947 0.872194
0 0.190222 0.979816 0.194152 0.96099 0.184403 0.954558 0.180473 0.973385
0 0.266691 0.941331 0.279394 0.918892 0.270746 0.903419 0.258043 0.925858
0 0.829061 0.715744 0.83084 0.691051 0.814004 0.687217 0.812224 0.711909
0 0.0482459 0.786841 0.0518835 0.767715 0.0409345 0.761134 0.0372969 0.78026
0 0.436207 0.674642 0.440407 0.653644 0.428743 0.646272 0.424544 0.667269
0 0.271286 0.941368 0.287155 0.912891 0.277406 0.895722 0.261537 0.924199
0 0.156472 0.884134 0.159368 0.865429 0.151353 0.861507 0.148457 0.880212
0 0.523285 0.756884 0.529083 0.73435 0.512756 0.721072 0.506958 0.743605
0 0.188755 1.00231 0.189102 0.979883 0.169174 0.978911 0.168828 1.00134
0 0.908101 0.710805 0.910171 0.676319 0.894621 0.673371 0.892552 0.707856
0 0.0870642 0.335369 0.103699 0.312648 0.0867525 0.273438 0.0701182 0.296159
0 0.547291 0.850844 0.548782 0.833794 0.539075 0.831111 0.537584 0.848161
0 0.290287 0.738324 0.302657 0.694561 0.282868 0.676883 0.270498 0.720646
0 0.0544391 0.142543 0.0539242 -0.0290528 4.01745e-05 -0.0285418 0.000555065 0.143054
0 0.446386 1.00205 0.451129 0.97149 0.438625 0.965358 0.433883 0.995919
0 0.187581 0.118424 0.205663 0.108973 0.187118 -0.00316944 0.169036 0.00628138
0 0.078571 0.289512 0.079896 0.250589 0.0552498 0.247937 0.0539248 0.28686
0 0.308377 0.844769 0.318833 0.828427 0.312172 0.814959 0.301717 0.831301
0 0.580453 0.106109 0.588134 0.0486945 0.567158 0.0398259 0.559478 0.0972404
0 0.123167 0.973601 0.131805 0.945844 0.122275 0.936471 0.113637 0.964227
0 0.906041 0.546724 0.932877 0.531166 0.928505 0.507332 0.901669 0.522891
0 0.0328731 0.134824 0.0466664 -0.00151898 -0.0168437 -0.0218255 -0.0306371 0.114517
0 0.854831 0.548162 0.904014 0.523919 0.896665 0.476799 0.847482 0.501042
0 0.0957218 0.618112 0.11197 0.586395 0.0996667 0.566476 0.0834188 0.598193
0 0.234149 0.989085 0.243632 0.970035 0.236831 0.959335 0.227348 0.978385
0 0.530952 0.824094 0.530787 0.80132 0.517052 0.801634 0.517217 0.824409
0 0.464131 0.708419 0.467838 0.686958 0.456023 0.680509 0.452316 0.70197
0 0.0607296 0.750787 0.0683069 0.729666 0.059104 0.719231 0.0515267 0.740352
0 0.95281 0.529406 0.956392 0.506036 0.929124 0.492829 0.925543 0.516199
0 0.801996 0.7448 0.805669 0.725691 0.79052 0.716487 0.786846 0.735596
0 0.359801 0.412938 0.369844 0.355085 0.334577 0.335737 0.324534 0.393589
0 0.0603703 0.918444 0.0618676 0.890947 0.0458301 0.888187 0.0443328 0.915684
0 0.318994 0.397119 0.321873 0.358798 0.301087 0.353861 0.298208 0.392182
0 0.376009 0.828004 0.397791 0.796829 0.384694 0.767907 0.362912 0.799082
0 0.794615 0.667656 0.800444 0.64658 0.78288 0.631227 0.777051 0.652303
0 0.641286 0.269424 0.645941 0.227502 0.622938 0.21943 0.618284 0.261351
0 0.163005 0.970061 0.168173 0.950537 0.1574 0.941525 0.152233 0.961049
0 0.270083 0.995327 0.277937 0.973596 0.269356 0.963796 0.261503 0.985527
0 0.81632 0.698595 0.818804 0.678152 0.801932 0.671673 0.799448 0.692116
0 0.82251 0.616439 0.823967 0.584606 0.808905 0.582428 0.807449 0.614261
0 0.247097 0.961764 0.255314 0.934249 0.24617 0.92562 0.237954 0.953135
0 0.341698 0.750615 0.344526 0.726913 0.331048 0.721831 0.32822 0.745533
0 0.41071 0.754362 0.413169 0.734467 0.397805 0.728466 0.395347 0.748362
0 0.86035 0.559055 0.891847 0.529424 0.878707 0.48528 0.84721 0.514911
0 0.456159 0.725353 0.459662 0.7012 0.444723 0.694353 0.441221 0.718505
0 0.0648948 0.895794 0.0676995 0.87002 0.0551617 0.865708 0.052357 0.891482
