0 0.994048 0.925571 1.00329 0.813948 0.79076 0.75833 0.781518 0.869953
0 0.20267 0.978876 0.230564 0.92761 0.211579 0.894962 0.183685 0.946228
0 0.484473 0.853169 0.487975 0.811551 0.466758 0.805907 0.463255 0.847526
0 0.537856 0.911747 0.537624 0.86871 0.516587 0.869068 0.516819 0.912105
0 0.368126 0.849071 0.370524 0.815434 0.350604 0.810945 0.348205 0.844582
0 0.393634 0.829068 0.405851 0.787595 0.388474 0.771418 0.376257 0.812891
0 0.576314 0.821384 0.579309 0.791176 0.558383 0.784618 0.555387 0.814826
0 0.543092 0.765521 0.545544 0.737261 0.529969 0.732991 0.527517 0.76125
0 0.425899 0.829977 0.426866 0.789741 0.401816 0.787838 0.400848 0.828074
0 0.331663 0.792516 0.338787 0.748395 0.320253 0.738937 0.313129 0.783058
0 0.307191 0.810704 0.308442 0.775829 0.287231 0.773425 0.28598 0.8083
0 0.501637 0.991825 0.506041 0.946061 0.480681 0.938348 0.476277 0.984111
0 0.328388 0.756274 0.332626 0.727 0.317291 0.719983 0.313053 0.749258
0 0.415211 0.998932 0.410562 0.957257 0.383214 0.966898 0.387863 1.00857
0 0.373123 0.801405 0.379663 0.775065 0.366185 0.76449 0.359646 0.79083
0 0.476913 0.884188 0.485633 0.864593 0.468384 0.840335 0.459665 0.85993
0 0.372252 0.887265 0.37538 0.858015 0.356823 0.851744 0.353696 0.880993
0 0.558526 0.726408 0.564029 0.709645 0.550226 0.695324 0.544723 0.712087
0 0.410708 0.718051 0.412857 0.694316 0.400187 0.690691 0.398038 0.714425
0 0.239447 0.757776 0.245409 0.722721 0.217945 0.707957 0.211983 0.743013
0 0.232472 0.872068 0.24291 0.843853 0.230085 0.828857 0.219646 0.857071
0 0.220442 0.877289 0.219914 0.850712 0.202443 0.851809 0.202971 0.878386
0 0.419682 0.746553 0.423615 0.722907 0.402376 0.711743 0.398444 0.735389
0 0.176319 0.925006 0.177686 0.902917 0.166089 0.900648 0.164722 0.922737
0 0.237302 0.890436 0.244652 0.863306 0.231873 0.852367 0.224524 0.879497
0 0.187854 0.871013 0.195232 0.8449 0.181066 0.832249 0.173688 0.858361
0 0.0621042 0.902495 0.0770743 0.864171 0.0620747 0.845653 0.0471046 0.883977
0 0.339681 0.840316 0.340303 0.807154 0.311626 0.805455 0.311004 0.838617
0 0.528012 0.850469 0.53584 0.826132 0.515927 0.805888 0.508098 0.830225
0 0.195253 0.959322 0.199382 0.918255 0.180489 0.912251 0.176359 0.953318
0 0.0461275 0.893399 0.0529972 0.865628 0.0309194 0.848367 0.0240497 0.876138
0 0.384867 0.775154 0.387601 0.75285 0.375233 0.748058 0.372499 0.770362
0 0.351927 0.831531 0.353334 0.807486 0.34088 0.805184 0.339474 0.829229
0 0.349094 0.764274 0.353397 0.743625 0.341326 0.735675 0.337023 0.756324
0 0.39811 0.930906 0.404696 0.885027 0.376766 0.872355 0.37018 0.918234
0 0.474095 0.821145 0.488163 0.787163 0.473968 0.768591 0.4599 0.802573
0 0.588328 0.694706 0.593132 0.662075 0.576488 0.654331 0.571684 0.686962
0 0.0750082 0.849165 0.0958549 0.819698 0.0881813 0.80254 0.0673347 0.832007
0 0.138259 0.805139 0.138128 0.779434 0.120557 0.779717 0.120688 0.805422
0 0.340654 0.807636 0.346313 0.776997 0.332371 0.768858 0.326712 0.799497
0 0.422239 0.789171 0.427716 0.767392 0.413449 0.756052 0.407972 0.777832
0 0.388929 0.791859 0.391244 0.769047 0.378756 0.765042 0.376442 0.787854
0 0.203511 0.920993 0.214781 0.895028 0.202266 0.87786 0.190996 0.903825
0 0.345882 0.893596 0.348651 0.871328 0.333036 0.865191 0.330266 0.887459
0 0.165694 0.940053 0.160424 0.900374 0.128456 0.913793 0.133726 0.953472
0 0.463705 0.841904 0.465396 0.819438 0.452305 0.816323 0.450614 0.83879
0 0.316642 0.791462 0.320729 0.763234 0.306194 0.756584 0.302108 0.784813
0 0.190373 0.911139 0.206327 0.884928 0.197679 0.868291 0.181725 0.894502
0 0.0754108 0.806091 0.0755582 0.778846 0.059598 0.778573 0.0594506 0.805818
0 0.185107 0.896634 0.200171 0.865997 0.188113 0.847259 0.173049 0.877896
0 0.327852 0.814102 0.329842 0.790666 0.310997 0.78561 0.309007 0.809046
0 0.423664 0.925541 0.428598 0.886203 0.410298 0.878948 0.405364 0.918286
0 0.394937 0.764014 0.396748 0.738384 0.385499 0.735872 0.383688 0.761502
0 0.668682 0.764875 0.6815 0.734894 0.668115 0.716809 0.655297 0.74679
0 0.394376 0.862563 0.403437 0.827129 0.389571 0.815922 0.38051 0.851357
0 0.075165 0.354024 0.0916817 0.333294 0.0763242 0.294621 0.0598075 0.315351
0 0.135152 0.841426 0.137509 0.818518 0.125116 0.814489 0.12276 0.837397
0 0.299984 0.876274 0.300608 0.837747 0.279371 0.836661 0.278748 0.875187
0 0.370928 0.772564 0.374995 0.751297 0.3653 0.745439 0.361233 0.766705
0 0.562814 0.939726 0.572959 0.930509 0.564398 0.90073 0.554253 0.909948
0 0.0293567 0.799698 0.0298495 0.774196 0.0128192 0.773156 0.0123264 0.798658
0 0.165376 1.00107 0.174597 0.963762 0.160168 0.952491 0.150947 0.989797
0 0.493527 0.832123 0.503057 0.814171 0.487872 0.788695 0.478342 0.806647
0 0.50265 0.855622 0.516696 0.823229 0.505159 0.807418 0.491113 0.839811
0 0.431232 0.934422 0.446141 0.903037 0.434635 0.885762 0.419726 0.917147
0 0.417232 0.88277 0.429905 0.873377 0.421392 0.837078 0.40872 0.846471
0 0.423683 0.722917 0.425661 0.700323 0.412827 0.696771 0.410848 0.719366
0 0.262923 0.963017 0.272233 0.926286 0.249431 0.908019 0.24012 0.94475
0 0.0219694 0.738265 0.0230472 0.705213 0.00445004 0.703296 0.00337218 0.736349
0 0.276781 0.897001 0.276668 0.873469 0.257599 0.873758 0.257712 0.897289
0 0.899419 0.574347 0.909409 0.551467 0.890204 0.524965 0.880214 0.547844
0 0.502266 0.925485 0.510216 0.89997 0.493061 0.883075 0.485111 0.90859
0 0.197053 0.701681 0.19959 0.679656 0.188465 0.675606 0.185928 0.697631
0 0.507555 0.972925 0.522194 0.949547 0.501945 0.909472 0.487306 0.932849
0 0.258945 0.884113 0.264291 0.859769 0.243653 0.845447 0.238307 0.86979
0 0.544949 0.78557 0.548177 0.767093 0.534266 0.759412 0.531038 0.777888
0 0.272494 0.870148 0.27569 0.842632 0.25973 0.836773 0.256533 0.864289
0 0.408575 0.801825 0.418695 0.779998 0.402149 0.755752 0.392029 0.777579
0 0.438362 0.956046 0.450468 0.924194 0.438179 0.909433 0.426073 0.941285
0 0.411562 0.855679 0.417761 0.827079 0.403129 0.817054 0.39693 0.845655
0 0.100612 0.80566 0.102371 0.782559 0.0879334 0.779084 0.0861738 0.802184
0 0.434295 0.852643 0.433731 0.821623 0.420459 0.822386 0.421024 0.853406
0 0.548837 0.672333 0.550304 0.646431 0.535182 0.643724 0.533715 0.669627
0 0.157906 0.856316 0.164615 0.834117 0.14873 0.818945 0.142021 0.841144
0 0.503425 0.745921 0.506141 0.722047 0.490262 0.716339 0.487546 0.740212
0 0.156379 0.906844 0.165823 0.87482 0.154276 0.864058 0.144832 0.896081
0 0.53699 0.803763 0.537891 0.77662 0.524686 0.775235 0.523785 0.802377
0 0.0604205 0.918128 0.0632642 0.899131 0.0491153 0.892437 0.0462716 0.911434
0 0.212432 0.851077 0.214495 0.828401 0.202414 0.824926 0.20035 0.847602
0 0.340574 0.743694 0.343535 0.72102 0.329048 0.715041 0.326088 0.737715
0 0.382398 0.722612 0.385385 0.704132 0.372874 0.69774 0.369886 0.716221
0 0.201822 0.863615 0.205681 0.839127 0.193179 0.832901 0.18932 0.857388
0 0.0130146 0.607261 0.0152128 0.576328 -0.00245583 0.572359 -0.00465404 0.603293
0 0.259552 0.998632 0.256933 0.957686 0.218683 0.96542 0.221303 1.00637
0 0.547246 0.700666 0.550876 0.682186 0.538635 0.674585 0.535004 0.693066
0 0.086296 0.767524 0.0865955 0.74382 0.0706373 0.743182 0.0703377 0.766886
0 0.0324049 0.997782 0.03883 0.971586 0.0278043 0.963039 0.0213792 0.989236
0 0.561021 0.691353 0.563819 0.665129 0.547082 0.659486 0.544284 0.68571
0 0.167164 0.911862 0.174683 0.882723 0.164231 0.874199 0.156712 0.903338
0 0.0597236 0.365984 0.0706311 0.327659 0.0424626 0.302321 0.0315551 0.340646
0 0.279852 0.090592 0.288284 0.00763744 0.219925 -0.0143232 0.211493 0.0686314
0 0.45884 0.800317 0.473231 0.779032 0.464833 0.761085 0.450442 0.78237
0 0.356774 0.791442 0.361827 0.767459 0.34924 0.759076 0.344186 0.783059
0 0.499987 0.784763 0.501631 0.768621 0.490588 0.765066 0.488944 0.781207
0 0.519538 0.889773 0.529762 0.844869 0.507435 0.828802 0.497211 0.873707
0 0.574637 0.763348 0.575999 0.742231 0.564038 0.739792 0.562675 0.760909
0 0.379937 0.826967 0.381947 0.799138 0.365407 0.795363 0.363398 0.823192
0 0.238113 0.832505 0.244686 0.802425 0.230905 0.792907 0.224332 0.822987
0 0.481975 0.934308 0.485005 0.902118 0.469934 0.897634 0.466904 0.929825
0 0.55747 0.797034 0.559907 0.77333 0.547883 0.769424 0.545447 0.793128
0 0.144724 0.891895 0.155815 0.864091 0.145889 0.851576 0.134797 0.879381
0 0.586006 0.769916 0.588802 0.750308 0.576853 0.744923 0.574057 0.764531
0 0.556554 0.746145 0.558285 0.723417 0.545789 0.720408 0.544058 0.743137
0 0.570874 0.750038 0.577435 0.720793 0.561788 0.709698 0.555227 0.738943
0 0.0398971 0.941426 0.0497399 0.913308 0.0397265 0.90223 0.0298837 0.930347
0 0.0292122 0.113706 0.0555482 0.0228762 0.0303518 -0.000213514 0.00401575 0.0906158
0 0.158485 0.656559 0.162612 0.640648 0.149837 0.630175 0.14571 0.646087
0 0.567431 0.87471 0.571115 0.818612 0.550938 0.814424 0.547254 0.870522
0 0.386909 0.891598 0.393854 0.861561 0.378733 0.85051 0.371788 0.880547
0 0.548871 0.872196 0.549944 0.82665 0.531566 0.825283 0.530493 0.870829
0 0.568731 0.717179 0.575717 0.700872 0.560921 0.680837 0.553935 0.697144
0 0.289033 0.761252 0.290177 0.735536 0.27693 0.733673 0.275786 0.759389
0 0.25415 0.895355 0.256051 0.873426 0.241064 0.869319 0.239163 0.891248
0 0.0401233 0.632391 0.0438478 0.593911 0.0211151 0.586957 0.0173906 0.625437
0 0.373709 0.8643 0.375256 0.843752 0.360679 0.840281 0.359131 0.860829
0 0.0936337 0.952803 0.0948533 0.91903 0.0745631 0.916715 0.0733435 0.950487
0 0.168334 0.668065 0.172024 0.648698 0.160894 0.641996 0.157204 0.661363
0 0.0664132 0.827635 0.0673904 0.808303 0.0545274 0.806248 0.0535502 0.82558
0 0.298201 0.784159 0.318603 0.73892 0.303953 0.71804 0.283551 0.763278
0 0.575935 0.69709 0.580033 0.676152 0.564136 0.66632 0.560038 0.687258
0 0.54524 0.738551 0.54763 0.716844 0.535954 0.712782 0.533565 0.734488
0 0.492007 0.938296 0.498406 0.911465 0.485419 0.901676 0.47902 0.928506
0 0.581706 0.877343 0.588517 0.839773 0.573094 0.830935 0.566282 0.868505
0 0.458298 0.931901 0.460239 0.908788 0.445788 0.904952 0.443847 0.928064
0 0.347319 0.722833 0.349839 0.700688 0.338344 0.696555 0.335825 0.718701
0 0.0551683 0.863204 0.0682271 0.8352 0.0583523 0.820647 0.0452935 0.848651
0 0.817515 0.560256 0.822598 0.521043 0.800842 0.51213 0.795759 0.551343
0 0.174986 0.588572 0.184017 0.563642 0.1735 0.5516 0.164469 0.57653
0 0.375387 1.00376 0.383996 0.979743 0.36605 0.959414 0.357442 0.983433
0 0.0404221 0.913684 0.0448297 0.88511 0.0295334 0.877653 0.0251257 0.906226
0 0.594428 0.876236 0.599082 0.85183 0.585412 0.843593 0.580759 0.867999
0 0.352695 0.818444 0.354847 0.796671 0.341218 0.792415 0.339066 0.814188
0 0.385405 0.842209 0.38854 0.819392 0.37576 0.813843 0.372625 0.83666
0 0.157026 0.679878 0.157468 0.655325 0.140818 0.654378 0.140376 0.678931
0 0.374908 0.536821 0.38681 0.473935 0.368549 0.463013 0.356648 0.525899
0 0.576983 0.79098 0.579089 0.770284 0.56672 0.766307 0.564615 0.787002
0 0.411507 0.766476 0.416395 0.748052 0.401766 0.735787 0.396879 0.754212
0 0.262277 0.854981 0.264405 0.810961 0.237027 0.806778 0.234899 0.850799
0 0.490177 0.851655 0.497275 0.82984 0.487153 0.819431 0.480055 0.841247
0 0.483033 0.954337 0.489203 0.922131 0.476628 0.914517 0.470458 0.946723
0 0.188955 0.993893 0.2037 0.968268 0.194654 0.951815 0.179908 0.97744
0 0.351219 0.861183 0.353237 0.843983 0.339524 0.838899 0.337506 0.856099
0 0.423059 0.958671 0.43155 0.928277 0.420392 0.918425 0.411901 0.948818
0 0.407835 0.698187 0.410038 0.673938 0.398294 0.670567 0.396091 0.694815
0 0.124063 0.842952 0.124768 0.815633 0.107925 0.814259 0.107219 0.841578
0 0.816126 0.527153 0.832855 0.497874 0.820655 0.475845 0.803926 0.505124
0 0.225135 0.896398 0.228334 0.87472 0.214871 0.868439 0.211671 0.890117
0 0.365041 0.753064 0.370471 0.732521 0.358352 0.722396 0.352921 0.742938
0 0.0218173 0.964462 0.0341444 0.936303 0.0241419 0.922464 0.0118148 0.950622
0 0.289223 1.00107 0.287736 0.967688 0.260877 0.971469 0.262364 1.00485
0 0.165361 0.281697 0.184633 0.236615 0.152547 0.193264 0.133275 0.238345
0 0.485171 0.902775 0.491266 0.873798 0.478333 0.865199 0.472237 0.894176
0 0.183673 0.915612 0.187605 0.892333 0.174355 0.88526 0.170423 0.908538
0 0.18626 0.79395 0.191004 0.77303 0.181247 0.766037 0.176503 0.786957
0 0.562814 0.66633 0.567941 0.64863 0.557458 0.639032 0.55233 0.656731
0 0.17166 0.768617 0.177287 0.747336 0.168119 0.739676 0.162492 0.760957
0 0.980624 0.607162 1.00168 0.57309 0.990964 0.552169 0.969911 0.586242
0 0.474652 0.763233 0.478784 0.745449 0.465301 0.735549 0.461169 0.753333
0 0.0739514 0.910432 0.0784618 0.886214 0.0666665 0.879272 0.0621561 0.903489
0 0.542019 0.840167 0.54548 0.812744 0.531061 0.806993 0.5276 0.834416
0 0.278301 0.883711 0.281013 0.859615 0.266586 0.854485 0.263874 0.878581
0 0.0804153 0.868527 0.0933005 0.843861 0.0844472 0.829244 0.071562 0.85391
0 0.0759966 0.949411 0.0716102 0.91165 0.043386 0.922012 0.0477724 0.959773
0 0.0831332 0.807831 0.0853745 0.7891 0.076974 0.785923 0.0747327 0.804654
0 0.284093 0.949668 0.293863 0.909054 0.280233 0.898692 0.270464 0.939306
0 0.398782 0.684384 0.399272 0.665208 0.385886 0.664127 0.385396 0.683303
0 0.545329 0.720122 0.548241 0.702733 0.534843 0.695643 0.531932 0.713033
0 0.143228 0.664375 0.144896 0.644301 0.132837 0.641134 0.131169 0.661208
0 1.00046 0.355653 1.01778 0.264421 0.977217 0.240084 0.959897 0.331316
0 0.430786 1.00343 0.442012 0.965352 0.430226 0.954371 0.419001 0.992448
0 0.530507 0.677658 0.531951 0.647146 0.516426 0.644824 0.514982 0.675336
0 0.146837 0.917849 0.148336 0.894493 0.131355 0.891046 0.129855 0.914403
0 0.622363 0.681898 0.622922 0.658361 0.608892 0.657308 0.608333 0.680845
0 0.0348076 0.372378 0.0402502 0.326169 4.53663e-05 0.311203 -0.00539726 0.357411
0 0.907605 0.75018 0.909862 0.728175 0.895875 0.72364 0.893618 0.745645
0 0.55335 0.772824 0.555746 0.749944 0.54213 0.745438 0.539734 0.768318
0 0.410196 0.894638 0.418452 0.874882 0.409466 0.863015 0.401211 0.882772
0 0.158001 0.62714 0.162228 0.609601 0.154378 0.603621 0.150151 0.621159
0 0.577195 0.836765 0.579233 0.81147 0.566425 0.808207 0.564386 0.833502
0 0.587721 0.725086 0.592252 0.700046 0.581321 0.693795 0.57679 0.718835
0 0.473818 0.968455 0.480093 0.947809 0.463879 0.932236 0.457604 0.952882
0 0.564774 0.854853 0.565544 0.810651 0.548524 0.809715 0.547755 0.853916
0 0.276498 0.814798 0.279179 0.790263 0.265671 0.785598 0.26299 0.810133
0 0.0124076 0.797398 0.0148108 0.767103 0.000111163 0.763417 -0.00229212 0.793712
0 0.0307133 0.0948059 0.0290589 -0.0124451 -0.0136708 -0.010362 -0.0120164 0.096889
0 0.477728 0.997763 0.483223 0.963037 0.454009 0.948426 0.448514 0.983151
0 0.224627 0.853637 0.229193 0.820885 0.213743 0.814078 0.209177 0.846829
0 0.0897576 0.864332 0.106216 0.840557 0.0964175 0.819118 0.0799587 0.842893
0 0.0625938 0.668464 0.0695293 0.64897 0.05922 0.637378 0.0522846 0.656873
0 0.228152 0.635434 0.228648 0.606924 0.209602 0.605878 0.209107 0.634388
0 0.492769 0.761895 0.498503 0.744925 0.484464 0.729931 0.47873 0.746901
0 0.121332 0.876474 0.12891 0.846149 0.113207 0.833747 0.105629 0.864072
0 0.0158372 0.662303 0.0161196 0.621169 -0.00264284 0.620762 -0.00292524 0.661896
0 0.324345 0.859657 0.326495 0.839539 0.314196 0.835384 0.312045 0.855501
0 0.411307 0.940443 0.414164 0.904173 0.391068 0.898425 0.388212 0.934695
0 0.0392587 0.116494 0.0403276 -0.0236367 0.00115285 -0.024581 8.3999e-05 0.11555
0 0.263641 0.918158 0.266333 0.889194 0.24631 0.883311 0.243617 0.912275
0 0.117004 0.663691 0.11815 0.64471 0.107411 0.642661 0.106265 0.661641
0 0.610012 0.859098 0.611778 0.822544 0.594375 0.819886 0.592609 0.85644
0 0.592255 0.755672 0.59523 0.737378 0.583745 0.731475 0.58077 0.749769
0 0.175642 0.677793 0.177755 0.65959 0.167814 0.655942 0.1657 0.674145
0 0.564864 0.710323 0.569598 0.690044 0.555321 0.67951 0.550587 0.699789
0 0.172416 0.651131 0.176353 0.638311 0.166075 0.628334 0.162138 0.641153
0 0.379209 0.746763 0.380882 0.72489 0.367662 0.721694 0.365988 0.743567
0 0.0958751 0.778238 0.104949 0.752674 0.0947342 0.741216 0.0856606 0.76678
0 0.0206198 0.769007 0.0211799 0.747535 0.00746801 0.746405 0.00690796 0.767877
0 0.554364 0.824974 0.554861 0.796727 0.540488 0.795927 0.53999 0.824173
0 0.541385 0.631443 0.551271 0.620582 0.541083 0.591273 0.531197 0.602134
0 0.189853 0.734778 0.198303 0.712441 0.189288 0.701662 0.180838 0.723999
0 0.143765 0.638402 0.147572 0.618801 0.139488 0.613838 0.135681 0.633439
0 0.545407 0.859925 0.552429 0.829229 0.534441 0.816225 0.527419 0.846921
0 0.151492 0.790455 0.151934 0.771343 0.140134 0.770482 0.139693 0.789594
0 0.351444 0.792336 0.356086 0.76469 0.345029 0.758823 0.340387 0.786468
0 0.174367 0.743546 0.177758 0.728439 0.169079 0.722282 0.165688 0.737388
0 0.258369 0.310096 0.266904 0.271514 0.240804 0.253265 0.232269 0.291847
0 0.475903 1.00366 0.479072 0.959408 0.4432 0.951289 0.440031 0.995538
0 0.812487 0.500984 0.813901 0.465441 0.792463 0.462745 0.791049 0.498288
0 0.775612 0.915873 0.797684 0.860535 0.737588 0.78478 0.715516 0.840118
0 0.340281 0.852343 0.340953 0.831731 0.324998 0.830086 0.324325 0.850698
0 0.14618 1.00489 0.155907 0.976633 0.143985 0.963663 0.134257 0.991924
0 0.409583 0.87449 0.414625 0.850911 0.400962 0.841677 0.39592 0.865256
0 0.497438 0.886632 0.504866 0.865858 0.491147 0.850356 0.483719 0.87113
0 0.25787 0.806576 0.259786 0.771157 0.241076 0.767958 0.239159 0.803376
0 0.446382 0.901043 0.451842 0.86268 0.437991 0.856449 0.43253 0.894812
0 0.436878 0.989142 0.447687 0.955872 0.436214 0.944092 0.425405 0.977362
0 0.133043 0.650982 0.136172 0.633674 0.127472 0.628704 0.124343 0.646013
0 0.132156 0.641184 0.132888 0.624211 0.121916 0.622716 0.121184 0.639689
0 0.035637 0.863223 0.0440486 0.842368 0.0337036 0.829181 0.0252921 0.850036
0 0.0784132 0.679202 0.0880048 0.652332 0.0790143 0.642189 0.0694226 0.669059
0 0.190342 0.67991 0.191786 0.659571 0.180543 0.657047 0.179099 0.677387
0 0.0455444 0.666244 0.045613 0.646639 0.0317137 0.646485 0.0316451 0.666091
0 0.46315 0.753157 0.468586 0.734887 0.457251 0.724227 0.451814 0.742496
0 0.182542 0.829696 0.187309 0.809471 0.177164 0.801913 0.172397 0.822139
0 0.0724402 0.659847 0.0788445 0.638865 0.0700057 0.630339 0.0636014 0.651321
0 0.0177831 0.628595 0.0204134 0.610404 0.00643938 0.604018 0.00380912 0.62221
0 0.226607 0.849814 0.232067 0.808889 0.213074 0.800881 0.207614 0.841806
0 0.235262 0.916753 0.238547 0.887958 0.222718 0.882251 0.219434 0.911046
0 0.0330456 0.811351 0.0506669 0.797039 0.0451514 0.775577 0.0275301 0.789889
0 0.986405 0.650883 0.987517 0.621353 0.970955 0.619382 0.969843 0.648911
0 0.115997 0.805798 0.117246 0.784407 0.105771 0.782289 0.104522 0.80368
0 0.0799386 0.885559 0.0843289 0.859571 0.0730827 0.853566 0.0686924 0.879554
0 0.426166 0.765211 0.428447 0.746973 0.416511 0.742255 0.41423 0.760493
0 0.523146 0.810396 0.524667 0.786784 0.514224 0.784659 0.512703 0.80827
0 0.13254 0.642534 0.137153 0.620583 0.126746 0.613672 0.122134 0.635623
0 0.421771 0.969295 0.429861 0.938255 0.417199 0.927825 0.40911 0.958865
0 0.510069 1.00076 0.511567 0.967348 0.492188 0.964601 0.49069 0.998011
0 0.267954 0.985944 0.271485 0.955106 0.254821 0.949075 0.25129 0.979913
0 0.183877 0.3146 0.195853 0.297049 0.182013 0.267204 0.170037 0.284755
0 0.0406622 0.837021 0.0489916 0.818845 0.0412014 0.807562 0.032872 0.825739
0 0.016859 1.00058 0.0173065 0.969376 0.00116012 0.968644 0.000712626 0.999852
0 0.397741 0.752301 0.40157 0.730233 0.392027 0.724999 0.388197 0.747068
0 0.529549 1.00668 0.532983 0.976186 0.507415 0.967085 0.503981 0.997577
0 0.36437 0.816648 0.369048 0.794895 0.357576 0.787098 0.352898 0.808851
0 0.158856 0.806561 0.161292 0.786939 0.151193 0.782976 0.148757 0.802598
0 0.411728 0.96695 0.413436 0.937136 0.391944 0.933245 0.390237 0.963059
0 0.473765 0.730362 0.476457 0.708353 0.46457 0.703756 0.461877 0.725766
0 0.0844622 0.138392 0.0991871 0.121901 0.0754916 0.0550313 0.0607667 0.0715221
0 0.169068 0.612848 0.176235 0.592071 0.162744 0.577363 0.155577 0.598141
0 0.589255 0.823795 0.592618 0.796857 0.579841 0.791816 0.576478 0.818754
0 0.49469 0.714838 0.495089 0.694188 0.480231 0.693283 0.479833 0.713932
0 0.145316 0.85471 0.148762 0.834105 0.136273 0.827504 0.132827 0.84811
0 0.0952237 0.633906 0.0969161 0.617117 0.0874384 0.614097 0.085746 0.630887
0 0.906526 0.665424 0.920666 0.644357 0.902657 0.606157 0.888517 0.627223
0 0.399588 0.875657 0.403204 0.855161 0.388857 0.847163 0.385242 0.86766
0 0.3728 0.920324 0.37592 0.892291 0.362635 0.887618 0.359515 0.91565
0 0.0240903 0.929311 0.0291036 0.894464 0.0160568 0.888532 0.0110435 0.923379
0 0.160829 0.563318 0.16447 0.541844 0.153414 0.535919 0.149773 0.557393
0 0.0962151 0.900408 0.104085 0.858066 0.0847839 0.846728 0.0769139 0.889069
0 0.109579 0.863366 0.112853 0.840551 0.101544 0.835422 0.0982699 0.858237
0 0.597929 0.712749 0.603242 0.680335 0.590807 0.673894 0.585494 0.706309
0 0.219947 0.703765 0.225525 0.673798 0.212244 0.665985 0.206666 0.695952
0 0.247433 0.933407 0.250853 0.909535 0.238278 0.90384 0.234858 0.927712
0 0.137487 0.90131 0.141451 0.880495 0.126717 0.871626 0.122753 0.892442
0 0.591606 0.640531 0.590043 0.599979 0.576889 0.601581 0.578452 0.642132
0 0.178931 0.821695 0.180341 0.805621 0.170684 0.802944 0.169274 0.819018
0 0.461068 0.980451 0.464407 0.953812 0.446402 0.94668 0.443063 0.973319
0 0.208416 0.78077 0.209736 0.757635 0.196134 0.755184 0.194815 0.778319
0 0.358199 0.763916 0.3606 0.745523 0.350176 0.741224 0.347776 0.759616
0 0.258291 0.733541 0.260026 0.708329 0.243572 0.704749 0.241836 0.729962
0 0.290035 0.820126 0.29228 0.794736 0.277134 0.790503 0.274889 0.815893
0 0.0861912 0.83914 0.100662 0.812884 0.0918185 0.79748 0.0773478 0.823736
0 0.46094 0.879586 0.46678 0.859042 0.451703 0.845496 0.445863 0.86604
0 0.608921 0.875726 0.61024 0.850993 0.596567 0.848688 0.595248 0.873422
0 0.0819853 0.647035 0.0837196 0.62732 0.0722539 0.624133 0.0705196 0.643848
0 0.604434 0.670876 0.605561 0.643185 0.590339 0.641226 0.589211 0.668916
0 0.473862 0.529726 0.480328 0.465941 0.453602 0.457378 0.447136 0.521164
0 0.465839 0.888277 0.472257 0.867391 0.459393 0.854899 0.452975 0.875785
0 0.433657 0.871593 0.434469 0.83957 0.421642 0.838541 0.420829 0.870564
0 0.0531559 0.761009 0.0532251 0.742705 0.040491 0.742553 0.0404219 0.760856
0 0.525492 0.797536 0.525889 0.765449 0.51104 0.764868 0.510643 0.796955
0 0.588265 0.66438 0.593944 0.643107 0.578837 0.63036 0.573158 0.651634
0 0.0732533 0.828136 0.0747487 0.804906 0.0599898 0.801903 0.0584944 0.825133
0 0.0233311 1.00758 0.0246116 0.989344 0.0112949 0.986389 0.0100144 1.00463
0 0.286698 0.840783 0.287352 0.817482 0.272324 0.816148 0.27167 0.839449
0 0.0463246 1.00246 0.0554676 0.976939 0.0446829 0.964727 0.03554 0.990246
0 0.0887941 0.621199 0.0918973 0.602662 0.0820453 0.59745 0.0789421 0.615987
0 1.00162 0.488537 1.00325 0.458546 0.988869 0.45607 0.987235 0.486061
0 0.0228534 0.592466 0.0247845 0.574309 0.0121414 0.570059 0.0102102 0.588216
0 0.00980746 0.967238 0.0106953 0.945736 -0.000465663 0.94428 -0.0013535 0.965782
0 0.0883213 0.670259 0.0953671 0.650526 0.0879139 0.642115 0.0808682 0.661849
0 0.621823 0.755816 0.623939 0.737411 0.611805 0.733003 0.609689 0.751408
0 0.183176 0.612099 0.185396 0.592342 0.175548 0.588843 0.173328 0.6086
0 0.0970758 0.655024 0.099692 0.63718 0.0908887 0.633101 0.0882725 0.650945
0 0.273947 0.924743 0.277258 0.896234 0.254188 0.887765 0.250876 0.916275
0 0.45538 1.00516 0.457789 0.971928 0.437599 0.967301 0.435189 1.00053
0 0.145447 0.615359 0.150579 0.599462 0.141617 0.590319 0.136485 0.606216
0 0.664902 0.80236 0.666327 0.780538 0.653692 0.77793 0.652268 0.799752
0 0.296109 0.831177 0.297546 0.811729 0.285805 0.808988 0.284368 0.828436
