0 0.504271 0.956412 0.508372 0.851173 0.443965 0.843241 0.439864 0.948479
0 0.986687 1.07792 1.02342 0.867972 0.813335 0.751799 0.776602 0.961743
0 0.598135 0.968082 0.582414 0.870264 0.536839 0.893413 0.55256 0.991231
0 0.506205 0.875042 0.51209 0.834976 0.477809 0.819062 0.471924 0.859128
0 0.54121 0.577289 0.537997 0.525054 0.509873 0.530522 0.513086 0.582757
0 0.201842 0.750947 0.202676 0.718063 0.181408 0.716358 0.180574 0.749243
0 0.57495 0.85405 0.578593 0.814937 0.556304 0.808377 0.552661 0.847491
0 0.416086 0.917611 0.430839 0.859944 0.410225 0.843276 0.395471 0.900943
0 0.0712655 0.867921 0.0697931 0.831471 0.0472601 0.834347 0.0487325 0.870798
0 0.609231 0.817845 0.610807 0.785923 0.593802 0.783269 0.592226 0.815191
0 0.45057 0.941411 0.454386 0.895753 0.432013 0.889843 0.428197 0.935501
0 0.966244 0.788096 0.961142 0.726582 0.932636 0.734054 0.937737 0.795568
0 0.526881 0.681513 0.525277 0.656433 0.503509 0.660832 0.505113 0.685913
0 0.208903 0.966154 0.224214 0.832587 0.155315 0.807625 0.140004 0.941192
0 0.980846 0.602329 0.985973 0.553817 0.938074 0.537818 0.932947 0.58633
0 0.509623 0.833489 0.516325 0.800328 0.50099 0.790532 0.494288 0.823693
0 0.168056 1.01913 0.215816 0.995376 0.207735 0.944037 0.159976 0.967795
0 0.661437 0.571962 0.663213 0.529504 0.639188 0.526328 0.637412 0.568786
0 0.598879 0.707598 0.600028 0.682958 0.585158 0.680767 0.584009 0.705408
0 0.116805 0.930464 0.127617 0.888867 0.108339 0.873032 0.0975277 0.914629
0 0.261284 0.970818 0.265274 0.941055 0.249017 0.934167 0.245027 0.963929
0 0.611015 0.8397 0.611005 0.814491 0.594324 0.814512 0.594335 0.839722
0 0.386467 0.998842 0.396054 0.972775 0.384877 0.959784 0.37529 0.98585
0 0.0997576 0.721767 0.11013 0.678568 0.0755272 0.65231 0.0651549 0.695508
0 0.0875667 0.847133 0.0888333 0.802533 0.0658094 0.800467 0.0645427 0.845066
0 0.443139 0.911669 0.447993 0.876905 0.425804 0.867112 0.42095 0.901876
0 0.047339 0.854135 0.0484433 0.806478 0.0248809 0.804753 0.0237766 0.85241
0 0.451358 0.872994 0.452683 0.808677 0.42224 0.806695 0.420915 0.871012
0 0.786931 1.04868 0.840192 0.962729 0.757588 0.800957 0.704327 0.886909
0 0.230775 0.994274 0.245106 0.96869 0.234072 0.949157 0.219742 0.97474
0 0.992466 0.676337 1.00409 0.646875 0.980258 0.617148 0.968632 0.646609
0 0.5115 0.798122 0.520371 0.76245 0.508748 0.753314 0.499877 0.788986
0 0.0412683 0.905614 0.042961 0.880503 0.0202651 0.875668 0.0185724 0.900779
0 0.523101 0.897422 0.525387 0.859722 0.506724 0.856146 0.504438 0.893846
0 0.193825 0.722987 0.195646 0.699389 0.180025 0.695578 0.178203 0.719176
0 0.166196 0.79742 0.170888 0.773923 0.153017 0.762643 0.148324 0.78614
0 0.330052 0.936679 0.332116 0.908743 0.313594 0.904418 0.31153 0.932354
0 0.359753 0.930576 0.364017 0.909545 0.353059 0.902525 0.348796 0.923555
0 0.181355 0.787005 0.18235 0.757656 0.166961 0.756007 0.165966 0.785356
0 0.266196 0.99813 0.267366 0.967956 0.249249 0.965736 0.248079 0.995911
0 0.248851 0.935544 0.255272 0.910283 0.23956 0.89766 0.233139 0.92292
0 0.978859 0.733568 0.98335 0.69508 0.963781 0.687863 0.95929 0.726351
0 0.0301151 0.843205 0.028257 0.794015 0.00264603 0.797072 0.0045042 0.846263
0 0.68057 0.606131 0.675857 0.571899 0.650173 0.583076 0.654887 0.617307
0 0.546641 0.986275 0.551828 0.945496 0.536728 0.939426 0.531542 0.980205
0 0.125751 0.932702 0.14043 0.911306 0.131511 0.891968 0.116832 0.913364
0 0.280885 0.996796 0.28166 0.973266 0.265208 0.971554 0.264434 0.995084
0 0.177164 0.633999 0.179397 0.609937 0.16449 0.605564 0.162257 0.629626
0 0.537555 0.658733 0.539959 0.63535 0.524689 0.630388 0.522285 0.653771
0 0.617382 0.806017 0.618075 0.783714 0.605671 0.782494 0.604977 0.804797
0 0.169597 0.729125 0.179474 0.711122 0.170724 0.695952 0.160848 0.713955
0 0.346648 0.92026 0.353626 0.890861 0.341967 0.882115 0.334989 0.911514
0 0.283145 0.977469 0.285483 0.953042 0.266283 0.947236 0.263946 0.971662
0 0.314043 0.959018 0.316393 0.930467 0.298064 0.925701 0.295715 0.954252
0 0.589766 0.882246 0.595038 0.844835 0.576301 0.836489 0.571029 0.873901
0 0.292764 0.95909 0.293196 0.936466 0.276329 0.935446 0.275896 0.958071
0 0.296611 0.794521 0.30241 0.772785 0.292359 0.76431 0.28656 0.786045
0 0.300212 0.97095 0.303262 0.950044 0.292431 0.945051 0.289382 0.965957
0 0.471112 0.533231 0.473189 0.500697 0.455288 0.497085 0.45321 0.529619
0 0.64836 0.816907 0.653342 0.799544 0.63604 0.783855 0.631058 0.801218
0 0.515157 0.745494 0.516527 0.726628 0.504932 0.723966 0.503562 0.742832
0 0.251192 0.976747 0.256943 0.952936 0.244203 0.94321 0.238452 0.967022
0 0.495753 0.983338 0.510988 0.935369 0.490133 0.914435 0.474898 0.962404
0 0.115617 0.863169 0.115296 0.819135 0.0875807 0.819774 0.0879019 0.863808
0 0.59326 1.00868 0.596434 0.980302 0.574752 0.972637 0.571578 1.00102
0 0.169283 0.714561 0.178707 0.695105 0.168258 0.679108 0.158834 0.698563
0 0.57358 0.888127 0.577742 0.864653 0.56192 0.855786 0.557757 0.87926
0 0.425727 0.953386 0.434643 0.923946 0.422694 0.91251 0.413779 0.94195
0 0.31713 0.993405 0.325654 0.972259 0.316742 0.960905 0.308218 0.98205
0 0.312354 0.974352 0.327073 0.953571 0.320202 0.938189 0.305483 0.95897
0 0.535987 0.892279 0.536596 0.861896 0.520716 0.860889 0.520106 0.891271
0 0.139651 0.825751 0.159797 0.802225 0.150018 0.775758 0.129872 0.799284
0 0.624853 0.826833 0.626447 0.806518 0.613266 0.803249 0.611671 0.823564
0 0.639159 0.591871 0.648546 0.567896 0.629748 0.544633 0.620361 0.568607
0 0.612308 0.865296 0.612774 0.837064 0.59392 0.836079 0.593454 0.86431
0 0.59182 0.846524 0.595019 0.823441 0.58248 0.817949 0.579282 0.841033
0 0.532174 0.704447 0.534229 0.684495 0.522731 0.680752 0.520676 0.700705
0 0.459943 0.80505 0.478686 0.779709 0.467583 0.753754 0.44884 0.779095
0 0.187412 0.606506 0.186121 0.550684 0.150329 0.5533 0.15162 0.609122
0 0.938483 0.557651 0.990525 0.533515 0.982719 0.48032 0.930677 0.504456
0 0.212295 0.72087 0.229154 0.687323 0.216009 0.666445 0.19915 0.699992
0 0.346583 0.876891 0.347997 0.86031 0.338346 0.85771 0.336933 0.874291
0 0.970481 0.697896 0.971519 0.669146 0.944173 0.666026 0.943135 0.694775
0 0.222182 0.971409 0.229375 0.947123 0.219355 0.937744 0.212162 0.96203
0 0.232532 0.947483 0.242421 0.924999 0.233342 0.912379 0.223453 0.934863
0 0.543452 0.932769 0.549923 0.890109 0.533499 0.882235 0.527027 0.924895
0 0.525725 0.856309 0.533969 0.822467 0.517117 0.809492 0.508873 0.843333
0 0.48452 1.00719 0.478792 0.930316 0.410304 0.946444 0.416032 1.02332
0 0.308956 0.926732 0.311378 0.907444 0.3023 0.903842 0.299878 0.923129
0 0.496518 0.814181 0.497982 0.790137 0.483621 0.787373 0.482157 0.811417
0 0.259686 0.927086 0.268349 0.905067 0.260272 0.895025 0.25161 0.917044
0 0.402526 0.926276 0.404481 0.887345 0.379954 0.883451 0.377998 0.922382
0 0.186127 0.763742 0.186913 0.743211 0.172715 0.741493 0.171929 0.762024
0 0.0911574 0.884855 0.0909882 0.845783 0.0687604 0.846088 0.0689296 0.885159
0 0.403696 1.00356 0.40253 0.983774 0.384448 0.98714 0.385614 1.00693
0 0.417606 0.933349 0.434475 0.904509 0.42167 0.88084 0.404802 0.90968
0 0.009215 0.856073 0.0108633 0.830156 -0.00343198 0.827283 -0.00508025 0.8532
0 0.306426 0.987263 0.314434 0.962328 0.304876 0.952626 0.296868 0.977561
0 0.987361 0.562285 0.990657 0.534499 0.966497 0.525443 0.963202 0.55323
0 0.0210478 0.805767 0.0217055 0.766209 -0.0024373 0.76494 -0.00309494 0.804498
0 0.534748 0.797137 0.540126 0.782255 0.529948 0.770632 0.524571 0.785514
0 0.606254 0.638107 0.60763 0.605875 0.592832 0.603877 0.591455 0.636109
0 0.50067 0.794429 0.502068 0.774832 0.489003 0.771888 0.487606 0.791485
0 0.355065 1.01406 0.371791 0.980606 0.35966 0.961436 0.342933 0.99489
0 0.228302 0.932661 0.237044 0.904465 0.228477 0.89607 0.219735 0.924266
0 0.0741348 0.716651 0.0750264 0.692482 0.0595499 0.690678 0.0586584 0.714847
0 0.527088 0.767585 0.529855 0.747325 0.516315 0.74148 0.513548 0.76174
0 0.0718647 0.898197 0.0729669 0.875414 0.0543243 0.872563 0.0532221 0.895346
0 0.19822 0.617866 0.200129 0.597599 0.189482 0.59443 0.187573 0.614696
0 0.195895 0.700277 0.197655 0.679285 0.183487 0.67553 0.181727 0.696522
0 0.0832362 0.906704 0.0936703 0.886567 0.0856989 0.873513 0.0752648 0.893649
0 0.53729 0.806719 0.543858 0.797912 0.534795 0.776553 0.528227 0.785361
0 0.364845 0.904844 0.378811 0.880535 0.370086 0.864693 0.35612 0.889002
0 0.91861 0.717535 0.922822 0.69724 0.903741 0.684724 0.899529 0.70502
0 0.540441 0.8354 0.546083 0.814166 0.532933 0.803122 0.527291 0.824356
0 0.288761 0.924405 0.291174 0.905523 0.280321 0.901139 0.277908 0.920021
0 0.899322 0.7752 0.909635 0.757611 0.892848 0.7265 0.882534 0.744089
0 0.597174 0.60559 0.600441 0.581998 0.589431 0.57718 0.586164 0.600772
0 0.558179 0.887851 0.565024 0.862154 0.554924 0.853651 0.548079 0.879348
0 0.44163 0.768004 0.43891 0.728678 0.414489 0.734016 0.417209 0.773341
0 0.171789 0.755108 0.174942 0.733593 0.163743 0.728406 0.16059 0.749921
0 0.07536 0.922215 0.0804188 0.894846 0.0628854 0.884604 0.0578265 0.911972
0 0.899812 0.721357 0.903798 0.696199 0.888344 0.688461 0.884358 0.713619
0 0.213404 0.747979 0.217274 0.719199 0.202661 0.712989 0.198791 0.741769
0 0.600947 1.01931 0.636548 0.982581 0.606506 0.890549 0.570904 0.927279
0 0.0533487 0.903435 0.0553954 0.881132 0.0425674 0.877412 0.0405207 0.899715
0 0.522613 0.725979 0.52596 0.70221 0.51549 0.697551 0.512143 0.721319
0 0.286407 0.939586 0.287727 0.923846 0.276517 0.920875 0.275197 0.936615
0 0.383868 0.710306 0.38436 0.666007 0.359136 0.665121 0.358644 0.709421
0 0.0512433 0.888882 0.0542697 0.863474 0.0386946 0.85761 0.0356682 0.883018
0 0.418104 0.868273 0.420386 0.826298 0.397034 0.822286 0.394752 0.86426
0 0.793183 0.390751 0.795722 0.335154 0.763797 0.330547 0.761258 0.386143
0 0.573112 1.0066 0.575558 0.977126 0.552718 0.971136 0.550273 1.00061
0 0.218921 0.993631 0.225014 0.968897 0.213268 0.959752 0.207175 0.984486
0 0.174568 0.987724 0.174722 0.924698 0.138952 0.924423 0.138798 0.987448
0 0.40909 0.952765 0.409759 0.923001 0.393268 0.921829 0.392599 0.951593
0 0.590734 0.802974 0.594722 0.782962 0.58377 0.776065 0.579783 0.796077
0 0.108434 0.330359 0.11934 0.294256 0.0969589 0.272888 0.086053 0.308991
0 0.408518 0.835814 0.428725 0.814555 0.420139 0.788761 0.399932 0.81002
0 0.885429 0.777449 0.894332 0.745062 0.873403 0.726878 0.8645 0.759265
0 0.257013 0.907194 0.260575 0.887794 0.250682 0.882053 0.24712 0.901453
0 0.404017 0.417552 0.407313 0.386616 0.388617 0.380321 0.385321 0.411257
0 0.513863 0.993693 0.520073 0.962903 0.507319 0.954775 0.50111 0.985565
0 0.73545 0.993019 0.730664 0.909601 0.69406 0.916239 0.698846 0.999657
0 0.066562 0.750796 0.084061 0.7199 0.0719613 0.698241 0.0544623 0.729137
0 0.539682 0.76002 0.542605 0.74123 0.532239 0.736135 0.529317 0.754925
0 0.0930878 0.922094 0.106755 0.896131 0.0956858 0.877714 0.0820182 0.903677
0 0.0394692 0.794312 0.0417306 0.772599 0.0304663 0.768891 0.028205 0.790605
0 0.199055 0.768105 0.199587 0.749622 0.187322 0.748507 0.18679 0.766991
0 0.219965 0.933511 0.2266 0.906609 0.21638 0.898643 0.209745 0.925545
0 0.926885 0.758795 0.934928 0.739123 0.918404 0.717768 0.91036 0.737439
0 0.2698 0.708641 0.269182 0.682131 0.25581 0.683117 0.256428 0.709627
0 0.640036 0.870148 0.643676 0.843735 0.62747 0.836678 0.623831 0.863091
0 0.324564 0.907498 0.328289 0.885117 0.31698 0.879167 0.313254 0.901548
0 0.262302 0.888936 0.2664 0.87321 0.257684 0.866033 0.253587 0.881759
0 0.265436 0.923335 0.273577 0.90259 0.26585 0.893007 0.257709 0.913751
0 0.159211 0.608987 0.160976 0.586403 0.144183 0.582255 0.142418 0.604839
0 0.0624191 0.946565 0.082615 0.927317 0.0758915 0.90502 0.0556956 0.924268
0 0.510046 0.758841 0.511613 0.739435 0.501009 0.73673 0.499443 0.756137
0 0.235886 0.964477 0.240436 0.947857 0.23188 0.940454 0.22733 0.957074
0 0.448407 0.74308 0.456418 0.711563 0.441505 0.699583 0.433494 0.7311
0 0.982017 0.8976 1.02574 0.878486 1.00765 0.747719 0.963929 0.766833
0 0.239246 0.76865 0.241057 0.749845 0.223273 0.744431 0.221462 0.763236
0 0.558891 0.994953 0.562635 0.962336 0.549245 0.957479 0.545501 0.990096
0 0.673544 0.798297 0.674134 0.761583 0.650596 0.760388 0.650006 0.797102
0 0.447787 0.812829 0.456064 0.773616 0.439229 0.762385 0.430952 0.801598
0 0.307076 0.829154 0.30797 0.812664 0.298116 0.810976 0.297222 0.827465
0 0.531923 0.131097 0.530855 0.0862386 0.493362 0.0890587 0.494429 0.133917
0 0.372686 0.966981 0.375945 0.948702 0.367113 0.943726 0.363855 0.962006
0 0.293322 0.806074 0.294144 0.785365 0.281654 0.783797 0.280832 0.804507
0 0.18738 0.638257 0.190716 0.618876 0.180872 0.613522 0.177537 0.632903
0 0.641799 0.828963 0.643965 0.807836 0.628953 0.802971 0.626786 0.824098
0 0.583801 0.739244 0.587029 0.717808 0.576743 0.712913 0.573515 0.734349
0 0.168877 0.812205 0.175078 0.795379 0.16437 0.782907 0.158169 0.799733
0 0.0176805 0.920129 0.0190527 0.885246 -0.00173632 0.882661 -0.00310855 0.917544
0 0.0588629 0.130046 0.0632719 -0.0171514 -0.0175763 -0.024805 -0.0219853 0.122392
0 0.904338 0.751751 0.915597 0.735783 0.903367 0.70853 0.892108 0.724498
0 0.100413 0.825619 0.101537 0.800476 0.0857992 0.798252 0.084675 0.823394
0 0.0802187 0.957655 0.0909555 0.936251 0.0820275 0.922097 0.0712906 0.943501
0 0.539589 0.763337 0.540914 0.744382 0.530069 0.741987 0.528744 0.760942
0 0.15702 0.749238 0.165371 0.72836 0.156519 0.71717 0.148169 0.738048
0 0.335389 0.892774 0.337154 0.874774 0.326623 0.871509 0.324857 0.889508
0 0.128401 0.843305 0.155222 0.810118 0.141397 0.774805 0.114576 0.807992
0 0.265854 0.941839 0.271097 0.922312 0.261386 0.914071 0.256143 0.933598
0 0.372472 0.859941 0.375533 0.841467 0.366554 0.836764 0.363493 0.855238
0 0.330437 0.976081 0.336659 0.957155 0.328722 0.948909 0.3225 0.967835
0 0.236716 1.00677 0.239726 0.986742 0.228326 0.981325 0.225315 1.00135
0 0.350891 0.940135 0.354002 0.92077 0.343316 0.915344 0.340205 0.934709
0 0.162954 0.765478 0.163875 0.74588 0.150025 0.743823 0.149104 0.76342
0 0.519767 0.658423 0.522761 0.633343 0.509288 0.628261 0.506295 0.65334
0 0.48901 0.782339 0.490676 0.759573 0.478573 0.756774 0.476908 0.77954
0 0.242802 0.952 0.249129 0.930011 0.240055 0.921761 0.233729 0.94375
0 0.0387569 0.672201 0.0398713 0.65547 0.0281737 0.653007 0.0270592 0.669738
0 1.00212 0.549985 1.00322 0.524481 0.989766 0.522646 0.988665 0.548149
0 0.156122 0.833194 0.169771 0.81442 0.162973 0.798802 0.149325 0.817576
0 0.343579 0.860335 0.347186 0.842496 0.339998 0.837902 0.33639 0.855741
0 0.284618 1.00532 0.285194 0.988455 0.273689 0.987215 0.273113 1.00408
0 1.00172 0.714654 1.00361 0.677911 0.986963 0.675207 0.985074 0.711949
0 0.891647 0.742443 0.894429 0.720373 0.877214 0.713515 0.874432 0.735586
0 0.108468 0.678833 0.110105 0.658004 0.0972274 0.654804 0.09559 0.675633
0 0.417151 1.01657 0.44082 0.973849 0.421157 0.93942 0.397488 0.982144
0 0.294593 1.00225 0.300857 0.975728 0.290802 0.968223 0.284538 0.994747
0 0.391598 0.893377 0.402443 0.861514 0.388359 0.846364 0.377514 0.878227
0 0.26935 0.898311 0.272621 0.883099 0.264859 0.877824 0.261588 0.893036
0 0.447944 0.3938 0.453519 0.36859 0.441675 0.360312 0.4361 0.385522
0 0.929494 0.784955 0.940264 0.753442 0.919187 0.730675 0.908416 0.762188
0 0.27262 0.954927 0.275872 0.93347 0.263872 0.927723 0.26062 0.94918
0 0.0446818 0.769426 0.0459298 0.748969 0.03493 0.746849 0.033682 0.767305
0 0.336914 0.946928 0.340232 0.927952 0.330435 0.922536 0.327116 0.941512
0 0.476587 0.684367 0.479308 0.658589 0.4642 0.65355 0.46148 0.679328
0 0.591967 0.629821 0.596491 0.605522 0.584706 0.598587 0.580182 0.622886
0 0.533065 0.721068 0.534562 0.702656 0.525535 0.700336 0.524037 0.718747
0 0.677906 0.777845 0.689521 0.752107 0.663904 0.715568 0.652289 0.741306
0 0.357865 0.903663 0.365805 0.886152 0.358205 0.875261 0.350265 0.892773
0 0.498813 0.664558 0.505972 0.63665 0.495338 0.628028 0.488179 0.655936
0 0.208726 0.969336 0.215462 0.952636 0.204446 0.938592 0.19771 0.955292
0 1.00142 0.57667 1.00324 0.550183 0.987759 0.546813 0.985935 0.573299
0 0.29291 0.839645 0.294649 0.823838 0.285663 0.820714 0.283924 0.836521
0 0.281108 0.903822 0.284562 0.884835 0.275888 0.879849 0.272435 0.898837
0 0.737393 0.630149 0.738398 0.59232 0.717882 0.590598 0.716878 0.628428
0 0.330375 0.995997 0.33614 0.9751 0.327473 0.967542 0.321707 0.988438
0 0.117743 0.809302 0.128185 0.786423 0.120582 0.775456 0.110139 0.798335
0 0.042155 0.879037 0.0414572 0.848762 0.0207764 0.850269 0.0214742 0.880544
0 0.542783 0.815409 0.548944 0.803805 0.536989 0.783742 0.530828 0.795346
0 0.938491 0.741578 0.94142 0.721167 0.928703 0.715399 0.925774 0.73581
0 0.409408 0.414237 0.412833 0.369133 0.389201 0.363462 0.385776 0.408565
0 0.601171 0.974683 0.634261 0.943018 0.604559 0.844922 0.571469 0.876587
0 0.574221 0.815531 0.576165 0.79893 0.565492 0.794979 0.563547 0.81158
0 0.0179395 0.991361 0.0356904 0.967048 0.027698 0.948606 0.00994715 0.972918
0 0.55902 0.688948 0.561067 0.65947 0.54697 0.656375 0.544922 0.685854
0 0.0800112 0.808628 0.0803721 0.766906 0.0442974 0.76592 0.0439364 0.807642
0 0.357864 0.874376 0.360985 0.858551 0.352493 0.853257 0.349371 0.869082
0 0.909053 0.618374 0.911741 0.58875 0.894512 0.58381 0.891824 0.613434
0 0.032468 0.693011 0.0342428 0.671466 0.0215909 0.668172 0.019816 0.689717
0 1.00076 0.628594 1.00332 0.605518 0.98413 0.598767 0.981562 0.621843
0 0.197604 0.65599 0.199562 0.639961 0.190759 0.636562 0.188801 0.652591
0 0.0226034 0.630294 0.0345645 0.446405 -0.00936897 0.437373 -0.02133 0.621262
