0 0.993477 0.971359 1.00822 0.851215 0.804826 0.772348 0.790086 0.892492
0 0.652164 0.786539 0.659479 0.730487 0.611998 0.710903 0.604683 0.766954
0 0.434064 0.771558 0.436802 0.743943 0.42098 0.738986 0.418242 0.7666
0 0.605227 0.614837 0.613692 0.58778 0.595558 0.569851 0.587093 0.596908
0 0.0189129 0.965807 0.0346148 0.936535 0.0221953 0.915479 0.00649337 0.944751
0 0.389374 0.920468 0.389435 0.876003 0.365589 0.875899 0.365528 0.920364
0 0.740036 0.757925 0.745715 0.729186 0.725884 0.716799 0.720205 0.745538
0 0.505741 0.781526 0.514888 0.756293 0.49698 0.735774 0.487832 0.761008
0 0.0902176 0.739135 0.0892841 0.717609 0.0727211 0.71988 0.0736546 0.741405
0 0.4877 0.817663 0.489272 0.781157 0.465993 0.77799 0.464421 0.814495
0 0.506823 0.876217 0.508032 0.846306 0.490217 0.844031 0.489008 0.873942
0 0.0742809 0.716424 0.0748951 0.696628 0.0629669 0.695458 0.0623527 0.715254
0 0.742019 0.794014 0.753987 0.76503 0.73562 0.741062 0.723653 0.770045
0 0.546736 0.724278 0.546827 0.701442 0.531353 0.701249 0.531263 0.724085
0 0.0893252 0.998757 0.118447 0.961888 0.106667 0.932481 0.0775454 0.96935
0 0.0184039 0.930946 0.0314222 0.910755 0.0247308 0.89712 0.0117124 0.91731
0 0.565611 0.880322 0.574031 0.858415 0.563832 0.846025 0.555411 0.867932
0 0.982735 0.594581 0.984087 0.566123 0.966892 0.563543 0.965541 0.592
0 0.47476 0.836063 0.478075 0.815608 0.465955 0.809401 0.46264 0.829856
0 0.463044 0.707825 0.465926 0.687248 0.45106 0.680668 0.448178 0.701246
0 0.412764 0.751348 0.411725 0.720016 0.389585 0.722337 0.390625 0.753669
0 0.932659 0.644217 0.935942 0.61356 0.919983 0.608158 0.9167 0.638815
0 0.0824715 0.830826 0.0817261 0.80866 0.0643428 0.810508 0.0650883 0.832674
0 0.12724 0.711589 0.139648 0.670816 0.12249 0.654313 0.110082 0.695085
0 0.76222 0.766596 0.760287 0.728228 0.742484 0.731063 0.744417 0.769431
0 0.488093 0.838073 0.491779 0.81889 0.478443 0.810793 0.474757 0.829976
0 0.421954 0.661099 0.426173 0.63912 0.415479 0.632634 0.411261 0.654612
0 0.0660042 0.929392 0.0712078 0.878437 0.0530298 0.87257 0.0478262 0.923524
0 0.0413473 0.908525 0.0518762 0.886801 0.0430987 0.873356 0.0325697 0.89508
0 0.417296 0.792731 0.425883 0.766835 0.409034 0.749176 0.400447 0.775072
0 0.721263 0.737991 0.723686 0.716151 0.714052 0.712774 0.71163 0.734614
0 0.438476 0.727968 0.440971 0.707787 0.429562 0.70333 0.427067 0.72351
0 0.385562 0.833184 0.387245 0.799335 0.366376 0.796054 0.364692 0.829904
0 0.0691013 0.886887 0.0703646 0.856929 0.0519228 0.854471 0.0506596 0.88443
0 0.680234 0.704938 0.685822 0.680306 0.676989 0.673972 0.6714 0.698604
0 0.0374412 0.670309 0.0393928 0.624368 0.0154448 0.621153 0.0134932 0.667093
0 0.696422 0.758879 0.696932 0.735676 0.685273 0.734866 0.684763 0.758069
0 0.544608 0.863882 0.548623 0.829487 0.532847 0.823666 0.528832 0.858061
0 0.402972 0.710655 0.410753 0.683787 0.401575 0.675385 0.393793 0.702254
0 0.525504 0.743399 0.526892 0.723341 0.513835 0.720486 0.512447 0.740544
0 0.996379 0.589926 1.00132 0.571855 0.98755 0.559963 0.982611 0.578035
0 0.370506 0.851347 0.375839 0.828001 0.360159 0.81668 0.354826 0.840026
0 0.723058 0.785356 0.725348 0.762304 0.712032 0.758124 0.709743 0.781176
0 0.551538 0.738356 0.553862 0.717924 0.542136 0.71371 0.539813 0.734142
0 0.567072 0.775083 0.576114 0.754096 0.566889 0.741535 0.557847 0.762522
0 0.971689 0.534342 0.972942 0.512157 0.960097 0.509863 0.958844 0.532048
0 0.386345 0.785239 0.391517 0.763082 0.380022 0.754601 0.37485 0.776759
0 0.0125094 0.944221 0.013755 0.919002 -0.000314007 0.916806 -0.00155958 0.942025
0 0.0832671 0.81167 0.0853739 0.783474 0.0683718 0.779458 0.066265 0.807655
0 0.673221 0.748903 0.678245 0.728751 0.669075 0.721525 0.664051 0.741677
0 0.710653 0.796643 0.71312 0.769221 0.696627 0.764532 0.69416 0.791954
0 0.991796 0.569504 1.00174 0.548402 0.985411 0.524086 0.975468 0.545188
0 0.518469 0.849025 0.52758 0.820942 0.513692 0.806701 0.504581 0.834785
0 0.695917 0.694554 0.700397 0.676776 0.691329 0.669554 0.686849 0.687332
0 0.389974 0.591736 0.410178 0.541084 0.388268 0.513463 0.368064 0.564115
0 0.786856 0.539413 0.788901 0.516246 0.775683 0.512558 0.773638 0.535726
0 0.691382 0.716892 0.695954 0.695206 0.686024 0.68859 0.681452 0.710276
0 0.0766982 0.859639 0.0816297 0.833853 0.0697024 0.826644 0.0647709 0.85243
0 0.969759 0.610057 0.971959 0.584749 0.954652 0.579995 0.952452 0.605303
0 0.978405 0.571146 0.983886 0.546939 0.966772 0.534692 0.961291 0.558899
0 0.556358 0.789583 0.5563 0.753024 0.538779 0.753111 0.538836 0.78967
0 0.108171 0.898988 0.126395 0.874861 0.119698 0.858873 0.101474 0.883
0 0.062689 1.00766 0.0696076 0.972041 0.0520877 0.961286 0.045169 0.996905
0 0.684022 0.744465 0.687296 0.727605 0.67902 0.722526 0.675746 0.739386
0 0.723691 0.766951 0.728505 0.747923 0.711677 0.734467 0.706863 0.753495
0 0.0436545 0.939995 0.048204 0.911629 0.0314498 0.903136 0.0269003 0.931503
0 0.517309 0.806963 0.527228 0.791556 0.515694 0.768089 0.505775 0.783496
0 0.682809 0.764269 0.687837 0.748359 0.677797 0.738331 0.672769 0.754241
0 0.45735 0.940654 0.471612 0.915872 0.463904 0.901853 0.449642 0.926635
0 0.0480491 0.775703 0.0557205 0.752044 0.0467245 0.742825 0.039053 0.766484
0 0.581101 0.811144 0.584463 0.781095 0.56822 0.775351 0.564857 0.8054
0 0.572117 0.621329 0.5724 0.597341 0.559103 0.596845 0.55882 0.620834
0 0.0251482 0.605759 0.0266344 0.584778 0.0111369 0.581309 0.00965071 0.60229
0 0.108527 0.836537 0.110353 0.802905 0.0922767 0.799804 0.0904508 0.833435
0 0.710757 0.701126 0.714823 0.680986 0.704505 0.674402 0.700439 0.694541
0 0.484515 0.899336 0.489456 0.878012 0.473315 0.866193 0.468374 0.887517
0 0.708587 0.767275 0.713973 0.747878 0.699465 0.735147 0.694079 0.754545
0 0.607154 0.749158 0.608768 0.727129 0.598618 0.724779 0.597004 0.746808
0 0.115262 0.326538 0.114445 0.279482 0.0917361 0.280728 0.092553 0.327784
0 0.793491 0.700118 0.804233 0.671894 0.79494 0.660715 0.784197 0.688938
0 0.555717 0.823613 0.55791 0.791353 0.542271 0.787994 0.540079 0.820254
0 0.0931404 0.808757 0.0986811 0.785494 0.0896861 0.778723 0.0841454 0.801986
0 0.11775 0.809364 0.120939 0.783679 0.107128 0.77826 0.103939 0.803945
0 0.420547 0.751697 0.419124 0.73112 0.40592 0.734006 0.407343 0.754582
0 0.365529 1.00511 0.3684 0.975154 0.348974 0.96927 0.346103 0.999229
0 0.508855 0.859178 0.515592 0.841883 0.500964 0.823873 0.494227 0.841167
0 0.457015 0.722672 0.460272 0.708773 0.448232 0.699856 0.444975 0.713755
0 0.415915 0.717565 0.422269 0.702718 0.410714 0.687086 0.404359 0.701932
0 0.0644324 0.756589 0.0706397 0.737511 0.0616139 0.72823 0.0554066 0.747308
0 0.44127 0.610108 0.44251 0.588549 0.430296 0.586329 0.429056 0.607888
0 0.00753866 0.926814 0.0148868 0.905904 0.0042971 0.894142 -0.00305099 0.915052
0 0.474237 0.763851 0.475417 0.74438 0.464408 0.742272 0.463228 0.761742
0 0.452811 0.792589 0.454627 0.770128 0.442689 0.767079 0.440873 0.789539
0 0.591415 0.713533 0.595691 0.694713 0.585931 0.687704 0.581655 0.706524
0 0.403053 0.77392 0.406241 0.751243 0.392145 0.74498 0.388957 0.767657
0 0.763502 0.569186 0.769604 0.541093 0.755845 0.531649 0.749744 0.559741
0 0.789114 0.677657 0.798751 0.656004 0.786525 0.638809 0.776889 0.660462
0 0.0459758 0.924698 0.0551109 0.898175 0.044922 0.887084 0.0357869 0.913607
0 0.0940735 0.791146 0.0968882 0.771762 0.0875631 0.767483 0.0847485 0.786867
0 0.0715161 0.946689 0.081333 0.925552 0.0706338 0.909847 0.0608169 0.930984
0 0.534148 0.881741 0.539809 0.864249 0.528094 0.852267 0.522433 0.869759
0 0.717737 0.714629 0.721901 0.697717 0.712709 0.690565 0.708546 0.707477
0 0.0606041 0.80543 0.0707185 0.782352 0.0615054 0.769591 0.0513911 0.792669
0 0.496313 0.831365 0.499241 0.814877 0.489396 0.809353 0.486468 0.825841
0 0.427544 0.697634 0.429723 0.679394 0.41723 0.674676 0.415051 0.692917
0 0.439581 0.697082 0.441144 0.678802 0.429276 0.675595 0.427713 0.693876
0 0.570639 0.731118 0.578624 0.719077 0.567665 0.69611 0.55968 0.708151
0 0.958201 0.547105 0.960804 0.520375 0.942922 0.514869 0.940318 0.541599
0 0.0503582 1.00852 0.0526688 0.984688 0.0376161 0.980075 0.0353055 1.0039
0 0.174048 0.285991 0.186924 0.21804 0.137509 0.188447 0.124633 0.256398
0 0.538521 0.826677 0.543387 0.788328 0.527185 0.781831 0.522318 0.820179
0 0.695569 0.750677 0.696539 0.730054 0.687694 0.728738 0.686723 0.749361
0 0.434926 0.743855 0.436405 0.728461 0.423944 0.724676 0.422465 0.74007
0 0.060999 0.835202 0.0655786 0.81524 0.0560088 0.808301 0.0514291 0.828263
0 0.358086 0.701648 0.364684 0.671212 0.343857 0.656943 0.337259 0.687378
0 0.633649 0.816735 0.638054 0.772004 0.604981 0.761708 0.600575 0.806439
0 0.064942 0.799737 0.0757303 0.773067 0.0653912 0.759849 0.0546029 0.786519
0 0.665067 0.72116 0.667664 0.703141 0.656633 0.698117 0.654037 0.716137
0 0.0215948 0.928628 0.0363963 0.905155 0.0291723 0.890758 0.0143707 0.914231
0 0.069061 0.750436 0.0717674 0.730085 0.0614826 0.725762 0.0587762 0.746113
0 0.185674 0.0381161 0.196263 0.00746836 0.174988 -0.0157627 0.164399 0.0148851
0 0.483418 0.871017 0.491611 0.843065 0.471268 0.82422 0.463075 0.852172
0 0.12565 0.788524 0.130704 0.754836 0.114327 0.747071 0.109273 0.780759
0 0.524983 0.89235 0.523982 0.86401 0.508303 0.865759 0.509304 0.8941
0 0.0730562 0.625647 0.0703721 0.591382 0.0424214 0.598301 0.0451055 0.632567
0 0.695612 0.817946 0.696945 0.792643 0.683356 0.79038 0.682022 0.815682
0 0.833891 0.550282 0.839222 0.520115 0.828194 0.513955 0.822863 0.544122
0 0.0927796 0.845472 0.0967133 0.823647 0.0848045 0.816863 0.0808708 0.838688
