0 0.0488561 0.824775 0.0579744 0.775675 0.0277443 0.757932 0.018626 0.807032
0 0.0442521 0.935822 0.0912851 0.881292 0.0705895 0.824876 0.0235565 0.879406
0 0.216496 1.0092 0.238526 0.966198 0.221293 0.938297 0.199264 0.9813
0 0.274892 0.979434 0.282297 0.941778 0.264191 0.930524 0.256785 0.968179
0 0.572198 0.992623 0.585367 0.93365 0.557364 0.913886 0.544195 0.972859
0 0.210676 0.972494 0.246451 0.934008 0.231851 0.891115 0.196076 0.929601
0 0.254275 0.749635 0.255462 0.721911 0.239552 0.719758 0.238365 0.747482
0 0.551764 0.866264 0.559351 0.842572 0.542187 0.825199 0.5346 0.848891
0 0.0848945 0.810026 0.0921837 0.770773 0.0756802 0.761087 0.068391 0.80034
0 0.546612 0.893915 0.557262 0.863755 0.54116 0.845785 0.53051 0.875945
0 0.135452 0.820667 0.138335 0.794986 0.12237 0.789323 0.119487 0.815003
0 0.203356 0.956567 0.206001 0.914059 0.185146 0.909957 0.1825 0.952465
0 0.396397 0.957629 0.400012 0.919996 0.381951 0.914513 0.378336 0.952145
0 0.146343 0.602904 0.1643 0.564957 0.149714 0.543144 0.131758 0.58109
0 0.0465599 0.98169 0.0713408 0.960391 0.0647988 0.936334 0.0400179 0.957633
0 0.0779963 0.984998 0.0971672 0.945592 0.0832196 0.924146 0.0640487 0.963553
0 0.0763147 0.950306 0.0856612 0.904891 0.0700084 0.89471 0.0606619 0.940125
0 0.416327 0.971653 0.429656 0.907758 0.402509 0.889861 0.389181 0.953756
0 0.0749327 0.677215 0.0780439 0.644984 0.0557589 0.638186 0.0526477 0.670417
0 0.205453 0.915997 0.206701 0.887572 0.186919 0.884826 0.185671 0.913251
0 0.180098 0.868747 0.190768 0.843132 0.17983 0.828732 0.16916 0.854346
0 0.33135 1.00463 0.340018 0.978472 0.327426 0.965285 0.318759 0.991442
0 0.196871 0.834164 0.225741 0.793559 0.215975 0.771613 0.187105 0.812218
0 0.0909086 0.750908 0.0891057 0.720777 0.0588639 0.726496 0.0606668 0.756627
0 0.597175 0.783813 0.614181 0.758183 0.592701 0.71314 0.575695 0.73877
0 0.514542 0.922408 0.530477 0.891551 0.508224 0.855228 0.492288 0.886085
0 0.284161 0.944909 0.292102 0.918302 0.280593 0.907446 0.272652 0.934054
0 0.288293 0.890468 0.302106 0.868977 0.292954 0.850388 0.279142 0.871878
0 0.295402 0.732866 0.298714 0.698843 0.275053 0.691565 0.271741 0.725588
0 0.0979193 0.774933 0.099104 0.751611 0.0839755 0.749182 0.0827907 0.772504
0 0.333653 0.969045 0.344755 0.949569 0.335467 0.932837 0.324366 0.952313
0 0.0493724 0.877643 0.0404062 0.81538 -0.00738543 0.837131 0.00158081 0.899394
0 0.153814 1.00118 0.184575 0.959118 0.17172 0.92941 0.14096 0.971475
0 0.173326 0.835466 0.18124 0.793927 0.164518 0.783857 0.156604 0.825396
0 0.548996 0.916136 0.566512 0.889354 0.555536 0.866668 0.538021 0.893449
0 0.289945 0.670754 0.291758 0.645207 0.277669 0.642048 0.275856 0.667595
0 0.26203 0.865622 0.264735 0.796787 0.231477 0.792656 0.228772 0.861491
0 0.259966 0.995332 0.263694 0.945388 0.243069 0.940523 0.239342 0.990467
0 0.314899 0.74132 0.315719 0.720017 0.301892 0.718336 0.301072 0.739639
0 0.106026 0.723246 0.108094 0.693981 0.0874196 0.689364 0.0853516 0.718629
0 0.226389 0.825528 0.244285 0.801223 0.235044 0.779717 0.217148 0.804022
0 0.289503 0.918519 0.299406 0.886375 0.287766 0.875042 0.277864 0.907186
0 0.238007 0.740308 0.2409 0.719304 0.228659 0.713977 0.225767 0.734981
0 0.268986 0.640279 0.275582 0.621921 0.262852 0.607465 0.256256 0.625823
0 0.134319 0.546675 0.134828 0.525668 0.122089 0.524693 0.12158 0.545701
0 0.122633 0.575561 0.122935 0.553946 0.106922 0.553239 0.10662 0.574854
0 0.18849 0.822669 0.195761 0.793635 0.18282 0.783391 0.175548 0.812425
0 0.14219 0.977621 0.145455 0.944603 0.130507 0.939932 0.127242 0.97295
0 0.305302 0.92255 0.317996 0.882586 0.302783 0.867314 0.290089 0.907277
0 0.0878679 0.997149 0.0899187 0.975769 0.075452 0.971383 0.0734011 0.992763
0 0.0958056 0.660566 0.107636 0.613809 0.0858362 0.596376 0.0740059 0.643133
0 0.339358 0.730058 0.343617 0.708897 0.3288 0.69947 0.324541 0.720631
0 0.164466 0.867934 0.170153 0.844716 0.155782 0.833592 0.150095 0.85681
0 0.0319774 0.787095 0.0508129 0.756297 0.0378999 0.731337 0.0190644 0.762135
0 0.173049 0.78359 0.191257 0.755107 0.180494 0.733361 0.162286 0.761844
0 0.102867 0.963929 0.134054 0.929872 0.126433 0.907813 0.0952451 0.94187
0 0.364356 0.851074 0.369182 0.82923 0.355752 0.819852 0.350926 0.841695
0 0.2504 0.886981 0.253416 0.865335 0.240066 0.859456 0.23705 0.881101
0 0.160951 0.660255 0.162257 0.642566 0.150714 0.639872 0.149408 0.657561
0 0.218313 0.771012 0.219399 0.748675 0.204809 0.746433 0.203723 0.768771
0 0.30721 1.01637 0.317551 0.972846 0.291678 0.953416 0.281337 0.996941
0 0.110518 0.826589 0.120556 0.809512 0.10422 0.779163 0.0941817 0.796241
0 0.0903128 0.905419 0.128886 0.863547 0.109829 0.808062 0.0712559 0.849933
0 0.297283 0.587785 0.29927 0.568503 0.285581 0.564045 0.283594 0.583327
0 1.00152 0.527266 1.00345 0.492027 0.985301 0.488889 0.983373 0.524128
0 0.280889 0.870397 0.300884 0.85139 0.294326 0.829585 0.27433 0.848592
0 0.296906 0.695511 0.302162 0.682837 0.287919 0.664168 0.282663 0.676842
0 0.0689261 0.347649 0.0701455 0.304256 0.0476442 0.302258 0.0464248 0.34565
0 0.285797 0.99062 0.305283 0.944339 0.29176 0.926343 0.272273 0.972624
0 0.298698 0.650796 0.299886 0.631934 0.288738 0.629717 0.287551 0.648579
0 0.273647 0.941279 0.283652 0.900997 0.270117 0.890373 0.260112 0.930654
0 0.179905 0.69598 0.189379 0.668487 0.176972 0.654975 0.167498 0.682468
0 0.0439069 0.60663 0.0440386 0.568428 0.0196216 0.568162 0.0194899 0.606364
0 0.549453 0.82328 0.556047 0.806989 0.542007 0.789027 0.535413 0.805318
0 0.436182 0.694062 0.438331 0.674553 0.427922 0.670928 0.425772 0.690437
0 0.42129 0.884871 0.422308 0.861575 0.409839 0.859851 0.40882 0.883147
0 0.17613 0.888572 0.192064 0.863448 0.184283 0.84785 0.168348 0.872974
0 0.0714071 0.993565 0.0745365 0.967659 0.0563516 0.960716 0.0532221 0.986622
0 0.288561 0.80099 0.291055 0.766889 0.265562 0.760995 0.263067 0.795096
0 0.554756 0.952672 0.557087 0.914664 0.538985 0.911155 0.536654 0.949163
0 0.161394 0.791522 0.166718 0.769306 0.155667 0.760935 0.150342 0.783151
0 0.237658 0.799009 0.252752 0.77976 0.245205 0.761055 0.23011 0.780304
0 0.323618 0.985183 0.326736 0.959297 0.312635 0.953929 0.309518 0.979815
0 0.186459 0.945806 0.181027 0.899991 0.148313 0.91225 0.153746 0.958065
0 0.132745 0.607292 0.130302 0.585232 0.111954 0.591656 0.114397 0.613715
0 0.339745 0.894804 0.338621 0.848153 0.315315 0.849927 0.316438 0.896578
0 0.030441 0.842366 0.034427 0.80319 0.00926304 0.795098 0.00527702 0.834274
0 0.161317 0.61649 0.164143 0.598398 0.153093 0.592943 0.150267 0.611034
0 0.242997 0.913027 0.251959 0.887801 0.240673 0.875128 0.231711 0.900353
0 0.19381 0.655244 0.196922 0.629365 0.18541 0.62499 0.182298 0.650869
0 0.325553 0.955516 0.340414 0.93349 0.331981 0.915508 0.31712 0.937533
0 0.262648 0.897564 0.268817 0.86754 0.256184 0.859336 0.250015 0.88936
0 0.268639 1.00355 0.276603 0.977088 0.263875 0.96498 0.255911 0.991437
0 0.165831 0.712914 0.172197 0.691808 0.162002 0.682089 0.155636 0.703195
0 0.211347 0.784836 0.210992 0.767055 0.198783 0.767825 0.199138 0.785605
0 0.151318 0.612475 0.154167 0.594631 0.143315 0.589154 0.140466 0.606998
0 0.349533 0.975439 0.355478 0.950328 0.343352 0.941254 0.337407 0.966366
0 0.547545 0.649786 0.5499 0.628208 0.538075 0.624129 0.53572 0.645707
0 0.384418 0.504615 0.386372 0.486547 0.372942 0.481958 0.370988 0.500026
0 0.369119 0.998336 0.379263 0.974397 0.370672 0.962892 0.360528 0.986832
0 0.223761 0.748622 0.22629 0.729387 0.215382 0.724855 0.212854 0.744091
0 0.364492 0.958506 0.368593 0.926301 0.352511 0.919828 0.348409 0.952034
0 0.307512 0.792803 0.309142 0.761973 0.294642 0.75955 0.293012 0.79038
0 0.187196 0.918596 0.189239 0.897944 0.173661 0.893075 0.171619 0.913727
0 0.302144 0.741867 0.302711 0.721877 0.288544 0.720607 0.287978 0.740598
0 0.45561 0.802188 0.461925 0.767668 0.449764 0.760637 0.443449 0.795157
0 0.1204 0.83975 0.125525 0.821121 0.111398 0.808838 0.106274 0.827467
0 0.35339 0.999359 0.360888 0.973294 0.350632 0.963969 0.343134 0.990034
0 0.253056 0.985288 0.258001 0.938418 0.238489 0.931911 0.233543 0.978781
0 0.471573 0.865111 0.472431 0.838001 0.457354 0.836492 0.456496 0.863602
0 0.464978 0.766236 0.478505 0.746086 0.470208 0.728483 0.456681 0.748633
0 0.599776 0.896083 0.601473 0.865112 0.583593 0.862016 0.581897 0.892988
0 0.157419 0.755094 0.163465 0.731411 0.153877 0.723676 0.147831 0.747359
0 0.250653 0.723025 0.252525 0.707577 0.242106 0.703588 0.240235 0.719036
0 0.307304 0.686771 0.314612 0.666996 0.307185 0.65832 0.299876 0.678096
0 0.383168 0.931538 0.388163 0.909927 0.370577 0.897078 0.365581 0.918689
0 0.312845 0.712713 0.317604 0.693899 0.307958 0.686187 0.303199 0.705001
0 0.211152 0.70441 0.212958 0.681836 0.197326 0.677884 0.19552 0.700459
0 0.513968 0.739792 0.517311 0.719147 0.503198 0.711925 0.499855 0.73257
0 0.139557 0.569269 0.142053 0.541779 0.129591 0.538202 0.127095 0.565692
0 0.0240284 1.00301 0.0490306 0.89551 -0.000814351 0.858871 -0.0258165 0.966372
0 0.17779 0.664043 0.179506 0.639319 0.166017 0.636361 0.164301 0.661085
0 0.276924 0.773698 0.292623 0.736248 0.276988 0.715534 0.261289 0.752984
0 0.096144 0.938635 0.119659 0.91237 0.109194 0.882757 0.0856787 0.909022
0 0.379175 0.964652 0.382047 0.938295 0.367798 0.933388 0.364926 0.959744
0 0.0915087 0.917873 0.115187 0.890271 0.103905 0.859683 0.0802269 0.887284
0 0.309548 0.724041 0.310044 0.707058 0.298153 0.705958 0.297657 0.722941
0 0.0690283 0.844454 0.0801139 0.812698 0.0662351 0.797386 0.0551495 0.829141
0 0.0907328 0.713292 0.115095 0.686624 0.104438 0.655855 0.0800756 0.682523
0 0.209491 0.893688 0.219594 0.862945 0.208825 0.85176 0.198721 0.882502
0 0.238617 1.01215 0.245927 0.980457 0.22992 0.968789 0.22261 1.00049
0 0.314359 0.953689 0.327625 0.918451 0.317919 0.906903 0.304653 0.942141
0 0.306698 0.767125 0.304476 0.735892 0.284089 0.740477 0.286312 0.77171
0 0.452395 0.769012 0.456046 0.74187 0.443618 0.736585 0.439966 0.763727
0 0.152165 0.539259 0.153276 0.521408 0.141203 0.519035 0.140092 0.536885
0 0.214752 0.651643 0.215348 0.636199 0.204033 0.634818 0.203437 0.650263
0 0.521531 0.861872 0.526233 0.841525 0.51503 0.833343 0.510328 0.85369
0 0.0855903 0.944466 0.0930391 0.910299 0.0797542 0.901146 0.0723054 0.935312
0 0.345743 1.00654 0.352812 0.984579 0.343334 0.974937 0.336265 0.996899
0 0.450158 0.815073 0.452538 0.796485 0.441441 0.791995 0.439061 0.810582
0 0.638154 0.727571 0.639831 0.70831 0.625151 0.704273 0.623475 0.723533
0 0.372365 0.492627 0.373893 0.46779 0.359173 0.464929 0.357646 0.489766
0 0.271339 0.887359 0.283007 0.867416 0.274716 0.852085 0.263048 0.872028
0 0.275954 0.90974 0.282906 0.883196 0.270582 0.872995 0.26363 0.899538
0 0.192337 1.0057 0.192978 0.974266 0.161012 0.972206 0.160371 1.00364
0 0.318895 0.649832 0.320025 0.626122 0.302941 0.623547 0.30181 0.647257
0 0.0807046 0.635313 0.0865677 0.606381 0.0725353 0.597394 0.0666722 0.626326
0 0.261606 1.00942 0.268928 0.985318 0.257328 0.97418 0.250006 0.998283
0 0.340219 0.914143 0.34784 0.889638 0.337863 0.879833 0.330243 0.904338
0 0.183268 0.90392 0.193026 0.881012 0.183657 0.868398 0.173898 0.891306
0 0.531791 0.90846 0.538028 0.885793 0.528078 0.877141 0.521842 0.899808
0 0.247416 0.927972 0.254777 0.904814 0.244151 0.894137 0.236789 0.917295
0 0.761583 1.02249 0.81799 0.936038 0.739663 0.774524 0.683256 0.860978
0 0.292552 0.627646 0.294518 0.608386 0.283161 0.604723 0.281195 0.623982
0 0.446417 0.970461 0.458038 0.918412 0.443125 0.90789 0.431505 0.959938
0 0.543614 0.722518 0.543629 0.701076 0.528098 0.701044 0.528084 0.722486
0 0.708775 0.509664 0.714303 0.477782 0.691064 0.465046 0.685536 0.496928
0 0.133003 0.588553 0.134501 0.57147 0.123083 0.568307 0.121586 0.58539
0 0.157506 0.898919 0.174324 0.879207 0.167651 0.861214 0.150833 0.880925
0 0.444092 0.786883 0.449072 0.763839 0.434526 0.753902 0.429545 0.776946
0 0.546741 0.742566 0.548215 0.724289 0.53845 0.7218 0.536976 0.740077
0 0.27814 0.609986 0.279319 0.588902 0.266615 0.586656 0.265435 0.60774
0 0.263972 0.751148 0.27447 0.729228 0.267912 0.719302 0.257414 0.741222
0 0.462807 0.7387 0.46428 0.720785 0.452907 0.71783 0.451434 0.735745
0 0.199889 0.863255 0.22666 0.841545 0.218271 0.808846 0.191499 0.830556
0 0.135527 0.645859 0.135952 0.610997 0.109039 0.60996 0.108614 0.644822
0 0.462118 0.834984 0.465497 0.815677 0.450457 0.807357 0.447078 0.826664
0 0.175739 0.727493 0.183071 0.700659 0.172141 0.69122 0.164809 0.718055
0 0.529209 0.883317 0.538772 0.853887 0.528823 0.843669 0.51926 0.873099
0 0.133749 0.0521186 0.149309 0.026151 0.125669 -0.0186169 0.110109 0.00735076
0 0.34404 0.985653 0.347838 0.962254 0.336548 0.956462 0.33275 0.979861
0 0.550656 0.994486 0.555158 0.970397 0.542997 0.963214 0.538496 0.987304
0 0.555375 0.723502 0.565094 0.703927 0.557807 0.692492 0.548088 0.712067
0 0.566216 0.92771 0.569209 0.903347 0.552487 0.896855 0.549494 0.921218
0 0.465199 0.718396 0.466705 0.70025 0.454123 0.69695 0.452617 0.715095
0 0.236471 0.883711 0.23828 0.859964 0.223624 0.856436 0.221815 0.880183
0 0.0609877 0.64051 0.0651519 0.622193 0.0549123 0.614835 0.0507481 0.633152
0 0.0716574 0.786013 0.0769009 0.75881 0.0670887 0.752833 0.0618452 0.780035
0 0.203867 1.00164 0.209363 0.977577 0.191431 0.964636 0.185936 0.9887
0 0.197224 0.879801 0.205024 0.860745 0.195472 0.848387 0.187672 0.867444
0 0.233342 0.906512 0.235611 0.879615 0.220344 0.875545 0.218075 0.902442
0 0.122409 0.805608 0.132176 0.773162 0.110073 0.752136 0.100307 0.784582
0 0.414308 0.626269 0.414667 0.592677 0.398124 0.592118 0.397764 0.62571
0 0.414789 0.639856 0.414165 0.6067 0.398553 0.607628 0.399177 0.640785
0 0.0444187 0.844869 0.0606822 0.818211 0.051813 0.80111 0.0355495 0.827768
0 0.495494 0.746253 0.497189 0.720675 0.483324 0.717771 0.481629 0.74335
0 0.362713 0.678472 0.369906 0.653423 0.356715 0.641449 0.349521 0.666498
0 0.264766 0.710151 0.269992 0.691317 0.26014 0.682678 0.254915 0.701512
0 0.595542 0.867896 0.60085 0.836621 0.586944 0.829162 0.581636 0.860438
0 0.113024 0.606202 0.114727 0.576632 0.087877 0.571743 0.0861734 0.601313
0 0.122447 0.976462 0.13181 0.948294 0.119566 0.93543 0.110203 0.963599
0 0.0864577 0.728962 0.0897102 0.6981 0.0734256 0.692676 0.0701731 0.723538
0 0.250533 0.700245 0.257379 0.673152 0.246568 0.664518 0.239721 0.691611
0 0.1806 0.792046 0.189991 0.774158 0.182382 0.761534 0.172991 0.779422
0 0.0495339 0.963346 0.0677029 0.930369 0.0553017 0.908775 0.0371327 0.941752
0 0.282727 1.00764 0.285146 0.983619 0.270542 0.978971 0.268123 1.00299
0 0.353659 0.875017 0.355288 0.854152 0.341384 0.850722 0.339755 0.871587
0 0.0913297 0.823197 0.098088 0.796875 0.0864745 0.787451 0.0797162 0.813773
0 0.508533 0.889358 0.519625 0.873211 0.504991 0.841442 0.493899 0.857589
0 0.135459 0.287719 0.138685 0.230256 0.103143 0.223948 0.0999157 0.281411
0 0.413299 0.904746 0.415311 0.88196 0.403135 0.878563 0.401123 0.901348
0 0.517264 0.994715 0.523504 0.963234 0.512026 0.956043 0.505786 0.987525
0 0.199113 0.768994 0.202633 0.751237 0.191826 0.744468 0.188307 0.762224
0 0.323718 0.854802 0.330753 0.832937 0.320555 0.822567 0.31352 0.844432
0 0.509545 0.761413 0.515033 0.74218 0.500514 0.729088 0.495027 0.748322
0 0.280366 0.539907 0.283089 0.502635 0.264299 0.498297 0.261576 0.53557
0 0.184804 0.729248 0.190974 0.707731 0.182651 0.700187 0.17648 0.721704
0 0.402956 0.971632 0.404153 0.943186 0.389858 0.941286 0.388662 0.969731
0 0.266277 0.486102 0.268576 0.469359 0.257878 0.464718 0.25558 0.481461
0 0.181503 0.665906 0.184916 0.640179 0.171291 0.634466 0.167878 0.660193
0 0.389421 0.898348 0.391617 0.881212 0.378074 0.875725 0.375877 0.892861
0 0.349849 0.943666 0.353209 0.924605 0.342013 0.918366 0.338652 0.937428
0 0.341276 0.832823 0.342688 0.811516 0.330712 0.809007 0.329299 0.830314
0 0.102115 0.506566 0.103322 0.485091 0.0911234 0.482924 0.0899166 0.5044
0 0.549401 0.79606 0.551791 0.778614 0.540112 0.773556 0.537722 0.791002
0 0.537884 0.786147 0.540304 0.763707 0.528511 0.759688 0.526091 0.782128
0 0.200658 0.614241 0.19963 0.589799 0.182397 0.592089 0.183425 0.61653
0 0.261069 0.721825 0.263584 0.70647 0.254005 0.701511 0.25149 0.716865
0 0.148362 0.83353 0.148985 0.806325 0.130371 0.804977 0.129748 0.832182
0 0.078672 0.775604 0.0799557 0.75031 0.0652838 0.747957 0.0640001 0.77325
0 0.254212 0.698181 0.264063 0.669327 0.252446 0.656791 0.242595 0.685645
0 0.44883 0.841689 0.452619 0.823088 0.438241 0.81383 0.434451 0.83243
0 0.276189 0.661131 0.277672 0.638646 0.266672 0.636355 0.26519 0.658839
0 0.345166 0.855435 0.349022 0.835265 0.334212 0.826319 0.330357 0.846489
0 0.42479 0.605018 0.426054 0.585994 0.414061 0.583477 0.412797 0.602501
0 0.304508 0.940293 0.314091 0.91169 0.301649 0.898514 0.292065 0.927118
0 0.0283896 0.686719 0.0384592 0.665174 0.0305782 0.653533 0.0205085 0.675078
0 0.0122438 0.820574 0.0260949 0.772135 0.00695605 0.754838 -0.00689511 0.803277
0 0.208295 0.631894 0.2092 0.615597 0.19925 0.613852 0.198346 0.630149
0 0.233171 0.783878 0.237619 0.763332 0.227161 0.756176 0.222713 0.776723
0 0.36415 0.981514 0.371384 0.959635 0.361971 0.949798 0.354737 0.971676
0 0.434339 0.912788 0.434884 0.888884 0.421052 0.887887 0.420507 0.911792
0 0.982979 1.0729 1.01808 0.831847 0.784049 0.724156 0.748951 0.965213
0 0.25901 0.843681 0.264402 0.797913 0.239085 0.788486 0.233693 0.834254
0 0.0960827 0.993172 0.107376 0.967104 0.0964652 0.952164 0.0851715 0.978232
0 0.109279 1.00485 0.11143 0.981637 0.0926395 0.976133 0.0904882 0.999348
0 0.174979 0.742755 0.178397 0.721457 0.167559 0.715962 0.164142 0.737259
0 0.102305 0.562236 0.10241 0.544831 0.0913953 0.544621 0.0912903 0.562026
0 0.421625 0.899042 0.423764 0.877437 0.412405 0.873883 0.410266 0.895487
0 0.2736 0.723379 0.276612 0.704102 0.267875 0.699787 0.264863 0.719064
0 0.275972 0.69668 0.278369 0.677481 0.268026 0.673399 0.265629 0.692598
0 0.126551 0.585409 0.127294 0.566389 0.114794 0.564846 0.114051 0.583865
0 0.332656 0.553713 0.333014 0.535725 0.321489 0.535001 0.321131 0.55299
0 0.242769 0.761799 0.24456 0.743205 0.232972 0.739676 0.23118 0.75827
0 0.579988 0.920398 0.582769 0.898166 0.564186 0.890821 0.561406 0.913053
0 0.232677 0.807065 0.249832 0.78828 0.243575 0.770222 0.22642 0.789007
0 0.112413 0.525264 0.11501 0.508011 0.104288 0.502912 0.101691 0.520165
0 0.150687 0.634447 0.151098 0.607098 0.125778 0.605895 0.125367 0.633243
0 0.660618 0.721375 0.662279 0.689382 0.64215 0.68608 0.640489 0.718073
0 0.569191 0.837207 0.573171 0.814663 0.558227 0.806325 0.554247 0.828869
0 0.350688 0.930588 0.356741 0.905614 0.343338 0.895348 0.337285 0.920322
0 0.321588 0.964627 0.328077 0.94121 0.318471 0.932796 0.311982 0.956213
0 0.0489795 0.718745 0.0514533 0.697394 0.0400302 0.693211 0.0375564 0.714562
0 0.332122 0.657 0.332769 0.63893 0.321674 0.637673 0.321026 0.655743
0 0.110684 0.540433 0.112107 0.527531 0.102531 0.524193 0.101108 0.537095
0 0.092632 0.954131 0.100047 0.927458 0.0888361 0.917609 0.0814214 0.944282
0 0.061979 0.61672 0.0675554 0.597377 0.0578264 0.588513 0.05225 0.607855
0 0.167198 0.673811 0.173812 0.65582 0.164671 0.645199 0.158057 0.66319
0 0.243402 0.71232 0.245404 0.695748 0.234788 0.691694 0.232785 0.708266
0 0.395815 0.916559 0.397381 0.896837 0.385408 0.893831 0.383841 0.913554
0 0.136296 1.00469 0.139973 0.97455 0.123369 0.968149 0.119692 0.998293
0 0.0780129 0.704218 0.100482 0.683303 0.0938774 0.660878 0.0714081 0.681793
0 0.378554 0.522828 0.380792 0.501911 0.359087 0.494572 0.356849 0.515489
0 0.22818 0.718047 0.228501 0.701893 0.216368 0.70113 0.216046 0.717284
0 0.186429 0.844848 0.192596 0.823785 0.180737 0.81281 0.17457 0.833873
0 0.473236 0.819852 0.479761 0.797566 0.463677 0.782682 0.457151 0.804968
0 0.494161 0.765492 0.495882 0.746542 0.486126 0.743742 0.484405 0.762692
0 0.355172 0.571512 0.379667 0.543087 0.371249 0.520162 0.346754 0.548587
0 0.0385606 0.575447 0.0408386 0.545839 0.0249988 0.541987 0.0227208 0.571595
0 0.159709 0.808267 0.162752 0.787374 0.152461 0.782637 0.149418 0.80353
0 0.570869 0.900002 0.576923 0.879973 0.566478 0.869995 0.560424 0.890024
0 0.462024 1.0037 0.463543 0.971291 0.442334 0.968149 0.440815 1.00055
0 0.21935 0.696469 0.220532 0.679311 0.211574 0.67736 0.210392 0.694518
0 0.0657233 0.136781 0.0877052 0.118538 0.0522885 -0.0163382 0.0303066 0.00190464
0 0.356767 0.678683 0.408823 0.588787 0.371837 0.521098 0.319781 0.610993
0 0.525166 0.974338 0.529406 0.940147 0.516177 0.934963 0.511938 0.969154
0 0.159191 0.831129 0.162538 0.802114 0.149382 0.797318 0.146035 0.826333
0 0.624996 0.712607 0.624972 0.692611 0.610192 0.692668 0.610217 0.712665
0 0.195835 0.614492 0.194683 0.590826 0.179087 0.593226 0.18024 0.616892
0 0.544656 0.664746 0.54571 0.646961 0.535805 0.645104 0.53475 0.66289
0 0.110213 0.933049 0.126142 0.90381 0.113752 0.882477 0.0978226 0.911716
0 0.1463 0.852302 0.146176 0.830545 0.131711 0.830804 0.131834 0.852562
0 0.346223 0.817495 0.352822 0.795946 0.342469 0.785928 0.335871 0.807477
0 0.0478004 0.345951 0.0500394 0.257083 -0.00267139 0.252886 -0.0049104 0.341754
0 0.318442 0.624816 0.322023 0.607457 0.310827 0.600157 0.307246 0.617516
0 0.244329 0.67608 0.248544 0.657747 0.24077 0.652097 0.236554 0.67043
0 0.439646 0.804963 0.443054 0.78256 0.432517 0.777495 0.429109 0.799898
0 0.572016 0.888044 0.575215 0.861233 0.561582 0.856091 0.558383 0.882902
0 0.271278 0.831612 0.274254 0.811484 0.263939 0.806663 0.260963 0.826792
0 0.295672 0.809831 0.298244 0.79015 0.288024 0.78593 0.285453 0.805611
0 0.5622 0.562321 0.565404 0.536117 0.552289 0.531048 0.549084 0.557252
0 0.333323 0.791137 0.339827 0.771731 0.331647 0.763068 0.325144 0.782473
0 0.144509 0.757265 0.147248 0.740714 0.137383 0.735554 0.134644 0.752105
0 0.569814 0.857329 0.572846 0.837654 0.562512 0.832621 0.55948 0.852296
0 0.321139 0.723648 0.322459 0.707743 0.313201 0.705314 0.31188 0.721219
0 0.0687314 0.323001 0.0886058 0.283571 0.0566504 0.232665 0.036776 0.272095
0 0.426887 0.980003 0.432106 0.950725 0.415156 0.941174 0.409936 0.970452
0 0.550884 0.835322 0.555689 0.820394 0.542757 0.807241 0.537953 0.82217
0 0.330839 0.64065 0.330811 0.62272 0.319782 0.622775 0.319811 0.640705
0 0.0775746 1.00653 0.0777397 0.98559 0.0581493 0.985102 0.0579842 1.00604
0 0.0454914 0.999715 0.0425207 0.960209 0.0141742 0.966946 0.0171449 1.00645
0 0.113846 0.736191 0.114105 0.715788 0.0956151 0.715044 0.0953553 0.735447
0 0.298225 0.608372 0.299738 0.594381 0.291526 0.591576 0.290014 0.605567
0 0.269013 0.811026 0.272713 0.788668 0.254738 0.779266 0.251038 0.801623
0 0.309248 0.906352 0.317477 0.871774 0.302922 0.860827 0.294694 0.895406
0 0.156112 0.765625 0.159604 0.746751 0.150611 0.741491 0.147118 0.760365
0 0.390531 0.995206 0.394387 0.959069 0.380026 0.954226 0.37617 0.990363
0 0.020095 0.723892 0.0257837 0.704533 0.0166357 0.696037 0.0109469 0.715395
0 0.327747 0.754675 0.331897 0.72776 0.318546 0.721253 0.314396 0.748169
0 0.185104 0.638623 0.185824 0.618179 0.172243 0.616666 0.171522 0.63711
0 0.425684 0.833959 0.429265 0.813312 0.419615 0.808022 0.416034 0.82867
0 0.403454 0.995281 0.404182 0.960666 0.390761 0.959774 0.390033 0.994389
0 0.53523 0.640378 0.536764 0.61865 0.521589 0.615264 0.520055 0.636992
0 0.481874 0.730552 0.482988 0.712623 0.471536 0.710375 0.470423 0.728304
0 0.308144 0.567595 0.309513 0.552624 0.300285 0.549958 0.298916 0.564929
0 0.13341 0.764723 0.135501 0.74794 0.125133 0.743859 0.123043 0.760642
0 0.424334 0.761354 0.424316 0.744011 0.413177 0.744047 0.413195 0.761391
0 0.472923 0.786676 0.477905 0.763153 0.464998 0.754514 0.460017 0.778037
0 0.122652 0.695018 0.127289 0.669498 0.115677 0.662828 0.111039 0.688348
0 0.323247 0.679061 0.325649 0.663115 0.316787 0.658897 0.314386 0.674843
0 0.533027 0.99812 0.535881 0.973048 0.523106 0.968452 0.520252 0.993524
0 0.209297 0.613406 0.210107 0.595841 0.201107 0.594528 0.200296 0.612094
0 0.282262 0.629284 0.284411 0.609021 0.276106 0.606237 0.273957 0.626499
0 0.335301 0.92033 0.343902 0.892578 0.335169 0.884024 0.326568 0.911776
0 0.441367 0.775411 0.444568 0.752689 0.430872 0.746592 0.427671 0.769313
0 0.245969 0.767013 0.248137 0.747732 0.237428 0.743927 0.23526 0.763209
0 0.461895 0.909649 0.462688 0.878638 0.444515 0.877169 0.443722 0.908179
0 0.536274 0.846675 0.541457 0.825045 0.529875 0.816273 0.524691 0.837903
0 0.280015 0.64664 0.280584 0.627912 0.269555 0.626853 0.268986 0.64558
0 0.294209 0.548699 0.296881 0.530963 0.288369 0.52691 0.285697 0.544646
0 0.035952 0.744294 0.0443477 0.721461 0.0340487 0.709493 0.0256531 0.732325
0 0.411648 0.598505 0.415378 0.580274 0.404119 0.572995 0.400389 0.591226
0 0.215279 0.713694 0.216608 0.695598 0.205482 0.693016 0.204153 0.711112
0 0.216016 0.800566 0.225251 0.778984 0.21584 0.766258 0.206605 0.787839
0 0.525517 0.837113 0.526465 0.816555 0.514659 0.814836 0.513711 0.835393
0 0.177748 0.737671 0.18107 0.717901 0.171043 0.712576 0.167721 0.732346
0 0.370157 0.635312 0.39664 0.578969 0.366878 0.534755 0.340395 0.591098
0 0.574536 0.699017 0.577036 0.680261 0.565857 0.67555 0.563356 0.694306
0 0.185356 0.74557 0.191668 0.726952 0.183879 0.718606 0.177567 0.737224
0 0.114976 1.00049 0.119803 0.973918 0.104188 0.964954 0.0993616 0.991527
0 0.595989 0.924508 0.603579 0.900577 0.588115 0.885078 0.580525 0.909009
0 0.179216 0.716155 0.188468 0.691659 0.178216 0.679421 0.168964 0.703917
0 0.52415 0.727728 0.526353 0.711162 0.514711 0.706269 0.512509 0.722835
0 0.0623519 0.786605 0.0647994 0.761733 0.0515083 0.7576 0.0490608 0.782471
0 0.313462 0.964148 0.321172 0.927251 0.309811 0.919748 0.302101 0.956645
0 0.561791 0.745677 0.563435 0.727322 0.55326 0.724442 0.551616 0.742798
0 0.299579 0.674588 0.303695 0.653781 0.292998 0.647095 0.288883 0.667902
0 0.0147472 0.112636 0.0387998 0.0142936 0.00617222 -0.0109274 -0.0178805 0.0874154
0 0.337652 0.673944 0.339056 0.656982 0.329276 0.654424 0.327872 0.671386
0 0.543235 0.978732 0.5477 0.952341 0.536425 0.946313 0.531961 0.972704
0 0.258463 0.943402 0.262334 0.913163 0.249825 0.908103 0.245955 0.938342
0 0.518296 0.804664 0.523259 0.792218 0.513064 0.779369 0.508101 0.791816
0 0.129651 0.552162 0.129649 0.535599 0.117587 0.535604 0.11759 0.552167
0 0.313964 0.673128 0.319136 0.656528 0.3107 0.648221 0.305528 0.66482
0 0.0625743 0.743241 0.0632236 0.721224 0.0502727 0.720017 0.0496234 0.742034
0 0.562817 0.853728 0.567998 0.833944 0.555829 0.823872 0.550647 0.843656
0 0.611478 0.724993 0.613323 0.705057 0.596934 0.700262 0.595088 0.720197
0 0.0727773 0.720371 0.0746921 0.701661 0.064253 0.698285 0.0623383 0.716994
0 0.34477 0.797911 0.35456 0.77472 0.346567 0.764057 0.336777 0.787248
0 0.416762 0.798274 0.420836 0.779897 0.409473 0.771934 0.405399 0.790312
0 0.165529 0.580113 0.171065 0.561674 0.161953 0.553027 0.156417 0.571466
0 0.346807 0.771982 0.352106 0.752149 0.342496 0.744034 0.337197 0.763867
0 0.0869916 0.76975 0.0878668 0.747251 0.0714881 0.745237 0.070613 0.767736
0 0.443486 0.71058 0.446191 0.692717 0.436159 0.687915 0.433454 0.705779
0 0.318087 0.92974 0.32393 0.904932 0.31484 0.898165 0.308996 0.922973
0 0.401376 0.63144 0.402055 0.608028 0.391058 0.60702 0.390379 0.630432
0 0.187453 0.589191 0.18903 0.573142 0.179436 0.570164 0.177859 0.586213
0 0.506601 0.792643 0.509217 0.774628 0.497433 0.769219 0.494816 0.787235
0 0.337568 0.533416 0.342711 0.518053 0.333172 0.50796 0.328029 0.523324
0 0.557722 0.764187 0.559289 0.745447 0.549059 0.742743 0.547491 0.761483
0 0.437935 0.894139 0.439412 0.872542 0.427518 0.869972 0.426042 0.891569
0 0.281962 0.549175 0.285715 0.530129 0.27688 0.524627 0.273127 0.543673
0 0.146612 0.878464 0.154033 0.855457 0.142002 0.843191 0.134581 0.866199
0 0.37636 0.942244 0.381065 0.923362 0.36694 0.912238 0.362234 0.93112
0 0.306905 0.633238 0.3078 0.615393 0.298979 0.613994 0.298083 0.631839
0 0.286494 0.696145 0.287912 0.680253 0.276846 0.677133 0.275428 0.693025
0 0.167203 0.913098 0.176898 0.891022 0.168243 0.879008 0.158547 0.901084
0 0.430578 0.801624 0.43332 0.771415 0.423512 0.768601 0.42077 0.798811
0 0.127855 0.991455 0.131711 0.96286 0.115723 0.956046 0.111867 0.984641
0 0.161427 0.63756 0.163384 0.619917 0.153135 0.616324 0.151178 0.633967
0 0.676684 0.535401 0.678982 0.510241 0.665555 0.506364 0.663257 0.531524
0 0.203575 0.785118 0.204229 0.767921 0.192515 0.766513 0.191861 0.783711
0 0.22071 0.909478 0.222647 0.883351 0.20765 0.879836 0.205712 0.905962
0 0.21117 0.714149 0.211821 0.695619 0.201333 0.694454 0.200682 0.712984
0 0.570802 0.720982 0.5729 0.702714 0.563781 0.699405 0.561684 0.717672
0 0.150901 0.575973 0.157054 0.54876 0.144665 0.539907 0.138512 0.567119
0 0.406388 0.812228 0.409946 0.779949 0.398682 0.776025 0.395124 0.808304
0 0.00760928 0.773172 0.0113979 0.744162 -0.000118785 0.739409 -0.00390741 0.768419
0 0.0188876 0.781776 0.0262924 0.746923 0.0121669 0.737438 0.00476206 0.772291
0 0.452571 0.859195 0.455013 0.835801 0.441863 0.831463 0.439421 0.854856
0 0.0361752 0.636117 0.0387487 0.616244 0.0284643 0.612035 0.0258907 0.631908
0 0.189374 0.846681 0.197734 0.828808 0.187448 0.8136 0.179087 0.831474
0 0.141533 0.933126 0.146872 0.909472 0.133947 0.900252 0.128608 0.923906
0 0.200468 0.588777 0.202395 0.570754 0.192528 0.567421 0.190602 0.585443
0 0.606801 0.940461 0.613884 0.914139 0.602195 0.904198 0.595112 0.930519
0 0.17183 0.854983 0.175306 0.831876 0.163569 0.826298 0.160094 0.849404
0 0.123771 0.644774 0.1261 0.615316 0.105744 0.610229 0.103415 0.639687
0 0.400575 0.907024 0.4019 0.88713 0.389721 0.884565 0.388395 0.904459
0 0.582005 0.858568 0.604734 0.822477 0.589043 0.791246 0.566314 0.827337
0 0.0913992 0.840417 0.10155 0.816479 0.0924315 0.80426 0.0822812 0.828197
0 0.343989 0.589747 0.356769 0.56913 0.349762 0.555403 0.336982 0.57602
0 0.211559 0.522447 0.21211 0.505407 0.198335 0.503997 0.197783 0.521038
0 0.195692 0.859439 0.212974 0.833036 0.202502 0.811371 0.18522 0.837775
0 0.281404 0.819356 0.282725 0.802157 0.271017 0.799317 0.269697 0.816516
0 0.412959 0.993445 0.416077 0.963665 0.401641 0.958887 0.398522 0.988667
0 0.433801 0.954103 0.442203 0.922621 0.432525 0.914458 0.424123 0.94594
0 0.360563 0.974394 0.363643 0.949778 0.349534 0.944199 0.346454 0.968815
0 0.261451 0.709377 0.266671 0.688294 0.255783 0.679774 0.250563 0.700857
0 0.228709 0.727717 0.228544 0.709637 0.217348 0.70996 0.217513 0.72804
0 0.428793 0.825791 0.430286 0.805664 0.419678 0.803176 0.418185 0.823303
0 0.494756 0.803418 0.498105 0.786156 0.48643 0.778997 0.483081 0.796259
0 0.349338 0.705421 0.349988 0.686812 0.337984 0.685487 0.337334 0.704096
0 0.562179 0.483766 0.566355 0.459969 0.546877 0.449166 0.542701 0.472962
0 0.140061 0.716214 0.144896 0.682849 0.125485 0.673958 0.12065 0.707323
0 0.28806 0.536792 0.293336 0.518994 0.285131 0.511307 0.279855 0.529106
0 0.620075 0.80627 0.626124 0.782705 0.606606 0.766872 0.600557 0.790436
0 0.13576 0.749967 0.141205 0.727675 0.130269 0.719232 0.124823 0.741524
0 0.116135 0.588761 0.117356 0.570517 0.0986523 0.566559 0.0974308 0.584804
0 0.564355 0.783657 0.566249 0.761963 0.554791 0.758803 0.552897 0.780497
0 0.398085 0.737042 0.396818 0.668388 0.34567 0.671372 0.346937 0.740026
0 0.351248 0.831039 0.352194 0.809279 0.340879 0.807723 0.339932 0.829483
0 0.213393 0.739229 0.214925 0.721142 0.205448 0.718604 0.203916 0.736692
0 0.381774 0.875274 0.383583 0.861517 0.372775 0.857024 0.370966 0.870781
0 0.190388 0.714657 0.195863 0.699169 0.188257 0.690673 0.182783 0.706161
