0 0.53522 0.990313 0.551426 0.891496 0.485741 0.85745 0.469535 0.956267
0 0.582943 0.590609 0.582787 0.539736 0.553915 0.540015 0.554071 0.590888
0 0.985977 1.0744 1.0222 0.862738 0.815552 0.750979 0.779333 0.962637
0 0.212115 1.02389 0.256873 0.985961 0.242207 0.931268 0.197449 0.969202
0 0.630544 1.00828 0.634305 0.918747 0.582724 0.911899 0.578963 1.00143
0 0.488164 0.886912 0.488787 0.822598 0.46065 0.821737 0.460028 0.886051
0 0.566781 0.69827 0.565159 0.673259 0.541473 0.678115 0.543096 0.703127
0 0.45099 0.932118 0.467752 0.874017 0.447549 0.855596 0.430787 0.913697
0 0.477103 0.932612 0.486474 0.898131 0.463979 0.87881 0.454608 0.913291
0 0.10126 0.827735 0.0998473 0.784164 0.080115 0.786186 0.0815279 0.829758
0 0.551477 0.852816 0.554551 0.818869 0.537634 0.814029 0.534561 0.847976
0 0.0730089 0.892167 0.0746928 0.82452 0.0176041 0.820029 0.0159202 0.887675
0 0.301341 1.00122 0.303904 0.967783 0.287731 0.963865 0.285168 0.997306
0 0.27952 0.989794 0.281862 0.956074 0.261335 0.951569 0.258993 0.985289
0 0.453309 0.880334 0.457756 0.835612 0.431343 0.82731 0.426895 0.872032
0 0.576143 0.928196 0.582024 0.894782 0.562533 0.88394 0.556652 0.917353
0 0.169168 0.904606 0.170251 0.867129 0.149957 0.865275 0.148874 0.902752
0 0.479037 0.783698 0.477825 0.740362 0.452995 0.742558 0.454207 0.785893
0 0.137994 0.826002 0.139728 0.780552 0.118225 0.777959 0.116491 0.82341
0 0.489433 0.958619 0.490764 0.915758 0.466617 0.913387 0.465286 0.956249
0 0.24317 0.95734 0.267546 0.820284 0.214616 0.790531 0.19024 0.927587
0 0.561694 0.922234 0.564603 0.8833 0.545426 0.878771 0.542517 0.917706
0 0.446353 0.846643 0.467829 0.826706 0.459676 0.798951 0.4382 0.818887
0 0.22424 0.623168 0.226669 0.599148 0.2131 0.594812 0.210671 0.618832
0 0.0629203 0.831149 0.0678792 0.807005 0.0496755 0.795189 0.0447167 0.819332
0 0.2439 0.741611 0.248573 0.716031 0.22748 0.703854 0.222807 0.729434
0 0.549983 0.821524 0.560821 0.784229 0.549193 0.773549 0.538355 0.810844
0 0.0941497 0.880723 0.0977961 0.857153 0.0766284 0.846803 0.0729821 0.870373
0 0.237641 0.584851 0.227228 0.536176 0.191424 0.560384 0.201837 0.609059
0 0.292099 0.975764 0.30434 0.944394 0.290015 0.926727 0.277774 0.958098
0 0.706904 0.601872 0.720098 0.562013 0.694289 0.535012 0.681095 0.57487
0 0.514498 0.810086 0.512636 0.776339 0.489011 0.780459 0.490873 0.814206
0 0.514559 0.540404 0.513543 0.503043 0.495142 0.504624 0.496158 0.541986
0 0.546534 1.00356 0.546461 0.950502 0.516653 0.950631 0.516725 1.00369
0 0.226337 0.771781 0.228 0.747956 0.214401 0.744956 0.212738 0.76878
0 0.195443 0.812 0.205159 0.774563 0.187007 0.759673 0.17729 0.797109
0 0.123112 0.847464 0.12458 0.812522 0.103554 0.809731 0.102086 0.844674
0 0.732565 0.636952 0.729626 0.599562 0.701948 0.606439 0.704888 0.643829
0 0.365866 0.938349 0.367388 0.912963 0.350397 0.909742 0.348875 0.935128
0 0.317267 0.997614 0.3186 0.973446 0.302734 0.97068 0.301401 0.994848
0 0.14968 0.705469 0.161973 0.662765 0.131707 0.635229 0.119414 0.677933
0 0.213034 0.785204 0.217081 0.760863 0.198473 0.751086 0.194426 0.775427
0 0.278465 0.933593 0.294288 0.914078 0.285489 0.891528 0.269665 0.911042
0 0.33778 0.971277 0.339241 0.950848 0.327097 0.948103 0.325636 0.968532
0 0.542961 0.896869 0.548855 0.853469 0.515439 0.839127 0.509545 0.882527
0 0.791199 1.04841 0.842588 0.962228 0.759307 0.805286 0.707919 0.89147
0 0.383633 0.92336 0.389695 0.894857 0.377848 0.886894 0.371786 0.915398
0 0.537183 0.67986 0.547855 0.655715 0.537543 0.641309 0.52687 0.665453
0 0.0662464 0.693363 0.0725651 0.654586 0.0567682 0.646451 0.0504494 0.685227
0 0.65272 0.850185 0.65362 0.816257 0.636598 0.814829 0.635698 0.848757
0 0.352963 0.961617 0.355346 0.935329 0.334146 0.929256 0.331763 0.955545
0 0.457488 0.970798 0.471396 0.946017 0.462289 0.929864 0.448382 0.954645
0 0.24695 0.607402 0.248626 0.584462 0.236996 0.581776 0.23532 0.604716
0 0.352652 0.97683 0.362908 0.955683 0.354018 0.942057 0.343762 0.963204
0 0.635353 0.91837 0.638069 0.873627 0.613373 0.86889 0.610657 0.913633
0 0.417332 0.719775 0.424689 0.673618 0.404171 0.663282 0.396814 0.709438
0 0.487536 0.82756 0.495694 0.781212 0.476069 0.770295 0.467911 0.816643
0 0.556552 0.764677 0.55853 0.744354 0.546026 0.740508 0.544048 0.760831
0 0.164545 0.847141 0.164429 0.800013 0.137474 0.800223 0.13759 0.84735
0 0.583052 0.862654 0.587122 0.835566 0.572535 0.828639 0.568465 0.855727
0 0.330041 0.9594 0.330159 0.935012 0.312916 0.934749 0.312798 0.959137
0 0.32444 0.984562 0.327722 0.958298 0.30599 0.949715 0.302708 0.975979
0 0.0559907 0.650865 0.0670212 0.614305 0.0573912 0.605123 0.0463607 0.641682
0 0.319552 0.975801 0.321657 0.951349 0.303867 0.946507 0.301762 0.970959
0 0.0808101 0.820939 0.0867237 0.779054 0.0687555 0.771036 0.0628419 0.812921
0 0.26687 0.927346 0.279284 0.904474 0.271258 0.890708 0.258844 0.91358
0 0.350976 1.00032 0.363086 0.976394 0.353203 0.960584 0.341092 0.984511
0 0.0719841 0.822616 0.0826373 0.78013 0.0626602 0.764299 0.052007 0.806785
0 0.566375 0.881199 0.572261 0.835785 0.552525 0.8277 0.546638 0.873114
0 0.238045 0.761856 0.244472 0.743921 0.234898 0.733078 0.228471 0.751014
0 0.436305 0.955216 0.443145 0.902952 0.416321 0.891858 0.409481 0.944122
0 0.0899326 0.673438 0.0926589 0.651046 0.0800669 0.646201 0.0773407 0.668593
0 0.452571 0.949631 0.471827 0.924701 0.461288 0.898975 0.442033 0.923905
0 0.399064 0.939155 0.401159 0.917085 0.388454 0.913274 0.38636 0.935344
0 0.642182 0.733334 0.645415 0.707945 0.630151 0.701802 0.626918 0.727191
0 0.492605 0.75127 0.493175 0.720953 0.47554 0.719905 0.47497 0.750222
0 0.376197 0.968498 0.379477 0.947756 0.369052 0.942546 0.365772 0.963288
0 0.581861 0.969018 0.590352 0.920903 0.573434 0.911468 0.564944 0.959583
0 0.104553 0.86661 0.107765 0.836235 0.0924978 0.831132 0.0892859 0.861507
0 0.419789 1.01141 0.432558 0.990007 0.423254 0.972464 0.410485 0.993867
0 0.123248 0.87642 0.124231 0.853552 0.106194 0.851103 0.105211 0.873972
0 0.616846 0.887117 0.622944 0.848878 0.599297 0.83696 0.593199 0.875199
0 0.260362 0.978539 0.269733 0.942282 0.257542 0.932323 0.24817 0.96858
0 0.662526 0.839449 0.664858 0.816494 0.652636 0.812569 0.650304 0.835524
0 0.734035 0.996894 0.735511 0.912759 0.698917 0.91073 0.697441 0.994865
0 0.370674 0.896651 0.374124 0.878674 0.364963 0.873117 0.361513 0.891094
0 0.182208 0.911355 0.183844 0.885406 0.167411 0.88213 0.165775 0.90808
0 0.613746 0.925597 0.624385 0.899187 0.604213 0.873501 0.593573 0.899911
0 0.0591986 0.818166 0.0719022 0.785382 0.0602292 0.771086 0.0475256 0.803871
0 0.652196 0.87282 0.653563 0.849539 0.638842 0.846805 0.637474 0.870087
0 0.259755 0.737259 0.261533 0.707721 0.245038 0.704584 0.243261 0.734122
0 0.34151 0.991947 0.35156 0.962783 0.342664 0.953094 0.332614 0.982257
0 0.322182 0.940732 0.324081 0.924384 0.313387 0.920458 0.311488 0.936806
0 0.128482 0.890693 0.127487 0.868746 0.108592 0.871454 0.109587 0.893402
0 0.34768 0.894491 0.348814 0.876597 0.337669 0.874364 0.336535 0.892258
0 0.211997 0.729639 0.217192 0.704846 0.206167 0.697544 0.200972 0.722338
0 0.250198 0.720555 0.252976 0.699148 0.23938 0.693571 0.236602 0.714978
0 0.201432 1.00874 0.203096 0.957217 0.163371 0.953162 0.161707 1.00469
0 0.565958 0.788666 0.570547 0.767267 0.557181 0.758207 0.552592 0.779606
0 0.442297 1.01084 0.470682 0.989206 0.46286 0.956776 0.434474 0.978415
0 0.373942 0.951053 0.376238 0.931077 0.364723 0.926895 0.362427 0.946871
0 0.558143 0.675021 0.560885 0.65214 0.548306 0.647376 0.545564 0.670256
0 0.325175 0.925027 0.328631 0.906236 0.318285 0.900223 0.314829 0.919014
0 0.0302081 0.438556 0.0288646 0.358913 -0.0124671 0.361117 -0.0111236 0.440759
0 0.347055 0.926819 0.34858 0.908862 0.339632 0.90646 0.338107 0.924417
0 0.141448 0.862525 0.141045 0.829638 0.120132 0.830449 0.120536 0.863337
0 0.334758 1.00159 0.336162 0.980321 0.322017 0.977369 0.320613 0.998641
0 0.689577 0.616623 0.69945 0.589787 0.677976 0.564818 0.668103 0.591654
0 0.224915 0.713016 0.231673 0.689557 0.219497 0.67847 0.212739 0.701929
0 0.413027 0.99212 0.415697 0.973939 0.404566 0.968771 0.401896 0.986953
0 0.517736 1.00456 0.518189 0.965615 0.458416 0.963417 0.457963 1.00236
0 0.563669 0.748342 0.567365 0.723131 0.555293 0.717538 0.551597 0.74275
0 0.27806 0.948463 0.287619 0.927027 0.280506 0.917004 0.270948 0.93844
0 0.259109 0.710507 0.270502 0.67584 0.258 0.662853 0.246606 0.697521
0 0.0761941 0.775942 0.0796718 0.753479 0.0615684 0.744621 0.0580907 0.767085
0 0.37581 0.930316 0.379348 0.909419 0.367031 0.90283 0.363494 0.923726
0 0.664261 0.617834 0.697268 0.543617 0.666908 0.500942 0.6339 0.575159
0 0.430676 0.974812 0.446468 0.950556 0.437446 0.931993 0.421655 0.956249
0 0.057402 0.640654 0.0683477 0.603575 0.0593692 0.595199 0.0484235 0.632277
0 0.135834 0.884251 0.142894 0.862674 0.133042 0.852485 0.125981 0.874061
0 0.259354 0.923542 0.267809 0.898053 0.25853 0.888325 0.250075 0.913814
0 0.247541 0.813165 0.248626 0.797225 0.237439 0.794818 0.236354 0.810758
0 0.361304 0.912579 0.364957 0.887865 0.354066 0.882778 0.350413 0.907492
0 0.640975 0.625959 0.648344 0.606074 0.637843 0.593775 0.630474 0.613661
0 0.477122 0.979299 0.481094 0.953682 0.464272 0.945438 0.4603 0.971055
0 0.621074 0.747314 0.629879 0.724009 0.619661 0.711808 0.610856 0.735114
0 0.380509 0.417726 0.377766 0.377745 0.348602 0.384068 0.351344 0.424049
0 0.30068 0.92511 0.306089 0.901356 0.296554 0.894494 0.291145 0.918249
0 0.0909379 0.865427 0.0971799 0.827889 0.0756835 0.816591 0.0694415 0.85413
0 0.38755 0.942603 0.389426 0.92384 0.379235 0.92062 0.37736 0.939384
0 0.288773 1.0049 0.28853 0.987581 0.273839 0.988231 0.274082 1.00556
0 0.32051 0.901307 0.322094 0.883555 0.312687 0.880903 0.311103 0.898654
0 0.290677 0.994129 0.292947 0.96714 0.279885 0.963668 0.277615 0.990657
0 0.405411 0.912911 0.413353 0.888954 0.40218 0.877249 0.394238 0.901206
0 0.589311 0.640411 0.603463 0.616011 0.58525 0.582625 0.571098 0.607025
0 0.105112 0.332702 0.12344 0.307311 0.106509 0.268684 0.0881804 0.294076
0 0.310967 0.421725 0.313099 0.353664 0.274212 0.349813 0.27208 0.417874
0 0.0994556 0.746122 0.10124 0.726026 0.0912136 0.723212 0.0894292 0.743308
0 0.211416 0.67877 0.213123 0.661745 0.203785 0.658786 0.202078 0.67581
0 0.129452 0.9382 0.140743 0.916852 0.131157 0.900827 0.119866 0.922174
0 0.580665 0.838065 0.587581 0.827662 0.57613 0.803597 0.569213 0.814
0 0.207052 0.818087 0.211509 0.797021 0.200304 0.789528 0.195847 0.810594
0 0.453427 0.416559 0.456491 0.369122 0.431091 0.363938 0.428027 0.411374
0 0.432812 0.899157 0.435661 0.859321 0.418727 0.855495 0.415879 0.895331
0 0.331081 1.00215 0.336136 0.972657 0.325328 0.966802 0.320273 0.996298
0 0.0771172 0.837325 0.0800668 0.817224 0.0671858 0.81125 0.0642362 0.831351
0 0.303878 0.923857 0.309897 0.901971 0.300453 0.893762 0.294433 0.915648
0 0.61717 0.72393 0.638464 0.636102 0.598574 0.605534 0.577279 0.693363
0 0.228664 0.752708 0.231419 0.7315 0.216038 0.725183 0.213282 0.746391
0 0.126871 0.401266 0.130142 0.358773 0.10548 0.352773 0.102209 0.395267
0 0.47082 0.725096 0.473953 0.70766 0.463246 0.701581 0.460114 0.719017
0 0.53306 0.831209 0.535639 0.811742 0.523353 0.806598 0.520774 0.826065
0 0.511927 0.864595 0.526306 0.816397 0.50456 0.795892 0.490181 0.844091
0 0.406303 0.94854 0.410015 0.926007 0.40213 0.921901 0.398418 0.944434
0 0.637245 0.860233 0.640869 0.832884 0.627364 0.827229 0.62374 0.854577
0 0.351629 0.938811 0.352725 0.92144 0.340078 0.91892 0.338983 0.936291
0 0.0977232 0.796097 0.0990138 0.77381 0.0866376 0.771545 0.0853471 0.793832
0 0.368557 0.979735 0.370703 0.961373 0.360186 0.957487 0.358039 0.975849
0 0.215749 0.79844 0.218747 0.782527 0.208633 0.776506 0.205636 0.79242
0 0.551145 0.77641 0.553186 0.756063 0.540965 0.752189 0.538924 0.772536
0 0.244693 0.630934 0.247671 0.613898 0.240022 0.609673 0.237044 0.626708
0 0.385373 0.985969 0.389465 0.965382 0.380719 0.959888 0.376627 0.980475
0 0.402627 1.0028 0.403445 0.97602 0.388316 0.974559 0.387498 1.00134
0 0.308793 0.952442 0.311034 0.931 0.300739 0.927598 0.298497 0.94904
0 0.351267 0.874672 0.352249 0.856658 0.342093 0.854908 0.341111 0.872922
0 0.046196 0.800321 0.0674523 0.775526 0.0612156 0.758629 0.0399593 0.783424
0 0.636126 0.829101 0.637269 0.809609 0.626862 0.80768 0.625719 0.827173
0 0.566977 0.797584 0.57262 0.782299 0.56278 0.770817 0.557137 0.786102
0 0.667369 0.107204 0.67509 0.0489485 0.654266 0.0402249 0.646544 0.0984806
0 0.0353755 0.823523 0.0548584 0.789001 0.0447738 0.771014 0.0252909 0.805536
0 0.40821 0.968251 0.411246 0.947847 0.402361 0.943668 0.399325 0.964072
0 0.280812 0.759694 0.2821 0.740416 0.261067 0.735974 0.259779 0.755252
0 0.0387555 0.806927 0.0592745 0.777338 0.0514428 0.760173 0.0309238 0.789762
0 0.166255 0.791158 0.17571 0.772183 0.168972 0.761573 0.159517 0.780547
0 0.436281 0.569426 0.439217 0.552626 0.427299 0.546042 0.424363 0.562843
0 0.241331 0.799263 0.243599 0.784764 0.233679 0.779859 0.231411 0.794359
0 0.258125 0.941807 0.262684 0.921189 0.252458 0.914042 0.247899 0.934659
0 0.0950165 0.77135 0.0978103 0.750523 0.0880729 0.746395 0.0852791 0.767222
0 0.396138 0.416886 0.400338 0.39523 0.385841 0.386344 0.38164 0.408
0 0.233329 0.673864 0.23574 0.657727 0.224985 0.652648 0.222574 0.668785
0 0.397753 0.968124 0.402211 0.947901 0.394833 0.942761 0.390375 0.962984
0 0.607642 0.745148 0.613059 0.727229 0.602192 0.716846 0.596775 0.734765
0 0.380784 0.966185 0.383353 0.945358 0.371646 0.940794 0.369077 0.961622
0 0.215946 0.859981 0.217646 0.835674 0.202583 0.832345 0.200883 0.856652
0 0.592093 1.00628 0.59386 0.975981 0.573236 0.97218 0.571469 1.00248
0 0.168519 0.841411 0.195257 0.819868 0.188566 0.79362 0.161827 0.815163
0 0.596444 0.406658 0.59485 0.371295 0.566204 0.375375 0.567798 0.410738
0 0.64306 1.02474 0.794892 0.80715 0.754047 0.717071 0.602215 0.934661
0 0.497431 0.719718 0.49967 0.702917 0.48903 0.698437 0.486791 0.715237
0 0.223615 0.728733 0.227126 0.709314 0.216859 0.703447 0.213348 0.722866
0 0.235622 0.618632 0.238826 0.599103 0.228742 0.593875 0.225538 0.613404
0 0.633007 0.880589 0.637716 0.854389 0.624498 0.846881 0.619789 0.873081
0 0.149057 0.807555 0.15096 0.782952 0.137907 0.779761 0.136004 0.804363
0 0.0933299 0.942881 0.105504 0.923885 0.0984627 0.909624 0.0862889 0.92862
0 0.650914 0.663523 0.655642 0.631322 0.639685 0.623917 0.634957 0.656119
0 0.447467 0.733312 0.451936 0.704792 0.432011 0.694926 0.427543 0.723446
0 0.336126 0.794099 0.34218 0.769576 0.331966 0.761606 0.325912 0.786129
0 0.206739 0.914592 0.210571 0.874055 0.18355 0.865982 0.179718 0.906519
0 0.415182 0.774428 0.428625 0.716173 0.410454 0.70292 0.39701 0.761175
0 0.545098 0.798909 0.54911 0.775248 0.540435 0.7706 0.536424 0.794261
0 0.149711 0.651866 0.151957 0.635177 0.13889 0.62962 0.136645 0.646308
0 0.572513 0.725688 0.575945 0.708125 0.565051 0.701399 0.56162 0.718962
0 0.114064 0.929489 0.135503 0.902447 0.125775 0.87807 0.104335 0.905113
0 0.58899 0.813062 0.591748 0.797234 0.580316 0.790939 0.577559 0.806767
0 0.372555 0.982159 0.374432 0.962382 0.363156 0.959001 0.361279 0.978777
0 0.538573 0.719313 0.540639 0.697918 0.530647 0.694868 0.52858 0.716263
