0 0.74464 0.782 0.848568 0.74577 0.834144 0.614994 0.730215 0.651224
0 0.171723 1.01448 0.220529 0.997786 0.215314 0.949606 0.166509 0.9663
0 0.192859 0.977058 0.206225 0.91565 0.181915 0.898927 0.168549 0.960336
0 0.134412 0.983403 0.139185 0.93252 0.109857 0.923825 0.105084 0.974708
0 0.521728 0.806001 0.523528 0.781643 0.509688 0.77841 0.507888 0.802768
0 0.98875 1.07616 1.02823 0.85156 0.797361 0.723309 0.757882 0.947912
0 0.0848101 0.967305 0.0863092 0.936387 0.0685919 0.933672 0.0670928 0.96459
0 0.458524 0.704077 0.460518 0.67373 0.444181 0.670338 0.442187 0.700684
0 0.546528 0.584022 0.561812 0.54983 0.548393 0.530871 0.533108 0.565062
0 0.688379 0.700598 0.688932 0.679848 0.676569 0.678809 0.676017 0.699558
0 0.262839 0.921388 0.275995 0.871065 0.254471 0.85328 0.241315 0.903604
0 0.546015 0.792798 0.549298 0.769984 0.537732 0.764724 0.534449 0.787538
0 0.448973 0.758841 0.468183 0.739053 0.452457 0.690803 0.433246 0.710591
0 0.489266 0.711168 0.493841 0.687697 0.47077 0.673486 0.466195 0.696958
0 0.53466 0.588322 0.534951 0.567054 0.518702 0.566352 0.518412 0.587621
0 0.114361 1.00463 0.117674 0.965334 0.0996104 0.960522 0.0962977 0.999821
0 0.0545534 0.948896 0.0736142 0.92281 0.0633893 0.899197 0.0443285 0.925283
0 0.413945 0.756443 0.411964 0.712528 0.389881 0.715675 0.391861 0.75959
0 0.361461 0.991878 0.365742 0.92629 0.331679 0.919264 0.327399 0.984852
0 0.576598 0.883574 0.604558 0.851487 0.592124 0.817244 0.564164 0.849331
0 0.463679 0.989647 0.469825 0.945854 0.44474 0.934727 0.438593 0.97852
0 0.248065 1.0063 0.251913 0.981369 0.233984 0.972623 0.230136 0.997552
0 0.59473 0.820412 0.603408 0.798688 0.587908 0.779119 0.57923 0.800843
0 0.368407 0.545563 0.375781 0.504317 0.356464 0.493402 0.34909 0.534649
0 0.12628 0.927824 0.126381 0.905248 0.106759 0.904971 0.106658 0.927547
0 0.0995403 0.971017 0.119328 0.934403 0.106729 0.912882 0.0869407 0.949496
0 0.517199 0.577897 0.521496 0.548313 0.494514 0.535927 0.490217 0.565511
0 0.567238 0.978005 0.579431 0.963691 0.566714 0.929456 0.554521 0.94377
0 0.4682 0.945432 0.483622 0.907847 0.468592 0.888355 0.45317 0.92594
0 0.294607 0.636268 0.298961 0.615913 0.285425 0.606761 0.28107 0.627116
0 0.70298 0.71782 0.704475 0.695808 0.69134 0.692989 0.689844 0.715001
0 0.575367 0.762224 0.578865 0.742713 0.567049 0.73602 0.563552 0.755531
0 0.261329 0.950028 0.281028 0.928581 0.2734 0.90644 0.253702 0.927886
0 0.547466 0.907651 0.548894 0.885117 0.532736 0.881881 0.531308 0.904415
0 0.163354 0.982042 0.183899 0.937166 0.166593 0.912125 0.146048 0.957
0 0.310238 0.65117 0.312966 0.627687 0.291763 0.619901 0.289035 0.643384
0 0.50397 0.621646 0.513346 0.572966 0.495722 0.562237 0.486346 0.610917
0 0.660691 0.704311 0.669312 0.68433 0.655555 0.66557 0.646934 0.685551
0 0.622827 0.83068 0.627973 0.813639 0.613522 0.799846 0.608376 0.816887
0 0.635896 0.825055 0.642679 0.791625 0.623374 0.779245 0.616591 0.812675
0 0.478136 0.854115 0.474511 0.791627 0.437215 0.798464 0.440839 0.860952
0 0.681114 0.75984 0.690875 0.736712 0.673047 0.712933 0.663286 0.736061
0 0.343151 0.895536 0.34412 0.814157 0.302957 0.812608 0.301988 0.893987
0 0.696798 0.657501 0.703163 0.638014 0.686399 0.620708 0.680034 0.640195
0 0.458902 0.913851 0.461839 0.885889 0.442043 0.879315 0.439105 0.907278
0 0.612821 0.770882 0.614576 0.750637 0.602727 0.747391 0.600972 0.767635
0 0.553914 0.847741 0.559351 0.806017 0.542542 0.799095 0.537106 0.840819
0 0.563829 0.796055 0.570086 0.763223 0.552419 0.752581 0.546162 0.785413
0 0.510953 0.663305 0.514168 0.637842 0.487374 0.627152 0.484159 0.652615
0 0.31587 0.629065 0.321161 0.60258 0.308575 0.594632 0.303283 0.621117
0 0.613729 0.840201 0.61624 0.815857 0.601817 0.811156 0.599307 0.8355
0 0.446087 0.990149 0.447677 0.960424 0.433809 0.95808 0.432219 0.987805
0 0.571646 0.998706 0.570197 0.961086 0.550737 0.963455 0.552186 1.00108
0 0.281138 0.824482 0.29837 0.799103 0.288144 0.777158 0.270912 0.802536
0 0.0594602 0.996628 0.078531 0.972918 0.0702143 0.951777 0.0511436 0.975487
0 0.586153 0.955583 0.590548 0.928316 0.574757 0.920271 0.570361 0.947538
0 0.669364 0.670941 0.679614 0.645666 0.668463 0.631375 0.658213 0.65665
0 0.626291 0.865635 0.62765 0.841065 0.607156 0.837483 0.605797 0.862053
0 0.583889 0.994908 0.585429 0.969574 0.570857 0.966775 0.569317 0.992109
0 0.596234 0.915279 0.603071 0.886769 0.57562 0.865965 0.568784 0.894475
0 0.510132 0.943868 0.508305 0.904286 0.480203 0.908384 0.482029 0.947966
0 0.174585 0.930247 0.182174 0.904188 0.170348 0.893302 0.162758 0.919361
0 0.299379 0.623577 0.305936 0.601233 0.29324 0.589458 0.286683 0.611801
0 0.230776 0.988264 0.24166 0.960104 0.229345 0.945059 0.21846 0.973219
0 0.0974221 0.945416 0.0998479 0.900801 0.0738238 0.896329 0.0713979 0.940943
0 0.315495 0.679069 0.323913 0.659119 0.30912 0.639391 0.300702 0.659341
0 0.563052 0.891523 0.566518 0.862014 0.549243 0.855601 0.545777 0.885109
0 0.0498076 0.99031 0.0684401 0.956647 0.0577942 0.938024 0.0391617 0.971687
0 0.448357 0.819673 0.456582 0.765519 0.416076 0.746074 0.40785 0.800228
0 0.744826 1.06548 0.822681 0.94719 0.740273 0.775767 0.662419 0.894053
0 0.248614 0.960644 0.251153 0.932336 0.233909 0.927449 0.23137 0.955757
0 0.0584255 0.358789 0.0766876 0.342477 0.0631405 0.294543 0.0448784 0.310855
0 0.407483 0.954852 0.413704 0.927655 0.401465 0.918807 0.395244 0.946003
0 0.555649 0.921223 0.568318 0.894418 0.556591 0.876899 0.543922 0.903704
0 0.246421 0.93974 0.254304 0.909519 0.236368 0.894731 0.228484 0.924953
0 0.64975 0.811925 0.652716 0.791353 0.640997 0.786013 0.638031 0.806585
0 0.556994 0.771527 0.559839 0.747935 0.547657 0.743293 0.544812 0.766885
0 0.686403 0.78897 0.694792 0.772987 0.679822 0.748153 0.671433 0.764136
0 0.328468 0.955372 0.329994 0.929545 0.312592 0.926295 0.311066 0.952123
0 0.620312 0.89009 0.623795 0.859967 0.598754 0.850818 0.595272 0.88094
0 0.708607 0.638898 0.711313 0.617478 0.698935 0.612534 0.696228 0.633953
0 0.559052 0.862759 0.56444 0.842682 0.554979 0.834659 0.549592 0.854736
0 0.676207 0.702005 0.677738 0.681766 0.666781 0.679147 0.66525 0.699386
0 0.465867 0.894711 0.473825 0.853797 0.458721 0.844512 0.450763 0.885427
0 0.331384 0.61775 0.331616 0.580941 0.316653 0.580643 0.316422 0.617453
0 0.0767737 1.01803 0.107347 0.990969 0.0974461 0.955621 0.0668727 0.982686
0 0.485848 0.766388 0.489165 0.723612 0.474978 0.720134 0.471661 0.762911
0 0.306629 0.720029 0.319997 0.657448 0.269353 0.623259 0.255986 0.685839
0 0.343046 0.936418 0.347545 0.901191 0.331312 0.894639 0.326813 0.929866
0 0.290465 0.906359 0.309801 0.884705 0.303013 0.865547 0.283677 0.8872
0 0.300545 0.937232 0.313159 0.896628 0.299975 0.883684 0.287361 0.924287
0 0.417089 0.97847 0.424996 0.938364 0.41305 0.930921 0.405144 0.971027
0 0.382533 0.960164 0.384536 0.921458 0.3643 0.918147 0.362296 0.956853
0 0.52844 0.855748 0.53265 0.836311 0.518232 0.826441 0.514022 0.845878
0 0.218489 0.975621 0.231632 0.952019 0.22204 0.935137 0.208897 0.958739
0 0.290057 0.842426 0.306759 0.817684 0.297879 0.79874 0.281177 0.823482
0 0.16682 0.890554 0.179702 0.860705 0.16935 0.846587 0.156469 0.876436
0 0.645714 0.697898 0.6488 0.67541 0.637312 0.670427 0.634226 0.692916
0 0.385219 0.991591 0.39731 0.954409 0.382567 0.939258 0.370477 0.97644
0 0.550187 0.997042 0.556402 0.948469 0.523987 0.935359 0.517771 0.983932
0 0.529475 0.828179 0.530622 0.801945 0.514749 0.799751 0.513602 0.825985
0 0.290997 1.00889 0.301315 0.97302 0.288821 0.961662 0.278504 0.997527
0 0.587356 0.788438 0.589702 0.766895 0.577143 0.762572 0.574796 0.784115
0 0.0399118 0.977413 0.049227 0.949579 0.0367925 0.936427 0.0274774 0.964262
0 0.316464 0.491381 0.34279 0.463147 0.33297 0.434207 0.306644 0.462442
0 0.288533 0.787845 0.289607 0.768655 0.275096 0.766087 0.274022 0.785278
0 0.270496 0.926062 0.282398 0.899546 0.271916 0.884674 0.260013 0.91119
0 0.282654 0.957935 0.292063 0.928439 0.281394 0.917683 0.271985 0.947179
0 0.00489532 0.99591 0.0311969 0.956574 0.018132 0.928965 -0.00816962 0.968301
0 0.0185614 0.9364 0.0228634 0.895577 -0.00102597 0.887621 -0.00532792 0.928444
0 0.159241 0.958984 0.156739 0.895915 0.127384 0.899596 0.129887 0.962665
0 0.504447 0.692381 0.508058 0.65932 0.485021 0.651369 0.48141 0.68443
0 0.528526 0.549226 0.529446 0.527613 0.51382 0.525511 0.5129 0.547124
0 0.638834 0.673074 0.64454 0.654559 0.632769 0.643091 0.627062 0.661607
0 0.539672 0.832751 0.542473 0.806155 0.529316 0.801776 0.526515 0.828372
0 0.50731 0.865073 0.509431 0.799836 0.472881 0.796079 0.47076 0.861317
0 0.176334 0.796585 0.181854 0.7705 0.169961 0.762545 0.16444 0.788631
0 0.35959 0.932797 0.368812 0.905021 0.349911 0.885189 0.340689 0.912965
0 0.118888 1.00861 0.153192 0.988751 0.147943 0.960091 0.113639 0.979947
0 0.710604 0.611832 0.712214 0.594622 0.701709 0.591516 0.7001 0.608726
0 0.0474847 0.890673 0.0720446 0.870733 0.0650607 0.843547 0.0405008 0.863487
0 0.475766 0.550069 0.479645 0.528106 0.468471 0.521868 0.464592 0.543831
0 0.336424 0.712374 0.34465 0.69525 0.331017 0.674555 0.322792 0.691679
0 0.299859 0.592294 0.304836 0.571004 0.295457 0.564074 0.29048 0.585364
0 0.589179 0.627162 0.591129 0.59872 0.574218 0.595054 0.572267 0.623496
0 0.491323 0.587664 0.497775 0.565876 0.486858 0.55566 0.480407 0.577448
0 0.0499357 0.907438 0.0670943 0.888106 0.0586061 0.864295 0.0414475 0.883627
0 0.545038 0.81111 0.545759 0.78765 0.533314 0.786442 0.532593 0.809902
0 0.589842 0.976991 0.593887 0.9523 0.579338 0.944767 0.575293 0.969457
0 0.56784 0.703976 0.57764 0.677031 0.565317 0.662867 0.555518 0.689812
0 0.332943 0.684904 0.339743 0.667568 0.33125 0.657041 0.324451 0.674378
0 0.442085 1.00685 0.44374 0.978651 0.418305 0.973932 0.41665 1.00213
0 0.463333 0.547357 0.473884 0.518279 0.46036 0.502771 0.449809 0.531849
0 0.695892 0.738569 0.699214 0.71935 0.687058 0.712709 0.683736 0.731928
0 0.711696 0.586191 0.712793 0.564182 0.699954 0.562159 0.698857 0.584168
0 0.496414 0.681289 0.498412 0.653011 0.478768 0.648623 0.476769 0.676901
0 0.157593 0.787548 0.157315 0.731059 0.126407 0.73154 0.126686 0.78803
0 0.818587 0.640739 0.824824 0.622391 0.802126 0.598003 0.795888 0.616352
0 0.291757 0.974596 0.300516 0.939413 0.289973 0.931117 0.281214 0.9663
0 0.649346 0.831753 0.656025 0.8103 0.645199 0.799649 0.638521 0.821102
0 0.0760926 0.848875 0.0986471 0.813154 0.0887715 0.793446 0.066217 0.829167
0 0.622399 0.79207 0.624008 0.769624 0.60972 0.766387 0.608111 0.788832
0 0.211701 0.958417 0.236356 0.918892 0.224593 0.895702 0.199938 0.935228
0 0.56682 0.747089 0.573393 0.727836 0.564954 0.718731 0.558381 0.737984
0 0.298582 0.763247 0.301784 0.738699 0.285616 0.732034 0.282414 0.756582
0 0.349042 0.650993 0.352025 0.632093 0.34167 0.626928 0.338687 0.645828
0 0.578816 0.662983 0.585368 0.642001 0.576098 0.632854 0.569547 0.653837
0 0.471742 0.965146 0.47666 0.947487 0.463794 0.936161 0.458876 0.95382
0 0.541639 0.629279 0.54607 0.592705 0.514121 0.58047 0.509689 0.617045
0 0.585489 0.83153 0.588107 0.808788 0.57595 0.804366 0.573332 0.827107
0 0.538536 0.95538 0.541852 0.928892 0.525612 0.922466 0.522295 0.948954
0 0.547521 0.751382 0.549206 0.728751 0.536014 0.725647 0.53433 0.748277
0 0.718786 0.651196 0.725144 0.634462 0.713256 0.620189 0.706899 0.636923
0 0.329942 0.557129 0.337633 0.535751 0.328026 0.524827 0.320335 0.546205
0 0.228103 1.00704 0.231883 0.979789 0.217462 0.973469 0.213683 1.00072
0 0.596875 0.568957 0.59957 0.544821 0.583262 0.539066 0.580567 0.563202
0 0.141857 0.877301 0.167632 0.840462 0.154524 0.811479 0.12875 0.848319
0 0.323134 0.978478 0.325617 0.95388 0.311827 0.949481 0.309344 0.974078
0 0.55657 0.733836 0.572444 0.711405 0.564829 0.694375 0.548956 0.716805
0 0.491281 0.963889 0.492227 0.93825 0.473814 0.936103 0.472868 0.961741
0 0.419225 0.912613 0.44916 0.830464 0.407852 0.782891 0.377918 0.86504
0 0.431231 0.730774 0.443853 0.69613 0.426532 0.676186 0.41391 0.71083
0 0.156321 0.876579 0.172452 0.83882 0.15787 0.819133 0.14174 0.856891
0 0.648437 0.757771 0.647817 0.722756 0.628686 0.723827 0.629306 0.758842
0 0.0212971 0.90846 0.0341292 0.883185 0.0246673 0.868003 0.0118352 0.893278
0 0.0328665 0.960582 0.0426733 0.935071 0.0309064 0.920775 0.0210995 0.946286
0 0.305292 0.954267 0.311563 0.929446 0.300895 0.920928 0.294624 0.94575
0 0.336681 0.573002 0.345255 0.545899 0.335547 0.536192 0.326973 0.563295
0 0.441874 0.769763 0.448519 0.731483 0.419652 0.715645 0.413007 0.753925
0 0.696925 0.598084 0.70016 0.578941 0.689247 0.573112 0.686012 0.592254
0 0.151719 0.319517 0.180353 0.288309 0.14845 0.195793 0.119816 0.227
0 0.383788 0.515915 0.385898 0.492134 0.372652 0.48842 0.370542 0.512201
0 0.269257 0.992144 0.279329 0.968634 0.270038 0.956053 0.259965 0.979563
0 0.0654973 0.624715 0.0649832 0.575882 0.0325229 0.576962 0.033037 0.625795
0 0.360044 0.899194 0.369695 0.880307 0.36164 0.867298 0.351989 0.886185
0 0.662655 0.775433 0.665365 0.751582 0.65423 0.747582 0.651519 0.771433
0 0.565408 0.806944 0.567268 0.790176 0.554938 0.785853 0.553078 0.802621
0 0.211876 0.934132 0.213515 0.897523 0.195684 0.895 0.194045 0.931609
0 0.326486 1.00409 0.328159 0.977416 0.313098 0.974428 0.311424 1.0011
0 0.507449 0.816071 0.511685 0.798815 0.498022 0.788214 0.493786 0.80547
0 0.690929 0.582815 0.697028 0.564651 0.686673 0.553663 0.680574 0.571827
0 0.632835 0.787014 0.636375 0.770221 0.623764 0.761819 0.620224 0.778611
0 0.682653 0.722054 0.685264 0.704417 0.674198 0.699239 0.671587 0.716877
0 0.208436 0.968543 0.224398 0.936495 0.213507 0.919349 0.197544 0.951397
0 0.568325 0.926529 0.576972 0.903423 0.567915 0.89271 0.559268 0.915816
0 0.516966 0.981787 0.519396 0.950006 0.503838 0.946247 0.501409 0.978029
0 0.677207 0.799594 0.678122 0.770799 0.658133 0.76879 0.657217 0.797585
0 0.495343 1.0108 0.512129 0.989615 0.496375 0.950161 0.479588 0.971347
0 0.503454 0.720763 0.504989 0.701377 0.491113 0.697904 0.489577 0.717289
0 0.309921 0.994529 0.312383 0.97372 0.301922 0.969808 0.29946 0.990618
0 0.462792 1.01409 0.484913 0.992189 0.477186 0.967527 0.455066 0.989431
0 0.136334 1.00013 0.164381 0.989145 0.161581 0.966547 0.133535 0.97753
0 0.148536 0.622761 0.146512 0.593369 0.126479 0.597729 0.128503 0.627121
0 0.516658 0.940081 0.525752 0.922246 0.5141 0.903466 0.505005 0.921301
0 0.501304 0.88144 0.504638 0.836174 0.47366 0.828962 0.470325 0.874228
0 0.600958 0.992457 0.609397 0.966457 0.593667 0.950321 0.585228 0.976322
0 0.460463 0.774513 0.462964 0.751523 0.449738 0.746975 0.447237 0.769965
0 0.380153 0.728487 0.380838 0.706562 0.367698 0.705265 0.367013 0.72719
0 0.586983 0.930729 0.589222 0.907827 0.574781 0.903364 0.572542 0.926267
0 0.702273 0.562159 0.702982 0.545018 0.691585 0.543528 0.690876 0.560668
0 0.138156 0.851937 0.138573 0.807087 0.116039 0.806423 0.115621 0.851274
0 0.0443489 1.00442 0.044394 0.972184 0.00594845 0.972014 0.00590338 1.00425
0 0.437052 0.973515 0.4419 0.947818 0.430557 0.941055 0.425709 0.966752
0 0.381575 0.549719 0.392224 0.520479 0.381662 0.508322 0.371013 0.537562
0 0.360251 1.00211 0.359111 0.981551 0.334124 0.985928 0.335263 1.00649
0 0.313432 0.614187 0.318168 0.590369 0.304735 0.581926 0.299999 0.605744
0 0.546023 1.00702 0.547576 0.981832 0.522591 0.976964 0.521038 1.00215
0 0.504309 0.701574 0.506387 0.681687 0.492458 0.677088 0.49038 0.696975
0 0.370758 0.998803 0.375584 0.966039 0.365017 0.96112 0.360192 0.993884
0 0.457304 0.673304 0.459638 0.654623 0.449089 0.650457 0.446755 0.669139
0 0.186719 0.852335 0.189728 0.829789 0.177759 0.824741 0.17475 0.847287
0 0.432218 0.955392 0.439551 0.92739 0.427623 0.917518 0.42029 0.94552
0 0.414355 0.676382 0.420701 0.650046 0.410269 0.642101 0.403923 0.668437
0 0.398029 0.983474 0.406651 0.954608 0.393765 0.942444 0.385144 0.97131
0 0.474386 0.896466 0.479651 0.86394 0.466885 0.857409 0.46162 0.889935
0 0.323124 0.932029 0.32774 0.909767 0.315979 0.902059 0.311363 0.924321
0 0.340334 0.626224 0.343821 0.609304 0.334589 0.603289 0.331102 0.620209
0 0.33491 0.665001 0.338938 0.641223 0.326967 0.634815 0.32294 0.658592
0 0.557447 0.751711 0.560762 0.731929 0.550784 0.726646 0.54747 0.746428
0 0.537785 0.522034 0.539842 0.506546 0.528867 0.50194 0.52681 0.517427
0 0.462864 0.789018 0.46447 0.769967 0.450417 0.766223 0.448811 0.785273
0 0.684012 0.592988 0.685589 0.574584 0.673386 0.571278 0.671809 0.589683
0 0.671749 0.686108 0.676876 0.66898 0.666884 0.659527 0.661757 0.676656
0 0.605465 0.972562 0.616253 0.95747 0.60389 0.929542 0.593103 0.944634
0 0.499506 0.776564 0.503821 0.754537 0.491115 0.746669 0.4868 0.768696
0 0.568517 0.839426 0.573942 0.812851 0.562369 0.805383 0.556944 0.831959
0 0.469881 0.897105 0.477594 0.86025 0.463827 0.851145 0.456114 0.888
0 0.61798 1.00951 0.622423 0.987088 0.60381 0.975431 0.599366 0.997853
0 0.183648 0.806139 0.196033 0.787804 0.187893 0.770425 0.175508 0.78876
0 0.54501 0.764739 0.546291 0.745795 0.53396 0.743159 0.532679 0.762103
0 0.578156 0.794049 0.581373 0.771041 0.568972 0.765562 0.565756 0.788571
0 0.261166 0.994796 0.267071 0.971592 0.257508 0.963901 0.251603 0.987105
0 0.507059 0.797048 0.509696 0.773962 0.496869 0.769331 0.494232 0.792417
0 0.218319 0.80315 0.224219 0.766257 0.195183 0.751581 0.189283 0.788475
0 0.542765 0.884212 0.545277 0.855843 0.532569 0.852286 0.530057 0.880655
0 0.600859 0.793922 0.602885 0.778076 0.590042 0.772887 0.588016 0.788732
0 0.749447 0.680655 0.752174 0.655281 0.736999 0.650126 0.734272 0.6755
0 0.603382 1.00478 0.603115 0.984291 0.580647 0.985214 0.580914 1.0057
0 0.316564 0.801388 0.323688 0.769222 0.310804 0.760205 0.303681 0.792371
0 0.548075 0.655314 0.553906 0.63897 0.545987 0.630041 0.540156 0.646386
0 0.310943 0.972075 0.316727 0.948002 0.30569 0.939619 0.299905 0.963692
0 0.115643 0.817649 0.122861 0.782113 0.108719 0.773034 0.101501 0.80857
0 0.152728 0.812337 0.164933 0.780797 0.155355 0.769082 0.143149 0.800623
0 0.867338 0.716976 0.873357 0.688971 0.860251 0.680069 0.854232 0.708075
0 0.812051 0.607937 0.81362 0.584129 0.790871 0.579389 0.789302 0.603197
0 0.476501 0.778759 0.478446 0.752913 0.465226 0.749769 0.463281 0.775615
0 0.634193 0.992034 0.763939 0.820492 0.725442 0.728466 0.595695 0.900009
0 0.608681 0.807312 0.610317 0.787819 0.600939 0.785331 0.599303 0.804824
0 0.108517 0.908769 0.111238 0.870424 0.0868621 0.864957 0.0841409 0.903302
0 0.118009 0.908045 0.120942 0.861831 0.0924307 0.856113 0.0894982 0.902327
0 0.808125 0.592767 0.814382 0.570483 0.79405 0.55244 0.787793 0.574724
0 0.617335 0.789236 0.61797 0.769333 0.605052 0.76803 0.604417 0.787934
0 0.456581 0.945438 0.464025 0.930609 0.452289 0.911988 0.444844 0.926817
0 0.724518 0.631253 0.726908 0.61509 0.714086 0.609097 0.711696 0.625261
0 0.562568 0.671271 0.569608 0.650093 0.559553 0.639529 0.552513 0.660708
0 0.171653 0.907501 0.179026 0.887232 0.169628 0.876428 0.162255 0.896697
0 0.00361904 0.964061 0.0174978 0.933059 0.00643609 0.917408 -0.00744265 0.94841
0 0.596429 0.651266 0.59778 0.633874 0.5884 0.631571 0.587049 0.648963
0 0.660473 0.813009 0.66291 0.796414 0.65281 0.791726 0.650373 0.808321
0 0.329351 0.809254 0.332627 0.779821 0.319757 0.775293 0.316481 0.804727
0 0.153358 1.01071 0.1701 1.00062 0.166107 0.979681 0.149366 0.989772
0 0.527267 0.916177 0.529531 0.893958 0.516378 0.889724 0.514115 0.911943
0 0.73228 0.709688 0.741461 0.691745 0.728575 0.670909 0.719395 0.688853
0 0.0632088 0.913399 0.0811696 0.889576 0.0732792 0.870775 0.0553185 0.894598
0 0.686652 0.65561 0.690582 0.639063 0.678864 0.630267 0.674934 0.646814
0 0.200792 0.710418 0.202055 0.685176 0.187006 0.682796 0.185743 0.708039
0 0.649116 0.792011 0.651312 0.772775 0.638587 0.768183 0.63639 0.787418
0 0.0468903 0.650022 0.04454 0.611662 0.0150749 0.617368 0.0174252 0.655727
0 0.357502 0.570464 0.361133 0.553125 0.352357 0.547316 0.348725 0.564654
0 0.188772 0.828335 0.204746 0.802751 0.197083 0.787627 0.181108 0.813211
0 0.0335108 0.920482 0.0448019 0.896813 0.035253 0.882416 0.0239619 0.906084
0 0.138203 0.899453 0.140033 0.87707 0.126334 0.873529 0.124504 0.895912
0 0.677306 0.812308 0.680389 0.786325 0.662964 0.779791 0.659881 0.805773
0 0.281105 0.966147 0.289038 0.936636 0.278647 0.927808 0.270714 0.95732
0 0.396568 1.00743 0.400864 0.979092 0.3842 0.971106 0.379904 0.999441
0 0.177263 0.832146 0.18497 0.79996 0.169651 0.788367 0.161944 0.820554
0 0.183759 0.899898 0.190119 0.878708 0.179916 0.869028 0.173556 0.890219
0 0.284036 0.898086 0.287634 0.879741 0.275234 0.872056 0.271637 0.890401
0 0.168863 0.769831 0.178547 0.745196 0.168043 0.732145 0.158358 0.75678
0 0.754878 0.674632 0.785411 0.650331 0.777756 0.619933 0.747224 0.644234
0 0.394583 1.006 0.396074 0.978997 0.377366 0.975733 0.375875 1.00274
0 0.285004 0.646574 0.28641 0.619156 0.269936 0.616486 0.26853 0.643903
0 0.262892 0.972564 0.270579 0.948184 0.258891 0.936538 0.251205 0.960918
0 0.569114 0.880579 0.575091 0.857992 0.562218 0.847226 0.556241 0.869813
0 0.528978 0.553265 0.529803 0.535442 0.517272 0.53361 0.516447 0.551433
0 0.611622 0.743058 0.613142 0.728992 0.60342 0.725671 0.6019 0.739736
0 0.591811 0.666609 0.593929 0.651966 0.584768 0.647778 0.58265 0.662421
0 0.521368 0.955384 0.527643 0.92923 0.513573 0.918562 0.507298 0.944715
0 0.571928 0.940543 0.574785 0.92273 0.564659 0.917598 0.561802 0.935411
0 0.561541 0.941888 0.567325 0.924956 0.550586 0.906887 0.544803 0.923819
0 0.37252 0.469184 0.373843 0.43819 0.357037 0.435922 0.355714 0.466917
0 0.162898 0.912115 0.164383 0.88638 0.147732 0.883342 0.146247 0.909077
0 0.684495 0.67654 0.688863 0.659039 0.679849 0.651929 0.675481 0.66943
0 0.0946316 0.807331 0.0968373 0.783149 0.0778246 0.777668 0.0756189 0.80185
0 0.423452 0.744108 0.425414 0.715764 0.411878 0.712803 0.409916 0.741147
0 0.708213 0.670721 0.709782 0.655926 0.701729 0.653226 0.70016 0.668022
0 0.0673865 0.328664 0.0889668 0.299068 0.0615236 0.235826 0.0399433 0.265423
0 0.552275 0.955854 0.559403 0.938633 0.545317 0.920205 0.538189 0.937426
0 0.0310584 0.20162 0.0342182 0.14526 -0.00207767 0.138829 -0.00523745 0.195188
0 0.28422 0.584801 0.297 0.567961 0.290151 0.551536 0.277372 0.568376
0 0.338086 0.536742 0.342552 0.518891 0.333429 0.511677 0.328962 0.529527
0 0.500374 0.912883 0.505102 0.882311 0.489385 0.874629 0.484657 0.905201
0 0.432741 0.765732 0.436631 0.728412 0.415905 0.721584 0.412015 0.758904
0 0.51292 0.9177 0.516077 0.888375 0.501063 0.883267 0.497906 0.912592
0 0.0344571 0.856144 0.036353 0.827421 0.0208981 0.824197 0.0190021 0.85292
0 0.0514501 0.999773 0.0606043 0.965664 0.0461638 0.953415 0.0370096 0.987524
0 0.339145 0.997646 0.340942 0.974695 0.326751 0.971182 0.324954 0.994133
0 0.650311 0.658534 0.652578 0.641771 0.642347 0.637399 0.640081 0.654162
0 0.298088 0.785404 0.302774 0.769808 0.289152 0.756872 0.284466 0.772467
0 0.635389 0.863178 0.64182 0.840806 0.629262 0.829398 0.622831 0.85177
0 0.346525 0.598982 0.350085 0.576781 0.337922 0.570617 0.334362 0.592818
0 0.12978 0.876465 0.131832 0.85098 0.112223 0.84599 0.110171 0.871476
0 0.551282 0.880664 0.552916 0.852327 0.540758 0.85011 0.539124 0.878447
0 0.450747 0.542645 0.453839 0.522745 0.443357 0.517597 0.440264 0.537497
0 0.369073 0.604886 0.373229 0.58932 0.363349 0.580982 0.359192 0.596548
0 0.375077 0.500759 0.376923 0.482003 0.367274 0.479001 0.365427 0.497756
0 0.202646 0.823107 0.212076 0.798709 0.203693 0.788468 0.194263 0.812865
0 0.543078 0.905833 0.543865 0.884351 0.529425 0.882678 0.528637 0.90416
0 0.408568 1.00274 0.413711 0.972514 0.399276 0.964753 0.394133 0.994981
0 0.329757 0.73213 0.333268 0.707541 0.321528 0.702242 0.318017 0.726831
0 0.291741 0.728317 0.29431 0.701967 0.272238 0.695165 0.269669 0.721515
0 0.588042 0.755758 0.589904 0.739147 0.578771 0.735203 0.57691 0.751814
0 0.274464 0.613203 0.280095 0.591222 0.266694 0.580372 0.261063 0.602353
0 0.402677 0.932621 0.406051 0.904258 0.393524 0.899548 0.39015 0.927911
0 0.485214 0.99921 0.495569 0.975906 0.483293 0.958666 0.472938 0.98197
0 0.403603 0.684276 0.408885 0.661283 0.399454 0.654436 0.394172 0.677428
0 0.415873 0.574624 0.418924 0.558782 0.410333 0.553554 0.407282 0.569395
0 0.58988 0.722544 0.591516 0.705775 0.57944 0.702051 0.577803 0.71882
0 0.312456 1.00662 0.31267 0.989818 0.302049 0.989391 0.301836 1.0062
0 0.0275101 0.83009 0.0341212 0.782823 0.00512606 0.770006 -0.00148506 0.817273
0 0.490159 0.903151 0.496908 0.878367 0.479135 0.863069 0.472386 0.887854
0 0.343959 0.822819 0.346857 0.792144 0.330955 0.787396 0.328057 0.81807
0 0.383693 0.69845 0.385616 0.684004 0.376369 0.680113 0.374445 0.694559
0 0.345762 0.517421 0.34705 0.495057 0.335759 0.493003 0.334471 0.515367
0 0.568985 0.854486 0.577587 0.837249 0.570043 0.82535 0.561441 0.842587
0 0.45715 0.928113 0.461531 0.907104 0.446436 0.897157 0.442056 0.918166
0 0.332389 0.589672 0.334611 0.569176 0.322958 0.565182 0.320735 0.585679
0 0.16264 0.828759 0.16739 0.805612 0.156378 0.79847 0.151628 0.821617
0 0.288005 0.611943 0.294614 0.588491 0.284535 0.579514 0.277926 0.602966
0 0.0579743 1.01498 0.0922216 0.995634 0.0870025 0.966439 0.0527552 0.985788
0 0.544199 0.927832 0.548244 0.905462 0.534934 0.897855 0.530889 0.920225
0 0.624124 0.649995 0.624852 0.636248 0.615909 0.634752 0.615181 0.648499
0 0.082382 0.795924 0.0867992 0.768405 0.0739734 0.761898 0.0695562 0.789417
0 0.532667 0.565631 0.5355 0.549657 0.525219 0.543896 0.522387 0.559871
0 0.722447 0.605541 0.723501 0.586652 0.711906 0.584606 0.710851 0.603495
0 0.659003 0.682957 0.663428 0.669151 0.653133 0.658723 0.648708 0.672529
0 0.323261 0.733575 0.329324 0.698623 0.318992 0.692958 0.312928 0.72791
0 0.527036 0.897837 0.528648 0.876109 0.515324 0.872985 0.513712 0.894713
