0 0.51265 1.0256 0.532043 0.934001 0.465758 0.889647 0.446365 0.981246
0 0.583996 0.61042 0.581397 0.554964 0.551327 0.559417 0.553926 0.614874
0 0.987585 1.07668 1.02394 0.863472 0.811928 0.749229 0.775577 0.962438
0 0.437618 0.904649 0.438748 0.853758 0.409786 0.851726 0.408657 0.902617
0 0.457327 0.961706 0.465444 0.927128 0.442283 0.909946 0.434166 0.944524
0 0.531964 0.893057 0.541063 0.858574 0.525411 0.845521 0.516312 0.880004
0 0.427438 0.962934 0.449431 0.906269 0.428538 0.880638 0.406544 0.937303
0 0.233937 0.957978 0.245085 0.824913 0.178 0.80715 0.166852 0.940215
0 0.623741 0.966299 0.624892 0.917423 0.598395 0.91545 0.597243 0.964326
0 0.466546 0.804807 0.464301 0.760018 0.437498 0.764264 0.439743 0.809053
0 0.539947 0.849443 0.549152 0.811897 0.536164 0.801833 0.526959 0.839379
0 0.106215 0.433776 0.114741 0.367685 0.0679634 0.348613 0.0594376 0.414704
0 0.15117 0.903657 0.151574 0.865949 0.129896 0.865215 0.129492 0.902923
0 0.637462 0.771348 0.642066 0.745675 0.624092 0.735489 0.619488 0.761162
0 0.425568 0.868311 0.451986 0.851088 0.446286 0.823452 0.419867 0.840675
0 0.545318 0.794367 0.548987 0.774489 0.535375 0.766549 0.531706 0.786426
0 0.118554 0.82788 0.129618 0.781131 0.111634 0.76768 0.10057 0.814429
0 0.466639 0.919397 0.471467 0.854012 0.443811 0.847557 0.438983 0.912942
0 0.544455 0.963015 0.546464 0.925875 0.52535 0.922266 0.523341 0.959405
0 0.606354 0.928874 0.610043 0.884753 0.583944 0.877856 0.580255 0.921977
0 0.559021 1.00952 0.573868 0.97451 0.560096 0.956053 0.545249 0.991066
0 0.282497 0.951932 0.289969 0.931558 0.2801 0.920117 0.272627 0.94049
0 0.463446 0.992786 0.470849 0.945063 0.450663 0.935166 0.443259 0.982889
0 0.332387 0.972249 0.331954 0.945492 0.31159 0.946534 0.312023 0.973291
0 0.184408 1.02324 0.232931 0.99371 0.222531 0.939698 0.174008 0.969226
0 0.71274 0.628744 0.724701 0.589422 0.699232 0.564938 0.687271 0.60426
0 0.298705 1.00984 0.31143 0.974655 0.28727 0.947043 0.274545 0.982232
0 0.0878932 0.821828 0.0902539 0.783213 0.0721281 0.779711 0.0697675 0.818326
0 0.212506 0.774182 0.214955 0.749805 0.200622 0.745254 0.198173 0.769632
0 0.57626 0.702094 0.577203 0.670702 0.558223 0.6689 0.55728 0.700292
0 0.104866 0.842754 0.108462 0.812072 0.0903854 0.805375 0.086789 0.836058
0 0.231117 0.743063 0.235325 0.715698 0.212979 0.704837 0.208771 0.732201
0 0.0809592 0.872566 0.0836545 0.845595 0.0616878 0.838657 0.0589925 0.865628
0 0.503519 0.835967 0.50063 0.796568 0.474922 0.802526 0.477811 0.841925
0 0.363118 0.945133 0.37067 0.911791 0.357577 0.902417 0.350025 0.93576
0 0.245249 0.744457 0.249977 0.710881 0.234537 0.70401 0.229809 0.737585
0 0.738367 0.668875 0.734382 0.629506 0.7019 0.639899 0.705886 0.679268
0 0.561536 0.721341 0.55887 0.694341 0.535381 0.701672 0.538047 0.728672
0 0.174229 0.817073 0.191021 0.779501 0.175961 0.758227 0.159168 0.795798
0 0.226911 0.763302 0.230066 0.741662 0.218187 0.736187 0.215031 0.757827
0 0.643922 0.899385 0.646027 0.863775 0.628246 0.860452 0.62614 0.896062
0 0.159371 0.913878 0.161529 0.886819 0.146051 0.882917 0.143893 0.909976
0 0.198339 0.789581 0.204894 0.769849 0.18814 0.752258 0.181585 0.77199
0 0.569034 0.90315 0.574321 0.874529 0.558723 0.865422 0.553436 0.894043
0 0.35719 0.425883 0.361421 0.359215 0.321312 0.351169 0.31708 0.417838
0 0.0685607 0.874866 0.061262 0.798681 0.00140361 0.816804 0.00870228 0.89299
0 0.329823 0.995108 0.341906 0.972584 0.332029 0.955838 0.319946 0.978362
0 0.531519 0.706569 0.542058 0.675003 0.530052 0.662333 0.519512 0.693899
0 0.550405 0.923188 0.562021 0.864337 0.539405 0.85023 0.52779 0.909081
0 0.601063 0.42433 0.606116 0.358608 0.567542 0.349234 0.562489 0.414956
0 0.788073 1.04629 0.839544 0.96205 0.756177 0.801056 0.704706 0.885294
0 0.613273 0.997479 0.609073 0.954102 0.56488 0.967623 0.569079 1.011
0 0.22301 0.702251 0.222895 0.681767 0.207084 0.682049 0.2072 0.702533
0 0.317451 1.00834 0.327183 0.982524 0.316078 0.969296 0.306346 0.995116
0 0.537843 0.806806 0.540553 0.787807 0.529735 0.782931 0.527025 0.801931
0 0.5557 0.83245 0.564839 0.812315 0.549009 0.789606 0.53987 0.809741
0 0.237616 0.719521 0.241021 0.697351 0.229236 0.691628 0.22583 0.713799
0 0.0515613 0.823185 0.0580496 0.79688 0.0431253 0.785246 0.036637 0.81155
0 0.480736 0.774899 0.481835 0.739702 0.462102 0.737756 0.461003 0.772953
0 0.231778 0.588129 0.224098 0.538288 0.186865 0.556419 0.194545 0.606261
0 0.126956 0.856892 0.124646 0.822775 0.0989617 0.82827 0.101272 0.862387
0 0.250072 0.714452 0.261164 0.673574 0.246659 0.661135 0.235567 0.702012
0 0.438019 1.00137 0.447829 0.972268 0.436313 0.960001 0.426503 0.989107
0 0.213675 0.624897 0.2204 0.603348 0.209291 0.592391 0.202566 0.61394
0 0.312756 0.994131 0.31615 0.967953 0.304582 0.963214 0.301189 0.989392
0 0.0719505 0.813494 0.0788269 0.76675 0.0593944 0.757715 0.052518 0.804459
0 0.527693 0.937221 0.533897 0.895074 0.512107 0.884936 0.505903 0.927083
0 0.0894632 0.862022 0.0945998 0.834427 0.0821783 0.827119 0.0770418 0.854714
0 0.616127 0.783004 0.624359 0.756544 0.612445 0.744831 0.604214 0.77129
0 0.434769 0.980532 0.448782 0.946589 0.432011 0.924707 0.417998 0.958649
0 0.146743 0.846062 0.147632 0.805034 0.118953 0.80307 0.118064 0.844099
0 0.465005 0.857701 0.480418 0.819547 0.464823 0.799635 0.44941 0.837789
0 0.279918 1.00182 0.278555 0.974811 0.259648 0.977826 0.261011 1.00484
0 0.570159 0.882354 0.577321 0.87277 0.565088 0.843878 0.557926 0.853462
0 0.0664884 0.770849 0.0759637 0.744465 0.0592784 0.725526 0.049803 0.751911
0 0.386082 0.934631 0.39435 0.913479 0.38344 0.899999 0.375171 0.921151
0 0.032702 0.797829 0.0597407 0.768355 0.0530016 0.748816 0.0259629 0.778289
0 0.053097 0.815066 0.0709673 0.783495 0.0571042 0.758694 0.0392339 0.790265
0 0.564866 0.788084 0.566674 0.761454 0.554164 0.75877 0.552357 0.7854
0 0.254889 0.938204 0.266664 0.907576 0.258691 0.897888 0.246916 0.928516
0 0.294552 0.886288 0.304325 0.864124 0.296472 0.85318 0.286699 0.875344
0 0.652002 0.692505 0.651521 0.65445 0.634655 0.655124 0.635136 0.693179
0 0.622603 0.925778 0.625625 0.899318 0.609864 0.893628 0.606842 0.920088
0 0.619756 0.801879 0.622899 0.78058 0.610803 0.774939 0.60766 0.796238
0 0.312431 0.881836 0.317487 0.858632 0.306347 0.85096 0.30129 0.874164
0 0.268841 0.983127 0.281568 0.950659 0.268266 0.934179 0.255539 0.966646
0 0.268362 0.427345 0.273877 0.39658 0.250667 0.383429 0.245152 0.414195
0 0.519414 0.864565 0.522652 0.839745 0.510125 0.83458 0.506888 0.8594
0 0.495508 0.801983 0.497647 0.781434 0.485857 0.777554 0.483717 0.798103
0 0.586428 0.662979 0.600348 0.640043 0.581146 0.603212 0.567226 0.626148
0 0.217277 0.751932 0.219387 0.727901 0.200766 0.722733 0.198656 0.746765
0 0.5249 0.936126 0.531739 0.888328 0.498394 0.873249 0.491555 0.921047
0 0.55054 0.858504 0.55644 0.833127 0.544168 0.824111 0.538269 0.849488
0 0.34388 0.95536 0.348956 0.93182 0.337186 0.9238 0.332111 0.94734
0 0.184723 0.422005 0.191584 0.396534 0.174014 0.381577 0.167154 0.407048
0 0.215992 0.794824 0.218357 0.776199 0.206975 0.77163 0.20461 0.790256
0 0.122981 0.780501 0.123479 0.740382 0.0919042 0.739143 0.0914058 0.779261
0 0.409085 1.01242 0.42527 0.983784 0.411109 0.958486 0.394925 0.987118
0 0.649819 0.891782 0.65272 0.860308 0.638416 0.856141 0.635515 0.887615
0 0.645334 0.651419 0.64604 0.624993 0.631677 0.623781 0.630971 0.650206
0 0.411854 0.976203 0.418126 0.929862 0.394893 0.919923 0.38862 0.966264
0 0.563498 0.859429 0.569468 0.844643 0.55858 0.83075 0.55261 0.845535
0 0.599311 0.775144 0.601807 0.754916 0.590464 0.750492 0.587968 0.77072
0 0.0819997 0.847242 0.0852291 0.816973 0.0674611 0.810981 0.0642317 0.84125
0 0.110867 0.32828 0.113693 0.285044 0.0902435 0.2802 0.0874174 0.323436
0 0.563833 0.800748 0.567887 0.779526 0.557461 0.773231 0.553407 0.794453
0 0.458571 0.74562 0.461707 0.724834 0.450924 0.719691 0.447787 0.740478
0 0.26251 0.997911 0.264421 0.975694 0.251141 0.972084 0.24923 0.994302
0 0.562019 0.852862 0.568903 0.838718 0.558432 0.822613 0.551549 0.836757
0 0.665061 0.416739 0.661829 0.377833 0.634935 0.384895 0.638168 0.423801
0 0.358958 0.88362 0.364308 0.861543 0.356809 0.8558 0.351459 0.877877
0 0.200013 0.730357 0.20556 0.704334 0.194242 0.696709 0.188695 0.722732
0 0.604623 0.130201 0.603876 0.0811944 0.567454 0.0829478 0.5682 0.131954
0 0.532642 0.741728 0.533744 0.717648 0.521484 0.715875 0.520382 0.739955
0 0.525454 0.84805 0.529417 0.825314 0.514863 0.817297 0.5109 0.840033
0 0.199534 0.860355 0.200602 0.836723 0.183199 0.834238 0.182131 0.85787
0 0.693847 0.649359 0.704587 0.618007 0.681473 0.592982 0.670733 0.624334
0 0.197457 0.758214 0.200176 0.7392 0.183782 0.73179 0.181063 0.750803
0 0.557842 0.776047 0.558872 0.746179 0.544481 0.74461 0.543451 0.774479
0 0.331586 0.874771 0.336924 0.855614 0.32841 0.848117 0.323072 0.867274
0 0.206907 0.700178 0.207996 0.682033 0.197591 0.680058 0.196502 0.698203
0 0.422122 0.532321 0.432247 0.508815 0.41593 0.486603 0.405806 0.510108
0 0.597833 0.974281 0.607412 0.952841 0.590289 0.928663 0.58071 0.950104
0 0.34872 0.881125 0.352747 0.862795 0.344181 0.856848 0.340155 0.875179
0 0.515612 0.828832 0.517454 0.804962 0.504252 0.801742 0.50241 0.825612
0 0.59707 0.739291 0.600297 0.695737 0.583414 0.691785 0.580188 0.735339
0 0.551494 0.696084 0.553647 0.674022 0.539622 0.669697 0.537469 0.691759
0 0.34674 0.96619 0.353236 0.949329 0.345412 0.939802 0.338916 0.956662
0 0.243209 0.929391 0.255315 0.909025 0.247409 0.894172 0.235303 0.914538
0 0.627398 0.906076 0.631932 0.878182 0.616462 0.870235 0.611928 0.898129
0 0.659203 0.644295 0.701514 0.578935 0.674545 0.523758 0.632234 0.589117
0 0.233031 0.819876 0.234183 0.802722 0.221511 0.800034 0.22036 0.817188
0 0.0606693 0.623665 0.0706016 0.596326 0.062829 0.587401 0.0528967 0.614741
0 0.280226 0.879293 0.286856 0.862081 0.279004 0.852523 0.272374 0.869735
0 0.407115 0.733798 0.414414 0.685364 0.393248 0.675282 0.385948 0.723716
0 0.612272 0.735093 0.616467 0.706582 0.601458 0.699603 0.597264 0.728114
0 0.340341 0.931653 0.344357 0.914759 0.33519 0.90787 0.331173 0.924764
0 0.582388 0.853254 0.585467 0.837533 0.574721 0.830882 0.571643 0.846603
0 0.266692 0.948075 0.274552 0.923493 0.264203 0.913035 0.256343 0.937617
0 0.429326 0.841879 0.441152 0.821934 0.432843 0.806363 0.421017 0.826307
0 0.0564948 0.642752 0.0668475 0.61294 0.0576214 0.602814 0.0472687 0.632626
0 0.563224 0.754495 0.567352 0.735673 0.55647 0.728128 0.552341 0.74695
0 0.508657 0.564638 0.516443 0.524627 0.496908 0.512613 0.489123 0.552624
0 0.363292 0.971051 0.368207 0.948297 0.357317 0.940863 0.352402 0.963616
0 0.163869 0.397828 0.168229 0.374258 0.155149 0.36661 0.150789 0.390181
0 0.241734 0.606318 0.242818 0.583917 0.229835 0.581932 0.228751 0.604333
0 0.459014 1.00735 0.459913 0.986983 0.439426 0.984127 0.438528 1.00449
0 0.487519 0.741839 0.489229 0.724473 0.478279 0.721066 0.476569 0.738432
0 0.731514 0.997927 0.732887 0.912764 0.696789 0.910924 0.695416 0.996087
0 0.309523 0.411164 0.312366 0.389405 0.296978 0.38305 0.294135 0.40481
0 0.106554 0.937194 0.119642 0.914578 0.110493 0.897843 0.0974047 0.920459
0 0.336294 1.00654 0.337805 0.986632 0.325365 0.983648 0.323854 1.00356
0 0.0883079 0.665566 0.0907382 0.645846 0.0791547 0.641334 0.0767244 0.661054
0 0.500817 0.89917 0.508816 0.838215 0.48185 0.827032 0.473851 0.887987
0 0.0892251 0.797184 0.0912177 0.769997 0.0774971 0.766819 0.0755044 0.794005
0 0.4367 0.758017 0.441369 0.732515 0.420305 0.720325 0.415635 0.745827
0 0.787071 0.437736 0.812824 0.381676 0.784849 0.341059 0.759096 0.397119
0 0.0552554 0.125458 0.0630843 -0.0154271 -0.0138313 -0.0289355 -0.0216601 0.111949
0 0.26553 0.987327 0.276788 0.96179 0.262991 0.942566 0.251733 0.968104
0 0.232264 0.692794 0.234229 0.669978 0.221057 0.666393 0.219092 0.689209
0 0.117733 0.882589 0.129047 0.860717 0.120846 0.847307 0.109531 0.869178
0 0.5185 0.8781 0.522395 0.857271 0.512446 0.851391 0.508551 0.87222
0 0.262999 0.981111 0.270354 0.952319 0.258042 0.94238 0.250688 0.971172
0 0.283564 0.974386 0.291022 0.951746 0.281252 0.941573 0.273794 0.964213
0 0.555771 0.961671 0.558257 0.930762 0.540988 0.926371 0.538502 0.95728
0 0.78149 0.623107 0.775417 0.55538 0.715336 0.572409 0.721409 0.640135
0 0.56008 0.967088 0.562021 0.936092 0.544409 0.932606 0.542468 0.963602
0 0.153988 0.791399 0.164166 0.769166 0.156774 0.758472 0.146596 0.780705
0 0.0737719 0.126384 0.0790898 0.0794417 0.0508832 0.0693427 0.0455653 0.116285
0 0.106835 0.873907 0.109213 0.84525 0.0903597 0.840303 0.0879809 0.868961
0 0.436533 0.394183 0.437779 0.362832 0.420096 0.360611 0.418849 0.391962
0 0.306262 0.989087 0.310412 0.955693 0.285933 0.94608 0.281784 0.979474
0 0.319537 0.952503 0.323286 0.932909 0.31316 0.926787 0.309412 0.946382
0 0.235228 0.999581 0.248461 0.970491 0.238025 0.955486 0.224792 0.984576
0 0.368268 0.884835 0.373995 0.862666 0.36614 0.856252 0.360413 0.878422
0 0.290124 0.890875 0.300505 0.872376 0.294066 0.860958 0.283686 0.879456
0 0.195694 0.816427 0.196754 0.794092 0.183111 0.792045 0.18205 0.81438
0 0.289227 0.416673 0.292592 0.39827 0.27767 0.389646 0.274305 0.40805
0 0.175668 0.429458 0.17709 0.415079 0.165208 0.411366 0.163786 0.425745
0 0.663609 0.387591 0.66489 0.357359 0.638673 0.353849 0.637393 0.384082
0 0.233009 0.676979 0.2338 0.658174 0.223186 0.656764 0.222395 0.675568
0 0.548752 0.988691 0.551708 0.960724 0.537522 0.955986 0.534566 0.983953
0 0.136614 0.806233 0.141225 0.784816 0.12801 0.775824 0.1234 0.797242
0 0.221534 0.711845 0.22059 0.692078 0.204451 0.694513 0.205394 0.71428
0 0.0980366 0.918854 0.116998 0.898088 0.10985 0.877457 0.0908877 0.898223
