0 0.0450597 1.01366 0.0657174 0.965778 0.0473065 0.940674 0.0266488 0.988557
0 0.234239 1.00545 0.235767 0.961406 0.209988 0.95858 0.20846 1.00262
0 0.183412 0.997147 0.221347 0.957126 0.206721 0.91331 0.168786 0.953331
0 0.177181 0.936742 0.178254 0.908673 0.158879 0.906331 0.157806 0.9344
0 0.571529 1.00069 0.566835 0.951824 0.533395 0.961976 0.538089 1.01085
0 0.39413 1.00132 0.414348 0.943062 0.389207 0.915487 0.36899 0.973742
0 0.0072051 1.00474 0.0355318 0.982614 0.0293694 0.957679 0.0010427 0.979804
0 0.251603 1.0045 0.25736 0.965126 0.237503 0.95595 0.231747 0.995323
0 0.541557 0.887851 0.548247 0.863081 0.531234 0.848559 0.524544 0.873329
0 0.168597 0.983278 0.183013 0.942924 0.164611 0.922148 0.150195 0.962501
0 0.132572 0.88963 0.142834 0.873969 0.130735 0.848913 0.120473 0.864573
0 0.371963 0.987568 0.381941 0.954975 0.367335 0.940842 0.357356 0.973435
0 0.786543 1.03498 0.84179 0.946433 0.772346 0.809503 0.717099 0.898054
0 0.195496 0.786082 0.198674 0.764134 0.18247 0.756721 0.179293 0.778669
0 0.988633 1.04568 1.01543 0.861806 0.822684 0.773015 0.795884 0.956885
0 0.11233 0.543516 0.113435 0.525768 0.100611 0.523245 0.0995059 0.540993
0 0.271425 0.683093 0.275578 0.65853 0.26077 0.650618 0.256617 0.675182
0 0.541257 0.992075 0.545617 0.945863 0.526567 0.940183 0.522207 0.986395
0 0.121442 0.599065 0.14423 0.574099 0.134376 0.545671 0.111588 0.570636
0 0.110432 0.82728 0.108073 0.803944 0.0887232 0.810126 0.0910821 0.833461
0 0.0545701 0.821755 0.0602357 0.781978 0.0419722 0.773757 0.0363065 0.813533
0 0.265497 0.94232 0.276765 0.911465 0.265193 0.898108 0.253924 0.928963
0 0.119275 0.566681 0.12083 0.543235 0.10861 0.540672 0.107054 0.564118
0 0.0208205 0.833014 0.0239648 0.779013 -0.00451096 0.773773 -0.00765524 0.827774
0 0.0670462 0.671937 0.0838011 0.615945 0.0621908 0.595507 0.0454359 0.6515
0 0.231101 0.707389 0.240859 0.68171 0.230687 0.669494 0.220929 0.695172
0 0.101773 0.573934 0.100314 0.550504 0.0823134 0.554045 0.0837719 0.577476
0 0.501625 0.953331 0.517722 0.91814 0.494226 0.884174 0.478129 0.919364
0 0.557977 0.961782 0.562012 0.93231 0.542693 0.923952 0.538659 0.953424
0 0.267004 0.910949 0.279279 0.888668 0.270557 0.87348 0.258281 0.89576
0 0.260726 1.00832 0.28505 0.9704 0.274195 0.948392 0.249871 0.986311
0 0.332625 0.855296 0.338354 0.833661 0.329781 0.826487 0.324053 0.848122
0 0.182405 1.01097 0.206707 0.991198 0.200006 0.965173 0.175705 0.984949
0 0.312106 0.998688 0.321162 0.970939 0.30965 0.959067 0.300595 0.986815
0 0.00588166 0.9547 0.0560809 0.899055 0.0359591 0.841684 -0.0142402 0.897329
0 0.511297 1.00387 0.517431 0.967184 0.503334 0.959734 0.4972 0.996419
0 0.0614419 0.762749 0.0612309 0.73277 0.0294825 0.733476 0.0296936 0.763455
0 0.233069 0.894632 0.245803 0.823886 0.21335 0.805425 0.200616 0.876171
0 0.564479 0.802727 0.566281 0.779568 0.553142 0.776338 0.55134 0.799497
0 0.345607 0.873457 0.349852 0.853397 0.336542 0.844496 0.332297 0.864555
0 0.212153 0.815607 0.231453 0.798208 0.226212 0.779833 0.206912 0.797232
0 0.283892 0.943059 0.296506 0.90449 0.280602 0.888052 0.267989 0.92662
0 0.212417 0.793819 0.214731 0.775507 0.203502 0.771022 0.201188 0.789334
0 0.123147 1.0138 0.154387 0.990142 0.146739 0.958224 0.115498 0.981884
0 0.362516 0.903275 0.364322 0.886219 0.353519 0.882604 0.351713 0.899659
0 0.234047 0.764399 0.235847 0.734682 0.219641 0.73158 0.217841 0.761297
0 0.592898 0.883481 0.596486 0.854759 0.582258 0.849142 0.57867 0.877864
0 0.15266 0.795377 0.167061 0.760134 0.152858 0.741792 0.138457 0.777034
0 0.542077 0.945113 0.553956 0.913162 0.53976 0.896482 0.527881 0.928432
0 0.413971 0.939064 0.416738 0.916838 0.404363 0.911968 0.401596 0.934195
0 0.296372 0.760662 0.299306 0.735618 0.28407 0.729976 0.281136 0.75502
0 0.566036 0.925344 0.570197 0.894495 0.552363 0.886893 0.548202 0.917742
0 0.199956 0.839398 0.221981 0.822127 0.216407 0.799657 0.194381 0.816928
0 0.537601 0.836457 0.540187 0.817568 0.529056 0.812753 0.526471 0.831641
0 0.224548 0.909785 0.228826 0.889646 0.216366 0.881281 0.212089 0.901421
0 0.135361 0.818573 0.137635 0.797554 0.125692 0.793469 0.123417 0.814488
0 0.537498 0.923685 0.548588 0.891665 0.529969 0.871285 0.518879 0.903306
0 0.346698 0.984804 0.349752 0.953844 0.334812 0.949186 0.331758 0.980146
0 0.183097 0.910634 0.191624 0.8841 0.181833 0.874157 0.173306 0.900691
0 0.0690007 0.781868 0.0689426 0.75582 0.0534678 0.755929 0.0535259 0.781977
0 0.256345 0.972034 0.268782 0.946127 0.259116 0.931463 0.24668 0.95737
0 0.0410176 0.969902 0.0504516 0.925158 0.0346117 0.914603 0.0251777 0.959346
0 0.0622198 0.991823 0.1006 0.955348 0.092344 0.927893 0.053964 0.964367
0 0.573994 0.952788 0.576151 0.931208 0.563394 0.927177 0.561237 0.948757
0 0.122304 0.996992 0.161659 0.958072 0.147337 0.912301 0.107982 0.951221
0 0.161096 0.841233 0.170356 0.81381 0.158646 0.801312 0.149385 0.828734
0 0.13252 0.845786 0.134907 0.81701 0.120575 0.813252 0.118188 0.842028
0 0.589276 0.80516 0.604765 0.78361 0.585574 0.740017 0.570085 0.761567
0 0.441901 0.824662 0.449934 0.785677 0.438272 0.778082 0.430239 0.817067
0 0.275481 0.741876 0.27594 0.709063 0.254201 0.708101 0.253742 0.740914
0 0.588339 0.932063 0.593373 0.901054 0.57446 0.89135 0.569426 0.92236
0 0.146659 0.850713 0.154434 0.811455 0.137818 0.801054 0.130042 0.840312
0 0.014472 0.870258 0.028422 0.848607 0.0206085 0.832696 0.0066585 0.854348
0 0.558279 0.884381 0.565001 0.863807 0.555181 0.853667 0.548459 0.87424
0 0.331194 0.836045 0.333864 0.813364 0.321737 0.808851 0.319066 0.831533
0 0.0507771 0.921562 0.097262 0.88582 0.0822615 0.824161 0.0357767 0.859903
0 0.783582 0.501626 0.797112 0.463944 0.783657 0.448676 0.770127 0.486358
0 0.17883 0.840539 0.204156 0.80808 0.194341 0.783875 0.169014 0.816333
0 0.279551 0.701991 0.28337 0.684797 0.268174 0.674127 0.264355 0.691321
0 0.170665 0.852933 0.200541 0.815167 0.190955 0.791201 0.161079 0.828967
0 0.228956 0.640216 0.239623 0.615474 0.2298 0.602088 0.219132 0.62683
0 0.168599 0.79918 0.167809 0.779419 0.154215 0.781137 0.155005 0.800898
0 0.250625 0.717377 0.252187 0.698921 0.237979 0.695121 0.236417 0.713576
0 0.29654 0.723746 0.298956 0.705557 0.28918 0.701453 0.286764 0.719642
0 0.317779 0.921401 0.31817 0.873714 0.294578 0.873104 0.294188 0.920791
0 0.216209 0.934484 0.227047 0.910631 0.216701 0.895772 0.205863 0.919625
0 0.151848 0.906705 0.165231 0.879512 0.15682 0.86643 0.143437 0.893622
0 0.164342 0.753432 0.174843 0.733868 0.16741 0.72126 0.156909 0.740824
0 0.282924 0.594033 0.285218 0.570488 0.27011 0.565836 0.267816 0.589381
0 0.151637 0.814149 0.15257 0.795446 0.138886 0.793287 0.137952 0.81199
0 0.158283 0.941624 0.16167 0.916225 0.143949 0.908757 0.140562 0.934156
0 0.0811864 0.730857 0.0822672 0.697679 0.0581564 0.695197 0.0570756 0.728375
0 0.440183 0.786998 0.442343 0.763595 0.42982 0.759943 0.42766 0.783346
0 0.10758 1.0034 0.114482 0.970326 0.098802 0.959985 0.0919003 0.993057
0 0.302198 0.98449 0.31612 0.956976 0.307241 0.942776 0.293319 0.97029
0 0.257957 0.699652 0.260696 0.681823 0.252885 0.678031 0.250146 0.69586
0 0.171564 0.658795 0.17457 0.635973 0.163571 0.631394 0.160565 0.654216
0 0.0867462 0.835042 0.0914461 0.805724 0.0699943 0.794856 0.0652944 0.824173
0 0.15594 0.69996 0.167192 0.677929 0.15827 0.663526 0.147017 0.685557
0 0.221167 0.951006 0.229421 0.92783 0.219193 0.916317 0.21094 0.939494
0 0.136777 0.762351 0.138944 0.742321 0.126522 0.738074 0.124355 0.758103
0 0.288034 0.739115 0.28896 0.71997 0.277302 0.71819 0.276377 0.737334
0 0.425696 0.707189 0.428076 0.689195 0.416332 0.684286 0.413953 0.702281
0 0.292802 0.976144 0.305322 0.945832 0.296275 0.934023 0.283755 0.964335
0 0.272746 0.810241 0.269032 0.776047 0.241722 0.785421 0.245436 0.819615
0 0.585543 0.958462 0.59094 0.932543 0.575611 0.922456 0.570215 0.948376
0 0.0618455 0.719537 0.0883807 0.69826 0.0795421 0.663423 0.0530069 0.6847
0 0.248068 0.662241 0.250073 0.644142 0.239076 0.640292 0.237071 0.658391
0 0.287181 0.989499 0.298369 0.963001 0.289499 0.951164 0.278311 0.977662
0 0.320212 0.856295 0.326053 0.837245 0.316216 0.827712 0.310375 0.846762
0 0.139765 0.721735 0.148268 0.702102 0.139033 0.689459 0.130529 0.709091
0 0.262645 0.657186 0.264079 0.636803 0.254202 0.634606 0.252767 0.654989
0 0.311429 0.943588 0.326189 0.925286 0.320046 0.909629 0.305286 0.92793
0 0.189633 0.873877 0.203319 0.847523 0.190942 0.827209 0.177256 0.853563
0 0.244091 0.96653 0.257614 0.938965 0.24721 0.922832 0.233686 0.950397
0 0.106291 0.61059 0.104451 0.589639 0.0881219 0.59417 0.0899614 0.615121
0 0.0963301 0.698439 0.100863 0.675358 0.0904213 0.668878 0.0858887 0.691958
0 0.181708 0.808238 0.189912 0.785748 0.180003 0.774324 0.171799 0.796813
0 0.124731 0.930024 0.125381 0.908864 0.110748 0.907443 0.110097 0.928603
0 0.108709 0.589911 0.10962 0.570525 0.0973658 0.568706 0.0964554 0.588092
0 0.116447 0.332453 0.135025 0.319774 0.124597 0.271489 0.10602 0.284168
0 0.0864711 0.501763 0.087286 0.476524 0.0689451 0.474653 0.0681303 0.499892
0 0.173541 0.784374 0.174568 0.767953 0.163929 0.76585 0.162902 0.782271
0 0.242743 0.750294 0.246856 0.728732 0.237826 0.723288 0.233713 0.74485
0 0.0991253 0.81657 0.106035 0.780674 0.0767877 0.762882 0.0698784 0.798778
0 0.17248 0.895394 0.178311 0.873837 0.16857 0.865509 0.162739 0.887066
0 0.235151 0.653854 0.240351 0.635482 0.230981 0.6271 0.225781 0.645473
0 0.199298 0.765456 0.201145 0.749042 0.189592 0.744932 0.187745 0.761346
0 0.155987 0.880325 0.164817 0.856057 0.153228 0.842731 0.144399 0.867
0 0.296792 0.315254 0.309687 0.253646 0.26947 0.227042 0.256575 0.28865
0 0.09299 0.85608 0.0979526 0.836906 0.0790449 0.82144 0.0740824 0.840614
0 0.191741 0.929799 0.195036 0.905592 0.18131 0.899686 0.178014 0.923893
0 0.112665 0.872559 0.116474 0.85045 0.104867 0.844129 0.101057 0.866238
0 0.384553 1.00313 0.388307 0.972598 0.371457 0.966051 0.367704 0.996581
0 0.0959815 0.945128 0.103981 0.924561 0.0937524 0.911987 0.0857529 0.932554
0 0.221815 0.780558 0.223709 0.760652 0.209981 0.756523 0.208086 0.776429
0 0.135871 0.802202 0.141098 0.780369 0.128796 0.77106 0.123568 0.792893
0 0.244873 0.765219 0.256445 0.742553 0.24834 0.729476 0.236769 0.752143
0 0.435057 0.835498 0.437992 0.819692 0.428651 0.814211 0.425716 0.830017
0 0.172725 0.768569 0.176757 0.749138 0.167008 0.742744 0.162976 0.762176
0 0.469107 0.619209 0.475221 0.597417 0.466385 0.589583 0.460271 0.611374
0 0.145257 0.886007 0.154688 0.865236 0.14594 0.852683 0.136509 0.873455
0 0.0355875 0.855318 0.0471258 0.829816 0.0361071 0.81406 0.0245689 0.839562
0 0.404919 1.01133 0.418946 0.981035 0.406535 0.962876 0.392509 0.993172
0 0.258436 0.232817 0.257657 0.206946 0.227414 0.209825 0.228193 0.235696
0 0.251212 0.908205 0.261209 0.887015 0.252393 0.87387 0.242396 0.89506
0 0.223439 0.721547 0.225093 0.707219 0.216984 0.70426 0.21533 0.718587
0 0.148478 0.732471 0.163152 0.708309 0.155827 0.69425 0.141153 0.718412
0 0.110436 0.610508 0.108976 0.590736 0.0925637 0.594567 0.0940242 0.614339
0 0.275735 0.634707 0.276619 0.616321 0.264778 0.614522 0.263894 0.632908
0 0.424866 0.944569 0.428188 0.922232 0.415503 0.916269 0.41218 0.938606
0 0.458823 0.737606 0.460288 0.713918 0.444878 0.710905 0.443412 0.734592
0 0.163888 0.804033 0.164687 0.783626 0.150772 0.781905 0.149973 0.802312
0 0.432758 0.808339 0.436286 0.780131 0.421187 0.774164 0.41766 0.802372
0 0.378318 0.945647 0.380248 0.924737 0.36676 0.920802 0.36483 0.941712
0 0.408269 0.856743 0.416171 0.838665 0.408378 0.8279 0.400477 0.845978
0 0.357224 0.987244 0.361976 0.960674 0.349591 0.953673 0.344838 0.980243
0 0.621149 0.96411 0.624612 0.931468 0.608102 0.925931 0.604638 0.958574
0 0.284398 0.811434 0.290866 0.783822 0.277912 0.774231 0.271444 0.801843
0 0.364894 0.958946 0.368083 0.931136 0.348306 0.923966 0.345116 0.951777
0 0.252866 0.935093 0.263285 0.905532 0.251402 0.892296 0.240983 0.921857
0 0.119929 0.765401 0.121252 0.749469 0.111084 0.746801 0.109761 0.762733
0 0.0854085 0.603863 0.083768 0.575268 0.0565649 0.5802 0.0582054 0.608796
0 0.0470921 0.641267 0.0593325 0.616807 0.0482092 0.599214 0.0359688 0.623674
0 0.544268 0.858952 0.545898 0.8358 0.533075 0.832946 0.531445 0.856099
0 0.253501 0.646091 0.256767 0.624705 0.241831 0.617497 0.238566 0.638883
0 0.0534141 0.836896 0.0689717 0.815628 0.0615166 0.798392 0.045959 0.81966
0 0.164419 0.919129 0.165741 0.894313 0.150428 0.891735 0.149106 0.916552
0 0.413026 0.768475 0.413286 0.753043 0.401719 0.752426 0.401459 0.767858
0 0.295717 0.708551 0.302443 0.689023 0.294549 0.680428 0.287822 0.699956
0 0.522539 0.938306 0.527236 0.91341 0.516575 0.907053 0.511878 0.931949
0 0.250489 0.79429 0.272686 0.759952 0.258893 0.731771 0.236696 0.766109
0 0.00778917 0.982346 0.0296528 0.953015 0.0194969 0.929089 -0.00236673 0.958421
0 0.0490334 0.677337 0.0491147 0.646266 0.0260211 0.646075 0.0259398 0.677146
0 0.413784 0.616086 0.416244 0.597554 0.404577 0.592659 0.402117 0.611191
0 0.264979 0.212405 0.272099 0.18907 0.244431 0.162391 0.237311 0.185726
0 0.214902 0.754085 0.219897 0.733627 0.209696 0.725756 0.204701 0.746213
0 0.414071 0.894757 0.418633 0.875565 0.409028 0.868349 0.404465 0.887542
0 0.463858 0.709076 0.468027 0.693071 0.457499 0.684403 0.45333 0.700407
0 0.645583 0.842402 0.645315 0.815374 0.632016 0.81579 0.632284 0.842818
0 0.269371 0.727392 0.271386 0.70513 0.254738 0.700366 0.252722 0.722628
0 0.278898 0.845796 0.286145 0.820938 0.277178 0.812676 0.269931 0.837534
0 0.0198722 0.599782 0.0188297 0.557484 -0.00319852 0.559199 -0.00215602 0.601497
0 0.209175 0.736343 0.210208 0.715949 0.19905 0.714163 0.198017 0.734557
0 0.473317 0.749122 0.475629 0.729663 0.465507 0.725861 0.463194 0.74532
0 0.103476 0.593676 0.103814 0.573578 0.0903823 0.572864 0.0900445 0.592963
0 0.235899 0.634431 0.244104 0.610928 0.2329 0.598567 0.224695 0.62207
0 0.279191 0.717948 0.281333 0.700973 0.267869 0.695603 0.265727 0.712578
0 0.178762 0.620653 0.178201 0.593669 0.161134 0.594789 0.161694 0.621773
0 0.539945 0.855939 0.541093 0.835245 0.527375 0.83284 0.526227 0.853534
0 0.556309 0.865574 0.561031 0.839717 0.548737 0.832621 0.544015 0.858479
0 0.0912625 0.586386 0.09283 0.570625 0.0748041 0.564959 0.0732366 0.58072
0 0.284408 0.785625 0.283909 0.755581 0.264811 0.756583 0.26531 0.786627
0 0.206381 0.81679 0.219849 0.798347 0.213724 0.784212 0.200256 0.802655
0 0.15995 0.744359 0.167726 0.72543 0.159754 0.715079 0.151978 0.734009
0 0.123218 0.873619 0.128763 0.853269 0.118607 0.844523 0.113062 0.864873
0 0.241197 0.941075 0.24576 0.919178 0.235909 0.912691 0.231346 0.934588
0 0.120011 0.846129 0.120645 0.82002 0.102132 0.818598 0.101498 0.844708
0 0.320681 0.745993 0.327831 0.726049 0.313175 0.709441 0.306024 0.729386
0 0.0835407 0.761307 0.082236 0.741818 0.0640359 0.745669 0.0653407 0.765158
0 0.142899 0.914329 0.14771 0.886796 0.133954 0.879199 0.129143 0.906733
0 0.399994 0.587081 0.402443 0.572463 0.391459 0.566648 0.38901 0.581266
0 0.265784 0.766737 0.271572 0.744658 0.256792 0.732414 0.251005 0.754493
0 0.0372843 0.799217 0.0481897 0.77437 0.0390209 0.761651 0.0281156 0.786498
0 0.0823274 0.741972 0.0818793 0.723506 0.0645815 0.724832 0.0650296 0.743298
0 0.229496 0.734183 0.230275 0.716801 0.220053 0.715354 0.219274 0.732736
0 0.113597 0.951245 0.115 0.925939 0.0995021 0.923223 0.098099 0.948529
0 0.545002 0.798583 0.547081 0.781305 0.536751 0.777377 0.534672 0.794655
0 0.334486 0.955075 0.336382 0.931702 0.320875 0.927727 0.318979 0.951101
0 0.115329 0.644559 0.112059 0.605291 0.0786735 0.614077 0.0819435 0.653345
0 0.00991606 0.893163 0.0112721 0.856717 -0.00190208 0.855168 -0.00325808 0.891614
0 0.185313 0.637867 0.186648 0.620074 0.176493 0.617666 0.175158 0.635458
0 0.183661 0.745202 0.185318 0.728736 0.176009 0.725774 0.174351 0.74224
0 0.55146 0.740124 0.552593 0.721942 0.540718 0.719605 0.539586 0.737787
0 0.256601 0.675358 0.258478 0.656873 0.24953 0.654001 0.247653 0.672487
0 0.235507 0.797429 0.239728 0.77507 0.228486 0.768362 0.224265 0.790721
0 0.425882 1.00287 0.444928 0.956872 0.431982 0.939932 0.412937 0.985931
0 0.12439 0.609175 0.126638 0.594056 0.1158 0.588964 0.113552 0.604083
0 0.300956 0.228325 0.328096 0.211432 0.304019 0.0891777 0.276879 0.106071
0 0.283259 0.659058 0.284737 0.641883 0.274776 0.639175 0.273298 0.65635
0 0.509936 0.887448 0.515809 0.863137 0.505683 0.855406 0.49981 0.879717
0 0.248617 0.694819 0.249961 0.678264 0.240544 0.675848 0.2392 0.692403
0 0.205009 0.928688 0.210145 0.901372 0.19652 0.893274 0.191384 0.92059
0 0.139225 0.614362 0.141218 0.595081 0.130907 0.591713 0.128914 0.610993
0 0.20892 0.90588 0.213778 0.880235 0.201926 0.873139 0.197068 0.898783
0 0.488179 0.768003 0.489843 0.749294 0.478383 0.746072 0.476719 0.764782
0 0.273698 0.831703 0.279922 0.809148 0.269982 0.800478 0.263757 0.823033
0 0.519375 0.792219 0.520582 0.773742 0.51037 0.771634 0.509163 0.790112
0 0.301273 1.00644 0.302622 0.989187 0.287946 0.98556 0.286597 1.00281
0 0.238856 0.921763 0.2454 0.888206 0.232116 0.880018 0.225572 0.913575
0 0.120605 0.839782 0.120632 0.812104 0.10653 0.812059 0.106502 0.839738
0 0.308891 0.883926 0.315249 0.862656 0.303604 0.851655 0.297246 0.872924
0 0.323578 0.964263 0.32736 0.94592 0.31673 0.938992 0.312948 0.957335
0 0.194569 0.675849 0.196066 0.6594 0.185598 0.656389 0.184101 0.672838
0 0.534913 0.760984 0.536327 0.741004 0.526157 0.73873 0.524743 0.75871
0 0.409019 0.57176 0.410456 0.552302 0.401588 0.550232 0.400151 0.569691
0 0.123889 0.911626 0.126631 0.886083 0.112746 0.881373 0.110004 0.906916
0 0.115914 0.563669 0.117141 0.541958 0.104906 0.539773 0.103679 0.561484
0 0.261365 0.89296 0.27333 0.873832 0.263795 0.854983 0.25183 0.874111
0 0.198557 0.747635 0.199894 0.732255 0.190298 0.729619 0.188961 0.744998
0 0.0140611 0.779277 0.0169322 0.747522 -0.00034925 0.742584 -0.00322029 0.774339
0 0.0194437 0.847779 0.0299424 0.823072 0.0197376 0.809367 0.00923889 0.834074
0 0.0615796 0.941929 0.0820468 0.90258 0.0650069 0.874568 0.0445397 0.913916
0 0.378226 1.00456 0.37914 0.98022 0.36238 0.97823 0.361465 1.00257
0 0.562135 0.702768 0.5632 0.685091 0.553834 0.683308 0.552769 0.700985
0 0.594687 1.00394 0.597206 0.959469 0.569497 0.954508 0.566977 0.998979
0 0.31486 0.910079 0.318942 0.869276 0.298495 0.86281 0.294413 0.903614
0 0.320503 0.826254 0.323316 0.805076 0.314124 0.801217 0.311311 0.822395
0 0.194816 0.658627 0.197213 0.641123 0.187807 0.637053 0.18541 0.654557
0 0.95264 0.700603 0.948396 0.621107 0.902711 0.628816 0.906956 0.708312
0 0.452753 0.762477 0.455485 0.742032 0.442554 0.736572 0.439822 0.757017
0 0.522963 0.873057 0.526551 0.850965 0.516381 0.845746 0.512793 0.867837
0 0.185839 0.765209 0.186804 0.747372 0.175953 0.745518 0.174989 0.763355
0 0.0339594 0.643466 0.0383985 0.622852 0.0273826 0.615355 0.0229435 0.635969
0 0.383363 0.940301 0.384725 0.917608 0.372291 0.915249 0.370929 0.937941
0 0.177324 0.728704 0.178326 0.710908 0.168878 0.709226 0.167876 0.727022
0 0.444058 0.941451 0.450535 0.916651 0.43167 0.901077 0.425192 0.925877
0 0.431587 0.799176 0.434019 0.773123 0.418385 0.76851 0.415953 0.794562
0 0.15813 0.673913 0.1606 0.652097 0.14959 0.648157 0.14712 0.669972
0 0.324265 0.874716 0.326764 0.855237 0.31484 0.850402 0.31234 0.86988
0 0.332711 1.0044 0.334459 0.982523 0.318933 0.978604 0.317185 1.00048
0 0.535986 0.783172 0.537249 0.764885 0.527364 0.762727 0.5261 0.781014
0 0.414703 0.584711 0.418655 0.564627 0.408668 0.558416 0.404715 0.5785
0 0.128813 0.635906 0.130157 0.611878 0.111527 0.608586 0.110183 0.632613
0 0.161993 0.857566 0.16745 0.839862 0.158043 0.830697 0.152586 0.8484
0 0.596987 0.974982 0.602924 0.957719 0.588156 0.941668 0.582219 0.958931
0 0.206723 0.770189 0.209838 0.753117 0.202863 0.749094 0.199748 0.766166
0 0.17498 0.874672 0.181816 0.847761 0.169365 0.837765 0.162529 0.864676
0 0.466648 0.801167 0.470953 0.77889 0.458346 0.77119 0.454041 0.793467
0 0.311969 0.830968 0.314132 0.81259 0.306323 0.809685 0.30416 0.828063
0 0.0576253 0.853966 0.0694429 0.833872 0.0613855 0.818895 0.0495679 0.838988
0 0.304011 0.775619 0.313178 0.755204 0.304343 0.742664 0.295175 0.763079
0 0.148119 0.860059 0.154809 0.830279 0.142825 0.821769 0.136134 0.851549
0 0.285962 1.00708 0.286533 0.987274 0.26915 0.985691 0.26858 1.0055
0 0.244557 0.805625 0.261307 0.76685 0.24867 0.749597 0.23192 0.788372
0 0.167267 0.671824 0.171328 0.651725 0.161276 0.645306 0.157215 0.665405
0 0.519464 0.808787 0.520831 0.794038 0.512329 0.791547 0.510962 0.806296
0 0.182263 0.876782 0.198186 0.848763 0.183764 0.822859 0.167841 0.850878
0 0.426377 0.640023 0.428038 0.619933 0.416249 0.616851 0.414588 0.636941
0 0.544636 0.764857 0.546685 0.750982 0.53745 0.746673 0.535401 0.760548
0 0.532089 0.983564 0.531702 0.938258 0.51536 0.938698 0.515746 0.984005
0 0.395008 0.90072 0.395415 0.883379 0.385288 0.882626 0.38488 0.899967
0 0.263182 0.612366 0.26567 0.590249 0.254755 0.586368 0.252267 0.608486
0 0.51833 0.907774 0.526839 0.878927 0.517129 0.869875 0.508621 0.898722
0 0.31071 0.702678 0.315226 0.682197 0.304879 0.674987 0.300363 0.695468
0 0.319309 0.566259 0.32539 0.543397 0.31695 0.536301 0.310868 0.559164
0 0.458863 1.011 0.46469 0.968113 0.437485 0.956431 0.431658 0.999319
0 0.219602 0.653688 0.221433 0.636827 0.213784 0.634201 0.211953 0.651063
0 0.39891 0.608983 0.402829 0.589949 0.393883 0.584128 0.389964 0.603162
0 0.445077 0.591501 0.446654 0.574192 0.436188 0.571178 0.434611 0.588487
0 0.137189 0.696337 0.137934 0.680136 0.129001 0.678837 0.128255 0.695037
0 0.245393 0.713838 0.246588 0.697896 0.234496 0.69503 0.2333 0.710973
0 0.297516 0.996307 0.307734 0.970189 0.299059 0.959463 0.288841 0.98558
0 0.0920497 0.521861 0.0924759 0.503687 0.0800961 0.502769 0.0796699 0.520943
0 0.126211 0.80947 0.128559 0.790889 0.117144 0.78633 0.114796 0.804911
0 0.140076 0.934828 0.14659 0.916601 0.136044 0.904689 0.12953 0.922916
0 0.0474364 0.607607 0.0521407 0.587263 0.0428292 0.580458 0.0381249 0.600802
0 0.183564 0.653378 0.185218 0.63801 0.176824 0.635154 0.175169 0.650522
0 0.159291 0.718556 0.16713 0.699864 0.159941 0.690335 0.152102 0.709027
0 0.422258 0.85 0.426891 0.829665 0.418125 0.823353 0.413492 0.843687
0 0.163003 0.589057 0.164215 0.572994 0.15536 0.570883 0.154148 0.586946
0 0.262151 0.835482 0.2648 0.817097 0.253738 0.812058 0.251088 0.830442
0 0.00848576 0.854541 0.02545 0.830623 0.0175322 0.812874 0.000567923 0.836792
0 0.446683 0.79634 0.452646 0.774588 0.444031 0.767124 0.438068 0.788875
0 0.211892 0.109954 0.215606 0.0731478 0.194769 0.0665033 0.191055 0.103309
0 0.319211 0.791671 0.322937 0.773847 0.315098 0.768668 0.311372 0.786492
0 0.0265701 0.475039 0.0299561 0.416067 -0.00136074 0.410384 -0.00474674 0.469356
0 0.348062 0.691645 0.354019 0.663678 0.340286 0.654433 0.334328 0.682399
0 0.0494171 0.706135 0.0758062 0.686742 0.0710471 0.666275 0.044658 0.685669
0 0.282511 0.891863 0.292402 0.874754 0.285341 0.861852 0.275449 0.878961
0 0.416945 0.978078 0.424767 0.946447 0.415647 0.939319 0.407825 0.97095
0 0.322969 0.593101 0.327044 0.575611 0.317979 0.568934 0.313903 0.586423
0 0.11335 0.523624 0.114533 0.506837 0.100828 0.503785 0.0996448 0.520571
0 0.196621 0.525259 0.197115 0.502873 0.18251 0.501854 0.182015 0.52424
0 0.0714216 0.604138 0.0697607 0.580727 0.0522664 0.58465 0.0539272 0.60806
0 0.433487 0.720885 0.435522 0.705402 0.426994 0.701861 0.424959 0.717343
0 0.179617 0.557061 0.180662 0.539591 0.169871 0.537551 0.168826 0.555021
0 0.250642 0.850416 0.252064 0.831351 0.241569 0.828878 0.240147 0.847942
0 0.252469 0.612399 0.253936 0.594292 0.242976 0.591486 0.241509 0.609594
0 0.31723 0.768186 0.323515 0.749283 0.317127 0.742571 0.310842 0.761474
0 0.372726 0.922798 0.376036 0.908336 0.365028 0.900374 0.361718 0.914836
0 0.464324 0.754718 0.469016 0.739071 0.460739 0.731226 0.456047 0.746873
0 0.329332 0.829107 0.331149 0.80738 0.320188 0.804481 0.31837 0.826208
0 0.146727 0.677322 0.150376 0.656903 0.141069 0.651646 0.13742 0.672065
0 0.308014 0.787664 0.313851 0.772945 0.307041 0.76441 0.301203 0.779128
0 0.361976 0.922905 0.365577 0.90612 0.353165 0.897702 0.349563 0.914487
0 0.0788986 0.957591 0.0838884 0.918451 0.0576709 0.907888 0.0526811 0.947027
0 0.423779 0.681134 0.427205 0.665193 0.417103 0.658332 0.413677 0.674273
0 0.0094666 1.01112 0.0215082 0.983094 0.00923037 0.966422 -0.00281122 0.99445
0 0.0238358 0.630741 0.0264564 0.613863 0.016611 0.609032 0.0139904 0.625909
0 0.295895 0.833077 0.300543 0.813545 0.291218 0.806531 0.28657 0.826063
0 0.27177 0.853819 0.278684 0.836672 0.271662 0.827724 0.264748 0.844871
0 0.250427 0.882251 0.252307 0.861271 0.238729 0.857425 0.236848 0.878405
0 0.662348 0.884749 0.679326 0.838094 0.659321 0.815087 0.642343 0.861742
0 0.36983 0.674039 0.373486 0.651619 0.350007 0.639517 0.34635 0.661937
0 0.403553 0.650355 0.406308 0.611293 0.388772 0.607384 0.386016 0.646445
0 0.0321431 0.618685 0.0407486 0.598677 0.0323145 0.587212 0.0237091 0.607221
0 0.464398 0.7752 0.471199 0.751973 0.461266 0.742781 0.454465 0.766008
0 0.0780794 0.959391 0.0910846 0.927077 0.0773492 0.909606 0.064344 0.94192
0 0.495434 0.880343 0.498686 0.864033 0.488065 0.857339 0.484812 0.873649
0 0.315741 0.803937 0.320893 0.789475 0.312985 0.780571 0.307833 0.795033
0 0.148556 0.754238 0.153979 0.731154 0.144264 0.723939 0.13884 0.747023
0 0.341411 0.985412 0.344904 0.957122 0.330963 0.951683 0.327471 0.979973
0 0.455719 0.783941 0.465506 0.760227 0.455379 0.747016 0.445591 0.77073
0 0.14974 0.628133 0.150375 0.61211 0.141794 0.611035 0.141159 0.627058
0 0.172969 0.620394 0.171607 0.598359 0.155069 0.601589 0.156431 0.623623
0 0.124332 0.54232 0.125832 0.527833 0.116336 0.524726 0.114836 0.539212
0 0.57971 0.739281 0.581115 0.713093 0.566459 0.710608 0.565054 0.736796
0 0.514239 0.845543 0.517825 0.826216 0.506139 0.819361 0.502552 0.838688
0 0.132886 0.668668 0.141538 0.653201 0.134745 0.641191 0.126093 0.656657
0 0.0489057 0.480528 0.0517365 0.463442 0.0427005 0.45871 0.0398697 0.475796
0 0.285108 0.951885 0.291818 0.919875 0.278521 0.911066 0.271811 0.943076
0 0.01005 0.746008 0.0111721 0.722914 -0.00181291 0.72092 -0.00293494 0.744014
0 0.611364 0.867359 0.610389 0.828481 0.594563 0.829735 0.595538 0.868612
0 0.211102 0.653411 0.212518 0.637011 0.204074 0.634706 0.202658 0.651106
0 0.286498 0.708469 0.293374 0.695085 0.286994 0.684726 0.280118 0.69811
0 0.173664 0.28241 0.179647 0.212527 0.133616 0.200072 0.127633 0.269956
0 0.307546 0.940701 0.311578 0.919815 0.301376 0.91359 0.297344 0.934476
0 0.300272 0.659108 0.304619 0.635155 0.29214 0.627999 0.287794 0.651952
0 0.307506 0.855115 0.311004 0.839342 0.303042 0.833761 0.299544 0.849534
0 0.391446 0.672598 0.393203 0.651776 0.380956 0.64851 0.379199 0.669332
0 0.395862 0.937347 0.400188 0.91623 0.386169 0.907153 0.381843 0.928269
0 0.620649 1.0015 0.623325 0.97645 0.605988 0.970597 0.603313 0.995644
0 0.603367 0.609659 0.633675 0.582128 0.611151 0.503761 0.580843 0.531293
0 0.492428 0.749357 0.494238 0.720302 0.477101 0.716927 0.475291 0.745982
0 0.271732 0.651943 0.273 0.6357 0.264239 0.633539 0.262972 0.649782
0 0.232316 0.966032 0.237949 0.937299 0.226291 0.930076 0.220658 0.958809
0 0.285276 0.964098 0.291578 0.937581 0.280315 0.929121 0.274013 0.955639
