0 0.138855 0.936462 0.141903 0.90516 0.122709 0.899254 0.119661 0.930556
0 0.522884 0.92145 0.532889 0.878154 0.513038 0.863657 0.503033 0.906952
0 0.540226 0.869417 0.536814 0.827306 0.506782 0.834997 0.510195 0.877108
0 0.15048 0.921176 0.157174 0.884556 0.134464 0.871437 0.12777 0.908057
0 0.244426 0.804461 0.254846 0.762275 0.23645 0.747915 0.226031 0.790101
0 0.569706 0.663656 0.577102 0.638118 0.563816 0.625958 0.55642 0.651495
0 0.601775 0.653594 0.604542 0.633555 0.59095 0.627622 0.588182 0.647661
0 0.508244 0.735703 0.514253 0.707768 0.502216 0.699585 0.496207 0.72752
0 0.126346 0.85529 0.134041 0.816398 0.107982 0.800103 0.100287 0.838995
0 0.486548 0.961062 0.515547 0.919639 0.484436 0.850804 0.455437 0.892226
0 0.521953 0.810817 0.525593 0.783985 0.513823 0.778939 0.510184 0.805772
0 0.41185 0.671012 0.426002 0.650551 0.410091 0.61577 0.395939 0.636231
0 0.455469 0.559446 0.466804 0.522373 0.452871 0.508911 0.441537 0.545984
0 0.187281 0.838885 0.191057 0.793209 0.167686 0.787102 0.16391 0.832778
0 0.583914 0.889267 0.588404 0.859659 0.57537 0.853412 0.57088 0.883019
0 0.609524 0.618504 0.612168 0.597594 0.600428 0.592902 0.597784 0.613812
0 0.515045 0.756604 0.537594 0.731255 0.52914 0.707489 0.506592 0.732838
0 0.805583 1.05468 0.858401 0.959482 0.786021 0.832563 0.733204 0.927759
0 0.231319 0.922599 0.23302 0.885213 0.212765 0.8823 0.211064 0.919686
0 0.39879 0.782899 0.40225 0.698732 0.356478 0.692784 0.353018 0.776951
0 0.598363 0.714359 0.605617 0.691268 0.587542 0.673322 0.580288 0.696413
0 0.233167 0.817904 0.237565 0.792076 0.221521 0.783442 0.217124 0.80927
0 0.258736 0.909608 0.265806 0.888 0.253106 0.874868 0.246037 0.896476
0 0.109062 0.874723 0.116075 0.843498 0.0996249 0.831821 0.092612 0.863046
0 0.260204 0.947832 0.268675 0.906901 0.246674 0.892511 0.238204 0.933442
0 0.602852 0.999515 0.603543 0.938792 0.569821 0.93758 0.56913 0.998302
0 0.607952 0.898013 0.60922 0.856573 0.58478 0.854208 0.583511 0.895648
0 0.151026 0.849935 0.171782 0.821406 0.160844 0.796256 0.140088 0.824785
0 0.456935 0.610894 0.457522 0.584554 0.434022 0.582898 0.433435 0.609238
0 0.375934 0.671842 0.380652 0.638568 0.359168 0.628939 0.354449 0.662212
0 0.413591 0.631424 0.421385 0.609444 0.409463 0.596083 0.401669 0.618063
0 0.20173 0.824634 0.221876 0.804474 0.214584 0.781443 0.194438 0.801603
0 0.537562 0.818987 0.542681 0.797291 0.530727 0.788377 0.525608 0.810074
0 0.487066 0.784201 0.489503 0.764798 0.477005 0.759835 0.474567 0.779238
0 0.32945 0.855683 0.33613 0.81174 0.308957 0.798683 0.302276 0.842627
0 0.549583 0.939707 0.556661 0.895277 0.539129 0.88645 0.532051 0.93088
0 0.565308 0.707984 0.567489 0.685319 0.552974 0.680906 0.550793 0.70357
0 0.235319 0.955202 0.240508 0.931208 0.226653 0.921738 0.221464 0.945732
0 0.309001 0.431844 0.303274 0.399316 0.279391 0.412604 0.285118 0.445132
0 0.156821 0.973662 0.164072 0.946925 0.142626 0.928541 0.135374 0.955277
0 0.550097 0.759559 0.551659 0.737789 0.531679 0.733261 0.530118 0.755031
0 0.496765 0.791854 0.506416 0.771521 0.496979 0.757364 0.487328 0.777697
0 0.461579 0.594086 0.465271 0.569371 0.440849 0.55784 0.437157 0.582556
0 0.349174 0.830846 0.352437 0.799115 0.336509 0.793937 0.333245 0.825668
0 0.522685 0.721374 0.526891 0.703714 0.517347 0.696528 0.51314 0.714188
0 0.585037 0.61698 0.591189 0.597939 0.579789 0.586299 0.573637 0.60534
0 0.0481339 0.967866 0.0516054 0.881033 -0.00144596 0.874329 -0.00491746 0.961162
0 0.459715 0.7416 0.459168 0.694231 0.429682 0.695308 0.430229 0.742676
0 0.561501 0.813944 0.566374 0.75702 0.539797 0.749829 0.534923 0.806752
0 0.310097 0.517422 0.315001 0.496924 0.305087 0.489429 0.300184 0.509927
0 0.54689 0.724974 0.548921 0.707129 0.536896 0.702804 0.534866 0.720649
0 0.572692 0.87909 0.579374 0.848934 0.565964 0.839544 0.559283 0.869699
0 0.492538 0.526464 0.507089 0.504274 0.497539 0.484481 0.482987 0.50667
0 0.467832 0.521519 0.471021 0.498162 0.4499 0.48905 0.446712 0.512407
0 0.422393 0.848893 0.426607 0.814435 0.405857 0.806416 0.401643 0.840874
0 0.193733 0.837659 0.206784 0.816481 0.199088 0.801494 0.186038 0.822672
0 0.484557 0.7281 0.48819 0.704425 0.470213 0.695706 0.466579 0.719381
0 0.590451 0.857805 0.592218 0.834453 0.576672 0.830736 0.574906 0.854088
0 0.092881 0.830616 0.0930412 0.787817 0.0679788 0.78752 0.0678187 0.83032
0 0.566456 0.929337 0.570392 0.893753 0.55337 0.887802 0.549434 0.923385
0 0.0502831 0.559369 0.0535139 0.517717 0.0210514 0.509759 0.0178206 0.55141
0 0.313958 0.784556 0.316877 0.715724 0.279909 0.710769 0.27699 0.779602
0 0.610337 0.753208 0.611491 0.7248 0.588022 0.721787 0.586868 0.750195
0 0.441575 0.630334 0.445625 0.611012 0.428855 0.599902 0.424805 0.619224
0 0.158426 0.777904 0.167062 0.751163 0.156877 0.740769 0.148242 0.76751
0 0.35649 0.855628 0.364192 0.825633 0.350491 0.814515 0.342789 0.844511
0 0.494396 0.869704 0.495477 0.832874 0.469408 0.830457 0.468328 0.867287
0 0.183452 0.961205 0.203826 0.915469 0.187166 0.892014 0.166792 0.937751
0 0.432304 0.749593 0.433314 0.694187 0.399036 0.692212 0.398026 0.747618
0 0.199534 0.950439 0.217271 0.933784 0.211406 0.914046 0.19367 0.930701
0 0.0643401 0.951634 0.0874663 0.910069 0.0733227 0.885198 0.0501966 0.926764
0 0.303856 0.82671 0.304938 0.805461 0.290732 0.803173 0.289649 0.824423
0 0.222233 0.852921 0.226619 0.831025 0.214703 0.823481 0.210317 0.845377
0 0.876995 0.83841 0.88832 0.809356 0.864398 0.779887 0.853073 0.808941
0 0.541615 0.906524 0.552109 0.881609 0.539451 0.864758 0.528957 0.889673
0 0.27063 0.795145 0.284241 0.772464 0.275897 0.756637 0.262285 0.779318
0 0.533768 0.707549 0.535253 0.684411 0.521877 0.681697 0.520391 0.704835
0 0.0516957 0.918058 0.0968561 0.876715 0.0840481 0.832498 0.0388878 0.873841
0 0.559146 0.84764 0.564786 0.819873 0.553792 0.812817 0.548152 0.840584
0 0.53242 0.776376 0.534823 0.751361 0.510455 0.743965 0.508052 0.76898
0 0.146069 0.833255 0.147824 0.788827 0.123276 0.785763 0.121521 0.830191
0 0.47065 0.707186 0.47309 0.685296 0.460512 0.680866 0.458072 0.702756
0 0.290373 0.569422 0.293236 0.542642 0.278901 0.5378 0.276039 0.564579
0 0.494916 0.737207 0.502838 0.703956 0.491242 0.695223 0.483319 0.728474
0 0.408085 0.718294 0.415513 0.669563 0.379699 0.652309 0.372271 0.70104
0 0.270339 0.572489 0.272764 0.551844 0.260206 0.547184 0.257781 0.567828
0 0.496004 0.817729 0.500065 0.798316 0.488941 0.790962 0.48488 0.810375
0 0.23279 0.836116 0.234984 0.810852 0.220888 0.806984 0.218695 0.832248
0 0.0392848 0.985375 0.0615304 0.954036 0.0517508 0.932096 0.0295052 0.963436
0 0.552233 0.829729 0.554738 0.808529 0.541097 0.803435 0.538592 0.824635
0 0.461 0.804876 0.457827 0.775765 0.432695 0.784424 0.435869 0.813535
0 0.510092 0.794853 0.515412 0.77239 0.506531 0.765743 0.501211 0.788206
0 0.645157 0.741249 0.649076 0.718939 0.635377 0.711334 0.631458 0.733645
0 0.33556 0.496325 0.343378 0.461529 0.327695 0.450392 0.319877 0.485188
0 0.202654 0.909048 0.210955 0.884811 0.199369 0.87227 0.191068 0.896508
0 0.478963 0.497083 0.478495 0.476499 0.463844 0.477551 0.464312 0.498134
0 0.354144 0.900113 0.362629 0.87479 0.352448 0.864008 0.343962 0.889331
0 0.492358 0.845826 0.499795 0.814747 0.476359 0.797023 0.468922 0.828102
0 0.208163 0.844562 0.216214 0.82409 0.205857 0.811217 0.197806 0.831689
0 0.98755 1.05338 1.01229 0.894348 0.841262 0.810257 0.816521 0.969291
0 0.283044 0.641709 0.292625 0.583963 0.245151 0.559069 0.23557 0.616815
0 0.525163 0.685384 0.525933 0.664414 0.513245 0.662942 0.512476 0.683912
0 0.0594109 0.832346 0.0660058 0.802843 0.0494919 0.791176 0.042897 0.820679
0 0.635118 0.896187 0.632925 0.847672 0.609952 0.850954 0.612145 0.899469
0 0.290932 0.892326 0.297148 0.870334 0.287534 0.861747 0.281319 0.883739
0 0.055779 0.778834 0.0638101 0.752996 0.0500747 0.739503 0.0420437 0.765341
0 0.617885 0.626091 0.621261 0.608827 0.611771 0.602963 0.608396 0.620228
0 0.314483 1.00497 0.315514 0.982313 0.300712 0.980186 0.299681 1.00284
0 0.612826 0.579783 0.619264 0.563388 0.608745 0.550334 0.602307 0.566728
0 0.364863 0.872631 0.367534 0.844878 0.350415 0.839671 0.347744 0.867424
0 0.498558 0.768587 0.504086 0.748565 0.494015 0.739778 0.488487 0.7598
0 0.535636 0.834451 0.538448 0.815265 0.525272 0.809163 0.52246 0.828348
0 0.733807 0.652097 0.735847 0.629552 0.724928 0.626429 0.722888 0.648974
0 0.59541 0.591635 0.602323 0.571705 0.592278 0.560693 0.585365 0.580623
0 0.245452 0.899809 0.252886 0.874758 0.242109 0.864651 0.234675 0.889702
0 0.407711 0.89986 0.410763 0.877362 0.398965 0.872304 0.395914 0.894802
0 0.414812 0.918989 0.418707 0.896659 0.402572 0.887764 0.398677 0.910093
0 0.487773 0.763453 0.490954 0.744121 0.478488 0.737638 0.475307 0.75697
0 0.316797 0.934495 0.328514 0.906358 0.318418 0.89307 0.306701 0.921207
0 0.183812 0.91431 0.189412 0.886416 0.175566 0.87763 0.169966 0.905524
0 0.429405 0.778685 0.432179 0.747179 0.415784 0.742617 0.41301 0.774123
0 0.523827 0.828654 0.52593 0.808362 0.514956 0.804768 0.512853 0.82506
0 0.215127 0.899582 0.228494 0.872605 0.218729 0.857311 0.205361 0.884288
0 0.507808 0.86212 0.51396 0.825582 0.497014 0.816565 0.490862 0.853102
0 0.261745 0.996514 0.269893 0.965377 0.257768 0.95535 0.24962 0.986486
0 0.571952 0.615522 0.577352 0.59812 0.567996 0.588945 0.562596 0.606347
0 0.0937398 0.908822 0.107568 0.880629 0.0985041 0.866579 0.0846762 0.894772
0 0.167222 0.808118 0.172987 0.78658 0.161246 0.776648 0.155481 0.798186
0 0.883276 0.679657 0.884283 0.643561 0.864032 0.641777 0.863026 0.677873
0 0.23803 0.929934 0.251102 0.90073 0.241686 0.88741 0.228614 0.916614
0 0.111212 0.90582 0.119176 0.877126 0.10855 0.867807 0.100587 0.896501
0 0.0849648 0.757384 0.0953352 0.731643 0.0829491 0.715872 0.0725787 0.741612
0 0.509253 0.692597 0.510825 0.663972 0.494582 0.661153 0.49301 0.689778
0 0.95207 0.756992 0.952869 0.72914 0.932608 0.727304 0.93181 0.755156
0 0.512322 0.623682 0.517717 0.602613 0.507232 0.594126 0.501836 0.615195
0 0.169012 1.00219 0.178675 0.974748 0.160694 0.954737 0.151031 0.982178
0 0.547368 0.846315 0.549054 0.823721 0.5357 0.820571 0.534014 0.843166
0 0.731245 0.66271 0.716838 0.543387 0.638901 0.573127 0.653308 0.692451
0 0.587916 0.77604 0.594611 0.746293 0.573089 0.730984 0.566394 0.760731
0 0.446611 0.528812 0.451486 0.507054 0.441212 0.49978 0.436337 0.521538
0 0.357061 0.950391 0.357336 0.921286 0.342067 0.920829 0.341791 0.949934
0 0.519398 0.666221 0.519154 0.647091 0.507163 0.647574 0.507407 0.666704
0 0.270897 0.882494 0.280184 0.846589 0.268279 0.836857 0.258992 0.872763
0 0.586089 0.672047 0.5881 0.651786 0.577161 0.648355 0.575151 0.668616
0 0.314401 0.81357 0.318754 0.787914 0.305876 0.781008 0.301523 0.806664
0 0.57947 0.907776 0.581106 0.881063 0.566889 0.878311 0.565253 0.905024
0 0.619408 0.678304 0.622755 0.659195 0.612851 0.653711 0.609503 0.67282
0 0.0144988 0.818839 0.0187691 0.787214 -3.30371e-05 0.77919 -0.0043034 0.810815
0 0.255392 0.891677 0.263067 0.865155 0.249783 0.853005 0.242108 0.879527
0 0.424342 0.494171 0.426139 0.466784 0.411539 0.463756 0.409741 0.491142
0 0.511085 0.829883 0.51814 0.811201 0.503425 0.793638 0.49637 0.812321
0 0.105952 0.800666 0.113608 0.757838 0.0811806 0.739517 0.0735242 0.782344
0 0.432099 0.813933 0.438377 0.774584 0.420488 0.765564 0.41421 0.804914
0 0.134887 0.76455 0.147597 0.731108 0.133912 0.714669 0.121202 0.748111
0 0.562936 0.899486 0.572391 0.87465 0.560349 0.860162 0.550894 0.884997
0 0.277949 0.820974 0.288609 0.788474 0.276945 0.776383 0.266285 0.808883
0 0.6023 0.951727 0.615138 0.911887 0.602975 0.8995 0.590137 0.939339
0 0.440489 0.674724 0.445511 0.643678 0.433083 0.637325 0.428062 0.668371
0 0.180495 0.992586 0.211972 0.959895 0.203782 0.934971 0.172304 0.967662
0 0.20856 0.927988 0.21426 0.903894 0.196877 0.890898 0.191177 0.914992
0 0.415698 0.796664 0.419823 0.771394 0.403081 0.762754 0.398955 0.788024
0 0.099574 0.847303 0.109739 0.809176 0.0951542 0.796887 0.0849892 0.835013
0 0.621537 1.00728 0.625812 0.978593 0.607483 0.96996 0.603208 0.998646
0 0.117158 1.00935 0.144903 0.957804 0.118244 0.912456 0.0904987 0.964007
0 0.59002 0.746115 0.597753 0.710963 0.57798 0.697214 0.570247 0.732366
0 0.269093 0.842739 0.276447 0.819195 0.267974 0.810831 0.26062 0.834376
0 0.264629 0.696751 0.264918 0.679484 0.251705 0.678786 0.251417 0.696054
0 0.265994 0.72429 0.269841 0.698508 0.255977 0.69197 0.25213 0.717752
0 0.128235 0.751293 0.133069 0.709419 0.110952 0.70135 0.106118 0.743224
0 0.266973 0.650971 0.268968 0.624805 0.248035 0.61976 0.24604 0.645927
0 0.602533 0.852306 0.603005 0.831933 0.590718 0.831033 0.590246 0.851406
0 0.563643 0.728992 0.564435 0.709677 0.549254 0.707712 0.548463 0.727027
0 0.60492 0.681564 0.613202 0.66402 0.600441 0.644983 0.59216 0.662527
0 0.212496 0.881592 0.219573 0.846635 0.2076 0.838974 0.200523 0.873931
0 0.452042 0.758986 0.451336 0.728429 0.428707 0.730081 0.429413 0.760638
0 0.487574 0.560309 0.490505 0.532736 0.462742 0.523407 0.45981 0.55098
0 0.86085 0.702376 0.863651 0.665211 0.821136 0.655084 0.818336 0.692249
0 0.520865 0.69769 0.521505 0.678688 0.50965 0.677426 0.50901 0.696428
0 0.48859 0.480554 0.491099 0.465702 0.479036 0.459262 0.476528 0.474114
0 0.161075 0.939417 0.163339 0.914999 0.147615 0.910391 0.145351 0.934809
0 0.205005 0.883169 0.204723 0.828775 0.162972 0.82946 0.163254 0.883855
0 0.282034 0.583048 0.283921 0.562786 0.267834 0.558051 0.265947 0.578313
0 0.382082 0.896628 0.385023 0.871591 0.374407 0.867649 0.371466 0.892687
0 0.404017 0.885029 0.414469 0.858138 0.404482 0.84587 0.39403 0.872762
0 0.737761 0.69182 0.73686 0.649634 0.716589 0.651003 0.71749 0.693188
0 0.634633 0.929885 0.639085 0.905029 0.624791 0.896937 0.620339 0.921793
0 0.302803 0.557556 0.304227 0.523498 0.290409 0.521673 0.288986 0.555731
0 0.394996 1.01486 0.408785 0.97651 0.389428 0.954517 0.37564 0.992871
0 0.349325 0.649066 0.350025 0.622838 0.338478 0.621864 0.337778 0.648092
0 0.621206 0.917227 0.623498 0.891486 0.612191 0.888305 0.609899 0.914045
0 0.0686757 0.751195 0.086926 0.723011 0.0774426 0.703603 0.0591924 0.731787
0 0.267099 0.774035 0.268585 0.750815 0.251339 0.747325 0.249852 0.770545
0 0.260356 0.839251 0.267629 0.814676 0.258857 0.806471 0.251584 0.831047
0 0.0190839 0.987533 0.0166914 0.953431 -0.00401887 0.958023 -0.00162635 0.992126
0 0.436734 0.889838 0.451615 0.83996 0.425936 0.815747 0.411055 0.865626
0 0.477173 0.740455 0.478482 0.721353 0.466319 0.71872 0.465011 0.737823
0 0.469082 0.967956 0.477775 0.940249 0.466426 0.928994 0.457732 0.956701
0 0.575451 0.678417 0.578153 0.658749 0.566896 0.653861 0.564194 0.673529
0 0.370775 0.86043 0.378002 0.836793 0.364234 0.823489 0.357007 0.847126
0 0.584389 0.954317 0.597691 0.918095 0.57847 0.895786 0.565168 0.932008
0 0.288132 0.550354 0.289002 0.528475 0.274311 0.52663 0.273441 0.548508
0 0.0788397 0.850256 0.0834263 0.825534 0.0634545 0.813824 0.0588679 0.838546
0 0.23786 0.903098 0.243178 0.870769 0.228075 0.862918 0.222757 0.895246
0 0.116543 0.806673 0.11586 0.788966 0.101331 0.790737 0.102014 0.808444
0 0.348344 0.879561 0.352263 0.860719 0.342908 0.854569 0.338989 0.873411
0 0.125433 0.897528 0.128807 0.874018 0.116083 0.868246 0.112709 0.891756
0 0.556197 0.738843 0.556228 0.717504 0.540287 0.71743 0.540256 0.738769
0 0.908487 0.788057 0.920967 0.763792 0.90386 0.735983 0.89138 0.760247
0 0.242259 0.764828 0.24221 0.739686 0.222767 0.739807 0.222816 0.764949
0 0.318901 0.580981 0.320652 0.562137 0.310634 0.559195 0.308883 0.57804
0 0.172453 0.750252 0.177208 0.728237 0.166878 0.721185 0.162123 0.7432
0 0.120248 0.924691 0.126607 0.897619 0.115011 0.889011 0.108652 0.916083
0 0.525045 0.662221 0.526028 0.643446 0.513051 0.641299 0.512068 0.660074
0 0.048622 0.86806 0.0664332 0.834801 0.0551236 0.815659 0.0373124 0.848918
0 0.0228202 0.79473 0.0273669 0.772629 0.016591 0.765623 0.0120444 0.787723
0 0.546666 0.670477 0.548123 0.649648 0.536626 0.647106 0.535169 0.667935
0 0.640467 0.766595 0.642065 0.745101 0.630208 0.742314 0.628609 0.763807
0 0.151219 0.794663 0.154777 0.77096 0.142592 0.76518 0.139034 0.788883
0 0.0327301 0.578884 0.03275 0.547039 0.00684013 0.546988 0.00682021 0.578833
0 0.153184 0.313496 0.171214 0.297678 0.159332 0.254874 0.141303 0.270691
0 0.270026 0.742008 0.279619 0.720112 0.27093 0.708083 0.261338 0.729978
0 0.514081 0.580348 0.520357 0.558482 0.508947 0.548131 0.502671 0.569997
0 0.404016 0.668974 0.407283 0.643006 0.387483 0.635133 0.384215 0.6611
0 0.247531 0.886431 0.255822 0.858965 0.244613 0.848273 0.236323 0.875739
0 0.297114 0.648315 0.302636 0.620213 0.291169 0.613092 0.285647 0.641195
0 0.611356 0.718851 0.614651 0.701454 0.603305 0.69466 0.600009 0.712058
0 0.222075 0.993797 0.228909 0.969691 0.219604 0.961355 0.21277 0.985461
0 0.251392 0.817822 0.256684 0.793906 0.244247 0.78521 0.238955 0.809126
0 0.245487 0.991136 0.261723 0.952845 0.245627 0.931275 0.229391 0.969566
0 0.256765 0.858276 0.259507 0.837631 0.247674 0.832663 0.244932 0.853308
0 0.289823 0.497031 0.292383 0.477541 0.27952 0.4722 0.27696 0.491691
0 0.651473 0.853864 0.653139 0.833678 0.641788 0.830719 0.640123 0.850904
0 0.536237 0.677822 0.537809 0.661461 0.529074 0.658808 0.527503 0.67517
0 0.627665 0.974106 0.632201 0.949955 0.615877 0.940266 0.611341 0.964417
0 0.631678 0.652724 0.636417 0.634778 0.619511 0.620667 0.614772 0.638613
0 0.297735 0.483937 0.299987 0.464484 0.288081 0.460128 0.285829 0.479581
0 0.882659 0.633002 0.885357 0.609201 0.865404 0.602055 0.862707 0.625855
0 0.338175 0.540882 0.33892 0.522075 0.328734 0.520801 0.32799 0.539608
0 0.223345 0.941086 0.226728 0.916662 0.212644 0.910496 0.209261 0.93492
0 0.638824 0.997167 0.643796 0.970716 0.628433 0.96159 0.623461 0.988041
0 0.141374 0.703726 0.149804 0.667527 0.123726 0.648333 0.115296 0.684533
0 0.0592025 0.79085 0.0579614 0.767293 0.041281 0.77007 0.042522 0.793627
0 0.549226 0.884443 0.557295 0.86226 0.547261 0.850724 0.539192 0.872908
0 0.472616 0.436345 0.474024 0.416254 0.461631 0.41351 0.460223 0.433601
0 0.296294 0.809166 0.300184 0.787548 0.288331 0.780806 0.284441 0.802424
0 0.0386997 0.803319 0.0380831 0.781941 0.0217611 0.783429 0.0223777 0.804807
0 0.294479 0.657241 0.302682 0.628824 0.29339 0.620348 0.285187 0.648765
0 0.42595 0.910446 0.436742 0.878024 0.423787 0.864396 0.412995 0.896818
0 0.296908 0.864372 0.299684 0.843671 0.288829 0.83907 0.286053 0.859771
0 0.594413 0.672198 0.598644 0.655754 0.589098 0.647991 0.584867 0.664434
0 0.352758 0.471263 0.354346 0.447489 0.339946 0.444449 0.338358 0.468223
0 0.421357 0.688439 0.423045 0.663006 0.408495 0.659954 0.406807 0.685387
0 0.927433 0.834646 0.931115 0.789809 0.888507 0.778748 0.884824 0.823585
0 0.946769 0.823504 0.953307 0.802656 0.936323 0.785823 0.929785 0.80667
0 0.459764 0.689338 0.469329 0.675832 0.458219 0.650965 0.448654 0.664471
0 0.225382 0.791916 0.229608 0.768808 0.214115 0.759853 0.209889 0.782961
0 0.464184 0.787294 0.466064 0.764491 0.452068 0.760846 0.450189 0.783648
0 0.0722269 0.798368 0.072534 0.774339 0.0572418 0.773721 0.0569347 0.79775
0 0.249298 0.547325 0.25091 0.53057 0.237686 0.526549 0.236074 0.543304
0 0.456284 0.667094 0.465346 0.648015 0.45306 0.62957 0.443998 0.648649
0 0.0634453 0.875213 0.0738415 0.840641 0.0598021 0.827298 0.049406 0.86187
0 0.617447 0.70544 0.62208 0.685968 0.612955 0.679106 0.608322 0.698578
0 0.56213 0.679531 0.564712 0.661532 0.554716 0.657 0.552134 0.675
0 0.337291 0.903921 0.342952 0.884001 0.333187 0.875229 0.327525 0.89515
0 0.455399 0.698992 0.464065 0.684596 0.452659 0.662893 0.443993 0.677289
0 0.782966 0.689024 0.784392 0.660273 0.768883 0.657842 0.767458 0.686593
0 0.44339 0.660704 0.44991 0.63273 0.439995 0.625426 0.433475 0.6534
0 0.221195 0.966913 0.226662 0.937375 0.211301 0.92839 0.205835 0.957928
0 0.152852 0.761312 0.162244 0.724157 0.149352 0.713858 0.13996 0.751014
0 0.510523 0.703713 0.512154 0.686578 0.498112 0.682352 0.496481 0.699487
0 0.160335 0.810173 0.165575 0.792479 0.155434 0.782986 0.150194 0.80068
0 0.121446 0.768387 0.12272 0.746855 0.105583 0.74365 0.104309 0.765182
0 0.575129 0.69849 0.576529 0.681026 0.566865 0.678577 0.565465 0.696041
0 0.489132 0.493648 0.495379 0.476208 0.485526 0.465054 0.479279 0.482494
0 0.119758 0.879785 0.135151 0.852513 0.125248 0.834848 0.109855 0.86212
0 0.924872 0.68806 0.926201 0.641784 0.891444 0.63863 0.890115 0.684905
0 0.298703 0.507158 0.305256 0.48758 0.296122 0.477917 0.289569 0.497495
0 0.624231 0.725411 0.626928 0.707104 0.616157 0.70209 0.61346 0.720396
0 0.626134 0.849985 0.627245 0.830991 0.615251 0.828773 0.614139 0.847767
0 0.597813 0.608797 0.600157 0.589327 0.590678 0.58572 0.588333 0.60519
0 0.233398 0.99578 0.246595 0.957008 0.234441 0.943934 0.221244 0.982706
0 0.341551 0.855598 0.34722 0.827638 0.335031 0.819828 0.329363 0.847788
0 0.316045 0.665155 0.321241 0.645075 0.307759 0.634048 0.302562 0.654128
0 0.637555 0.813664 0.639955 0.790559 0.630422 0.787428 0.628021 0.810534
0 0.19533 0.741631 0.196028 0.722921 0.180089 0.721041 0.179391 0.739752
0 0.356066 0.925039 0.363378 0.901946 0.353992 0.892552 0.346679 0.915646
0 0.401378 0.885709 0.405417 0.838747 0.381322 0.832197 0.377283 0.87916
0 0.854553 0.636281 0.859513 0.617312 0.841364 0.602315 0.836404 0.621284
0 0.448564 0.910727 0.451985 0.878279 0.436483 0.873114 0.433062 0.905561
0 0.16961 0.950747 0.172314 0.927179 0.160768 0.922991 0.158063 0.946559
0 0.313766 0.861966 0.315915 0.840672 0.303527 0.83672 0.301378 0.858014
0 0.332061 0.435717 0.350484 0.411957 0.341685 0.390395 0.323262 0.414155
0 0.271006 0.900484 0.27542 0.876627 0.265458 0.870802 0.261044 0.894658
0 0.282376 0.520363 0.284929 0.504531 0.274117 0.499021 0.271564 0.514853
0 0.127661 0.563596 0.134137 0.535207 0.118169 0.523694 0.111692 0.552083
0 0.575903 0.716317 0.577517 0.696239 0.566688 0.693487 0.565074 0.713565
0 0.172985 0.932043 0.180067 0.907219 0.169835 0.897993 0.162753 0.922816
0 0.195991 0.811597 0.20037 0.785171 0.186372 0.777839 0.181992 0.804265
0 0.150235 0.767731 0.158991 0.733977 0.144579 0.722161 0.135823 0.755915
0 0.587319 0.638912 0.589723 0.619494 0.579897 0.61565 0.577493 0.635068
0 0.330844 0.874457 0.330327 0.846948 0.308971 0.848216 0.309488 0.875726
0 0.282016 0.8373 0.286981 0.816039 0.277855 0.809303 0.27289 0.830565
0 0.427872 0.465093 0.427794 0.442722 0.414652 0.442867 0.41473 0.465239
0 0.672914 0.705046 0.67748 0.673113 0.660632 0.665499 0.656066 0.697432
0 0.307989 0.637076 0.318401 0.622305 0.30679 0.596438 0.296378 0.611208
0 0.369478 0.610697 0.37266 0.590112 0.363504 0.585638 0.360321 0.606222
0 0.461754 0.842134 0.468796 0.818834 0.457109 0.807672 0.450068 0.830971
0 0.522177 0.58956 0.527494 0.569377 0.518328 0.561746 0.513011 0.581928
0 0.443119 0.564123 0.445009 0.534975 0.428017 0.531493 0.426127 0.56064
0 0.379547 0.84154 0.386858 0.813822 0.37785 0.806312 0.370538 0.834029
0 0.295907 0.845253 0.298709 0.825905 0.28633 0.820239 0.283528 0.839587
0 0.612814 0.826411 0.61359 0.807167 0.600349 0.805479 0.599573 0.824723
0 0.63818 0.559831 0.639956 0.539903 0.627923 0.536514 0.626147 0.556442
0 0.0704167 0.576042 0.0653707 0.543203 0.0325717 0.559132 0.0376177 0.591971
0 0.648486 0.831104 0.649506 0.811301 0.636893 0.809247 0.635873 0.82905
0 0.585951 0.83426 0.586159 0.812064 0.571734 0.811636 0.571525 0.833832
0 0.259637 0.809451 0.265964 0.792075 0.255665 0.780222 0.249337 0.797598
0 0.265276 0.544581 0.266594 0.524107 0.255131 0.521775 0.253813 0.542249
0 0.139653 0.716744 0.151234 0.694936 0.142693 0.680602 0.131113 0.70241
0 0.281365 0.920428 0.289559 0.898352 0.282282 0.889814 0.274087 0.911889
0 0.733284 0.627868 0.734991 0.605887 0.722263 0.602763 0.720556 0.624744
0 0.611512 0.807796 0.614468 0.787381 0.604373 0.78276 0.601416 0.803175
0 0.647734 0.992895 0.659666 0.974572 0.646879 0.948259 0.634948 0.966582
0 0.313829 0.986361 0.321833 0.96522 0.313315 0.955026 0.30531 0.976166
0 0.97681 0.776132 0.98089 0.755948 0.957379 0.740926 0.953298 0.76111
0 0.56841 0.977818 0.575022 0.950913 0.561557 0.940455 0.554945 0.96736
0 0.937932 0.776508 0.943918 0.757991 0.928314 0.742049 0.922328 0.760566
0 0.426098 0.880567 0.438069 0.836896 0.420639 0.821794 0.408667 0.865464
0 0.874916 0.777561 0.87059 0.728679 0.827508 0.740731 0.831834 0.789613
0 0.297281 0.525052 0.302849 0.506773 0.294078 0.49833 0.28851 0.516608
0 0.893838 0.739302 0.905295 0.714143 0.885218 0.685247 0.873761 0.710406
0 0.494505 0.659082 0.496514 0.638093 0.484897 0.634579 0.482888 0.655569
0 0.165454 0.731024 0.171685 0.702478 0.158559 0.693422 0.152328 0.721968
0 0.56159 0.740418 0.561681 0.71696 0.544928 0.716754 0.544837 0.740212
0 0.76462 0.832089 0.767238 0.806442 0.749108 0.800592 0.746489 0.826239
0 0.733241 0.753889 0.735588 0.726132 0.715133 0.720667 0.712787 0.748424
0 0.528766 0.557594 0.529646 0.535461 0.516614 0.533823 0.515734 0.555956
0 0.521948 0.844673 0.52107 0.819256 0.506966 0.820796 0.507844 0.846213
0 0.317876 0.886969 0.31899 0.865246 0.306621 0.863242 0.305508 0.884965
0 0.109853 0.723097 0.112004 0.689886 0.0952555 0.686457 0.0931043 0.719668
0 0.0643404 0.561303 0.0936734 0.502794 0.0745014 0.472416 0.0451684 0.530925
0 0.888902 0.805996 0.892012 0.776077 0.871908 0.769471 0.868797 0.79939
0 0.634501 0.829442 0.635548 0.81328 0.627062 0.811542 0.626015 0.827705
0 0.316135 0.536508 0.318176 0.519751 0.308565 0.51605 0.306524 0.532808
0 0.00455214 0.858718 0.0290427 0.837345 0.0225594 0.813865 -0.00193118 0.835238
0 0.507428 0.654516 0.509947 0.628832 0.498756 0.625362 0.496236 0.651047
0 0.649934 1.00699 0.653435 0.989535 0.641295 0.981841 0.637795 0.999297
0 0.654347 0.565994 0.654872 0.544158 0.641491 0.543141 0.640966 0.564977
0 0.316168 0.71893 0.319366 0.691276 0.308223 0.687204 0.305026 0.714858
0 0.24572 0.106781 0.257143 0.0572565 0.227281 0.0354892 0.215858 0.0850141
0 0.55756 0.65122 0.559138 0.635653 0.550283 0.632815 0.548704 0.648382
0 0.287272 0.857498 0.289338 0.839381 0.279654 0.835891 0.277588 0.854009
0 0.609274 0.592178 0.611153 0.57599 0.601778 0.57255 0.599899 0.588738
0 0.502952 1.00741 0.50946 0.972666 0.493353 0.96313 0.486845 0.997869
0 0.204166 0.351555 0.207557 0.300484 0.176129 0.293888 0.172738 0.344959
0 0.596272 0.795401 0.610556 0.768596 0.599044 0.749206 0.584759 0.776012
0 0.338941 0.892936 0.346198 0.875042 0.336797 0.862992 0.32954 0.880886
0 0.293408 0.61043 0.296731 0.580678 0.278496 0.574243 0.275173 0.603994
0 0.373447 0.82821 0.378136 0.803413 0.367681 0.797166 0.362993 0.821963
0 0.332148 0.829249 0.33423 0.795934 0.311473 0.791441 0.309392 0.824756
0 0.589482 0.668323 0.59494 0.652016 0.586159 0.642728 0.580702 0.659035
0 0.272756 0.678727 0.275033 0.658525 0.262083 0.653911 0.259805 0.674113
0 0.620492 0.657943 0.622389 0.642887 0.612281 0.638862 0.610385 0.653919
0 0.332744 0.874059 0.334926 0.849435 0.316576 0.844297 0.314394 0.868921
0 0.203374 0.760224 0.219157 0.730883 0.209433 0.714351 0.19365 0.743692
0 0.633059 0.759037 0.635547 0.728118 0.617269 0.723469 0.614781 0.754388
0 0.249557 0.841489 0.252199 0.821161 0.241092 0.816598 0.23845 0.836927
0 0.404129 0.819687 0.402081 0.773457 0.379061 0.776681 0.38111 0.822911
0 0.625121 0.566259 0.626691 0.549349 0.616336 0.546311 0.614766 0.56322
0 0.130889 0.895737 0.150082 0.867427 0.139204 0.844119 0.120011 0.872429
0 0.4882 0.798835 0.493542 0.784703 0.484826 0.774289 0.479483 0.788421
0 0.54107 0.711079 0.545347 0.692405 0.535631 0.685371 0.531353 0.704045
0 0.273203 0.551933 0.274592 0.53234 0.263261 0.529801 0.261872 0.549394
0 0.941602 0.699277 0.951069 0.676381 0.931651 0.651006 0.922184 0.673902
0 0.0184458 0.598772 0.0366037 0.579538 0.0307833 0.562171 0.0126253 0.581405
0 0.245225 0.859203 0.245836 0.84003 0.235327 0.838971 0.234716 0.858144
0 0.647564 0.794735 0.652485 0.776816 0.643279 0.768825 0.638358 0.786744
0 0.482581 0.618053 0.483435 0.588924 0.468902 0.587578 0.468048 0.616707
0 0.497366 0.583831 0.499581 0.568111 0.490887 0.564241 0.488672 0.579961
0 0.348674 0.640495 0.349309 0.61838 0.337318 0.617293 0.336683 0.639407
0 0.286799 0.660932 0.292666 0.634478 0.28199 0.626995 0.276123 0.653449
0 0.572193 0.752946 0.579022 0.728082 0.567366 0.717964 0.560537 0.742828
0 0.75413 0.789249 0.755388 0.770182 0.743166 0.767633 0.741908 0.786701
0 0.597878 0.92625 0.602991 0.897859 0.590385 0.890683 0.585271 0.919074
0 0.206633 0.865857 0.209142 0.833688 0.190394 0.829068 0.187886 0.861237
0 0.00771915 0.612985 0.0313325 0.593643 0.0262099 0.573878 0.00259651 0.593221
0 0.075572 0.744076 0.0910384 0.715152 0.0786199 0.694164 0.0631534 0.723089
0 0.639511 1.00575 0.640524 0.986691 0.628722 0.984708 0.627709 1.00377
0 0.183454 0.790037 0.184656 0.772858 0.174808 0.77068 0.173605 0.787859
0 0.570908 0.776979 0.577008 0.753185 0.559615 0.739093 0.553515 0.762886
0 0.0442362 0.894145 0.0497661 0.858094 0.0343938 0.850641 0.0288639 0.886693
0 0.371201 0.717537 0.370839 0.674803 0.350293 0.675353 0.350655 0.718087
0 0.22014 0.578165 0.223331 0.541876 0.204628 0.536678 0.201437 0.572968
0 0.412043 0.77564 0.414251 0.746521 0.399513 0.742988 0.397305 0.772108
0 0.00264021 0.913895 0.0425869 0.880703 0.0301367 0.833347 -0.00981004 0.86654
0 0.222735 0.919464 0.230496 0.88247 0.21487 0.87211 0.207109 0.909104
0 0.646463 0.812452 0.652408 0.790805 0.642959 0.782602 0.637013 0.804248
0 0.338328 0.407983 0.341437 0.380728 0.324618 0.374662 0.321508 0.401918
0 0.919271 0.626326 0.928149 0.603421 0.908162 0.578938 0.899285 0.601843
0 0.358314 0.808241 0.360926 0.787484 0.34904 0.782757 0.346428 0.803514
0 0.60993 0.972878 0.612713 0.948643 0.601309 0.944506 0.598527 0.96874
0 0.478137 0.681786 0.479981 0.662765 0.4683 0.659185 0.466455 0.678206
0 0.0912334 0.869939 0.0975228 0.845665 0.0803935 0.831638 0.0741041 0.855912
0 0.546602 0.86337 0.551114 0.840545 0.538908 0.832919 0.534396 0.855744
0 0.309455 0.591723 0.311797 0.569723 0.302853 0.566713 0.300511 0.588714
0 0.0361621 0.855431 0.0465719 0.836914 0.0377997 0.821328 0.0273899 0.839845
0 0.640765 0.843906 0.642201 0.825922 0.630154 0.822883 0.628719 0.840867
0 0.470405 0.596384 0.472006 0.575307 0.462138 0.572937 0.460537 0.594014
0 0.596394 0.629412 0.599113 0.613567 0.58962 0.608419 0.586902 0.624265
0 0.152742 0.992971 0.157704 0.966642 0.141998 0.957286 0.137036 0.983615
0 0.957984 0.666238 0.961925 0.64192 0.936538 0.628916 0.932596 0.653235
0 0.261241 0.506904 0.267444 0.484078 0.257136 0.475224 0.250933 0.498051
0 0.918354 0.655483 0.925136 0.622095 0.890213 0.599676 0.883431 0.633064
0 0.771961 0.678521 0.76732 0.638492 0.735406 0.650186 0.740046 0.690215
0 0.551221 0.692136 0.552418 0.670085 0.540768 0.668087 0.539571 0.690138
0 0.032973 0.834513 0.035937 0.816152 0.025407 0.810779 0.022443 0.82914
0 0.290122 0.939613 0.298351 0.919399 0.289053 0.907436 0.280824 0.927649
0 0.572715 0.593896 0.575003 0.574886 0.564037 0.570715 0.561749 0.589725
0 0.476323 0.790075 0.477346 0.770742 0.466563 0.76894 0.46554 0.788272
0 0.581342 0.702151 0.583539 0.685396 0.5756 0.682107 0.573403 0.698862
0 0.0843229 0.947116 0.0961941 0.918979 0.0864897 0.906039 0.0746184 0.934176
0 0.384635 0.919866 0.390713 0.894485 0.381094 0.887204 0.375016 0.912585
0 0.647533 0.896248 0.648866 0.872 0.634137 0.86944 0.632803 0.893687
0 0.453351 0.785996 0.455344 0.758412 0.435762 0.753939 0.433768 0.781524
0 0.21048 1.00677 0.210358 0.982169 0.192151 0.982454 0.192273 1.00706
0 0.283342 0.874557 0.287113 0.853783 0.278855 0.849045 0.275084 0.86982
0 0.556541 0.963589 0.558179 0.932137 0.538877 0.928961 0.53724 0.960413
0 0.394719 0.647018 0.399769 0.620364 0.378088 0.60738 0.373038 0.634034
0 0.319907 0.502485 0.324604 0.484544 0.315057 0.476643 0.31036 0.494585
0 0.459092 0.629703 0.461834 0.612251 0.44876 0.605759 0.446019 0.623212
0 0.436728 0.476391 0.438878 0.459266 0.429172 0.455416 0.427022 0.472542
0 0.217975 0.730182 0.224222 0.705777 0.214498 0.697911 0.208252 0.722316
0 0.464903 0.890429 0.472705 0.864838 0.46195 0.854476 0.454148 0.880067
0 0.0789179 0.972775 0.0961796 0.951144 0.0892534 0.933675 0.0719918 0.955306
0 0.347017 0.317689 0.369446 0.308438 0.35112 0.168022 0.328691 0.177274
0 0.261536 0.788895 0.264822 0.772073 0.253367 0.765001 0.250081 0.781823
0 0.576635 0.852124 0.578177 0.829096 0.564625 0.826227 0.563083 0.849255
0 0.306858 0.616299 0.315277 0.596244 0.305852 0.583739 0.297433 0.603795
0 0.368672 0.911432 0.37625 0.886005 0.365459 0.875842 0.357882 0.901268
0 0.819182 0.827643 0.822193 0.792175 0.79762 0.785582 0.794609 0.821051
0 0.330542 0.55392 0.330869 0.536982 0.319893 0.536313 0.319566 0.553251
0 0.635274 0.681039 0.636422 0.662705 0.625646 0.660572 0.624498 0.678906
0 0.134152 0.879013 0.158498 0.851841 0.148653 0.823963 0.124307 0.851135
0 0.402656 0.676748 0.40439 0.643133 0.380505 0.639239 0.378771 0.672854
0 0.73484 0.840903 0.73733 0.817286 0.718526 0.811018 0.716035 0.834635
0 0.163338 0.922465 0.165615 0.901466 0.153102 0.897179 0.150825 0.918177
0 0.783632 0.750982 0.78498 0.718283 0.766842 0.71592 0.765494 0.748619
0 0.34858 0.858108 0.356212 0.82649 0.346701 0.819234 0.33907 0.850853
0 0.397914 0.903132 0.40107 0.880485 0.388542 0.874967 0.385386 0.897613
0 0.615722 0.84194 0.616399 0.824619 0.604773 0.823184 0.604096 0.840505
0 0.967651 0.827478 0.972646 0.808063 0.954073 0.792961 0.949078 0.812377
0 0.614789 0.806709 0.618549 0.788074 0.607384 0.780952 0.603624 0.799587
0 0.48382 0.816008 0.486516 0.795262 0.474624 0.790377 0.471928 0.811123
0 0.294512 0.618827 0.298551 0.598788 0.286761 0.591276 0.282721 0.611315
0 0.572883 0.634156 0.577504 0.618145 0.568498 0.609929 0.563876 0.625939
0 0.948843 0.800333 0.955646 0.783979 0.940065 0.763496 0.933263 0.779851
0 0.464837 0.484523 0.466506 0.467704 0.456492 0.464562 0.454823 0.481381
0 0.21693 0.618147 0.23131 0.598071 0.21696 0.565584 0.202579 0.58566
0 0.48519 0.517265 0.489011 0.495734 0.478756 0.48998 0.474934 0.511511
0 0.713312 0.711277 0.718995 0.695105 0.707497 0.682333 0.701813 0.698504
0 0.301766 0.50803 0.30854 0.487159 0.299206 0.477584 0.292432 0.498455
0 0.57546 0.80862 0.577611 0.789317 0.567027 0.78559 0.564876 0.804893
0 0.156607 0.680757 0.166451 0.652683 0.155097 0.640101 0.145253 0.668176
0 0.261561 0.453609 0.263359 0.438042 0.253986 0.434621 0.252188 0.450188
0 0.149784 0.729383 0.15843 0.703618 0.148194 0.692761 0.139548 0.718527
0 0.121006 0.806282 0.12088 0.785721 0.106046 0.78601 0.106172 0.806571
0 0.492509 0.985083 0.501492 0.95139 0.480785 0.933941 0.471802 0.967633
0 0.177947 0.723636 0.189738 0.705041 0.183018 0.691575 0.171228 0.71017
0 0.93214 0.739225 0.936376 0.700429 0.903143 0.688963 0.898907 0.727759
0 0.301044 0.962331 0.3069 0.927389 0.293572 0.920329 0.287716 0.955271
0 0.444534 0.685141 0.448257 0.662339 0.438018 0.657055 0.434294 0.679857
0 0.638293 0.722747 0.640546 0.704422 0.629337 0.700066 0.627084 0.718392
0 0.440191 0.401509 0.441229 0.355533 0.415954 0.35373 0.414916 0.399706
0 0.833857 0.606556 0.837942 0.588257 0.823899 0.578349 0.819814 0.596648
0 0.163231 0.794581 0.167314 0.775198 0.156047 0.767696 0.151964 0.78708
0 0.337086 0.926935 0.341597 0.906669 0.331007 0.899219 0.326496 0.919485
0 0.138942 0.724774 0.144398 0.703508 0.133711 0.694843 0.128256 0.716108
0 0.534153 0.793489 0.536396 0.775615 0.523986 0.770693 0.521743 0.788567
0 0.368414 0.80714 0.372439 0.786476 0.361273 0.779603 0.357249 0.800267
0 0.629938 0.818188 0.629792 0.796737 0.618351 0.796983 0.618497 0.818435
0 0.619947 0.768982 0.6209 0.7512 0.609566 0.749281 0.608613 0.767064
0 0.500866 0.627583 0.501856 0.606102 0.490995 0.60452 0.490004 0.626001
0 0.0699998 0.993391 0.0810865 0.972123 0.0734365 0.959519 0.0623497 0.980787
0 0.640259 0.863727 0.641211 0.8415 0.628184 0.839737 0.627232 0.861963
0 0.643076 0.951296 0.649155 0.931091 0.635044 0.917675 0.628966 0.93788
0 0.837322 0.723644 0.84525 0.702323 0.831066 0.685655 0.823138 0.706976
0 0.723428 0.662647 0.725293 0.640292 0.71375 0.637249 0.711885 0.659604
0 0.579369 0.820753 0.581164 0.798322 0.568379 0.79509 0.566584 0.817521
0 0.524888 0.976816 0.54312 0.926426 0.522214 0.90252 0.503982 0.952911
0 0.452143 0.865565 0.463513 0.84837 0.448148 0.816262 0.436779 0.833457
0 0.260696 0.750587 0.266552 0.732233 0.255992 0.721586 0.250136 0.739939
0 0.489411 0.706089 0.492848 0.683546 0.48254 0.678579 0.479104 0.701123
0 0.24982 0.745437 0.250663 0.707788 0.224421 0.705932 0.223578 0.743581
0 0.211087 0.995263 0.218294 0.970811 0.206728 0.960037 0.199521 0.984488
0 0.636959 0.793879 0.639707 0.775916 0.629351 0.770908 0.626603 0.788872
0 0.184619 0.62956 0.185992 0.605228 0.173187 0.602945 0.171815 0.627277
0 0.031617 0.995933 0.0381719 0.96744 0.0248778 0.957774 0.0183229 0.986268
0 0.162051 0.702096 0.165866 0.681249 0.155572 0.675296 0.151757 0.696143
0 0.485149 0.754581 0.489566 0.734289 0.477904 0.726267 0.473487 0.746559
0 0.621336 0.606297 0.622396 0.591372 0.613891 0.589464 0.612832 0.604389
0 0.465528 0.754817 0.469917 0.732825 0.458956 0.725911 0.454566 0.747902
0 0.153425 0.679241 0.172508 0.63296 0.157461 0.613352 0.138379 0.659633
0 0.587825 0.7458 0.591737 0.715808 0.571675 0.707539 0.567763 0.737531
0 0.433773 0.923132 0.440604 0.898133 0.430103 0.889064 0.423272 0.914063
0 0.2693 0.889923 0.276616 0.861635 0.265258 0.852352 0.257942 0.880639
0 0.233046 0.872206 0.234803 0.847741 0.218934 0.844139 0.217177 0.868605
0 0.310492 0.976624 0.317655 0.945033 0.307264 0.937587 0.300101 0.969178
0 0.530368 0.641387 0.530621 0.624816 0.520282 0.624317 0.520029 0.640888
0 0.412989 0.978855 0.412026 0.927729 0.392825 0.928873 0.393788 0.979999
0 0.487528 0.702211 0.48924 0.684538 0.477975 0.681088 0.476262 0.698761
0 0.489947 0.677049 0.491481 0.658659 0.480843 0.655855 0.479309 0.674245
0 0.599127 0.813117 0.602261 0.794495 0.593112 0.789627 0.589977 0.808249
0 0.295838 0.883804 0.298767 0.861226 0.288967 0.857208 0.286038 0.879786
0 0.458496 0.895816 0.460345 0.873432 0.450026 0.870738 0.448177 0.893122
0 0.761066 1.01536 0.769134 0.96006 0.731003 0.942478 0.722935 0.997782
0 0.327419 0.645202 0.330138 0.621735 0.314336 0.615948 0.311617 0.639414
0 0.553177 1.00164 0.556131 0.974991 0.540298 0.969445 0.537344 0.996099
0 0.27048 0.813707 0.279168 0.791056 0.271738 0.782048 0.26305 0.804699
0 0.333646 0.807239 0.335552 0.778198 0.319023 0.77477 0.317117 0.803811
0 0.342683 0.444073 0.352721 0.424418 0.345104 0.412123 0.335066 0.431777
0 0.610558 0.857679 0.610865 0.840977 0.600287 0.840362 0.59998 0.857065
0 0.375344 0.873505 0.37664 0.844271 0.358196 0.841688 0.3569 0.870922
0 0.58615 0.582382 0.591415 0.564543 0.582278 0.55602 0.577013 0.57386
0 0.344771 0.522321 0.346897 0.502013 0.335963 0.498397 0.333837 0.518705
0 0.468704 0.574396 0.471888 0.555163 0.459051 0.548448 0.455868 0.567681
0 0.299361 0.996785 0.303041 0.975292 0.292453 0.969562 0.288773 0.991054
0 0.423781 0.931037 0.428003 0.907088 0.417132 0.901032 0.412911 0.924981
0 0.204651 0.729129 0.214034 0.704344 0.205341 0.693943 0.195958 0.718728
0 0.727845 0.7969 0.737099 0.78063 0.723288 0.755802 0.714034 0.772072
0 0.239858 0.495055 0.24148 0.475465 0.225814 0.471363 0.224191 0.490954
0 0.501019 0.566962 0.503811 0.546774 0.493782 0.54239 0.49099 0.562579
0 0.278901 0.905912 0.280645 0.880231 0.269644 0.87787 0.2679 0.903551
0 0.568453 1.01108 0.576233 0.985251 0.551344 0.961558 0.543565 0.987386
0 0.521003 0.795124 0.52288 0.774591 0.513197 0.771793 0.51132 0.792326
0 0.139885 0.782287 0.141525 0.762929 0.129684 0.75976 0.128045 0.779117
0 0.375162 0.687106 0.377173 0.662587 0.360214 0.658193 0.358204 0.682712
0 0.932564 0.790713 0.937623 0.773187 0.92448 0.761197 0.919421 0.778722
0 0.572305 0.792766 0.5755 0.77338 0.565414 0.768126 0.562219 0.787512
0 0.432907 0.780064 0.435204 0.751195 0.419799 0.747321 0.417502 0.77619
0 0.615586 0.663236 0.620067 0.647085 0.609775 0.638061 0.605294 0.654212
0 0.0924125 0.711417 0.0933395 0.684014 0.0683222 0.681339 0.0673952 0.708743
0 0.321386 0.905518 0.327775 0.886455 0.318939 0.877096 0.31255 0.896159
0 0.488373 0.534976 0.492815 0.520741 0.482662 0.510727 0.47822 0.524963
0 0.463567 0.620409 0.467516 0.60511 0.458657 0.597884 0.454709 0.613182
0 0.519907 1.00524 0.531904 0.970888 0.516521 0.953913 0.504525 0.988268
0 0.295253 0.701307 0.297592 0.669457 0.283226 0.666121 0.280886 0.697972
0 0.402863 0.619667 0.40559 0.59 0.387083 0.584624 0.384356 0.614291
0 0.0894827 0.93099 0.0979373 0.905288 0.0886866 0.895671 0.080232 0.921373
0 0.301728 0.592806 0.303796 0.567966 0.293164 0.565169 0.291096 0.590009
0 0.625493 0.957043 0.628364 0.933795 0.609096 0.926275 0.606225 0.949524
0 0.471294 0.812816 0.474305 0.791701 0.461875 0.786099 0.458864 0.807214
