0 0.997526 0.983813 1.01307 0.867613 0.807481 0.780672 0.791933 0.896872
0 0.0543172 1.00753 0.086642 0.988188 0.0801706 0.954008 0.0478458 0.97335
0 0.116588 0.925909 0.129684 0.879075 0.107965 0.85988 0.0948683 0.906715
0 0.0301916 0.986079 0.0417917 0.956272 0.0267229 0.937738 0.0151228 0.967545
0 0.58504 1.01472 0.60889 0.962388 0.565945 0.900535 0.542095 0.952869
0 0.172371 0.67573 0.174683 0.646641 0.157877 0.642419 0.155565 0.671508
0 0.708733 0.835869 0.743858 0.693325 0.64546 0.616694 0.610335 0.759238
0 0.0494616 0.985099 0.0618503 0.947216 0.0446676 0.929457 0.0322789 0.967341
0 0.454576 0.801093 0.462459 0.766598 0.446697 0.755213 0.438814 0.789708
0 0.653067 0.636642 0.664137 0.596416 0.646547 0.581117 0.635477 0.621343
0 0.115807 0.854101 0.115494 0.822609 0.0923722 0.823335 0.0926852 0.854828
0 0.384848 0.808782 0.386305 0.78094 0.37061 0.778344 0.369153 0.806186
0 0.774034 1.00348 0.821564 0.921338 0.759594 0.808013 0.712064 0.890158
0 0.0845079 0.94453 0.0874179 0.912461 0.0655278 0.906183 0.0626177 0.938252
0 0.132133 0.869482 0.146329 0.834585 0.123672 0.805457 0.109476 0.840353
0 0.555654 0.534858 0.570364 0.501457 0.559207 0.485927 0.544497 0.519328
0 0.0734481 0.846538 0.0698152 0.818048 0.0383015 0.830748 0.0419343 0.859238
0 0.167923 0.803959 0.169181 0.767091 0.144222 0.764401 0.142965 0.801269
0 0.10158 0.335566 0.119535 0.319242 0.10595 0.272018 0.0879956 0.288341
0 0.370623 0.957192 0.385816 0.922629 0.368872 0.899091 0.35368 0.933654
0 0.162086 0.707413 0.164517 0.68308 0.149177 0.678237 0.146746 0.702569
0 0.116158 0.778002 0.127633 0.754535 0.115573 0.735898 0.104098 0.759366
0 0.0992815 0.930656 0.105839 0.900564 0.089394 0.889239 0.0828369 0.919331
0 0.155602 0.863844 0.168075 0.806985 0.14112 0.788298 0.128647 0.845157
0 0.51257 0.672747 0.522382 0.647702 0.512797 0.635835 0.502986 0.66088
0 0.0232688 0.896593 0.0260685 0.868393 0.0115104 0.863825 0.00871075 0.892025
0 0.0273414 0.936743 0.0512555 0.919391 0.0458282 0.895752 0.0219141 0.913105
0 0.781204 0.53601 0.789994 0.514995 0.776619 0.497316 0.767829 0.51833
0 0.139168 0.744664 0.140744 0.723921 0.12928 0.721169 0.127705 0.741912
0 0.736736 0.732643 0.745905 0.712487 0.72569 0.683422 0.716521 0.703578
0 0.770735 0.634931 0.782753 0.616131 0.768436 0.587208 0.756418 0.606009
0 0.520781 0.60348 0.528223 0.578254 0.516145 0.566992 0.508703 0.592218
0 0.688502 0.559648 0.690969 0.500628 0.660642 0.496622 0.658176 0.555643
0 0.613056 0.685248 0.614923 0.649266 0.593487 0.645751 0.59162 0.681733
0 0.441572 0.937727 0.447517 0.822273 0.381142 0.81147 0.375196 0.926924
0 0.683267 0.485568 0.687163 0.45604 0.670369 0.449036 0.666473 0.478565
0 0.722481 0.600304 0.726056 0.576586 0.713072 0.5704 0.709497 0.594118
0 0.522799 0.632783 0.53007 0.603231 0.518874 0.594525 0.511603 0.624077
0 0.160164 0.762926 0.164773 0.741897 0.154194 0.73457 0.149586 0.755599
0 0.151208 0.701096 0.150062 0.681258 0.134318 0.684133 0.135464 0.703971
0 0.66882 0.580639 0.672675 0.560816 0.65935 0.552625 0.655494 0.572449
0 0.741355 0.695645 0.743744 0.665218 0.727135 0.661097 0.724746 0.691524
0 0.691798 0.517655 0.698899 0.49202 0.676395 0.472318 0.669294 0.497952
0 0.0464043 0.842589 0.0535338 0.802242 0.0331847 0.790877 0.0260552 0.831225
0 0.170891 0.612935 0.171879 0.591614 0.158026 0.589584 0.157038 0.610905
0 0.170243 0.706374 0.177492 0.683385 0.168349 0.674272 0.161099 0.697262
0 0.570732 0.544293 0.585492 0.507686 0.572954 0.491709 0.558194 0.528315
0 0.701745 0.598555 0.704187 0.540929 0.675061 0.53703 0.67262 0.594655
0 0.578505 0.558118 0.58598 0.530458 0.57363 0.51991 0.566155 0.54757
0 0.574604 0.611877 0.579637 0.583485 0.561268 0.573192 0.556234 0.601583
0 0.12243 0.808981 0.124498 0.784794 0.109432 0.780724 0.107365 0.80491
0 0.672348 0.605527 0.674687 0.579905 0.658918 0.575355 0.656579 0.600977
0 0.547049 0.735673 0.550498 0.701956 0.533965 0.696612 0.530517 0.730329
0 0.760405 0.706059 0.770801 0.674829 0.757544 0.660881 0.747148 0.692112
0 0.737243 0.655409 0.742872 0.628694 0.72225 0.61496 0.716621 0.641676
0 0.748375 0.610623 0.751088 0.593473 0.739212 0.587535 0.736499 0.604685
0 0.572824 0.482003 0.578912 0.454169 0.56668 0.445714 0.560592 0.473548
0 0.507873 0.571465 0.510107 0.548232 0.497685 0.544457 0.495451 0.56769
0 0.186633 0.685375 0.188948 0.659661 0.174743 0.655619 0.172427 0.681333
0 0.0352254 0.914212 0.0681022 0.88293 0.0575075 0.847739 0.0246307 0.879021
0 0.276238 0.422648 0.294109 0.389377 0.262804 0.33623 0.244932 0.3695
0 0.170838 0.846002 0.182106 0.812019 0.169098 0.798388 0.15783 0.832371
0 0.506559 0.636209 0.513408 0.624494 0.501169 0.601879 0.49432 0.613594
0 0.473533 0.819898 0.478869 0.797431 0.468347 0.789532 0.46301 0.812
0 0.641424 0.55617 0.645038 0.529914 0.630503 0.523589 0.626888 0.549846
0 0.0108789 1.00436 0.02174 0.970809 0.00849575 0.957259 -0.00236537 0.99081
0 0.634708 0.616282 0.647642 0.591954 0.637574 0.575038 0.62464 0.599365
0 0.136108 0.823048 0.143175 0.798092 0.131467 0.787612 0.1244 0.812568
0 0.18842 0.828393 0.19093 0.805723 0.178229 0.801278 0.175718 0.823947
0 0.494518 0.638307 0.498233 0.619355 0.488314 0.613209 0.484598 0.632161
0 0.746866 0.70916 0.751794 0.688377 0.738892 0.678707 0.733963 0.69949
0 0.0888273 0.975429 0.0926672 0.93981 0.0719706 0.932758 0.0681308 0.968378
0 0.534558 0.702126 0.54015 0.680972 0.528425 0.671175 0.522833 0.692329
0 0.498716 0.744518 0.501917 0.720967 0.488325 0.715127 0.485124 0.738679
0 0.506357 0.603089 0.50868 0.572194 0.494295 0.568776 0.491973 0.599671
0 0.755509 0.729191 0.760557 0.702473 0.746662 0.694176 0.741614 0.720895
0 0.172851 0.745829 0.176524 0.728511 0.166438 0.721751 0.162765 0.739068
0 0.495642 0.661908 0.501511 0.637093 0.491739 0.629788 0.48587 0.654604
0 0.374231 0.922181 0.373286 0.890313 0.350909 0.892411 0.351854 0.924279
0 0.538159 0.503967 0.5505 0.477968 0.539178 0.460983 0.526837 0.486982
0 0.838213 0.391403 0.839278 0.352318 0.815694 0.350287 0.814629 0.389372
0 0.483699 0.662868 0.491872 0.632975 0.48048 0.623131 0.472307 0.653025
0 0.0190462 0.925116 0.0277945 0.908796 0.0136427 0.88482 0.00489438 0.901139
0 0.590697 0.409949 0.594853 0.383319 0.582229 0.377093 0.578073 0.403723
0 0.788927 0.44775 0.784526 0.39443 0.760811 0.400616 0.765212 0.453937
0 0.539651 0.677078 0.548745 0.658487 0.538928 0.643313 0.529835 0.661904
0 0.764669 0.457839 0.7621 0.414149 0.732952 0.419566 0.735521 0.463257
0 0.458208 0.822226 0.464067 0.793358 0.44925 0.783854 0.443391 0.812722
0 0.126893 0.786556 0.127542 0.767777 0.112625 0.766146 0.111976 0.784926
0 0.589398 0.502772 0.594579 0.488547 0.580916 0.472821 0.575736 0.487046
0 0.156068 0.738615 0.163184 0.711369 0.148985 0.69965 0.14187 0.726897
0 0.748533 0.781031 0.760554 0.758262 0.740162 0.724234 0.72814 0.747003
0 0.0998206 0.977268 0.104019 0.942598 0.0865719 0.93592 0.0823732 0.97059
0 0.703354 0.621052 0.711724 0.597844 0.701094 0.585729 0.692725 0.608938
0 0.340657 0.777828 0.342031 0.741551 0.321742 0.739121 0.320367 0.775399
0 0.727872 0.690779 0.731077 0.657965 0.718079 0.653952 0.714873 0.686766
0 0.741424 0.581644 0.74823 0.564359 0.735818 0.548912 0.729012 0.566197
0 0.461784 0.757684 0.458073 0.716035 0.425474 0.725214 0.429185 0.766864
0 0.698997 0.661674 0.701592 0.625374 0.684189 0.621442 0.681595 0.657743
0 0.795156 0.502679 0.797238 0.475258 0.782269 0.471667 0.780187 0.499088
0 0.509447 0.724505 0.509791 0.705162 0.494278 0.704292 0.493935 0.723635
0 0.247049 0.753832 0.250597 0.7159 0.225775 0.708561 0.222226 0.746493
0 0.727833 0.619013 0.731667 0.591182 0.718243 0.585338 0.714409 0.613169
0 0.507373 0.832965 0.512415 0.80492 0.50078 0.798308 0.495737 0.826354
0 0.124854 0.68413 0.125331 0.661681 0.108889 0.660578 0.108413 0.683027
0 0.0299797 0.889795 0.0438372 0.858996 0.0297572 0.838974 0.0158996 0.869772
0 0.68746 0.616403 0.690026 0.594044 0.677112 0.589359 0.674545 0.611718
0 0.518107 0.579504 0.521022 0.557471 0.509148 0.552506 0.506233 0.574539
0 0.147591 0.720531 0.146798 0.700045 0.128493 0.702286 0.129287 0.722771
0 0.708051 0.599944 0.71222 0.578436 0.702506 0.572484 0.698336 0.593991
0 0.670059 0.479326 0.673271 0.455767 0.66011 0.450096 0.656898 0.473654
0 0.482595 0.582253 0.492866 0.561296 0.485347 0.549649 0.475076 0.570607
0 0.655541 0.567465 0.664044 0.541968 0.65432 0.53172 0.645818 0.557217
0 0.596143 0.352292 0.599453 0.329793 0.589344 0.325094 0.586035 0.347592
0 0.761868 0.745229 0.765793 0.724665 0.754222 0.717685 0.750297 0.738248
0 0.0318593 1.0148 0.0534786 0.990029 0.0441671 0.964348 0.0225477 0.989123
0 0.195206 0.855006 0.202151 0.837552 0.188499 0.820385 0.181554 0.837839
0 0.0678633 0.891706 0.0777091 0.866736 0.0680322 0.854677 0.0581864 0.879647
0 0.199086 0.819702 0.210678 0.788814 0.195879 0.771261 0.184287 0.802149
0 0.0893859 0.347816 0.106896 0.302794 0.0758599 0.264645 0.0583499 0.309667
0 0.575643 0.505498 0.580127 0.485219 0.568771 0.477283 0.564287 0.497562
0 0.0628204 0.810852 0.0645511 0.789713 0.0506454 0.786115 0.0489147 0.807254
0 0.705396 0.451435 0.716014 0.438463 0.701796 0.401682 0.691178 0.414653
0 0.113089 0.715231 0.114681 0.690764 0.101102 0.687971 0.0995094 0.712438
0 0.141878 0.695125 0.143209 0.667494 0.125976 0.664871 0.124645 0.692501
0 0.515489 0.803874 0.517124 0.75815 0.491232 0.755224 0.489597 0.800947
0 0.518289 0.707008 0.520264 0.688083 0.508481 0.684196 0.506506 0.703121
0 0.174661 0.137275 0.173624 0.0895476 0.131309 0.0924522 0.132345 0.14018
0 0.297023 0.75162 0.302723 0.729602 0.292477 0.72122 0.286778 0.743238
0 0.0422206 0.953492 0.0602097 0.925514 0.0507845 0.906361 0.0327954 0.93434
0 0.438908 0.811264 0.443592 0.77721 0.430309 0.771436 0.425625 0.80549
0 0.528045 0.565924 0.531638 0.539331 0.519208 0.534023 0.515616 0.560617
0 0.513677 0.552214 0.517305 0.530608 0.505182 0.524174 0.501554 0.54578
0 0.581493 0.453628 0.586812 0.436455 0.575949 0.425819 0.570629 0.442992
0 0.058505 0.107524 0.0909415 0.0125286 0.0628363 -0.0178014 0.0303998 0.0771942
0 0.68838 0.376931 0.689457 0.35327 0.677897 0.351607 0.67682 0.375268
0 0.205394 0.84194 0.21508 0.809776 0.205914 0.801053 0.196229 0.833217
0 0.473645 0.66027 0.480004 0.635721 0.47001 0.627539 0.463651 0.652088
0 0.544538 0.754978 0.544826 0.733446 0.530064 0.732824 0.529777 0.754356
0 0.587408 0.570647 0.592732 0.548148 0.581897 0.540045 0.576573 0.562544
0 0.502252 0.598937 0.504234 0.568922 0.491242 0.566211 0.489261 0.596226
0 0.593848 0.458191 0.596089 0.43656 0.584256 0.432686 0.582015 0.454316
0 0.621298 0.662241 0.628646 0.63462 0.60592 0.615511 0.598572 0.643132
0 0.142651 0.666904 0.146493 0.647577 0.134415 0.639989 0.130574 0.659316
0 0.738235 0.61462 0.741842 0.590926 0.728718 0.584611 0.725111 0.608305
0 0.5906 0.673695 0.59361 0.651407 0.580234 0.645699 0.577225 0.667986
0 0.16107 0.902789 0.165546 0.876616 0.14935 0.867864 0.144875 0.894037
0 0.863883 0.804901 0.880077 0.755543 0.840547 0.714554 0.824353 0.763911
0 0.535928 0.839876 0.538569 0.815229 0.520206 0.809011 0.517565 0.833658
0 0.795087 0.564908 0.796301 0.544896 0.782994 0.542343 0.78178 0.562355
0 0.572936 0.429141 0.576923 0.410011 0.566837 0.403367 0.56285 0.422497
0 0.212137 0.69947 0.211995 0.682247 0.193821 0.682723 0.193964 0.699946
0 0.514264 0.744783 0.521155 0.71726 0.508248 0.707047 0.501357 0.734569
0 0.189308 0.304146 0.218008 0.274863 0.18854 0.183584 0.159839 0.212868
0 0.583704 0.401233 0.591176 0.368824 0.575411 0.357336 0.567939 0.389745
0 0.615639 0.40177 0.618223 0.384959 0.60742 0.379711 0.604836 0.396523
0 0.0697823 0.967281 0.0727674 0.940691 0.0586233 0.935673 0.0556383 0.962263
0 0.363198 0.462697 0.375907 0.449967 0.360055 0.399947 0.347346 0.412677
0 0.250598 0.338535 0.270559 0.310788 0.247534 0.25844 0.227574 0.286187
0 0.814001 0.389914 0.818405 0.371208 0.805994 0.361972 0.80159 0.380678
0 0.20581 0.698913 0.206162 0.684287 0.191529 0.683175 0.191178 0.697801
0 0.126888 0.745558 0.128661 0.726446 0.114518 0.722299 0.112745 0.741411
0 0.493483 0.620752 0.4952 0.601661 0.48512 0.598795 0.483403 0.617886
0 0.559074 0.511243 0.569375 0.484177 0.559273 0.472025 0.548972 0.499091
0 0.149115 0.649932 0.151876 0.628353 0.141515 0.624163 0.138753 0.645742
0 0.296478 0.720246 0.298608 0.687538 0.278888 0.68348 0.276758 0.716188
0 0.475522 0.713495 0.474587 0.6804 0.45911 0.681782 0.460045 0.714877
0 0.587463 0.498892 0.594871 0.485081 0.583862 0.466418 0.576454 0.480229
0 0.100761 0.826569 0.110225 0.802141 0.0931624 0.78125 0.0836989 0.805678
0 0.720851 0.573198 0.726531 0.53946 0.715594 0.53364 0.709914 0.567378
0 0.548694 0.821128 0.553929 0.793454 0.536558 0.783069 0.531323 0.810743
0 0.504298 0.907695 0.51181 0.883346 0.500912 0.872721 0.493401 0.89707
0 0.494666 0.818215 0.498025 0.795853 0.48688 0.790562 0.483521 0.812924
0 0.72386 0.381958 0.726015 0.352502 0.708293 0.348404 0.706137 0.37786
0 0.0801393 0.865362 0.0832019 0.839742 0.0670989 0.833658 0.0640363 0.859279
0 0.63088 0.590695 0.636061 0.569394 0.62577 0.561482 0.620588 0.582783
0 0.546459 0.702171 0.557422 0.670705 0.546197 0.658344 0.535234 0.689811
0 0.643973 0.588572 0.650788 0.565571 0.642012 0.557354 0.635198 0.580354
0 0.562367 0.583464 0.56389 0.563144 0.554129 0.560833 0.552607 0.581152
0 0.124213 0.639065 0.124811 0.613591 0.104899 0.612113 0.104301 0.637587
0 0.512128 0.62266 0.521677 0.604447 0.512088 0.588558 0.502539 0.60677
0 0.776034 0.72294 0.791899 0.706345 0.773187 0.649809 0.757323 0.666405
0 0.421688 0.818703 0.430151 0.795091 0.418466 0.781856 0.410003 0.805468
0 0.606866 0.350336 0.610783 0.327775 0.601062 0.322441 0.597145 0.345001
0 0.943704 0.755411 0.949409 0.727114 0.903652 0.697956 0.897947 0.726252
0 0.61587 0.369569 0.617962 0.347718 0.605591 0.343975 0.603499 0.365826
0 0.487407 0.855828 0.494615 0.830611 0.485126 0.82204 0.477919 0.847257
0 0.44874 0.675305 0.452718 0.655683 0.441948 0.648782 0.43797 0.668404
0 0.586236 0.430001 0.588781 0.413795 0.577746 0.408318 0.575201 0.424524
0 0.46225 0.669129 0.46808 0.644871 0.455969 0.635671 0.450139 0.659929
0 0.795658 0.521323 0.800107 0.503502 0.789804 0.495375 0.785356 0.513196
0 0.540073 0.530337 0.545853 0.511058 0.529665 0.495718 0.523885 0.514998
0 0.160256 0.7526 0.166173 0.732879 0.156052 0.723281 0.150135 0.743002
0 0.494658 0.677501 0.497983 0.655972 0.488061 0.651129 0.484736 0.672657
0 0.575669 0.915176 0.582476 0.894277 0.563627 0.874875 0.55682 0.895774
0 0.799912 0.397138 0.805655 0.378706 0.79272 0.36597 0.786978 0.384403
0 0.758041 0.602261 0.760509 0.577433 0.745408 0.572688 0.742939 0.597515
0 0.616745 0.490065 0.624314 0.446345 0.612758 0.440022 0.605189 0.483742
0 0.694938 0.257546 0.69849 0.239892 0.688306 0.233417 0.684754 0.25107
0 0.812406 0.292582 0.814928 0.249281 0.791882 0.245039 0.78936 0.28834
0 0.319007 0.777371 0.322909 0.749082 0.310302 0.743587 0.3064 0.771876
0 0.422277 0.751621 0.422322 0.732545 0.41089 0.73246 0.410845 0.751536
0 0.603445 0.296209 0.612365 0.265965 0.593142 0.248047 0.584222 0.278291
0 0.585016 0.629026 0.584748 0.608324 0.563752 0.609184 0.564021 0.629886
0 0.447778 0.656386 0.456149 0.634273 0.448153 0.624706 0.439782 0.646819
0 0.298762 0.905775 0.340727 0.840353 0.316505 0.791249 0.27454 0.856671
0 0.0956673 0.977169 0.100923 0.942963 0.0790191 0.932327 0.0737636 0.966533
0 0.626901 1.00561 0.797853 0.870172 0.751138 0.683815 0.580186 0.819254
0 0.545795 0.612076 0.550361 0.58509 0.538632 0.578817 0.534066 0.605803
0 0.836188 0.290942 0.838393 0.267218 0.823455 0.26283 0.82125 0.286555
0 0.325347 0.497369 0.327531 0.475883 0.296281 0.465845 0.294097 0.48733
0 0.134717 0.798967 0.136961 0.777174 0.124352 0.773069 0.122108 0.794862
0 0.799488 0.723243 0.806783 0.702836 0.788977 0.682718 0.781682 0.703124
0 0.539112 0.625926 0.543833 0.60445 0.534205 0.597762 0.529485 0.619238
0 0.198292 0.724429 0.198756 0.697006 0.185474 0.696296 0.185011 0.72372
0 0.487438 0.606254 0.490252 0.579745 0.480065 0.576327 0.477251 0.602836
0 0.182863 0.72868 0.182908 0.710016 0.170434 0.709921 0.170389 0.728585
0 0.107025 0.78384 0.110322 0.765905 0.0972768 0.758325 0.0939798 0.77626
0 0.558093 0.47622 0.564359 0.450263 0.555846 0.443768 0.54958 0.469725
0 0.449689 0.700304 0.454217 0.673386 0.442009 0.666895 0.437481 0.693813
0 0.193217 0.667701 0.195203 0.650716 0.183137 0.646257 0.181151 0.663241
0 0.78175 0.558537 0.78297 0.537211 0.770482 0.534954 0.769263 0.556279
0 0.697415 0.360838 0.701308 0.329149 0.687703 0.323868 0.683811 0.355557
0 0.554916 0.864679 0.560804 0.838174 0.544946 0.82704 0.539058 0.853544
0 0.597148 0.43825 0.598669 0.419857 0.588356 0.417161 0.586834 0.435554
0 0.651414 0.546741 0.654791 0.525793 0.64366 0.520123 0.640284 0.541072
0 0.175891 0.325823 0.19586 0.228473 0.123455 0.181534 0.103486 0.278883
0 0.504368 0.692 0.510823 0.661127 0.500318 0.654185 0.493863 0.685058
0 0.730947 0.586163 0.735474 0.570631 0.723813 0.559891 0.719287 0.575423
0 0.708661 0.353368 0.714369 0.32851 0.70474 0.321521 0.699031 0.346379
0 0.719281 0.667831 0.720442 0.640838 0.708497 0.639214 0.707336 0.666208
0 0.587155 0.764889 0.592699 0.747936 0.576576 0.731273 0.571032 0.748227
0 0.225437 0.323711 0.24742 0.289155 0.212672 0.219295 0.19069 0.253852
0 0.495398 0.835779 0.501333 0.81531 0.492213 0.806953 0.486278 0.827422
0 0.666413 0.490928 0.67104 0.480058 0.661229 0.466859 0.656602 0.477728
0 0.767344 0.774566 0.77346 0.750685 0.756747 0.737158 0.750631 0.761039
0 0.0219796 0.863864 0.0304789 0.841078 0.0201269 0.828874 0.0116277 0.851661
0 0.1833 0.809914 0.186704 0.792249 0.173836 0.784412 0.170432 0.802076
0 0.625318 0.560851 0.629899 0.531517 0.615722 0.524521 0.611141 0.553854
0 0.0749546 0.78035 0.0766724 0.752623 0.0579668 0.74896 0.0562489 0.776687
0 0.573371 0.854615 0.576788 0.837186 0.565587 0.830246 0.56217 0.847675
0 0.0948713 0.798571 0.101513 0.777738 0.0869122 0.763026 0.0802707 0.783859
0 0.594222 0.53042 0.603256 0.516861 0.590713 0.490451 0.58168 0.504009
0 0.191288 0.776769 0.1946 0.750698 0.181579 0.745469 0.178267 0.771541
0 0.0540541 0.695641 0.0674697 0.676268 0.0514588 0.641227 0.0380433 0.660601
0 0.070149 0.829158 0.0720329 0.806506 0.0593336 0.803168 0.0574497 0.825821
0 0.847964 0.739714 0.859978 0.683494 0.797506 0.641299 0.785491 0.697519
0 0.992823 0.785798 1.03193 0.616493 0.896806 0.517832 0.857694 0.687137
0 0.658023 0.420209 0.664708 0.39136 0.644764 0.376755 0.638079 0.405604
0 0.488915 0.802752 0.497966 0.764568 0.481541 0.752264 0.472491 0.790448
0 0.512017 1.00138 0.52041 0.975389 0.502387 0.956993 0.493994 0.982981
0 0.818208 0.347031 0.827056 0.329803 0.814365 0.309205 0.805518 0.326433
0 0.786969 0.395504 0.789899 0.375744 0.777016 0.369706 0.774086 0.389467
0 0.773427 0.552038 0.776824 0.529951 0.76383 0.523635 0.760433 0.545722
0 0.555613 0.669276 0.564783 0.642491 0.553178 0.629933 0.544007 0.656718
0 0.635185 0.491757 0.642369 0.460004 0.627085 0.449074 0.619901 0.480827
0 0.640537 0.461136 0.648574 0.451422 0.637353 0.422083 0.629316 0.431797
0 0.637121 0.572287 0.640637 0.554238 0.628847 0.54698 0.625331 0.565028
0 0.923183 0.222873 0.925165 0.184281 0.905264 0.181052 0.903282 0.219644
0 0.352892 0.277205 0.353609 0.247096 0.313657 0.244089 0.31294 0.274198
0 0.645596 0.440272 0.653946 0.428825 0.640716 0.398323 0.632366 0.40977
0 0.74102 0.805886 0.749167 0.765392 0.728871 0.752487 0.720725 0.792982
0 0.619958 0.586515 0.62264 0.558908 0.606394 0.55392 0.603712 0.581527
0 0.371974 0.801 0.372836 0.77496 0.358372 0.773447 0.357511 0.799488
0 0.088562 0.866656 0.0950419 0.838825 0.0829443 0.829923 0.0764644 0.857754
0 0.0693445 0.920628 0.082647 0.890899 0.0712354 0.874761 0.0579329 0.904491
0 0.32863 0.396061 0.333357 0.371334 0.317717 0.361885 0.31299 0.386612
0 0.802637 0.548826 0.807672 0.527899 0.793796 0.517347 0.788761 0.538275
0 0.706096 0.529077 0.715288 0.509274 0.696803 0.482154 0.68761 0.501957
0 0.66457 0.44637 0.668019 0.431277 0.656837 0.423201 0.653388 0.438294
0 0.315466 0.262218 0.320781 0.228305 0.288249 0.21219 0.282934 0.246103
0 0.229009 0.927501 0.227753 0.900648 0.209529 0.903342 0.210785 0.930195
0 0.0529267 0.942282 0.0645909 0.911404 0.0530295 0.897601 0.0413653 0.928479
0 0.749632 0.678577 0.755907 0.662549 0.741406 0.644605 0.73513 0.660633
0 0.571644 0.554018 0.583536 0.518084 0.57071 0.504669 0.558818 0.540603
0 0.557405 0.636527 0.561855 0.611732 0.551656 0.605946 0.547206 0.630742
0 0.65739 0.525437 0.665777 0.499807 0.656162 0.489863 0.647775 0.515494
0 0.569464 0.579472 0.571993 0.561267 0.560356 0.556159 0.557827 0.574364
0 0.878556 0.416839 0.889013 0.396283 0.879891 0.381618 0.869434 0.402175
0 0.690227 0.40456 0.695034 0.390559 0.684191 0.378793 0.679384 0.392793
0 0.836923 0.56291 0.837964 0.53688 0.822309 0.5349 0.821267 0.560931
0 0.56187 0.72549 0.565453 0.705963 0.554173 0.699421 0.55059 0.718948
0 0.805778 0.172047 0.811749 0.152535 0.79961 0.140793 0.793638 0.160306
0 0.0764831 0.910989 0.114731 0.878705 0.10541 0.843803 0.067162 0.876087
