0 0.186863 0.642537 0.188538 0.620477 0.173441 0.616855 0.171766 0.638915
0 0.454667 0.819322 0.458472 0.789725 0.438473 0.781599 0.434668 0.811196
0 0.363381 1.0065 0.368647 0.959654 0.343056 0.950564 0.33779 0.997414
0 0.168259 0.612061 0.168631 0.589613 0.153729 0.588831 0.153356 0.611279
0 0.0709732 0.808822 0.076726 0.765836 0.0571107 0.757539 0.0513578 0.800525
0 0.0248797 0.592904 0.0501491 0.566295 0.0397214 0.534997 0.0144521 0.561606
0 0.495977 0.889458 0.491465 0.857772 0.46404 0.870114 0.468551 0.901799
0 0.114686 0.74399 0.116998 0.725468 0.103043 0.719964 0.100732 0.738486
0 0.574043 0.831454 0.58748 0.809019 0.569297 0.7746 0.55586 0.797036
0 0.211072 1.02263 0.245389 0.938845 0.220024 0.906011 0.185707 0.989796
0 0.166519 0.927955 0.161529 0.875431 0.138269 0.882415 0.143259 0.934939
0 0.212591 0.704304 0.213791 0.682587 0.199736 0.680133 0.198536 0.701849
0 0.150031 0.720611 0.151955 0.693076 0.135596 0.689462 0.133671 0.716997
0 0.98572 0.948302 0.997575 0.834496 0.795714 0.768036 0.783859 0.881842
0 0.103799 0.91471 0.107582 0.874242 0.0850209 0.867577 0.0812382 0.908045
0 0.106815 0.872479 0.105874 0.84422 0.0844534 0.846474 0.0853941 0.874733
0 0.339229 0.93915 0.359806 0.908604 0.347503 0.882412 0.326927 0.912958
0 0.195652 0.662418 0.199241 0.643649 0.184866 0.634962 0.181278 0.653732
0 0.285765 0.954927 0.296103 0.921318 0.279949 0.905613 0.26961 0.939222
0 0.247195 0.920521 0.252904 0.900243 0.242765 0.891221 0.237056 0.9115
0 0.0582144 0.843077 0.0668824 0.826391 0.052367 0.80256 0.0436989 0.819246
0 0.613518 0.860234 0.617816 0.835573 0.60352 0.827697 0.599222 0.852357
0 0.0202032 0.803151 0.0292675 0.778375 0.0161976 0.763263 0.00713332 0.788039
0 0.246987 0.944159 0.249446 0.916588 0.233619 0.912125 0.231159 0.939696
0 0.234787 0.847082 0.247858 0.830499 0.242065 0.816066 0.228993 0.832649
0 0.192142 0.862727 0.200279 0.834687 0.188029 0.823451 0.179891 0.85149
0 0.155911 0.831331 0.167159 0.765752 0.135404 0.748538 0.124156 0.814117
0 0.116144 0.954437 0.142337 0.912769 0.126738 0.881779 0.100545 0.923447
0 0.186083 0.606777 0.191046 0.588058 0.181385 0.579962 0.176422 0.598681
0 0.0934386 0.799342 0.124293 0.761333 0.114941 0.737339 0.0840865 0.775348
0 0.209026 0.859613 0.221123 0.819914 0.205657 0.80502 0.19356 0.844719
0 0.312825 0.9867 0.313415 0.941604 0.291644 0.940703 0.291053 0.985798
0 0.111139 0.990306 0.107621 0.918236 0.0499319 0.927136 0.0534498 0.999206
0 0.191567 0.695301 0.193601 0.663949 0.170828 0.659281 0.168794 0.690632
0 0.237467 0.915094 0.238706 0.891777 0.225328 0.88953 0.224089 0.912847
0 0.23911 0.829004 0.238607 0.786064 0.215917 0.786904 0.21642 0.829844
0 0.379087 0.765214 0.397248 0.743947 0.38899 0.721661 0.37083 0.742928
0 0.174551 0.916411 0.184855 0.884382 0.171245 0.870545 0.160942 0.902575
0 0.161577 0.850219 0.172755 0.827851 0.161665 0.810334 0.150487 0.832702
0 0.283331 0.852206 0.286644 0.833777 0.271682 0.825277 0.268369 0.843705
0 0.0832003 0.640576 0.0876344 0.616928 0.0763651 0.61025 0.071931 0.633898
0 0.186342 0.840275 0.203918 0.817128 0.19697 0.800453 0.179394 0.823601
0 0.0686827 0.758309 0.0837528 0.727744 0.0723079 0.709909 0.0572378 0.740474
0 0.208721 0.724925 0.205341 0.696075 0.184103 0.70394 0.187483 0.73279
0 0.0901375 0.602737 0.0876683 0.573966 0.0660544 0.579829 0.0685236 0.6086
0 0.406871 0.819721 0.414416 0.77785 0.397281 0.768092 0.389736 0.809963
0 0.058639 0.866828 0.0687185 0.842291 0.0587731 0.829379 0.0486935 0.853916
0 0.266152 0.872423 0.267996 0.850081 0.253199 0.846222 0.251355 0.868564
0 0.596126 0.864632 0.607318 0.834517 0.592656 0.817296 0.581464 0.847411
0 0.14788 0.667418 0.154121 0.643792 0.143628 0.635031 0.137387 0.658657
0 0.531238 0.900339 0.534323 0.851965 0.506319 0.846323 0.503235 0.894696
0 0.320639 0.856307 0.326087 0.812572 0.314048 0.807832 0.3086 0.851567
0 0.293658 0.872237 0.297763 0.843156 0.283413 0.836754 0.279308 0.865835
0 0.380458 0.630566 0.389038 0.601247 0.370211 0.583836 0.361632 0.613154
0 0.150325 0.841365 0.153132 0.820387 0.140428 0.815013 0.137621 0.835991
0 0.173881 0.586223 0.175887 0.563149 0.164104 0.559911 0.162097 0.582985
0 0.23663 0.889848 0.246205 0.867804 0.236528 0.854521 0.226953 0.876565
0 0.213922 0.892106 0.22458 0.864233 0.215275 0.852989 0.204617 0.880862
0 0.0870374 0.341936 0.104819 0.327602 0.0927652 0.280343 0.0749834 0.294677
0 0.199345 0.70254 0.199361 0.684777 0.186913 0.684741 0.186896 0.702504
0 0.562037 0.757569 0.572386 0.730701 0.562978 0.71925 0.55263 0.746118
0 0.534777 0.830977 0.53877 0.807189 0.52822 0.801592 0.524227 0.82538
0 0.30394 0.949089 0.310591 0.916888 0.296046 0.907394 0.289395 0.939594
0 0.185504 0.883956 0.193002 0.860158 0.182735 0.849935 0.175238 0.873733
0 0.0585493 0.696512 0.060532 0.674158 0.0465302 0.670233 0.0445475 0.692587
0 0.167134 0.889717 0.178472 0.865349 0.169376 0.851973 0.158038 0.876341
0 0.643795 0.826268 0.641772 0.790861 0.613076 0.796041 0.615098 0.831448
0 0.0685718 0.680627 0.0818532 0.657582 0.0728326 0.641151 0.0595512 0.664197
0 0.0257832 0.818603 0.0446265 0.799453 0.0367895 0.77508 0.0179462 0.79423
0 0.417241 0.62252 0.421273 0.60164 0.406133 0.5924 0.402101 0.61328
0 0.257535 0.996447 0.269136 0.968164 0.259116 0.955174 0.247515 0.983457
0 0.108441 0.922935 0.146563 0.890403 0.135108 0.847978 0.0969862 0.88051
0 0.160817 0.705113 0.164423 0.686335 0.155364 0.680837 0.151758 0.699615
0 0.165797 0.955974 0.17584 0.920583 0.16023 0.906583 0.150187 0.941975
0 0.100201 0.818068 0.125709 0.80261 0.120962 0.77785 0.0954536 0.793307
0 0.633097 0.632312 0.643678 0.568712 0.613332 0.552755 0.60275 0.616355
0 0.0575671 0.76618 0.059421 0.743193 0.0467294 0.739958 0.0448755 0.762945
0 0.023513 0.564333 0.0264095 0.536322 0.0127141 0.531846 0.00981753 0.559857
0 0.265148 0.954413 0.271944 0.916839 0.259307 0.909615 0.252511 0.947189
0 0.635894 0.775805 0.641398 0.749081 0.630017 0.741672 0.624513 0.768396
0 0.125817 0.791918 0.144101 0.758867 0.133523 0.740373 0.115239 0.773424
0 0.181375 1.00121 0.18254 0.972329 0.166033 0.970225 0.164868 0.999111
0 0.619707 0.754453 0.621402 0.729836 0.607847 0.726886 0.606152 0.751503
0 0.650671 0.872188 0.651981 0.837017 0.63272 0.834749 0.63141 0.869919
0 0.675998 0.817311 0.678305 0.792742 0.665109 0.788825 0.662802 0.813394
0 0.258352 0.924303 0.265911 0.901767 0.256944 0.89226 0.249385 0.914796
0 0.608981 0.815656 0.611016 0.796317 0.597064 0.791678 0.595029 0.811017
0 0.207845 0.747875 0.208207 0.722476 0.194449 0.721855 0.194086 0.747254
0 0.048173 0.649569 0.0493714 0.63103 0.038454 0.6288 0.0372556 0.647339
0 0.00066326 0.930901 0.027725 0.898076 0.0189381 0.875181 -0.00812369 0.908005
0 0.704089 0.445377 0.705644 0.411846 0.687907 0.409246 0.686352 0.442777
0 0.385117 0.832602 0.396742 0.795384 0.382167 0.780997 0.370543 0.818215
0 0.323105 0.817154 0.32648 0.790524 0.314971 0.785915 0.311597 0.812545
0 0.188748 0.917738 0.208093 0.875433 0.196355 0.858468 0.177009 0.900773
0 0.455013 0.474066 0.452528 0.428283 0.429226 0.432281 0.431712 0.478064
0 0.658785 0.727433 0.661922 0.704332 0.646534 0.697728 0.643397 0.720828
0 0.612462 0.911097 0.613283 0.872932 0.591161 0.871429 0.59034 0.909594
0 0.0972629 0.630255 0.0986879 0.614016 0.0889771 0.611322 0.087552 0.627561
0 0.176483 0.834929 0.187648 0.815604 0.17924 0.80025 0.168074 0.819574
0 0.263598 0.785111 0.265658 0.765613 0.253445 0.761537 0.251386 0.781034
0 0.22371 0.906203 0.228799 0.882973 0.218087 0.875556 0.212998 0.898786
0 0.215058 0.592476 0.217192 0.573318 0.205468 0.569191 0.203334 0.588349
0 0.288199 0.976668 0.294394 0.947459 0.281424 0.938765 0.275229 0.967974
0 0.0345915 1.003 0.0435919 0.979631 0.0328756 0.966585 0.0238751 0.989952
0 0.145616 0.753369 0.155729 0.729466 0.14569 0.716043 0.135578 0.739946
0 0.576624 0.871665 0.578022 0.852788 0.564455 0.849613 0.563057 0.86849
0 0.458491 0.78667 0.459439 0.764544 0.446715 0.76282 0.445767 0.784946
0 0.0678849 0.708818 0.0753384 0.682826 0.0639461 0.672501 0.0564925 0.698493
0 0.157129 0.889399 0.16434 0.86344 0.153434 0.853865 0.146223 0.879824
0 0.157803 0.678632 0.1631 0.659443 0.153629 0.651179 0.148331 0.670367
0 0.190321 0.760274 0.19123 0.720534 0.162759 0.718475 0.16185 0.758215
0 0.134801 0.763912 0.149338 0.746212 0.1431 0.73002 0.128563 0.74772
0 0.569443 0.845401 0.56808 0.818382 0.547153 0.82172 0.548516 0.848738
0 0.591301 0.929559 0.600756 0.91077 0.584494 0.884905 0.575038 0.903693
0 0.271748 0.97257 0.279558 0.944566 0.267125 0.933607 0.259315 0.961611
0 0.0693783 0.836653 0.0855199 0.814458 0.0777048 0.796495 0.0615632 0.81869
0 0.534805 0.888755 0.536805 0.835806 0.50713 0.832264 0.505131 0.885213
0 0.136397 0.70618 0.136752 0.686911 0.124463 0.686195 0.124108 0.705464
0 0.244746 0.902735 0.248996 0.884495 0.240005 0.877873 0.235755 0.896114
0 0.218161 0.767237 0.220588 0.741528 0.207603 0.737653 0.205175 0.763362
0 0.306717 0.855447 0.309173 0.831002 0.296275 0.826908 0.29382 0.851353
0 0.477797 0.849402 0.479231 0.825053 0.465743 0.822543 0.464309 0.846891
0 0.0396502 0.939459 0.0421695 0.913832 0.02599 0.908805 0.0234707 0.934432
0 0.173802 0.63203 0.17567 0.611378 0.16465 0.608228 0.162782 0.62888
0 0.0954198 0.840648 0.104197 0.822472 0.0956595 0.809441 0.086882 0.827617
0 0.192086 0.562476 0.192048 0.542173 0.178482 0.542253 0.17852 0.562556
0 0.274889 0.86141 0.277866 0.844328 0.264253 0.836831 0.261276 0.853914
0 0.212433 0.6735 0.213941 0.657776 0.204314 0.654858 0.202807 0.670583
0 0.390311 0.673094 0.394132 0.647515 0.380886 0.641261 0.377065 0.66684
0 0.0506211 0.956355 0.0854756 0.917355 0.075702 0.889749 0.0408475 0.928748
0 0.583371 0.779185 0.59887 0.753901 0.588759 0.734311 0.573259 0.759595
0 0.125264 0.698329 0.125875 0.682357 0.116287 0.681197 0.115676 0.69717
0 0.295863 0.835822 0.300531 0.818604 0.292187 0.811454 0.287519 0.828672
0 0.113776 0.676249 0.114834 0.660847 0.104753 0.658659 0.103696 0.674061
0 0.609701 0.791611 0.61414 0.768593 0.603531 0.762128 0.599093 0.785145
0 0.178004 0.817941 0.195867 0.804008 0.191345 0.785685 0.173482 0.799618
0 0.254454 0.909226 0.260183 0.887297 0.251202 0.879882 0.245473 0.90181
0 0.210047 0.618145 0.21334 0.599069 0.203188 0.593528 0.199895 0.612604
0 0.147389 0.881317 0.156193 0.85744 0.146865 0.846569 0.138061 0.870447
0 0.236424 0.685894 0.238749 0.664442 0.225225 0.659809 0.2229 0.681262
0 0.574966 0.763936 0.580359 0.737918 0.568463 0.730125 0.56307 0.756142
0 0.0805511 0.799161 0.0935945 0.770251 0.0819191 0.753603 0.0688757 0.782513
0 0.0350098 0.831096 0.0414798 0.81215 0.0304553 0.800251 0.0239853 0.819197
0 0.0139655 0.541714 0.0143843 0.523699 0.0023838 0.522817 0.001965 0.540832
0 0.265452 0.894243 0.271376 0.874789 0.262054 0.865819 0.25613 0.885272
0 0.0507569 0.935783 0.0868317 0.89788 0.0727176 0.855424 0.0366428 0.893328
0 0.0178605 0.99187 0.0176248 0.947782 -0.00309393 0.948132 -0.00285823 0.99222
0 0.395904 0.153218 0.399641 0.112967 0.375742 0.105956 0.372006 0.146207
0 0.416218 0.728313 0.419029 0.700411 0.404141 0.695672 0.401331 0.723573
0 0.190724 0.988115 0.202001 0.961297 0.192646 0.948864 0.181369 0.975682
0 0.108839 0.853458 0.115997 0.827216 0.105283 0.81798 0.0981255 0.844222
0 0.174505 0.751177 0.190438 0.706201 0.172182 0.68576 0.156249 0.730737
0 0.207968 0.876236 0.216704 0.850881 0.206745 0.840038 0.19801 0.865394
0 0.248577 0.760448 0.25068 0.737803 0.238906 0.734347 0.236803 0.756992
0 0.625443 0.804202 0.629703 0.768001 0.61268 0.76167 0.60842 0.79787
0 0.309346 0.830859 0.313475 0.80916 0.303646 0.80325 0.299518 0.824949
0 0.312002 0.873384 0.314925 0.847753 0.299164 0.842073 0.296241 0.867704
0 0.320122 0.930144 0.322848 0.898362 0.306793 0.894011 0.304068 0.925793
0 0.493172 0.866608 0.49521 0.837187 0.476186 0.833022 0.474148 0.862443
0 0.178537 0.863163 0.186713 0.832425 0.174221 0.821924 0.166045 0.852662
0 0.181444 0.817685 0.201343 0.802688 0.197139 0.785057 0.17724 0.800053
0 0.148232 0.106844 0.165372 0.0918134 0.143446 0.0127921 0.126306 0.027823
0 0.0690827 0.723893 0.07268 0.704032 0.0617926 0.697799 0.0581953 0.71766
0 0.352781 0.746811 0.375981 0.718067 0.368512 0.699012 0.345312 0.727755
0 0.0154886 0.605115 0.0155827 0.582003 0.000602621 0.58181 0.000508463 0.604922
0 0.278751 0.877335 0.280978 0.853911 0.268477 0.850154 0.26625 0.873579
0 0.0511093 0.745593 0.0510579 0.729349 0.039347 0.729466 0.0393983 0.74571
0 0.431764 0.634451 0.434076 0.607028 0.42179 0.603755 0.419478 0.631178
0 0.618774 0.849648 0.62178 0.823211 0.608675 0.818501 0.605669 0.844938
0 0.610047 0.878591 0.613131 0.85747 0.595689 0.84942 0.592605 0.870542
0 0.149083 0.603388 0.149596 0.583809 0.137031 0.582769 0.136519 0.602348
0 0.0208711 0.85436 0.017491 0.798203 -0.0068519 0.802834 -0.00347183 0.858991
0 0.205745 0.654316 0.211329 0.636267 0.203563 0.628674 0.197979 0.646723
0 0.681909 0.678506 0.683758 0.651498 0.670103 0.648543 0.668254 0.675552
0 0.143279 0.864263 0.150917 0.840207 0.139461 0.828712 0.131823 0.852768
0 0.0832188 0.719813 0.0909885 0.703052 0.0838184 0.692547 0.0760488 0.709308
0 0.0846622 0.878268 0.0881782 0.858276 0.0760455 0.851532 0.0725295 0.871524
0 0.0483874 0.604899 0.0494407 0.586901 0.0387376 0.584922 0.0376843 0.602919
0 0.352198 0.730002 0.364992 0.701615 0.352446 0.683746 0.339653 0.712133
0 0.0390948 0.603572 0.0398956 0.584104 0.0256635 0.582254 0.0248627 0.601722
0 0.477776 0.783414 0.479141 0.761393 0.466078 0.758834 0.464713 0.780855
0 0.185122 0.946772 0.18991 0.91748 0.177029 0.910826 0.172242 0.940119
0 0.61144 0.831648 0.614251 0.811834 0.600598 0.80571 0.597786 0.825524
0 0.136879 0.836798 0.138034 0.815745 0.123879 0.81329 0.122724 0.834343
0 0.017164 0.780481 0.0182242 0.751241 0.000944302 0.749261 -0.000115829 0.778501
0 0.0826057 0.834897 0.0876957 0.80771 0.0716191 0.798198 0.0665292 0.825384
0 0.127132 0.741392 0.128149 0.723189 0.11689 0.721199 0.115872 0.739402
0 0.22637 0.63064 0.229032 0.612004 0.218596 0.607293 0.215935 0.625929
0 0.662349 0.857508 0.666154 0.833361 0.652503 0.826561 0.648697 0.850708
0 0.03905 0.548541 0.0400895 0.530578 0.0274734 0.528271 0.0264338 0.546234
0 0.0392919 0.738416 0.0390753 0.723824 0.0266294 0.724408 0.026846 0.739
0 0.0399001 0.898303 0.042395 0.877381 0.0280422 0.871972 0.0255473 0.892894
0 0.654561 0.773915 0.666526 0.753724 0.65826 0.738242 0.646295 0.758433
0 0.596643 0.790899 0.599529 0.769347 0.585919 0.763586 0.583032 0.785137
0 0.198122 0.608775 0.202171 0.590027 0.193158 0.583874 0.189108 0.602622
0 0.0831505 0.865237 0.0928827 0.840161 0.0837795 0.828995 0.0740473 0.854071
0 0.538232 0.711076 0.545468 0.691392 0.533906 0.677959 0.52667 0.697644
0 0.108084 0.631621 0.10958 0.613849 0.099643 0.611206 0.0981475 0.628978
0 0.161793 0.628739 0.163248 0.614054 0.153323 0.610945 0.151868 0.62563
0 0.664423 0.793621 0.668376 0.776938 0.654683 0.766684 0.65073 0.783367
0 0.095098 0.731236 0.101204 0.713407 0.0933028 0.704855 0.0871969 0.722685
0 0.332209 0.238173 0.353208 0.205101 0.316763 0.131965 0.295764 0.165036
0 0.0533231 0.808757 0.0568943 0.78025 0.0431172 0.774795 0.0395461 0.803303
0 0.134456 0.859472 0.134885 0.834055 0.119279 0.833222 0.118849 0.858639
0 0.242279 1.00818 0.257184 0.961611 0.238396 0.942605 0.223491 0.989174
0 0.51445 0.852381 0.518492 0.82461 0.505897 0.818817 0.501855 0.846588
0 0.0994649 0.767339 0.106547 0.745021 0.0965234 0.734968 0.0894413 0.757286
0 0.148183 0.701814 0.149118 0.68464 0.138283 0.682775 0.137348 0.69995
0 0.192337 0.494838 0.195009 0.477219 0.184665 0.472261 0.181993 0.48988
0 0.208246 0.629372 0.210885 0.615135 0.200769 0.609209 0.19813 0.623445
0 0.196806 0.951548 0.214249 0.900021 0.19734 0.88193 0.179897 0.933457
0 0.261421 0.964303 0.266893 0.937308 0.255645 0.930102 0.250173 0.957097
0 0.411743 0.853268 0.419367 0.831976 0.409186 0.820453 0.401561 0.841745
0 0.246551 0.792459 0.24742 0.772672 0.23334 0.770719 0.232471 0.790505
0 0.507651 0.634939 0.510381 0.608569 0.495827 0.603807 0.493097 0.630176
0 0.609415 0.772243 0.613287 0.752257 0.602873 0.745879 0.599001 0.765865
0 0.220755 0.719169 0.228304 0.697197 0.218386 0.686426 0.210836 0.708399
0 0.494187 0.804253 0.498821 0.790266 0.486694 0.777566 0.482059 0.791553
0 0.119382 0.720425 0.120502 0.698603 0.108776 0.6967 0.107655 0.718523
0 0.214632 0.622969 0.219566 0.605282 0.208092 0.595165 0.203157 0.612851
0 0.228905 0.790363 0.22862 0.770765 0.21626 0.771334 0.216546 0.790932
0 0.22552 0.609373 0.227399 0.59303 0.215598 0.588743 0.21372 0.605085
0 0.168557 0.667493 0.172269 0.652111 0.162665 0.644786 0.158953 0.660168
0 0.203039 0.949277 0.225564 0.905949 0.207278 0.875906 0.184754 0.919233
0 0.421554 0.789574 0.430057 0.775812 0.415638 0.747657 0.407135 0.761419
0 0.33321 0.948419 0.33561 0.92292 0.319935 0.918257 0.317534 0.943755
0 0.0494656 0.676573 0.0509726 0.659211 0.0414954 0.656611 0.0399884 0.673973
0 0.341166 0.870032 0.35435 0.83882 0.344058 0.825081 0.330875 0.856292
0 0.0707481 0.584418 0.0716518 0.569977 0.0626882 0.568204 0.0617845 0.582645
0 0.201615 0.820352 0.212148 0.79903 0.204341 0.786841 0.193807 0.808163
0 0.290603 0.174954 0.294259 0.145545 0.274396 0.13774 0.270739 0.167149
0 0.258212 0.853435 0.259598 0.833496 0.245939 0.830494 0.244553 0.850433
0 0.302062 1.00622 0.304335 0.981891 0.28441 0.976007 0.282137 1.00033
0 0.097812 0.706382 0.0996231 0.688572 0.0876909 0.684737 0.0858797 0.702547
0 0.194772 0.766583 0.1968 0.746467 0.186798 0.743281 0.184771 0.763397
0 0.234063 0.791467 0.233965 0.773311 0.219069 0.773566 0.219167 0.791722
0 0.235856 0.904149 0.238512 0.885909 0.228385 0.881249 0.22573 0.89949
0 0.589659 0.88922 0.59607 0.870703 0.58299 0.85639 0.576579 0.874908
0 0.677217 0.785908 0.681539 0.765972 0.666176 0.755447 0.661855 0.775382
0 0.72913 0.385798 0.724856 0.35465 0.693573 0.368215 0.697846 0.399363
0 0.215354 0.665886 0.219553 0.649074 0.210419 0.641864 0.20622 0.658676
0 0.141931 0.531385 0.143716 0.515028 0.133229 0.511411 0.131444 0.527767
0 0.1019 0.67896 0.102923 0.660407 0.0908163 0.658297 0.0897932 0.67685
0 0.292513 0.895679 0.293183 0.86955 0.280557 0.868526 0.279886 0.894655
0 0.0467214 0.829598 0.051105 0.811244 0.0418029 0.804222 0.0374192 0.822576
0 0.0076485 0.902658 0.0163591 0.872633 0.00367031 0.860999 -0.00504026 0.891023
0 0.297603 0.922245 0.299481 0.891765 0.283208 0.888597 0.28133 0.919076
0 0.437272 0.593456 0.443349 0.572538 0.427569 0.558048 0.421492 0.578966
0 0.185263 0.582521 0.186201 0.566818 0.17702 0.565084 0.176081 0.580787
0 0.0364181 0.632456 0.0373809 0.595922 0.0158217 0.594127 0.0148589 0.630661
0 0.338986 0.805002 0.343864 0.787166 0.329981 0.775165 0.325103 0.793001
0 0.233476 0.741 0.239405 0.721863 0.23164 0.714261 0.225712 0.733398
0 0.0917124 0.712612 0.0979232 0.695568 0.0893213 0.685661 0.0831105 0.702706
0 0.191706 0.623085 0.194474 0.608121 0.184513 0.602298 0.181745 0.617262
0 0.0786019 0.704595 0.0846707 0.684454 0.0770712 0.677217 0.0710025 0.697358
0 0.422202 0.782265 0.435064 0.770222 0.421566 0.724658 0.408704 0.736701
0 0.0709762 0.652386 0.0727904 0.628648 0.0587736 0.625262 0.0569593 0.649
0 0.270382 0.175809 0.270403 0.14389 0.250381 0.143847 0.25036 0.175766
0 0.376074 0.699505 0.376929 0.677183 0.359758 0.675104 0.358903 0.697426
0 0.764154 0.976296 0.811217 0.889025 0.751376 0.787036 0.704314 0.874307
0 0.367089 0.634417 0.36841 0.602982 0.349262 0.600439 0.347941 0.631873
0 0.462659 0.847048 0.464729 0.817716 0.448683 0.814138 0.446613 0.843469
0 0.372901 0.926396 0.371883 0.904637 0.355865 0.907007 0.356884 0.928766
0 0.176294 0.656644 0.178022 0.638768 0.168084 0.635733 0.166357 0.653609
0 0.133138 0.627043 0.134216 0.608691 0.125171 0.607013 0.124094 0.625364
0 0.163612 0.588549 0.165212 0.571754 0.154769 0.56861 0.153169 0.585405
0 0.775651 0.447637 0.778495 0.422052 0.764992 0.417308 0.762148 0.442894
0 0.212037 0.786762 0.216539 0.765782 0.206612 0.759049 0.20211 0.780029
0 0.0735411 0.627665 0.0745027 0.604609 0.0622169 0.60299 0.0612553 0.626046
0 0.308321 0.770261 0.310185 0.751156 0.299506 0.747864 0.297642 0.76697
0 0.632859 0.851311 0.635078 0.827637 0.621669 0.823663 0.61945 0.847338
0 0.535724 0.812128 0.544709 0.786167 0.526849 0.76663 0.517864 0.792591
0 0.0927002 0.744848 0.097913 0.727664 0.090106 0.720179 0.0848932 0.737363
0 0.358502 0.847238 0.367329 0.82272 0.356522 0.810423 0.347695 0.834941
0 0.00939293 0.680168 0.00973367 0.658827 -0.000958269 0.658288 -0.00129901 0.679629
0 0.312367 0.899528 0.317422 0.874765 0.304407 0.866368 0.299352 0.891131
0 0.0350409 0.850847 0.0476626 0.834273 0.0410958 0.818467 0.0284741 0.835041
0 0.337444 0.710578 0.344508 0.691378 0.334839 0.680136 0.327776 0.699336
0 0.404244 0.65703 0.405752 0.635252 0.391819 0.632202 0.390311 0.65398
0 0.160951 0.711241 0.168324 0.696499 0.161349 0.685474 0.153976 0.700215
0 0.417538 0.142104 0.419354 0.110914 0.401949 0.107711 0.400133 0.138901
0 0.0347506 0.972834 0.0384175 0.93733 0.0183601 0.930783 0.0146932 0.966287
0 0.294078 0.842056 0.297501 0.824665 0.286504 0.817824 0.283081 0.835215
0 0.0859524 1.00944 0.0881375 0.97978 0.0523161 0.97144 0.0501311 1.0011
0 0.553674 0.829837 0.559807 0.802519 0.543241 0.790765 0.537108 0.818083
0 0.696081 0.71328 0.698028 0.679399 0.681497 0.676396 0.67955 0.710277
0 0.0500451 0.632809 0.0512628 0.616029 0.0403793 0.613533 0.0391616 0.630312
0 0.275113 0.922946 0.278572 0.897222 0.267599 0.892558 0.26414 0.918283
0 0.106675 0.652448 0.108933 0.636741 0.0984376 0.631974 0.09618 0.64768
0 0.0401158 0.775125 0.0416856 0.751635 0.0267677 0.748484 0.0251979 0.771974
0 0.680974 0.785082 0.685185 0.7667 0.671217 0.756585 0.667005 0.774966
0 0.277554 1.00118 0.282236 0.966989 0.266919 0.96036 0.262237 0.99455
0 0.551772 0.700965 0.553989 0.680683 0.543106 0.676924 0.54089 0.697207
0 0.318254 0.992335 0.325666 0.960331 0.315312 0.952753 0.307901 0.984757
0 0.670211 0.83391 0.671627 0.812013 0.657147 0.809052 0.655731 0.830948
0 0.190394 0.533382 0.192733 0.519255 0.18352 0.514435 0.181182 0.528562
0 0.0258275 0.96125 0.0293035 0.928941 0.0108584 0.922669 0.00738241 0.954979
0 0.0537371 0.793121 0.0564365 0.769787 0.0427763 0.764793 0.040077 0.788127
0 0.0191205 0.820347 0.0328038 0.799079 0.0239808 0.781138 0.0102975 0.802406
0 0.386917 0.697082 0.390623 0.67313 0.377234 0.666582 0.373527 0.690534
0 0.0631062 0.7524 0.0687084 0.731302 0.0571998 0.721644 0.0515975 0.742742
0 0.314938 0.950901 0.318477 0.928609 0.305148 0.921921 0.301609 0.944213
0 0.219731 0.867478 0.225319 0.843203 0.21623 0.83659 0.210642 0.860865
0 0.370947 0.904298 0.373226 0.85402 0.338913 0.849105 0.336634 0.899383
0 0.669964 0.612692 0.678261 0.584245 0.666853 0.573728 0.658556 0.602176
0 0.319616 0.705201 0.320592 0.684273 0.310276 0.682754 0.309301 0.703682
0 0.439141 0.798354 0.444135 0.776078 0.432353 0.76773 0.427359 0.790006
0 0.100265 0.515554 0.10052 0.495923 0.0864433 0.495345 0.0861884 0.514976
0 0.684871 0.818328 0.691521 0.792928 0.681322 0.784488 0.674671 0.809887
0 0.13054 0.644067 0.130903 0.628231 0.120938 0.627508 0.120575 0.643344
0 0.384552 0.908073 0.384646 0.887092 0.371443 0.886904 0.371348 0.907886
0 0.0920695 0.574925 0.093157 0.556515 0.082442 0.554515 0.0813544 0.572925
0 0.557287 0.889832 0.559546 0.856768 0.542082 0.852997 0.539822 0.88606
0 0.0890139 0.818752 0.105353 0.803206 0.0995321 0.783869 0.0831927 0.799415
0 0.109427 0.693139 0.110461 0.677209 0.100304 0.675126 0.0992703 0.691056
0 0.471265 0.873254 0.473639 0.846528 0.45998 0.842692 0.457605 0.869419
0 0.650144 0.840569 0.654343 0.817443 0.641016 0.809796 0.636817 0.832921
0 0.246633 0.746547 0.252786 0.722642 0.244142 0.71561 0.237989 0.739516
0 0.64699 0.799211 0.655356 0.784122 0.64328 0.762962 0.634915 0.778051
0 0.00874262 0.570174 0.00964299 0.542625 -0.000767342 0.54155 -0.00166772 0.569099
0 0.118164 0.661544 0.118842 0.647193 0.108899 0.645709 0.108221 0.66006
0 0.143568 0.668535 0.150169 0.650307 0.140749 0.639527 0.134149 0.657755
0 0.278163 0.831348 0.279551 0.813513 0.267802 0.810623 0.266414 0.828458
0 0.274528 0.907827 0.278969 0.88552 0.268398 0.878869 0.263957 0.901176
