0 0.80916 1.06966 0.865381 0.968687 0.793175 0.841617 0.736954 0.942585
0 0.250846 1.00824 0.254391 0.971463 0.234265 0.965332 0.23072 1.00211
0 0.276005 0.873182 0.28703 0.824187 0.266116 0.809314 0.255091 0.858308
0 0.684492 0.682726 0.689604 0.657338 0.677157 0.649418 0.672046 0.674806
0 0.564554 0.886644 0.567068 0.858793 0.550597 0.854093 0.548083 0.881945
0 0.400264 0.982289 0.402277 0.949103 0.382497 0.94531 0.380483 0.978496
0 0.461403 0.897015 0.466409 0.869576 0.446367 0.858019 0.441361 0.885458
0 0.685017 0.778337 0.696364 0.758846 0.681404 0.731319 0.670057 0.750809
0 0.576427 0.57674 0.574423 0.542856 0.552454 0.546963 0.554458 0.580847
0 0.623713 0.835718 0.628135 0.817536 0.615875 0.808112 0.611453 0.826295
0 0.563763 1.00293 0.570049 0.956386 0.552282 0.948802 0.545996 0.995346
0 0.168011 0.996217 0.173413 0.95467 0.148757 0.944538 0.143355 0.986085
0 0.698075 0.718084 0.700016 0.69582 0.687044 0.692247 0.685103 0.714511
0 0.517345 0.617083 0.527791 0.571423 0.512686 0.560501 0.50224 0.606162
0 0.0476774 0.850585 0.0542251 0.814832 0.0337379 0.802974 0.0271901 0.838726
0 0.626261 0.798218 0.627603 0.774654 0.612414 0.77192 0.611071 0.795484
0 0.596573 0.917375 0.604102 0.886898 0.573076 0.862674 0.565547 0.893151
0 0.617429 0.896551 0.62457 0.871417 0.602041 0.851188 0.5949 0.876323
0 0.152544 0.909896 0.158312 0.866044 0.130441 0.854457 0.124673 0.898308
0 0.365063 0.953058 0.369991 0.889241 0.336981 0.881184 0.332053 0.945002
0 0.194758 0.865844 0.200148 0.841055 0.188383 0.832971 0.182994 0.857761
0 0.499441 0.705343 0.505571 0.683462 0.483616 0.664024 0.477486 0.685905
0 0.507789 0.929331 0.508099 0.895523 0.480159 0.894715 0.47985 0.928523
0 0.458997 0.745678 0.477734 0.727817 0.46347 0.680524 0.444733 0.698384
0 0.337984 0.64753 0.340909 0.617775 0.324251 0.6126 0.321327 0.642355
0 0.572145 0.793734 0.576386 0.758812 0.557821 0.751686 0.553579 0.786607
0 0.0830258 0.871601 0.098678 0.844001 0.0878932 0.824671 0.072241 0.852271
0 0.576532 0.88269 0.606401 0.853252 0.595863 0.819459 0.565994 0.848897
0 0.633633 0.836998 0.646655 0.815554 0.631157 0.785811 0.618135 0.807255
0 0.232537 0.953644 0.225117 0.888226 0.179588 0.904546 0.187008 0.969964
0 0.445566 0.966425 0.448375 0.938552 0.434789 0.934225 0.43198 0.962098
0 0.0798918 1.01121 0.108087 0.967683 0.0949507 0.940792 0.0667557 0.984322
0 0.118583 0.871633 0.122252 0.830273 0.0998677 0.823997 0.0961984 0.865356
0 0.426586 0.735392 0.425759 0.691974 0.402249 0.69339 0.403076 0.736808
0 0.681374 0.851564 0.694411 0.816779 0.67371 0.79226 0.660674 0.827045
0 0.288206 0.894523 0.286181 0.868226 0.265167 0.873341 0.267193 0.899638
0 0.673101 0.714535 0.676265 0.686134 0.660515 0.680588 0.65735 0.708988
0 0.240571 0.983813 0.252273 0.951984 0.23947 0.937108 0.227768 0.968938
0 0.585627 0.953194 0.589459 0.923802 0.572503 0.916815 0.568671 0.946207
0 0.385058 0.927952 0.388654 0.89207 0.370508 0.886323 0.366912 0.922204
0 0.45569 0.973656 0.471501 0.94708 0.452196 0.910779 0.436384 0.937355
0 0.385351 1.01114 0.393612 0.986929 0.381553 0.973925 0.373292 0.998138
0 0.450718 0.807242 0.465161 0.759741 0.424009 0.720195 0.409566 0.767696
0 0.546409 0.901581 0.546081 0.87702 0.530546 0.877675 0.530874 0.902237
0 0.52696 0.801582 0.530376 0.776444 0.516421 0.770452 0.513006 0.79559
0 0.208648 0.911753 0.221009 0.85626 0.197727 0.83987 0.185366 0.895363
0 0.564086 0.913448 0.565958 0.884703 0.548529 0.881117 0.546657 0.909862
0 0.638476 0.796515 0.642216 0.776661 0.629915 0.769336 0.626174 0.78919
0 0.154608 1.00665 0.155399 0.976206 0.135333 0.974558 0.134542 1.00501
0 0.279505 0.96254 0.280999 0.940234 0.264046 0.936645 0.262552 0.958951
0 0.255934 0.91124 0.263227 0.885283 0.250024 0.873559 0.242731 0.899517
0 0.59017 0.785508 0.591897 0.763101 0.576168 0.759268 0.57444 0.781675
0 0.25624 0.951084 0.259525 0.929167 0.242251 0.920986 0.238966 0.942902
0 0.4494 0.706214 0.449816 0.675215 0.429168 0.67434 0.428752 0.705339
0 0.535572 0.574626 0.539685 0.546359 0.51367 0.534394 0.509556 0.562662
0 0.227707 0.897516 0.249606 0.868817 0.239821 0.845218 0.217922 0.873917
0 0.477636 0.846187 0.48321 0.790506 0.448141 0.779412 0.442567 0.835092
0 0.329681 0.624011 0.333635 0.602622 0.315904 0.592262 0.31195 0.613651
0 0.600717 0.818755 0.604929 0.793115 0.590604 0.785678 0.586392 0.811318
0 0.389774 0.960926 0.396508 0.925296 0.381256 0.916185 0.374522 0.951815
0 0.583695 0.701662 0.584681 0.67323 0.569056 0.671517 0.56807 0.699949
0 0.517589 0.681517 0.517696 0.648461 0.492534 0.648203 0.492427 0.681259
0 0.568232 0.969164 0.577685 0.948294 0.562431 0.926456 0.552978 0.947325
0 0.674178 0.81075 0.680039 0.787682 0.667095 0.777289 0.661235 0.800357
0 0.472491 0.689159 0.472918 0.660685 0.456061 0.659887 0.455635 0.68836
0 0.576058 0.996566 0.580813 0.969909 0.568401 0.962912 0.563646 0.989569
0 0.477825 1.02486 0.497074 0.966321 0.46706 0.935132 0.447811 0.993675
0 0.257866 0.887112 0.264905 0.858136 0.24942 0.846248 0.242382 0.875225
0 0.548116 0.590417 0.550936 0.571238 0.535272 0.56396 0.532453 0.583139
0 0.655371 0.713592 0.66126 0.688866 0.650127 0.680487 0.644238 0.705213
0 0.241082 0.933279 0.25426 0.907954 0.244327 0.891618 0.231149 0.916943
0 0.710557 0.838875 0.713699 0.817669 0.702339 0.812351 0.699198 0.833557
0 0.542764 1.01026 0.545963 0.97051 0.517654 0.963311 0.514455 1.00306
0 0.0634741 1.02015 0.0777701 0.920038 0.0181749 0.893141 0.00387887 0.993247
0 0.350034 0.861539 0.353333 0.792122 0.316254 0.786553 0.312955 0.85597
0 0.195244 1.00335 0.209975 0.97098 0.198142 0.953962 0.18341 0.986335
0 0.301814 0.75516 0.306 0.73273 0.292668 0.724866 0.288481 0.747296
0 0.350491 0.636937 0.354985 0.608992 0.342434 0.602613 0.33794 0.630558
0 0.614878 1.00346 0.616185 0.977263 0.599104 0.97457 0.597797 1.00076
0 0.492769 0.754169 0.498543 0.719294 0.486336 0.712907 0.480562 0.747782
0 0.54712 0.551634 0.54912 0.530707 0.532291 0.525624 0.530291 0.546551
0 0.710577 0.735075 0.713235 0.709276 0.700748 0.70521 0.69809 0.731009
0 0.176652 0.919384 0.193532 0.879767 0.178385 0.859369 0.161505 0.898986
0 0.0758503 0.979056 0.121213 0.928154 0.104382 0.880749 0.0590193 0.931651
0 0.44202 1.00335 0.443019 0.952558 0.413097 0.950699 0.412098 1.00149
0 0.390847 0.529773 0.398829 0.490254 0.379999 0.478233 0.372017 0.517752
0 0.988622 1.05053 1.01148 0.897792 0.848336 0.820618 0.825476 0.973353
0 0.476267 0.926298 0.483241 0.884844 0.464551 0.874908 0.457578 0.916362
0 0.552415 0.789977 0.554243 0.766556 0.542275 0.763604 0.540447 0.787024
0 0.35294 0.690601 0.365247 0.67514 0.35204 0.641915 0.339733 0.657376
0 0.566732 0.928672 0.579046 0.902406 0.569829 0.888751 0.557516 0.915016
0 0.683795 0.718407 0.685749 0.700295 0.675362 0.696754 0.673408 0.714866
0 0.591091 0.669929 0.598785 0.650284 0.588846 0.637983 0.581152 0.657628
0 0.72521 0.632847 0.726305 0.614159 0.714944 0.612055 0.713849 0.630744
0 0.221795 0.993461 0.233581 0.965831 0.222005 0.950225 0.210219 0.977855
0 0.0947692 0.80636 0.0963851 0.777015 0.0774839 0.773725 0.075868 0.80307
0 0.539063 0.790111 0.540713 0.769887 0.527667 0.766523 0.526017 0.786748
0 0.286633 1.00127 0.288767 0.974254 0.270943 0.969806 0.26881 0.99682
0 0.651296 0.683004 0.654804 0.658099 0.64122 0.652053 0.637713 0.676958
0 0.707128 0.678988 0.716041 0.659984 0.700835 0.637445 0.691922 0.656449
0 0.630586 0.970681 0.639093 0.916534 0.608869 0.901525 0.600362 0.955672
0 0.50864 0.792853 0.518091 0.776761 0.506774 0.755753 0.497323 0.771845
0 0.706704 0.813968 0.71585 0.786119 0.704382 0.774216 0.695236 0.802065
0 0.683784 0.69934 0.685512 0.680418 0.676257 0.677747 0.674528 0.696669
0 0.114675 0.968032 0.130998 0.937891 0.120026 0.91911 0.103702 0.94925
0 0.760421 0.707834 0.76419 0.678592 0.748288 0.672115 0.74452 0.701357
0 0.559762 0.625155 0.561768 0.58866 0.534772 0.583971 0.532766 0.620466
0 0.456203 0.748245 0.45821 0.709885 0.426825 0.704697 0.424819 0.743056
0 0.724741 0.775886 0.732855 0.755986 0.714081 0.731794 0.705967 0.751694
0 0.545565 0.875388 0.54901 0.846579 0.53464 0.841148 0.531195 0.869958
0 0.482044 0.770865 0.485272 0.741729 0.473428 0.737581 0.4702 0.766717
0 0.190109 0.806611 0.187861 0.758895 0.156904 0.763504 0.159152 0.81122
0 0.258953 0.973967 0.264377 0.944325 0.251965 0.937146 0.246541 0.966788
0 0.569471 0.734106 0.578815 0.70772 0.568179 0.695817 0.558835 0.722203
0 0.341451 0.469895 0.369119 0.447459 0.361601 0.418159 0.333934 0.440595
0 0.584663 0.760376 0.585229 0.740056 0.57323 0.739 0.572664 0.75932
0 0.726658 0.725204 0.729391 0.70533 0.715892 0.699464 0.713159 0.719338
0 0.557974 0.527105 0.559223 0.504217 0.545769 0.501898 0.544521 0.524786
0 0.304376 0.80244 0.319851 0.774209 0.310985 0.758847 0.295509 0.787079
0 0.586895 0.653294 0.589525 0.624992 0.572893 0.620109 0.570264 0.648411
0 0.736604 0.652369 0.738635 0.634215 0.725233 0.629477 0.723202 0.647631
0 0.559808 0.546653 0.561584 0.528241 0.550898 0.524983 0.549122 0.543395
0 0.738614 0.796234 0.742219 0.773892 0.728486 0.766891 0.724882 0.789232
0 0.366159 0.892606 0.371972 0.868247 0.353512 0.854324 0.347698 0.878683
0 0.301623 0.862816 0.318579 0.845256 0.312326 0.826171 0.295369 0.843731
0 0.307047 0.696916 0.312345 0.671251 0.292528 0.65832 0.287229 0.683984
0 0.145169 0.859154 0.14638 0.838253 0.129281 0.83512 0.12807 0.856022
0 0.164031 0.788885 0.165382 0.743551 0.144069 0.741544 0.142718 0.786878
0 0.0951649 0.83882 0.108957 0.81416 0.0999884 0.798307 0.0861965 0.822968
0 0.131615 0.933724 0.140752 0.895259 0.124641 0.883165 0.115504 0.921629
0 0.55089 0.982786 0.551153 0.930447 0.523282 0.930003 0.523018 0.982342
0 0.363738 0.976326 0.364469 0.942557 0.341413 0.94098 0.340682 0.97475
0 0.469057 0.880055 0.477981 0.839738 0.464826 0.830534 0.455901 0.870851
0 0.41742 0.950486 0.426148 0.914293 0.41579 0.906399 0.407062 0.942592
0 0.390314 0.580274 0.390912 0.556677 0.378848 0.555711 0.37825 0.579308
0 0.225278 0.795885 0.227549 0.772935 0.213794 0.768635 0.211524 0.791585
0 0.70154 0.852204 0.703754 0.833503 0.690253 0.828451 0.688039 0.847152
0 0.61179 0.702519 0.613024 0.685028 0.603183 0.682833 0.601949 0.700324
0 0.693132 0.80802 0.703529 0.790537 0.687879 0.761119 0.677481 0.778601
0 0.360584 0.99826 0.363522 0.975247 0.351865 0.970543 0.348927 0.993556
0 0.531223 0.664928 0.535372 0.642241 0.525454 0.63651 0.521306 0.659196
0 0.571333 0.806871 0.573223 0.787894 0.562329 0.784466 0.560439 0.803443
0 0.574781 0.836536 0.577161 0.809996 0.561181 0.805465 0.5588 0.832005
0 0.336464 0.915875 0.338363 0.891602 0.322109 0.887582 0.32021 0.911856
0 0.0908495 0.915135 0.100574 0.8874 0.0873602 0.872758 0.0776358 0.900493
0 0.587551 0.832462 0.589925 0.811915 0.578457 0.807727 0.576083 0.828275
0 0.230029 0.913512 0.240763 0.889956 0.231427 0.876511 0.220693 0.900067
0 0.514124 0.967227 0.516644 0.934777 0.502771 0.931371 0.50025 0.963821
0 0.322996 0.686025 0.332053 0.649816 0.307931 0.630748 0.298874 0.666957
0 0.0203996 0.749021 0.0320265 0.721925 0.0188009 0.703988 0.00717392 0.731084
0 0.55579 0.849849 0.562871 0.803308 0.54712 0.795734 0.540039 0.842275
0 0.655701 0.767754 0.656816 0.733585 0.635409 0.731379 0.634295 0.765547
0 0.201134 0.741205 0.204875 0.719279 0.192106 0.712395 0.188366 0.734322
0 0.49036 0.949596 0.49322 0.92267 0.475846 0.916836 0.472986 0.943762
0 0.63556 0.701277 0.639126 0.682819 0.628859 0.67655 0.625293 0.695008
0 0.346892 0.901229 0.355151 0.869115 0.34053 0.857231 0.332271 0.889345
0 0.195235 0.77983 0.206944 0.746699 0.194233 0.732502 0.182524 0.765634
0 0.294875 0.873955 0.294585 0.848031 0.274033 0.848757 0.274322 0.87468
0 0.320562 0.594147 0.326696 0.573165 0.316247 0.56351 0.310113 0.584492
0 0.366271 0.626548 0.371388 0.607659 0.361859 0.599501 0.356742 0.61839
0 0.615319 0.84692 0.621384 0.82684 0.607969 0.814033 0.601904 0.834113
0 0.125222 0.894876 0.136406 0.856444 0.122049 0.84324 0.110866 0.881673
0 0.107254 0.894273 0.11129 0.864287 0.0939155 0.856896 0.0898795 0.886881
0 0.510837 0.584919 0.514658 0.558889 0.501602 0.552831 0.497781 0.578861
0 0.832224 0.674379 0.838941 0.655505 0.812759 0.626058 0.806043 0.644931
0 0.309772 0.891327 0.321824 0.857433 0.309802 0.843923 0.29775 0.877817
0 0.407443 0.501697 0.409376 0.474849 0.395582 0.47171 0.393649 0.498558
0 0.308138 0.775105 0.3079 0.749353 0.290196 0.749871 0.290434 0.775623
0 0.688382 0.741366 0.692408 0.722418 0.680536 0.714446 0.67651 0.733394
0 0.40984 0.924628 0.415437 0.900676 0.404453 0.892564 0.398856 0.916515
0 0.457985 0.872379 0.461899 0.837022 0.44369 0.830651 0.439776 0.866008
0 0.182887 0.771973 0.19274 0.747298 0.182578 0.734472 0.172724 0.759147
0 0.359823 0.550535 0.368522 0.528144 0.359274 0.516789 0.350575 0.53918
0 0.400285 0.678315 0.401897 0.661014 0.391787 0.658036 0.390174 0.675337
0 0.0616192 0.820946 0.0627258 0.799132 0.0483825 0.796832 0.0472758 0.818646
0 0.603635 0.631301 0.605528 0.605504 0.585934 0.600962 0.584042 0.626759
0 0.23403 0.962129 0.245456 0.925375 0.232251 0.9124 0.220825 0.949154
0 0.313664 0.53562 0.325516 0.508099 0.313809 0.492164 0.301957 0.519685
0 0.549118 0.804312 0.550451 0.784832 0.53908 0.782372 0.537746 0.801852
0 0.721771 0.676012 0.72491 0.661133 0.715359 0.654763 0.712219 0.669642
0 0.444215 0.872912 0.450583 0.785105 0.406087 0.774907 0.399719 0.862713
0 0.324825 0.56548 0.329604 0.546769 0.319457 0.538578 0.314678 0.557288
0 0.805993 0.854903 0.868893 0.716123 0.798308 0.615013 0.735408 0.753794
0 0.70774 0.70618 0.710086 0.686662 0.699244 0.682543 0.696898 0.702062
0 0.219577 0.908731 0.232757 0.882199 0.223591 0.86781 0.210412 0.894342
0 0.66951 0.921723 0.675924 0.881948 0.648879 0.868165 0.642465 0.907941
0 0.310396 0.97189 0.31637 0.949318 0.306571 0.941122 0.300597 0.963694
0 0.143775 0.755239 0.147091 0.725359 0.133793 0.720694 0.130476 0.750574
0 0.487722 0.536775 0.491339 0.505244 0.475961 0.499668 0.472343 0.531198
0 0.721202 0.580165 0.721998 0.559584 0.708787 0.557969 0.707991 0.57855
0 0.33405 0.759265 0.339465 0.733093 0.326731 0.724767 0.321316 0.750939
0 0.138395 0.94109 0.160988 0.913987 0.152639 0.89199 0.130046 0.919093
0 0.0635129 0.89515 0.0609023 0.860225 0.0295297 0.867636 0.0321403 0.902562
0 0.171881 0.89466 0.179856 0.838458 0.158738 0.828987 0.150763 0.885189
0 0.271194 0.985182 0.273798 0.956025 0.259217 0.951908 0.256612 0.981065
0 0.601549 0.745931 0.603377 0.725606 0.59281 0.722603 0.590982 0.742928
0 0.0192766 0.891317 0.0354489 0.859991 0.0243372 0.841861 0.00816491 0.873187
0 0.268772 0.832221 0.270311 0.802048 0.250787 0.7989 0.249248 0.829073
0 0.515525 0.694721 0.516899 0.675871 0.503797 0.672853 0.502423 0.691703
0 0.361834 0.721035 0.365273 0.697395 0.346839 0.688921 0.343401 0.712561
0 0.469998 0.945401 0.475276 0.928939 0.46278 0.916276 0.457502 0.932738
0 0.600758 0.727395 0.603504 0.709409 0.590506 0.703138 0.587761 0.721124
0 0.621642 0.983805 0.622392 0.96029 0.604957 0.958531 0.604207 0.982046
0 0.301499 0.817618 0.305575 0.79673 0.29125 0.787895 0.287174 0.808782
0 0.159607 0.840585 0.160732 0.813376 0.146182 0.811476 0.145057 0.838685
0 0.435489 0.929276 0.440907 0.902672 0.428734 0.894837 0.423316 0.92144
0 0.350665 0.597123 0.352728 0.558025 0.339796 0.555867 0.337732 0.594966
0 0.636787 1.00539 0.637305 0.976402 0.617304 0.975272 0.616786 1.00426
0 0.424318 0.560252 0.430324 0.532992 0.408751 0.517969 0.402745 0.54523
0 0.720368 0.653524 0.722575 0.636583 0.712521 0.632442 0.710313 0.649383
0 0.688617 0.818093 0.695604 0.801041 0.681408 0.782657 0.674421 0.799709
0 0.515313 0.717462 0.517969 0.698341 0.503546 0.69201 0.50089 0.711132
0 0.584763 0.973432 0.588387 0.948126 0.576076 0.942554 0.572452 0.967861
0 0.552762 0.752603 0.562127 0.720244 0.55153 0.710551 0.542165 0.742909
0 0.278703 0.916551 0.280092 0.893376 0.265175 0.890549 0.263786 0.913724
0 0.521783 0.661578 0.527236 0.635478 0.504712 0.620606 0.499259 0.646706
0 0.295293 0.973787 0.307188 0.936999 0.294834 0.924373 0.282938 0.96116
0 0.26916 0.940324 0.273555 0.918563 0.264905 0.913042 0.26051 0.934803
0 0.763966 0.634952 0.765023 0.614333 0.751967 0.612217 0.75091 0.632836
0 0.415656 0.667844 0.422908 0.649003 0.413454 0.637502 0.406202 0.656343
0 0.192974 0.718788 0.208175 0.664743 0.188456 0.647214 0.173255 0.701259
0 0.558793 0.827637 0.562134 0.797656 0.547801 0.792609 0.544461 0.82259
0 0.510061 0.847626 0.513819 0.789015 0.481722 0.782512 0.477964 0.841122
0 0.669172 0.789101 0.671469 0.764052 0.659887 0.760695 0.65759 0.785744
0 0.37653 0.53026 0.380851 0.506545 0.368283 0.499308 0.363962 0.523023
0 0.311397 0.728273 0.31586 0.706185 0.303917 0.698558 0.299454 0.720647
0 0.724622 0.800092 0.726953 0.776963 0.71234 0.772309 0.710009 0.795438
0 0.496169 0.768771 0.500226 0.744519 0.488251 0.738187 0.484194 0.762439
0 0.206083 0.778174 0.21918 0.755974 0.211377 0.741424 0.19828 0.763624
0 0.0762549 0.91349 0.0934192 0.875369 0.082226 0.85944 0.0650617 0.897562
0 0.84512 0.837281 0.851457 0.804719 0.836814 0.795712 0.830477 0.828274
0 0.561324 0.657329 0.565773 0.639263 0.557149 0.632551 0.5527 0.650617
0 0.513576 0.810242 0.518822 0.792581 0.50639 0.78091 0.501144 0.798571
0 0.262465 0.994767 0.265206 0.971014 0.250379 0.965607 0.247638 0.98936
0 0.468104 0.771796 0.47144 0.749779 0.458851 0.743749 0.455514 0.765765
0 0.59945 0.679354 0.602835 0.662994 0.593357 0.656796 0.589972 0.673156
0 0.0667447 0.945873 0.0764392 0.906931 0.0483721 0.884848 0.0386776 0.92379
0 0.338692 0.600743 0.342274 0.569265 0.328709 0.564387 0.325128 0.595865
0 0.601414 0.989464 0.604677 0.955283 0.58564 0.949539 0.582377 0.98372
0 0.229346 1.0055 0.230704 0.985242 0.207931 0.980418 0.206573 1.00068
0 0.354538 0.534349 0.361336 0.512194 0.349949 0.501152 0.343151 0.523306
0 0.631611 0.529004 0.634511 0.509232 0.617174 0.501197 0.614274 0.520969
0 0.536014 0.827574 0.53891 0.800462 0.521643 0.794634 0.518748 0.821746
0 0.395285 0.705426 0.39675 0.674602 0.38323 0.67257 0.381764 0.703394
0 0.190453 0.826523 0.199163 0.798326 0.187573 0.78701 0.178862 0.815207
0 0.0711206 0.833752 0.0716481 0.809479 0.0577176 0.808522 0.0571902 0.832795
0 0.486478 0.72751 0.493675 0.701379 0.483339 0.692382 0.476142 0.718512
0 0.33842 0.777362 0.347413 0.752697 0.337534 0.741312 0.32854 0.765977
0 0.133454 0.997753 0.145623 0.968551 0.135895 0.955739 0.123726 0.98494
0 0.173814 0.752436 0.188133 0.728582 0.180887 0.714834 0.166567 0.738688
0 0.468278 0.764597 0.472107 0.740371 0.458404 0.733525 0.454574 0.757751
0 0.291786 0.912842 0.301164 0.882153 0.291538 0.872857 0.28216 0.903545
0 0.173694 0.740762 0.187957 0.703748 0.164508 0.675191 0.150245 0.712205
0 0.650274 0.804491 0.651585 0.786096 0.639064 0.783277 0.637753 0.801672
0 0.651328 0.991128 0.659354 0.961032 0.64639 0.950106 0.638364 0.980201
0 0.394274 0.979836 0.395918 0.949656 0.378583 0.946672 0.376939 0.976852
0 0.698713 0.759419 0.705031 0.738153 0.691425 0.72538 0.685108 0.746645
0 0.109644 0.558069 0.105299 0.514087 0.0716456 0.524595 0.0759908 0.568577
0 0.351452 0.975994 0.351701 0.947798 0.33507 0.947334 0.334822 0.97553
0 0.760739 0.66674 0.760899 0.638194 0.744108 0.637897 0.743948 0.666442
0 0.584199 0.930033 0.587058 0.908144 0.573292 0.902462 0.570433 0.92435
0 0.404287 0.531801 0.412054 0.502173 0.40119 0.493172 0.393423 0.5228
0 0.406488 0.952357 0.411263 0.926967 0.399949 0.920243 0.395174 0.945633
0 0.315038 0.992113 0.322682 0.9661 0.312566 0.956705 0.304921 0.982718
0 0.324468 0.750929 0.326635 0.729063 0.31671 0.725954 0.314542 0.74782
0 0.71893 0.849318 0.721276 0.827514 0.708059 0.82302 0.705713 0.844824
0 0.108869 0.996664 0.11865 0.968309 0.108195 0.95691 0.0984132 0.985265
0 0.59735 1.00338 0.596972 0.981515 0.571997 0.982878 0.572375 1.00474
0 0.400743 1.00408 0.402016 0.981667 0.389555 0.97943 0.388281 1.00184
0 0.309995 0.580667 0.318582 0.56262 0.31056 0.550554 0.301972 0.568601
0 0.562498 0.71242 0.569565 0.691924 0.559267 0.680703 0.5522 0.701199
0 0.368793 0.501098 0.374187 0.480922 0.363065 0.471526 0.357672 0.491702
0 0.742474 0.732428 0.752849 0.712877 0.739751 0.690911 0.729376 0.710462
0 0.423279 0.503514 0.427536 0.482153 0.417081 0.475568 0.412824 0.496928
0 0.0265497 0.876406 0.0373969 0.843119 0.0215866 0.826835 0.0107394 0.860122
0 0.185736 0.957712 0.18164 0.898863 0.144491 0.907034 0.148587 0.965883
0 0.511773 0.907302 0.51973 0.879124 0.506468 0.867288 0.498511 0.895466
0 0.492421 1.00599 0.5107 0.993404 0.499673 0.942775 0.481395 0.955356
0 0.0667242 0.872646 0.0668287 0.848317 0.0516114 0.848111 0.0515068 0.87244
0 0.541622 0.475093 0.544004 0.451891 0.528628 0.446902 0.526245 0.470103
0 0.104397 0.772114 0.126781 0.749939 0.120134 0.728735 0.0977506 0.750909
0 0.531871 0.749745 0.534363 0.728595 0.523759 0.724645 0.521267 0.745795
0 0.286542 0.926515 0.291384 0.906003 0.280624 0.897977 0.275783 0.91849
0 0.401845 0.950649 0.405247 0.921456 0.392571 0.916787 0.389169 0.94598
0 0.662776 0.67363 0.664429 0.654639 0.653468 0.651624 0.651815 0.670614
0 0.500773 0.622041 0.507519 0.591565 0.488126 0.577997 0.48138 0.608472
0 0.349156 0.604376 0.351689 0.5769 0.340766 0.573717 0.338233 0.601193
0 0.37513 0.95911 0.38144 0.927728 0.369214 0.919958 0.362903 0.951339
0 0.321018 0.496318 0.323833 0.473022 0.309957 0.467721 0.307142 0.491017
0 0.132167 0.968866 0.142231 0.937112 0.131458 0.926321 0.121394 0.958075
0 0.570136 0.632371 0.57129 0.609749 0.558722 0.607724 0.557569 0.630345
0 0.638618 0.854335 0.640385 0.83224 0.623788 0.828047 0.622021 0.850142
0 0.566003 0.755165 0.570081 0.735694 0.560031 0.729041 0.555952 0.748512
0 0.325771 0.969419 0.330006 0.948594 0.319317 0.941725 0.315082 0.962549
0 0.0891681 0.82213 0.0896898 0.796372 0.0713883 0.7952 0.0708666 0.820958
0 0.364196 0.741497 0.364437 0.717413 0.348625 0.716914 0.348384 0.740998
0 0.261995 0.927383 0.266044 0.90317 0.253309 0.896441 0.249261 0.920654
0 0.295534 0.855101 0.298531 0.837189 0.286642 0.830904 0.283646 0.848816
0 0.474086 0.660487 0.474889 0.640501 0.460424 0.638665 0.459621 0.658651
0 0.172946 0.762263 0.178028 0.742996 0.168443 0.735007 0.163362 0.754274
0 0.570425 0.877331 0.578517 0.857761 0.565189 0.840343 0.557097 0.859913
0 0.609494 0.576457 0.613417 0.553417 0.601677 0.5471 0.597754 0.570139
0 0.407287 0.976921 0.413146 0.949604 0.401139 0.941465 0.39528 0.968782
0 0.826436 0.636146 0.825189 0.612958 0.800135 0.617215 0.801381 0.640402
0 0.300224 0.542248 0.305146 0.518359 0.292754 0.510289 0.287831 0.534177
0 0.15238 0.81057 0.153697 0.787477 0.137553 0.784568 0.136236 0.807661
0 0.349267 0.788839 0.355529 0.764871 0.344605 0.75585 0.338343 0.779818
0 0.405027 0.904432 0.409318 0.882234 0.399419 0.876186 0.395128 0.898384
0 0.607769 0.656429 0.609233 0.637637 0.599777 0.635309 0.598313 0.654101
0 0.650747 0.962038 0.652476 0.939917 0.636184 0.935893 0.634455 0.958013
0 0.571187 0.612526 0.57437 0.590323 0.563879 0.58557 0.560696 0.607773
0 0.513724 0.775669 0.526562 0.762525 0.514837 0.726334 0.502 0.739478
0 0.456524 0.921321 0.465295 0.905305 0.454515 0.886647 0.445744 0.902662
0 0.86525 0.801674 0.872102 0.778973 0.857257 0.76481 0.850404 0.787511
0 0.299691 1.0062 0.304156 0.984371 0.293743 0.977638 0.289278 0.999464
0 0.738975 0.706403 0.743875 0.690013 0.73173 0.678537 0.72683 0.694927
0 0.691709 0.530423 0.690896 0.505968 0.676297 0.507502 0.67711 0.531956
0 0.729274 0.608474 0.729884 0.591297 0.715319 0.58966 0.714708 0.606838
0 0.338412 0.604769 0.340556 0.578998 0.327345 0.575524 0.325201 0.601295
0 0.649055 0.944802 0.651522 0.922382 0.63841 0.917823 0.635944 0.940243
0 0.506843 0.777864 0.514544 0.756629 0.502302 0.742598 0.494601 0.763833
0 0.334336 0.735156 0.340368 0.711653 0.329306 0.702681 0.323274 0.726184
0 0.110128 0.820853 0.114599 0.800246 0.103424 0.792583 0.0989527 0.81319
0 0.293346 0.990774 0.297635 0.966635 0.288058 0.961257 0.28377 0.985397
0 0.176308 1.01116 0.183466 0.985494 0.169942 0.973572 0.162783 0.999238
0 0.479874 0.645964 0.479955 0.626288 0.467382 0.626125 0.467301 0.6458
0 0.0854093 0.782211 0.0899573 0.75641 0.0751971 0.748187 0.0706492 0.773988
0 0.841552 0.6384 0.84477 0.620519 0.825035 0.609296 0.821818 0.627177
0 0.640866 0.974921 0.643223 0.951183 0.627771 0.946334 0.625414 0.970072
0 0.308943 0.657324 0.31143 0.611302 0.284029 0.606622 0.281542 0.652644
0 0.500104 0.731501 0.503721 0.706941 0.492355 0.701651 0.488738 0.726211
0 0.436665 0.953395 0.441611 0.925813 0.430348 0.91943 0.425402 0.947012
0 0.0445006 0.872641 0.0544237 0.843441 0.0432956 0.831489 0.0333725 0.86069
0 0.632243 0.716021 0.63428 0.697534 0.623275 0.693702 0.621238 0.712189
0 0.495705 0.544786 0.497282 0.525838 0.486491 0.523 0.484914 0.541948
0 0.627473 0.867554 0.62966 0.842822 0.60828 0.836845 0.606093 0.861577
0 0.695557 0.673183 0.698906 0.65558 0.690229 0.650363 0.68688 0.667966
0 0.44398 1.00728 0.451922 0.970251 0.436264 0.959637 0.428322 0.996664
0 0.746896 0.76074 0.747611 0.734679 0.735798 0.733654 0.735083 0.759715
0 0.660119 0.726182 0.663842 0.70783 0.654918 0.702108 0.651195 0.720461
0 0.699346 0.833243 0.703855 0.817815 0.693306 0.808069 0.688797 0.823498
0 0.284877 0.808252 0.288145 0.76728 0.26591 0.761676 0.262642 0.802647
0 0.738102 0.7164 0.747128 0.702874 0.73567 0.67871 0.726644 0.692237
0 0.749527 0.616442 0.751027 0.597986 0.737931 0.594624 0.736431 0.613079
0 0.347044 0.486486 0.355266 0.464341 0.344427 0.451622 0.336205 0.473766
0 0.399882 0.719799 0.40269 0.698015 0.393054 0.694089 0.390246 0.715873
0 0.254628 0.85669 0.257276 0.826827 0.235865 0.820825 0.233216 0.850688
0 0.533921 0.852483 0.538544 0.832846 0.526738 0.824062 0.522115 0.843699
0 0.658569 0.787748 0.660562 0.763645 0.646112 0.759869 0.644119 0.783972
0 0.308722 0.511364 0.31444 0.485249 0.297871 0.473784 0.292154 0.499899
0 0.572346 0.546479 0.573615 0.529953 0.562777 0.527324 0.561509 0.543851
0 0.598979 0.701562 0.600762 0.682369 0.590517 0.679361 0.588734 0.698554
0 0.226943 0.81748 0.250042 0.795402 0.242637 0.770913 0.219537 0.792991
0 0.863279 0.771891 0.87222 0.755083 0.856618 0.728853 0.847677 0.745662
0 0.300257 0.839646 0.302688 0.815628 0.28929 0.811342 0.286859 0.83536
0 0.521944 0.630043 0.5244 0.613023 0.513381 0.607997 0.510924 0.625016
0 0.557725 0.936029 0.564623 0.915074 0.551454 0.901374 0.544557 0.922329
0 0.2222 0.879815 0.230248 0.85052 0.216309 0.838418 0.208262 0.867713
0 0.517675 0.924146 0.524535 0.909497 0.512411 0.891553 0.505551 0.906202
0 0.839098 0.655018 0.842424 0.637135 0.826052 0.627511 0.822726 0.645394
0 0.205155 0.759146 0.21643 0.734435 0.206358 0.719912 0.195084 0.744623
0 0.545316 0.9229 0.547779 0.900017 0.536165 0.896065 0.533702 0.918948
0 0.407648 0.699683 0.410014 0.680778 0.398995 0.676421 0.39663 0.695326
0 0.383983 0.606421 0.386066 0.590754 0.378551 0.587596 0.376468 0.603263
0 0.481575 0.680906 0.483641 0.65663 0.472012 0.653502 0.469946 0.677777
0 0.767778 0.699333 0.795204 0.675118 0.787104 0.646124 0.759678 0.67034
0 0.141148 0.838045 0.143976 0.808243 0.127383 0.803268 0.124556 0.83307
0 0.655131 0.839683 0.658795 0.819038 0.647868 0.812908 0.644204 0.833553
0 0.588786 0.67912 0.591224 0.660693 0.580303 0.656126 0.577865 0.674553
0 0.664164 0.807457 0.666243 0.788733 0.655556 0.784984 0.653477 0.803707
0 0.0149638 0.644466 0.0288521 0.621415 0.0196733 0.603937 0.00578506 0.626989
0 0.606429 0.968953 0.611585 0.940232 0.595446 0.931074 0.59029 0.959795
0 0.592057 0.753959 0.594319 0.73586 0.583435 0.731561 0.581173 0.74966
0 0.734439 0.828411 0.736266 0.800095 0.720584 0.796897 0.718757 0.825213
0 0.271325 1.00246 0.27071 0.980516 0.252433 0.982136 0.253049 1.00408
0 0.495992 0.788687 0.498265 0.76884 0.48666 0.76464 0.484387 0.784486
0 0.179526 0.57582 0.180432 0.546122 0.163876 0.544526 0.16297 0.574224
0 0.0398542 0.887808 0.0553697 0.861717 0.0462625 0.8446 0.0307469 0.870691
0 0.622543 0.959566 0.642581 0.902511 0.615613 0.872577 0.595575 0.929632
0 0.620415 0.746828 0.621729 0.730039 0.611275 0.727452 0.60996 0.744241
0 0.36482 0.576834 0.37014 0.557529 0.36015 0.548828 0.35483 0.568134
0 0.736293 0.628511 0.737552 0.610501 0.726139 0.607978 0.724879 0.625988
0 0.678128 0.733871 0.679175 0.715753 0.668037 0.713718 0.66699 0.731836
0 0.762582 1.01674 0.77145 0.963635 0.733547 0.943628 0.724678 0.99673
0 0.225396 0.66668 0.227457 0.642496 0.21287 0.638567 0.210809 0.662752
0 0.721365 0.752564 0.725807 0.733491 0.713165 0.724184 0.708722 0.743257
0 0.43914 0.56125 0.440386 0.541735 0.429463 0.539532 0.428218 0.559047
0 0.682975 0.630869 0.686173 0.613636 0.678005 0.608846 0.674807 0.62608
0 0.624529 0.885019 0.627867 0.859299 0.605934 0.850301 0.602596 0.876021
0 0.613509 0.814514 0.615165 0.791509 0.604217 0.789019 0.602561 0.812024
0 0.338333 0.678179 0.347629 0.660146 0.337272 0.64327 0.327975 0.661303
0 0.397213 0.921806 0.401553 0.903904 0.391915 0.896519 0.387575 0.914422
0 0.544574 0.50132 0.546809 0.480268 0.536827 0.476918 0.534592 0.49797
0 0.673505 1.03777 0.836937 0.864291 0.800151 0.754759 0.636719 0.928234
0 0.426942 0.629687 0.428407 0.608757 0.417488 0.606341 0.416023 0.627271
0 0.548187 0.565104 0.550523 0.548049 0.540505 0.543712 0.538169 0.560767
0 0.282921 0.976813 0.287033 0.948661 0.271485 0.941484 0.267374 0.969637
0 0.305352 0.616453 0.30945 0.591557 0.294706 0.583888 0.290608 0.608784
0 0.311495 0.931939 0.316057 0.906164 0.305485 0.900249 0.300923 0.926024
0 0.736414 0.680583 0.740378 0.665303 0.730448 0.657163 0.726485 0.672443
0 0.340067 0.988166 0.341102 0.966743 0.330046 0.965055 0.32901 0.986477
0 0.340832 0.823763 0.352146 0.792903 0.330826 0.768199 0.319511 0.799059
0 0.692112 0.899499 0.692457 0.864195 0.67078 0.863526 0.670435 0.89883
0 0.648297 0.842565 0.650523 0.822508 0.640455 0.818975 0.638228 0.839032
0 0.595027 0.93344 0.597362 0.912169 0.585829 0.908167 0.583494 0.929439
0 0.345419 0.530874 0.347771 0.514433 0.336374 0.509282 0.334023 0.525723
0 0.704808 0.876579 0.705757 0.852896 0.692037 0.851159 0.691088 0.874842
0 0.172226 0.301597 0.170484 0.259141 0.150617 0.261718 0.15236 0.304173
0 0.563474 0.770116 0.566281 0.747566 0.553777 0.742646 0.55097 0.765196
0 0.551847 0.944655 0.555957 0.928651 0.541936 0.917272 0.537826 0.933276
0 0.608696 0.786121 0.609444 0.770392 0.600168 0.768996 0.599419 0.784725
0 0.476791 0.791649 0.479411 0.774062 0.464092 0.766849 0.461472 0.784435
0 0.252483 0.776378 0.260841 0.753956 0.252602 0.744249 0.244244 0.766671
0 0.695566 0.591365 0.698496 0.557317 0.677604 0.551636 0.674674 0.585683
0 0.623105 0.817009 0.625798 0.798063 0.614128 0.79282 0.611435 0.811767
0 0.490521 0.66543 0.493573 0.645906 0.481461 0.639922 0.478409 0.659447
0 0.0883573 0.586643 0.0860067 0.552183 0.0567036 0.5585 0.0590542 0.59296
0 0.345831 0.70292 0.353224 0.683373 0.344537 0.672988 0.337144 0.692535
0 0.298318 0.928647 0.308308 0.89977 0.298299 0.888827 0.288309 0.917705
0 0.711141 0.619018 0.71249 0.59888 0.699616 0.596154 0.698266 0.616292
0 0.132123 0.839731 0.141791 0.800607 0.114263 0.779107 0.104595 0.818231
0 0.37305 0.993873 0.37534 0.971778 0.363179 0.967795 0.360889 0.98989
0 0.564283 0.936114 0.574579 0.915474 0.566536 0.902795 0.55624 0.923435
0 0.314635 0.609417 0.317891 0.586161 0.301749 0.579018 0.298493 0.602274
0 0.575797 0.674148 0.57732 0.651869 0.564444 0.649088 0.562921 0.671367
0 0.482504 0.706581 0.484725 0.686664 0.47304 0.682546 0.470819 0.702463
0 0.465502 0.578408 0.468273 0.55979 0.458431 0.555161 0.45566 0.573779
0 0.127663 0.743357 0.130464 0.72168 0.108968 0.7129 0.106167 0.734577
0 0.125278 0.842549 0.135033 0.816496 0.116415 0.794462 0.10666 0.820516
0 0.336753 0.550815 0.339461 0.533736 0.327445 0.527714 0.324737 0.544794
0 0.724774 0.702539 0.728397 0.686685 0.718757 0.679724 0.715135 0.695578
0 0.761527 0.680005 0.776106 0.656954 0.767978 0.640705 0.753399 0.663755
0 0.00870103 0.944743 0.0318227 0.894936 0.0156198 0.871163 -0.00750185 0.920971
0 0.414463 0.578351 0.419685 0.558185 0.409306 0.549692 0.404084 0.569857
0 0.429583 0.993961 0.432707 0.95 0.413869 0.94577 0.410745 0.989731
0 0.344137 0.744998 0.346578 0.725871 0.336859 0.72195 0.334417 0.741077
0 0.549392 0.763085 0.550991 0.746754 0.540821 0.743605 0.539221 0.759936
0 0.446984 0.595151 0.452157 0.576277 0.443563 0.568831 0.438389 0.587705
0 0.673488 0.748771 0.677797 0.72762 0.669123 0.722036 0.664815 0.743187
0 0.673557 0.673329 0.675967 0.653403 0.665201 0.649288 0.662791 0.669213
0 0.183237 0.978847 0.189153 0.950283 0.176166 0.941782 0.17025 0.970347
0 0.503142 0.866907 0.512013 0.81013 0.483197 0.7959 0.474326 0.852677
0 0.388275 0.653519 0.389597 0.638256 0.380655 0.635807 0.379332 0.651071
0 0.883611 0.757331 0.886864 0.727151 0.871134 0.721791 0.867881 0.751971
0 0.501462 0.90192 0.50617 0.870393 0.488667 0.862132 0.483959 0.893659
0 0.675641 0.882536 0.685493 0.845364 0.658766 0.822977 0.648914 0.86015
0 0.61952 0.675142 0.620739 0.65634 0.611053 0.654357 0.609835 0.673158
0 0.63782 0.665805 0.642661 0.649289 0.632374 0.63976 0.627534 0.656277
0 0.36066 0.584409 0.362698 0.56311 0.353076 0.5602 0.351037 0.581499
0 0.438527 0.583971 0.44399 0.565793 0.436024 0.558227 0.430561 0.576405
0 0.698074 0.704072 0.700092 0.687519 0.690626 0.683872 0.688608 0.700425
0 0.309977 0.585012 0.31328 0.564291 0.303161 0.559193 0.299858 0.579915
0 0.429158 0.662942 0.435607 0.633564 0.42634 0.627135 0.419891 0.656513
0 0.381119 0.644203 0.381431 0.625758 0.370203 0.625157 0.36989 0.643602
0 0.502749 0.869195 0.507457 0.82607 0.479573 0.816449 0.474865 0.859574
0 0.528444 0.911285 0.532856 0.888548 0.518751 0.879898 0.514339 0.902635
0 0.537983 0.583529 0.540186 0.566151 0.52809 0.561306 0.525888 0.578685
0 0.656445 1.00678 0.666657 0.97958 0.65348 0.963942 0.643268 0.991137
0 0.196929 0.842434 0.203012 0.821604 0.193191 0.81254 0.187108 0.83337
0 0.0995341 0.881703 0.104481 0.855555 0.0914344 0.847754 0.0864872 0.873902
0 0.276886 0.766862 0.27852 0.747534 0.26664 0.74436 0.265006 0.763688
0 0.39552 0.907069 0.398696 0.885381 0.387947 0.880406 0.384771 0.902094
0 0.696803 0.610356 0.699014 0.592056 0.687956 0.587834 0.685745 0.606134
0 0.758694 0.735834 0.765758 0.711685 0.75361 0.700455 0.746546 0.724604
0 0.359315 0.613412 0.36313 0.595359 0.353935 0.589218 0.35012 0.607271
0 0.471612 0.604043 0.474428 0.585197 0.465226 0.580852 0.462411 0.599699
0 0.370444 1.00684 0.371195 0.986997 0.358819 0.985517 0.358068 1.00536
0 0.523332 0.699627 0.526005 0.680405 0.515084 0.675606 0.512411 0.694827
0 0.542971 0.841817 0.547516 0.817601 0.536789 0.811237 0.532243 0.835453
0 0.0212531 0.992488 0.0255287 0.933426 -0.00489704 0.926465 -0.00917264 0.985527
0 0.575611 0.851743 0.580468 0.825952 0.56958 0.819471 0.564723 0.845263
0 0.518692 0.848211 0.522164 0.821882 0.510886 0.817182 0.507414 0.843511
0 0.266421 0.647427 0.267744 0.609658 0.251193 0.607826 0.24987 0.645594
0 0.0211685 0.844365 0.0303785 0.821816 0.0208446 0.809509 0.0116346 0.832059
0 0.320041 0.954276 0.324355 0.934983 0.313789 0.927515 0.309474 0.946809
0 0.993747 0.658477 0.997185 0.632399 0.977331 0.624128 0.973893 0.650206
0 0.337017 0.882428 0.341984 0.860507 0.330565 0.852329 0.325598 0.874251
0 0.636816 0.877727 0.639084 0.857424 0.627872 0.853465 0.625604 0.873768
0 0.495179 0.565545 0.496505 0.545767 0.485071 0.543344 0.483745 0.563122
0 0.14147 0.715348 0.146142 0.697588 0.136708 0.689746 0.132037 0.707505
0 0.446466 0.92308 0.451598 0.89831 0.441374 0.891615 0.436241 0.916385
0 0.56942 0.844665 0.574543 0.816186 0.561325 0.808672 0.556203 0.837152
0 0.585501 0.805156 0.587678 0.787649 0.577272 0.78356 0.575096 0.801067
0 0.567609 0.53205 0.569894 0.513475 0.559956 0.509613 0.557671 0.528188
0 0.764235 0.683485 0.770742 0.656201 0.758781 0.647185 0.752274 0.67447
0 0.848193 0.79373 0.856455 0.770468 0.84341 0.755825 0.835148 0.779087
0 0.339514 0.799646 0.344447 0.778432 0.328628 0.766805 0.323694 0.788018
0 0.381507 0.732753 0.382267 0.714069 0.370138 0.712508 0.369377 0.731192
0 0.444306 0.668048 0.447606 0.642373 0.435243 0.637351 0.431943 0.663025
0 0.663776 0.756256 0.667922 0.737112 0.659428 0.731297 0.655282 0.750441
0 0.706188 0.669984 0.712546 0.647826 0.696868 0.633609 0.690511 0.655767
0 0.612369 0.738975 0.614206 0.719801 0.604092 0.716739 0.602255 0.735912
0 0.123079 0.894036 0.131013 0.866421 0.117062 0.853753 0.109128 0.881368
0 0.0755197 0.850204 0.0774083 0.828437 0.0648683 0.824999 0.0629797 0.846765
0 0.49654 0.583057 0.498587 0.566493 0.489216 0.562832 0.487168 0.579395
0 0.672886 0.771096 0.675141 0.754055 0.665417 0.749988 0.663162 0.767029
0 0.411432 0.460043 0.417672 0.437411 0.407056 0.42816 0.400816 0.450792
0 0.318294 0.930057 0.322354 0.905429 0.310468 0.899237 0.306409 0.923866
0 0.362902 0.806191 0.369499 0.779039 0.358458 0.770561 0.351861 0.797714
0 0.646298 0.853183 0.649099 0.833401 0.639956 0.829308 0.637154 0.84909
0 0.608644 0.910049 0.613033 0.886225 0.598818 0.877949 0.594429 0.901773
0 0.59024 0.712866 0.593161 0.697733 0.584123 0.692218 0.581202 0.707351
0 0.40698 0.682973 0.409094 0.665047 0.400507 0.661847 0.398393 0.679773
0 0.611364 0.76117 0.613205 0.745949 0.603777 0.742347 0.601937 0.757567
0 0.580471 0.722964 0.585068 0.702833 0.575895 0.696213 0.571298 0.716343
0 0.501463 0.894539 0.504729 0.858371 0.482795 0.852112 0.479529 0.888279
0 0.733458 0.731583 0.73533 0.709377 0.721073 0.705578 0.719201 0.727784
0 0.51703 0.75364 0.52495 0.73001 0.509128 0.713248 0.501207 0.736878
0 0.189473 0.831729 0.196635 0.805661 0.184567 0.795182 0.177405 0.82125
0 0.059613 0.852172 0.0612828 0.830775 0.0500872 0.828014 0.0484174 0.849411
0 0.396847 0.488713 0.400962 0.465257 0.389683 0.459003 0.385568 0.482459
0 0.643851 0.843291 0.648346 0.826449 0.638335 0.818005 0.63384 0.834847
0 0.36341 0.573994 0.365201 0.552773 0.353075 0.549538 0.351284 0.570759
0 0.397356 0.559553 0.399397 0.541085 0.387378 0.536886 0.385336 0.555354
0 0.331156 0.715515 0.342534 0.692612 0.333279 0.678081 0.321901 0.700984
0 0.446083 0.569144 0.448383 0.553112 0.439904 0.549267 0.437604 0.565299
0 0.18271 0.851148 0.185181 0.827522 0.172299 0.823263 0.169828 0.84689
0 0.172273 0.828065 0.174717 0.806853 0.162383 0.80236 0.159938 0.823573
0 0.0334454 0.669356 0.0346889 0.633552 0.0121111 0.631073 0.0108676 0.666877
0 0.683571 0.555422 0.683958 0.537393 0.671451 0.536545 0.671065 0.554574
0 0.711307 0.774782 0.713001 0.755813 0.699546 0.752015 0.697852 0.770984
0 0.731125 0.857299 0.744478 0.831932 0.733478 0.813633 0.720125 0.838999
0 0.122365 0.79158 0.130182 0.765314 0.1162 0.752163 0.108383 0.77843
0 0.862931 0.844073 0.875627 0.805981 0.854918 0.784166 0.842222 0.822258
0 0.371527 0.59387 0.376051 0.574883 0.367295 0.56829 0.362771 0.587277
0 0.0677228 0.902009 0.0755736 0.875769 0.0645355 0.865331 0.0566847 0.891571
0 0.396431 0.749595 0.398417 0.729294 0.387305 0.725857 0.385319 0.746158
0 0.237931 0.754574 0.243597 0.719562 0.219644 0.707312 0.213978 0.742324
0 0.642842 0.715313 0.647107 0.699008 0.637217 0.69083 0.632951 0.707134
0 0.578999 0.732608 0.579679 0.712795 0.568246 0.711555 0.567566 0.731369
0 0.313232 0.740721 0.315319 0.723954 0.302565 0.718936 0.300478 0.735703
0 0.689496 0.655357 0.691244 0.63834 0.680442 0.634831 0.678693 0.651848
0 0.72196 0.83025 0.723338 0.811074 0.711708 0.808431 0.710329 0.827607
0 0.383853 1.00199 0.384907 0.97822 0.371154 0.976294 0.3701 1.00006
0 0.364034 0.654262 0.366515 0.63335 0.355377 0.629174 0.352897 0.650087
0 0.714433 0.710197 0.718077 0.693679 0.708708 0.687146 0.705064 0.703665
0 0.700789 0.632637 0.702431 0.61634 0.692533 0.613187 0.69089 0.629484
0 0.365047 0.666005 0.369316 0.650034 0.358231 0.640667 0.353961 0.656639
0 0.197544 0.731218 0.200588 0.710081 0.188921 0.704772 0.185878 0.725908
0 0.603513 0.539248 0.605143 0.521301 0.589207 0.516728 0.587577 0.534674
0 0.550968 0.729317 0.553999 0.703188 0.540925 0.698394 0.537893 0.724523
0 0.240382 0.728237 0.241987 0.660222 0.204962 0.657461 0.203357 0.725475
0 0.321517 0.896958 0.326746 0.871291 0.315171 0.863838 0.309942 0.889505
0 0.250161 0.661349 0.254449 0.625672 0.235122 0.618331 0.230834 0.654007
0 0.379795 0.555392 0.380242 0.537347 0.369646 0.536519 0.369199 0.554563
0 0.71325 0.782999 0.715061 0.763254 0.70238 0.759578 0.700569 0.779323
0 0.225523 0.972387 0.227257 0.939619 0.19997 0.935057 0.198237 0.967825
0 0.572481 0.745567 0.577011 0.723679 0.566698 0.716933 0.562168 0.738821
0 0.242174 0.77612 0.248809 0.75093 0.238203 0.742102 0.231568 0.767291
0 0.755749 0.552448 0.757911 0.52967 0.738771 0.523928 0.736609 0.546706
0 0.647844 0.885033 0.655749 0.855384 0.644358 0.845785 0.636453 0.875434
0 0.807622 0.67284 0.809133 0.648815 0.791657 0.645341 0.790145 0.669366
0 0.738984 0.822106 0.740707 0.793911 0.722239 0.790344 0.720516 0.81854
0 0.423487 0.595953 0.427394 0.573932 0.417075 0.568146 0.413169 0.590167
0 0.347821 0.99184 0.349724 0.964141 0.336551 0.961281 0.334648 0.988979
0 0.709985 0.597857 0.711429 0.576405 0.697104 0.573357 0.695659 0.594809
0 0.596268 0.767963 0.59712 0.751846 0.58626 0.750032 0.585408 0.766149
0 0.338657 0.687388 0.34199 0.66418 0.328975 0.658273 0.325642 0.681481
0 0.440529 0.895693 0.443444 0.866302 0.428104 0.861493 0.425189 0.890885
0 0.413981 1.0043 0.414713 0.985725 0.404224 0.984419 0.403491 1.00299
0 0.113014 0.730965 0.118043 0.704199 0.105507 0.696755 0.100478 0.72352
0 0.408997 0.871658 0.40933 0.829121 0.395628 0.828783 0.395295 0.871319
0 0.62269 0.594562 0.62551 0.576078 0.616168 0.571573 0.613348 0.590058
0 0.639413 0.911217 0.648792 0.891899 0.633951 0.869124 0.624571 0.888442
0 0.722492 0.814356 0.724835 0.791291 0.712825 0.787436 0.710482 0.810501
0 0.89282 0.695768 0.90399 0.675162 0.882768 0.638802 0.871597 0.659408
0 0.120204 0.92672 0.126377 0.891422 0.106507 0.880439 0.100333 0.915737
0 0.340072 0.617724 0.34394 0.598389 0.333819 0.59199 0.329951 0.611326
0 0.00992988 0.772155 0.0150554 0.735779 0.000335663 0.729224 -0.00478989 0.7656
0 0.371036 0.554498 0.376219 0.532458 0.366399 0.525159 0.361216 0.547198
0 0.522944 0.820819 0.525496 0.797498 0.513869 0.793477 0.511317 0.816798
0 0.131672 1.00718 0.134318 0.982445 0.115396 0.976048 0.11275 1.00078
0 0.739431 0.581599 0.740986 0.561027 0.729852 0.558367 0.728297 0.578938
0 0.0187236 1.00877 0.0194418 0.978728 -0.000566855 0.977216 -0.00128502 1.00725
0 0.732027 0.60753 0.732942 0.591325 0.719801 0.588981 0.718886 0.605186
0 0.0656612 0.837472 0.0674127 0.813881 0.0551311 0.810999 0.0533797 0.83459
0 0.184261 0.98079 0.195104 0.95492 0.183639 0.939731 0.172795 0.965601
0 0.543229 0.529979 0.546431 0.513876 0.534894 0.506624 0.531691 0.522727
0 0.281979 0.864286 0.290325 0.820636 0.273757 0.810625 0.265411 0.854274
0 0.0885769 0.616319 0.124018 0.584439 0.114126 0.549685 0.0786854 0.581565
0 0.130058 0.738237 0.134214 0.709595 0.11705 0.701723 0.112894 0.730365
0 0.603259 0.981082 0.606275 0.944301 0.589701 0.940005 0.586684 0.976786
0 0.513312 0.554778 0.515355 0.532791 0.50276 0.529092 0.500717 0.551079
0 0.849764 0.699149 0.85903 0.679347 0.839669 0.650715 0.830403 0.670517
0 0.575281 0.774942 0.577138 0.751314 0.564043 0.748062 0.562186 0.771689
0 0.812711 0.672452 0.814537 0.653601 0.795708 0.647837 0.793883 0.666688
0 0.688464 0.623013 0.69139 0.60889 0.682501 0.603068 0.679574 0.617191
0 0.750724 0.8335 0.75561 0.808837 0.738063 0.797849 0.733176 0.822513
0 0.317573 0.806196 0.328627 0.775652 0.319078 0.764731 0.308025 0.795275
0 0.300966 0.576566 0.303793 0.554351 0.291091 0.549242 0.288263 0.571456
0 0.323195 0.662581 0.328154 0.616808 0.293417 0.604915 0.288458 0.650689
0 0.241712 0.611083 0.243419 0.590237 0.227822 0.586202 0.226116 0.607049
0 0.596821 0.830006 0.599717 0.814978 0.589487 0.808747 0.586591 0.823775
0 0.0366048 0.953054 0.0436099 0.903355 0.0171341 0.891561 0.0101291 0.94126
0 0.598314 0.893878 0.60758 0.870997 0.593319 0.852743 0.584053 0.875623
0 0.41205 0.593744 0.413843 0.576306 0.404414 0.573241 0.40262 0.590679
0 0.391858 0.62295 0.393213 0.606811 0.384411 0.604475 0.383056 0.620614
0 0.371228 0.606757 0.374709 0.59197 0.36673 0.586034 0.363249 0.60082
0 0.384778 0.542685 0.392162 0.522311 0.383593 0.512496 0.376209 0.53287
0 0.336884 0.478339 0.34168 0.457892 0.330294 0.449451 0.325498 0.469898
0 0.310945 0.997385 0.318866 0.967516 0.309733 0.95986 0.301811 0.989729
0 0.0415779 0.617175 0.0806515 0.538182 0.0527201 0.494516 0.0136465 0.573509
