0 0.38942 0.967771 0.387254 0.858687 0.322531 0.86275 0.324697 0.971834
0 0.436238 0.585479 0.438349 0.535037 0.409604 0.531234 0.407492 0.581676
0 0.532807 0.999808 0.547613 0.941815 0.512268 0.913295 0.497462 0.971288
0 0.325265 0.934563 0.329216 0.895824 0.30668 0.888559 0.302729 0.927298
0 0.988997 1.07728 1.02656 0.857982 0.812959 0.742336 0.775392 0.961635
0 0.476684 0.980318 0.46805 0.881902 0.419576 0.895344 0.42821 0.993759
0 0.81714 0.761232 0.822148 0.703199 0.801012 0.697435 0.796004 0.755467
0 0.302735 0.890353 0.301764 0.841168 0.271634 0.843048 0.272605 0.892233
0 0.288352 0.948438 0.315938 0.893452 0.297679 0.864501 0.270093 0.919486
0 0.832858 0.703759 0.841243 0.66531 0.825416 0.654401 0.817031 0.692851
0 0.46335 0.856623 0.465897 0.817232 0.445002 0.812963 0.442455 0.852354
0 0.467722 1.00621 0.513798 0.994987 0.502905 0.85361 0.456829 0.86483
0 0.888777 0.699705 0.899078 0.639601 0.861896 0.61946 0.851595 0.679564
0 0.331713 0.899499 0.338337 0.829508 0.309415 0.820856 0.302791 0.890847
0 0.497042 0.819122 0.499451 0.789045 0.482661 0.784795 0.480252 0.814873
0 0.830992 0.660932 0.829084 0.636375 0.806211 0.64199 0.808119 0.666547
0 0.841144 0.572373 0.843189 0.524671 0.802941 0.51922 0.800897 0.566922
0 0.324837 0.969945 0.340067 0.927067 0.322618 0.90748 0.307388 0.950358
0 0.0598103 0.794776 0.0631224 0.759716 0.0337703 0.750952 0.0304582 0.786013
0 0.0586494 0.813909 0.0581153 0.790327 0.0431645 0.791398 0.0436986 0.814979
0 0.171699 1.00185 0.191165 0.984488 0.184294 0.960137 0.164827 0.977499
0 0.522249 0.932504 0.531227 0.905819 0.519256 0.893089 0.510277 0.919773
0 0.377241 1.00884 0.396142 0.955859 0.373647 0.930498 0.354747 0.98348
0 0.0175144 1.03954 0.0915556 0.94928 0.0531579 0.849731 -0.0208834 0.939991
0 0.333195 0.763892 0.345887 0.733193 0.331493 0.714385 0.318801 0.745085
0 0.468887 0.890621 0.482647 0.852129 0.465718 0.833 0.451957 0.871493
0 0.288679 0.858378 0.31399 0.837493 0.307224 0.811576 0.281912 0.832461
0 0.389548 0.847788 0.402445 0.820916 0.391633 0.804516 0.378736 0.831388
0 0.42668 0.999973 0.436228 0.96254 0.422679 0.951618 0.413132 0.989052
0 0.0279289 0.842464 0.0438333 0.818109 0.0336562 0.797105 0.0177519 0.82146
0 0.765949 0.746976 0.776463 0.725394 0.760864 0.701376 0.75035 0.722958
0 0.422826 0.740533 0.425617 0.712935 0.40859 0.707493 0.405799 0.735091
0 0.783245 1.05405 0.839585 0.963134 0.756174 0.799769 0.699833 0.890685
0 0.220523 0.9572 0.231038 0.92346 0.219653 0.912246 0.209138 0.945986
0 0.0779226 0.76258 0.0957787 0.718111 0.0789325 0.696732 0.0610764 0.7412
0 0.609101 1.01164 0.62231 0.975481 0.605806 0.956427 0.592597 0.992584
0 0.193429 0.977179 0.207403 0.956959 0.198963 0.938525 0.184989 0.958745
0 0.568753 0.990034 0.590046 0.971319 0.574643 0.915931 0.55335 0.934645
0 0.563958 0.987314 0.565281 0.945016 0.54517 0.943027 0.543847 0.985325
0 0.495187 0.842796 0.496491 0.819267 0.482002 0.81673 0.480698 0.840259
0 0.0587432 0.742174 0.060087 0.716578 0.0443585 0.713968 0.0430147 0.739565
0 0.412701 0.929137 0.417138 0.904258 0.40558 0.897742 0.401143 0.922621
0 0.4014 0.767536 0.402824 0.749106 0.391971 0.746455 0.390546 0.764884
0 0.0790274 0.791097 0.0813083 0.755504 0.061414 0.751474 0.0591331 0.787067
0 0.294487 0.962768 0.314172 0.932152 0.302285 0.907995 0.2826 0.938611
0 0.497835 0.860899 0.498299 0.838147 0.480814 0.83702 0.48035 0.859771
0 0.590167 1.00331 0.588903 0.975831 0.561873 0.979762 0.563138 1.00724
0 0.79724 0.75124 0.80169 0.708129 0.78016 0.701107 0.775711 0.744218
0 0.607745 0.98025 0.600625 0.911458 0.578033 0.918849 0.585153 0.987641
0 0.536199 0.911419 0.539959 0.883912 0.525334 0.877595 0.521575 0.905101
0 0.419198 0.903067 0.421457 0.875542 0.405952 0.871521 0.403693 0.899046
0 0.277808 0.534301 0.285517 0.506462 0.26681 0.490091 0.259102 0.51793
0 0.532744 0.812237 0.537237 0.79139 0.52025 0.779821 0.515758 0.800668
0 0.527223 0.868073 0.52983 0.83955 0.513582 0.834858 0.510975 0.86338
0 0.392049 1.00966 0.403395 0.978867 0.392514 0.966194 0.381167 0.996986
0 0.404803 0.911885 0.410061 0.876568 0.391319 0.867749 0.386061 0.903066
0 0.780623 0.774689 0.788555 0.751314 0.768789 0.730117 0.760857 0.753492
0 0.243758 0.846538 0.244791 0.826668 0.233456 0.824805 0.232423 0.844676
0 0.483251 0.82836 0.485066 0.80242 0.47109 0.799328 0.469274 0.825268
0 0.627202 0.792792 0.649176 0.738868 0.630485 0.714797 0.608512 0.768722
0 0.484932 0.711756 0.493145 0.691998 0.482415 0.6779 0.474201 0.697658
0 0.559833 0.791598 0.559389 0.756047 0.536151 0.756964 0.536595 0.792514
0 0.613582 0.864106 0.609934 0.824543 0.583287 0.832308 0.586935 0.871871
0 0.044051 0.809449 0.0450164 0.785066 0.0249967 0.782561 0.0240313 0.806944
0 0.426988 0.715725 0.429521 0.69269 0.415917 0.687963 0.413385 0.710997
0 0.370197 0.539924 0.370654 0.50624 0.351559 0.505422 0.351102 0.539106
0 0.850203 0.637257 0.856036 0.609545 0.837005 0.596884 0.831171 0.624595
0 0.555422 0.565553 0.556846 0.521607 0.532497 0.519114 0.531073 0.563061
0 0.737935 0.991084 0.727997 0.905346 0.691629 0.91867 0.701567 1.00441
0 0.55692 1.00362 0.556095 0.978534 0.535686 0.980658 0.536512 1.00574
0 0.32119 0.798925 0.326735 0.753987 0.303051 0.74475 0.297506 0.789688
0 0.00437427 0.659048 0.0532605 0.628732 0.0428179 0.575512 -0.00606835 0.605829
0 0.0215115 0.850167 0.0222362 0.816061 -0.000215335 0.814553 -0.000940061 0.848659
0 0.201285 0.97617 0.211751 0.950479 0.200391 0.935852 0.189925 0.961543
0 0.616813 0.390508 0.619486 0.331144 0.585367 0.326289 0.582694 0.385653
0 0.53036 1.00348 0.529021 0.97635 0.505778 0.979974 0.507117 1.0071
0 0.551111 0.892726 0.547801 0.850323 0.530483 0.854594 0.533793 0.896997
0 0.845615 0.537191 0.85 0.513589 0.83023 0.501981 0.825845 0.525583
0 0.622607 0.618084 0.621294 0.58409 0.601914 0.586456 0.603226 0.620449
0 0.42097 0.7821 0.423014 0.757671 0.407772 0.75364 0.405728 0.778069
0 0.391024 0.674014 0.400376 0.650212 0.390565 0.638029 0.381213 0.661832
0 0.390569 0.882384 0.389345 0.83592 0.359218 0.83843 0.360442 0.884894
0 0.269359 0.839886 0.273146 0.815211 0.263452 0.810509 0.259665 0.835184
0 0.277886 0.969401 0.285992 0.924542 0.259168 0.909223 0.251062 0.954081
0 0.759208 0.563494 0.762469 0.544611 0.75001 0.53781 0.746748 0.556693
0 0.264603 0.995935 0.292616 0.973673 0.286032 0.94749 0.25802 0.969753
0 0.361212 1.00917 0.36428 0.971141 0.331547 0.962794 0.328479 1.00083
0 0.544279 0.619641 0.571394 0.593924 0.561771 0.561859 0.534656 0.587577
0 0.620535 0.976185 0.630446 0.954659 0.61583 0.933388 0.605919 0.954914
0 0.174699 0.425306 0.180946 0.38109 0.134281 0.360254 0.128034 0.404471
0 0.608313 0.822249 0.620312 0.800153 0.609796 0.782106 0.597798 0.804201
0 0.412702 0.866848 0.423056 0.819274 0.400326 0.80364 0.389973 0.851215
0 0.613426 0.896989 0.621753 0.853348 0.604091 0.842696 0.595764 0.886337
0 0.512817 0.910693 0.527251 0.885628 0.517093 0.867142 0.50266 0.892207
0 0.439628 0.800197 0.443705 0.782335 0.431019 0.773182 0.426942 0.791045
0 0.565065 0.94306 0.567366 0.897157 0.545421 0.893681 0.54312 0.939583
0 0.477788 0.853978 0.483497 0.823892 0.468985 0.815189 0.463276 0.845274
0 0.425405 0.938757 0.434176 0.902025 0.420603 0.891781 0.411831 0.928513
0 0.238803 0.962081 0.241403 0.940281 0.230011 0.935987 0.227411 0.957787
0 0.0956108 0.995724 0.107401 0.966714 0.0983055 0.955031 0.0865155 0.984041
0 0.43124 0.83959 0.433618 0.81472 0.419812 0.810549 0.417434 0.835418
0 0.404238 0.801183 0.409269 0.768447 0.396501 0.762245 0.391469 0.79498
0 0.183135 0.899456 0.190726 0.878688 0.180685 0.867087 0.173093 0.887855
0 0.301284 0.983007 0.316479 0.955778 0.306072 0.937422 0.290876 0.964651
0 0.260511 0.88229 0.263502 0.863145 0.255299 0.859095 0.252308 0.87824
0 0.120369 1.01072 0.130417 0.988633 0.119252 0.972579 0.109205 0.994662
0 0.946075 0.77183 0.955923 0.743875 0.935662 0.721317 0.925814 0.749272
0 0.574063 0.919578 0.580623 0.899755 0.564194 0.882571 0.557634 0.902393
0 0.634178 1.00589 0.638714 0.968565 0.619435 0.96116 0.614899 0.998484
0 0.1081 0.997295 0.118701 0.967192 0.109451 0.956897 0.0988508 0.987
0 0.0111296 0.818034 0.0117452 0.795466 -0.000879313 0.794377 -0.00149497 0.816946
0 0.0646158 0.766931 0.0676754 0.743219 0.0550902 0.738087 0.0520306 0.761799
0 0.797858 0.769917 0.802484 0.750273 0.789075 0.740294 0.784449 0.759938
0 0.796028 0.728082 0.797463 0.693551 0.777025 0.690866 0.77559 0.725397
0 0.776662 0.809814 0.783053 0.745418 0.724144 0.726941 0.717753 0.791337
0 0.190107 0.937432 0.194007 0.918356 0.183122 0.911323 0.179222 0.930399
0 0.385115 0.749707 0.387735 0.731363 0.371863 0.724197 0.369243 0.742541
0 0.837843 0.743076 0.843501 0.719836 0.831853 0.710874 0.826195 0.734115
0 0.0373858 0.674894 0.0394036 0.643254 0.0232352 0.639995 0.0212174 0.671636
0 0.411966 0.814087 0.416533 0.789326 0.40464 0.782393 0.400073 0.807154
0 0.619888 0.843913 0.621369 0.81938 0.60837 0.816898 0.606888 0.841431
0 0.433034 0.407481 0.433872 0.344988 0.401722 0.343626 0.400884 0.406118
0 0.36237 0.567333 0.365249 0.550965 0.354106 0.544772 0.351227 0.56114
0 0.233546 0.410848 0.235552 0.388516 0.221808 0.384613 0.219801 0.406944
0 0.134098 0.99105 0.14024 0.968726 0.129325 0.959235 0.123183 0.981559
0 0.162051 0.916308 0.174682 0.891741 0.163835 0.874114 0.151204 0.898682
0 0.605276 0.796191 0.622204 0.76111 0.597213 0.722997 0.580285 0.758078
0 0.7563 0.746131 0.757773 0.707946 0.737212 0.70544 0.73574 0.743625
0 0.512718 0.825989 0.514584 0.803786 0.501502 0.800311 0.499636 0.822514
0 0.273988 0.920848 0.284323 0.880103 0.267557 0.866661 0.257221 0.907405
0 0.146912 0.969615 0.153082 0.949405 0.144521 0.941144 0.138351 0.961355
0 0.17972 0.976375 0.188041 0.959188 0.180342 0.947407 0.17202 0.964594
0 0.514908 0.728906 0.518521 0.674897 0.494509 0.669819 0.490895 0.723828
0 0.774542 0.595301 0.7797 0.572243 0.76557 0.562253 0.760412 0.585311
0 0.941251 0.483323 0.942238 0.430602 0.912567 0.428845 0.911579 0.481567
0 0.168858 0.987197 0.176287 0.966283 0.166439 0.955229 0.159011 0.976143
0 0.399253 0.811215 0.406934 0.782472 0.395853 0.773115 0.388173 0.801858
0 0.528211 0.829131 0.53024 0.806337 0.51771 0.802811 0.51568 0.825605
0 0.217121 0.969156 0.224106 0.947365 0.21672 0.939882 0.209735 0.961673
0 0.442153 0.624285 0.453396 0.601511 0.435907 0.574224 0.424664 0.596998
0 0.912841 0.669943 0.916185 0.631768 0.891144 0.624835 0.8878 0.663011
0 0.905784 0.632586 0.903048 0.60722 0.879163 0.615364 0.8819 0.64073
0 0.496439 0.64055 0.501238 0.611786 0.487801 0.604701 0.483003 0.633465
0 0.562247 0.771809 0.573453 0.747067 0.550926 0.714824 0.539721 0.739566
0 0.230476 0.839283 0.234748 0.818264 0.226352 0.812872 0.222081 0.833891
0 0.582143 0.936316 0.5861 0.908887 0.573704 0.903235 0.569747 0.930664
0 0.101715 0.333055 0.117692 0.30792 0.0991907 0.27075 0.0832134 0.295884
0 0.432801 0.704574 0.439944 0.689802 0.428859 0.672861 0.421716 0.687633
0 0.454635 1.00387 0.45437 0.978833 0.435085 0.979478 0.43535 1.00452
0 0.205542 0.899557 0.212356 0.878954 0.20543 0.871714 0.198616 0.892318
0 0.555931 0.879851 0.573227 0.860222 0.556765 0.814377 0.539469 0.834006
0 0.662963 0.382012 0.662901 0.345631 0.640773 0.34575 0.640834 0.382131
0 0.465147 0.759288 0.468813 0.73806 0.458492 0.732426 0.454825 0.753654
0 0.81133 0.539425 0.850363 0.512586 0.839909 0.464536 0.800876 0.491375
0 0.348422 0.721928 0.35084 0.704954 0.340534 0.700314 0.338116 0.717288
0 0.214717 0.996047 0.223528 0.975254 0.216014 0.965191 0.207203 0.985984
0 0.386472 0.81033 0.393335 0.790215 0.383062 0.779138 0.376199 0.799252
0 0.825601 0.787724 0.827655 0.766554 0.814431 0.762497 0.812377 0.783667
0 0.597263 0.838457 0.59141 0.791188 0.57117 0.799108 0.577023 0.846378
0 0.049005 0.764941 0.0529308 0.743095 0.0420072 0.736891 0.0380813 0.758737
0 0.460021 0.702373 0.486901 0.625143 0.454942 0.589986 0.428061 0.667216
0 0.432541 0.661445 0.434468 0.63998 0.420383 0.635985 0.418457 0.65745
0 0.802043 0.645953 0.807309 0.622342 0.787996 0.608727 0.782729 0.632338
0 0.0377039 0.760351 0.0476703 0.73931 0.0376966 0.724379 0.0277302 0.74542
0 0.433579 0.820852 0.437209 0.800009 0.422543 0.791935 0.418912 0.812778
0 0.258351 0.973664 0.262949 0.948671 0.252383 0.942527 0.247785 0.96752
0 0.212241 0.935954 0.216579 0.914553 0.206465 0.908073 0.202127 0.929474
0 0.0895149 0.979238 0.100889 0.951323 0.0923106 0.940276 0.0809367 0.968192
0 0.219929 0.895364 0.223738 0.873415 0.215839 0.869083 0.21203 0.891031
0 0.244227 0.93205 0.254369 0.910934 0.245922 0.898113 0.23578 0.919229
0 0.622807 0.922741 0.626246 0.889931 0.609845 0.884499 0.606407 0.917309
0 0.102844 0.985711 0.115201 0.953977 0.105412 0.941931 0.0930552 0.973664
0 0.245707 0.970879 0.249859 0.951411 0.241706 0.945915 0.237554 0.965383
0 0.496743 0.888472 0.504749 0.859826 0.483754 0.841281 0.475748 0.869927
0 0.031897 0.773602 0.0399027 0.753596 0.0310267 0.74237 0.023021 0.762375
0 0.458482 0.725006 0.460889 0.703716 0.449489 0.699642 0.447082 0.720933
0 0.407103 0.699695 0.416903 0.67554 0.405738 0.661224 0.395938 0.68538
0 0.613233 0.23347 0.617862 0.178129 0.587457 0.170089 0.582827 0.225431
0 0.065946 0.648656 0.0671494 0.625339 0.0526031 0.622967 0.0513997 0.646283
0 0.578319 0.799054 0.580837 0.768377 0.566209 0.764582 0.563691 0.795259
0 0.73228 0.596985 0.735315 0.577213 0.723875 0.571664 0.72084 0.591435
0 0.612356 0.971045 0.61834 0.938801 0.605862 0.931482 0.599879 0.963727
0 0.76209 0.608507 0.764146 0.575767 0.750559 0.57307 0.748503 0.605811
0 0.391229 0.760772 0.394669 0.744029 0.384512 0.737434 0.381072 0.754176
0 0.470552 0.808985 0.472324 0.793413 0.463453 0.790221 0.461681 0.805793
0 0.832924 0.722786 0.835075 0.698871 0.821516 0.695015 0.819364 0.718931
0 0.608011 0.168377 0.6084 0.129129 0.588515 0.128507 0.588127 0.167754
0 0.121291 0.894816 0.125461 0.875464 0.117827 0.870265 0.113657 0.889617
0 0.472122 1.00692 0.474121 0.980342 0.455955 0.976022 0.453955 1.0026
0 0.508099 0.856729 0.508733 0.838328 0.497963 0.837156 0.497329 0.855557
0 0.406427 0.661438 0.408854 0.640518 0.398387 0.63668 0.39596 0.657599
0 0.775055 0.72497 0.782264 0.700339 0.766586 0.685836 0.759377 0.710466
0 0.423969 0.672519 0.425801 0.656417 0.415075 0.652561 0.413244 0.668664
0 0.852358 0.678485 0.856828 0.654598 0.841454 0.645504 0.836984 0.669391
0 0.162921 0.98298 0.163898 0.967291 0.153553 0.965254 0.152576 0.980943
0 0.425779 0.805366 0.42884 0.784584 0.416979 0.779064 0.413919 0.799847
0 0.515588 0.842043 0.519839 0.822081 0.509382 0.815044 0.505132 0.835006
0 0.507984 0.590083 0.549763 0.521432 0.526497 0.476682 0.484718 0.545333
0 0.382143 0.832798 0.387519 0.805581 0.375697 0.798201 0.370321 0.825417
0 0.127393 0.974133 0.14034 0.95546 0.133639 0.940777 0.120692 0.95945
0 0.533901 0.0722873 0.555055 0.046178 0.545417 0.021498 0.524263 0.0476073
0 0.470106 0.727324 0.47729 0.699465 0.467637 0.691598 0.460453 0.719457
0 0.287721 1.01224 0.353664 1.00276 0.351797 0.961694 0.285853 0.971173
0 0.451052 0.892319 0.458236 0.862376 0.444815 0.852199 0.437631 0.882142
0 0.0879872 0.919541 0.0890838 0.901538 0.0786604 0.899532 0.0775639 0.917534
0 0.188563 1.00811 0.203458 0.996301 0.198526 0.976644 0.183632 0.988453
0 0.439797 0.793258 0.44207 0.775109 0.428319 0.769665 0.426045 0.787814
0 0.350591 0.826163 0.365636 0.789277 0.348736 0.767492 0.333691 0.804378
0 0.85056 0.69997 0.853476 0.679272 0.83987 0.673212 0.836954 0.693911
0 0.548041 0.949045 0.551783 0.926556 0.536317 0.918423 0.532575 0.940912
0 0.811175 0.792599 0.816559 0.765925 0.798516 0.754412 0.793131 0.781087
0 0.00746797 0.888277 0.0134552 0.861393 0.00304506 0.854066 -0.00294213 0.88095
0 0.78792 0.701665 0.78978 0.682076 0.773818 0.677286 0.771958 0.696876
0 0.846785 0.74347 0.850333 0.723247 0.839671 0.717334 0.836123 0.737558
0 0.123142 0.924296 0.129465 0.901357 0.121263 0.894211 0.11494 0.91715
0 0.441779 0.848974 0.446295 0.825068 0.436082 0.81897 0.431566 0.842876
0 0.208549 0.987626 0.215334 0.97142 0.209026 0.963073 0.202241 0.979278
0 0.538216 0.849471 0.539418 0.830371 0.527654 0.828031 0.526453 0.847131
0 0.782705 0.689099 0.785476 0.666107 0.767928 0.659422 0.765156 0.682413
0 0.768565 0.671676 0.771821 0.64931 0.75754 0.642739 0.754284 0.665106
0 0.210439 0.929219 0.21214 0.910039 0.20272 0.907397 0.201018 0.926578
0 0.415119 0.962876 0.41646 0.939372 0.403892 0.937106 0.402551 0.96061
0 0.965011 0.555751 0.96725 0.530393 0.952278 0.526214 0.950039 0.551572
