0 0.994582 0.977073 1.01032 0.85781 0.808456 0.773599 0.792714 0.892862
0 0.211943 0.917901 0.278802 0.83761 0.251836 0.766641 0.184977 0.846932
0 0.102164 0.975944 0.131725 0.92071 0.11241 0.888039 0.0828491 0.943273
0 0.360806 0.785643 0.36399 0.755431 0.348208 0.750176 0.345025 0.780388
0 0.554987 0.786542 0.565726 0.751406 0.539727 0.726292 0.528989 0.761428
0 0.890253 0.773774 0.889879 0.729639 0.867012 0.730252 0.867386 0.774387
0 0.326935 0.798917 0.329085 0.774131 0.313138 0.769758 0.310988 0.794545
0 0.221632 0.751614 0.237947 0.717159 0.223333 0.695288 0.207018 0.729744
0 0.66283 0.872185 0.663015 0.8264 0.636131 0.826057 0.635947 0.871843
0 0.080029 0.873244 0.0935386 0.849827 0.0834672 0.831463 0.0699577 0.854881
0 0.074247 0.928083 0.075822 0.90494 0.061413 0.90184 0.059838 0.924984
0 0.889545 0.73124 0.89505 0.707958 0.879424 0.696282 0.873919 0.719564
0 0.425883 0.703788 0.427348 0.673246 0.409192 0.670493 0.407727 0.701036
0 0.306287 0.738483 0.316577 0.724888 0.301871 0.689708 0.291581 0.703302
0 0.48264 0.779253 0.484094 0.750011 0.463406 0.746761 0.461952 0.776003
0 0.3193 0.969247 0.314052 0.924946 0.287779 0.934783 0.293027 0.979084
0 0.139691 0.754166 0.147131 0.721334 0.119148 0.701294 0.111709 0.734127
0 0.395682 0.700168 0.398002 0.680702 0.384015 0.675434 0.381695 0.6949
0 0.367249 0.673842 0.368176 0.647855 0.3528 0.646123 0.351874 0.67211
0 0.23065 0.76316 0.229153 0.737166 0.207769 0.741057 0.209265 0.767051
0 0.307582 0.773312 0.307761 0.747318 0.290093 0.746935 0.289914 0.772929
0 0.982438 0.727569 1.00991 0.696365 0.996499 0.659036 0.969024 0.69024
0 0.142011 0.861675 0.144604 0.828043 0.125863 0.823476 0.12327 0.857109
0 0.282129 0.835302 0.2938 0.810269 0.273681 0.780623 0.26201 0.805656
0 0.0993297 0.853217 0.103892 0.831891 0.0918593 0.823756 0.0872972 0.845082
0 0.0994406 0.837774 0.11264 0.815997 0.104001 0.799448 0.0908016 0.821226
0 0.44122 0.894925 0.443452 0.863319 0.425051 0.859212 0.422819 0.890818
0 0.0881761 0.961388 0.100323 0.915615 0.0842709 0.902153 0.0721245 0.947926
0 0.54627 0.751299 0.579972 0.711692 0.562783 0.665467 0.529081 0.705075
0 0.0724375 0.899317 0.0954676 0.872167 0.087029 0.849543 0.0639988 0.876693
0 0.187219 0.702201 0.189359 0.671894 0.174701 0.668623 0.172561 0.69893
0 0.663295 0.75522 0.67128 0.725419 0.652628 0.709622 0.644642 0.739423
0 0.452188 0.80899 0.458502 0.78542 0.440924 0.770539 0.43461 0.794109
0 0.45174 0.7482 0.454884 0.730524 0.442948 0.723815 0.439805 0.741491
0 0.365327 0.75753 0.368481 0.732575 0.353457 0.726573 0.350303 0.751529
0 0.151879 0.891711 0.174959 0.863872 0.164564 0.836634 0.141484 0.864474
0 0.0756084 0.583996 0.0768365 0.558983 0.0621159 0.556698 0.0608877 0.581711
0 0.100882 0.33417 0.119011 0.317568 0.105224 0.269987 0.0870951 0.286589
0 0.268628 0.767332 0.269888 0.712118 0.238965 0.709888 0.237705 0.765103
0 0.405772 0.79663 0.407327 0.766973 0.389516 0.764022 0.387961 0.793679
0 0.978123 0.631279 0.987844 0.608622 0.968949 0.582998 0.959227 0.605656
0 0.0489255 0.912407 0.0607129 0.883973 0.0497034 0.869548 0.037916 0.897982
0 0.133505 0.837871 0.143225 0.812781 0.131791 0.798782 0.122071 0.823871
0 0.903327 0.709801 0.906994 0.684098 0.890936 0.676857 0.887269 0.70256
0 0.658369 0.723031 0.665142 0.698408 0.647196 0.682806 0.640423 0.70743
0 0.618642 0.793 0.623025 0.767005 0.612303 0.761292 0.60792 0.787286
0 0.0450338 0.885046 0.0517401 0.865356 0.0414804 0.854312 0.034774 0.874002
0 0.0618823 0.9407 0.0551872 0.896536 0.017632 0.91453 0.0243272 0.958693
0 0.342944 0.772939 0.349963 0.749097 0.341616 0.74133 0.334597 0.765173
0 0.461063 0.784404 0.462549 0.756822 0.447981 0.754342 0.446495 0.781924
0 0.176326 0.854329 0.1831 0.829376 0.17146 0.81939 0.164687 0.844343
0 0.0646896 0.675269 0.0668295 0.654592 0.0532064 0.650136 0.0510665 0.670813
0 0.828942 0.784139 0.830518 0.761759 0.816354 0.758605 0.814778 0.780986
0 0.400368 0.737465 0.401442 0.717583 0.389373 0.715523 0.388299 0.735405
0 0.185543 0.676283 0.197986 0.647314 0.186482 0.631698 0.17404 0.660667
0 0.908534 0.755046 0.918049 0.738587 0.904058 0.713025 0.894543 0.729485
0 0.820308 0.766166 0.818996 0.740129 0.795467 0.743876 0.796779 0.769913
0 0.293842 0.60051 0.31953 0.548007 0.298938 0.516165 0.27325 0.568668
0 0.420717 0.676906 0.427518 0.652823 0.417239 0.643649 0.410438 0.667733
0 0.101821 0.911421 0.124242 0.882807 0.117021 0.864926 0.0946002 0.89354
0 0.498735 0.696048 0.50209 0.664016 0.487011 0.659026 0.483657 0.691058
0 0.388315 0.842317 0.387919 0.818889 0.372628 0.819704 0.373023 0.843133
0 0.919758 0.800209 0.933411 0.77549 0.914168 0.741899 0.900515 0.766618
0 0.342312 0.894959 0.346151 0.872431 0.334849 0.866344 0.331009 0.888871
0 0.85344 0.765117 0.863625 0.734264 0.851376 0.721485 0.841191 0.752337
0 0.0927522 0.344574 0.103553 0.305704 0.0698138 0.276076 0.0590134 0.314946
0 0.337009 0.761996 0.339188 0.742224 0.328326 0.738441 0.326147 0.758212
0 0.0571208 1.00538 0.0700256 0.967758 0.0565913 0.953195 0.0436865 0.990821
0 0.624268 0.841725 0.624876 0.818154 0.608795 0.816842 0.608187 0.840413
0 0.816263 0.587015 0.819993 0.558908 0.806014 0.553045 0.802284 0.581153
0 0.29645 0.819976 0.306808 0.793866 0.296441 0.780868 0.286083 0.806978
0 0.108225 0.852218 0.115408 0.83001 0.106367 0.820767 0.0991838 0.842975
0 0.610795 0.830556 0.612176 0.798783 0.595713 0.796521 0.594332 0.828294
0 0.483463 0.825913 0.490245 0.794689 0.478563 0.78667 0.471781 0.817894
0 0.535146 0.697391 0.554807 0.671538 0.545499 0.649165 0.525838 0.675018
0 0.612847 0.699192 0.615531 0.675077 0.604433 0.671173 0.601749 0.695288
0 0.986047 0.659261 0.985512 0.626215 0.960856 0.627476 0.96139 0.660522
0 0.135926 0.649817 0.13719 0.629735 0.126018 0.627512 0.124754 0.647595
0 0.0871996 0.909015 0.105858 0.88414 0.0984371 0.866549 0.0797791 0.891424
0 0.645782 0.752793 0.649134 0.732048 0.636518 0.725604 0.633166 0.746349
0 0.360903 0.719582 0.371789 0.695248 0.361338 0.68047 0.350452 0.704804
0 0.0651141 0.65221 0.0672482 0.63107 0.0548433 0.627113 0.0527092 0.648253
0 0.632998 0.82512 0.636112 0.794047 0.615493 0.787514 0.612378 0.818588
0 0.144061 0.879748 0.145454 0.850849 0.129386 0.848401 0.127993 0.8773
0 0.954188 0.663129 0.974582 0.625827 0.961495 0.603214 0.941101 0.640516
0 0.698834 0.788203 0.696278 0.7636 0.670647 0.772017 0.673203 0.79662
0 0.339117 0.698943 0.342992 0.682095 0.328994 0.67192 0.325119 0.688768
0 0.635372 0.798047 0.638507 0.773629 0.624464 0.767931 0.621329 0.79235
0 0.857025 0.507372 0.865604 0.491924 0.853549 0.470765 0.84497 0.486213
0 0.0325078 0.809596 0.0309562 0.784729 0.0123995 0.788389 0.0139511 0.813256
0 0.838444 0.691781 0.845605 0.664873 0.823807 0.646536 0.816645 0.673444
0 0.168366 0.747413 0.178963 0.726556 0.169473 0.711319 0.158877 0.732176
0 0.431951 0.74662 0.43293 0.724554 0.420042 0.722747 0.419063 0.744812
0 0.428168 0.840644 0.446872 0.816329 0.440011 0.799648 0.421307 0.823963
0 1.00056 0.557779 1.00255 0.527347 0.988474 0.524444 0.986488 0.554876
0 0.863376 0.255564 0.918241 0.224195 0.907143 0.162849 0.852278 0.194217
0 0.649327 0.639334 0.651065 0.620356 0.63915 0.616908 0.637412 0.635885
0 0.326682 0.939574 0.326831 0.916448 0.308301 0.916072 0.308152 0.939198
0 0.947671 0.544907 0.948534 0.524482 0.937239 0.522974 0.936376 0.543399
0 0.676951 0.728986 0.679041 0.699885 0.662774 0.696194 0.660684 0.725294
0 0.233321 0.707417 0.239403 0.683003 0.228637 0.674526 0.222555 0.69894
0 0.0946539 0.793941 0.102551 0.770507 0.0941774 0.761589 0.0862804 0.785023
0 0.292975 0.897077 0.295925 0.868428 0.278098 0.862625 0.275147 0.891275
0 0.0523172 0.86116 0.0565808 0.836501 0.0372469 0.825936 0.0329833 0.850595
0 0.863477 0.526025 0.866136 0.508147 0.853791 0.502345 0.851132 0.520223
0 0.39229 0.680099 0.392174 0.657737 0.372364 0.658063 0.372481 0.680425
0 0.409345 0.717889 0.414164 0.698672 0.399876 0.687346 0.395056 0.706564
0 0.085877 0.985413 0.0985143 0.968322 0.0918161 0.952669 0.0791788 0.96976
0 0.162659 0.676067 0.163525 0.656468 0.151559 0.654797 0.150693 0.674395
0 0.620426 0.866267 0.625812 0.844475 0.609557 0.831777 0.604171 0.853569
0 0.904307 0.781004 0.909997 0.754168 0.893871 0.743361 0.888181 0.770196
0 0.858281 0.721917 0.860068 0.698021 0.847035 0.69494 0.845248 0.718837
0 0.616791 0.761505 0.619976 0.737349 0.607692 0.73223 0.604507 0.756387
0 0.173787 0.945841 0.174647 0.904138 0.147856 0.902393 0.146996 0.944096
0 0.309816 0.906135 0.315909 0.855943 0.298904 0.849419 0.292811 0.899611
0 0.458499 0.853457 0.459229 0.819321 0.440336 0.818044 0.439606 0.85218
0 0.779556 0.971797 0.817301 0.891906 0.755984 0.800349 0.71824 0.880239
0 0.154143 0.844534 0.159201 0.818686 0.140921 0.80738 0.135863 0.833229
0 0.879388 0.793104 0.882496 0.771857 0.85534 0.759304 0.852232 0.780551
0 0.175319 0.310777 0.187922 0.210234 0.12088 0.183675 0.108278 0.284217
0 0.36394 0.652362 0.365086 0.634097 0.351538 0.631413 0.350393 0.649678
0 0.639304 0.625553 0.644248 0.606774 0.631751 0.596377 0.626808 0.615156
0 0.600914 0.721877 0.602358 0.697161 0.590336 0.69494 0.588892 0.719656
0 0.399317 0.82465 0.409306 0.798186 0.397246 0.783799 0.387257 0.810263
0 0.365479 0.796018 0.371788 0.775437 0.362811 0.76674 0.356502 0.787321
0 0.208754 0.827215 0.22582 0.796269 0.214368 0.776307 0.197301 0.807254
0 0.637108 0.851973 0.638452 0.820917 0.624547 0.819014 0.623203 0.85007
0 0.270287 0.870584 0.271231 0.847483 0.257642 0.84573 0.256699 0.86883
0 0.698723 0.637237 0.706309 0.61398 0.695743 0.60309 0.688158 0.626347
0 0.677027 0.539154 0.680537 0.503452 0.664361 0.498426 0.660852 0.534129
0 0.845315 0.723335 0.847014 0.700173 0.834252 0.697215 0.832553 0.720377
0 0.849064 0.512178 0.851205 0.489198 0.837382 0.485127 0.83524 0.508107
0 0.121578 0.839476 0.144527 0.792349 0.128077 0.767031 0.105128 0.814158
0 0.122348 0.719812 0.124792 0.686659 0.106999 0.682513 0.104555 0.715666
0 0.609339 0.725097 0.611634 0.703896 0.602396 0.700736 0.600102 0.721937
0 0.348241 0.796754 0.351956 0.776749 0.340085 0.769781 0.33637 0.789786
0 0.804065 0.795087 0.80333 0.769012 0.785214 0.770627 0.785949 0.796702
0 0.481473 0.740198 0.482816 0.716748 0.470525 0.714522 0.469181 0.737972
0 0.396508 0.776158 0.400984 0.748748 0.388648 0.742382 0.384172 0.769792
0 0.365949 0.850291 0.36925 0.830461 0.357177 0.82411 0.353876 0.843941
0 0.972906 0.753338 0.983694 0.725913 0.973289 0.712976 0.9625 0.740402
0 0.609929 0.790977 0.612086 0.752457 0.597069 0.749799 0.594911 0.788318
0 0.446698 0.872311 0.450928 0.84936 0.434447 0.839762 0.430218 0.862714
0 0.432741 0.815885 0.442542 0.791629 0.433677 0.78031 0.423877 0.804566
0 0.446799 0.763945 0.451506 0.748422 0.439365 0.736786 0.434658 0.752309
0 0.0563497 0.877006 0.0611266 0.857796 0.0515559 0.850275 0.0467791 0.869485
0 0.885451 0.702091 0.890002 0.686567 0.879085 0.676451 0.874533 0.691975
0 0.306969 0.817686 0.315692 0.797414 0.307454 0.786209 0.29873 0.806481
0 0.633345 0.76138 0.636084 0.724899 0.617262 0.720433 0.614523 0.756914
0 0.109587 0.875197 0.113319 0.853172 0.0977518 0.844836 0.0940201 0.866861
0 0.0835873 0.846559 0.0940354 0.821298 0.0795437 0.802354 0.0690956 0.827616
0 0.0523235 0.760423 0.0686935 0.744622 0.0638719 0.728835 0.047502 0.744636
0 0.845209 0.550914 0.84561 0.525173 0.830568 0.524432 0.830167 0.550173
0 0.358362 0.359549 0.37339 0.342826 0.352665 0.283963 0.337637 0.300686
0 0.422568 0.897069 0.426425 0.871853 0.415684 0.866661 0.411827 0.891877
0 0.838313 0.453938 0.848525 0.421753 0.836811 0.410005 0.826599 0.442191
0 0.87205 0.680492 0.878103 0.6621 0.869558 0.653211 0.863504 0.671603
0 0.508152 0.66095 0.514445 0.640525 0.501178 0.627607 0.494885 0.648032
0 0.275144 0.802318 0.281642 0.780941 0.269033 0.768829 0.262535 0.790205
0 0.467778 0.662726 0.4695 0.644967 0.458199 0.641503 0.456476 0.659261
0 0.592749 1.00724 0.608641 0.976162 0.579289 0.928722 0.563397 0.959799
0 0.43165 0.999364 0.439687 0.972803 0.429701 0.963253 0.421664 0.989814
0 0.0658507 0.694123 0.0670646 0.67361 0.0547155 0.671301 0.0535017 0.691813
0 0.383274 0.793164 0.384466 0.769635 0.370064 0.76733 0.368872 0.790858
0 0.614946 0.669187 0.623421 0.653843 0.616883 0.64243 0.608408 0.657774
0 0.62265 0.684905 0.627682 0.66556 0.618797 0.658255 0.613764 0.6776
0 0.740228 0.533355 0.746175 0.511341 0.737086 0.503582 0.73114 0.525596
0 0.62861 0.646684 0.631674 0.625941 0.62006 0.620519 0.616996 0.641263
0 0.895408 0.465453 0.90022 0.444902 0.890909 0.43801 0.886096 0.458562
0 0.0502039 0.680487 0.050384 0.657667 0.0278163 0.657104 0.0276362 0.679924
0 0.0328604 0.78838 0.0309573 0.764479 0.0114079 0.769398 0.013311 0.793299
0 0.951921 0.499352 0.95109 0.474114 0.931068 0.476199 0.931899 0.501437
0 0.29073 0.862021 0.292514 0.839958 0.277127 0.836026 0.275344 0.85809
0 0.586102 0.834993 0.591612 0.808325 0.579856 0.800649 0.574346 0.827317
0 0.641766 0.707107 0.645081 0.688915 0.635334 0.683302 0.632019 0.701495
0 0.944419 0.80791 0.944309 0.787351 0.928468 0.787618 0.928578 0.808177
0 0.151775 0.72401 0.153085 0.703402 0.139731 0.700721 0.138422 0.721328
0 0.693898 0.662412 0.699055 0.637993 0.689938 0.631908 0.684782 0.656327
0 0.927444 0.822159 0.928116 0.7883 0.902896 0.786719 0.902224 0.820577
0 0.770219 0.580837 0.773043 0.553243 0.761417 0.549483 0.758593 0.577077
0 0.430982 0.72682 0.435066 0.703801 0.424301 0.697766 0.420218 0.720785
0 0.63006 0.704664 0.633972 0.685292 0.624467 0.679226 0.620555 0.698598
0 0.365711 0.871484 0.367561 0.849299 0.35288 0.845431 0.35103 0.867616
0 0.490686 0.609975 0.49613 0.581172 0.481706 0.572555 0.476261 0.601357
0 0.997161 0.626151 1.00022 0.597393 0.987865 0.593235 0.984803 0.621992
0 0.777033 0.641378 0.779751 0.619175 0.767356 0.614378 0.764637 0.636582
0 0.334329 0.854375 0.335955 0.834719 0.323802 0.831541 0.322176 0.851197
0 0.0244219 0.850406 0.0275035 0.828223 0.0148889 0.822684 0.0118073 0.844868
0 0.0868171 0.819489 0.0985369 0.796395 0.091033 0.78436 0.0793132 0.807454
0 0.0623398 0.847118 0.0688436 0.82852 0.0566335 0.815025 0.0501297 0.833622
0 0.216187 0.234929 0.231677 0.224396 0.221577 0.177451 0.206087 0.187984
0 0.0223172 0.478932 0.0335273 0.446096 0.00844558 0.419033 -0.00276453 0.451869
0 0.896435 0.482189 0.89914 0.465237 0.88866 0.459952 0.885955 0.476903
0 0.642148 0.728854 0.645047 0.705288 0.629684 0.699313 0.626784 0.722879
0 0.0786262 0.817771 0.0844907 0.797113 0.0741247 0.787812 0.0682601 0.80847
0 0.180733 0.636708 0.18516 0.620482 0.172513 0.609578 0.168087 0.625804
0 0.473177 0.561279 0.47432 0.525568 0.455187 0.523631 0.454044 0.559342
0 0.640115 0.667115 0.647761 0.647027 0.636552 0.633543 0.628906 0.653632
0 0.956148 0.714644 0.973781 0.684976 0.949181 0.638769 0.931548 0.668437
0 0.871244 0.723676 0.873555 0.70144 0.860405 0.697122 0.858095 0.719358
0 0.511502 0.844618 0.519989 0.81933 0.510061 0.8088 0.501574 0.834088
0 0.569256 0.766974 0.573125 0.740286 0.560701 0.734594 0.556832 0.761281
0 0.0187536 0.835747 0.0250076 0.81521 0.0140213 0.804636 0.00776732 0.825173
0 0.91459 0.699214 0.916336 0.679273 0.904783 0.676076 0.903037 0.696017
0 0.212662 0.660652 0.21739 0.637639 0.206188 0.630366 0.20146 0.653378
0 0.586105 0.725925 0.587689 0.706121 0.574748 0.702849 0.573164 0.722653
0 0.140854 0.911385 0.144246 0.879941 0.126125 0.873762 0.122733 0.905207
0 0.314258 0.750632 0.316976 0.73219 0.303971 0.726132 0.301253 0.744574
0 0.0938701 0.708971 0.0962088 0.690889 0.0852168 0.686396 0.082878 0.704477
0 0.101898 0.922283 0.112121 0.891583 0.100044 0.878872 0.0898205 0.909572
0 0.0958339 0.300826 0.098799 0.241308 0.0504381 0.233694 0.047473 0.293211
0 0.412558 0.76184 0.41356 0.736152 0.400262 0.734512 0.39926 0.7602
0 1.0016 0.53452 1.00245 0.49505 0.978582 0.493436 0.977738 0.532906
0 0.0439319 0.800734 0.0450824 0.78133 0.0328805 0.779043 0.03173 0.798448
0 0.623381 0.694694 0.626775 0.6767 0.61769 0.671284 0.614296 0.689279
0 0.377024 0.63687 0.379133 0.616861 0.367643 0.613033 0.365534 0.633043
0 0.773372 0.660267 0.77561 0.639818 0.764151 0.635853 0.761912 0.656302
0 0.83539 0.631481 0.837179 0.606018 0.822839 0.602834 0.82105 0.628297
0 0.117667 0.754771 0.121924 0.728668 0.10718 0.721067 0.102922 0.747171
0 0.223715 0.702026 0.225799 0.681307 0.213086 0.677265 0.211002 0.697985
0 0.34104 0.843383 0.344145 0.829264 0.333507 0.821869 0.330402 0.835988
0 0.106753 0.682969 0.109325 0.662911 0.099591 0.658965 0.0970187 0.679024
0 0.873436 0.739645 0.875566 0.718054 0.864174 0.714502 0.862044 0.736093
0 0.490396 0.800771 0.496706 0.781743 0.488098 0.772723 0.481789 0.791751
0 0.649772 0.614459 0.655425 0.589238 0.640302 0.578525 0.634649 0.603746
0 0.96065 0.555201 0.964312 0.525614 0.950085 0.520047 0.946422 0.549634
0 0.177074 0.892342 0.183102 0.869777 0.168125 0.857132 0.162097 0.879697
0 0.136928 0.783092 0.138909 0.745601 0.112206 0.741143 0.110225 0.778634
0 0.353167 0.518775 0.345511 0.437012 0.29722 0.451305 0.304876 0.533067
0 0.164273 0.62357 0.16844 0.609155 0.158852 0.600396 0.154685 0.614811
0 0.089212 0.761149 0.0946595 0.744935 0.0857547 0.735479 0.0803072 0.751693
0 0.877712 0.524113 0.877897 0.506202 0.866279 0.505823 0.866094 0.523735
0 0.154243 0.760812 0.155028 0.739982 0.141606 0.738383 0.14082 0.759212
0 0.597483 0.805642 0.599685 0.783265 0.58722 0.779387 0.585018 0.801765
0 0.500714 0.881303 0.508412 0.853298 0.497337 0.843678 0.48964 0.871682
0 0.671319 0.767864 0.677196 0.746928 0.667729 0.738529 0.661852 0.759464
0 0.917539 0.582814 0.931651 0.522532 0.907355 0.504556 0.893243 0.564838
0 0.109684 0.303233 0.13108 0.279828 0.108682 0.215113 0.0872857 0.238518
0 0.87203 0.654659 0.877018 0.634207 0.86758 0.626931 0.862592 0.647384
0 0.0963592 0.176037 0.128184 0.103921 0.0722441 0.0259004 0.0404192 0.0980165
0 0.954434 0.524827 0.954212 0.499889 0.937381 0.500361 0.937602 0.525299
0 0.609978 0.737978 0.610822 0.71924 0.59895 0.71755 0.598107 0.736289
0 0.583973 0.745648 0.585978 0.725005 0.572581 0.720893 0.570576 0.741536
0 0.870475 0.789857 0.87363 0.768413 0.849574 0.757227 0.846419 0.77867
0 0.891701 0.496178 0.895227 0.478799 0.882726 0.470784 0.879201 0.488163
0 0.817342 0.722969 0.824252 0.693052 0.807067 0.680508 0.800158 0.710426
0 0.496613 0.792315 0.502484 0.774897 0.494061 0.765922 0.488189 0.783341
0 0.334347 0.880918 0.342112 0.852014 0.329577 0.84137 0.321811 0.870274
0 0.497247 0.822407 0.499117 0.798416 0.487393 0.795527 0.485523 0.819518
0 0.789035 0.780316 0.793664 0.760548 0.777727 0.748754 0.773098 0.768522
0 0.461362 0.693162 0.46283 0.670018 0.447623 0.66697 0.446155 0.690114
0 0.740256 0.625117 0.74584 0.603442 0.737437 0.596599 0.731852 0.618274
0 0.932077 0.73657 0.933478 0.701864 0.913998 0.699378 0.912597 0.734085
0 0.392952 0.707242 0.3979 0.68751 0.386875 0.678773 0.381928 0.698506
0 0.042228 0.924884 0.0425197 0.897914 0.0211224 0.897183 0.0208307 0.924153
0 0.0859719 0.682159 0.0869859 0.664869 0.0757409 0.662785 0.0747269 0.680075
0 0.58015 0.810211 0.586461 0.786138 0.575021 0.77666 0.56871 0.800732
0 0.625424 0.725081 0.627657 0.702745 0.617747 0.699613 0.615513 0.721949
0 0.311014 0.839657 0.319035 0.815156 0.308515 0.804271 0.300494 0.828772
0 0.87328 0.700421 0.876385 0.682738 0.865678 0.676796 0.862573 0.694479
0 0.650654 0.79602 0.654623 0.774512 0.643327 0.767925 0.639358 0.789433
0 0.0770858 0.681451 0.0788085 0.663032 0.0680242 0.659844 0.0663015 0.678264
0 0.567052 0.808709 0.57067 0.789092 0.559105 0.782351 0.555487 0.801968
0 0.0736285 0.839071 0.0833684 0.814778 0.0726649 0.801215 0.0629251 0.825508
0 0.990793 0.580189 0.994714 0.560074 0.982445 0.552516 0.978524 0.572631
0 0.697362 0.528502 0.699364 0.506783 0.685337 0.502697 0.683335 0.524416
0 0.43821 0.782941 0.439561 0.754748 0.42269 0.752192 0.421339 0.780385
0 0.0517284 0.814402 0.0549411 0.793314 0.0434485 0.78778 0.0402358 0.808869
0 0.163323 0.616657 0.165226 0.59769 0.15451 0.594293 0.152608 0.61326
0 0.973204 0.772491 0.977486 0.754654 0.962276 0.743113 0.957994 0.76095
0 0.962764 0.503127 0.965617 0.486702 0.95448 0.480586 0.951626 0.497011
0 0.729789 0.510004 0.736626 0.482514 0.72798 0.475718 0.721143 0.503207
0 0.273883 0.772657 0.279939 0.749746 0.269842 0.74131 0.263785 0.764221
0 0.145983 0.589389 0.148011 0.570416 0.136722 0.566601 0.134693 0.585574
0 0.530719 0.734797 0.531721 0.713087 0.519769 0.711344 0.518767 0.733053
0 0.195412 0.83137 0.201426 0.806222 0.191632 0.79882 0.185618 0.823968
0 0.903986 0.80366 0.906473 0.778436 0.887377 0.772484 0.88489 0.797708
0 0.789858 0.755864 0.797278 0.738626 0.788383 0.726526 0.780963 0.743764
0 0.958475 0.480832 0.959445 0.463295 0.947005 0.461119 0.946035 0.478656
0 0.124654 0.84476 0.133743 0.806326 0.116334 0.793315 0.107245 0.831749
0 0.119133 0.874664 0.122595 0.857422 0.112569 0.851057 0.109106 0.868299
0 0.471752 0.818536 0.474032 0.778283 0.458725 0.775543 0.456445 0.815795
0 0.170823 0.970457 0.172233 0.94148 0.157072 0.939149 0.155662 0.968126
0 0.682348 0.747361 0.697295 0.718163 0.688198 0.703445 0.673251 0.732643
0 0.977559 0.571581 0.980617 0.547597 0.967754 0.542414 0.964697 0.566399
0 0.599778 0.74934 0.601194 0.730589 0.590532 0.728045 0.589116 0.746796
0 0.335222 0.784495 0.3385 0.76463 0.3247 0.757431 0.321421 0.777295
0 0.322877 0.728346 0.327161 0.708451 0.314655 0.69994 0.310371 0.719835
0 0.077438 0.92302 0.0858251 0.895568 0.0732794 0.883454 0.0648922 0.910905
0 0.419202 0.723576 0.42194 0.704935 0.411425 0.700054 0.408687 0.718695
0 0.289982 0.757779 0.292611 0.731286 0.278094 0.726732 0.275465 0.753225
0 0.377215 0.592193 0.393852 0.567946 0.383814 0.546178 0.367177 0.570425
0 0.687881 0.735269 0.705214 0.707759 0.696363 0.690136 0.679031 0.717646
0 0.638944 0.659016 0.642724 0.635486 0.630904 0.629485 0.627124 0.653015
0 0.464204 0.753261 0.467864 0.734859 0.456677 0.727828 0.453017 0.746229
0 0.843519 0.48321 0.847046 0.456344 0.83583 0.451691 0.832303 0.478557
0 1.00386 0.760355 1.00513 0.718197 0.982322 0.716028 0.981053 0.758185
0 0.297871 0.920295 0.30179 0.896789 0.288336 0.8897 0.284417 0.913206
0 0.756684 0.716698 0.758263 0.678053 0.734714 0.675012 0.733135 0.713657
