0 0.0601575 0.964401 0.0946931 0.911857 0.0774799 0.8761 0.0429443 0.928644
0 0.179037 0.901971 0.250023 0.840066 0.227575 0.758712 0.156589 0.820617
0 0.11074 0.742251 0.117842 0.700118 0.0874059 0.683903 0.0803036 0.726036
0 0.0713342 0.873289 0.0897065 0.847579 0.0790561 0.823526 0.0606837 0.849236
0 0.379074 0.826706 0.378449 0.78607 0.354856 0.787216 0.355481 0.827852
0 0.384024 0.802592 0.393717 0.780103 0.372175 0.750759 0.362482 0.773249
0 0.462249 0.786167 0.46406 0.758823 0.443823 0.754586 0.442011 0.781929
0 0.055697 0.848702 0.0556594 0.821854 0.0343723 0.821949 0.03441 0.848796
0 0.574044 0.824231 0.581786 0.793747 0.564727 0.780054 0.556985 0.810538
0 0.286657 0.985099 0.290881 0.936092 0.264294 0.928849 0.26007 0.977856
0 0.111555 0.85132 0.111822 0.812617 0.0906667 0.812156 0.0903998 0.850859
0 0.0578969 0.906384 0.0803924 0.884218 0.074048 0.863869 0.0515525 0.886035
0 0.547651 0.733964 0.560965 0.704632 0.549267 0.687851 0.535953 0.717183
0 0.358871 0.991596 0.362374 0.944936 0.34205 0.940113 0.338547 0.986774
0 0.434684 0.835626 0.430495 0.781105 0.41648 0.784509 0.420669 0.83903
0 0.984997 1.02987 1.00421 0.905418 0.756818 0.784733 0.737608 0.909189
0 0.366721 0.843815 0.364781 0.820541 0.347607 0.825065 0.349547 0.848339
0 0.376974 0.956315 0.386809 0.9114 0.365658 0.896763 0.355823 0.941677
0 0.360829 0.903364 0.370791 0.872822 0.358035 0.859673 0.348073 0.890214
0 0.4449 0.720411 0.447754 0.697503 0.436827 0.693201 0.433973 0.716108
0 0.114778 0.881036 0.147619 0.856563 0.139751 0.823194 0.10691 0.847667
0 0.418738 0.882849 0.423983 0.83909 0.404016 0.831524 0.39877 0.875284
0 0.203875 0.756315 0.20482 0.730463 0.182473 0.72788 0.181527 0.753732
0 0.0368211 0.887831 0.0618007 0.85751 0.0528867 0.8343 0.0279071 0.864622
0 0.0573454 0.825493 0.0577244 0.783541 0.0304714 0.782763 0.0300924 0.824715
0 0.0725123 0.841968 0.0814003 0.816993 0.0711968 0.805516 0.0623088 0.830491
0 0.438457 0.792762 0.441142 0.769259 0.429421 0.765027 0.426736 0.78853
0 0.413365 0.816074 0.420325 0.79497 0.404737 0.778721 0.397776 0.799825
0 0.197394 0.740206 0.212321 0.703738 0.197276 0.684275 0.182349 0.720743
0 0.381711 0.890581 0.393797 0.872813 0.38096 0.845218 0.368874 0.862985
0 0.0347131 0.653138 0.0365527 0.627042 0.0199582 0.623345 0.0181186 0.649441
0 0.247269 0.751005 0.246949 0.694814 0.213415 0.695417 0.213735 0.751608
0 0.366529 0.768582 0.378642 0.755092 0.367606 0.723773 0.355493 0.737263
0 0.0197688 0.928629 0.0193643 0.889292 -0.00328228 0.890028 -0.00287781 0.929365
0 0.817461 0.732929 0.826034 0.703062 0.80578 0.684687 0.797207 0.714555
0 0.457717 0.751164 0.462528 0.729884 0.452573 0.722772 0.447763 0.744052
0 0.398317 0.814421 0.403749 0.789692 0.392202 0.781676 0.38677 0.806404
0 0.449266 0.701052 0.454195 0.681597 0.435622 0.666727 0.430694 0.686182
0 0.0490765 0.953559 0.0614585 0.903696 0.0429983 0.889208 0.0306163 0.939071
0 0.148453 0.838849 0.150841 0.817268 0.137334 0.812544 0.134946 0.834124
0 0.0653056 0.285524 0.0591679 0.235021 0.0373016 0.24342 0.0434393 0.293922
0 0.401115 0.880544 0.405673 0.854524 0.391939 0.846922 0.387382 0.872941
0 0.297445 0.889051 0.301289 0.834133 0.271718 0.82759 0.267873 0.882508
0 0.124673 0.831681 0.127469 0.799169 0.10617 0.79338 0.103374 0.825892
0 0.424794 0.772093 0.428955 0.74692 0.415483 0.739883 0.411323 0.765056
0 0.835747 0.575992 0.839301 0.551129 0.825244 0.544778 0.82169 0.569642
0 0.835981 0.555048 0.838511 0.530525 0.822456 0.52529 0.819926 0.549813
0 0.113775 0.864387 0.11445 0.823465 0.0899904 0.82219 0.0893155 0.863112
0 0.254774 0.27268 0.251269 0.126809 0.17225 0.132809 0.175755 0.278681
0 0.0476324 0.895159 0.068075 0.873398 0.0607936 0.85178 0.0403511 0.873541
0 0.170781 0.652153 0.169279 0.626635 0.150739 0.630085 0.152242 0.655604
0 0.145602 0.882617 0.148331 0.860399 0.133565 0.854668 0.130837 0.876886
0 0.90253 0.281843 0.895261 0.21679 0.841023 0.235945 0.848292 0.300998
0 0.363419 0.985964 0.378925 0.960663 0.369211 0.94185 0.353706 0.967151
0 0.625224 0.817259 0.626308 0.796896 0.610717 0.794274 0.609633 0.814638
0 0.107705 0.628805 0.109188 0.60739 0.0979546 0.604931 0.0964715 0.626347
0 0.305434 0.905236 0.313595 0.874315 0.298156 0.861435 0.289994 0.892356
0 0.177513 0.820125 0.195261 0.787678 0.184994 0.769929 0.167246 0.802375
0 0.982287 0.5381 1.00184 0.524254 0.996598 0.500834 0.977041 0.514681
0 0.0495317 0.978287 0.0577905 0.953269 0.046746 0.941746 0.0384872 0.966764
0 0.746925 0.750713 0.754113 0.725788 0.744048 0.716613 0.736859 0.741538
0 0.0596141 0.85139 0.0690329 0.836668 0.0619881 0.822423 0.0525693 0.837145
0 0.867843 0.807891 0.866189 0.764678 0.845599 0.767169 0.847253 0.810382
0 0.107982 0.821772 0.110613 0.789287 0.092831 0.784734 0.0901997 0.81722
0 0.390542 0.933475 0.403987 0.912552 0.386817 0.877678 0.373371 0.898601
0 0.845519 0.570122 0.849674 0.552594 0.837595 0.543545 0.83344 0.561074
0 0.399708 0.783489 0.400766 0.764891 0.387203 0.762452 0.386145 0.78105
0 0.155329 0.689603 0.165889 0.668242 0.153404 0.648734 0.142844 0.670096
0 0.584589 0.790119 0.585011 0.761058 0.570791 0.760405 0.570368 0.789465
0 0.881995 0.754297 0.885292 0.724497 0.86834 0.71857 0.865044 0.74837
0 0.250693 0.825559 0.262359 0.802722 0.245588 0.775645 0.233922 0.798482
0 0.945176 0.717637 0.963 0.689821 0.952044 0.667632 0.934219 0.695448
0 0.73929 0.74028 0.743406 0.714722 0.730667 0.708238 0.726551 0.733797
0 0.957834 0.77867 0.993299 0.740459 0.979892 0.701132 0.944427 0.739342
0 0.436701 0.773993 0.441715 0.752765 0.429886 0.743934 0.424872 0.765162
0 0.287987 0.77136 0.295535 0.741363 0.284552 0.732629 0.277004 0.762626
0 0.440205 0.652253 0.442932 0.627833 0.429005 0.622917 0.426278 0.647337
0 0.278521 0.824754 0.280041 0.784644 0.256076 0.781773 0.254556 0.821883
0 0.634705 0.794747 0.635049 0.773379 0.618577 0.772541 0.618233 0.793909
0 0.433134 0.741017 0.436326 0.715066 0.420607 0.708954 0.417414 0.734906
0 0.303165 0.843956 0.306027 0.818328 0.288866 0.812273 0.286005 0.837901
0 0.0474448 0.560442 0.04851 0.530685 0.0333005 0.528964 0.0322353 0.558722
0 0.593323 0.806298 0.597951 0.78296 0.584821 0.774731 0.580193 0.798069
0 0.56107 0.855229 0.570739 0.829017 0.560336 0.816889 0.550667 0.843101
0 0.760804 0.748132 0.764991 0.728864 0.753039 0.720657 0.748852 0.739925
0 0.384348 0.747335 0.386721 0.728716 0.375793 0.724315 0.37342 0.742934
0 0.462854 0.839802 0.470789 0.809096 0.457121 0.797933 0.449187 0.82864
0 0.44883 0.894821 0.453031 0.872809 0.439289 0.864521 0.435088 0.886533
0 0.139205 0.942253 0.141227 0.897121 0.112354 0.893032 0.110332 0.938165
0 0.313185 0.746399 0.314965 0.724941 0.301185 0.721328 0.299405 0.742787
0 0.0616375 0.832201 0.0793108 0.802217 0.0690808 0.78316 0.0514076 0.813144
0 0.867953 0.776469 0.875624 0.754819 0.860753 0.738165 0.853081 0.759814
0 0.931445 0.712018 0.952902 0.672676 0.939247 0.64914 0.917791 0.688482
0 0.559951 0.749679 0.560042 0.722608 0.542305 0.722418 0.542213 0.749489
0 0.173128 0.220624 0.188659 0.185034 0.164539 0.151769 0.149008 0.187358
0 0.349682 0.89029 0.356369 0.8621 0.343888 0.852744 0.337202 0.880934
0 0.0854797 0.829604 0.117026 0.784051 0.100126 0.747063 0.0685802 0.792616
0 0.119956 0.225743 0.130883 0.177502 0.113616 0.165141 0.102689 0.213382
0 0.904053 0.0879586 0.908046 0.0526951 0.875442 0.0410267 0.871449 0.0762902
0 0.769139 0.589973 0.771505 0.565383 0.760317 0.561981 0.757951 0.586571
0 0.0325991 0.917102 0.0398752 0.8867 0.0260805 0.876266 0.0188044 0.906668
0 0.335105 0.275064 0.346346 0.250086 0.323278 0.217277 0.312037 0.242256
0 0.0449729 0.65979 0.046127 0.638696 0.0339503 0.636591 0.0327962 0.657684
0 0.841554 0.548161 0.849109 0.531796 0.836662 0.513637 0.829108 0.530002
0 0.0629587 0.714888 0.0729052 0.698952 0.0663189 0.68596 0.0563723 0.701896
0 0.586582 0.771137 0.589122 0.748385 0.57626 0.743845 0.573719 0.766598
0 0.475242 0.667433 0.481202 0.64712 0.466652 0.63363 0.460693 0.653943
0 0.00971757 0.890072 0.0206732 0.862063 0.00997649 0.84884 -0.000979126 0.876849
0 0.472636 0.811959 0.480143 0.792975 0.470663 0.781128 0.463156 0.800111
0 0.608182 0.772305 0.614468 0.753139 0.606095 0.744458 0.599808 0.763623
0 0.27046 0.789911 0.275487 0.753178 0.258718 0.745926 0.253692 0.782658
0 0.86581 0.566743 0.867139 0.549114 0.851152 0.545303 0.849823 0.562932
0 0.336529 0.894833 0.340246 0.871718 0.328935 0.865968 0.325217 0.889083
0 0.0225615 0.991221 0.0285813 0.954981 0.00955857 0.944994 0.00353879 0.981235
0 0.972414 0.665244 0.976089 0.634735 0.961267 0.629093 0.957592 0.659602
0 0.716222 1.01469 0.770123 0.949015 0.717564 0.812678 0.663663 0.878352
0 0.432465 0.706586 0.437068 0.685713 0.42368 0.676383 0.419078 0.697257
0 0.00845276 0.846979 0.0177899 0.823377 0.0019956 0.803629 -0.00734155 0.827232
0 0.798278 0.75493 0.801725 0.733169 0.785344 0.724968 0.781897 0.746728
0 0.756471 0.771276 0.760568 0.749208 0.746823 0.741144 0.742727 0.763212
0 0.650683 0.802393 0.653929 0.776657 0.639407 0.770868 0.63616 0.796603
0 0.0242928 0.970993 0.0288489 0.943541 0.0130264 0.935242 0.00847029 0.962693
0 0.00919942 0.799624 0.0225002 0.780407 0.0154613 0.76501 0.00216048 0.784227
0 0.859997 0.549081 0.862029 0.530117 0.849658 0.525927 0.847626 0.544891
0 0.830819 0.53007 0.835026 0.507945 0.826123 0.502596 0.821917 0.524721
0 0.372534 0.862267 0.376709 0.836186 0.36307 0.829287 0.358896 0.855367
0 0.573592 0.750245 0.577579 0.73292 0.567742 0.725765 0.563755 0.74309
0 0.0387233 0.836713 0.0407434 0.814871 0.0271437 0.810896 0.0251236 0.832737
0 0.777224 0.752235 0.781735 0.731527 0.76707 0.721431 0.762559 0.74214
0 0.279058 0.848963 0.282077 0.819383 0.265691 0.814097 0.262672 0.843677
0 0.770447 0.788049 0.775068 0.765031 0.764824 0.758532 0.760203 0.78155
0 0.736985 0.771534 0.745118 0.754539 0.732113 0.73487 0.72398 0.751865
0 0.118826 0.677257 0.11748 0.65678 0.0998519 0.660443 0.101198 0.68092
0 0.484963 0.823156 0.497514 0.79776 0.486789 0.781009 0.474238 0.806405
0 0.457632 0.723602 0.466137 0.697425 0.454599 0.685577 0.446094 0.711754
0 0.127929 0.654328 0.1288 0.633594 0.113132 0.631515 0.112262 0.65225
0 0.829731 0.800988 0.842274 0.775479 0.83216 0.759762 0.819617 0.785271
0 0.620417 0.765483 0.628911 0.746698 0.621035 0.735442 0.612541 0.754228
0 0.48845 0.678998 0.490062 0.657097 0.478976 0.654518 0.477364 0.676419
0 0.881558 0.524921 0.884012 0.503339 0.872926 0.499355 0.870472 0.520937
0 0.290693 0.948474 0.310722 0.91859 0.299612 0.895056 0.279583 0.924941
0 0.884208 0.508694 0.886223 0.485818 0.875065 0.482712 0.87305 0.505588
0 0.387255 0.825449 0.388956 0.795481 0.374047 0.792807 0.372346 0.822775
0 0.242551 0.869635 0.243902 0.844612 0.22796 0.841892 0.226609 0.866915
0 0.837976 0.763381 0.84023 0.739092 0.826454 0.735051 0.8242 0.759341
0 0.464809 0.674401 0.466455 0.65212 0.452926 0.648962 0.45128 0.671243
0 0.79809 0.641494 0.806165 0.613896 0.796049 0.604542 0.787974 0.632139
0 0.448859 0.672478 0.454402 0.648171 0.44117 0.638636 0.435627 0.662942
0 0.162721 0.900345 0.168152 0.883943 0.154255 0.869398 0.148823 0.8858
0 0.024021 0.903524 0.0300512 0.868891 0.0177665 0.862131 0.0117362 0.896764
0 0.563881 0.686744 0.564591 0.659485 0.547363 0.658067 0.546653 0.685326
0 0.37207 1.01585 0.38667 0.984106 0.371061 0.961418 0.356461 0.993163
0 0.56167 0.788891 0.562797 0.774386 0.551097 0.771511 0.549969 0.786016
0 0.133335 0.834072 0.134198 0.813089 0.122373 0.811551 0.121509 0.832534
0 0.0583664 0.79185 0.0611483 0.768683 0.0489343 0.764048 0.0461524 0.787215
0 0.595953 0.765963 0.600325 0.746777 0.592009 0.740788 0.587637 0.759974
0 0.263566 0.860446 0.264598 0.837085 0.245441 0.834411 0.244409 0.857772
0 0.444978 0.747927 0.446547 0.723157 0.433559 0.720557 0.43199 0.745327
0 0.946059 0.525938 0.953264 0.500038 0.943186 0.491177 0.935981 0.517078
0 0.142511 0.265319 0.171436 0.238301 0.144449 0.146988 0.115524 0.174007
0 0.748447 0.556777 0.749798 0.529036 0.733131 0.526471 0.73178 0.554212
0 0.308514 0.77203 0.31108 0.743231 0.294264 0.738494 0.291697 0.767294
0 0.487465 0.838102 0.491622 0.815803 0.480027 0.808972 0.47587 0.831271
0 0.146178 0.9298 0.1502 0.869904 0.111987 0.861794 0.107965 0.92169
0 0.0352215 0.62675 0.0368621 0.604564 0.0216978 0.60102 0.0200573 0.623206
0 0.817431 0.536667 0.819698 0.507353 0.80512 0.503791 0.802853 0.533105
