0 0.511012 1.02918 0.533493 0.937226 0.467075 0.885908 0.444595 0.977864
0 0.583094 0.609067 0.578358 0.553603 0.549043 0.561514 0.553779 0.616978
0 0.986687 1.07645 1.0243 0.861358 0.817923 0.7473 0.78031 0.96239
0 0.456559 0.958515 0.463297 0.922562 0.440593 0.909113 0.433854 0.945065
0 0.42765 0.961006 0.447746 0.904048 0.426005 0.879805 0.405909 0.936763
0 0.531177 0.894491 0.540739 0.855822 0.523772 0.842562 0.51421 0.88123
0 0.521497 0.941294 0.535287 0.891583 0.500341 0.860945 0.486551 0.910655
0 0.231181 0.959006 0.246888 0.828469 0.183932 0.804527 0.168225 0.935064
0 0.468176 0.917456 0.472128 0.848427 0.444266 0.843386 0.440315 0.912415
0 0.100023 0.438115 0.116924 0.38092 0.0733129 0.340193 0.0564124 0.397387
0 0.545616 0.792559 0.54682 0.770673 0.533305 0.768323 0.5321 0.790209
0 0.465369 0.989623 0.468921 0.942045 0.446746 0.936814 0.443195 0.984391
0 0.540597 0.962165 0.545425 0.924679 0.525378 0.916519 0.52055 0.954005
0 0.635174 0.770259 0.641328 0.746867 0.624673 0.733017 0.618518 0.75641
0 0.535051 0.851125 0.545989 0.812104 0.534655 0.802063 0.523717 0.841083
0 0.611833 1.00028 0.608262 0.954315 0.564205 0.965132 0.567776 1.0111
0 0.142553 0.90885 0.156378 0.874381 0.140096 0.853742 0.126271 0.888211
0 0.738665 0.667687 0.730825 0.624856 0.698671 0.643456 0.706511 0.686287
0 0.21598 0.625294 0.221385 0.603056 0.208506 0.593164 0.203101 0.615401
0 0.08208 0.866697 0.0833507 0.842573 0.0618275 0.83899 0.0605568 0.863114
0 0.623401 0.964223 0.622959 0.916003 0.596113 0.916781 0.596555 0.965001
0 0.531525 0.702891 0.538984 0.673017 0.527544 0.663989 0.520085 0.693863
0 0.327162 0.992518 0.341651 0.971173 0.333752 0.954227 0.319263 0.975572
0 0.571785 0.703443 0.578037 0.677806 0.562087 0.665513 0.555835 0.691151
0 0.0891868 0.820687 0.0907076 0.777657 0.0727224 0.775648 0.0712016 0.818678
0 0.315557 1.00746 0.327231 0.983657 0.31702 0.967832 0.305346 0.991639
0 0.212596 0.772821 0.214609 0.747236 0.200398 0.743702 0.198385 0.769287
0 0.536856 0.804392 0.538468 0.784264 0.527023 0.781368 0.525412 0.801496
0 0.319513 0.977643 0.331865 0.9551 0.321352 0.936893 0.309 0.959436
0 0.198375 0.7863 0.203662 0.76342 0.186434 0.750839 0.181147 0.773719
0 0.466242 0.801252 0.463197 0.756795 0.435778 0.762731 0.438823 0.807188
0 0.226211 0.763064 0.230382 0.741455 0.218268 0.734065 0.214097 0.755673
0 0.790666 1.04929 0.842878 0.963406 0.760847 0.805796 0.708635 0.891682
0 0.356347 0.42728 0.362043 0.359768 0.32154 0.348966 0.315843 0.416479
0 0.217182 0.751389 0.219217 0.730506 0.203942 0.725801 0.201906 0.746684
0 0.11885 0.323149 0.11479 0.275968 0.0935232 0.281752 0.0975833 0.328933
0 0.164746 0.820322 0.191963 0.785835 0.180473 0.757174 0.153255 0.791662
0 0.426195 0.867444 0.451915 0.850514 0.445684 0.820597 0.419964 0.837527
0 0.361307 0.945406 0.369852 0.912344 0.357183 0.901997 0.348639 0.935058
0 0.247162 0.740537 0.248961 0.708299 0.232018 0.705311 0.23022 0.737549
0 0.555713 1.00731 0.573422 0.971194 0.561193 0.952246 0.543484 0.988367
0 0.606553 0.921809 0.605695 0.875736 0.581221 0.877177 0.58208 0.92325
0 0.712824 0.627996 0.7222 0.582817 0.695972 0.565613 0.686595 0.610791
0 0.3056 0.997724 0.30798 0.952291 0.280082 0.94767 0.277701 0.993103
0 0.231189 0.741673 0.235572 0.714191 0.212135 0.702378 0.207753 0.729861
0 0.117423 0.82692 0.130879 0.782171 0.113418 0.765577 0.099962 0.810326
0 0.505905 0.560225 0.514728 0.522855 0.498188 0.510513 0.489365 0.547883
0 0.55146 0.915933 0.556712 0.858241 0.533928 0.851686 0.528676 0.909378
0 0.24949 0.714303 0.261415 0.674708 0.246802 0.660799 0.234877 0.700394
0 0.283064 0.949807 0.290284 0.929277 0.280627 0.918545 0.273408 0.939075
0 0.0525593 0.822275 0.0588521 0.796026 0.0430264 0.784035 0.0367336 0.810284
0 0.155403 0.915389 0.163868 0.889711 0.152063 0.877411 0.143598 0.903088
0 0.0638004 0.876045 0.0598153 0.805246 0.0026699 0.815412 0.00665506 0.886211
0 0.426862 0.910391 0.443014 0.866972 0.421758 0.841981 0.405606 0.8854
0 0.55802 0.724284 0.558016 0.697614 0.537346 0.697625 0.537351 0.724295
0 0.61712 0.780279 0.623398 0.753947 0.610969 0.744582 0.604692 0.770914
0 0.416573 0.973021 0.418431 0.922999 0.38969 0.919625 0.387833 0.969648
0 0.43852 0.99989 0.446743 0.967433 0.434169 0.957366 0.425946 0.989822
0 0.652709 0.689892 0.650305 0.65161 0.633183 0.655007 0.635586 0.69329
0 0.556198 0.961118 0.558322 0.929359 0.541053 0.92571 0.538929 0.957468
0 0.567202 0.90015 0.574104 0.874427 0.559242 0.861825 0.55234 0.887547
0 0.621914 0.921316 0.623594 0.895437 0.607723 0.892183 0.606044 0.918062
0 0.642533 0.895484 0.64475 0.862517 0.627246 0.858796 0.625028 0.891763
0 0.520029 0.865768 0.523877 0.839116 0.508882 0.832273 0.505033 0.858925
0 0.273964 1.00927 0.279943 0.979756 0.264122 0.969626 0.258144 0.999138
0 0.138489 0.701288 0.154961 0.666084 0.129294 0.628128 0.112822 0.663333
0 0.106808 0.836836 0.107299 0.807576 0.088357 0.80657 0.0878657 0.835831
0 0.806312 0.701289 0.803155 0.660708 0.777348 0.667053 0.780504 0.707634
0 0.222065 0.70324 0.222306 0.68051 0.206813 0.679991 0.206573 0.702721
0 0.311872 0.991233 0.316356 0.967133 0.30621 0.961167 0.301726 0.985267
0 0.090804 0.861423 0.0949011 0.833476 0.0813985 0.827219 0.0773014 0.855167
0 0.344203 0.953813 0.350239 0.932082 0.33883 0.922067 0.332794 0.943798
0 0.427572 0.978832 0.449498 0.953342 0.438658 0.92387 0.416731 0.949361
0 0.477596 0.775055 0.480051 0.742014 0.462987 0.738006 0.460531 0.771047
0 0.348409 0.882235 0.352959 0.861781 0.344135 0.855577 0.339585 0.876031
0 0.568326 0.880642 0.575851 0.871072 0.564329 0.842439 0.556804 0.852009
0 0.65137 0.88655 0.655005 0.860804 0.64289 0.855399 0.639255 0.881145
0 0.417673 0.895753 0.431758 0.85886 0.41759 0.841764 0.403505 0.878656
0 0.270386 0.767587 0.273249 0.744689 0.251499 0.736094 0.248636 0.758992
0 0.346215 0.967131 0.353366 0.951518 0.346024 0.94089 0.338873 0.956504
0 0.614474 0.803925 0.624359 0.78248 0.615643 0.769781 0.605758 0.791227
0 0.29424 0.883955 0.303676 0.86236 0.296023 0.851793 0.286587 0.873387
0 0.599161 0.772915 0.601105 0.75493 0.590169 0.751195 0.588225 0.769179
0 0.185843 1.02714 0.23399 0.9904 0.220607 0.934966 0.17246 0.971703
0 0.073145 0.812207 0.0786272 0.766171 0.0588305 0.75872 0.0533483 0.804756
0 0.229584 0.595708 0.227626 0.545955 0.198031 0.549637 0.199989 0.59939
0 0.146421 0.844555 0.148058 0.80529 0.120238 0.801626 0.118602 0.840891
0 0.552089 0.820457 0.556573 0.798467 0.543154 0.789819 0.53867 0.811809
0 0.324677 0.977686 0.33856 0.956364 0.329556 0.937836 0.315673 0.959158
0 0.486208 0.739594 0.488036 0.721158 0.47707 0.717723 0.475242 0.736159
0 0.561364 0.754344 0.569299 0.739491 0.559633 0.723168 0.551697 0.738022
0 0.263316 0.893099 0.264607 0.875223 0.253974 0.872796 0.252683 0.890673
0 0.727364 1.00266 0.740135 0.922232 0.705961 0.90508 0.693189 0.985505
0 0.272849 0.430222 0.278595 0.39974 0.250814 0.383188 0.245068 0.413669
0 0.498284 0.837401 0.497816 0.799229 0.472625 0.800203 0.473092 0.838375
0 0.0539277 0.812047 0.0717036 0.779774 0.0578875 0.755723 0.0401116 0.787996
0 0.135523 0.799354 0.138003 0.776844 0.123795 0.771897 0.121315 0.794407
0 0.113043 0.886212 0.112842 0.861133 0.0945516 0.861597 0.094753 0.886676
0 0.600384 0.421741 0.603693 0.356552 0.566079 0.350516 0.56277 0.415706
0 0.238738 0.721168 0.241478 0.701041 0.228725 0.695554 0.225985 0.71568
0 0.271809 0.983186 0.28116 0.950373 0.266023 0.936739 0.256672 0.969552
0 0.626176 0.901743 0.630584 0.875131 0.61431 0.866612 0.609903 0.893225
0 0.129743 0.850779 0.124618 0.817306 0.0968882 0.830724 0.102013 0.864197
0 0.388596 0.928292 0.390471 0.903292 0.375904 0.899839 0.374029 0.924839
0 0.25393 0.936016 0.267936 0.906196 0.2601 0.894565 0.246094 0.924385
0 0.369139 0.884901 0.373274 0.862279 0.364663 0.857305 0.360529 0.879927
0 0.372952 0.82866 0.374153 0.807798 0.364363 0.806017 0.363162 0.826879
0 0.0957341 0.918751 0.118004 0.898617 0.111443 0.875682 0.0891734 0.895816
0 0.521359 0.849004 0.527863 0.82617 0.51475 0.814366 0.508247 0.8372
0 0.201929 0.724518 0.205305 0.699144 0.193832 0.694321 0.190457 0.719694
0 0.36089 0.878958 0.364314 0.858832 0.355989 0.854357 0.352566 0.874483
0 0.262245 0.995012 0.264624 0.972798 0.251055 0.968206 0.248676 0.99042
0 0.458941 1.00632 0.459304 0.983909 0.437306 0.982784 0.436943 1.00519
0 0.0692364 0.768554 0.0723786 0.744098 0.0546485 0.736898 0.0515062 0.761354
0 0.600632 0.969959 0.604733 0.944884 0.586281 0.935347 0.582181 0.960422
0 0.631152 0.924338 0.645005 0.902816 0.636932 0.886393 0.623079 0.907916
0 0.374074 0.951101 0.377145 0.928335 0.366502 0.923798 0.363431 0.946565
0 0.612931 0.905635 0.616322 0.879177 0.604555 0.87441 0.601164 0.900868
0 0.196279 0.756926 0.199038 0.735823 0.184004 0.72961 0.181244 0.750713
0 0.199516 0.859692 0.20082 0.835975 0.183259 0.832923 0.181955 0.856641
0 0.691066 0.64372 0.700841 0.618281 0.679604 0.592488 0.669828 0.617927
0 0.457527 0.743977 0.461269 0.726241 0.450722 0.719209 0.44698 0.736945
0 0.469481 0.853349 0.47779 0.807196 0.460163 0.797165 0.451853 0.843318
0 0.556973 0.828544 0.562247 0.808298 0.54761 0.79625 0.542337 0.816495
0 0.548756 0.693503 0.550428 0.673933 0.538232 0.67064 0.53656 0.690209
0 0.527528 0.791727 0.528975 0.772483 0.518069 0.76989 0.516622 0.789134
0 0.496899 0.798388 0.498166 0.780246 0.485667 0.777487 0.4844 0.795629
0 0.606263 0.127973 0.603522 0.0771085 0.567104 0.0833108 0.569844 0.134175
0 0.585459 0.66212 0.599926 0.638289 0.580352 0.600735 0.565885 0.624565
0 0.562978 0.856624 0.567941 0.842856 0.55803 0.831564 0.553066 0.845333
0 0.309347 0.410233 0.312116 0.388961 0.297243 0.382843 0.294474 0.404114
0 0.163074 0.397894 0.169065 0.37657 0.15657 0.365476 0.150579 0.3868
0 0.662131 0.412558 0.659564 0.379373 0.635253 0.385315 0.63782 0.4185
0 0.372353 0.999432 0.377489 0.973303 0.368301 0.967595 0.363165 0.993724
0 0.407647 0.731402 0.413004 0.684187 0.39192 0.676627 0.386564 0.723842
0 0.281138 0.877759 0.287946 0.859423 0.279706 0.849754 0.272898 0.86809
0 0.034718 0.793589 0.0587495 0.767569 0.0520862 0.748119 0.0280546 0.774139
0 0.403374 1.00653 0.424971 0.985229 0.41666 0.958602 0.395063 0.979908
0 0.232685 0.689451 0.234131 0.663738 0.220429 0.661304 0.218983 0.687016
0 0.107032 0.935272 0.120123 0.913 0.111272 0.896558 0.098181 0.91883
0 0.211433 0.791572 0.215087 0.773256 0.206173 0.767635 0.202519 0.78595
0 0.361845 0.966327 0.36652 0.947046 0.357406 0.940061 0.352731 0.959342
0 0.350184 0.988395 0.356484 0.966315 0.34746 0.958177 0.34116 0.980258
0 0.562638 0.792154 0.564321 0.762614 0.551903 0.760378 0.55022 0.789918
0 0.082729 0.844664 0.0839575 0.814293 0.0652134 0.811896 0.0639848 0.842268
0 0.222206 0.709035 0.222289 0.687521 0.206752 0.687331 0.206669 0.708844
0 0.563772 0.849179 0.568574 0.837038 0.558473 0.824408 0.55367 0.836549
0 0.31228 0.876753 0.315608 0.856757 0.304923 0.851136 0.301595 0.871133
0 0.263607 0.979135 0.27066 0.950302 0.258219 0.940685 0.251167 0.969518
0 0.574483 0.744566 0.580561 0.727748 0.56875 0.714256 0.562672 0.731074
0 0.524097 0.683525 0.529806 0.658155 0.519566 0.650872 0.513857 0.676243
0 0.287342 0.418119 0.292134 0.399206 0.27605 0.386326 0.271258 0.405239
0 0.313352 0.940348 0.321936 0.920674 0.312638 0.907852 0.304054 0.927526
0 0.233614 0.996207 0.247569 0.972226 0.237953 0.954541 0.223998 0.978521
0 0.357028 0.893506 0.357957 0.875715 0.348192 0.874104 0.347264 0.891895
0 0.55818 0.875735 0.564247 0.854573 0.550636 0.84224 0.544569 0.863403
0 0.568865 0.814436 0.571987 0.796933 0.56398 0.792419 0.560858 0.809922
0 0.699301 0.110758 0.712742 0.0377378 0.691635 0.0254581 0.678194 0.0984783
0 0.628127 0.871888 0.629536 0.847167 0.615639 0.844664 0.61423 0.869385
0 0.406933 0.87811 0.409578 0.859638 0.400948 0.855733 0.398304 0.874206
0 0.298088 0.948767 0.301953 0.931091 0.292762 0.92474 0.288897 0.942416
0 0.264706 0.985952 0.277 0.961748 0.26388 0.940687 0.251586 0.964891
0 0.38631 0.898193 0.387951 0.882509 0.37944 0.879695 0.377799 0.895379
0 0.104714 0.871573 0.107089 0.843691 0.0897106 0.839012 0.0873352 0.866894
0 0.640886 0.655028 0.647093 0.628605 0.634192 0.619026 0.627985 0.645449
0 0.39826 0.883355 0.400729 0.86504 0.392382 0.861483 0.389913 0.879798
0 0.122007 0.879453 0.128347 0.855123 0.117361 0.846076 0.111021 0.870406
0 0.565122 0.706409 0.567587 0.688144 0.554437 0.682535 0.551972 0.7008
0 0.242654 0.429309 0.243041 0.408909 0.22511 0.407836 0.224724 0.428235
0 0.342093 0.93014 0.345373 0.912344 0.335027 0.906318 0.331747 0.924113
0 0.585029 0.961773 0.590523 0.936669 0.577893 0.927933 0.572399 0.953037
0 0.238495 0.608385 0.243015 0.587599 0.233007 0.58072 0.228487 0.601507
0 0.554484 0.770488 0.555725 0.745105 0.542763 0.743102 0.541521 0.768485
0 0.383111 0.989927 0.385539 0.967379 0.375913 0.964102 0.373485 0.986651
0 0.451421 0.756468 0.454741 0.734181 0.441315 0.727861 0.437996 0.750148
