0 0.217439 0.760181 0.232768 0.724815 0.210526 0.694345 0.195196 0.72971
0 0.359039 0.990786 0.374227 0.942468 0.354127 0.9225 0.338939 0.970819
0 0.257121 0.702918 0.259503 0.677488 0.232726 0.66956 0.230344 0.69499
0 0.383788 0.747303 0.385944 0.729515 0.37563 0.725565 0.373475 0.743352
0 0.0889586 0.968478 0.0929008 0.879019 0.046016 0.872489 0.0420738 0.961949
0 0.373965 0.951429 0.381 0.894123 0.350425 0.882261 0.34339 0.939567
0 0.232464 0.901927 0.231254 0.874577 0.21067 0.877456 0.211881 0.904806
0 0.379529 0.963412 0.39308 0.932899 0.381623 0.916818 0.368072 0.94733
0 0.223354 0.709246 0.223454 0.679127 0.204321 0.678926 0.204221 0.709045
0 0.363539 0.750166 0.365029 0.727253 0.351191 0.724407 0.3497 0.747321
0 0.249043 0.751545 0.254541 0.719289 0.241879 0.712469 0.236381 0.744725
0 0.338061 1.01612 0.348256 0.956528 0.304222 0.93272 0.294028 0.99231
0 0.411712 0.973633 0.413308 0.933232 0.395763 0.931042 0.394167 0.971443
0 0.21844 0.814637 0.216183 0.752641 0.165113 0.758518 0.167371 0.820514
0 0.147223 0.994242 0.149356 0.952848 0.125284 0.948927 0.123151 0.990321
0 0.445538 0.926944 0.456053 0.88418 0.434651 0.867548 0.424135 0.910312
0 0.168014 0.784668 0.170818 0.741027 0.144192 0.735621 0.141388 0.779261
0 0.219984 0.86513 0.256072 0.810212 0.234425 0.765256 0.198338 0.820174
0 0.392493 0.993551 0.399283 0.945924 0.38086 0.937624 0.37407 0.98525
0 0.323325 0.79907 0.329026 0.75763 0.314325 0.751238 0.308624 0.792679
0 0.23765 0.883876 0.247018 0.842628 0.232969 0.832543 0.223601 0.873792
0 0.385887 0.895964 0.388683 0.870113 0.372243 0.864493 0.369447 0.890344
0 0.0500527 0.742257 0.0514385 0.710949 0.0253973 0.707305 0.0240114 0.738613
0 0.555623 1.01296 0.568176 0.965923 0.536659 0.939339 0.524106 0.986373
0 0.425414 0.920616 0.431681 0.891412 0.41862 0.882555 0.412353 0.911758
0 0.461555 0.980299 0.47011 0.950634 0.456367 0.938107 0.447811 0.967772
0 0.0369531 1.0109 0.0559101 0.977052 0.0439554 0.95589 0.0249984 0.989735
0 0.258049 0.910939 0.285751 0.88793 0.279243 0.863166 0.251541 0.886176
0 0.577739 0.725982 0.579167 0.704909 0.567243 0.702355 0.565815 0.723428
0 0.374166 0.886071 0.37587 0.861643 0.360939 0.858352 0.359235 0.88278
0 0.246255 1.01345 0.27701 0.956014 0.254089 0.917227 0.223334 0.974668
0 0.343602 0.806713 0.371711 0.774599 0.362905 0.75024 0.334797 0.782354
0 0.306421 0.564389 0.321302 0.536863 0.309383 0.5165 0.294503 0.544026
0 0.290722 0.774384 0.29278 0.751209 0.278851 0.747299 0.276792 0.770474
0 0.22334 0.555403 0.224594 0.521553 0.204669 0.51922 0.203415 0.553069
0 0.301854 0.965207 0.329095 0.929614 0.316392 0.898887 0.289151 0.93448
0 0.0805344 0.707815 0.0886795 0.68587 0.0793598 0.674937 0.0712147 0.696882
0 0.325868 0.922347 0.329652 0.875408 0.30015 0.867892 0.296366 0.91483
0 0.241266 0.919905 0.256955 0.882625 0.242846 0.863859 0.227157 0.901139
0 0.254802 0.936012 0.267356 0.911884 0.25645 0.893948 0.243896 0.918076
0 0.34726 0.890123 0.350893 0.86494 0.33211 0.856376 0.328477 0.881559
0 0.986085 1.07194 1.02195 0.844098 0.77861 0.723017 0.74274 0.950854
0 0.395584 0.685043 0.403399 0.659276 0.392736 0.649055 0.384921 0.674822
0 0.35873 0.88663 0.362634 0.862972 0.351039 0.856924 0.347135 0.880583
0 0.0489586 0.689355 0.0642973 0.664958 0.0464586 0.629512 0.03112 0.653909
0 0.0248756 0.54196 0.0624895 0.513957 0.0544466 0.479814 0.0168327 0.507818
0 0.420925 0.944002 0.425455 0.916148 0.41283 0.90966 0.408301 0.937514
0 0.159278 1.00809 0.162292 0.974261 0.142292 0.968628 0.139278 1.00246
0 0.329499 0.751011 0.340838 0.715553 0.32534 0.699888 0.314001 0.735346
0 0.396201 0.855945 0.405441 0.79368 0.376718 0.780207 0.367478 0.842473
0 0.443998 0.632359 0.446111 0.612423 0.437533 0.60955 0.43542 0.629485
0 0.433777 0.68858 0.439773 0.673216 0.427281 0.657808 0.421285 0.673172
0 0.473619 0.992381 0.477695 0.963512 0.462566 0.956762 0.45849 0.985631
0 0.428316 0.789855 0.427117 0.760543 0.404179 0.763507 0.405378 0.79282
0 0.289656 0.538804 0.289837 0.518761 0.273019 0.518283 0.272839 0.538327
0 0.387123 0.796154 0.386229 0.770798 0.365489 0.773109 0.366384 0.798466
0 0.371749 1.01419 0.386565 0.972424 0.370172 0.954044 0.355357 0.995807
0 0.0402105 0.696029 0.0421921 0.669172 0.0250092 0.665166 0.0230276 0.692022
0 0.435398 0.703415 0.438585 0.689517 0.426122 0.680486 0.422936 0.694384
0 0.110035 0.583813 0.110011 0.539178 0.0834366 0.539222 0.0834603 0.583858
0 0.0498674 0.708551 0.0507989 0.683438 0.0366241 0.681776 0.0356926 0.70689
0 0.173875 0.966494 0.181244 0.942068 0.170438 0.931764 0.163069 0.956189
0 0.41376 0.627477 0.41562 0.60651 0.403148 0.603012 0.401288 0.62398
0 0.451655 0.746144 0.453149 0.723419 0.439991 0.720685 0.438497 0.74341
0 0.0334144 0.716423 0.0305151 0.687353 0.00412415 0.695672 0.00702344 0.724741
0 0.42241 0.678697 0.423437 0.661772 0.41335 0.659837 0.412322 0.676762
0 0.346699 0.926299 0.346197 0.884099 0.327111 0.884816 0.327613 0.927016
0 0.0510765 0.358434 0.0682737 0.339011 0.0514831 0.292026 0.0342859 0.31145
0 0.265018 0.618288 0.276222 0.571746 0.25677 0.556948 0.245567 0.60349
0 0.565778 0.962383 0.567738 0.940614 0.553869 0.936668 0.551908 0.958437
0 0.377004 0.763009 0.378259 0.741054 0.365673 0.738779 0.364417 0.760735
0 0.0811939 0.596751 0.0883121 0.579436 0.0761914 0.563687 0.0690731 0.581003
0 0.188048 0.928199 0.216576 0.826119 0.164448 0.780076 0.135919 0.882156
0 0.292357 0.580011 0.295513 0.557988 0.281525 0.551653 0.278369 0.573677
0 0.0633724 0.62801 0.0719096 0.606589 0.0606612 0.59242 0.052124 0.613842
0 0.421748 0.598726 0.426032 0.574473 0.415389 0.56853 0.411105 0.592784
0 0.192682 1.0117 0.220242 0.993017 0.213295 0.960628 0.185735 0.979311
0 0.354739 0.866697 0.361319 0.842068 0.349942 0.832462 0.343362 0.857091
0 0.390078 0.873378 0.391951 0.852022 0.377624 0.84805 0.375751 0.869406
0 0.426415 0.99264 0.442272 0.949692 0.426519 0.931309 0.410661 0.974257
0 0.310807 0.861581 0.318504 0.83891 0.308333 0.827997 0.300637 0.850669
0 0.33021 0.66421 0.33884 0.640643 0.329665 0.630025 0.321035 0.653591
0 0.189387 0.989476 0.195947 0.943443 0.181782 0.937063 0.175222 0.983096
0 0.398291 0.888588 0.405693 0.859682 0.394051 0.850259 0.386649 0.879165
0 0.0747672 0.776427 0.0850424 0.75133 0.0650232 0.725426 0.054748 0.750524
0 0.445832 1.00488 0.446411 0.972122 0.421645 0.970738 0.421065 1.00349
0 0.221258 0.980913 0.225278 0.952649 0.209358 0.945492 0.205338 0.973756
0 0.474241 0.914073 0.473952 0.859937 0.451886 0.86031 0.452175 0.914446
0 0.390348 0.776373 0.390956 0.74958 0.374351 0.748389 0.373743 0.775182
0 0.281367 0.836179 0.278638 0.771334 0.240458 0.776413 0.243187 0.841258
0 0.283795 1.00159 0.291915 0.973903 0.282448 0.965128 0.274327 0.992813
0 0.123549 0.744679 0.124155 0.727203 0.113289 0.726012 0.112683 0.743488
0 0.268966 0.882025 0.279668 0.855392 0.267219 0.83958 0.256516 0.866213
0 0.0728872 0.739126 0.074831 0.716157 0.0606131 0.712354 0.0586693 0.735323
0 0.513021 1.00071 0.513906 0.970532 0.5008 0.969316 0.499915 0.999492
0 0.339356 0.71513 0.34504 0.699732 0.335774 0.68892 0.33009 0.704318
0 0.335543 0.792718 0.345378 0.763331 0.332642 0.749858 0.322806 0.779245
0 0.374995 0.703931 0.37635 0.685712 0.365646 0.683196 0.364291 0.701415
0 0.432337 0.726935 0.437741 0.69929 0.417018 0.686488 0.411615 0.714133
0 0.445568 0.977632 0.456707 0.94347 0.446312 0.932758 0.435174 0.96692
0 0.0254996 0.99254 0.0478227 0.959683 0.0380585 0.938717 0.0157353 0.971575
0 0.596615 0.85103 0.601712 0.811413 0.587823 0.805766 0.582726 0.845383
0 0.440405 0.74118 0.441481 0.722927 0.428428 0.720495 0.427352 0.738748
0 0.268326 0.77756 0.279335 0.765611 0.267908 0.732338 0.256899 0.744288
0 0.130209 0.769296 0.133454 0.737243 0.118159 0.732349 0.114914 0.764402
0 0.0108617 0.709391 0.0120299 0.683878 -0.00189484 0.681863 -0.003063 0.707376
0 0.235117 0.926782 0.238156 0.901045 0.219957 0.894254 0.216919 0.919992
0 0.0525975 0.615522 0.058543 0.588973 0.0458734 0.580006 0.0399279 0.606555
0 0.447416 0.68599 0.452443 0.665166 0.443892 0.658642 0.438865 0.679466
0 0.510514 0.702205 0.562988 0.590915 0.507642 0.50844 0.455168 0.619729
0 0.526227 1.00601 0.535252 0.966887 0.518449 0.954637 0.509424 0.99376
0 0.299036 0.808473 0.298998 0.790163 0.286229 0.790246 0.286267 0.808556
0 0.0947694 0.665249 0.0967661 0.64839 0.0857262 0.644258 0.0837295 0.661116
0 0.0719192 0.565577 0.0756813 0.5442 0.0599843 0.535469 0.0562222 0.556847
0 0.241251 0.970964 0.246028 0.925292 0.221221 0.917091 0.216443 0.962763
0 0.270053 0.677272 0.273273 0.64885 0.25464 0.642176 0.251419 0.670598
0 0.364561 0.629437 0.364877 0.612593 0.354359 0.611968 0.354042 0.628812
0 0.414732 0.909759 0.419818 0.880366 0.405859 0.872734 0.400773 0.902126
0 0.219339 0.678437 0.220925 0.656318 0.206751 0.653107 0.205166 0.675226
0 0.46114 0.650063 0.46297 0.626698 0.445427 0.622356 0.443597 0.64572
0 0.440005 0.58249 0.441919 0.56156 0.429681 0.558022 0.427766 0.578952
0 0.470544 0.97238 0.473705 0.947909 0.456008 0.940684 0.452847 0.965155
0 0.598601 0.80449 0.598717 0.780648 0.582694 0.780401 0.582577 0.804243
0 0.0138725 0.688647 0.0155015 0.662949 0.00202487 0.660249 0.000395808 0.685947
0 0.240097 0.77522 0.242972 0.75032 0.22895 0.745205 0.226076 0.770105
0 0.339063 0.631212 0.348213 0.61184 0.340392 0.600165 0.331242 0.619537
0 0.663236 0.799917 0.666416 0.779315 0.647058 0.769872 0.643878 0.790474
0 0.434036 0.858174 0.43285 0.836723 0.412663 0.840249 0.413849 0.8617
0 0.446174 0.725696 0.447512 0.709441 0.437512 0.706839 0.436174 0.723094
0 0.24521 0.627926 0.250115 0.6032 0.2324 0.592093 0.227495 0.61682
0 0.478492 0.848629 0.478767 0.825504 0.465882 0.825019 0.465607 0.848144
0 0.0602851 0.708496 0.0615847 0.686478 0.0494696 0.684218 0.04817 0.706236
0 0.289893 0.930987 0.295957 0.900813 0.283334 0.892796 0.27727 0.92297
0 0.225661 0.7781 0.229789 0.752568 0.216472 0.745763 0.212344 0.771296
0 0.315457 0.716127 0.318783 0.693546 0.307069 0.688093 0.303743 0.710674
0 0.381546 0.719802 0.383984 0.699618 0.374144 0.69586 0.371706 0.716044
0 0.445742 0.765316 0.444592 0.73885 0.422529 0.741881 0.423679 0.768347
0 0.246637 0.879228 0.254161 0.851393 0.242967 0.841829 0.235443 0.869664
0 0.377083 0.862923 0.379814 0.841636 0.365859 0.835979 0.363128 0.857265
0 0.258856 0.725428 0.26321 0.705894 0.252364 0.698254 0.24801 0.717789
0 0.155696 0.593253 0.156967 0.571699 0.142539 0.56901 0.141268 0.590564
0 0.474648 0.819306 0.477166 0.796793 0.466994 0.793197 0.464476 0.81571
0 0.237762 0.494512 0.242524 0.475704 0.233584 0.468551 0.228822 0.487358
0 0.472483 0.946148 0.483482 0.917044 0.47193 0.903246 0.460931 0.932351
0 0.367882 0.828165 0.368218 0.798495 0.34152 0.797539 0.341184 0.827209
0 0.0379369 0.678202 0.0396313 0.652602 0.0167855 0.647823 0.0150911 0.673423
0 0.393166 0.762588 0.394778 0.741109 0.382142 0.738111 0.380529 0.75959
0 0.413976 0.882311 0.41702 0.858298 0.404727 0.853374 0.401683 0.877387
0 0.0445603 0.816407 0.0489705 0.781638 0.0369443 0.776816 0.032534 0.811586
0 0.405845 0.938231 0.416473 0.903436 0.404291 0.891676 0.393663 0.926471
0 0.333686 0.83007 0.336541 0.804923 0.321324 0.799463 0.318469 0.82461
0 0.279573 0.565248 0.280664 0.541344 0.258564 0.538155 0.257472 0.562059
0 0.501201 0.990912 0.501987 0.957221 0.487761 0.956173 0.486975 0.989864
0 0.0576888 0.769933 0.0637509 0.749023 0.0461073 0.732856 0.0400452 0.753766
0 0.3159 0.585062 0.321583 0.570057 0.311603 0.558109 0.305919 0.573114
0 0.0632505 0.725278 0.0664492 0.701333 0.054201 0.696162 0.0510023 0.720106
0 0.437482 0.885521 0.438096 0.859432 0.418286 0.85796 0.417673 0.88405
0 0.462829 0.867895 0.469244 0.844299 0.456389 0.833255 0.449975 0.856851
0 0.154096 0.713716 0.16222 0.689658 0.153401 0.680246 0.145277 0.704304
0 0.491403 0.851255 0.493172 0.828655 0.480769 0.825586 0.479 0.848186
0 0.328011 0.885569 0.331037 0.865217 0.316867 0.858559 0.313841 0.87891
0 0.0110651 0.849839 0.0280858 0.830465 0.0205141 0.809442 0.00349345 0.828815
0 0.427405 0.705396 0.430079 0.6861 0.415176 0.679574 0.412503 0.69887
0 0.0434292 0.841704 0.0542517 0.817121 0.0452238 0.804559 0.0344013 0.829143
0 0.312299 0.769319 0.314792 0.749572 0.304172 0.745333 0.301678 0.76508
0 0.346864 0.744186 0.349355 0.726012 0.339226 0.721624 0.336735 0.739799
0 0.247281 0.936917 0.249901 0.919467 0.234801 0.912301 0.23218 0.929751
0 0.0909111 0.803449 0.0915142 0.773792 0.0699896 0.772409 0.0693865 0.802066
0 0.489744 0.956062 0.493658 0.93343 0.476339 0.923963 0.472425 0.946596
0 0.276096 0.652212 0.275262 0.620064 0.249277 0.622196 0.250112 0.654345
0 0.453178 0.957785 0.46035 0.925828 0.449331 0.918012 0.442159 0.949969
0 0.404017 0.773433 0.429596 0.74614 0.420862 0.720268 0.395282 0.74756
0 0.215941 1.00832 0.231178 0.984531 0.221616 0.965174 0.206379 0.988962
0 0.561439 0.876602 0.568657 0.853127 0.558075 0.842844 0.550857 0.866318
0 0.313951 0.75755 0.320181 0.737004 0.308961 0.72625 0.30273 0.746796
0 0.132327 0.737251 0.134795 0.719651 0.122577 0.714238 0.12011 0.731838
0 0.438579 0.648524 0.439971 0.630739 0.429505 0.62815 0.428113 0.645935
0 0.58813 0.532689 0.590355 0.51375 0.573559 0.507512 0.571333 0.52645
0 0.168707 0.69992 0.174738 0.671763 0.164522 0.664848 0.158492 0.693005
0 0.477525 0.738603 0.480019 0.714082 0.46459 0.709123 0.462096 0.733643
0 0.563816 0.787044 0.564717 0.769526 0.552888 0.767603 0.551987 0.785122
0 0.0661174 0.874722 0.0749008 0.845367 0.0607265 0.831963 0.0519431 0.861318
0 0.207072 0.773443 0.212294 0.743003 0.189078 0.730417 0.183856 0.760857
0 0.184932 0.707582 0.194241 0.684683 0.185072 0.672902 0.175763 0.695801
0 0.273165 0.470946 0.27451 0.452075 0.263342 0.44956 0.261997 0.468431
0 0.405899 0.724673 0.408767 0.704676 0.399693 0.700563 0.396825 0.72056
0 0.60214 0.787202 0.606547 0.769381 0.593181 0.758935 0.588774 0.776756
0 0.489781 1.00453 0.490578 0.979954 0.474137 0.978269 0.47334 1.00284
0 0.486226 0.967022 0.488545 0.948968 0.475192 0.943548 0.472873 0.961603
0 0.724765 0.611173 0.726491 0.586337 0.711459 0.583035 0.709733 0.607871
0 0.33924 0.952776 0.341832 0.930281 0.326988 0.924875 0.324396 0.947371
0 0.498591 0.874421 0.503087 0.854025 0.490146 0.845011 0.48565 0.865406
0 0.123893 0.555804 0.125147 0.522155 0.106297 0.519935 0.105043 0.553584
0 0.125519 0.575115 0.129057 0.548709 0.115206 0.542843 0.111668 0.569249
0 0.294797 0.886679 0.297574 0.864185 0.284129 0.858939 0.281352 0.881433
0 0.459646 0.765901 0.473402 0.744233 0.463324 0.724013 0.449568 0.745682
0 0.579471 0.976071 0.582204 0.949969 0.567407 0.945073 0.564674 0.971174
0 0.226866 0.790474 0.230658 0.76446 0.216661 0.758013 0.21287 0.784028
0 0.0888014 0.360581 0.0929438 0.315871 0.0634198 0.307226 0.0592774 0.351935
0 0.0621921 0.497063 0.0650895 0.472409 0.0482656 0.46616 0.0453683 0.490814
0 0.394125 1.0098 0.40765 0.98581 0.397568 0.967847 0.384043 0.99184
0 0.245382 0.720239 0.24935 0.699367 0.238509 0.692854 0.234542 0.713726
0 0.466261 0.929179 0.468395 0.905283 0.45312 0.900972 0.450987 0.924868
0 0.121784 0.975031 0.122431 0.935196 0.0994573 0.934017 0.0988102 0.973852
0 0.17898 1.00296 0.185981 0.97417 0.167745 0.960156 0.160744 0.988947
0 0.220577 0.528013 0.224123 0.500733 0.208271 0.494222 0.204725 0.521502
0 0.195557 0.985652 0.204207 0.951851 0.193806 0.943438 0.185155 0.977238
0 0.274821 1.00426 0.281223 0.975277 0.26782 0.965918 0.261418 0.994897
0 0.0317366 0.787512 0.041022 0.723967 -0.00252204 0.703857 -0.0118074 0.767402
0 0.35163 0.765696 0.353815 0.748521 0.3434 0.744333 0.341215 0.761508
0 0.48432 0.830787 0.486064 0.812268 0.47457 0.808848 0.472826 0.827368
0 0.557433 0.929853 0.558441 0.903285 0.545058 0.90168 0.54405 0.928248
0 0.01358 0.810723 0.0155329 0.784851 -0.0020356 0.78066 -0.00398852 0.806532
0 0.109452 0.650652 0.113543 0.631137 0.0989515 0.62147 0.0948608 0.640985
0 0.553587 0.663644 0.558171 0.620152 0.542686 0.614994 0.538102 0.658486
0 0.470979 0.770546 0.479892 0.75056 0.471968 0.739392 0.463055 0.759378
0 0.205572 0.951715 0.210891 0.924674 0.197945 0.916625 0.192626 0.943666
0 0.184132 0.78037 0.19486 0.746345 0.181022 0.732555 0.170294 0.76658
0 0.508369 0.97351 0.520254 0.957109 0.506859 0.926433 0.494974 0.942834
0 0.242441 1.00692 0.262487 0.950623 0.245544 0.931556 0.225498 0.987851
0 0.600542 0.888179 0.604924 0.86691 0.591318 0.858051 0.586936 0.87932
0 0.320118 0.677976 0.324614 0.655342 0.315176 0.649418 0.310681 0.672052
0 0.328089 0.687828 0.336605 0.664899 0.327897 0.654679 0.319382 0.677608
0 0.220045 0.885199 0.232688 0.858955 0.221995 0.842673 0.209351 0.868916
0 0.19675 0.742974 0.197826 0.709657 0.172809 0.707106 0.171733 0.740422
0 0.142892 0.322827 0.172178 0.293383 0.141021 0.195444 0.111736 0.224889
0 0.284546 0.5182 0.285872 0.502865 0.275642 0.500071 0.274317 0.515406
0 0.399191 0.63065 0.400635 0.614141 0.39102 0.611483 0.389576 0.627992
0 0.359189 0.764135 0.362095 0.748666 0.351151 0.742167 0.348244 0.757636
0 0.308495 0.604186 0.306523 0.566474 0.274167 0.571824 0.27614 0.609535
0 0.310546 0.793808 0.314661 0.771286 0.30178 0.763848 0.297665 0.78637
0 0.323374 0.642311 0.328555 0.62058 0.318289 0.612844 0.313108 0.634576
0 0.0963642 0.695778 0.0998907 0.676769 0.0911591 0.67165 0.0876325 0.690658
0 0.737283 1.01625 0.802484 0.935499 0.738166 0.771366 0.672965 0.852118
0 0.57805 0.659465 0.579884 0.63782 0.567374 0.63447 0.56554 0.656115
0 0.390786 0.932518 0.398636 0.908106 0.390083 0.899413 0.382233 0.923826
0 0.298139 0.791965 0.300306 0.768706 0.28613 0.76453 0.283963 0.787789
0 0.11547 0.613839 0.116718 0.594482 0.103548 0.591797 0.102299 0.611153
0 0.485709 0.725223 0.490355 0.704594 0.477629 0.695538 0.472984 0.716167
0 0.0790368 0.722206 0.0867353 0.70544 0.0797042 0.695237 0.0720058 0.712004
0 0.426842 0.662778 0.430478 0.642554 0.41868 0.63585 0.415044 0.656074
0 0.507686 0.692457 0.50868 0.658976 0.490128 0.657236 0.489134 0.690716
0 0.348851 0.703512 0.351208 0.686497 0.341286 0.682153 0.338929 0.699168
0 0.0539376 0.804302 0.0612151 0.769517 0.0478893 0.760705 0.0406118 0.795491
0 0.403102 0.779253 0.420384 0.749404 0.410692 0.731667 0.393409 0.761516
0 0.0288291 0.790325 0.0304471 0.754219 0.000796543 0.75002 -0.000821469 0.786125
0 0.44385 0.79526 0.446722 0.765574 0.433143 0.761423 0.430271 0.791109
0 0.127846 0.857834 0.132123 0.802262 0.0978933 0.793935 0.0936161 0.849507
0 0.184526 0.536863 0.18484 0.521553 0.175751 0.520965 0.175437 0.536275
0 0.284628 0.755208 0.289825 0.727686 0.271136 0.716533 0.265939 0.744055
0 0.166899 0.951905 0.172558 0.926243 0.16201 0.918891 0.156351 0.944553
0 0.622415 0.833557 0.623647 0.804212 0.607257 0.802037 0.606025 0.831381
0 0.403258 0.800342 0.40614 0.777436 0.388532 0.770435 0.38565 0.793341
0 0.373994 0.815073 0.375842 0.792949 0.362788 0.789504 0.36094 0.811627
0 0.0865566 0.882259 0.0924741 0.852215 0.0793205 0.844027 0.073403 0.874071
0 0.312655 0.629669 0.318954 0.612836 0.310852 0.603253 0.304552 0.620085
0 0.391668 0.711082 0.394988 0.694526 0.385118 0.688269 0.381797 0.704825
0 0.28302 0.876177 0.287373 0.852782 0.276016 0.846103 0.271663 0.869499
0 0.0634328 0.586162 0.0670978 0.566523 0.0552495 0.559535 0.0515846 0.579174
0 0.469422 0.71221 0.472371 0.694698 0.459935 0.688078 0.456986 0.70559
0 0.115247 0.995339 0.11417 0.96176 0.090702 0.964139 0.091779 0.997718
0 0.0243775 0.697078 0.0263204 0.674171 0.0121075 0.670361 0.0101646 0.693268
0 0.0910697 0.849711 0.0945105 0.831024 0.083985 0.824899 0.0805442 0.843586
0 0.386511 0.920352 0.393842 0.890919 0.382481 0.881976 0.37515 0.911409
0 0.622829 0.802822 0.619891 0.777959 0.601388 0.784871 0.604326 0.809734
0 0.594737 0.906135 0.599372 0.885849 0.584128 0.874842 0.579494 0.895128
0 0.936828 0.891445 0.942899 0.79057 0.770177 0.757716 0.764106 0.858591
0 0.113414 0.754474 0.113854 0.727392 0.0973507 0.726545 0.0969108 0.753627
0 0.627608 0.782695 0.62849 0.759872 0.615425 0.758275 0.614542 0.781098
0 0.406035 0.742788 0.414467 0.723981 0.407409 0.713979 0.398977 0.732786
0 0.382903 0.6496 0.383321 0.63287 0.374176 0.632147 0.373757 0.648876
0 0.0643645 0.66775 0.0708062 0.653434 0.0593329 0.637118 0.0528913 0.651434
0 0.334744 0.75899 0.336751 0.74108 0.324802 0.736847 0.322794 0.754758
0 0.466398 0.670006 0.472998 0.652547 0.464011 0.641809 0.45741 0.659268
0 0.0292386 0.848525 0.03981 0.824698 0.0307872 0.812046 0.0202158 0.835873
0 0.602763 0.938253 0.616862 0.925074 0.60571 0.887369 0.591611 0.900548
0 0.371849 0.746565 0.373388 0.72666 0.363835 0.724325 0.362296 0.74423
0 0.572539 0.850394 0.578213 0.827316 0.56907 0.820211 0.563396 0.843289
0 0.0707414 0.702081 0.0736302 0.68197 0.0625164 0.676925 0.0596277 0.697036
0 0.354286 0.911232 0.360338 0.880105 0.348691 0.872947 0.342638 0.904075
0 0.349224 0.591024 0.35088 0.567338 0.337603 0.564404 0.335946 0.58809
0 0.0709561 0.718815 0.0745918 0.697301 0.063212 0.691224 0.0595764 0.712737
0 0.0681606 0.791481 0.0712983 0.7669 0.0594518 0.762121 0.0563142 0.786702
0 0.075566 0.654451 0.0791516 0.631604 0.067991 0.626068 0.0644053 0.648916
0 0.276344 0.538774 0.276495 0.52204 0.264959 0.521711 0.264809 0.538446
0 0.422357 0.616233 0.425821 0.598359 0.416867 0.592876 0.413403 0.61075
0 0.356917 0.67951 0.357773 0.661204 0.3464 0.659523 0.345544 0.67783
0 0.378813 0.729333 0.379139 0.709401 0.368045 0.708827 0.367719 0.728759
0 0.162108 0.673065 0.164053 0.654695 0.15383 0.651274 0.151885 0.669645
0 0.443514 0.709782 0.446522 0.696385 0.437147 0.689734 0.43414 0.703132
0 0.630682 0.639933 0.631084 0.622726 0.620694 0.621957 0.620292 0.639165
0 0.708371 0.676742 0.709955 0.657017 0.697562 0.653873 0.695978 0.673598
0 0.231789 0.724247 0.235065 0.702628 0.226078 0.698324 0.222802 0.719943
0 0.442236 0.948319 0.447273 0.920777 0.43381 0.912996 0.428773 0.940538
0 0.604305 0.766991 0.61029 0.751408 0.59918 0.737922 0.593195 0.753505
0 0.200777 0.711682 0.206115 0.679405 0.193307 0.67271 0.187969 0.704987
0 0.456712 0.694427 0.459575 0.674997 0.450346 0.670698 0.447483 0.690128
0 0.206464 0.968577 0.212766 0.945647 0.204115 0.938132 0.197813 0.961063
0 0.267871 0.709186 0.272498 0.690463 0.26143 0.681818 0.256803 0.700541
0 0.485256 1.00171 0.486737 0.974647 0.473255 0.972315 0.471774 0.99938
0 0.347345 0.99782 0.356905 0.978125 0.338069 0.949227 0.328509 0.968922
0 0.00416024 0.90953 0.0266388 0.883964 0.0183669 0.860977 -0.00411165 0.886544
0 0.586696 0.861788 0.589667 0.839222 0.578708 0.834663 0.575737 0.857228
0 0.284053 0.650683 0.287074 0.629185 0.277452 0.624912 0.274432 0.64641
0 0.0903342 0.717516 0.0985905 0.699779 0.0906463 0.688091 0.08239 0.705828
0 0.23789 0.748318 0.242405 0.725319 0.230757 0.718093 0.226243 0.741093
0 0.605066 0.787293 0.610326 0.771258 0.597872 0.758347 0.592612 0.774382
0 0.408129 0.697943 0.410083 0.677855 0.399359 0.674559 0.397406 0.694648
0 0.0857581 0.997928 0.100803 0.966778 0.0895509 0.949602 0.0745057 0.980751
0 0.0855411 0.611318 0.0885387 0.593866 0.0783188 0.588318 0.0753211 0.605771
0 0.209225 0.253941 0.223512 0.189437 0.174666 0.155245 0.16038 0.219749
0 0.313335 0.836206 0.318209 0.81618 0.306842 0.807436 0.301968 0.827462
0 0.413987 0.662196 0.417729 0.64755 0.408858 0.640387 0.405116 0.655032
0 0.170989 0.585629 0.172383 0.572262 0.163391 0.569299 0.161997 0.582667
0 0.340319 0.758035 0.341361 0.739842 0.329387 0.737675 0.328345 0.755868
0 0.398541 0.772778 0.40369 0.750701 0.393857 0.743453 0.388708 0.765531
0 0.144288 0.61757 0.146693 0.568353 0.119967 0.564225 0.117562 0.613442
0 0.12453 0.937972 0.125603 0.914949 0.109817 0.912624 0.108745 0.935647
0 0.214029 0.622475 0.216256 0.60596 0.206631 0.601857 0.204404 0.618372
0 0.0994581 0.772848 0.10299 0.748423 0.0880012 0.741574 0.0844695 0.765998
0 0.570668 1.00425 0.578992 0.976109 0.568379 0.966185 0.560055 0.994321
0 0.0788784 0.738576 0.0808944 0.717494 0.067768 0.713526 0.065752 0.734609
0 0.302105 0.829729 0.302514 0.809795 0.288011 0.808855 0.287602 0.828788
0 0.339827 0.848862 0.347828 0.831122 0.340101 0.820107 0.3321 0.837846
0 0.277311 0.963747 0.288857 0.931078 0.268327 0.908147 0.256781 0.940816
0 0.330492 0.868933 0.339617 0.8461 0.331061 0.835292 0.321935 0.858125
0 0.31152 0.586789 0.313964 0.569362 0.301579 0.563873 0.299135 0.581299
0 0.409634 0.808901 0.413693 0.783211 0.39568 0.774216 0.391621 0.799906
0 0.259786 0.874548 0.26538 0.848628 0.250202 0.838276 0.244609 0.864197
0 0.446181 0.88076 0.452996 0.860029 0.443914 0.850593 0.437099 0.871325
0 0.395784 0.737963 0.398078 0.709679 0.384069 0.706089 0.381775 0.734373
0 0.293765 0.639111 0.299431 0.618851 0.28573 0.606742 0.280064 0.627001
0 0.160024 0.740211 0.161755 0.725821 0.151496 0.721922 0.149766 0.736312
0 0.337665 0.814516 0.343076 0.79366 0.331966 0.78455 0.326555 0.805407
0 0.0393871 0.785955 0.0421703 0.756559 0.0263448 0.751823 0.0235615 0.781219
0 0.0631215 1.00119 0.0747609 0.976229 0.0663938 0.963896 0.0547545 0.988854
0 0.171306 0.746031 0.173213 0.730411 0.161141 0.725753 0.159234 0.741373
0 0.231094 0.552023 0.231273 0.535718 0.221001 0.53536 0.220822 0.551665
0 0.432445 0.630045 0.435417 0.614319 0.428553 0.610219 0.425581 0.625945
0 0.0460149 0.920987 0.057877 0.879838 0.0439589 0.867157 0.0320968 0.908306
0 0.0107047 0.878047 0.0108942 0.851917 -0.00224351 0.851615 -0.00243304 0.877746
0 0.277384 0.790669 0.280847 0.77415 0.267771 0.765484 0.264307 0.782004
0 0.545541 0.696551 0.547894 0.682325 0.537655 0.676973 0.535302 0.691198
0 0.367558 0.665705 0.368884 0.650885 0.360348 0.64847 0.359022 0.66329
0 0.323719 0.860673 0.333184 0.834329 0.324084 0.823995 0.314618 0.850339
0 0.249575 0.792515 0.253086 0.773042 0.24185 0.76664 0.23834 0.786114
0 0.362798 0.722893 0.364966 0.705786 0.355232 0.701887 0.353064 0.718994
0 0.285722 0.963871 0.29108 0.929032 0.273591 0.920531 0.268233 0.95537
0 0.0135583 0.660136 0.0168566 0.640169 0.00554767 0.634265 0.00224939 0.654232
0 0.109866 0.499435 0.107403 0.470354 0.0840003 0.476618 0.0864633 0.505699
0 0.58248 0.822405 0.584482 0.798328 0.56966 0.794433 0.567658 0.81851
0 0.36553 0.62593 0.366816 0.608435 0.355971 0.605917 0.354686 0.623413
0 0.222173 0.531121 0.222454 0.505596 0.205753 0.505016 0.205473 0.53054
