0 0.43905 0.58334 0.439586 0.533722 0.411516 0.532764 0.41098 0.582381
0 0.392118 0.970426 0.390642 0.863315 0.323817 0.866225 0.325292 0.973336
0 0.479385 0.979257 0.469033 0.88382 0.42232 0.899835 0.432672 0.995271
0 0.988395 1.07893 1.02681 0.856808 0.814305 0.740661 0.775892 0.962787
0 0.475731 1.01064 0.520854 0.988366 0.500937 0.860841 0.455813 0.883115
0 0.539794 0.996232 0.546875 0.932221 0.509404 0.919121 0.502323 0.983132
0 0.327736 0.935157 0.332127 0.897574 0.310459 0.889574 0.306069 0.927157
0 0.494583 0.822119 0.501805 0.794004 0.487825 0.782655 0.480603 0.81077
0 0.290774 0.947669 0.317991 0.894399 0.299953 0.86527 0.272735 0.91854
0 0.336066 0.898282 0.340339 0.82447 0.312299 0.81934 0.308026 0.893152
0 0.822032 0.765481 0.826356 0.704828 0.803152 0.6996 0.798827 0.760252
0 0.304441 0.890498 0.303465 0.840998 0.275347 0.842749 0.276323 0.892249
0 0.329135 0.970674 0.343509 0.928232 0.324887 0.9083 0.310513 0.950742
0 0.529248 0.930577 0.532858 0.902933 0.518149 0.896863 0.514539 0.924507
0 0.42293 0.909181 0.427793 0.879879 0.409605 0.870339 0.404742 0.89964
0 0.846462 0.573174 0.846756 0.5226 0.805632 0.521843 0.805338 0.572417
0 0.410382 0.90852 0.411701 0.872129 0.391757 0.869845 0.390438 0.906235
0 0.461884 0.863379 0.470948 0.826628 0.450974 0.811057 0.44191 0.847809
0 0.393692 0.849683 0.405112 0.816115 0.392704 0.802774 0.381284 0.836342
0 0.432009 0.99715 0.438756 0.959165 0.424328 0.951066 0.417581 0.989051
0 0.380687 1.0097 0.398301 0.95497 0.376628 0.932927 0.359014 0.987661
0 0.89442 0.700229 0.902878 0.641588 0.865013 0.624328 0.856556 0.682969
0 0.834714 0.707945 0.845559 0.670172 0.82969 0.655772 0.818845 0.693545
0 0.0158608 1.03988 0.0930599 0.955394 0.0562656 0.849141 -0.0209336 0.933631
0 0.0594682 0.816637 0.0615805 0.789784 0.0475031 0.786285 0.0453908 0.813137
0 0.166547 0.915087 0.17796 0.890328 0.165619 0.872349 0.154206 0.897109
0 0.399189 0.88599 0.394983 0.834323 0.361668 0.842894 0.365874 0.894561
0 0.29753 0.964268 0.318549 0.932415 0.306994 0.908317 0.285975 0.94017
0 0.786462 1.05067 0.840234 0.962414 0.756487 0.801141 0.702715 0.889392
0 0.291568 0.860791 0.316988 0.839927 0.310265 0.814041 0.284846 0.834906
0 0.494653 0.846351 0.501602 0.822832 0.489314 0.811357 0.482365 0.834877
0 0.507595 0.80607 0.508688 0.784766 0.497459 0.782944 0.496365 0.804248
0 0.434795 0.662591 0.436901 0.638604 0.422275 0.634546 0.420169 0.658533
0 0.170958 0.998597 0.194233 0.986403 0.190436 0.963495 0.16716 0.975688
0 0.767889 0.749302 0.778392 0.732898 0.764544 0.704878 0.754041 0.721282
0 0.223341 0.959633 0.233661 0.922632 0.221009 0.911479 0.210689 0.948481
0 0.574811 0.995216 0.594799 0.970935 0.574173 0.917276 0.554186 0.941558
0 0.487337 0.712525 0.495565 0.693207 0.484512 0.678326 0.476283 0.697643
0 0.0414556 0.836777 0.045059 0.804558 0.0274069 0.798319 0.0238036 0.830538
0 0.0656439 0.787914 0.0639476 0.752783 0.0327743 0.75754 0.0344706 0.792671
0 0.0109549 0.657926 0.0571538 0.627868 0.0465966 0.576585 0.000397702 0.606643
0 0.443281 0.79957 0.447017 0.778508 0.430359 0.769171 0.426624 0.790233
0 0.48423 0.831351 0.487349 0.804642 0.473761 0.799627 0.470642 0.826336
0 0.798868 0.754897 0.804864 0.716894 0.783382 0.706182 0.777386 0.744185
0 0.404001 0.805669 0.412021 0.77387 0.39984 0.76416 0.39182 0.795959
0 0.184242 0.900824 0.194638 0.88027 0.185664 0.865924 0.175268 0.886478
0 0.497198 0.873092 0.502701 0.842488 0.485271 0.832584 0.479769 0.863188
0 0.851128 0.539529 0.85468 0.51567 0.835324 0.506562 0.831772 0.530422
0 0.559828 0.567061 0.560251 0.524472 0.535026 0.52368 0.534603 0.566269
0 0.622738 1.0031 0.621048 0.96489 0.599261 0.967936 0.600951 1.00614
0 0.374226 0.539735 0.371804 0.505121 0.352988 0.50928 0.35541 0.543895
0 0.757157 0.754685 0.761975 0.719767 0.742577 0.711308 0.737759 0.746226
0 0.607375 0.988641 0.60775 0.917174 0.581405 0.916736 0.581029 0.988203
0 0.394678 0.678209 0.403835 0.647725 0.393106 0.637538 0.383948 0.668022
0 0.614156 0.391071 0.615444 0.330583 0.580819 0.328252 0.579531 0.38874
0 0.284495 0.97139 0.289241 0.920576 0.258621 0.911536 0.253874 0.96235
0 0.0610622 0.742194 0.0643029 0.719332 0.0500329 0.712939 0.0467922 0.735801
0 0.30607 0.982194 0.31891 0.952118 0.30741 0.9366 0.294569 0.966676
0 0.831266 0.66389 0.829775 0.640028 0.810096 0.643913 0.811586 0.667774
0 0.537331 0.813298 0.541278 0.793107 0.523612 0.782191 0.519664 0.802382
0 0.42485 0.936177 0.437659 0.905295 0.425931 0.889921 0.413122 0.920803
0 0.0846513 0.790321 0.0861618 0.755114 0.0655459 0.752318 0.0640353 0.787526
0 0.346526 0.752337 0.34426 0.722137 0.324507 0.726821 0.326772 0.75702
0 0.56607 0.986926 0.565287 0.947111 0.54724 0.948233 0.548024 0.988048
0 0.532344 1.00531 0.532347 0.979903 0.509713 0.979895 0.509711 1.0053
0 0.416981 0.868331 0.424967 0.815499 0.403061 0.805032 0.395074 0.857865
0 0.043017 0.757956 0.0509637 0.737268 0.0400246 0.723988 0.0320779 0.744676
0 0.471229 0.893911 0.485933 0.853657 0.470132 0.835415 0.455428 0.875669
0 0.562331 0.791008 0.56131 0.758954 0.539451 0.761154 0.540472 0.793208
0 0.781615 0.778627 0.792126 0.753635 0.77391 0.729424 0.7634 0.754416
0 0.42158 0.782471 0.424703 0.757289 0.410197 0.751604 0.407074 0.776786
0 0.209551 0.898036 0.215622 0.878616 0.206651 0.869752 0.20058 0.889172
0 0.277069 0.919131 0.284156 0.879182 0.265979 0.868991 0.258893 0.90894
0 0.539614 0.911992 0.541497 0.880827 0.526878 0.878035 0.524995 0.9092
0 0.626362 0.617364 0.623397 0.583924 0.603117 0.589607 0.606081 0.623047
0 0.048203 0.808334 0.049094 0.782716 0.0282758 0.780428 0.0273848 0.806046
0 0.419804 0.691425 0.418786 0.665531 0.398088 0.668102 0.399106 0.693996
0 0.101197 0.987072 0.116655 0.955525 0.107266 0.940985 0.0918079 0.972531
0 0.0415061 0.673534 0.0440031 0.643291 0.0281682 0.639159 0.0256712 0.669402
0 0.119768 1.01294 0.132819 0.992039 0.123133 0.972928 0.110082 0.993833
0 0.773211 0.694941 0.774938 0.671315 0.759474 0.667743 0.757747 0.691369
0 0.498112 0.890284 0.506834 0.860726 0.486908 0.842145 0.478187 0.871703
0 0.363824 1.01001 0.367162 0.974433 0.330305 0.963505 0.326967 0.999085
0 0.433127 0.848175 0.43686 0.817723 0.42107 0.811605 0.417337 0.842057
0 0.563741 0.618854 0.570969 0.582012 0.548914 0.568338 0.541686 0.605179
0 0.196442 0.976649 0.20827 0.954928 0.199041 0.939045 0.187213 0.960766
0 0.214111 0.933468 0.218976 0.914135 0.208779 0.906025 0.203914 0.925357
0 0.192947 0.935507 0.195566 0.918085 0.18502 0.913074 0.182401 0.930496
0 0.495941 0.606175 0.498062 0.58228 0.485766 0.578829 0.483644 0.602724
0 0.833316 0.5316 0.835742 0.502975 0.811999 0.496614 0.809573 0.525239
0 0.528912 0.869435 0.531009 0.839411 0.516245 0.836153 0.514149 0.866177
0 0.62502 0.977398 0.631602 0.954867 0.615446 0.939949 0.608863 0.96248
0 0.270381 0.840226 0.275727 0.81619 0.266563 0.809749 0.261218 0.833785
0 0.187782 1.00849 0.205333 0.996549 0.201016 0.976497 0.183466 0.988438
0 0.518415 0.913964 0.526931 0.88672 0.514105 0.874048 0.505589 0.901292
0 0.313883 0.803927 0.333888 0.76772 0.317353 0.738845 0.297347 0.775051
0 0.111637 0.327754 0.116043 0.285558 0.0929124 0.277925 0.0885067 0.320121
0 0.1695 0.987556 0.181962 0.971246 0.174736 0.953795 0.162274 0.970105
0 0.396624 1.01154 0.406787 0.982814 0.39439 0.968952 0.384227 0.997675
0 0.38353 0.748639 0.387389 0.732048 0.373213 0.721628 0.369354 0.738218
0 0.777766 0.810339 0.785031 0.753096 0.730913 0.731389 0.723648 0.788631
0 0.553113 0.895826 0.552317 0.855786 0.534944 0.856877 0.535739 0.896917
0 0.787114 0.708969 0.790488 0.687531 0.777896 0.681267 0.774522 0.702705
0 0.4251 0.953309 0.430085 0.927884 0.416939 0.919736 0.411953 0.945161
0 0.365685 0.565033 0.36702 0.547607 0.354819 0.544653 0.353484 0.562079
0 0.737927 0.993626 0.731299 0.908248 0.693711 0.91747 0.700338 1.00285
0 0.352166 0.722102 0.353849 0.70533 0.343105 0.701922 0.341421 0.718694
0 0.853662 0.520233 0.852078 0.468919 0.815234 0.472513 0.816818 0.523827
0 0.460138 0.706695 0.463943 0.690039 0.453984 0.682847 0.450178 0.699504
0 0.780896 0.597167 0.782681 0.567802 0.768045 0.564989 0.76626 0.594355
0 0.203046 0.975949 0.214399 0.953967 0.203197 0.935684 0.191845 0.957666
0 0.660815 0.387928 0.662676 0.347637 0.636751 0.343853 0.63489 0.384145
0 0.13797 0.996431 0.144348 0.969661 0.131695 0.960133 0.125317 0.986902
0 0.0100662 0.873223 0.0110042 0.83498 -0.00342257 0.833862 -0.00436062 0.872104
0 0.482876 0.805812 0.485271 0.783993 0.475173 0.78049 0.472778 0.80231
0 0.425023 0.411406 0.43254 0.350196 0.400106 0.337608 0.39259 0.398818
0 0.209775 0.98925 0.219178 0.969422 0.211386 0.957743 0.201983 0.977571
0 0.617523 0.900614 0.625681 0.857067 0.605692 0.845231 0.597534 0.888779
0 0.0884449 0.978568 0.103694 0.953435 0.0960307 0.938741 0.080782 0.963875
0 0.566076 0.888522 0.580916 0.853215 0.556606 0.82092 0.541766 0.856227
0 0.950136 0.777086 0.960797 0.753347 0.942532 0.727422 0.931871 0.751161
0 0.456579 0.724651 0.461807 0.708355 0.45192 0.69833 0.446692 0.714625
0 0.391257 0.812433 0.39697 0.790612 0.3844 0.780212 0.378688 0.802033
0 0.53063 0.826843 0.531828 0.804141 0.517163 0.801695 0.515965 0.824397
0 0.44433 0.620765 0.452281 0.594287 0.436155 0.578983 0.428204 0.605461
0 0.80226 0.772514 0.806284 0.751209 0.791626 0.742458 0.787602 0.763763
0 0.509173 0.860609 0.511589 0.839618 0.500532 0.835596 0.498116 0.856587
0 0.796696 0.738307 0.804971 0.711523 0.782804 0.689878 0.774529 0.716663
0 0.167205 0.422839 0.171929 0.38142 0.125027 0.364514 0.120303 0.405933
0 0.857576 0.685194 0.863741 0.655593 0.848847 0.645791 0.842683 0.675392
0 0.438153 0.632442 0.440291 0.615167 0.430172 0.611209 0.428034 0.628484
0 0.42647 0.673402 0.428069 0.657971 0.41703 0.654356 0.415431 0.669787
0 0.148328 0.971341 0.154903 0.949485 0.146241 0.941248 0.139665 0.963105
0 0.563117 0.774235 0.575639 0.748062 0.553227 0.714176 0.540706 0.740349
0 0.53973 0.845785 0.543005 0.825906 0.531186 0.819752 0.527911 0.839631
0 0.411956 0.665431 0.415662 0.645623 0.402985 0.638128 0.399279 0.657936
0 0.491562 0.402204 0.489462 0.362409 0.462827 0.36685 0.464927 0.406645
0 0.779085 0.725379 0.784534 0.697061 0.770444 0.688493 0.764996 0.716811
0 0.264055 0.740594 0.276142 0.696194 0.255666 0.678576 0.243578 0.722977
0 0.208093 0.944614 0.20958 0.927729 0.199021 0.924789 0.197534 0.941675
0 0.428138 0.716719 0.429391 0.691355 0.415131 0.689129 0.413878 0.714493
0 0.601035 0.840036 0.596071 0.790727 0.573858 0.797794 0.578821 0.847103
0 0.575251 0.920688 0.581904 0.900622 0.564508 0.882394 0.557855 0.902461
0 0.446766 0.898206 0.453033 0.87308 0.442822 0.865032 0.436555 0.890157
0 0.18003 0.998112 0.201714 0.981451 0.196968 0.961931 0.175284 0.978592
0 0.833167 0.747893 0.834934 0.727572 0.822868 0.724257 0.821102 0.744578
0 0.348079 0.822004 0.371146 0.792578 0.359676 0.764161 0.336609 0.793587
0 0.0682617 0.650971 0.0733913 0.623389 0.0602182 0.615646 0.0550886 0.643227
0 0.461693 0.139073 0.468324 0.0943966 0.434351 0.0784586 0.427719 0.123135
0 0.456035 1.00597 0.45663 0.984212 0.438166 0.982616 0.437571 1.00438
0 0.0222661 0.844545 0.0212656 0.812323 8.72152e-05 0.814402 0.00108773 0.846624
0 0.852403 0.644928 0.862169 0.619068 0.843198 0.596426 0.833432 0.622287
0 0.382936 0.568304 0.38381 0.548954 0.372599 0.547353 0.371725 0.566703
0 0.43089 0.813205 0.437121 0.796615 0.422077 0.778758 0.415846 0.795348
0 0.239851 0.939679 0.252445 0.919485 0.245184 0.905176 0.232591 0.925369
0 0.230236 0.974968 0.236528 0.952445 0.226425 0.943526 0.220133 0.966049
0 0.475904 0.871497 0.484116 0.833141 0.470067 0.823633 0.461854 0.861989
0 0.515024 0.825229 0.515906 0.80299 0.502004 0.801246 0.501121 0.823485
0 0.106945 1.00178 0.122263 0.970244 0.113609 0.956959 0.0982905 0.988497
0 0.592211 1.00342 0.590769 0.977573 0.564463 0.982213 0.565905 1.00806
0 0.558283 1.00475 0.557784 0.978715 0.537192 0.979964 0.537691 1.00599
0 0.761434 0.719404 0.764611 0.698168 0.749443 0.690996 0.746266 0.712233
0 0.214223 1.00444 0.228251 0.979944 0.219792 0.964631 0.205764 0.989123
0 0.437729 0.700089 0.439938 0.681094 0.429718 0.677338 0.427509 0.696334
0 0.409637 0.759164 0.411764 0.737884 0.400173 0.734221 0.398045 0.755501
0 0.550616 0.949867 0.553979 0.929142 0.539024 0.921473 0.535661 0.942199
0 0.432367 0.88766 0.438427 0.863963 0.427639 0.855244 0.421579 0.87894
0 0.471923 0.726766 0.479536 0.705111 0.470004 0.694519 0.462391 0.716174
0 0.51806 0.594223 0.549323 0.509897 0.519444 0.474888 0.488182 0.559214
0 0.461756 0.709575 0.467936 0.692994 0.458991 0.682457 0.452811 0.699037
0 0.267357 0.999609 0.296837 0.97495 0.289502 0.947235 0.260021 0.971894
0 0.565334 0.945365 0.569917 0.901759 0.550554 0.895326 0.54597 0.938932
0 0.338645 0.836058 0.348222 0.789769 0.327272 0.77607 0.317695 0.822359
0 0.131643 0.97607 0.143376 0.954077 0.134772 0.939569 0.123039 0.961562
0 0.220266 0.963222 0.228738 0.935642 0.219902 0.927065 0.21143 0.954645
0 0.244208 0.845845 0.247536 0.831266 0.237103 0.823739 0.233775 0.838318
0 0.473602 1.00743 0.475765 0.981498 0.460255 0.977408 0.458092 1.00334
0 0.432372 0.770651 0.433804 0.749214 0.422879 0.746908 0.421448 0.768345
0 0.815727 0.790249 0.818013 0.764964 0.80004 0.759827 0.797753 0.785112
0 0.0778788 0.762579 0.100546 0.725329 0.0864749 0.698269 0.0638082 0.735518
0 0.271784 0.785571 0.275979 0.764396 0.266898 0.75871 0.262703 0.779885
0 0.432177 0.617835 0.437108 0.593432 0.422519 0.584116 0.417589 0.608519
0 0.426254 0.740825 0.427939 0.721086 0.416114 0.717897 0.41443 0.737636
0 0.222 0.896069 0.227132 0.873084 0.218747 0.867166 0.213615 0.890151
0 0.635123 0.871941 0.637526 0.833568 0.62217 0.830527 0.619766 0.868901
0 0.179972 0.977006 0.190218 0.960919 0.183458 0.947311 0.173212 0.963397
0 0.41434 0.8809 0.416526 0.859146 0.402932 0.85483 0.400747 0.876585
0 0.857759 0.529408 0.880642 0.51654 0.876594 0.493792 0.853711 0.506661
0 0.618351 0.794675 0.620004 0.728302 0.586715 0.725682 0.585062 0.792055
0 0.205402 0.833393 0.209606 0.811308 0.20039 0.805764 0.196186 0.827848
0 0.620539 0.846278 0.625847 0.824371 0.613487 0.814906 0.608179 0.836814
0 0.804998 0.646964 0.809559 0.622951 0.791474 0.612096 0.786914 0.636109
0 0.0816315 0.980524 0.0926481 0.954369 0.0832049 0.941798 0.0721883 0.967953
0 0.547126 0.839533 0.549918 0.821582 0.540057 0.816735 0.537265 0.834686
0 0.883875 0.633616 0.88799 0.610125 0.874633 0.60273 0.870518 0.626221
0 0.092838 0.287907 0.0964538 0.250707 0.0729031 0.243473 0.0692873 0.280672
0 0.23309 0.837513 0.236898 0.819691 0.229145 0.814454 0.225337 0.832277
0 0.131338 0.913561 0.132787 0.894355 0.122124 0.891812 0.120675 0.911017
0 0.212896 0.92634 0.214497 0.907981 0.205346 0.905458 0.203745 0.923817
0 0.613509 0.867674 0.61163 0.828697 0.586328 0.832552 0.588207 0.871529
0 0.471 0.833192 0.473291 0.813212 0.463628 0.809711 0.461338 0.829691
0 0.610593 0.170652 0.611703 0.129218 0.59141 0.1275 0.5903 0.168933
