0 0.997126 0.977012 1.01227 0.8585 0.806664 0.77546 0.79152 0.893973
0 0.126149 0.671061 0.127293 0.635865 0.10643 0.633722 0.105286 0.668918
0 0.770641 0.58769 0.773134 0.52694 0.739172 0.522535 0.73668 0.583285
0 0.0506121 0.948924 0.0605249 0.922878 0.0415171 0.900015 0.0316044 0.926061
0 0.636687 0.558434 0.655018 0.530411 0.644976 0.509651 0.626646 0.537674
0 0.77804 0.989311 0.818339 0.904133 0.75337 0.806985 0.713071 0.892163
0 0.114374 0.884605 0.14059 0.855855 0.129865 0.824946 0.103649 0.853695
0 0.195647 0.903847 0.201046 0.855766 0.177722 0.847488 0.172323 0.895569
0 0.128253 0.90455 0.131897 0.87515 0.107328 0.865527 0.103684 0.894927
0 0.879209 0.571826 0.884629 0.539885 0.865438 0.529592 0.860017 0.561532
0 0.762775 0.508354 0.768533 0.478648 0.752298 0.468703 0.74654 0.498409
0 0.137853 0.993103 0.164425 0.960427 0.15217 0.928932 0.125599 0.961608
0 0.113423 0.323973 0.109672 0.278178 0.088794 0.283582 0.0925445 0.329377
0 0.0230968 0.906117 0.0533563 0.880637 0.0455513 0.851342 0.0152918 0.876823
0 0.784779 0.63365 0.789101 0.572134 0.757606 0.565141 0.753285 0.626657
0 0.447318 0.841051 0.467964 0.738511 0.421701 0.709071 0.401055 0.81161
0 0.242946 0.660182 0.243988 0.634517 0.229084 0.632605 0.228043 0.65827
0 0.621228 0.551333 0.639347 0.517626 0.627827 0.498054 0.609708 0.531761
0 0.572779 0.938182 0.578965 0.913351 0.565737 0.902935 0.559551 0.927766
0 0.640915 0.635273 0.650434 0.612144 0.634486 0.591399 0.624967 0.614528
0 0.0761517 1.00856 0.0968186 0.975802 0.0853897 0.953013 0.0647227 0.985772
0 0.195584 0.790434 0.197053 0.767034 0.182078 0.764064 0.18061 0.787464
0 0.189524 0.835449 0.189945 0.80494 0.16665 0.803924 0.166229 0.834433
0 0.59196 0.61477 0.593828 0.590241 0.576563 0.586084 0.574694 0.610613
0 0.64866 0.575579 0.655861 0.548384 0.643754 0.538252 0.636553 0.565446
0 0.818434 0.808413 0.82265 0.683731 0.71464 0.672188 0.710424 0.796871
0 0.768712 0.54443 0.779154 0.526932 0.762343 0.495224 0.7519 0.512722
0 0.159751 0.924942 0.165771 0.892769 0.14588 0.881005 0.13986 0.913179
0 0.326332 0.931059 0.345125 0.873812 0.324317 0.852224 0.305525 0.909472
0 0.136386 0.94796 0.135827 0.914267 0.116545 0.915277 0.117104 0.948971
0 0.727995 0.666251 0.743948 0.628186 0.728138 0.607243 0.712184 0.645308
0 0.638338 0.497117 0.64945 0.473807 0.640082 0.459693 0.62897 0.483003
0 0.712065 0.583944 0.722725 0.566555 0.711334 0.544486 0.700674 0.561875
0 0.239587 0.784856 0.236513 0.751504 0.213392 0.758238 0.216466 0.791591
0 0.898772 0.423708 0.905844 0.40189 0.885415 0.380962 0.878343 0.40278
0 0.0199301 0.909711 0.0196768 0.859383 -0.00576325 0.859787 -0.00551003 0.910115
0 0.0333796 0.876149 0.0342858 0.837166 0.0073611 0.835188 0.00645494 0.874171
0 0.865079 0.676892 0.877414 0.658495 0.862586 0.627076 0.850251 0.645473
0 0.601254 0.87108 0.604699 0.843979 0.587557 0.837092 0.584112 0.864193
0 0.768865 0.394905 0.769473 0.369337 0.757039 0.368403 0.756432 0.393971
0 0.0560555 0.914901 0.0679236 0.886801 0.0575519 0.872956 0.0456838 0.901056
0 0.805419 0.396843 0.808206 0.36535 0.790824 0.360488 0.788037 0.391981
0 0.749975 0.60896 0.754279 0.589057 0.740613 0.579717 0.736309 0.59962
0 0.266127 0.804178 0.277222 0.778451 0.264942 0.761712 0.253847 0.787439
0 0.105265 0.875332 0.106191 0.851631 0.0917616 0.849848 0.0908352 0.87355
0 0.242631 0.833074 0.25267 0.797085 0.238225 0.784351 0.228186 0.82034
0 0.116049 0.583823 0.127007 0.505364 0.0884551 0.488348 0.0774976 0.566806
0 0.84574 0.642766 0.854544 0.624648 0.839881 0.602129 0.831077 0.620247
0 0.791739 0.476981 0.803055 0.456578 0.782687 0.420878 0.771372 0.441281
0 0.107341 0.848238 0.132612 0.823389 0.124063 0.795913 0.0987927 0.820761
0 0.576911 0.690501 0.58786 0.664536 0.57782 0.651153 0.56687 0.677119
0 0.57102 0.614052 0.572278 0.582856 0.557437 0.580964 0.556178 0.61216
0 0.568797 0.714644 0.571485 0.69085 0.559608 0.68661 0.55692 0.710404
0 0.586083 0.832922 0.582312 0.777066 0.556595 0.782553 0.560366 0.838409
0 0.231929 0.756643 0.237942 0.723362 0.225353 0.716173 0.219339 0.749453
0 0.210643 0.684057 0.218301 0.653198 0.204237 0.642167 0.196579 0.673025
0 0.215175 0.708327 0.216841 0.686433 0.197582 0.681802 0.195916 0.703695
0 0.188107 0.301574 0.215974 0.274432 0.18783 0.183107 0.159963 0.210248
0 0.643366 0.442167 0.646506 0.423409 0.635142 0.417398 0.632003 0.436157
0 0.141908 0.846675 0.151196 0.826398 0.133768 0.801167 0.12448 0.821445
0 0.0125406 0.964338 0.0264085 0.918117 0.0052213 0.898026 -0.00864654 0.944247
0 0.778274 0.476106 0.781053 0.447612 0.764851 0.442618 0.762072 0.471112
0 0.582524 0.757857 0.587384 0.733146 0.576035 0.726092 0.571175 0.750803
0 0.687869 0.714892 0.688678 0.674502 0.663875 0.672933 0.663066 0.713322
0 0.25763 0.817456 0.260495 0.796037 0.248299 0.790881 0.245434 0.8123
0 0.526604 0.907939 0.537686 0.853757 0.499492 0.829066 0.48841 0.883248
0 0.0534585 0.998722 0.0683999 0.955501 0.0492481 0.934576 0.0343067 0.977798
0 0.663462 0.422433 0.666794 0.395873 0.652563 0.390232 0.649231 0.416791
0 0.663042 0.473799 0.664943 0.451925 0.653261 0.448715 0.651359 0.470589
0 0.794174 0.362648 0.79695 0.338393 0.785435 0.334229 0.78266 0.358483
0 0.200558 0.667159 0.201009 0.643672 0.184893 0.642693 0.184442 0.666179
0 0.893547 0.590713 0.904853 0.576467 0.890699 0.540964 0.879392 0.555211
0 0.225608 0.844967 0.237334 0.795243 0.214166 0.777973 0.202439 0.827697
0 0.666974 0.363186 0.670763 0.338112 0.660521 0.33322 0.656732 0.358294
0 0.571548 0.583374 0.574431 0.561101 0.562295 0.556136 0.559411 0.578409
0 0.049836 0.859293 0.0487191 0.825789 0.0280101 0.827971 0.029127 0.861475
0 0.0657812 0.987723 0.0880168 0.952075 0.0780336 0.932394 0.0557979 0.968041
0 0.213824 0.727947 0.215373 0.70463 0.202518 0.701931 0.200969 0.725248
0 0.202783 0.753178 0.201266 0.724194 0.181438 0.727474 0.182955 0.756458
0 0.514509 0.821825 0.525281 0.787361 0.510957 0.773211 0.500184 0.807674
0 0.854216 0.493331 0.855413 0.438829 0.82036 0.436396 0.819163 0.490898
0 0.722122 0.641778 0.724666 0.609589 0.707483 0.605296 0.704939 0.637485
0 0.784023 0.377583 0.786735 0.341583 0.76604 0.336657 0.763328 0.372656
0 0.731685 0.593131 0.744671 0.568593 0.73601 0.554107 0.723024 0.578646
0 0.876795 0.482322 0.884216 0.423039 0.857134 0.412325 0.849713 0.471608
0 0.748775 0.638363 0.755751 0.619667 0.742748 0.604334 0.735773 0.623031
0 0.587154 0.705536 0.59132 0.682373 0.579769 0.675806 0.575602 0.698969
0 0.483355 0.893163 0.493595 0.871386 0.477691 0.84775 0.467451 0.869527
0 0.781795 0.658779 0.797341 0.632616 0.788575 0.616153 0.773029 0.642316
0 0.172489 0.908596 0.180189 0.883118 0.166633 0.870171 0.158934 0.895648
0 0.13839 0.917316 0.144453 0.888007 0.13065 0.878982 0.124587 0.908292
0 0.691489 0.534848 0.698166 0.510367 0.689942 0.503279 0.683265 0.527759
0 0.646459 0.696193 0.651467 0.657708 0.633958 0.650507 0.62895 0.688992
0 0.0628482 0.933326 0.073219 0.908808 0.0618096 0.893555 0.0514388 0.918073
0 0.689094 0.450431 0.696898 0.427991 0.687942 0.418148 0.680138 0.440588
0 0.572241 0.858202 0.579027 0.831367 0.567878 0.822455 0.561091 0.84929
0 0.717556 0.485461 0.72732 0.475308 0.715234 0.438573 0.70547 0.448726
0 0.582886 0.724308 0.584639 0.704092 0.572825 0.700852 0.571071 0.721068
0 0.910929 0.408447 0.91398 0.388766 0.903038 0.383405 0.899987 0.403086
0 0.592478 0.579593 0.597583 0.555684 0.584587 0.546915 0.579482 0.570824
0 0.674945 0.431116 0.67649 0.410162 0.66336 0.407102 0.661815 0.428056
0 0.73354 0.43691 0.742161 0.404592 0.71826 0.384445 0.70964 0.416763
0 0.0172301 0.833812 0.0394619 0.806613 0.027348 0.775319 0.00511615 0.802518
0 0.672901 0.453365 0.674014 0.432816 0.660215 0.430453 0.659102 0.451002
0 0.521184 0.778585 0.521465 0.733929 0.488644 0.733276 0.488363 0.777932
0 0.197785 0.854908 0.215569 0.841263 0.203986 0.793555 0.186203 0.807201
0 0.644892 0.517964 0.648846 0.504427 0.638979 0.495318 0.635025 0.508855
0 0.808309 0.634556 0.812526 0.612242 0.797853 0.603478 0.793636 0.625792
0 0.419765 0.849285 0.41516 0.801803 0.381444 0.812137 0.386048 0.859619
0 0.63093 0.576765 0.640866 0.554504 0.62898 0.537735 0.619043 0.559996
0 0.133633 0.889717 0.142872 0.866255 0.132464 0.8533 0.123225 0.876763
0 0.788494 0.488994 0.794935 0.477811 0.785042 0.459803 0.778601 0.470986
0 0.65703 0.652602 0.657926 0.631893 0.635091 0.628772 0.634196 0.649481
0 0.179452 0.799641 0.182649 0.769321 0.165496 0.763604 0.162298 0.793924
0 0.816471 0.6535 0.820033 0.630566 0.805413 0.62339 0.801852 0.646324
0 0.731902 0.6215 0.737501 0.5976 0.726066 0.589134 0.720467 0.613033
0 0.841563 0.652439 0.843622 0.631065 0.828603 0.62649 0.826543 0.647865
0 0.840226 0.757302 0.844684 0.730177 0.82989 0.722493 0.825432 0.749619
0 0.221352 0.693363 0.223076 0.669558 0.208645 0.666255 0.206921 0.69006
0 0.625046 0.617437 0.627214 0.597783 0.615085 0.593555 0.612917 0.613209
0 0.63382 0.749777 0.635119 0.725896 0.618975 0.723122 0.617676 0.747003
0 0.200244 0.726577 0.202339 0.706744 0.188084 0.701985 0.185989 0.721817
0 0.825707 0.778076 0.836034 0.753902 0.814978 0.725475 0.804652 0.749649
0 0.748273 0.49857 0.752354 0.47683 0.73903 0.468925 0.734949 0.490664
0 0.843836 0.407465 0.851784 0.391043 0.838781 0.371152 0.830832 0.387574
0 0.334669 0.950493 0.347114 0.914864 0.330177 0.896168 0.317733 0.931796
0 0.806947 0.599023 0.81433 0.571853 0.802307 0.561528 0.794924 0.588697
0 0.21088 0.805449 0.212764 0.780124 0.201271 0.777422 0.199387 0.802747
0 0.874241 0.782212 0.893024 0.761738 0.871631 0.699708 0.852847 0.720181
0 0.716569 0.363077 0.721359 0.33971 0.707717 0.330872 0.702927 0.354239
0 0.659937 0.44107 0.661134 0.420578 0.649005 0.418339 0.647808 0.438831
0 0.731899 0.483904 0.740375 0.465388 0.729475 0.449618 0.720999 0.468134
0 0.833406 0.609965 0.834934 0.588816 0.819649 0.585326 0.818121 0.606475
0 0.175385 0.953715 0.177696 0.921252 0.162375 0.917805 0.160063 0.950267
0 0.513522 0.610153 0.515363 0.584623 0.503414 0.5819 0.501573 0.60743
0 0.573982 0.745086 0.576095 0.726282 0.562178 0.721341 0.560066 0.740145
0 0.825407 0.694876 0.833197 0.671089 0.811959 0.649108 0.80417 0.672895
0 0.687794 0.416419 0.690856 0.396013 0.680086 0.390904 0.677023 0.41131
0 0.831801 0.742845 0.835493 0.705546 0.816598 0.699635 0.812906 0.736934
0 0.230401 0.674524 0.230747 0.651517 0.216332 0.650832 0.215986 0.673839
0 0.408127 0.729581 0.417708 0.703505 0.405731 0.689598 0.39615 0.715673
0 0.110589 0.764747 0.114457 0.736151 0.100756 0.730294 0.0968885 0.758891
0 0.224568 0.299674 0.259591 0.258254 0.224208 0.163696 0.189185 0.205115
0 0.0306987 0.797512 0.0448879 0.77721 0.0372684 0.760379 0.0230791 0.78068
0 0.563859 0.674301 0.572533 0.651327 0.562128 0.63891 0.553454 0.661884
0 0.671251 0.509498 0.676467 0.487969 0.66708 0.480781 0.661863 0.502309
0 0.660294 0.587095 0.663802 0.563764 0.65237 0.558331 0.648862 0.581662
0 0.779753 0.440266 0.7901 0.429984 0.778893 0.394338 0.768545 0.404621
0 0.896876 0.787917 0.909644 0.771464 0.892668 0.729829 0.8799 0.746282
0 0.791108 0.221791 0.802307 0.196023 0.791995 0.181859 0.780796 0.207627
0 0.688457 0.511068 0.698973 0.467507 0.685626 0.457324 0.67511 0.500885
0 0.606915 0.512918 0.613392 0.484068 0.602619 0.476424 0.596142 0.505274
0 0.744638 0.366768 0.750953 0.344831 0.741498 0.336228 0.735183 0.358165
0 0.938958 0.409121 0.938738 0.372435 0.912708 0.372927 0.912927 0.409613
0 0.257274 0.673631 0.258945 0.647165 0.245674 0.644516 0.244002 0.670982
0 0.160384 0.854164 0.170324 0.818705 0.158863 0.808551 0.148923 0.84401
0 0.537449 0.8432 0.543284 0.818943 0.532134 0.810466 0.526299 0.834723
0 0.838712 0.32805 0.849405 0.270666 0.811409 0.24829 0.800716 0.305673
0 0.817819 0.734738 0.820017 0.697012 0.804436 0.694143 0.802239 0.731869
0 0.224592 0.727414 0.229745 0.702735 0.217083 0.694378 0.211929 0.719058
0 0.0166659 0.79908 0.0272243 0.774147 0.0152663 0.758142 0.0047079 0.783075
0 0.782399 0.698783 0.790866 0.666114 0.772981 0.651462 0.764513 0.684132
0 0.908485 0.82183 0.918496 0.796355 0.887866 0.758312 0.877855 0.783787
0 0.617944 0.510176 0.62393 0.486822 0.613655 0.4785 0.60767 0.501854
0 0.612175 0.759571 0.616758 0.728942 0.602843 0.722362 0.59826 0.752991
0 0.201404 0.770516 0.202169 0.752541 0.187066 0.750509 0.186301 0.768484
0 0.523712 0.837049 0.528462 0.810826 0.515178 0.803222 0.510428 0.829445
0 0.547549 0.85235 0.552202 0.830652 0.541993 0.823734 0.53734 0.845432
0 0.584965 0.591437 0.58809 0.574566 0.575483 0.567185 0.572358 0.584056
0 0.719576 0.618469 0.729711 0.593828 0.720463 0.581807 0.710328 0.606448
0 0.857319 0.758338 0.867341 0.721942 0.849317 0.706257 0.839295 0.742653
0 0.620869 0.570275 0.623793 0.548362 0.613336 0.543952 0.610412 0.565865
0 0.673352 0.408994 0.676422 0.386154 0.663233 0.380551 0.660163 0.403391
0 0.876483 0.417632 0.878631 0.391558 0.860063 0.386722 0.857915 0.412796
0 0.200247 0.694738 0.202535 0.672537 0.189114 0.668166 0.186827 0.690368
0 0.573818 0.654945 0.581513 0.639153 0.568418 0.618986 0.560723 0.634779
0 0.617412 0.930564 0.623565 0.909323 0.614192 0.900742 0.608039 0.921983
0 0.149962 0.891097 0.155976 0.859504 0.143497 0.851996 0.137483 0.88359
0 0.665411 0.546216 0.67273 0.538165 0.66205 0.50748 0.654731 0.515531
0 0.648118 0.750361 0.654887 0.728531 0.637726 0.711712 0.630957 0.733543
0 0.838454 0.673203 0.840722 0.652861 0.827361 0.648152 0.825092 0.668494
0 0.769949 0.650988 0.772628 0.625811 0.758785 0.621154 0.756106 0.646331
0 0.400248 0.924048 0.408781 0.881638 0.391758 0.870813 0.383225 0.913223
0 0.696414 0.688904 0.701654 0.661354 0.679907 0.648282 0.674667 0.675832
0 0.158845 0.893486 0.173709 0.873738 0.165872 0.855095 0.151008 0.874843
0 0.444325 0.964846 0.447388 0.923985 0.424516 0.918566 0.421453 0.959427
0 0.792812 0.630325 0.796308 0.608754 0.785202 0.603066 0.781707 0.624637
0 0.563504 0.767555 0.5673 0.741248 0.551301 0.73395 0.547504 0.760256
0 0.593298 0.688412 0.603039 0.675259 0.59093 0.646918 0.581189 0.660071
0 0.0303477 1.00518 0.029677 0.951648 0.00104919 0.952781 0.00171985 1.00631
0 0.512403 0.730065 0.523571 0.717767 0.511935 0.684368 0.500766 0.696666
0 0.563076 0.218907 0.562548 0.166054 0.532612 0.166999 0.533141 0.219853
0 0.68796 0.362211 0.693837 0.342131 0.686286 0.335146 0.680409 0.355226
0 0.274342 0.831961 0.281554 0.804007 0.270339 0.794862 0.263127 0.822816
0 0.85183 0.779384 0.853971 0.748621 0.83367 0.744156 0.831529 0.774919
0 0.264214 0.710392 0.266052 0.687831 0.255191 0.685035 0.253353 0.707596
0 0.660866 0.522608 0.666718 0.511338 0.653338 0.48938 0.647486 0.500651
0 0.39441 0.702881 0.404097 0.685043 0.397111 0.673053 0.387424 0.690891
0 0.493196 0.865598 0.507021 0.835291 0.495128 0.818144 0.481303 0.848451
0 0.757967 0.47555 0.762106 0.453326 0.751635 0.447163 0.747496 0.469387
0 0.558048 0.862286 0.5659 0.840629 0.556967 0.830392 0.549114 0.852049
0 0.887283 0.595704 0.892784 0.573253 0.881647 0.564628 0.876146 0.58708
0 0.580059 0.905664 0.585794 0.876268 0.576006 0.870234 0.570272 0.89963
0 0.816901 0.618492 0.819993 0.59956 0.805043 0.591844 0.801952 0.610777
0 0.996893 0.441958 0.998582 0.417352 0.984798 0.414363 0.98311 0.438969
0 0.381047 0.889171 0.393092 0.846461 0.377272 0.832361 0.365227 0.875072
0 0.55029 0.619171 0.557529 0.593504 0.547132 0.584235 0.539892 0.609902
0 0.558002 0.651424 0.56114 0.631992 0.548303 0.62544 0.545165 0.644873
0 0.87564 0.386099 0.87665 0.365844 0.863171 0.363719 0.862161 0.383973
0 0.615579 0.722273 0.623614 0.690016 0.611186 0.680232 0.603151 0.71249
0 0.251496 0.714775 0.251923 0.696534 0.240165 0.695666 0.239739 0.713907
0 1.00337 0.366512 1.00578 0.332871 0.985434 0.328264 0.983024 0.361905
0 0.65281 0.453878 0.654634 0.437794 0.642923 0.433595 0.641098 0.44968
0 0.873981 0.596385 0.877221 0.569685 0.860836 0.563401 0.857596 0.590101
0 0.161455 0.952811 0.167668 0.925332 0.152103 0.91421 0.14589 0.941689
0 0.631255 0.649349 0.633019 0.629215 0.620383 0.625717 0.618619 0.645851
0 0.0940781 0.839346 0.110158 0.812697 0.101552 0.796284 0.0854716 0.822934
0 0.0250513 0.267024 0.18507 0.209111 0.175291 0.123713 0.0152722 0.181625
0 0.878284 0.213438 0.878376 0.182599 0.855971 0.182387 0.855878 0.213225
0 0.372795 0.930341 0.379117 0.895266 0.364708 0.887059 0.358387 0.922134
0 0.0649743 0.954863 0.0701613 0.929129 0.0564362 0.920386 0.0512492 0.946119
0 0.671017 0.39794 0.673904 0.375967 0.663115 0.371485 0.660228 0.393459
0 0.217843 0.965409 0.226734 0.936496 0.207426 0.917729 0.198534 0.946643
0 0.553197 0.88734 0.56031 0.857633 0.550995 0.850585 0.543883 0.880291
0 0.712425 0.506902 0.71651 0.483645 0.698093 0.47342 0.694008 0.496677
0 0.0219682 0.938329 0.0438145 0.907539 0.0344726 0.88659 0.0126263 0.917379
0 0.11204 0.789857 0.11513 0.771526 0.101885 0.76447 0.0987953 0.782801
0 0.831913 0.633083 0.836246 0.615369 0.822884 0.605037 0.81855 0.622751
0 0.631864 0.593058 0.636092 0.574039 0.626514 0.56731 0.622286 0.586329
0 0.647085 0.41636 0.657232 0.392851 0.645674 0.377087 0.635528 0.400596
0 0.230755 0.889203 0.23671 0.866762 0.221345 0.853875 0.21539 0.876316
0 0.546159 0.809042 0.548888 0.752157 0.518967 0.747621 0.516239 0.804506
0 0.682853 0.320697 0.690223 0.300409 0.681271 0.290131 0.673901 0.310419
0 0.744106 0.44754 0.746171 0.431115 0.734413 0.426444 0.732348 0.442869
0 0.960167 0.798937 0.972121 0.727191 0.891059 0.684506 0.879105 0.756253
0 0.114426 0.605869 0.112901 0.57883 0.0933434 0.582316 0.0948683 0.609355
0 0.761061 0.328614 0.763472 0.304286 0.750932 0.30036 0.748522 0.324688
0 0.556877 0.686932 0.561929 0.659335 0.552924 0.654124 0.547871 0.68172
0 0.907024 0.174063 0.912883 0.156597 0.900041 0.142984 0.894183 0.160449
0 0.650828 0.40683 0.658118 0.379645 0.643618 0.367355 0.636327 0.394541
0 0.146038 0.764538 0.153032 0.740824 0.141558 0.730129 0.134564 0.753843
0 0.644504 0.350101 0.651205 0.325393 0.63969 0.315522 0.632989 0.34023
0 0.211098 0.762072 0.213696 0.741177 0.197884 0.734965 0.195286 0.75586
0 0.0617918 1.01155 0.0696165 0.989494 0.057478 0.975886 0.0496534 0.997945
0 0.635206 0.660031 0.636804 0.639978 0.625827 0.637213 0.624229 0.657267
0 0.73486 0.366427 0.73793 0.344508 0.72552 0.339013 0.722449 0.360932
0 0.545656 0.891986 0.547252 0.859874 0.535309 0.857997 0.533712 0.890109
0 0.894586 0.39221 0.910228 0.355586 0.89784 0.338864 0.882198 0.375488
0 0.588982 0.649586 0.594525 0.618505 0.580481 0.610589 0.574938 0.64167
0 0.498725 0.693154 0.504508 0.668302 0.492328 0.659344 0.486545 0.684196
0 0.807261 0.711852 0.808372 0.682516 0.794765 0.680887 0.793654 0.710223
0 0.0366706 0.964574 0.0408995 0.925694 0.0224457 0.91935 0.0182168 0.95823
0 0.988363 0.40477 1.00325 0.377584 0.992096 0.358277 0.977208 0.385463
0 0.221118 0.740985 0.224217 0.719868 0.215118 0.715649 0.21202 0.736766
0 0.511238 0.663974 0.519671 0.64373 0.511489 0.632957 0.503055 0.653201
0 0.698978 0.408679 0.701244 0.393536 0.692175 0.389246 0.689909 0.40439
0 0.147384 0.938278 0.152525 0.909859 0.137405 0.901215 0.132264 0.929633
0 0.725724 0.502789 0.730849 0.482976 0.718111 0.472564 0.712986 0.492377
0 0.78082 0.504032 0.788488 0.485165 0.776227 0.469416 0.768559 0.488283
0 0.418875 0.718924 0.430678 0.688171 0.416946 0.671513 0.405143 0.702266
0 0.619731 0.659454 0.623997 0.641538 0.615313 0.635004 0.611047 0.65292
0 0.263712 0.763484 0.265127 0.741919 0.251386 0.739068 0.249971 0.760634
0 0.537369 0.62203 0.545283 0.606216 0.538352 0.595255 0.530439 0.611069
0 0.161756 0.805285 0.16249 0.787091 0.151044 0.785631 0.15031 0.803825
0 0.622912 0.735565 0.626716 0.703398 0.613739 0.698546 0.609934 0.730714
0 0.507296 0.632538 0.512257 0.6132 0.50465 0.607033 0.499689 0.626371
0 0.391451 0.929623 0.396372 0.903798 0.379879 0.893866 0.374959 0.919692
0 0.904685 0.312981 0.920379 0.256222 0.896888 0.235693 0.881194 0.292452
0 0.198247 0.630415 0.199171 0.598776 0.181472 0.597143 0.180548 0.628781
0 0.720504 0.283298 0.725326 0.264808 0.717586 0.25843 0.712765 0.27692
0 0.558421 0.570291 0.563438 0.550393 0.554857 0.543556 0.549841 0.563454
0 0.665447 0.445107 0.667967 0.429706 0.658008 0.424555 0.655488 0.439956
0 0.686358 0.382684 0.68836 0.365345 0.678425 0.361719 0.676423 0.379058
0 0.826964 0.631438 0.830323 0.614784 0.819009 0.607572 0.81565 0.624227
0 0.944117 0.413866 0.959096 0.378854 0.94746 0.363121 0.932482 0.398134
0 0.63528 0.380764 0.638062 0.360814 0.624798 0.354967 0.622016 0.374917
0 0.521376 0.639035 0.528898 0.615264 0.519947 0.606314 0.512426 0.630084
0 0.788154 0.554222 0.796751 0.535648 0.779819 0.51088 0.771222 0.529454
0 0.486715 0.711909 0.491914 0.675547 0.474232 0.667557 0.469033 0.703919
0 0.612416 0.569197 0.614513 0.547759 0.604528 0.544672 0.602431 0.566109
0 0.719751 0.675672 0.726893 0.655823 0.710212 0.636854 0.70307 0.656703
0 0.610399 0.547245 0.614118 0.517933 0.594712 0.510151 0.590993 0.539463
0 0.720685 0.694704 0.742554 0.668024 0.734216 0.646425 0.712348 0.673104
0 0.864446 0.563042 0.866443 0.531865 0.849454 0.528425 0.847456 0.559601
0 0.182218 0.765723 0.185196 0.748676 0.172456 0.741644 0.169479 0.758691
0 0.6735 0.488294 0.679098 0.466029 0.668214 0.457379 0.662615 0.479643
0 0.677808 0.296493 0.681479 0.260068 0.660738 0.253462 0.657067 0.289887
0 0.212601 0.737851 0.21436 0.716219 0.20109 0.71281 0.199332 0.734441
0 0.619568 0.586138 0.622906 0.567551 0.61403 0.562514 0.610692 0.581101
0 0.737882 0.391139 0.742629 0.367337 0.730171 0.359485 0.725424 0.383286
0 0.0909837 0.665659 0.0851069 0.632647 0.0566006 0.648686 0.0624774 0.681697
0 0.726422 0.394373 0.729074 0.372184 0.71597 0.367233 0.713318 0.389422
