0 0.239772 0.719271 0.248046 0.677556 0.223762 0.662334 0.215489 0.704049
0 0.362986 0.961697 0.375522 0.913472 0.355122 0.896713 0.342587 0.944938
0 0.242149 0.861291 0.243608 0.832693 0.224224 0.829567 0.222765 0.858166
0 0.233313 0.822007 0.267126 0.779814 0.248558 0.732788 0.214746 0.774981
0 0.0896551 0.622265 0.0906388 0.587118 0.0721384 0.585481 0.0711547 0.620629
0 0.555721 1.0084 0.562607 0.954717 0.530392 0.941655 0.523505 0.995333
0 0.140515 0.95213 0.130831 0.89349 0.092352 0.913574 0.102036 0.972213
0 0.0656117 0.656823 0.0642905 0.629848 0.0386319 0.63382 0.0399531 0.660795
0 0.267998 0.87043 0.292808 0.85282 0.287186 0.827788 0.262377 0.845398
0 0.374485 0.729366 0.376221 0.707594 0.3633 0.704338 0.361564 0.72611
0 0.330669 0.544396 0.342886 0.513863 0.328392 0.495534 0.316175 0.526067
0 0.347402 0.897266 0.352117 0.858664 0.335134 0.852108 0.330419 0.89071
0 0.327627 1.01259 0.355866 0.959388 0.320027 0.899265 0.291788 0.952467
0 0.0641785 0.489915 0.0988953 0.46779 0.0922033 0.434604 0.0574865 0.456729
0 0.448788 1.00526 0.446444 0.952709 0.412888 0.957441 0.415232 1.00999
0 0.183058 0.738648 0.1925 0.700101 0.172175 0.684366 0.162733 0.722913
0 0.285214 0.586182 0.29704 0.543511 0.280665 0.52917 0.26884 0.571841
0 0.250955 0.879019 0.268208 0.841711 0.254769 0.82207 0.237516 0.859378
0 0.464619 1.00626 0.465934 0.98006 0.45099 0.977688 0.449675 1.00389
0 0.384661 0.905702 0.378929 0.856086 0.347985 0.867386 0.353717 0.917001
0 0.16048 0.960362 0.174724 0.922873 0.160626 0.905943 0.146382 0.943432
0 0.151352 0.939369 0.165278 0.900856 0.147345 0.880362 0.133419 0.918875
0 0.3332 0.775385 0.341184 0.734587 0.327144 0.725903 0.31916 0.766701
0 0.439306 0.717704 0.447387 0.694938 0.431475 0.67709 0.423395 0.699856
0 0.309741 0.92847 0.331756 0.894037 0.318827 0.867912 0.296812 0.902346
0 0.266253 0.892484 0.277894 0.866744 0.266425 0.850351 0.254784 0.876091
0 0.0904821 0.950355 0.0964122 0.924439 0.0827269 0.914542 0.0767968 0.940458
0 0.234228 0.769874 0.233249 0.717366 0.187125 0.720086 0.188105 0.772594
0 0.988961 1.04989 1.01066 0.890783 0.820195 0.808705 0.7985 0.96781
0 0.786048 1.04317 0.837314 0.953511 0.770308 0.832423 0.719042 0.922081
0 0.446092 0.68288 0.452427 0.666076 0.44176 0.653365 0.435425 0.670168
0 0.271251 0.670775 0.274522 0.647655 0.253906 0.638434 0.250635 0.661554
0 0.391309 0.873902 0.39368 0.849492 0.377953 0.844664 0.375582 0.869074
0 0.445472 0.655665 0.447092 0.632815 0.432433 0.629531 0.430813 0.652381
0 0.0780017 0.684526 0.0831637 0.655198 0.0598524 0.64223 0.0546904 0.671558
0 0.113394 0.64994 0.116595 0.627527 0.103893 0.621793 0.100692 0.644206
0 0.350407 0.863534 0.355833 0.83941 0.340943 0.828827 0.335518 0.852951
0 0.395661 0.703844 0.39656 0.68239 0.383849 0.680706 0.38295 0.70216
0 0.473531 0.977198 0.476378 0.94916 0.459122 0.943624 0.456276 0.971662
0 0.35212 0.784612 0.379847 0.755408 0.371608 0.730685 0.343881 0.759889
0 0.358777 0.844029 0.36508 0.818583 0.355312 0.810935 0.349008 0.83638
0 0.344576 0.724614 0.351665 0.691276 0.33501 0.680083 0.327921 0.713421
0 0.24096 0.671609 0.242086 0.643913 0.224103 0.641602 0.222976 0.669298
0 0.738803 0.637515 0.740579 0.611891 0.725017 0.608481 0.723241 0.634105
0 0.251297 0.923393 0.253047 0.877149 0.22789 0.874141 0.22614 0.920385
0 0.027793 0.838687 0.052873 0.814238 0.0452499 0.789523 0.0201698 0.813972
0 0.45822 0.680602 0.465637 0.661595 0.456601 0.650451 0.449184 0.669458
0 0.105414 0.899095 0.110911 0.814711 0.0664129 0.805549 0.0609156 0.889933
0 0.52764 0.995797 0.529404 0.954487 0.510471 0.951932 0.508707 0.993243
0 0.264273 0.717954 0.272637 0.689136 0.261517 0.678936 0.253153 0.707754
0 0.405185 0.721416 0.406853 0.694131 0.392808 0.691417 0.39114 0.718702
0 0.372331 0.806238 0.37564 0.781981 0.352138 0.771847 0.348829 0.796104
0 0.268386 0.59154 0.269104 0.56369 0.251907 0.562291 0.25119 0.590141
0 0.0739893 0.638049 0.0759879 0.607851 0.0579725 0.604082 0.0559739 0.634281
0 0.137888 0.542138 0.141572 0.497291 0.11766 0.491082 0.113976 0.535929
0 0.222211 0.85697 0.221248 0.75256 0.164032 0.754228 0.164995 0.858637
0 0.338454 0.806748 0.346238 0.783959 0.334287 0.771057 0.326503 0.793846
0 0.41311 0.954385 0.413411 0.91094 0.396313 0.910566 0.396012 0.954011
0 0.175904 0.97786 0.183652 0.94451 0.163423 0.929657 0.155675 0.963007
0 0.158068 1.00638 0.174979 0.977533 0.166039 0.960966 0.149128 0.98981
0 0.313001 0.515071 0.312802 0.49634 0.296236 0.496896 0.296435 0.515627
0 0.436488 0.872643 0.439376 0.846139 0.423688 0.840737 0.4208 0.867241
0 0.392686 0.969377 0.398618 0.919195 0.381997 0.912985 0.376065 0.963167
0 0.300812 0.540552 0.302869 0.518871 0.278899 0.511684 0.276842 0.533365
0 0.0973677 0.575476 0.105781 0.547842 0.094772 0.537249 0.086359 0.564884
0 0.249584 0.842444 0.258471 0.806877 0.245532 0.796659 0.236645 0.832226
0 0.249148 0.52092 0.251792 0.48976 0.234316 0.485075 0.231673 0.516235
0 0.448601 0.615633 0.450306 0.598739 0.44087 0.595729 0.439165 0.612623
0 0.389094 0.741723 0.390248 0.7227 0.377169 0.720194 0.376016 0.739217
0 0.421247 0.928877 0.426816 0.901766 0.414256 0.893611 0.408687 0.920723
0 0.379068 0.863376 0.381493 0.837925 0.367918 0.833838 0.365493 0.859288
0 0.476299 0.89988 0.475798 0.849182 0.452597 0.849906 0.453098 0.900605
0 0.413236 0.665199 0.414733 0.642064 0.40219 0.639499 0.400693 0.662634
0 0.347224 0.643406 0.355087 0.621318 0.34516 0.61015 0.337297 0.632237
0 0.315177 0.554182 0.316915 0.532407 0.301254 0.528456 0.299516 0.55023
0 0.102818 0.719831 0.112659 0.692977 0.0908369 0.667704 0.0809962 0.694558
0 0.427088 0.903518 0.433053 0.871693 0.421471 0.864832 0.415506 0.896657
0 0.40214 0.839893 0.413813 0.778296 0.385079 0.761087 0.373406 0.822684
0 0.0946803 0.804152 0.0947758 0.77756 0.0799794 0.777392 0.0798839 0.803984
0 0.345348 0.7679 0.356609 0.740689 0.345488 0.726143 0.334227 0.753354
0 0.338222 0.673015 0.351457 0.653148 0.344247 0.637968 0.331012 0.657835
0 0.460024 0.739773 0.464121 0.719746 0.45011 0.710685 0.446012 0.730712
0 0.302979 0.746943 0.306646 0.721199 0.293572 0.715313 0.289905 0.741057
0 0.493103 0.848271 0.496683 0.825689 0.485413 0.820042 0.481833 0.842624
0 0.201078 0.985611 0.202762 0.960106 0.189827 0.957405 0.188142 0.982911
0 0.285003 0.83664 0.286031 0.807517 0.261969 0.804833 0.260941 0.833955
0 0.290473 0.640377 0.289877 0.616592 0.270687 0.618111 0.271283 0.641895
0 0.241376 1.00152 0.241178 0.972881 0.220738 0.973326 0.220935 1.00196
0 0.313613 0.76141 0.313984 0.736198 0.297937 0.735451 0.297565 0.760663
0 0.0911635 0.658332 0.0930682 0.632759 0.0798211 0.62964 0.0779163 0.655213
0 0.0474241 0.977522 0.0576355 0.947429 0.0474569 0.936513 0.0372455 0.966605
0 0.260626 0.964049 0.283821 0.903078 0.259516 0.873857 0.236322 0.934828
0 0.564334 0.96246 0.566179 0.942572 0.553081 0.938733 0.551237 0.958622
0 0.294175 0.622034 0.294691 0.595477 0.273378 0.594168 0.272862 0.620725
0 0.394477 0.778847 0.394241 0.74999 0.372446 0.750552 0.372681 0.779408
0 0.429302 0.615185 0.431054 0.593549 0.417897 0.590182 0.416144 0.611818
0 0.337644 0.856183 0.340292 0.837384 0.325373 0.830745 0.322726 0.849544
0 0.0546435 0.725154 0.0605944 0.696274 0.0345461 0.67931 0.0285952 0.708191
0 0.453876 0.754957 0.452931 0.727261 0.432717 0.729442 0.433662 0.757138
0 0.0122622 0.943512 0.0275134 0.892039 0.00485229 0.870818 -0.0103989 0.922291
0 0.472163 0.928865 0.481671 0.902702 0.471519 0.891041 0.462011 0.917204
0 0.497588 0.982522 0.499862 0.950482 0.483883 0.946897 0.481609 0.978938
0 0.475364 0.613388 0.476663 0.594615 0.464175 0.591885 0.462877 0.610658
0 0.0726703 0.751962 0.0777443 0.720588 0.0648124 0.713978 0.0597384 0.745352
0 0.226304 0.981321 0.230636 0.918561 0.196663 0.91115 0.192331 0.97391
0 0.0419134 0.743134 0.0430757 0.713731 0.0153841 0.710272 0.0142218 0.739674
0 0.289791 0.657907 0.290131 0.640902 0.27704 0.640074 0.2767 0.657079
0 0.421942 0.883963 0.424215 0.86024 0.408412 0.855456 0.40614 0.879179
0 0.402243 0.870201 0.412193 0.841331 0.401587 0.829777 0.391636 0.858647
0 0.0438926 0.646303 0.046462 0.624535 0.0276785 0.617527 0.0251091 0.639296
0 0.720462 0.704736 0.722219 0.682916 0.707842 0.679257 0.706085 0.701078
0 0.608012 0.791932 0.611133 0.773518 0.599211 0.767131 0.59609 0.785545
0 0.598091 0.856304 0.605957 0.8167 0.593045 0.808595 0.585179 0.848198
0 0.439147 0.914567 0.456499 0.881714 0.442277 0.857974 0.424925 0.890828
0 0.288508 0.739336 0.291151 0.714591 0.276587 0.709675 0.273944 0.73442
0 0.0481046 0.778596 0.0530687 0.753652 0.039366 0.745034 0.0344019 0.769977
0 0.336753 0.884607 0.334743 0.839783 0.3041 0.844125 0.30611 0.888949
0 0.372308 0.658011 0.373174 0.640329 0.361219 0.63848 0.360354 0.656163
0 0.0273094 0.577805 0.0480277 0.54266 0.0348017 0.518018 0.0140834 0.553163
0 0.285774 0.800909 0.29228 0.744833 0.261309 0.733478 0.254804 0.789554
0 0.383662 0.939118 0.393827 0.908897 0.382095 0.896425 0.37193 0.926646
0 0.563191 0.669905 0.570998 0.622987 0.555761 0.614973 0.547953 0.661891
0 0.363058 0.742798 0.364974 0.725163 0.354698 0.721634 0.352782 0.739269
0 0.216021 0.733294 0.229771 0.717188 0.217668 0.684531 0.203918 0.700637
0 0.0998871 0.682717 0.103296 0.661192 0.0898305 0.654452 0.0864216 0.675977
0 0.0710079 0.615076 0.071156 0.592298 0.0521825 0.591909 0.0520345 0.614686
0 0.0517335 0.631302 0.0558956 0.608302 0.0393288 0.598827 0.0351668 0.621827
0 0.487521 0.952348 0.494532 0.931876 0.477633 0.913588 0.470623 0.934061
0 0.481022 0.738297 0.490605 0.724626 0.477694 0.696021 0.468111 0.709692
0 0.32506 0.585633 0.326155 0.547583 0.294892 0.544739 0.293797 0.58279
0 0.423942 0.97104 0.441963 0.933433 0.428688 0.913328 0.410667 0.950936
0 0.257703 0.524838 0.26023 0.506951 0.251387 0.503002 0.248859 0.520889
0 0.137187 0.911475 0.137527 0.871837 0.116235 0.871261 0.115896 0.9109
0 0.507276 0.991647 0.509163 0.967192 0.497008 0.964227 0.495121 0.988681
0 0.32243 0.518591 0.327018 0.495914 0.317111 0.489579 0.312523 0.512256
0 0.410231 1.00418 0.419633 0.970147 0.406836 0.958976 0.397434 0.993012
0 0.401011 0.7585 0.399545 0.735157 0.381507 0.738736 0.382972 0.76208
0 0.219653 0.902888 0.222365 0.873378 0.207751 0.869133 0.205039 0.898644
0 0.388972 0.682867 0.390039 0.665027 0.378474 0.662842 0.377408 0.680682
0 0.599856 0.814039 0.603564 0.792682 0.589924 0.785198 0.586216 0.806555
0 0.281863 0.980106 0.286065 0.94065 0.267882 0.934531 0.263681 0.973987
0 0.477695 1.00104 0.479675 0.971406 0.466064 0.968532 0.464084 0.998166
0 0.0459584 0.911361 0.0678409 0.888519 0.0615913 0.869597 0.0397089 0.892439
0 0.303949 0.85304 0.306702 0.831426 0.291882 0.82546 0.289129 0.847074
0 0.150621 0.511246 0.156619 0.48571 0.14383 0.476217 0.137833 0.501754
0 0.625042 0.845651 0.629336 0.820948 0.612448 0.811671 0.608154 0.836374
0 0.111426 0.599251 0.113242 0.573376 0.0950996 0.569351 0.0932832 0.595226
0 0.320867 0.829437 0.328027 0.806781 0.318086 0.796853 0.310926 0.819508
0 0.100272 0.658594 0.102531 0.630789 0.0893914 0.627414 0.0871322 0.655219
0 0.348868 0.791791 0.354204 0.770747 0.343427 0.76211 0.338091 0.783154
0 0.358898 0.723897 0.363951 0.702676 0.352905 0.694363 0.347852 0.715584
0 0.0504443 1.01238 0.0647831 0.974666 0.050074 0.956991 0.0357351 0.994703
0 0.100203 0.452202 0.103793 0.429517 0.0889165 0.422076 0.0853264 0.444762
0 0.110146 0.814344 0.113135 0.786511 0.099492 0.78188 0.0965027 0.809713
0 0.575652 0.975946 0.578079 0.952593 0.563799 0.947902 0.561372 0.971255
0 0.0558082 0.94065 0.0733795 0.902306 0.0615947 0.885238 0.0440234 0.923581
0 0.0788995 0.970777 0.0899643 0.952067 0.0821999 0.937555 0.0711351 0.956266
0 0.396601 1.00084 0.404131 0.962063 0.385033 0.950343 0.377503 0.989122
0 0.627681 0.817095 0.627454 0.794061 0.608296 0.794658 0.608523 0.817692
0 0.409333 0.916901 0.42048 0.883527 0.408508 0.870889 0.397361 0.904263
0 0.438532 0.589405 0.441186 0.568702 0.430652 0.564435 0.427998 0.585138
0 0.472423 0.641455 0.473209 0.616112 0.458621 0.614682 0.457835 0.640025
0 0.109281 0.516414 0.111588 0.494172 0.0973596 0.489508 0.0950527 0.51175
0 0.0118602 0.971372 0.0334433 0.942551 0.0226709 0.917055 0.00108787 0.945876
0 0.283786 0.810756 0.280972 0.774462 0.257981 0.780097 0.260796 0.816391
0 0.19686 0.930942 0.208201 0.894388 0.196317 0.882736 0.184977 0.91929
0 0.0185861 0.873562 0.0216116 0.824886 -0.00376079 0.819902 -0.00678625 0.868578
0 0.328056 0.725196 0.33044 0.701889 0.31833 0.697974 0.315946 0.72128
0 0.0925447 0.732921 0.0973954 0.707936 0.0864663 0.70123 0.0816156 0.726214
0 0.395135 0.852668 0.397192 0.82989 0.384291 0.826208 0.382234 0.848986
0 0.66721 0.819975 0.671189 0.798126 0.654135 0.78831 0.650156 0.810158
0 0.585499 0.737593 0.58835 0.718196 0.577056 0.712951 0.574206 0.732347
0 0.361769 0.711385 0.365624 0.689456 0.35328 0.682599 0.349426 0.704529
0 0.444438 0.864066 0.447416 0.839791 0.436777 0.835664 0.433798 0.85994
0 0.298303 0.894423 0.301395 0.865683 0.288568 0.861321 0.285476 0.890061
0 0.47452 0.567355 0.476163 0.552088 0.466115 0.548672 0.464473 0.563939
0 0.590644 0.669481 0.591609 0.644975 0.578758 0.643375 0.577793 0.667882
0 0.434629 0.781081 0.437276 0.744953 0.413637 0.739479 0.41099 0.775607
0 0.444003 0.961011 0.458576 0.921012 0.448532 0.909447 0.43396 0.949446
0 0.414334 0.622266 0.417875 0.605834 0.408185 0.599236 0.404645 0.615668
0 0.364751 0.86252 0.369252 0.835417 0.357181 0.82908 0.352679 0.856183
0 0.378144 1.01353 0.38445 0.969884 0.357608 0.957627 0.351302 1.00127
0 0.364785 0.571223 0.365326 0.549366 0.35257 0.548369 0.35203 0.570227
0 0.437033 0.631172 0.438379 0.613851 0.427749 0.611239 0.426402 0.62856
0 0.303755 0.51765 0.30358 0.500129 0.291332 0.500516 0.291507 0.518037
0 0.0890611 0.997008 0.0939117 0.975705 0.0803238 0.965926 0.0754732 0.98723
0 0.325316 0.798136 0.328833 0.775101 0.316393 0.769099 0.312877 0.792134
0 0.0774844 0.651038 0.07925 0.631586 0.0647458 0.627425 0.0629802 0.646878
0 0.229209 0.932689 0.233946 0.906386 0.219179 0.897982 0.214443 0.924286
0 0.0415501 0.526212 0.0418345 0.503151 0.0213451 0.502352 0.0210607 0.525414
0 0.613949 0.775345 0.617857 0.751927 0.605405 0.745359 0.601497 0.768777
0 0.250116 0.983157 0.264549 0.949026 0.251631 0.931762 0.237198 0.965894
0 0.273843 0.642782 0.274006 0.618048 0.260236 0.61776 0.260072 0.642495
0 0.564758 0.880172 0.568831 0.857628 0.55736 0.851079 0.553287 0.873622
0 0.124217 0.613628 0.126229 0.595874 0.11644 0.592368 0.114428 0.610122
0 0.342224 0.961177 0.354555 0.948282 0.341344 0.908358 0.329013 0.921254
0 0.0392873 0.936884 0.0399611 0.905705 0.0200853 0.904348 0.0194116 0.935526
0 0.420189 0.683551 0.423131 0.662251 0.412359 0.657549 0.409417 0.678848
0 0.324103 0.743771 0.327504 0.722806 0.316379 0.717104 0.312978 0.738069
0 0.516413 0.695282 0.520353 0.661761 0.501763 0.654855 0.497823 0.688377
0 0.187702 0.912963 0.192971 0.889514 0.180712 0.880808 0.175442 0.904257
0 0.154034 0.720584 0.155807 0.687824 0.140774 0.685252 0.139001 0.718012
0 0.361219 0.684871 0.365383 0.665686 0.355181 0.658689 0.351018 0.677874
0 0.149091 0.962866 0.155103 0.928538 0.141838 0.921197 0.135827 0.955526
0 0.372224 0.984793 0.385457 0.948018 0.369508 0.929879 0.356275 0.966653
0 0.481712 0.659267 0.483229 0.639725 0.47224 0.637029 0.470723 0.656571
0 0.71127 0.731518 0.717396 0.711531 0.704925 0.69945 0.698799 0.719438
0 0.199959 0.706581 0.22504 0.680626 0.214931 0.649752 0.18985 0.675707
0 0.470969 0.851985 0.472147 0.833186 0.458823 0.830548 0.457646 0.849347
0 0.140472 0.307456 0.149061 0.270649 0.127855 0.25501 0.119266 0.291817
0 0.295928 0.839478 0.297121 0.814639 0.284111 0.812664 0.282918 0.837504
0 0.309961 0.83946 0.314298 0.82217 0.303833 0.813874 0.299497 0.831165
0 0.260927 0.996759 0.268557 0.971729 0.257631 0.961203 0.250001 0.986233
0 0.195897 0.746276 0.22087 0.717098 0.209673 0.686811 0.1847 0.71599
0 0.289549 0.675002 0.289931 0.655922 0.275714 0.655023 0.275332 0.674103
0 0.41831 0.867145 0.423969 0.842991 0.412055 0.83417 0.406397 0.858325
0 0.182073 0.596222 0.190535 0.569107 0.181059 0.55976 0.172597 0.586874
0 0.159975 0.532016 0.160954 0.506032 0.144856 0.504114 0.143877 0.530099
0 0.0717748 0.939535 0.079982 0.911643 0.0678146 0.900328 0.0596075 0.928219
0 0.271219 0.472503 0.273498 0.44583 0.261142 0.442493 0.258863 0.469165
0 0.107656 0.92491 0.117066 0.890042 0.10151 0.876774 0.0921002 0.911642
0 0.508478 0.969544 0.52075 0.948371 0.505591 0.920601 0.493319 0.941774
0 0.2524 0.656166 0.253779 0.633325 0.240117 0.630717 0.238737 0.653557
0 0.349629 0.596972 0.354305 0.574223 0.343525 0.567221 0.33885 0.589969
0 0.0347675 0.70366 0.0317985 0.651327 -0.0012098 0.657246 0.00175919 0.709579
0 0.126054 0.499073 0.127005 0.481136 0.115606 0.479227 0.114655 0.497164
0 0.17487 0.504973 0.176891 0.484951 0.165434 0.481296 0.163414 0.501319
0 0.393125 0.909017 0.400138 0.884597 0.390722 0.876049 0.383708 0.90047
0 0.418605 0.72339 0.423067 0.704018 0.415134 0.698243 0.410671 0.717615
0 0.346385 0.834117 0.355199 0.812646 0.346789 0.801733 0.337974 0.823204
0 0.458521 0.625815 0.460141 0.604187 0.45087 0.601992 0.44925 0.62362
0 0.136768 0.595315 0.139802 0.574805 0.126907 0.568776 0.123873 0.589286
0 0.300406 0.448823 0.301592 0.42969 0.28973 0.427366 0.288544 0.4465
0 0.437275 0.851524 0.438529 0.825983 0.423787 0.823695 0.422533 0.849236
0 0.232195 0.840066 0.245334 0.815918 0.235362 0.798769 0.222223 0.822918
0 0.482417 0.862666 0.484744 0.841084 0.472041 0.836753 0.469713 0.858336
0 0.359298 0.611192 0.364478 0.588214 0.354937 0.581415 0.349756 0.604393
0 0.586024 0.832835 0.589312 0.806353 0.575968 0.801116 0.57268 0.827599
0 0.14152 0.459378 0.140472 0.430759 0.118035 0.433354 0.119082 0.461972
0 0.0363742 0.975918 0.0481161 0.945264 0.0375976 0.93253 0.0258557 0.963183
0 0.192294 0.659712 0.198835 0.628463 0.187634 0.621052 0.181092 0.652301
0 0.472394 0.815972 0.475059 0.79627 0.465593 0.792224 0.462928 0.811926
0 0.336104 0.653448 0.339336 0.632609 0.328909 0.627499 0.325677 0.648338
0 0.339132 0.560718 0.340557 0.54371 0.330026 0.540921 0.328601 0.557928
0 0.571901 0.949239 0.575675 0.928929 0.563705 0.921899 0.559931 0.942209
0 0.284903 0.64266 0.284486 0.621279 0.268026 0.622293 0.268443 0.643674
0 0.160728 0.730434 0.165938 0.708129 0.154431 0.699633 0.149221 0.721939
0 0.297322 0.500642 0.299182 0.482598 0.288969 0.479271 0.287109 0.497315
0 0.41253 0.696984 0.414234 0.682988 0.404306 0.679167 0.402601 0.693163
0 0.287685 1.00633 0.290617 0.971253 0.269519 0.965679 0.266586 1.00076
0 0.0210127 1.00527 0.0325922 0.978762 0.021789 0.963845 0.0102095 0.990349
0 0.421663 0.767393 0.440922 0.725375 0.424668 0.701829 0.405409 0.743848
0 0.0422561 0.80055 0.0406105 0.777828 0.0180664 0.782988 0.0197121 0.80571
0 0.384078 0.721211 0.385875 0.703594 0.377485 0.70089 0.375688 0.718506
0 0.473608 0.754985 0.477815 0.726549 0.463151 0.719692 0.458943 0.748128
0 0.0597226 0.567973 0.0620064 0.537986 0.0430209 0.533417 0.0407371 0.563403
0 0.059055 0.692381 0.0646323 0.661317 0.0259537 0.639369 0.0203764 0.670433
0 0.311047 0.782055 0.313198 0.762792 0.300914 0.758457 0.298763 0.777721
0 0.338643 0.923711 0.34447 0.90336 0.330974 0.891144 0.325146 0.911495
0 0.382595 0.844073 0.385315 0.819924 0.372332 0.815301 0.369612 0.83945
0 0.451845 0.778332 0.452617 0.751587 0.436592 0.750124 0.435819 0.776869
0 0.484052 0.997206 0.485885 0.968502 0.4704 0.965377 0.468567 0.99408
0 0.115103 0.687443 0.118312 0.666495 0.10375 0.659444 0.100541 0.680391
0 0.139296 0.875646 0.141147 0.855329 0.12883 0.851783 0.126979 0.8721
0 0.457545 0.653473 0.459945 0.638321 0.451018 0.633852 0.448618 0.649005
0 0.0450346 0.857795 0.0603082 0.826945 0.0496715 0.810302 0.034398 0.841151
0 0.60018 0.872237 0.6017 0.85379 0.590411 0.850851 0.588892 0.869298
0 0.358063 0.884972 0.360916 0.857764 0.350697 0.854378 0.347844 0.881586
0 0.138359 0.500395 0.142592 0.480467 0.132373 0.473606 0.12814 0.493534
0 0.0562292 0.6332 0.0586644 0.608653 0.0431604 0.603792 0.0407251 0.628338
0 0.366099 1.01721 0.378346 0.972146 0.356074 0.953016 0.343828 0.998077
0 0.0894283 0.920862 0.0923431 0.900794 0.0804076 0.895315 0.0774928 0.915384
0 0.227845 0.963115 0.239975 0.931114 0.228581 0.917464 0.216451 0.949465
0 0.183991 0.938904 0.18875 0.910821 0.172886 0.902325 0.168127 0.930408
0 0.558706 0.830145 0.560362 0.810961 0.548778 0.807801 0.547122 0.826986
0 0.257876 0.835525 0.264516 0.808757 0.253827 0.800377 0.247187 0.827145
0 0.115951 0.739689 0.116853 0.717569 0.0974484 0.715069 0.0965465 0.737188
0 0.293889 0.726331 0.304208 0.70237 0.287416 0.679515 0.277097 0.703476
0 0.18603 0.631073 0.188437 0.613503 0.178888 0.60937 0.176481 0.62694
0 0.435784 0.745084 0.437266 0.711139 0.417512 0.708413 0.416029 0.742358
0 0.17795 0.666329 0.184578 0.643555 0.175814 0.635495 0.169187 0.658269
0 0.115619 0.999682 0.142394 0.973043 0.133235 0.943948 0.10646 0.970587
0 0.184761 0.989863 0.18754 0.964159 0.174185 0.959595 0.171405 0.985298
0 0.211079 0.66095 0.215805 0.642568 0.205782 0.634424 0.201056 0.652806
0 0.601764 0.568337 0.603547 0.550584 0.59073 0.546517 0.588947 0.56427
0 0.465057 0.916664 0.467609 0.893725 0.454121 0.888982 0.451568 0.91192
0 0.0854949 0.562624 0.0939992 0.539367 0.0833017 0.527004 0.0747974 0.550261
0 0.634053 0.798567 0.635366 0.776012 0.623005 0.773739 0.621693 0.796294
0 0.374554 0.591491 0.376255 0.574987 0.366317 0.571751 0.364617 0.588255
0 0.611753 0.937493 0.611586 0.905617 0.594523 0.9059 0.59469 0.937776
0 0.695262 0.71907 0.700089 0.701111 0.685726 0.688908 0.680898 0.706868
0 0.430642 0.643924 0.431172 0.626392 0.420209 0.625345 0.419679 0.642878
0 0.110107 0.846725 0.118283 0.828243 0.103418 0.807458 0.0952412 0.825939
0 0.337025 0.589088 0.341758 0.569372 0.332004 0.561972 0.327271 0.581688
0 0.459691 0.506011 0.465192 0.487306 0.456445 0.479177 0.450945 0.497882
0 0.462136 0.704882 0.466635 0.685525 0.456548 0.678116 0.452049 0.697473
0 0.660613 0.840945 0.667363 0.819978 0.652461 0.804814 0.645711 0.825782
0 0.370547 0.743362 0.373412 0.728189 0.363282 0.722144 0.360417 0.737318
0 0.111434 0.998416 0.119658 0.972952 0.108702 0.96177 0.100479 0.987233
0 0.272024 0.730758 0.275464 0.708836 0.264234 0.703266 0.260794 0.725188
0 0.112837 0.621699 0.117026 0.605534 0.107453 0.597694 0.103264 0.613859
0 0.481729 0.790412 0.482842 0.771519 0.470984 0.76931 0.469871 0.788204
0 0.0755874 0.562054 0.0780866 0.542338 0.0663664 0.537642 0.0638673 0.557359
0 0.462308 0.711109 0.468946 0.696761 0.460924 0.685031 0.454286 0.699379
0 0.116698 0.546933 0.119921 0.522997 0.106986 0.517493 0.103764 0.541429
0 0.19076 0.959079 0.19622 0.92883 0.178584 0.918769 0.173124 0.949019
0 0.562906 0.754972 0.568305 0.737434 0.556607 0.72605 0.551207 0.743589
0 0.0967684 0.977925 0.10167 0.951086 0.0896433 0.944143 0.0847415 0.970982
0 0.333726 0.832827 0.341956 0.806649 0.332578 0.797331 0.324348 0.823509
0 0.110826 0.576505 0.1146 0.554201 0.102631 0.547801 0.0988573 0.570104
0 0.589245 0.862396 0.591598 0.841548 0.580141 0.837462 0.577789 0.858309
0 0.0714936 0.98686 0.0756304 0.967742 0.0652634 0.960653 0.0611266 0.979771
0 0.233053 0.986455 0.239363 0.955729 0.224599 0.946147 0.21829 0.976873
0 0.402737 0.745028 0.403687 0.725912 0.391271 0.723962 0.390321 0.743077
0 0.49062 0.804394 0.495716 0.783784 0.48652 0.776598 0.481424 0.797208
0 0.0212904 0.57743 0.0175838 0.550462 -0.00166157 0.558822 0.00204508 0.58579
0 0.721996 0.823205 0.728001 0.798946 0.715869 0.789456 0.709865 0.813715
0 0.473835 0.649129 0.476257 0.625082 0.46066 0.620116 0.458238 0.644163
0 0.566671 0.794946 0.569572 0.776002 0.559228 0.770995 0.556327 0.789939
0 0.292955 0.760288 0.29675 0.74307 0.282851 0.733388 0.279056 0.750606
0 0.624543 0.747885 0.62841 0.730313 0.616061 0.721723 0.612194 0.739294
0 0.238594 0.640533 0.2393 0.620766 0.226925 0.61937 0.226219 0.639136
0 0.639166 1.0432 0.838762 0.862378 0.802571 0.73612 0.602975 0.916941
0 0.240275 0.753234 0.248756 0.73248 0.238705 0.719498 0.230224 0.740252
0 0.38502 0.492459 0.386279 0.470324 0.374168 0.468147 0.37291 0.490282
0 0.638973 0.654273 0.639221 0.634768 0.628465 0.634335 0.628217 0.65384
0 0.498536 0.685674 0.567917 0.628367 0.54262 0.531573 0.473239 0.588879
0 0.326509 0.803248 0.327967 0.7812 0.314443 0.778374 0.312985 0.800422
0 0.547024 0.845113 0.547675 0.811093 0.533863 0.810258 0.533212 0.844277
0 0.07726 0.721217 0.0798766 0.697669 0.0676037 0.693359 0.0649871 0.716907
0 0.223942 0.661784 0.225653 0.64129 0.214392 0.638319 0.212681 0.658813
0 0.457713 0.98465 0.458918 0.960158 0.443107 0.957698 0.441902 0.98219
0 0.483256 0.844582 0.485712 0.819575 0.47489 0.816214 0.472433 0.841221
0 0.0137575 1.0082 0.0160708 0.985707 0.00323249 0.981533 0.000919131 1.00402
0 0.320183 0.490003 0.321914 0.473145 0.310732 0.469518 0.309002 0.486375
0 0.24905 0.961018 0.273659 0.90807 0.256251 0.882499 0.231642 0.935447
0 0.561591 0.940934 0.565612 0.920332 0.555404 0.914035 0.551383 0.934637
0 0.261016 0.75712 0.270054 0.737604 0.26114 0.724556 0.252102 0.744073
0 0.733078 0.760598 0.737496 0.743639 0.724821 0.733203 0.720403 0.750162
0 0.0142054 0.988043 0.0164744 0.958264 0.00115127 0.954574 -0.00111768 0.984353
0 0.043655 0.872129 0.0449797 0.846202 0.0286845 0.84357 0.0273597 0.869497
0 0.398933 0.681398 0.400989 0.665401 0.392076 0.66178 0.39002 0.677777
0 0.24768 0.626948 0.249132 0.60915 0.237563 0.606168 0.236112 0.623966
0 0.0305246 0.612723 0.0436714 0.59642 0.0376188 0.580994 0.024472 0.597296
0 0.450762 0.727695 0.45285 0.709523 0.440076 0.704884 0.437988 0.723056
0 0.591404 0.757552 0.595443 0.740487 0.584754 0.73249 0.580715 0.749555
0 0.147621 1.00623 0.148217 0.988609 0.130766 0.986743 0.13017 1.00436
0 0.447011 0.695864 0.451239 0.683636 0.43972 0.671048 0.435492 0.683277
0 0.130191 0.643488 0.130668 0.625257 0.118536 0.624254 0.118059 0.642484
0 0.574664 0.859674 0.580992 0.837112 0.571226 0.828456 0.564898 0.851018
0 0.437251 0.941026 0.447547 0.915545 0.437494 0.902705 0.427197 0.928186
0 0.157719 0.460835 0.160238 0.439247 0.149185 0.435171 0.146666 0.456759
0 0.287143 0.92835 0.296474 0.904619 0.279805 0.883904 0.270474 0.907635
0 0.167253 0.574342 0.178577 0.525736 0.157865 0.510485 0.146541 0.559092
0 0.388066 0.478559 0.390287 0.460944 0.378038 0.456064 0.375818 0.473679
0 0.44727 0.636836 0.449422 0.620475 0.43958 0.616383 0.437428 0.632745
0 0.700733 0.81627 0.704378 0.796291 0.691579 0.78891 0.687934 0.808889
0 0.193144 1.00326 0.193398 0.976964 0.175128 0.976408 0.174875 1.0027
0 0.347679 0.684393 0.35458 0.664672 0.346014 0.655198 0.339113 0.674919
0 0.466877 0.669545 0.470801 0.654612 0.461595 0.646967 0.457671 0.6619
0 0.602196 0.904536 0.609097 0.884223 0.592899 0.866831 0.585998 0.887144
0 0.310712 0.817212 0.312941 0.794494 0.300325 0.790583 0.298097 0.813301
0 0.0745203 0.773188 0.0784328 0.750056 0.0665081 0.743681 0.0625956 0.766814
0 0.568394 1.00469 0.574207 0.975397 0.562632 0.968139 0.556819 0.997434
0 0.293194 0.719609 0.303564 0.689583 0.283483 0.667663 0.273113 0.697689
0 0.376721 0.699336 0.378203 0.682161 0.3676 0.679268 0.366117 0.696443
0 0.330449 0.681043 0.33582 0.660605 0.327434 0.653641 0.322064 0.674079
0 0.115041 0.786997 0.116207 0.767698 0.104578 0.765478 0.103412 0.784777
0 0.470976 0.51815 0.471801 0.502572 0.461614 0.500866 0.460789 0.516444
0 0.0839942 0.707432 0.0891044 0.68572 0.0752969 0.675449 0.0701866 0.697161
0 0.209869 0.585334 0.211095 0.568598 0.202112 0.566518 0.200886 0.583254
0 0.17322 0.460477 0.181526 0.438148 0.172601 0.427656 0.164295 0.449985
0 0.449423 0.922364 0.454455 0.902235 0.443533 0.893607 0.438502 0.913736
0 0.646218 0.903094 0.655014 0.882836 0.634186 0.854253 0.625389 0.874512
0 0.197215 0.590503 0.201318 0.569076 0.191273 0.562998 0.187171 0.584425
0 0.413857 0.708927 0.419366 0.691922 0.411242 0.683604 0.405733 0.700609
0 0.59555 0.916402 0.598061 0.889932 0.579791 0.884453 0.577279 0.910923
0 0.559935 0.811006 0.561325 0.793114 0.549927 0.790315 0.548537 0.808207
0 0.0230638 0.553401 0.0279494 0.524562 0.00918078 0.514513 0.00429509 0.543351
0 0.242782 0.876844 0.244948 0.854433 0.230508 0.850023 0.228343 0.872434
0 0.423553 0.628038 0.424909 0.613639 0.415522 0.610845 0.414166 0.625244
0 0.437516 0.799941 0.442947 0.780517 0.433169 0.771875 0.427737 0.791299
0 0.271515 0.432705 0.273492 0.413075 0.263484 0.409889 0.261507 0.429519
0 0.235031 0.590015 0.238134 0.573466 0.229291 0.568227 0.226189 0.584775
0 0.423664 0.703463 0.426268 0.68469 0.417876 0.681011 0.415272 0.699783
0 0.476381 0.950934 0.481085 0.931166 0.468975 0.922057 0.46427 0.941826
0 0.233094 0.6411 0.232762 0.625005 0.220752 0.625788 0.221084 0.641883
0 0.520951 0.929837 0.525482 0.913188 0.514209 0.903491 0.509678 0.920141
0 0.184915 0.558472 0.18758 0.53296 0.173262 0.528233 0.170597 0.553745
0 0.33965 0.624137 0.348081 0.606271 0.340336 0.594719 0.331905 0.612586
0 0.396077 0.635353 0.396973 0.619326 0.388195 0.617777 0.3873 0.633804
0 0.182477 0.529567 0.187293 0.508368 0.172908 0.49804 0.168093 0.519239
0 0.0638472 0.583517 0.0646189 0.565114 0.0491409 0.563063 0.0483692 0.581466
0 0.563147 0.628409 0.570005 0.608941 0.560855 0.598753 0.553997 0.618222
0 0.308891 0.496292 0.309978 0.480613 0.299805 0.478384 0.298718 0.494063
0 0.442924 0.816895 0.448207 0.795402 0.43998 0.789011 0.434697 0.810504
0 0.464352 0.936413 0.472636 0.918211 0.465032 0.907272 0.456748 0.925475
0 0.682813 0.673607 0.684896 0.656092 0.67255 0.651451 0.670466 0.668966
0 0.0677772 0.849726 0.0809645 0.815549 0.0683421 0.800156 0.0551548 0.834333
0 0.251754 0.683666 0.253502 0.661743 0.241314 0.658673 0.239566 0.680595
0 0.186127 0.698191 0.188328 0.680588 0.174005 0.674929 0.171804 0.692531
0 0.0992 0.6066 0.100774 0.58953 0.089676 0.586296 0.0881022 0.603366
0 0.16548 0.708626 0.172009 0.688072 0.162207 0.678232 0.155678 0.698785
0 0.363724 0.852246 0.370231 0.83069 0.360723 0.82162 0.354216 0.843176
0 0.566229 0.85039 0.57405 0.827513 0.56431 0.81699 0.556489 0.839867
0 0.485883 1.00727 0.486436 0.985915 0.473796 0.984881 0.473244 1.00623
0 0.166146 0.497857 0.168035 0.476663 0.155334 0.473086 0.153446 0.494281
0 0.643005 0.814376 0.645056 0.788499 0.630739 0.784912 0.628688 0.810789
0 0.314646 0.535196 0.318638 0.518859 0.308397 0.51095 0.304405 0.527287
0 0.231817 0.521075 0.233428 0.503258 0.223559 0.500438 0.221948 0.518255
0 0.0267645 0.661914 0.0292809 0.633718 0.013272 0.629202 0.0107557 0.657398
0 0.347731 0.971657 0.359817 0.954511 0.343463 0.918078 0.331377 0.935224
0 0.329223 0.87321 0.329798 0.839312 0.307323 0.838107 0.306748 0.872005
0 0.150789 0.996298 0.155316 0.972662 0.138609 0.962547 0.134081 0.986183
0 0.332649 0.608191 0.336844 0.589378 0.329042 0.58388 0.324847 0.602693
0 0.348688 0.930257 0.356589 0.908973 0.343304 0.893386 0.335403 0.91467
0 0.08408 0.798189 0.0846573 0.761743 0.0668218 0.76085 0.0662446 0.797296
0 0.489471 0.586859 0.496087 0.571454 0.487393 0.559653 0.480777 0.575058
0 0.523801 0.761287 0.527805 0.732418 0.506757 0.723191 0.502753 0.75206
0 0.27811 0.563276 0.282734 0.537277 0.270192 0.530227 0.265569 0.556227
0 0.495105 0.930993 0.502694 0.902243 0.486017 0.88833 0.478428 0.91708
0 0.621421 0.783973 0.623165 0.765208 0.614146 0.76256 0.612402 0.781325
0 0.361405 0.64924 0.363495 0.632179 0.354189 0.628577 0.3521 0.645638
0 0.0451238 0.897935 0.0457605 0.869098 0.0253021 0.86767 0.0246654 0.896507
0 0.533707 0.949799 0.534803 0.928374 0.522556 0.926394 0.52146 0.947819
0 0.714002 0.171241 0.715947 0.115845 0.68778 0.112719 0.685835 0.168115
0 0.359169 0.543248 0.362477 0.528484 0.355385 0.523463 0.352077 0.538226
0 0.0562795 0.508255 0.064939 0.485571 0.0542533 0.472678 0.0455938 0.495362
0 0.170316 0.893666 0.172315 0.86861 0.158713 0.865182 0.156715 0.890238
0 0.0636571 0.975897 0.0722658 0.956766 0.0624227 0.942768 0.053814 0.961899
0 0.0818077 0.741368 0.0884946 0.711591 0.0778445 0.704032 0.0711576 0.733809
0 0.170934 0.676156 0.175313 0.660049 0.167575 0.653401 0.163196 0.669508
0 0.598639 0.719494 0.601188 0.698668 0.582382 0.691393 0.579833 0.712219
0 0.307751 0.471126 0.309242 0.45265 0.299289 0.450112 0.297798 0.468588
0 0.210716 0.891238 0.213788 0.862521 0.198913 0.857491 0.195841 0.886208
0 0.0185618 0.544274 0.0213707 0.512165 0.0010753 0.506553 -0.00173363 0.538663
0 0.552181 0.657077 0.554302 0.629076 0.544015 0.626614 0.541894 0.654615
0 0.307337 0.697958 0.30934 0.682066 0.299507 0.67815 0.297504 0.694042
0 0.258453 0.695428 0.262693 0.672658 0.253686 0.667356 0.249445 0.690127
0 0.27301 0.563282 0.280864 0.53556 0.269541 0.525421 0.261687 0.553144
0 0.296487 0.954028 0.303743 0.926891 0.29401 0.918666 0.286754 0.945804
0 0.390479 0.619361 0.392262 0.604603 0.384038 0.601461 0.382255 0.61622
0 0.0287572 0.631004 0.029573 0.61323 0.0165175 0.611336 0.0157017 0.62911
0 0.345834 0.762671 0.350576 0.731657 0.338914 0.726022 0.334172 0.757035
0 0.457808 0.723977 0.46061 0.706231 0.448653 0.700264 0.44585 0.718009
0 0.644342 0.837811 0.645877 0.817886 0.634542 0.815125 0.633006 0.835049
0 0.587981 0.798931 0.592009 0.781252 0.581844 0.773931 0.577815 0.791611
0 0.206842 0.566556 0.207799 0.55158 0.198535 0.549709 0.197578 0.564685
0 0.390615 0.890289 0.394974 0.864764 0.385467 0.859633 0.381108 0.885159
0 0.391824 0.665649 0.394619 0.650868 0.385615 0.645487 0.38282 0.660267
0 0.0956824 0.527186 0.10131 0.512793 0.089179 0.497802 0.0835514 0.512195
0 0.437839 0.846124 0.441081 0.827669 0.429763 0.821386 0.426521 0.839841
0 0.449664 0.592601 0.45141 0.575897 0.442205 0.572854 0.440458 0.589558
0 0.138808 0.571186 0.140873 0.552122 0.129792 0.548329 0.127728 0.567393
0 0.448452 0.836066 0.453239 0.817319 0.444413 0.810196 0.439626 0.828943
0 0.414369 0.790145 0.419153 0.767129 0.404065 0.757217 0.399281 0.780233
0 0.301544 0.635813 0.304698 0.610926 0.293473 0.60643 0.290319 0.631317
0 0.481548 1.00172 0.483174 0.978951 0.468828 0.975714 0.467203 0.99848
0 0.616795 0.798216 0.6175 0.781882 0.605337 0.780223 0.604632 0.796557
0 0.0617367 0.779399 0.0653197 0.754757 0.0532055 0.74919 0.0496225 0.773832
0 0.321187 0.766371 0.325217 0.739223 0.31434 0.734119 0.31031 0.761267
0 0.132835 0.675651 0.134667 0.655038 0.122893 0.651732 0.121061 0.672346
0 0.373675 0.670961 0.374879 0.655932 0.365999 0.653682 0.364795 0.668712
0 0.368296 0.524357 0.375825 0.507411 0.368314 0.496864 0.360784 0.51381
0 0.0469471 0.626047 0.0517034 0.604035 0.0381547 0.594783 0.0333984 0.616795
0 0.478618 0.640508 0.479162 0.620238 0.467194 0.619223 0.46665 0.639492
0 0.591934 0.984334 0.602705 0.96588 0.587323 0.937506 0.576552 0.95596
0 0.321833 0.67713 0.324899 0.654108 0.314871 0.649887 0.311805 0.672909
0 0.107716 0.435577 0.118906 0.414397 0.111891 0.402684 0.100701 0.423864
0 0.285478 0.885749 0.29352 0.858083 0.28139 0.846937 0.273347 0.874603
0 0.00906238 0.624833 0.0215996 0.607931 0.0134403 0.588802 0.000903082 0.605704
0 0.142218 0.667563 0.143972 0.650891 0.134258 0.64766 0.132503 0.664332
0 0.511165 0.924524 0.516187 0.909924 0.505557 0.89837 0.500536 0.91297
0 0.152028 0.706887 0.152675 0.681688 0.138515 0.680539 0.137867 0.705738
0 0.420711 0.83869 0.425115 0.817742 0.414858 0.810927 0.410454 0.831874
0 0.149959 0.682002 0.151299 0.665963 0.140086 0.663003 0.138747 0.679043
0 0.149226 0.796529 0.150669 0.759933 0.128886 0.757218 0.127443 0.793814
0 0.497826 1.00434 0.498689 0.980722 0.487729 0.979456 0.486865 1.00308
0 0.445525 0.531739 0.447791 0.511137 0.437557 0.507578 0.43529 0.52818
0 0.595483 0.525479 0.597176 0.506305 0.586675 0.503375 0.584982 0.522548
0 0.516055 0.892851 0.522107 0.881375 0.512636 0.865591 0.506584 0.877067
0 0.48179 0.809315 0.484335 0.788062 0.474974 0.784519 0.472429 0.805772
0 0.16301 0.666085 0.169903 0.650838 0.162381 0.64009 0.155488 0.655336
0 0.734982 0.786398 0.734776 0.768922 0.722045 0.769396 0.722251 0.786872
0 0.57161 0.89623 0.574237 0.879818 0.565657 0.875477 0.56303 0.891889
0 0.482187 0.638608 0.484371 0.617883 0.473563 0.614284 0.47138 0.635009
0 0.219536 0.987091 0.222307 0.950686 0.203074 0.946059 0.200303 0.982464
0 0.560447 0.89884 0.564207 0.884373 0.554862 0.876699 0.551103 0.891165
0 0.26791 0.277246 0.291834 0.193965 0.239583 0.146524 0.215659 0.229805
0 0.323342 0.543948 0.330238 0.521762 0.320278 0.511978 0.313382 0.534164
0 0.126386 0.65273 0.128297 0.63314 0.116844 0.629608 0.114932 0.649198
0 0.371937 0.829832 0.375502 0.809178 0.36633 0.804174 0.362765 0.824829
0 0.474002 0.672402 0.475908 0.655853 0.465977 0.652236 0.46407 0.668785
0 0.218012 0.53372 0.219331 0.518336 0.209221 0.515597 0.207902 0.530981
0 0.547357 0.518203 0.549913 0.502026 0.536412 0.495284 0.533856 0.511461
0 0.437387 0.680923 0.441014 0.664874 0.431428 0.658027 0.427801 0.674076
0 0.615336 0.537557 0.617458 0.515212 0.605694 0.511683 0.603573 0.534028
0 0.524927 0.951041 0.527726 0.932883 0.515645 0.926996 0.512846 0.945155
0 0.50808 0.607123 0.547697 0.572852 0.535936 0.529883 0.496319 0.564154
0 0.478357 0.81963 0.479021 0.800579 0.468117 0.799378 0.467453 0.818429
0 0.336784 0.416859 0.34037 0.389943 0.308715 0.376616 0.30513 0.403531
0 0.78645 0.697468 0.779646 0.617467 0.750244 0.625371 0.757048 0.705372
0 0.372466 0.607389 0.373521 0.593533 0.365048 0.591494 0.363993 0.605349
0 0.618271 0.887292 0.621473 0.854987 0.602532 0.849052 0.599329 0.881358
0 0.586892 1.00657 0.589501 0.981079 0.571138 0.975139 0.568529 1.00063
0 0.278156 0.465296 0.278002 0.446899 0.265393 0.447233 0.265547 0.465629
0 0.469688 0.973949 0.472553 0.946107 0.454453 0.94022 0.451587 0.968062
