0 0.993656 0.933981 1.00419 0.816207 0.799669 0.758396 0.789136 0.87617
0 0.157219 0.352689 0.182675 0.246511 0.111266 0.192402 0.0858098 0.298581
0 0.241977 0.921227 0.307952 0.853762 0.283271 0.77748 0.217296 0.844944
0 0.136342 0.989284 0.164114 0.936054 0.144669 0.903991 0.116897 0.957221
0 0.254813 0.762206 0.265582 0.723827 0.248704 0.708859 0.237935 0.747239
0 0.29828 0.773575 0.298929 0.718321 0.268115 0.717177 0.267466 0.772431
0 0.428038 0.833241 0.42712 0.794475 0.404223 0.79619 0.405142 0.834956
0 0.437078 0.953812 0.440223 0.9122 0.417251 0.906713 0.414106 0.948324
0 0.17221 0.771438 0.178083 0.731937 0.149429 0.718472 0.143556 0.757973
0 0.350781 0.987515 0.348391 0.941127 0.320813 0.945618 0.323204 0.992006
0 0.414674 1.00003 0.418621 0.951934 0.398456 0.946704 0.394509 0.994799
0 0.0976363 0.959951 0.0925419 0.910052 0.0549974 0.922167 0.0600919 0.972066
0 0.151483 0.888222 0.153462 0.862679 0.137313 0.858724 0.135334 0.884267
0 0.479792 0.740785 0.481509 0.716492 0.465033 0.712811 0.463316 0.737104
0 0.936432 0.780713 0.93719 0.733663 0.913539 0.732458 0.912781 0.779508
0 0.0581335 0.816964 0.0689389 0.792771 0.0574856 0.776604 0.0466802 0.800797
0 0.123796 0.883691 0.125593 0.855151 0.10816 0.851682 0.106363 0.880222
0 0.509373 0.788747 0.51235 0.760243 0.491712 0.75343 0.488735 0.781934
0 0.414644 0.772757 0.427414 0.758394 0.417224 0.729759 0.404453 0.744121
0 0.321865 0.802764 0.324388 0.771009 0.309226 0.7672 0.306702 0.798956
0 0.106884 0.945051 0.111 0.919575 0.0985076 0.913197 0.0943919 0.938673
0 0.122633 0.857503 0.124701 0.82291 0.101151 0.818461 0.0990829 0.853053
0 0.511765 0.840052 0.520732 0.808899 0.507397 0.796768 0.49843 0.827922
0 0.508173 0.750648 0.510678 0.724729 0.498249 0.720932 0.495744 0.746851
0 0.415032 0.854611 0.416017 0.831472 0.400614 0.8294 0.399629 0.852539
0 0.465863 0.820375 0.470512 0.792158 0.451552 0.782283 0.446902 0.810501
0 0.937462 0.735586 0.942248 0.712494 0.923197 0.700015 0.918411 0.723106
0 0.328693 0.846675 0.336201 0.804761 0.314221 0.792317 0.306713 0.834231
0 0.175757 0.873926 0.175587 0.840796 0.155171 0.841127 0.155341 0.874257
0 0.135282 0.880529 0.137328 0.861048 0.125228 0.857033 0.123183 0.876514
0 0.490021 0.722827 0.492413 0.702201 0.480715 0.697913 0.478323 0.718539
0 0.18638 0.857388 0.188295 0.829498 0.169651 0.825452 0.167736 0.853342
0 0.0657677 0.828274 0.0639399 0.802529 0.0442289 0.806952 0.0460567 0.832697
0 0.0980891 0.346139 0.0960082 0.302353 0.0752038 0.305478 0.0772847 0.349264
0 0.224232 0.68382 0.223722 0.659979 0.206528 0.661142 0.207038 0.684983
0 0.582226 0.790303 0.592163 0.751354 0.565376 0.729754 0.555439 0.768704
0 0.179323 0.907558 0.205684 0.882043 0.196872 0.853267 0.170511 0.878782
0 0.948295 0.717631 0.95555 0.689505 0.936731 0.674164 0.929476 0.702289
0 0.35086 0.903658 0.355994 0.851004 0.32771 0.842289 0.322577 0.894943
0 0.110854 0.912913 0.131965 0.885982 0.123649 0.865379 0.102538 0.89231
0 0.0855975 0.876898 0.0900483 0.851931 0.0726408 0.842124 0.06819 0.867091
0 0.484929 0.83685 0.480912 0.787123 0.465556 0.791044 0.469574 0.840771
0 0.432827 0.805997 0.441133 0.780255 0.418841 0.757521 0.410534 0.783263
0 0.128143 0.933616 0.14905 0.91188 0.143107 0.893813 0.1222 0.915549
0 0.173219 0.897588 0.178135 0.870067 0.163138 0.861599 0.158221 0.88912
0 0.656765 0.84941 0.656618 0.822896 0.640348 0.82318 0.640494 0.849694
0 0.522386 0.66531 0.523318 0.635868 0.507555 0.63429 0.506623 0.663733
0 0.417851 0.906467 0.423408 0.876814 0.408511 0.86799 0.402954 0.897644
0 0.108726 0.703645 0.110034 0.680997 0.0984602 0.678885 0.0971523 0.701532
0 0.095248 1.00722 0.106048 0.975797 0.0938492 0.962545 0.0830496 0.993964
0 0.302533 0.839554 0.315075 0.824403 0.302151 0.790592 0.289609 0.805743
0 0.4648 0.783628 0.466435 0.751802 0.449433 0.749041 0.447798 0.780867
0 0.0971783 0.695326 0.100074 0.671447 0.0859531 0.666034 0.0830572 0.689913
0 0.196852 0.965455 0.207171 0.931451 0.185246 0.910424 0.174927 0.944428
0 0.902743 0.24613 0.9549 0.204781 0.938572 0.139687 0.886415 0.181036
0 0.0321439 0.839149 0.038839 0.811046 0.0260727 0.801433 0.0193775 0.829536
0 0.472521 0.881439 0.47177 0.839945 0.452421 0.841052 0.453172 0.882545
0 0.208398 0.905018 0.211961 0.883674 0.198702 0.87668 0.19514 0.898023
0 0.405716 0.896142 0.407391 0.867541 0.392472 0.86478 0.390797 0.893381
0 0.29938 0.886096 0.300823 0.864211 0.285213 0.86096 0.28377 0.882844
0 0.122 0.928154 0.138125 0.894467 0.12813 0.879347 0.112005 0.913035
0 0.499773 0.685038 0.502949 0.662769 0.489898 0.656887 0.486722 0.679155
0 0.423133 0.991853 0.435572 0.965071 0.424303 0.94853 0.411864 0.975311
0 0.196941 0.993858 0.192942 0.958233 0.155787 0.971416 0.159786 1.00704
0 0.212216 0.718005 0.219566 0.696701 0.207208 0.683225 0.199857 0.704529
0 0.093065 0.934534 0.103627 0.908173 0.0934624 0.895301 0.0829001 0.921661
0 0.635932 0.842221 0.645819 0.821248 0.631193 0.799457 0.621306 0.82043
0 0.532607 0.678016 0.534885 0.648437 0.521924 0.645283 0.519646 0.674862
0 0.0209884 0.986661 0.0219676 0.947151 -0.00180362 0.945289 -0.00278286 0.984799
0 0.13161 0.864275 0.138786 0.835618 0.126929 0.826233 0.119753 0.854891
0 0.48736 0.794949 0.490825 0.768513 0.478886 0.763566 0.475421 0.790003
0 0.893772 0.771668 0.909147 0.744334 0.89815 0.724784 0.882775 0.752117
0 0.204348 0.985225 0.206758 0.955892 0.190658 0.951712 0.188248 0.981045
0 0.0817589 0.928265 0.095853 0.901098 0.0852443 0.883703 0.0711502 0.910871
0 0.0846322 0.835233 0.0906336 0.814546 0.081081 0.805787 0.0750795 0.826475
0 0.43591 0.772813 0.440148 0.751442 0.429969 0.745063 0.425731 0.766434
0 0.355605 0.860404 0.359931 0.833179 0.342691 0.82452 0.338364 0.851746
0 0.126969 0.97014 0.131572 0.925669 0.113208 0.919661 0.108604 0.964131
0 0.700159 0.755615 0.703798 0.721672 0.682014 0.714292 0.678376 0.748234
0 0.0781505 0.369616 0.0888211 0.328057 0.0510316 0.297391 0.0403609 0.338951
0 0.61289 0.785283 0.630167 0.761896 0.621539 0.741752 0.604263 0.765139
0 0.259668 0.784461 0.262167 0.751493 0.24144 0.746526 0.23894 0.779495
0 0.163731 0.854786 0.17659 0.826331 0.164417 0.808946 0.151558 0.837401
0 0.0963545 0.839391 0.105441 0.816198 0.0953484 0.803701 0.0862616 0.826894
0 0.445076 0.924898 0.448145 0.892767 0.429029 0.886996 0.425959 0.919126
0 0.0576881 0.888949 0.0548687 0.863311 0.0317034 0.871363 0.0345228 0.897
0 0.0987823 0.861597 0.102961 0.834596 0.087116 0.826845 0.0829371 0.853847
0 0.494767 0.701568 0.498266 0.681794 0.48248 0.672967 0.478981 0.692741
0 0.0214688 0.835193 0.0228784 0.810087 0.00768762 0.807391 0.006278 0.832498
0 0.435441 0.831538 0.437768 0.805213 0.426335 0.802018 0.424008 0.828344
0 0.166211 0.664108 0.168116 0.64624 0.156022 0.642166 0.154117 0.660034
0 0.596462 0.708729 0.599 0.683881 0.587057 0.680026 0.584519 0.704875
0 0.168786 0.935529 0.180486 0.905246 0.166541 0.888218 0.154841 0.918501
0 0.368873 0.841373 0.37281 0.809052 0.358363 0.80349 0.354426 0.835811
0 0.441886 0.890592 0.443373 0.857754 0.426934 0.855402 0.425447 0.888239
0 0.657674 0.708951 0.666789 0.679636 0.656484 0.66951 0.64737 0.698825
0 0.596831 0.778221 0.613977 0.733657 0.595846 0.711608 0.578699 0.756172
0 0.433068 0.860124 0.444364 0.833564 0.434317 0.820059 0.423021 0.846619
0 0.449258 0.819916 0.451882 0.797835 0.439054 0.793018 0.43643 0.815099
0 0.896313 0.507544 0.905161 0.49344 0.891782 0.466911 0.882934 0.481015
0 0.324346 0.68294 0.330677 0.652789 0.315147 0.642484 0.308817 0.672635
0 0.259255 0.805987 0.261164 0.783175 0.245635 0.779068 0.243726 0.80188
0 0.232966 0.881094 0.235414 0.837702 0.214555 0.833984 0.212107 0.877376
0 0.736768 0.631469 0.739233 0.599828 0.724092 0.5961 0.721627 0.62774
0 0.297183 0.700805 0.301106 0.681868 0.289098 0.674006 0.285175 0.692944
0 0.31457 0.771788 0.317115 0.747277 0.305145 0.743349 0.3026 0.76786
0 0.356876 0.91379 0.365996 0.888357 0.354695 0.875549 0.345575 0.900982
0 0.33316 0.797707 0.336826 0.764376 0.323785 0.759843 0.32012 0.793174
0 0.0720495 0.875689 0.0747216 0.855369 0.0621291 0.850136 0.059457 0.870456
0 0.437232 0.810622 0.443744 0.793227 0.426138 0.772397 0.419626 0.789792
0 0.359236 0.762539 0.363316 0.741638 0.351426 0.734302 0.347346 0.755204
0 0.378093 0.814841 0.38088 0.787569 0.368007 0.783411 0.36522 0.810684
0 0.59698 0.729142 0.597717 0.705897 0.582707 0.704392 0.581969 0.727638
0 0.122611 0.770941 0.12976 0.749227 0.12122 0.740342 0.114072 0.762056
0 0.352324 0.791532 0.358281 0.762399 0.346011 0.75447 0.340054 0.783602
0 0.325614 0.772607 0.327881 0.751999 0.316044 0.747883 0.313777 0.76849
0 0.451334 0.933229 0.453428 0.89842 0.438221 0.895528 0.436126 0.930337
0 0.123197 0.70186 0.125266 0.682557 0.111895 0.678028 0.109826 0.697331
0 0.0362305 0.854413 0.0446694 0.834027 0.0357682 0.822381 0.0273293 0.842767
0 0.081027 0.698681 0.0818672 0.67669 0.062113 0.674305 0.0612728 0.696295
0 0.664997 0.767217 0.666146 0.733456 0.65094 0.73182 0.649791 0.765581
0 0.648163 0.726445 0.652447 0.705358 0.641676 0.698442 0.637392 0.719529
0 0.0940434 0.619721 0.0947626 0.600119 0.0816095 0.598594 0.0808904 0.618196
0 0.396653 0.843059 0.406039 0.829306 0.391347 0.797619 0.381961 0.811373
0 0.650398 0.817624 0.654006 0.788677 0.640237 0.783253 0.63663 0.812201
0 0.539162 0.822786 0.546857 0.790124 0.531407 0.778622 0.523713 0.811284
0 0.321276 0.715963 0.321213 0.694404 0.30695 0.694537 0.307014 0.716096
0 0.158393 0.866971 0.170666 0.805957 0.149823 0.792707 0.137551 0.853722
0 0.464104 0.741929 0.465253 0.722315 0.44976 0.719446 0.448611 0.73906
0 0.639921 0.693698 0.649801 0.654585 0.633695 0.641726 0.623814 0.680839
0 0.472375 0.775947 0.474376 0.752492 0.462725 0.749351 0.460724 0.772806
0 0.171664 0.800436 0.176717 0.77022 0.152294 0.757312 0.147241 0.787528
0 0.891774 0.533741 0.894935 0.506307 0.878678 0.500387 0.875517 0.527822
0 0.453699 0.882769 0.455776 0.855369 0.442342 0.852152 0.440266 0.879552
0 0.494779 0.671244 0.497677 0.642922 0.481863 0.637807 0.478965 0.666129
0 0.899545 0.730435 0.90425 0.704888 0.891195 0.69729 0.88649 0.722837
0 0.421528 0.877221 0.426196 0.849012 0.412446 0.841822 0.407778 0.870031
0 0.422932 0.867894 0.427618 0.844496 0.415715 0.836963 0.41103 0.860361
0 0.144881 0.867037 0.148506 0.840853 0.135784 0.835288 0.13216 0.861472
0 0.506552 0.71839 0.507215 0.693484 0.492024 0.692206 0.491361 0.717112
0 0.326378 0.931999 0.330102 0.909297 0.31619 0.902082 0.312465 0.924784
0 0.285846 0.724627 0.293805 0.701355 0.281312 0.687852 0.273353 0.711123
0 0.00500785 0.871458 0.0183821 0.841865 0.00793164 0.826938 -0.00544259 0.856531
0 0.107102 0.601512 0.109413 0.576176 0.0957005 0.572222 0.0933888 0.597558
0 0.526253 0.837786 0.530533 0.815359 0.517332 0.807397 0.513052 0.829824
0 0.383989 0.703057 0.391377 0.679328 0.37963 0.667768 0.372242 0.691497
0 0.441394 0.751921 0.446373 0.731597 0.437329 0.724595 0.43235 0.744919
0 0.236817 0.842453 0.253826 0.806193 0.243593 0.791023 0.226584 0.827283
0 0.936716 0.476159 0.941881 0.459397 0.932832 0.450584 0.927667 0.467345
0 0.132094 0.805129 0.132918 0.78367 0.121387 0.782271 0.120563 0.80373
0 0.489069 0.748827 0.49157 0.727216 0.480068 0.723009 0.477566 0.74462
0 0.353055 0.821312 0.355743 0.787221 0.335111 0.782079 0.332423 0.81617
0 0.114752 0.982738 0.11659 0.938535 0.102308 0.936658 0.100469 0.98086
0 0.382165 0.724523 0.392988 0.703956 0.383767 0.688619 0.372943 0.709186
0 0.132096 0.85884 0.143419 0.826233 0.131494 0.813146 0.120172 0.845753
0 0.671138 0.71009 0.67588 0.684413 0.666344 0.678848 0.661603 0.704526
0 0.0896669 0.778459 0.103794 0.758531 0.0966788 0.74259 0.082552 0.762519
0 0.499637 0.831877 0.502045 0.787981 0.484964 0.785019 0.482556 0.828915
0 0.662169 0.830302 0.665155 0.796781 0.645355 0.791206 0.642368 0.824728
0 0.622391 0.821931 0.625717 0.79346 0.614659 0.789377 0.611333 0.817848
0 0.540984 0.856785 0.548129 0.828148 0.538031 0.820186 0.530887 0.848824
0 0.308221 0.809649 0.314972 0.794332 0.302706 0.777245 0.295955 0.792563
0 0.218948 1.01665 0.228683 0.979307 0.205251 0.960001 0.195516 0.997343
0 0.647655 0.771971 0.651757 0.745943 0.635803 0.737995 0.631701 0.764024
0 0.410572 0.799032 0.413445 0.777298 0.400675 0.771962 0.397801 0.793697
0 0.35243 0.958775 0.365898 0.923914 0.350762 0.905432 0.337294 0.940293
0 0.211649 0.861412 0.212346 0.840563 0.199073 0.839159 0.198376 0.860008
0 0.889318 0.508416 0.891939 0.486778 0.876781 0.480975 0.87416 0.502613
0 0.0736728 0.790488 0.0776596 0.773399 0.0677591 0.766099 0.0637723 0.783188
0 0.40136 0.812151 0.405912 0.793188 0.39396 0.78412 0.389407 0.803082
0 0.958122 0.759076 0.966888 0.745397 0.953296 0.717867 0.94453 0.731547
0 0.678045 0.645024 0.6794 0.623476 0.668596 0.62133 0.667241 0.642877
0 0.08767 0.89749 0.0958805 0.877987 0.0866823 0.865749 0.0784719 0.885252
0 0.345012 0.763083 0.349304 0.741155 0.338711 0.734603 0.334419 0.756531
0 0.592196 0.797646 0.603256 0.77576 0.595935 0.764068 0.584875 0.785953
0 0.856676 0.548929 0.874085 0.524419 0.865297 0.504693 0.847889 0.529202
0 0.725395 0.739083 0.738954 0.708642 0.727039 0.691871 0.713481 0.722312
0 0.391692 0.902899 0.393996 0.879126 0.381081 0.87517 0.378777 0.898943
0 0.0634778 0.864884 0.0636673 0.840136 0.0467332 0.839726 0.0465437 0.864474
0 0.185152 0.833875 0.18648 0.811235 0.170881 0.808344 0.169553 0.830984
0 0.208759 0.888015 0.21593 0.86566 0.200697 0.850214 0.193525 0.872569
0 0.320421 0.301241 0.329626 0.270358 0.315873 0.257402 0.306668 0.288285
0 0.446944 0.866008 0.456716 0.841213 0.445382 0.827095 0.43561 0.85189
0 0.100775 0.896413 0.104379 0.872557 0.0927981 0.867028 0.0891942 0.890883
0 0.519983 0.742096 0.520915 0.72265 0.509827 0.720969 0.508895 0.740415
0 0.870228 0.496143 0.873029 0.465652 0.856531 0.460862 0.85373 0.491353
0 0.522293 0.808266 0.524601 0.791025 0.511745 0.785585 0.509436 0.802825
0 0.172044 0.8784 0.171365 0.849873 0.153234 0.851237 0.153913 0.879764
0 0.363306 0.807996 0.370762 0.786212 0.35864 0.773099 0.351184 0.794883
0 0.44788 0.787819 0.45009 0.768622 0.439639 0.76482 0.437429 0.784017
0 0.109709 0.761738 0.118623 0.744399 0.11136 0.732597 0.102445 0.749935
0 0.33322 0.861859 0.335242 0.835458 0.320544 0.8319 0.318522 0.8583
0 0.507996 0.80621 0.510587 0.783264 0.499426 0.779282 0.496836 0.802228
0 0.310693 0.752161 0.311506 0.725135 0.297852 0.723836 0.297038 0.750862
0 1.00154 0.523652 1.00341 0.496254 0.988337 0.493001 0.986466 0.520398
0 0.26434 0.720347 0.268406 0.697386 0.254464 0.689584 0.250398 0.712545
0 0.878382 0.555161 0.882226 0.527708 0.868936 0.521827 0.865092 0.54928
0 0.030425 0.12142 0.0509403 -0.00134494 -0.00718655 -0.0320446 -0.0277018 0.0907204
0 0.513468 0.769525 0.516204 0.748618 0.502894 0.743115 0.500159 0.764022
0 0.556025 0.769362 0.561024 0.739939 0.549985 0.734011 0.544986 0.763434
0 0.511207 0.680658 0.513394 0.657097 0.500137 0.653208 0.49795 0.676769
0 0.620049 0.843778 0.622112 0.806508 0.608694 0.80416 0.606631 0.84143
0 0.198342 0.826968 0.199206 0.806249 0.186718 0.804603 0.185854 0.825322
0 0.190131 0.715316 0.193773 0.697784 0.182454 0.690352 0.178812 0.707885
0 0.0772115 0.325471 0.0802451 0.264817 0.0272458 0.256439 0.0242121 0.317094
0 0.639844 0.743277 0.643646 0.716068 0.623559 0.707199 0.619757 0.734408
0 0.724255 0.50763 0.727953 0.485323 0.716276 0.479206 0.712579 0.501514
0 0.024174 0.886206 0.0384514 0.866494 0.0305529 0.848413 0.0162755 0.868125
0 0.63074 0.790197 0.636122 0.766645 0.626569 0.759747 0.621188 0.783299
0 0.387553 0.78818 0.390544 0.773144 0.377383 0.764869 0.374392 0.779905
0 0.502385 0.892988 0.503089 0.86786 0.488877 0.8666 0.488172 0.891728
0 0.0659235 0.193905 0.105829 0.124885 0.0537127 0.0296513 0.0138072 0.0986706
0 0.00657966 0.89339 0.0259641 0.864028 0.0167034 0.844706 -0.00268099 0.874068
0 0.664513 0.835832 0.66828 0.807 0.651297 0.799988 0.64753 0.828819
0 0.735145 0.6624 0.746688 0.632532 0.737375 0.621155 0.725831 0.651024
0 0.912877 0.731224 0.916417 0.706952 0.903635 0.701062 0.900096 0.725334
0 0.45767 0.998883 0.459607 0.969248 0.44459 0.966147 0.442653 0.995782
0 0.482631 0.68273 0.485456 0.664177 0.472304 0.657849 0.469479 0.676402
0 0.046867 0.823 0.0476473 0.796628 0.0322396 0.795187 0.0314593 0.821559
0 0.330022 1.00686 0.333275 0.981177 0.312091 0.972699 0.308839 0.998386
0 0.281002 0.70306 0.290952 0.680394 0.281822 0.667728 0.271872 0.690393
0 0.318677 0.75628 0.321178 0.735378 0.309889 0.73111 0.307388 0.752011
0 0.306573 0.723039 0.306925 0.699224 0.292262 0.698539 0.29191 0.722354
0 0.4277 1.00641 0.443748 0.983418 0.435021 0.964168 0.418974 0.98716
0 0.461216 0.857192 0.466402 0.819487 0.445381 0.81035 0.440196 0.848055
0 0.395026 0.883078 0.396169 0.859415 0.383834 0.857533 0.382692 0.881196
0 0.299717 0.789865 0.3007 0.76949 0.285704 0.767205 0.284722 0.78758
0 0.664373 0.631388 0.67352 0.611982 0.664236 0.59815 0.655088 0.617555
0 0.324407 0.904975 0.327669 0.876965 0.30897 0.870083 0.305708 0.898093
0 0.854732 0.584453 0.855561 0.553865 0.841186 0.552634 0.840357 0.583221
0 0.363971 0.810507 0.367956 0.787153 0.351752 0.778415 0.347768 0.80177
0 0.433648 0.90452 0.43646 0.868492 0.423097 0.865196 0.420285 0.901225
0 0.0220714 0.900312 0.0293301 0.878353 0.0180373 0.866555 0.0107786 0.888515
0 0.930696 0.701152 0.933617 0.682975 0.923661 0.677919 0.92074 0.696096
0 0.548943 0.726128 0.550309 0.706648 0.539688 0.704294 0.538321 0.723774
0 0.658481 0.733492 0.66368 0.713547 0.650093 0.702354 0.644894 0.7223
0 0.119989 0.993014 0.121225 0.967258 0.110735 0.965667 0.109499 0.991423
0 0.0800298 0.905069 0.0880639 0.880927 0.0770728 0.869367 0.0690388 0.893509
0 0.326826 0.567141 0.362839 0.490248 0.327907 0.43854 0.291893 0.515434
0 0.106866 0.916746 0.123371 0.890012 0.114247 0.872209 0.0977421 0.898942
0 0.370959 0.90993 0.375369 0.887072 0.364544 0.880472 0.360134 0.90333
0 0.0745272 0.851072 0.0770823 0.828407 0.064211 0.823821 0.0616559 0.846486
0 0.99412 0.541277 0.996439 0.518589 0.985546 0.515071 0.983228 0.53776
0 0.511934 0.71841 0.512468 0.695419 0.495855 0.694199 0.495321 0.71719
0 0.714132 0.756131 0.730061 0.725315 0.718551 0.70651 0.702622 0.737326
0 0.156075 0.926248 0.162942 0.906264 0.152114 0.894505 0.145247 0.914488
0 0.772536 0.953808 0.809648 0.870727 0.749083 0.785222 0.711971 0.868303
0 0.0969846 0.667545 0.0981839 0.651016 0.086632 0.648367 0.0854328 0.664896
0 0.20977 0.939062 0.217205 0.908682 0.187767 0.885912 0.180332 0.916292
0 0.814957 0.603058 0.81915 0.571208 0.805497 0.565528 0.801304 0.597378
0 0.984183 0.459544 0.987007 0.441829 0.975931 0.436249 0.973107 0.453964
0 0.652794 0.871703 0.655124 0.849914 0.640912 0.845112 0.638582 0.866901
0 0.930653 0.537088 0.934184 0.515044 0.913854 0.504751 0.910323 0.526795
0 0.137577 1.00454 0.139183 0.981401 0.119927 0.977179 0.118322 1.00032
0 0.311174 0.697201 0.315923 0.67109 0.300227 0.662067 0.295478 0.688179
0 0.140111 0.911054 0.153636 0.890403 0.145824 0.874231 0.132298 0.894882
0 0.225994 0.919581 0.229903 0.902504 0.216566 0.892853 0.212656 0.909931
0 0.180146 0.968975 0.184172 0.942483 0.167768 0.934605 0.163743 0.961097
0 0.7963 0.622706 0.809235 0.598907 0.79127 0.568047 0.778335 0.591845
0 0.182477 0.736381 0.182781 0.715574 0.169601 0.714966 0.169298 0.735772
0 0.12552 0.820722 0.127806 0.797843 0.11508 0.793823 0.112794 0.816702
0 0.22931 0.897783 0.231103 0.876995 0.216174 0.872926 0.214381 0.893714
0 0.519489 0.805004 0.521526 0.787849 0.508838 0.783086 0.506801 0.800241
0 0.341769 0.943155 0.343307 0.920556 0.329117 0.917503 0.327579 0.940102
0 0.999356 0.490033 0.996892 0.463422 0.974048 0.470107 0.976512 0.496718
0 0.361238 0.877226 0.367058 0.856602 0.354831 0.845697 0.349011 0.866321
0 0.36138 0.713191 0.36604 0.684509 0.350958 0.676765 0.346298 0.705447
0 0.484363 0.653617 0.485622 0.62943 0.47295 0.627347 0.471692 0.651533
0 0.204382 0.760711 0.205597 0.737705 0.190051 0.73511 0.188836 0.758116
0 0.33792 0.918591 0.340543 0.893378 0.324654 0.888153 0.322031 0.913366
0 0.165711 0.956541 0.173095 0.9295 0.162778 0.920596 0.155394 0.947636
0 0.61572 0.710666 0.619901 0.693969 0.61126 0.687131 0.60708 0.703828
0 0.631111 0.657434 0.638745 0.637714 0.630762 0.627946 0.623128 0.647666
0 0.916808 0.707019 0.920827 0.688913 0.907154 0.679323 0.903136 0.697428
0 0.393158 0.89318 0.394003 0.871677 0.381428 0.870116 0.380584 0.89162
0 0.704976 0.771184 0.711035 0.749604 0.701138 0.740821 0.695079 0.7624
0 0.112385 0.932388 0.118319 0.913055 0.1072 0.902269 0.101267 0.921602
0 0.530156 0.649653 0.531312 0.625128 0.519494 0.623368 0.518339 0.647893
0 0.363801 0.31435 0.37686 0.3031 0.363749 0.255001 0.35069 0.266251
0 0.389888 0.996482 0.392442 0.956278 0.372764 0.952327 0.37021 0.992531
0 0.128494 0.753666 0.134358 0.731518 0.126834 0.725223 0.120971 0.747371
0 0.130488 0.846442 0.139042 0.8131 0.128479 0.804534 0.119924 0.837876
0 1.00359 0.762533 0.998498 0.71531 0.964052 0.727057 0.969148 0.77428
0 0.422012 0.844983 0.420888 0.823303 0.402768 0.826272 0.403891 0.847951
0 0.525057 0.72497 0.526326 0.707037 0.515473 0.704609 0.514204 0.722542
0 0.118737 0.750176 0.126988 0.730212 0.120076 0.721184 0.111825 0.741149
0 0.273874 0.727634 0.2778 0.706062 0.266378 0.699492 0.262452 0.721064
0 0.171868 0.315957 0.199681 0.28918 0.172652 0.200449 0.144839 0.227226
0 0.962307 0.472755 0.963809 0.456432 0.953017 0.453294 0.951515 0.469617
0 0.448104 0.769271 0.451291 0.748116 0.441561 0.743482 0.438374 0.764638
0 0.115218 0.807749 0.12052 0.791106 0.111038 0.781559 0.105736 0.798203
0 0.741241 0.764504 0.747882 0.745919 0.735852 0.73233 0.72921 0.750915
0 0.221296 0.950049 0.228558 0.915783 0.214733 0.906522 0.20747 0.940788
0 0.486349 0.945188 0.49986 0.930816 0.486769 0.891924 0.473259 0.906296
0 0.137254 0.770076 0.143919 0.745195 0.13244 0.735477 0.125775 0.760358
0 0.231303 0.910751 0.232625 0.893225 0.221167 0.890492 0.219845 0.908019
0 0.668094 0.80678 0.670858 0.781872 0.659756 0.777978 0.656992 0.802887
0 0.173576 0.714598 0.17693 0.691828 0.163383 0.685522 0.160029 0.708293
0 0.946747 0.460558 0.951686 0.436493 0.942051 0.430243 0.937112 0.454308
0 0.0777494 0.817979 0.0794103 0.798573 0.0663148 0.795031 0.0646539 0.814436
0 0.62126 0.74963 0.626224 0.730029 0.614435 0.720594 0.609471 0.740196
0 0.72564 0.742789 0.733483 0.711855 0.720625 0.701552 0.712782 0.732486
0 0.35149 0.936501 0.364282 0.911972 0.353821 0.894732 0.34103 0.919261
0 0.512295 0.692862 0.514153 0.66787 0.499239 0.664366 0.497381 0.689359
0 0.716323 0.630086 0.732258 0.568873 0.702897 0.544716 0.686962 0.605929
0 0.550046 0.708007 0.552062 0.687091 0.539738 0.683337 0.537722 0.704253
0 0.392214 0.757404 0.396225 0.738791 0.386063 0.731869 0.382051 0.750481
0 0.115301 0.992904 0.116112 0.957051 0.101823 0.956029 0.101011 0.991882
0 0.476957 0.708129 0.481927 0.689678 0.469011 0.678683 0.464041 0.697134
0 0.413716 0.931634 0.420643 0.903588 0.408572 0.894166 0.401645 0.922213
0 0.487827 0.986122 0.488822 0.962335 0.473992 0.960374 0.472997 0.984161
0 0.603837 0.799997 0.615005 0.777011 0.605857 0.762964 0.594689 0.78595
0 0.35375 0.744797 0.35583 0.722644 0.342898 0.718806 0.340817 0.740958
0 0.195573 0.935622 0.20338 0.902694 0.1839 0.888096 0.176092 0.921024
0 0.685478 0.718454 0.692399 0.698946 0.683757 0.689257 0.676836 0.708766
0 0.497326 0.818408 0.497978 0.781817 0.484121 0.781037 0.483469 0.817627
0 0.185328 0.780776 0.190414 0.755334 0.177775 0.747349 0.172689 0.772791
0 0.672267 0.665989 0.673122 0.638471 0.659953 0.637177 0.659098 0.664695
0 0.391594 0.799773 0.39586 0.784027 0.384833 0.774586 0.380567 0.790332
0 0.918037 0.756676 0.920618 0.725356 0.908773 0.722271 0.906192 0.753591
0 0.0405706 0.384838 0.0536461 0.317533 -0.00172447 0.283536 -0.0148 0.350841
0 0.313185 0.994482 0.334952 0.94099 0.309575 0.908352 0.287808 0.961843
