0 0.397959 0.963837 0.397276 0.855812 0.333376 0.857089 0.334059 0.965114
0 0.542533 0.999688 0.55618 0.939585 0.520158 0.913734 0.506511 0.973837
0 0.336626 0.926811 0.340773 0.892889 0.317485 0.88389 0.313338 0.917813
0 0.449373 0.582505 0.449896 0.533651 0.421548 0.532692 0.421025 0.581545
0 0.299866 0.93808 0.32504 0.886554 0.307241 0.85907 0.282067 0.910596
0 0.535375 0.931597 0.539873 0.902135 0.525039 0.894978 0.520542 0.92444
0 0.482966 0.980193 0.480812 0.884985 0.432251 0.888457 0.434405 0.983665
0 0.329921 0.964293 0.351158 0.932778 0.338771 0.906397 0.317534 0.937912
0 0.908328 0.708164 0.915264 0.644131 0.876828 0.630972 0.869892 0.695006
0 0.437368 0.996084 0.44605 0.955576 0.431538 0.945746 0.422856 0.986254
0 0.0810883 0.644478 0.0876688 0.620706 0.0774056 0.611728 0.0708252 0.635499
0 0.857846 0.579254 0.859642 0.529801 0.818032 0.525025 0.816236 0.574478
0 0.388007 1.00417 0.40639 0.951261 0.38408 0.926763 0.365696 0.979676
0 0.430244 0.901774 0.432332 0.872564 0.415535 0.868769 0.413446 0.897979
0 0.472952 0.857454 0.476603 0.815729 0.456029 0.810039 0.452378 0.851763
0 0.988609 1.0629 1.02167 0.848812 0.830929 0.755732 0.797872 0.969821
0 0.30062 0.848363 0.326827 0.830804 0.321921 0.80766 0.295713 0.825219
0 0.341846 0.892509 0.348424 0.82437 0.321046 0.816017 0.314468 0.884156
0 0.310748 0.886473 0.314683 0.837495 0.287082 0.830487 0.283147 0.879465
0 0.463731 0.405489 0.466286 0.343013 0.434325 0.338881 0.431769 0.401358
0 0.416512 0.901034 0.417787 0.865934 0.398705 0.863744 0.39743 0.898844
0 0.100338 0.775208 0.100021 0.740941 0.0795149 0.741541 0.0798319 0.775808
0 0.404078 0.844818 0.411685 0.809659 0.397548 0.799992 0.389941 0.835151
0 0.544389 0.809874 0.546351 0.788959 0.526282 0.783009 0.52432 0.803925
0 0.406986 0.879089 0.402491 0.829642 0.369332 0.839167 0.373827 0.888614
0 0.835249 0.767659 0.835491 0.711115 0.811104 0.710786 0.810862 0.76733
0 0.48166 0.886411 0.489751 0.847923 0.472143 0.836225 0.464052 0.874713
0 0.095411 0.75145 0.113376 0.709167 0.0979294 0.688426 0.0799647 0.730708
0 0.0238687 0.650833 0.0722503 0.619587 0.0615067 0.56701 0.013125 0.598256
0 0.547743 0.913864 0.548876 0.883336 0.53307 0.881482 0.531938 0.91201
0 0.34068 0.758448 0.358648 0.732867 0.348521 0.710386 0.330553 0.735967
0 0.812932 0.758436 0.814333 0.721627 0.792313 0.718979 0.790912 0.755787
0 0.623271 1.00921 0.630793 0.974327 0.611167 0.960954 0.603646 0.995842
0 0.778836 0.755754 0.789339 0.739204 0.774265 0.708966 0.763761 0.725516
0 0.8446 0.713457 0.858302 0.68138 0.843895 0.66193 0.830193 0.694007
0 0.382784 0.541162 0.383165 0.507004 0.364168 0.506334 0.363786 0.540492
0 0.48099 1.01348 0.525469 0.985906 0.502911 0.870891 0.458431 0.898463
0 0.423842 0.862276 0.429905 0.809961 0.408789 0.802227 0.402726 0.854542
0 0.430661 0.687313 0.42871 0.660087 0.40644 0.665132 0.408392 0.692358
0 0.061343 0.818894 0.0604393 0.788235 0.0407813 0.790066 0.0416851 0.820726
0 0.578209 0.991782 0.597502 0.973851 0.581708 0.920144 0.562415 0.938075
0 0.504118 0.842578 0.506858 0.819017 0.492065 0.81358 0.489325 0.837141
0 0.00636335 0.873343 0.0307614 0.837505 0.0170849 0.808078 -0.00731307 0.843916
0 0.402168 1.00818 0.414515 0.973562 0.402545 0.96007 0.390198 0.994693
0 0.496761 0.711437 0.502404 0.686721 0.489626 0.677502 0.483984 0.702218
0 0.342128 0.78308 0.337392 0.737088 0.307923 0.746679 0.31266 0.792671
0 0.0477486 1.02387 0.108427 0.92421 0.0659322 0.842437 0.00525407 0.942095
0 0.305134 0.95643 0.326839 0.926001 0.315501 0.90044 0.293796 0.93087
0 0.438279 0.849182 0.446559 0.823736 0.433737 0.810549 0.425457 0.835995
0 0.291328 0.530326 0.2995 0.50472 0.281215 0.486278 0.273043 0.511884
0 0.844526 0.672472 0.844442 0.647778 0.821144 0.648031 0.821229 0.672725
0 0.0813726 0.778841 0.0805251 0.744489 0.0506037 0.746822 0.0514512 0.781174
0 0.125376 1.01609 0.147187 0.982955 0.135126 0.957867 0.113315 0.991007
0 0.505121 0.82174 0.509403 0.789912 0.493481 0.783143 0.4892 0.814971
0 0.516224 0.805492 0.517974 0.78235 0.506434 0.779592 0.504683 0.802733
0 0.0773351 0.72862 0.0786158 0.704901 0.0643342 0.702464 0.0630535 0.726182
0 0.411506 0.802211 0.419313 0.769024 0.407902 0.760539 0.400094 0.793727
0 0.283019 0.91505 0.293713 0.874883 0.278442 0.862033 0.267748 0.9022
0 0.802395 1.04799 0.854046 0.964571 0.775769 0.811398 0.724119 0.894821
0 0.633164 0.981647 0.639488 0.953646 0.622337 0.941405 0.616013 0.969406
0 0.538039 1.008 0.540216 0.982129 0.516648 0.975862 0.514471 1.00174
0 0.764972 0.757555 0.772495 0.727104 0.753795 0.712505 0.746273 0.742956
0 0.538628 0.830518 0.543187 0.808675 0.526297 0.797533 0.521738 0.819375
0 0.23063 0.955939 0.245356 0.916121 0.233079 0.901771 0.218353 0.941588
0 0.864454 0.65191 0.874835 0.624103 0.855248 0.600993 0.844867 0.6288
0 0.0581955 0.662315 0.0590835 0.633458 0.0416929 0.631767 0.0408049 0.660624
0 0.507698 0.887833 0.515722 0.863555 0.495127 0.842042 0.487103 0.86632
0 0.792151 0.782559 0.801526 0.757423 0.781759 0.73412 0.772383 0.759257
0 0.186225 0.994989 0.204466 0.967654 0.194798 0.947262 0.176556 0.974597
0 0.421107 0.928124 0.427365 0.904379 0.416423 0.895266 0.410166 0.919011
0 0.464639 1.00501 0.464867 0.980771 0.446129 0.980215 0.445902 1.00445
0 0.799568 0.694771 0.801192 0.673621 0.783258 0.669271 0.781635 0.69042
0 0.570812 0.991233 0.573366 0.947039 0.555217 0.943723 0.552662 0.987917
0 0.357407 0.8193 0.378924 0.789363 0.366578 0.761319 0.345061 0.791256
0 0.0524276 0.750583 0.0678186 0.730034 0.0603225 0.712289 0.0449315 0.732838
0 0.488571 0.805175 0.497219 0.784545 0.487828 0.772102 0.479179 0.792732
0 0.567437 0.797888 0.570486 0.760627 0.548651 0.754979 0.545602 0.79224
0 0.537355 0.869825 0.538558 0.840772 0.521355 0.838523 0.520153 0.867576
0 0.20203 1.00204 0.213078 0.978327 0.203123 0.963665 0.192075 0.987374
0 0.6408 0.392505 0.64601 0.333656 0.614479 0.324834 0.609269 0.383684
0 0.43737 0.810159 0.443274 0.793887 0.428775 0.77726 0.422871 0.793531
0 0.412276 0.764943 0.41414 0.746883 0.403506 0.743416 0.401642 0.761475
0 0.432249 0.934185 0.445597 0.902261 0.43429 0.887319 0.420942 0.919242
0 0.822118 0.807601 0.831303 0.782758 0.812548 0.760846 0.803364 0.78569
0 0.444124 0.663108 0.446618 0.63986 0.431944 0.634883 0.429449 0.658131
0 0.041229 0.835908 0.045007 0.807933 0.0198961 0.797215 0.0161182 0.825191
0 0.437503 0.770832 0.441432 0.750257 0.430277 0.743525 0.426348 0.7641
0 0.786185 0.815493 0.79404 0.762016 0.739062 0.736492 0.731206 0.789969
0 0.2452 0.833264 0.247149 0.812672 0.237108 0.809669 0.235159 0.83026
0 0.420064 0.751995 0.421419 0.732945 0.408466 0.730033 0.407111 0.749083
0 0.214955 0.420408 0.221245 0.374911 0.176273 0.35526 0.169983 0.400757
0 0.481113 1.00604 0.482426 0.981255 0.464905 0.978324 0.463593 1.00311
0 0.343443 0.831678 0.358749 0.788937 0.340332 0.768093 0.325026 0.810833
0 0.455251 0.626184 0.466432 0.602102 0.446528 0.572894 0.435347 0.596976
0 0.203134 0.880799 0.203347 0.859428 0.190634 0.859028 0.190422 0.880399
0 0.208648 0.966341 0.219976 0.941786 0.210045 0.927307 0.198717 0.951863
0 0.17457 0.998705 0.170584 0.969951 0.143082 0.981998 0.147068 1.01075
0 0.566153 0.774498 0.582182 0.756643 0.567609 0.715297 0.551581 0.733151
0 0.612201 0.990789 0.613826 0.921537 0.588289 0.919643 0.586664 0.988895
0 0.184004 0.898689 0.185134 0.870854 0.169726 0.868876 0.168595 0.896712
0 0.405291 0.674565 0.413415 0.645758 0.400728 0.634451 0.392605 0.663258
0 0.485553 0.853314 0.493257 0.826315 0.480321 0.814648 0.472617 0.841646
0 0.962598 0.789185 0.974596 0.764382 0.956155 0.736188 0.944157 0.760991
0 0.596931 1.00309 0.595847 0.977834 0.57138 0.981153 0.572464 1.00641
0 0.634056 0.623477 0.634155 0.589942 0.615106 0.589763 0.615007 0.623298
0 0.787295 0.73766 0.796671 0.707898 0.781271 0.692565 0.771895 0.722327
0 0.29387 0.957668 0.294862 0.907197 0.266238 0.905419 0.265247 0.955891
0 0.0774481 0.800899 0.0780323 0.775866 0.0623157 0.774707 0.0617315 0.79974
0 0.507094 0.870889 0.509563 0.840729 0.491086 0.835948 0.488617 0.866108
0 0.482852 0.724946 0.487847 0.697672 0.477232 0.691528 0.472237 0.718802
0 0.0647397 0.793683 0.0651692 0.770217 0.0415625 0.768852 0.041133 0.792317
0 0.433791 0.740056 0.436278 0.712862 0.420681 0.708354 0.418194 0.735548
0 0.564566 1.00595 0.564913 0.98121 0.545294 0.980339 0.544947 1.00508
0 0.569021 0.88509 0.585719 0.860644 0.564417 0.81466 0.54772 0.839105
0 0.0698912 0.751002 0.072247 0.728632 0.0609083 0.724858 0.0585525 0.747228
0 0.463756 0.892859 0.46893 0.861059 0.453251 0.852997 0.448078 0.884797
0 0.279117 0.982187 0.300666 0.963714 0.294668 0.941602 0.273119 0.960075
0 0.282713 1.00226 0.281815 0.984273 0.264619 0.986987 0.265517 1.00498
0 0.22497 0.924025 0.227559 0.90413 0.216953 0.899768 0.214364 0.919663
0 0.629406 0.891466 0.62871 0.831664 0.59486 0.832909 0.595556 0.892711
0 0.839237 0.801009 0.841554 0.774751 0.827546 0.770844 0.825229 0.797103
0 0.782194 0.699706 0.783361 0.676293 0.770775 0.67431 0.769608 0.697723
0 0.865299 0.546016 0.868949 0.520475 0.847519 0.510797 0.843869 0.536337
0 0.559638 0.898234 0.561912 0.860281 0.544011 0.856891 0.541737 0.894844
0 0.400445 0.809879 0.405329 0.785404 0.392276 0.777172 0.387393 0.801647
0 0.449226 0.796056 0.453703 0.777377 0.437932 0.765429 0.433455 0.784109
0 0.311804 0.976523 0.327474 0.947078 0.31741 0.93015 0.301739 0.959595
0 0.61765 0.825187 0.629377 0.801088 0.618666 0.784616 0.606939 0.808714
0 0.426761 0.777274 0.430525 0.754987 0.416478 0.747489 0.412714 0.769777
0 0.256091 0.930779 0.270172 0.907747 0.260891 0.889813 0.246809 0.912846
0 0.820977 0.666983 0.823445 0.646503 0.809333 0.64113 0.806866 0.66161
0 0.813343 0.776089 0.816719 0.756877 0.801269 0.748295 0.797892 0.767507
0 0.438246 0.714291 0.440574 0.694079 0.428134 0.689552 0.425806 0.709764
0 0.554982 0.617842 0.582714 0.597636 0.575775 0.567539 0.548043 0.587745
0 0.567875 0.568732 0.569185 0.524282 0.544566 0.521987 0.543255 0.566438
0 0.805635 0.732739 0.80849 0.702269 0.79177 0.697319 0.788915 0.727788
0 0.790523 0.601542 0.794293 0.574437 0.780073 0.568186 0.776304 0.595291
0 0.522484 0.826313 0.52518 0.802997 0.511571 0.798023 0.508875 0.821339
0 0.275353 0.733698 0.283834 0.687698 0.262708 0.675389 0.254227 0.721388
0 0.292776 1.01452 0.370111 1.00034 0.367111 0.948641 0.289776 0.962823
0 0.274097 0.878471 0.276596 0.859405 0.267964 0.85583 0.265465 0.874896
0 0.646692 1.00742 0.649111 0.972264 0.628623 0.967808 0.626204 1.00296
0 0.474633 0.138263 0.480237 0.0927953 0.446902 0.0798093 0.441297 0.125277
0 0.624034 0.171636 0.62378 0.128946 0.603739 0.129323 0.603993 0.172013
0 0.638758 0.808104 0.641324 0.788908 0.628817 0.783624 0.626251 0.80282
0 0.530039 0.909705 0.530755 0.882064 0.516072 0.880863 0.515357 0.908504
0 0.376124 0.565395 0.378821 0.549092 0.366991 0.542907 0.364294 0.559209
0 0.936291 0.682521 0.937147 0.635433 0.908718 0.633799 0.907861 0.680887
0 0.0870247 0.752773 0.0885502 0.731179 0.0728255 0.727668 0.0713 0.749262
0 0.369392 1.0132 0.374288 0.966738 0.339267 0.955074 0.334371 1.00154
0 0.475689 0.987626 0.478471 0.928538 0.451072 0.924461 0.44829 0.983549
0 0.151748 0.98052 0.157253 0.954416 0.143122 0.944998 0.137617 0.971102
0 0.390257 0.793648 0.393045 0.770364 0.378721 0.764944 0.375933 0.788228
0 0.29915 0.398345 0.306601 0.363445 0.289667 0.352017 0.282215 0.386917
0 0.773078 0.572249 0.777175 0.554073 0.763069 0.544021 0.758971 0.562198
0 0.264617 0.88793 0.26974 0.870909 0.261039 0.862632 0.255916 0.879653
0 0.572676 0.947691 0.578567 0.903724 0.559256 0.895546 0.553365 0.939514
0 0.0370851 1.00427 0.0374906 0.968363 0.00445048 0.967184 0.00404506 1.00309
0 0.0375541 0.778543 0.047141 0.747705 0.0345081 0.735293 0.0249212 0.766131
0 0.186047 1.00161 0.186729 0.982885 0.169469 0.980898 0.168787 0.999625
0 0.485465 0.739141 0.487617 0.719836 0.476955 0.716079 0.474803 0.735384
0 0.232242 0.883311 0.236907 0.86282 0.229208 0.857281 0.224543 0.877772
0 0.771006 0.724186 0.773156 0.703699 0.758355 0.69879 0.756205 0.719277
0 0.869652 0.694543 0.877598 0.665663 0.861444 0.651615 0.853498 0.680495
0 0.421974 0.663078 0.425135 0.642171 0.413275 0.636503 0.410114 0.657411
0 0.500588 0.963902 0.528654 0.928204 0.50398 0.866892 0.475913 0.90259
0 0.217682 0.890703 0.223769 0.874549 0.214717 0.863769 0.208631 0.879923
0 0.113889 0.978851 0.128343 0.944762 0.119274 0.932609 0.10482 0.966698
0 0.281564 0.831449 0.285351 0.806297 0.275285 0.801507 0.271498 0.826659
0 0.519337 0.596783 0.559713 0.51823 0.534598 0.477432 0.494223 0.555985
0 0.430925 0.953869 0.435749 0.925366 0.423114 0.918608 0.41829 0.94711
0 0.860884 0.752381 0.862411 0.724751 0.843919 0.72152 0.842391 0.74915
0 0.123123 0.987684 0.137959 0.9516 0.126929 0.937268 0.112093 0.973352
0 0.215401 0.935248 0.219682 0.919762 0.209783 0.911112 0.205501 0.926599
0 0.0782801 0.615535 0.0926425 0.580066 0.0799483 0.56382 0.0655858 0.599288
0 0.567348 0.106223 0.573711 0.0520334 0.554742 0.044994 0.548379 0.0991836
0 0.306214 0.566727 0.310066 0.546392 0.296975 0.538555 0.293123 0.55889
0 0.615399 0.804379 0.63468 0.776298 0.613281 0.729863 0.594001 0.757944
0 0.633786 0.92504 0.635641 0.891598 0.618478 0.888588 0.616622 0.922031
0 0.440608 0.888788 0.449448 0.865565 0.43718 0.850807 0.42834 0.87403
0 0.504574 0.750771 0.51433 0.731739 0.49795 0.705205 0.488195 0.724238
0 0.421966 0.8181 0.425725 0.789722 0.411462 0.783751 0.407703 0.812129
0 0.448745 1.0033 0.452378 0.975053 0.439842 0.969956 0.436208 0.998201
0 0.249118 0.952435 0.251475 0.931212 0.240174 0.927246 0.237817 0.948469
0 0.476209 0.762437 0.47711 0.741152 0.46616 0.739688 0.465259 0.760973
0 0.84412 0.756587 0.845324 0.731724 0.833366 0.729895 0.832163 0.754758
0 0.499535 0.612064 0.509127 0.58963 0.499383 0.576463 0.489791 0.598897
0 0.898726 0.640053 0.90133 0.614922 0.886093 0.609933 0.883489 0.635065
0 0.428915 0.840884 0.430199 0.799637 0.409459 0.797595 0.408174 0.838842
0 0.15372 0.989532 0.156349 0.961732 0.14204 0.957454 0.139411 0.985255
0 0.524551 0.392082 0.521581 0.361057 0.497503 0.368341 0.500473 0.399367
0 0.426377 0.961869 0.428593 0.934789 0.412987 0.930753 0.410771 0.957833
0 0.243735 0.893463 0.249235 0.868767 0.23812 0.860944 0.23262 0.88564
0 0.532469 0.901901 0.53382 0.875661 0.519205 0.873282 0.517853 0.899522
0 0.295443 0.837833 0.29862 0.817742 0.287985 0.812428 0.284808 0.832518
0 0.513811 0.829754 0.515179 0.80951 0.504079 0.807139 0.502711 0.827383
0 0.546867 0.846375 0.548576 0.82757 0.535198 0.823729 0.53349 0.842534
0 0.334569 0.72694 0.334982 0.70461 0.321148 0.703802 0.320735 0.726132
0 0.269484 0.905218 0.274182 0.885993 0.264451 0.878478 0.259753 0.897702
0 0.533579 0.824192 0.534101 0.803836 0.52003 0.802697 0.519508 0.823053
0 0.224251 0.992415 0.230633 0.97079 0.221831 0.96258 0.215449 0.984204
0 0.569017 0.892154 0.574591 0.874516 0.562866 0.862805 0.557291 0.880443
0 0.191285 0.973882 0.203366 0.949235 0.195045 0.936344 0.182964 0.960992
0 0.819462 0.582116 0.818627 0.561559 0.802546 0.563624 0.803381 0.58418
0 0.488028 0.842851 0.493218 0.810154 0.48031 0.803679 0.47512 0.836376
0 0.541496 0.591349 0.55192 0.568144 0.536086 0.545666 0.525663 0.568871
0 0.96259 0.492407 0.965428 0.439819 0.935884 0.43478 0.933046 0.487368
0 0.463831 0.809712 0.464983 0.791442 0.45487 0.789427 0.453718 0.807697
0 0.641761 0.797202 0.657923 0.74265 0.635466 0.721622 0.619304 0.776175
0 0.764417 0.695884 0.765885 0.674665 0.746289 0.67038 0.744821 0.691599
0 0.422667 0.993675 0.430331 0.962132 0.417621 0.952371 0.409956 0.983914
0 0.0410772 0.745418 0.0503396 0.726598 0.0428608 0.714965 0.0335984 0.733785
0 0.373657 0.859345 0.388733 0.805875 0.366427 0.785999 0.351352 0.839469
0 0.127484 0.330468 0.143429 0.303669 0.12413 0.267377 0.108185 0.294177
0 0.488731 0.822371 0.490969 0.800973 0.475687 0.795923 0.47345 0.81732
0 0.436354 0.672878 0.43769 0.655221 0.42535 0.652269 0.424013 0.669926
0 0.583893 0.92053 0.589604 0.902265 0.57201 0.884879 0.566299 0.903144
0 0.525785 0.88146 0.527576 0.861605 0.516446 0.858431 0.514654 0.878285
0 0.884022 0.793128 0.880342 0.760427 0.854426 0.769642 0.858105 0.802343
0 0.846995 0.736223 0.851254 0.710233 0.83804 0.703388 0.83378 0.729379
0 0.361923 0.719062 0.36366 0.700758 0.351403 0.697082 0.349666 0.715387
0 0.695031 0.611016 0.696685 0.584548 0.684455 0.582133 0.682801 0.6086
0 0.135998 0.889743 0.142376 0.873299 0.135427 0.864781 0.129049 0.881225
0 0.13894 0.910303 0.14761 0.885054 0.140202 0.877015 0.131532 0.902263
0 0.594106 0.906054 0.598159 0.876464 0.586268 0.871316 0.582215 0.900906
0 0.564954 0.941431 0.567605 0.904797 0.550049 0.900783 0.547399 0.937416
0 0.508423 0.642537 0.512459 0.61235 0.497216 0.60591 0.493181 0.636097
