0 0.555991 0.998168 0.568923 0.897677 0.500886 0.870005 0.487954 0.970496
0 0.232058 1.02417 0.274738 0.983218 0.258168 0.928638 0.215489 0.969589
0 0.603026 0.596615 0.60288 0.544375 0.572072 0.544649 0.572219 0.596888
0 0.495718 0.939041 0.503391 0.904804 0.479584 0.887942 0.471911 0.922179
0 0.988045 1.07976 1.02762 0.858184 0.816926 0.739266 0.777355 0.960843
0 0.505136 0.96859 0.508719 0.92068 0.484981 0.915069 0.481397 0.962978
0 0.569134 0.866324 0.574192 0.830748 0.558513 0.823702 0.553455 0.859279
0 0.637831 0.896279 0.639903 0.853682 0.616076 0.850018 0.614004 0.892615
0 0.183064 0.904852 0.19552 0.869926 0.178043 0.850228 0.165587 0.885153
0 0.320157 1.00065 0.320323 0.966593 0.302747 0.966322 0.30258 1.00038
0 0.156617 0.823695 0.163388 0.777765 0.142963 0.768249 0.136192 0.814179
0 0.664548 0.743748 0.666068 0.717537 0.649887 0.714571 0.648366 0.740782
0 0.558554 0.909519 0.567772 0.86958 0.534327 0.845185 0.525109 0.885124
0 0.267327 0.950737 0.283548 0.817558 0.230401 0.797099 0.21418 0.930278
0 0.262165 0.741333 0.267203 0.712328 0.246534 0.700981 0.241496 0.729986
0 0.468026 0.941938 0.486759 0.887833 0.464822 0.863828 0.446089 0.917933
0 0.253376 0.592282 0.254429 0.542451 0.223483 0.540384 0.22243 0.590215
0 0.116982 0.866914 0.11787 0.842031 0.0973875 0.83972 0.0964994 0.864603
0 0.459303 0.847895 0.4854 0.833797 0.480871 0.807303 0.454774 0.821402
0 0.373173 0.979719 0.379424 0.956916 0.366779 0.94596 0.360528 0.968763
0 0.167109 0.703716 0.183903 0.67176 0.158358 0.629331 0.141564 0.661287
0 0.240927 0.710661 0.25308 0.692161 0.245194 0.675787 0.233041 0.694286
0 0.297428 0.98898 0.298943 0.954142 0.280684 0.951632 0.279168 0.98647
0 0.246093 0.769838 0.246986 0.745381 0.232376 0.743695 0.231483 0.768152
0 0.584308 0.709007 0.584784 0.681101 0.56567 0.680071 0.565194 0.707977
0 0.0978019 0.88247 0.0991237 0.813253 0.0404924 0.809714 0.0391706 0.878931
0 0.369456 1.00294 0.37842 0.978805 0.367513 0.966 0.358549 0.990131
0 0.119658 0.82339 0.124475 0.780322 0.10627 0.773887 0.101453 0.816955
0 0.0881588 0.817708 0.0898529 0.795306 0.071765 0.790983 0.0700708 0.813385
0 0.570339 0.82838 0.580088 0.790231 0.567903 0.780388 0.558153 0.818537
0 0.789988 1.04437 0.840725 0.962198 0.759608 0.803903 0.708871 0.886075
0 0.573901 0.773485 0.576894 0.756426 0.563762 0.749146 0.560769 0.766204
0 0.731362 0.607898 0.741232 0.569529 0.715899 0.548932 0.706029 0.587302
0 0.564528 1.00144 0.560997 0.960486 0.532206 0.968332 0.535737 1.00928
0 0.399973 0.926646 0.407021 0.896755 0.395422 0.888112 0.388375 0.918004
0 0.368077 0.962989 0.370357 0.937557 0.350829 0.932021 0.348548 0.957454
0 0.594308 0.937361 0.598591 0.907053 0.580167 0.898826 0.575885 0.929134
0 0.384456 0.943208 0.386686 0.918192 0.372706 0.914254 0.370476 0.93927
0 0.261029 0.695452 0.265254 0.673946 0.253805 0.666836 0.24958 0.688342
0 0.502851 0.897621 0.50623 0.835205 0.477155 0.830232 0.473777 0.892648
0 0.529773 0.820183 0.530799 0.785921 0.508358 0.783797 0.507332 0.81806
0 0.357118 0.994974 0.367581 0.968633 0.358339 0.957029 0.347875 0.98337
0 0.39002 0.970088 0.399944 0.952933 0.393122 0.940461 0.383198 0.957616
0 0.140444 0.842176 0.145814 0.810834 0.127367 0.800844 0.121997 0.832187
0 0.19321 0.911126 0.203922 0.887958 0.193953 0.873391 0.183241 0.896559
0 0.319705 0.922363 0.325232 0.902897 0.316312 0.894892 0.310785 0.914358
0 0.234027 0.778169 0.235893 0.751624 0.216245 0.747261 0.21438 0.773806
0 0.249315 0.749604 0.252501 0.732441 0.237643 0.723723 0.234457 0.740886
0 0.148915 0.931385 0.161885 0.910369 0.153129 0.89329 0.140159 0.914306
0 0.483972 0.799937 0.499645 0.758174 0.480718 0.735723 0.465044 0.777487
0 0.310738 0.978549 0.321201 0.941799 0.304312 0.926602 0.29385 0.963352
0 0.385811 0.984886 0.388623 0.964964 0.377932 0.960196 0.375121 0.980117
0 0.483331 0.974946 0.485198 0.94368 0.469922 0.940797 0.468055 0.972063
0 0.75853 0.644885 0.752371 0.605835 0.722913 0.620519 0.729072 0.65957
0 0.243465 0.620133 0.246477 0.598597 0.233359 0.592796 0.230346 0.614333
0 0.126522 0.861168 0.129798 0.83186 0.115059 0.826654 0.111784 0.855962
0 0.577412 0.934911 0.584698 0.899358 0.565893 0.887177 0.558606 0.92273
0 0.712532 0.624918 0.721253 0.595618 0.69939 0.575052 0.690669 0.604351
0 0.0545868 0.433172 0.054 0.352955 0.00602743 0.354065 0.00661422 0.434281
0 0.214687 0.810239 0.226184 0.771073 0.208765 0.754912 0.197268 0.794078
0 0.555714 0.689436 0.56726 0.66041 0.556897 0.647382 0.54535 0.676407
0 0.599524 0.682788 0.601896 0.65582 0.584587 0.651008 0.582215 0.677976
0 0.480759 0.949357 0.482441 0.915153 0.461696 0.911929 0.460014 0.946133
0 0.584278 0.797393 0.589536 0.779153 0.576294 0.767088 0.571036 0.785328
0 0.115501 0.844765 0.117348 0.81686 0.0963508 0.812468 0.0945039 0.840373
0 0.30608 0.928505 0.313034 0.905449 0.297893 0.891018 0.29094 0.914074
0 0.11486 0.32305 0.11442 0.279319 0.092252 0.280023 0.0926918 0.323755
0 0.168239 0.803298 0.1724 0.778578 0.158345 0.771102 0.154185 0.795822
0 0.550585 0.840508 0.553976 0.82008 0.541936 0.813764 0.538545 0.834192
0 0.163269 0.853706 0.161179 0.81879 0.136753 0.823411 0.138844 0.858328
0 0.232958 0.699822 0.248093 0.676767 0.239437 0.658809 0.224303 0.681864
0 0.584017 0.894328 0.590753 0.848168 0.571569 0.839319 0.564832 0.885479
0 0.341461 0.968894 0.345465 0.941846 0.330571 0.934877 0.326566 0.961924
0 0.304164 1.00495 0.303557 0.986525 0.289383 0.988 0.289989 1.00643
0 0.470994 0.88922 0.475073 0.845077 0.452926 0.838609 0.448847 0.882751
0 0.0855313 0.808535 0.0973643 0.774752 0.0845555 0.760572 0.0727225 0.794355
0 0.104729 0.814597 0.109256 0.773743 0.0905367 0.767188 0.08601 0.808042
0 0.100108 0.770074 0.103955 0.74886 0.0844605 0.737688 0.0806137 0.758902
0 0.228138 0.74892 0.228732 0.729132 0.214602 0.727793 0.214009 0.747581
0 0.0117922 0.822464 0.0344839 0.799433 0.0266819 0.775138 0.00399014 0.798169
0 0.398985 0.419483 0.400464 0.382825 0.373902 0.379438 0.372423 0.416096
0 0.160754 0.876227 0.163367 0.851626 0.150568 0.84733 0.147955 0.87193
0 0.468174 0.882292 0.472448 0.838641 0.446624 0.830649 0.44235 0.8743
0 0.235207 0.795537 0.237998 0.778418 0.225594 0.772025 0.222803 0.789145
0 0.141759 0.725438 0.159859 0.692977 0.147616 0.671402 0.129516 0.703863
0 0.0871044 0.686922 0.0975495 0.65106 0.0839402 0.638533 0.0734951 0.674394
0 0.275273 0.735691 0.279128 0.707772 0.266156 0.702112 0.262302 0.730031
0 0.379441 0.941419 0.381238 0.917316 0.367326 0.914039 0.36553 0.938141
0 0.360599 0.897592 0.363122 0.880821 0.354473 0.876709 0.35195 0.89348
0 0.584172 0.754019 0.585976 0.725793 0.572518 0.723074 0.570714 0.751301
0 0.33588 0.99802 0.336123 0.976673 0.320331 0.976104 0.320088 0.997451
0 0.149309 0.885887 0.14953 0.862738 0.132624 0.862228 0.132403 0.885376
0 0.531944 0.543143 0.530058 0.504978 0.513606 0.507547 0.515492 0.545713
0 0.599749 0.866403 0.603698 0.844774 0.590834 0.837351 0.586885 0.85898
0 0.646394 0.725979 0.65687 0.636826 0.610797 0.619714 0.60032 0.708868
0 0.311716 0.942451 0.315325 0.925048 0.304722 0.918098 0.301113 0.935502
0 0.674979 0.671492 0.674395 0.636753 0.656922 0.637682 0.657506 0.672421
0 0.149471 0.913466 0.152319 0.883722 0.134827 0.878429 0.131979 0.908173
0 0.325149 0.939463 0.328203 0.919612 0.316763 0.91405 0.313709 0.933901
0 0.426805 0.912695 0.42877 0.88868 0.415163 0.885162 0.413199 0.909178
0 0.526506 0.569381 0.528783 0.55115 0.516816 0.546427 0.514539 0.564658
0 0.45836 1.01239 0.487694 0.994145 0.481755 0.96397 0.452421 0.982216
0 0.608688 0.648073 0.623695 0.624478 0.604946 0.586793 0.58994 0.610388
0 0.154878 0.776394 0.153986 0.736978 0.122767 0.73921 0.123658 0.778626
0 0.444343 0.903235 0.449393 0.864862 0.435786 0.859203 0.430736 0.897576
0 0.444337 1.00846 0.448831 0.985277 0.435748 0.977259 0.431253 1.00044
0 0.646308 0.756282 0.650141 0.731208 0.636119 0.724434 0.632286 0.749508
0 0.0423817 0.76962 0.0472339 0.751723 0.0379051 0.74373 0.0330529 0.761626
0 0.299179 0.95106 0.304584 0.926716 0.294292 0.919495 0.288888 0.943839
0 0.498851 0.983858 0.499085 0.96134 0.479274 0.96069 0.479041 0.983209
0 0.599175 0.892717 0.600455 0.874239 0.5889 0.871709 0.58762 0.890187
0 0.168727 0.890928 0.173861 0.861018 0.160766 0.853915 0.155633 0.883825
0 0.113153 0.666033 0.116066 0.647051 0.1051 0.641732 0.102187 0.660714
0 0.202693 0.882384 0.207789 0.855802 0.194068 0.847489 0.188972 0.87407
0 0.634145 0.933604 0.638947 0.899072 0.621108 0.891232 0.616307 0.925764
0 0.589211 0.803049 0.594249 0.784944 0.58308 0.775122 0.578042 0.793226
0 0.38271 0.918413 0.384764 0.895213 0.371688 0.891553 0.369633 0.914753
0 0.0695485 0.796692 0.0836223 0.77324 0.0747848 0.756479 0.0607111 0.779931
0 0.600941 0.875608 0.604269 0.84937 0.590424 0.843819 0.587096 0.870058
0 0.247682 0.784365 0.248541 0.768777 0.239196 0.767149 0.238337 0.782738
0 0.0932858 0.290546 0.0986831 0.253823 0.0743476 0.242519 0.0689503 0.279242
0 0.343244 0.967156 0.349541 0.940839 0.336609 0.931058 0.330311 0.957375
0 0.679665 0.40938 0.680871 0.348766 0.652039 0.346954 0.650833 0.407567
0 0.24291 0.689917 0.251193 0.671105 0.242019 0.658338 0.233736 0.677149
0 0.51195 0.757624 0.512473 0.724669 0.492886 0.723687 0.492363 0.756642
0 0.547694 0.80712 0.549834 0.78481 0.535848 0.780571 0.533709 0.802881
0 0.45125 0.954178 0.457296 0.907648 0.433674 0.897947 0.427628 0.944476
0 0.29862 0.933399 0.308379 0.907828 0.296214 0.893157 0.286456 0.918728
0 0.0229054 0.787494 0.029352 0.768115 0.020218 0.758512 0.0137713 0.777891
0 0.400956 0.391142 0.40293 0.355598 0.370309 0.349874 0.368336 0.385419
0 0.575069 0.72454 0.575493 0.704523 0.561468 0.703584 0.561044 0.7236
0 0.339992 0.985102 0.344132 0.957275 0.324698 0.948138 0.320559 0.975964
0 0.595015 0.130656 0.59245 0.0825181 0.55832 0.0882658 0.560885 0.136403
0 0.665532 0.862906 0.674625 0.836103 0.662673 0.82329 0.653581 0.850094
0 0.586109 0.954754 0.589255 0.932975 0.575348 0.926625 0.572202 0.948404
0 0.275622 0.976568 0.290148 0.94276 0.279535 0.928348 0.265009 0.962156
0 0.0284595 0.764329 0.0429845 0.744314 0.0355522 0.727267 0.0210272 0.747283
0 0.0139465 0.757061 0.0195956 0.740249 0.00930574 0.729322 0.00365667 0.746133
0 0.388194 0.898845 0.389633 0.880906 0.380719 0.878646 0.37928 0.896585
0 0.349365 1.00385 0.351966 0.980486 0.340947 0.97661 0.338346 0.999975
0 0.481011 0.395783 0.488004 0.378631 0.474956 0.361819 0.467964 0.378971
0 0.663959 0.634715 0.669046 0.611926 0.656653 0.603181 0.651565 0.625971
0 0.278367 0.708813 0.291492 0.672854 0.277352 0.656543 0.264227 0.692502
0 0.314291 0.891712 0.318549 0.877076 0.310283 0.869478 0.306026 0.884114
0 0.582552 0.911591 0.585095 0.88717 0.571996 0.88286 0.569453 0.90728
0 0.143393 0.870434 0.144825 0.842667 0.128333 0.839979 0.126901 0.867746
0 0.242073 0.737577 0.242469 0.719197 0.226666 0.71812 0.226269 0.7365
0 0.183527 0.790734 0.195101 0.768213 0.187332 0.755593 0.175758 0.778114
0 0.620943 0.931485 0.624337 0.905012 0.611607 0.899855 0.608213 0.926328
0 0.392039 0.934189 0.395909 0.916647 0.385282 0.909238 0.381412 0.92678
0 0.595511 0.834912 0.601438 0.827632 0.592925 0.805723 0.586997 0.813003
0 0.646751 0.776408 0.651811 0.75477 0.641588 0.747214 0.636528 0.768852
0 0.0587669 0.785137 0.0596178 0.764083 0.0474912 0.762534 0.0466402 0.783588
0 0.421322 1.00385 0.422155 0.983777 0.405581 0.981604 0.404748 1.00168
0 0.467672 0.746792 0.475839 0.717139 0.452666 0.696967 0.444499 0.72662
0 0.367782 0.877613 0.371342 0.861322 0.36076 0.854014 0.3572 0.870304
0 0.336938 1.00679 0.339238 0.987143 0.328688 0.983241 0.326389 1.00289
0 0.374072 0.404098 0.374301 0.373384 0.355797 0.372949 0.355569 0.403664
0 0.364129 0.932909 0.367253 0.914988 0.356388 0.909003 0.353264 0.926924
0 0.682421 0.626729 0.721586 0.560721 0.693231 0.507546 0.654065 0.573555
0 0.557355 0.720801 0.558736 0.701727 0.549049 0.699508 0.547667 0.718583
0 0.268638 0.717368 0.271958 0.697299 0.257932 0.689965 0.254611 0.710034
0 0.0673726 0.741783 0.0671024 0.725228 0.0545623 0.725875 0.0548326 0.74243
0 0.0903194 1.00557 0.11379 0.973229 0.105587 0.954416 0.0821163 0.98676
0 0.152496 0.396839 0.154192 0.351711 0.128743 0.348687 0.127047 0.393815
0 0.616057 0.414431 0.617086 0.377378 0.587779 0.374806 0.58675 0.411859
0 0.730715 0.99855 0.735224 0.914268 0.698894 0.908126 0.694386 0.992409
0 0.41208 0.925551 0.416163 0.902877 0.40677 0.897532 0.402687 0.920205
0 0.289781 0.939072 0.301818 0.915823 0.293761 0.902639 0.281724 0.925889
0 0.237384 0.858063 0.23955 0.826899 0.221868 0.823014 0.219702 0.854178
0 0.437103 0.953306 0.444665 0.918175 0.431093 0.908942 0.423531 0.944073
0 0.485924 1.01268 0.502043 0.978773 0.485112 0.953336 0.468994 0.987245
0 0.602831 0.856014 0.610537 0.84445 0.599273 0.820727 0.591567 0.832291
0 0.576893 0.821989 0.578211 0.796715 0.563828 0.794344 0.562509 0.819618
0 0.10251 0.827455 0.103972 0.809009 0.0887765 0.805202 0.0873141 0.823647
0 0.395145 0.907505 0.398426 0.88743 0.389626 0.882884 0.386345 0.902959
0 0.228847 0.590112 0.229451 0.570262 0.214213 0.568797 0.213609 0.588647
0 0.334809 0.902253 0.33811 0.886379 0.330341 0.881273 0.32704 0.897146
0 0.073375 0.767006 0.075127 0.747342 0.0643625 0.744311 0.0626104 0.763974
0 0.412825 0.940413 0.414568 0.92163 0.40415 0.918576 0.402408 0.937358
0 0.504032 0.8368 0.51268 0.792265 0.494393 0.781043 0.485745 0.825578
0 0.59496 0.79351 0.596232 0.773744 0.585835 0.771631 0.584564 0.791396
0 0.603703 0.978216 0.609005 0.93113 0.591 0.924722 0.585698 0.971808
0 0.00155966 0.799453 0.0165603 0.777726 0.00968105 0.762715 -0.00531957 0.784443
0 0.497448 0.392093 0.50558 0.364882 0.496188 0.35601 0.488056 0.383222
0 0.454327 0.97429 0.456156 0.949834 0.441835 0.94645 0.440006 0.970906
0 0.484097 0.745803 0.485516 0.718087 0.470676 0.715686 0.469257 0.743402
0 0.590314 0.639892 0.601576 0.626776 0.5911 0.598348 0.579838 0.611464
0 0.132954 0.811927 0.139684 0.789406 0.129298 0.779596 0.122567 0.802116
0 0.631971 1.0231 0.792207 0.818463 0.756002 0.728863 0.595766 0.933497
0 0.575614 0.682688 0.580782 0.663104 0.566681 0.651344 0.561513 0.670929
0 1.00098 0.735063 1.00294 0.705148 0.979665 0.700325 0.977704 0.73024
0 0.218867 1.01416 0.224209 0.960984 0.18334 0.948008 0.177998 1.00118
0 0.281252 0.914824 0.285241 0.893621 0.273707 0.886764 0.269718 0.907966
0 0.283184 1.00107 0.284122 0.983896 0.270958 0.981624 0.27002 0.998802
0 0.55722 0.823657 0.560712 0.799618 0.548752 0.794126 0.545259 0.818164
0 0.288166 0.888595 0.292633 0.873308 0.283697 0.865056 0.27923 0.880343
0 0.0845966 0.618985 0.0912164 0.596442 0.0826416 0.588484 0.0760217 0.611027
0 0.32687 0.704575 0.32845 0.684648 0.31648 0.681649 0.3149 0.701576
0 0.589195 0.85136 0.595938 0.8337 0.586029 0.821743 0.579286 0.839403
0 0.618962 0.857267 0.621642 0.840592 0.611306 0.835342 0.608626 0.852016
0 0.42062 0.952478 0.424736 0.934667 0.416348 0.928541 0.412232 0.946352
0 0.591985 0.762452 0.594766 0.737714 0.584101 0.733924 0.581319 0.758662
0 0.687871 0.77258 0.689939 0.75089 0.674757 0.746314 0.672688 0.768004
0 0.407807 0.967816 0.411501 0.948784 0.403076 0.943616 0.399382 0.962648
0 0.568904 0.783734 0.572434 0.769637 0.561249 0.760783 0.557719 0.77488
0 0.640052 1.0063 0.641548 0.931278 0.600752 0.928706 0.599256 1.00373
0 0.0887353 0.99506 0.100424 0.94678 0.0831856 0.933589 0.0714968 0.981869
0 0.241302 0.773809 0.242316 0.747118 0.224194 0.744943 0.22318 0.771633
0 0.263738 0.811444 0.265617 0.797104 0.255377 0.792863 0.253498 0.807203
0 0.212164 0.764781 0.216048 0.744533 0.205465 0.738117 0.201581 0.758366
0 0.00677091 0.913641 0.04603 0.868944 0.0338276 0.83507 -0.00543152 0.879768
0 0.908227 0.681609 0.910059 0.650979 0.893151 0.647783 0.891319 0.678412
0 0.253247 0.73041 0.257116 0.708178 0.241772 0.699737 0.237902 0.721969
0 0.217495 0.90292 0.219869 0.869219 0.202614 0.865377 0.20024 0.899078
0 0.276127 0.940784 0.279237 0.915968 0.266786 0.911036 0.263675 0.935851
