0 0.998613 0.972573 1.0124 0.856905 0.80453 0.778623 0.790747 0.894292
0 0.572155 1.00849 0.596351 0.95629 0.554777 0.895385 0.530582 0.947582
0 0.66477 0.842486 0.728761 0.732772 0.655904 0.598471 0.591913 0.708185
0 0.560153 0.609705 0.565046 0.583083 0.548866 0.573685 0.543974 0.600308
0 0.68597 0.595733 0.689389 0.539994 0.660774 0.534446 0.657354 0.590184
0 0.674259 0.552226 0.67585 0.497491 0.64536 0.494691 0.643769 0.549425
0 0.0137152 1.00333 0.0246451 0.966356 0.00733596 0.950185 -0.00359391 0.987159
0 0.754291 0.62636 0.765405 0.608341 0.751144 0.580538 0.740029 0.598556
0 0.636421 0.630422 0.649108 0.59339 0.633402 0.576386 0.620716 0.613417
0 0.0298334 0.850013 0.0339885 0.811134 0.0123288 0.803818 0.00817373 0.842697
0 0.60205 0.680529 0.601861 0.643089 0.579428 0.643447 0.579617 0.680887
0 0.774112 0.998348 0.819287 0.915225 0.755514 0.805685 0.710339 0.888808
0 0.0278473 0.997855 0.0459886 0.964141 0.0326198 0.941406 0.0144785 0.97512
0 0.783938 0.398075 0.791102 0.380785 0.775465 0.36031 0.768302 0.377599
0 0.557739 0.536372 0.5703 0.506517 0.559845 0.492616 0.547285 0.522471
0 0.0130978 0.954182 0.0354316 0.929711 0.0261455 0.902926 0.00381173 0.927397
0 0.979135 0.764953 1.00781 0.603386 0.857601 0.519138 0.828928 0.680705
0 0.441231 0.803135 0.451014 0.767376 0.435607 0.754054 0.425824 0.789813
0 0.51066 0.597567 0.515277 0.574121 0.503813 0.566986 0.499196 0.590432
0 0.568733 0.713532 0.570851 0.691976 0.553095 0.686464 0.550978 0.708021
0 0.510539 0.6303 0.518285 0.600543 0.507655 0.591798 0.499909 0.621554
0 0.579533 0.408105 0.58055 0.382292 0.566434 0.380533 0.565416 0.406346
0 0.745953 0.458315 0.746693 0.41472 0.718663 0.413217 0.717923 0.456811
0 0.533425 0.732089 0.537723 0.699717 0.522054 0.693142 0.517756 0.725514
0 0.0587478 0.988808 0.0803756 0.963493 0.0702108 0.936047 0.0485831 0.961362
0 0.525759 0.836461 0.527124 0.809951 0.507505 0.806757 0.50614 0.833267
0 0.492871 0.570228 0.497442 0.547818 0.487247 0.541246 0.482676 0.563657
0 0.706125 0.601275 0.714532 0.577215 0.69958 0.560703 0.691173 0.584763
0 0.0474476 0.833134 0.048251 0.80167 0.0310259 0.80028 0.0302224 0.831744
0 0.541796 0.533743 0.557331 0.502128 0.546118 0.484713 0.530583 0.516328
0 0.089452 0.93932 0.0894516 0.905998 0.0680241 0.905998 0.0680245 0.939321
0 0.520124 0.669689 0.526357 0.652319 0.513713 0.637981 0.507481 0.655351
0 0.57361 0.626648 0.573046 0.604125 0.551938 0.605797 0.552502 0.62832
0 0.531317 0.527542 0.53459 0.501745 0.51652 0.494499 0.513246 0.520296
0 0.840882 0.79635 0.861585 0.756087 0.827581 0.700828 0.806878 0.741091
0 0.0550451 0.861723 0.0512448 0.825546 0.0178778 0.836624 0.0216781 0.872801
0 0.669756 0.48025 0.670446 0.451089 0.654321 0.449882 0.653631 0.479043
0 0.768232 0.427842 0.778133 0.416282 0.764078 0.378236 0.754177 0.389796
0 0.0685293 0.95283 0.0698916 0.919379 0.0479061 0.916549 0.0465439 0.95
0 0.450617 0.88505 0.459957 0.832995 0.422898 0.811982 0.413558 0.864036
0 0.0414097 1.01452 0.0676188 0.994182 0.060244 0.964145 0.034035 0.984483
0 0.0186928 0.927292 0.0518041 0.889919 0.039615 0.855788 0.00650371 0.893161
0 0.766871 0.442983 0.766628 0.396517 0.746885 0.396843 0.747128 0.443309
0 0.113521 0.322515 0.109017 0.274938 0.087678 0.281322 0.0921813 0.328899
0 0.424438 0.683951 0.429927 0.658945 0.418175 0.650792 0.412686 0.675798
0 0.874456 0.345617 0.878724 0.315538 0.855158 0.304969 0.85089 0.335048
0 0.765383 0.530945 0.773153 0.510496 0.759261 0.493814 0.751492 0.514263
0 0.720726 0.645025 0.726646 0.624602 0.708364 0.607856 0.702445 0.628279
0 0.741336 0.592357 0.743033 0.571268 0.729039 0.567709 0.727342 0.588798
0 0.506573 0.733395 0.509255 0.709418 0.498438 0.705593 0.495755 0.72957
0 0.644536 0.415264 0.647893 0.383313 0.626279 0.376136 0.622923 0.408087
0 0.371376 0.946178 0.370212 0.908579 0.347661 0.910787 0.348825 0.948385
0 0.692774 0.592432 0.697124 0.569966 0.687822 0.564273 0.683472 0.586739
0 0.562733 0.366335 0.570442 0.344575 0.560804 0.333784 0.553095 0.355544
0 0.634037 0.572324 0.639341 0.553554 0.630004 0.545217 0.624701 0.563986
0 0.580555 0.353023 0.585659 0.329792 0.576339 0.32332 0.571235 0.346551
0 0.487399 0.742852 0.489533 0.718807 0.476293 0.715094 0.474159 0.739138
0 0.506521 0.685204 0.511623 0.663066 0.50189 0.655975 0.496787 0.678114
0 0.683217 0.61781 0.693072 0.593065 0.684528 0.582311 0.674673 0.607056
0 0.577082 0.457275 0.579631 0.434766 0.56892 0.430933 0.566371 0.453442
0 0.670787 0.612262 0.674074 0.58883 0.661379 0.583203 0.658092 0.606635
0 0.562243 0.502358 0.566654 0.483852 0.556976 0.476561 0.552565 0.495067
0 0.684218 0.408002 0.690124 0.389577 0.677447 0.376732 0.67154 0.395157
0 0.719067 0.613106 0.722782 0.589039 0.71154 0.583556 0.707825 0.607623
0 0.615146 0.587119 0.62315 0.566657 0.613555 0.554794 0.605551 0.575256
0 0.57113 0.391458 0.5737 0.364057 0.558687 0.359608 0.556118 0.387008
0 0.575306 0.504995 0.58189 0.49191 0.569298 0.471886 0.562714 0.484971
0 0.507455 0.706461 0.510091 0.682361 0.498956 0.678512 0.49632 0.702612
0 0.74456 0.697727 0.752692 0.664026 0.737835 0.652695 0.729703 0.686395
0 0.956779 0.154824 0.979817 0.106458 0.967121 0.0873445 0.944082 0.13571
0 0.760538 0.729835 0.764648 0.710166 0.746589 0.69824 0.742479 0.717909
0 0.789501 0.291481 0.797559 0.252487 0.777696 0.239514 0.769638 0.278507
0 0.626264 0.551417 0.630071 0.528109 0.617096 0.521413 0.61329 0.544721
0 0.735029 0.604196 0.736162 0.585838 0.723339 0.583337 0.722206 0.601695
0 0.611192 0.653643 0.614056 0.62427 0.591984 0.617468 0.58912 0.646841
0 0.769536 0.501999 0.780545 0.477715 0.77059 0.463453 0.759582 0.487738
0 0.675159 0.512898 0.683147 0.48941 0.664304 0.469156 0.656316 0.492643
0 0.86948 0.365827 0.870969 0.33934 0.856947 0.336848 0.855458 0.363336
0 0.567398 0.447181 0.571195 0.429491 0.560975 0.422557 0.557178 0.440247
0 0.574412 0.67088 0.578209 0.645537 0.564921 0.639245 0.561124 0.664588
0 0.718877 0.725326 0.730404 0.700185 0.711149 0.672284 0.699623 0.697425
0 0.846196 0.569455 0.843748 0.547996 0.828156 0.553618 0.830603 0.575077
0 0.692939 0.447659 0.702112 0.432339 0.686287 0.402393 0.677114 0.417713
0 0.495052 0.829457 0.501666 0.802206 0.490562 0.793689 0.483948 0.82094
0 0.561541 0.479144 0.566345 0.453023 0.553111 0.44533 0.548307 0.471451
0 0.587797 0.395269 0.590404 0.372229 0.578279 0.367892 0.575672 0.390933
0 0.5731 0.42671 0.574654 0.410419 0.564373 0.407319 0.562819 0.42361
0 0.564836 0.552903 0.574809 0.526526 0.564586 0.51431 0.554613 0.540687
0 0.780259 0.367028 0.791877 0.340678 0.783535 0.329055 0.771918 0.355406
0 0.753874 0.528244 0.757087 0.497241 0.742599 0.492496 0.739386 0.523498
0 0.523666 0.570855 0.525858 0.550987 0.516583 0.547752 0.514391 0.567621
0 0.571323 0.753497 0.575123 0.735729 0.56042 0.725791 0.55662 0.743559
0 0.815159 0.391169 0.820608 0.355085 0.800155 0.345324 0.794706 0.381408
0 0.6003 0.371977 0.602838 0.350498 0.591958 0.346436 0.589421 0.367915
0 0.636686 0.444158 0.643945 0.427879 0.632927 0.412353 0.625668 0.428631
0 0.722319 0.689559 0.728522 0.661076 0.714503 0.651427 0.7083 0.67991
0 0.482938 0.677044 0.487465 0.653502 0.478226 0.647888 0.4737 0.671429
0 0.515402 0.709328 0.519446 0.690503 0.50865 0.683173 0.504605 0.701998
0 0.535221 0.499336 0.543255 0.475115 0.533651 0.465048 0.525618 0.489269
0 0.672311 0.37064 0.673937 0.351034 0.662417 0.348014 0.660791 0.36762
0 0.635854 0.545471 0.640387 0.522476 0.630368 0.516235 0.625835 0.539229
0 0.586057 0.371649 0.589527 0.350116 0.576896 0.343682 0.573425 0.365215
0 0.713222 0.580914 0.718613 0.563159 0.706922 0.551941 0.701531 0.569697
0 0.589884 0.416161 0.591928 0.396028 0.579888 0.392165 0.577844 0.412299
0 0.732606 0.307641 0.735344 0.271143 0.714787 0.266268 0.712049 0.302766
0 0.544921 0.855137 0.547531 0.828918 0.53102 0.823723 0.52841 0.849943
0 0.617373 0.614689 0.635446 0.585288 0.625773 0.566494 0.6077 0.595895
0 0.014253 0.96518 0.0137583 0.912354 -0.00190649 0.912818 -0.00141179 0.965644
0 0.546207 0.634013 0.549646 0.61116 0.539673 0.606417 0.536234 0.62927
0 0.521844 0.642312 0.525172 0.620931 0.514679 0.615769 0.511351 0.63715
0 0.0591539 0.941914 0.0985812 0.885571 0.0818215 0.848505 0.0423942 0.904849
0 0.483151 0.814348 0.485821 0.795599 0.474522 0.790512 0.471852 0.809261
0 0.564169 0.659253 0.567283 0.632034 0.553684 0.627116 0.55057 0.654336
0 0.70835 0.378665 0.710498 0.350144 0.692993 0.345978 0.690845 0.374498
0 0.727288 0.573258 0.729774 0.553341 0.717308 0.548424 0.714822 0.568341
0 0.761724 0.721437 0.777287 0.701916 0.75621 0.648805 0.740647 0.668325
0 0.877591 0.783421 0.887398 0.752641 0.860744 0.725799 0.850937 0.756579
0 0.599081 0.308616 0.603781 0.283835 0.592888 0.277304 0.588187 0.302086
0 0.411999 0.872347 0.41562 0.842538 0.399278 0.836264 0.395658 0.866073
0 0.562459 0.410599 0.566858 0.387995 0.5561 0.381379 0.551701 0.403983
0 0.667434 0.643828 0.677785 0.621861 0.664041 0.601393 0.65369 0.623359
0 0.481703 0.63721 0.486481 0.621003 0.475084 0.610385 0.470306 0.626592
0 0.444408 0.632087 0.455903 0.606945 0.446698 0.593642 0.435202 0.618785
0 0.758145 0.388241 0.76347 0.368266 0.755032 0.361156 0.749707 0.381132
0 0.606946 0.992424 0.681869 0.976584 0.667546 0.762468 0.592623 0.778309
0 0.656697 0.353403 0.660698 0.332716 0.649797 0.326052 0.645796 0.346739
0 0.731158 0.768966 0.743502 0.746068 0.724385 0.713496 0.712041 0.736394
0 0.653607 0.435709 0.655498 0.413369 0.642094 0.409784 0.640204 0.432124
0 0.462295 0.818794 0.467215 0.797152 0.456762 0.789642 0.451842 0.811283
0 0.446209 0.82505 0.452689 0.793381 0.436307 0.782787 0.429827 0.814456
0 0.0106758 0.898872 0.025281 0.872845 0.013442 0.851848 -0.00116325 0.877875
0 0.0542903 0.977678 0.0599179 0.943503 0.0440981 0.93527 0.0384706 0.969445
0 0.490123 0.600254 0.494569 0.571607 0.480143 0.564531 0.475697 0.593178
0 0.0774777 0.994876 0.0881862 0.95234 0.0688585 0.936962 0.05815 0.979498
0 0.551061 0.718132 0.551543 0.699723 0.539648 0.698739 0.539166 0.717147
0 0.684787 0.657462 0.687777 0.620113 0.67083 0.615826 0.66784 0.653174
0 0.672876 0.381736 0.674507 0.360411 0.664074 0.35789 0.662443 0.379215
0 0.88418 0.371362 0.885592 0.349736 0.871459 0.346818 0.870047 0.368445
0 0.472583 0.659158 0.479391 0.636207 0.468798 0.626275 0.461989 0.649226
0 0.0634878 0.876533 0.0657878 0.849795 0.0487596 0.845165 0.0464595 0.871903
0 0.70899 0.609404 0.71559 0.588908 0.702996 0.576092 0.696397 0.596588
0 0.907073 0.554314 0.910628 0.524865 0.88812 0.516278 0.884565 0.545727
0 0.751081 0.416302 0.751104 0.391726 0.735689 0.39168 0.735666 0.416257
0 0.405004 0.72115 0.415626 0.669452 0.40088 0.659877 0.390258 0.711575
0 0.579216 0.462322 0.580216 0.442434 0.569869 0.440788 0.568868 0.460677
0 0.436571 0.655373 0.443339 0.63292 0.434603 0.624597 0.427835 0.64705
0 0.271385 0.484501 0.285792 0.451518 0.258977 0.414498 0.24457 0.447481
0 0.645897 0.583269 0.648235 0.559939 0.637624 0.556579 0.635286 0.579908
0 0.729503 0.792345 0.728966 0.751908 0.709084 0.752743 0.709622 0.79318
0 0.736014 0.724209 0.745321 0.696986 0.732814 0.683472 0.723507 0.710694
0 0.558795 0.571601 0.561556 0.553286 0.5494 0.547494 0.546639 0.565809
0 0.225805 0.574496 0.240277 0.542505 0.213952 0.504868 0.19948 0.536859
0 0.76665 0.321432 0.78235 0.298078 0.776087 0.284771 0.760387 0.308125
0 0.837195 0.53972 0.839213 0.508693 0.820154 0.504775 0.818136 0.535802
0 0.648422 0.578242 0.652954 0.555587 0.641753 0.548505 0.637221 0.57116
0 0.763777 0.464178 0.765382 0.44175 0.752249 0.438779 0.750643 0.461207
0 0.64527 0.559806 0.650433 0.534173 0.638609 0.526647 0.633446 0.55228
0 0.614242 0.39892 0.619353 0.383432 0.61149 0.37523 0.606378 0.390717
0 0.438143 0.594805 0.440799 0.574995 0.428111 0.56962 0.425455 0.58943
0 0.495329 0.625233 0.497708 0.607793 0.486022 0.602756 0.483644 0.620196
0 0.816989 0.44173 0.819937 0.423313 0.805667 0.416094 0.80272 0.434511
0 0.953001 0.215251 0.95132 0.172367 0.935844 0.174284 0.937525 0.217168
0 0.246768 0.962351 0.271522 0.959956 0.265294 0.756549 0.24054 0.758945
0 0.518438 0.501662 0.519305 0.471003 0.504679 0.469696 0.503812 0.500355
0 0.779737 0.64949 0.786009 0.630463 0.765213 0.608794 0.75894 0.627821
0 0.592853 0.289719 0.596032 0.256192 0.576188 0.250245 0.573009 0.283772
0 0.503489 0.667187 0.510982 0.642324 0.501652 0.633437 0.494159 0.6583
0 0.498968 0.551874 0.503967 0.532832 0.493658 0.524279 0.488659 0.543321
0 0.483113 0.214136 0.480256 0.165596 0.450745 0.171084 0.453601 0.219624
0 0.187403 0.299768 0.216724 0.265453 0.186323 0.183353 0.157002 0.217668
0 0.483603 0.834745 0.488952 0.815748 0.479998 0.80778 0.474649 0.826777
0 0.637946 0.538269 0.645354 0.514449 0.636017 0.505272 0.628609 0.529092
0 0.583291 0.438103 0.585997 0.419649 0.576678 0.415331 0.573972 0.433784
0 0.656733 0.604095 0.659539 0.575336 0.64592 0.571137 0.643115 0.599896
0 0.832195 0.726353 0.842069 0.661786 0.778254 0.630944 0.768381 0.695512
0 0.799095 0.345715 0.8075 0.329933 0.794755 0.308481 0.78635 0.324263
0 0.587692 0.490116 0.592048 0.469759 0.582406 0.463238 0.57805 0.483595
0 0.561409 0.780238 0.569127 0.748716 0.547687 0.732126 0.539969 0.763648
0 0.542563 0.707894 0.544495 0.68208 0.53243 0.679227 0.530498 0.705041
0 0.505535 0.797689 0.505755 0.751511 0.480438 0.75113 0.480219 0.797309
0 0.0100246 0.910477 0.0105453 0.878338 -0.00211996 0.877689 -0.00264067 0.909829
0 0.793649 0.388846 0.800457 0.375816 0.79113 0.360413 0.784321 0.373444
0 0.4299 0.642035 0.435358 0.618433 0.426783 0.612165 0.421325 0.635767
0 0.719839 0.233682 0.721697 0.208779 0.710427 0.206122 0.708569 0.231024
0 0.53385 0.63374 0.537639 0.615425 0.529982 0.610419 0.526193 0.628734
0 0.786021 0.742026 0.79164 0.718188 0.770614 0.702524 0.764995 0.726361
0 0.772615 0.316403 0.786022 0.290892 0.7776 0.276904 0.764193 0.302415
0 0.69568 0.347586 0.698904 0.325918 0.688544 0.321047 0.685321 0.342716
0 0.673013 0.282337 0.676784 0.262325 0.667411 0.256742 0.66364 0.276755
0 0.544703 0.663898 0.553617 0.640827 0.543274 0.628197 0.53436 0.651268
0 0.59042 0.440774 0.594589 0.424807 0.586619 0.41823 0.58245 0.434197
0 0.667665 0.318972 0.671311 0.293812 0.660156 0.288702 0.65651 0.313862
0 0.743881 0.393632 0.745104 0.370876 0.731598 0.368582 0.730375 0.391338
0 0.773982 0.226633 0.775332 0.203819 0.760298 0.201008 0.758948 0.223821
0 0.818597 0.528534 0.821144 0.501692 0.806473 0.497292 0.803926 0.524134
0 0.52116 0.698319 0.528049 0.68146 0.515783 0.665618 0.508894 0.682477
0 0.274188 0.728504 0.275283 0.68191 0.249846 0.680021 0.248751 0.726615
0 0.734473 0.486513 0.742071 0.463818 0.732571 0.453767 0.724973 0.476462
0 0.538962 0.818586 0.545004 0.783464 0.524348 0.772232 0.518306 0.807353
0 0.00884408 0.849344 0.0194754 0.813502 0.00592126 0.800796 -0.0047101 0.836637
0 0.524384 0.607273 0.528769 0.587706 0.518967 0.580764 0.514583 0.600331
0 0.767704 0.39034 0.771747 0.374734 0.762333 0.367028 0.758291 0.382634
0 0.618411 0.491275 0.627252 0.4592 0.614209 0.447838 0.605368 0.479912
0 0.628899 0.470785 0.638537 0.459937 0.62639 0.42583 0.616752 0.436678
0 0.489725 0.849061 0.495072 0.82733 0.48659 0.820733 0.481243 0.842465
0 0.440354 0.725024 0.450335 0.715239 0.439752 0.681121 0.429771 0.690906
0 0.564095 0.341278 0.568224 0.317467 0.55577 0.310642 0.551641 0.334454
0 0.835041 0.402039 0.84551 0.360007 0.828288 0.346449 0.817819 0.388482
0 0.801087 0.433289 0.802462 0.416011 0.789515 0.412757 0.788141 0.430034
0 0.53555 0.584353 0.538123 0.567344 0.528416 0.562705 0.525844 0.579713
0 0.632671 0.373614 0.64026 0.353044 0.627004 0.337587 0.619415 0.358157
0 0.583963 0.652045 0.586307 0.62926 0.57344 0.625076 0.571096 0.647861
0 0.445484 0.612184 0.452635 0.589206 0.444392 0.581097 0.43724 0.604075
0 0.055086 0.107001 0.087212 0.0127181 0.0598637 -0.0167333 0.0277378 0.0775499
0 0.0324568 0.965407 0.0492635 0.926355 0.0360901 0.908437 0.0192833 0.947488
0 0.267251 0.689126 0.271199 0.66708 0.254505 0.657632 0.250557 0.679679
0 0.471017 0.830834 0.476207 0.809349 0.466905 0.802246 0.461714 0.823731
0 0.472571 0.607863 0.479398 0.5844 0.47043 0.576154 0.463604 0.599616
0 0.781723 0.522351 0.787349 0.50694 0.771791 0.488989 0.766165 0.504401
0 0.53429 0.606828 0.53658 0.583852 0.525768 0.580445 0.523477 0.603421
0 0.489585 0.887414 0.493084 0.862544 0.480459 0.85693 0.47696 0.8818
0 0.593191 0.776404 0.597102 0.751891 0.58552 0.74605 0.581608 0.770563
0 0.610431 0.454037 0.615981 0.427753 0.605284 0.420614 0.599733 0.446897
0 0.546638 0.588391 0.549116 0.56768 0.540683 0.564491 0.538205 0.585202
0 0.0893003 0.830742 0.0903761 0.790209 0.0730441 0.788756 0.0719684 0.829289
0 0.494248 0.705243 0.495793 0.684104 0.483798 0.681333 0.482253 0.702471
0 0.485515 0.618504 0.488425 0.601196 0.4772 0.595232 0.47429 0.61254
0 0.661775 0.454463 0.666645 0.430227 0.653825 0.422085 0.648955 0.446321
0 0.551852 0.791553 0.554628 0.770491 0.537268 0.763259 0.534492 0.784321
