0 0.175504 0.550201 0.175216 0.516887 0.15606 0.51741 0.156347 0.550723
0 0.0721698 0.84732 0.114014 0.812042 0.100611 0.761798 0.0587671 0.797075
0 0.0807313 0.75458 0.086913 0.714281 0.0573227 0.699935 0.051141 0.740235
0 0.543616 0.84736 0.553567 0.824771 0.53761 0.802555 0.527659 0.825144
0 0.381623 0.950861 0.389744 0.911775 0.374958 0.902066 0.366837 0.941152
0 0.99132 0.953645 1.00601 0.824987 0.804435 0.75227 0.78975 0.880928
0 0.260628 0.69541 0.264472 0.670654 0.25098 0.664034 0.247137 0.688791
0 0.218036 0.871011 0.221176 0.835675 0.202452 0.830417 0.199312 0.865753
0 0.436327 0.949231 0.452667 0.91385 0.437416 0.891588 0.421075 0.926969
0 0.213002 0.761338 0.238363 0.729502 0.230452 0.709585 0.205091 0.741421
0 0.249387 0.682427 0.249936 0.663584 0.238099 0.662495 0.23755 0.681338
0 0.231141 0.916293 0.249724 0.877251 0.232555 0.851423 0.213972 0.890465
0 0.151 0.568289 0.150503 0.549982 0.136069 0.551222 0.136567 0.56953
0 0.266674 0.902829 0.269984 0.853127 0.248627 0.848632 0.245317 0.898334
0 0.221956 0.883835 0.254285 0.853152 0.243533 0.817349 0.211204 0.848031
0 0.191446 0.767095 0.196773 0.731167 0.180974 0.723763 0.175647 0.759691
0 0.499613 0.833666 0.50507 0.793105 0.487458 0.785616 0.482 0.826177
0 0.346415 0.911215 0.351209 0.886371 0.340612 0.879908 0.335818 0.904753
0 0.111003 0.741356 0.11608 0.710147 0.101685 0.702745 0.0966075 0.733954
0 0.11941 0.61775 0.127566 0.569007 0.106935 0.558097 0.0987795 0.606841
0 0.0773895 0.71324 0.0779499 0.681168 0.0567399 0.679996 0.0561795 0.712068
0 0.295153 0.840416 0.303147 0.811322 0.292652 0.802209 0.284659 0.831302
0 0.336366 0.905452 0.340195 0.880008 0.327725 0.874076 0.323895 0.899521
0 0.284812 0.887523 0.287453 0.852816 0.271571 0.848997 0.26893 0.883704
0 0.345876 0.933621 0.348597 0.90621 0.332284 0.901093 0.329564 0.928505
0 0.319654 1.00033 0.340199 0.913821 0.313358 0.893674 0.292813 0.98018
0 0.477762 0.847246 0.489541 0.807292 0.473249 0.792112 0.46147 0.832066
0 0.299293 0.673072 0.300143 0.645489 0.280072 0.643537 0.279223 0.671119
0 0.157196 0.750683 0.157144 0.726484 0.141951 0.726587 0.142003 0.750787
0 0.180737 0.795304 0.187486 0.777989 0.174601 0.762117 0.167852 0.779432
0 0.485215 0.776883 0.48446 0.743745 0.465653 0.7451 0.466408 0.778238
0 0.198832 0.638633 0.200247 0.618744 0.187879 0.615963 0.186464 0.635852
0 0.114923 0.691348 0.112836 0.664698 0.0849962 0.671587 0.0870825 0.698237
0 0.00956268 1.0074 0.0286163 0.977847 0.0157118 0.951548 -0.00334183 0.981097
0 0.573364 0.883466 0.576711 0.862069 0.561819 0.854707 0.558472 0.876104
0 0.237847 0.758045 0.256082 0.732434 0.247698 0.713568 0.229464 0.739179
0 0.0813447 0.891258 0.101641 0.871544 0.0944 0.847982 0.0741034 0.867696
0 0.193538 0.721171 0.204117 0.691124 0.191097 0.676634 0.180517 0.706682
0 0.309824 0.838612 0.320728 0.8019 0.307808 0.789773 0.296905 0.826485
0 0.17576 0.905399 0.203555 0.870175 0.192609 0.842875 0.164813 0.878098
0 0.473614 0.664421 0.477098 0.628 0.4611 0.623163 0.457616 0.659584
0 0.277407 0.594517 0.279179 0.57327 0.267112 0.57009 0.26534 0.591336
0 0.148925 0.797938 0.141177 0.745113 0.103056 0.762784 0.110804 0.815609
0 0.16797 0.335527 0.187339 0.236636 0.121427 0.195835 0.102058 0.294726
0 0.218126 0.835653 0.219792 0.813259 0.20453 0.809672 0.202864 0.832066
0 0.0646494 0.912445 0.0749101 0.791518 0.00456138 0.772653 -0.00569928 0.893579
0 0.482107 0.807475 0.496348 0.775497 0.483749 0.757763 0.469507 0.789741
0 0.0785243 0.803872 0.0754063 0.753304 0.0197078 0.764158 0.0228258 0.814726
0 0.292783 0.896754 0.311459 0.857653 0.298914 0.838716 0.280239 0.877817
0 0.224033 0.81712 0.230884 0.793294 0.220652 0.783994 0.2138 0.807821
0 0.307923 0.932429 0.323754 0.884756 0.300756 0.86062 0.284925 0.908293
0 0.294417 0.62424 0.2971 0.605265 0.284381 0.599581 0.281698 0.618556
0 0.140175 0.537612 0.139455 0.519352 0.123995 0.52128 0.124715 0.53954
0 0.0934395 0.941773 0.118423 0.914119 0.106745 0.880776 0.0817619 0.908431
0 0.107464 0.890258 0.125207 0.860011 0.113665 0.838613 0.095922 0.868861
0 0.0990454 0.629029 0.102069 0.600456 0.0820942 0.593777 0.079071 0.62235
0 0.0675827 0.569124 0.0699958 0.534895 0.0488398 0.530181 0.0464267 0.564411
0 0.0729262 0.68027 0.0728553 0.660289 0.0580222 0.660456 0.0580931 0.680436
0 0.308416 0.589369 0.309555 0.573442 0.301026 0.571514 0.299887 0.587442
0 0.098835 0.770774 0.10537 0.745494 0.0924653 0.73495 0.08593 0.76023
0 0.340105 0.673129 0.342282 0.649654 0.326526 0.645037 0.324349 0.668512
0 0.252842 0.729917 0.265294 0.706914 0.257659 0.693853 0.245207 0.716856
0 0.386214 0.868509 0.391621 0.839506 0.380093 0.832713 0.374685 0.861716
0 0.0617795 0.76872 0.0671621 0.73895 0.0463483 0.727056 0.0409657 0.756826
0 0.593005 0.933165 0.588818 0.895938 0.560743 0.905917 0.56493 0.943144
0 0.220794 0.950799 0.221092 0.89196 0.174012 0.891207 0.173714 0.950046
0 0.163401 0.770023 0.169598 0.741463 0.15592 0.732084 0.149724 0.760644
0 0.15963 0.888099 0.166407 0.865067 0.155455 0.854882 0.148678 0.877914
0 0.204753 0.756876 0.211403 0.727104 0.200172 0.719174 0.193521 0.748946
0 0.0767628 0.777789 0.0919064 0.752054 0.0820862 0.73379 0.0669426 0.759525
0 0.396364 0.949046 0.404769 0.918495 0.392081 0.907463 0.383676 0.938014
0 0.268146 0.79494 0.271903 0.741951 0.244115 0.735725 0.240359 0.788713
0 0.120413 0.712796 0.122139 0.693554 0.109637 0.69001 0.107911 0.709252
0 0.321569 0.605358 0.32249 0.583403 0.308191 0.581508 0.30727 0.603463
0 0.932161 0.485227 0.931678 0.453911 0.913498 0.454798 0.913981 0.486113
0 0.0213353 0.78439 0.0191498 0.747549 -0.00377412 0.751847 -0.00158864 0.788688
0 0.185269 0.88505 0.202433 0.844646 0.181645 0.816736 0.164481 0.857141
0 0.128506 0.873275 0.155608 0.849804 0.149366 0.827026 0.122264 0.850498
0 0.590475 0.911244 0.591846 0.872899 0.567726 0.870174 0.566355 0.908519
0 0.182456 0.664026 0.186612 0.641425 0.175307 0.634855 0.171151 0.657456
0 0.184197 0.81737 0.189728 0.796444 0.180323 0.788589 0.174793 0.809515
0 0.269344 0.821103 0.276294 0.796457 0.266045 0.787322 0.259095 0.811967
0 0.443064 0.735596 0.457894 0.70784 0.445737 0.687311 0.430907 0.715068
0 0.321401 0.582489 0.322926 0.564877 0.311411 0.561726 0.309886 0.579339
0 0.135897 0.757808 0.143453 0.740605 0.126649 0.717277 0.119093 0.734481
0 0.189654 0.673712 0.197651 0.652746 0.188577 0.641807 0.18058 0.662773
0 0.197347 0.81306 0.204421 0.79023 0.195073 0.781076 0.187999 0.803906
0 0.550289 0.808244 0.552456 0.789563 0.54104 0.785378 0.538873 0.804059
0 0.293943 0.816297 0.306368 0.797131 0.298863 0.781753 0.286437 0.800919
0 0.195558 0.79115 0.204356 0.769175 0.196143 0.758782 0.187345 0.780758
0 0.271121 0.70006 0.281472 0.679564 0.273216 0.666384 0.262864 0.68688
0 0.48956 0.768064 0.497616 0.753617 0.486288 0.733652 0.478232 0.7481
0 0.0900765 0.997201 0.103997 0.971707 0.0948352 0.955897 0.080915 0.981391
0 0.357417 0.987503 0.363179 0.954397 0.351091 0.947747 0.345329 0.980854
0 0.340096 0.87699 0.343536 0.855059 0.330859 0.848774 0.327419 0.870704
0 0.221071 0.729545 0.224613 0.710048 0.213108 0.703443 0.209566 0.722939
0 0.217208 0.790234 0.235041 0.763552 0.223376 0.738912 0.205543 0.765594
0 0.360288 0.943952 0.367179 0.910086 0.35649 0.903213 0.3496 0.93708
0 0.226468 0.606379 0.226521 0.590859 0.215921 0.590744 0.215868 0.606265
0 0.315527 0.868496 0.328472 0.837234 0.319807 0.825895 0.306862 0.857157
0 0.250147 0.705732 0.2525 0.686766 0.241701 0.682532 0.239348 0.701499
0 0.126845 0.539628 0.126007 0.522961 0.113492 0.52495 0.114331 0.541617
0 0.465279 0.821581 0.460459 0.788999 0.431543 0.802518 0.436362 0.8351
0 0.17845 0.994305 0.189343 0.968649 0.179209 0.955052 0.168316 0.980708
0 0.092857 0.348616 0.110808 0.332471 0.0979263 0.287201 0.0799748 0.303345
0 0.132 0.649912 0.133707 0.619726 0.110881 0.615647 0.109174 0.645832
0 0.374914 0.874602 0.378811 0.853143 0.367044 0.84639 0.363147 0.867848
0 0.294303 0.739016 0.297823 0.70951 0.273979 0.700519 0.270459 0.730026
0 0.176929 0.765867 0.179353 0.739782 0.16752 0.736307 0.165096 0.762392
0 0.33827 0.813459 0.339298 0.773285 0.319505 0.771684 0.318476 0.811857
0 0.31109 0.71508 0.311013 0.676606 0.288682 0.676746 0.288758 0.715221
0 0.292857 0.858268 0.297368 0.833761 0.287275 0.82789 0.282764 0.852397
0 0.201736 0.835143 0.20259 0.815711 0.190623 0.814048 0.189769 0.83348
0 0.407561 0.98856 0.408812 0.944912 0.385947 0.94284 0.384696 0.986489
0 0.959647 0.698407 0.957135 0.672952 0.938936 0.678629 0.941448 0.704084
0 0.779899 1.03614 0.841875 0.94158 0.765015 0.782375 0.703039 0.876939
0 0.0408924 0.951067 0.0425207 0.927961 0.0287103 0.924886 0.027082 0.947991
0 0.0750597 0.93461 0.0780962 0.905781 0.0620559 0.900441 0.0590193 0.92927
0 0.258774 0.814083 0.264151 0.793693 0.253384 0.784719 0.248007 0.805109
0 0.382452 0.97163 0.387187 0.946507 0.37606 0.93988 0.371326 0.965003
0 0.415177 0.853009 0.424451 0.798854 0.411363 0.791771 0.402089 0.845925
0 0.135842 0.561902 0.13629 0.54019 0.116316 0.538887 0.115868 0.560599
0 0.233732 0.69621 0.235247 0.67815 0.22529 0.67551 0.223775 0.69357
0 0.411071 0.601946 0.41212 0.56355 0.396188 0.562175 0.395139 0.60057
0 0.295325 0.968106 0.302969 0.940064 0.290753 0.929541 0.283109 0.957582
0 0.205917 0.77645 0.212296 0.756171 0.201591 0.74553 0.195212 0.765808
0 0.0916367 0.90717 0.106189 0.888691 0.0977632 0.867721 0.0832113 0.8862
0 0.271904 0.840628 0.27786 0.818212 0.268469 0.810327 0.262514 0.832743
0 0.247498 0.806269 0.248581 0.785369 0.237262 0.783515 0.236179 0.804415
0 0.0251583 0.75555 0.0543404 0.731622 0.0463975 0.701006 0.0172154 0.724934
0 0.35057 0.88323 0.353995 0.861646 0.343382 0.856325 0.339958 0.877908
0 0.162392 0.784876 0.166366 0.766222 0.155957 0.759213 0.151983 0.777868
0 0.149325 0.733814 0.151239 0.70901 0.137468 0.705651 0.135554 0.730455
0 0.311444 0.731578 0.313343 0.705168 0.298981 0.701902 0.297081 0.728312
0 0.309429 0.672979 0.310732 0.658223 0.301204 0.655564 0.299902 0.67032
0 0.363127 0.776202 0.363915 0.753783 0.35199 0.752458 0.351202 0.774877
0 0.245478 0.718746 0.247619 0.701787 0.236985 0.697543 0.234844 0.714502
0 0.0995557 0.722787 0.104622 0.697093 0.0933687 0.69008 0.0883024 0.715774
0 0.340267 0.990387 0.356444 0.937872 0.338405 0.92031 0.322229 0.972825
0 0.122534 0.479055 0.124902 0.460477 0.112003 0.45528 0.109635 0.473859
0 0.297763 0.586606 0.298824 0.571872 0.289676 0.569791 0.288615 0.584525
0 0.316165 0.664707 0.320375 0.648285 0.31074 0.640476 0.306529 0.656898
0 0.111162 0.676403 0.129033 0.658629 0.122934 0.63925 0.105063 0.657024
0 0.372841 0.962108 0.375659 0.928712 0.360564 0.924686 0.357745 0.958082
0 0.299888 0.549024 0.300833 0.531857 0.290994 0.530146 0.290049 0.547312
0 0.154935 0.601545 0.15338 0.566313 0.127046 0.569986 0.128601 0.605218
0 0.26098 0.754949 0.267918 0.731643 0.255359 0.719826 0.24842 0.743132
0 0.122498 0.978353 0.128121 0.945642 0.114005 0.937972 0.108381 0.970683
0 0.265835 0.668611 0.269216 0.652746 0.259796 0.646401 0.256415 0.662266
0 0.523483 0.756578 0.529756 0.732976 0.516242 0.721623 0.509969 0.745225
0 0.222511 0.791146 0.239006 0.764081 0.227499 0.741917 0.211005 0.768983
0 0.280339 0.811624 0.29105 0.793762 0.284117 0.780622 0.273406 0.798484
0 0.751582 0.673937 0.760685 0.602151 0.724469 0.587636 0.715366 0.659422
0 0.307213 0.858851 0.319074 0.834525 0.310233 0.820902 0.298372 0.845228
0 0.114641 0.90564 0.119153 0.884378 0.106037 0.87558 0.101524 0.896843
0 0.323779 0.674655 0.325722 0.658331 0.315501 0.654485 0.313557 0.67081
0 0.122823 0.970026 0.150551 0.908249 0.12537 0.872527 0.0976414 0.934304
0 0.364114 0.865192 0.365705 0.840951 0.352522 0.838216 0.350931 0.862458
0 0.2869 0.794858 0.3022 0.781854 0.297305 0.763652 0.282005 0.776655
0 0.211307 0.703618 0.214963 0.684643 0.205115 0.678645 0.201458 0.697621
0 0.136343 0.828386 0.137508 0.784115 0.111598 0.781961 0.110434 0.826232
0 0.561217 0.879222 0.562463 0.843446 0.544641 0.841485 0.543396 0.877262
0 0.103178 0.589719 0.106273 0.566779 0.0928752 0.561065 0.0897795 0.584005
0 0.0618749 1.0062 0.0974815 0.964624 0.0817072 0.921924 0.0461006 0.963497
0 0.0894913 0.719559 0.0908292 0.699336 0.0790903 0.696882 0.0777524 0.717104
0 0.208162 0.995126 0.216678 0.954299 0.197281 0.941512 0.188765 0.982339
0 0.150316 0.515243 0.151661 0.496315 0.14035 0.493775 0.139004 0.512703
0 0.333366 0.745773 0.334994 0.729654 0.32659 0.726972 0.324962 0.74309
0 0.272662 0.682067 0.276847 0.66444 0.267822 0.657667 0.263637 0.675294
0 0.232828 0.827778 0.235077 0.807325 0.223231 0.803209 0.220983 0.823662
0 0.508051 0.750567 0.513092 0.728239 0.499603 0.718614 0.494561 0.740941
0 0.133625 0.695705 0.132901 0.673112 0.11443 0.674982 0.115153 0.697575
0 0.532445 0.520992 0.532783 0.494148 0.512098 0.493326 0.511761 0.520171
0 0.443334 0.809492 0.441859 0.777672 0.421985 0.780585 0.423461 0.812405
0 0.142252 0.536361 0.142666 0.517177 0.129957 0.516309 0.129543 0.535493
0 0.301212 0.644189 0.305126 0.628246 0.291008 0.617291 0.287093 0.633234
0 0.0530155 0.964593 0.0629805 0.929682 0.0506574 0.918565 0.0406924 0.953476
0 0.274633 0.925383 0.279951 0.895369 0.263681 0.886258 0.258363 0.916272
0 0.326641 0.885901 0.329971 0.865095 0.317478 0.858776 0.314148 0.879582
0 0.284732 0.717906 0.296046 0.682491 0.280546 0.666842 0.269233 0.702257
0 0.153329 0.916912 0.160531 0.885806 0.13676 0.868411 0.129558 0.899517
0 0.158209 0.947386 0.166836 0.923975 0.157851 0.913511 0.149224 0.936921
0 0.205932 0.611378 0.208442 0.587736 0.198805 0.584502 0.196294 0.608144
0 0.303144 0.652453 0.304621 0.63681 0.291718 0.63296 0.290241 0.648603
0 0.241264 0.66807 0.242499 0.649861 0.230754 0.647344 0.22952 0.665553
0 0.346555 0.74815 0.351923 0.727026 0.342666 0.719592 0.337298 0.740716
0 0.1041 0.863584 0.115159 0.82708 0.101012 0.813533 0.0899522 0.850037
0 0.181705 0.727975 0.183935 0.707901 0.171689 0.7036 0.169458 0.723674
0 0.458602 1.00816 0.461517 0.976668 0.436738 0.969419 0.433823 1.00091
0 0.158407 0.529691 0.160036 0.510014 0.14803 0.506874 0.146402 0.52655
0 0.513217 0.712392 0.518755 0.681879 0.49603 0.668844 0.490492 0.699356
0 0.332942 0.860915 0.338856 0.841437 0.329816 0.832764 0.323903 0.852243
0 0.143747 0.884045 0.155747 0.863357 0.147006 0.847335 0.135007 0.868022
0 0.240431 0.714364 0.243825 0.697889 0.234086 0.691547 0.230692 0.708022
0 0.400592 0.852423 0.403501 0.830503 0.391071 0.825291 0.388163 0.847211
0 0.168449 0.592176 0.168599 0.5665 0.146185 0.566087 0.146035 0.591763
0 0.126854 0.853793 0.149875 0.827669 0.14085 0.802533 0.117829 0.828657
0 0.282443 0.840681 0.292831 0.81242 0.282478 0.800394 0.272091 0.828655
0 0.290584 0.925108 0.293719 0.893041 0.279028 0.888502 0.275894 0.920569
0 0.466868 0.755309 0.468972 0.713824 0.452158 0.71113 0.450054 0.752614
0 0.257134 0.845374 0.26406 0.822445 0.253763 0.812614 0.246837 0.835544
0 0.498458 0.668013 0.498861 0.642912 0.483282 0.642121 0.482879 0.667222
0 0.169814 0.885684 0.18229 0.858548 0.173369 0.845586 0.160893 0.872722
0 0.115429 0.7565 0.12231 0.736203 0.112891 0.72611 0.10601 0.746408
0 0.107911 0.85612 0.119451 0.831869 0.109634 0.817105 0.0980939 0.841356
0 0.34667 0.784582 0.347468 0.761598 0.334048 0.760125 0.33325 0.783109
0 0.0661436 0.534633 0.0659578 0.50971 0.0501921 0.510082 0.0503779 0.535004
0 0.284203 0.609151 0.286196 0.591597 0.276329 0.588056 0.274336 0.60561
0 0.263711 0.856155 0.270555 0.833231 0.261206 0.824411 0.254363 0.847335
0 0.109524 0.959863 0.124061 0.921156 0.110419 0.904964 0.0958824 0.94367
0 0.216162 1.00826 0.232842 0.980874 0.220255 0.956649 0.203576 0.984037
0 0.562905 0.898165 0.565467 0.875964 0.553219 0.871499 0.550658 0.8937
0 0.206969 0.579142 0.213401 0.554596 0.202787 0.545806 0.196355 0.570352
0 0.162454 0.806517 0.171293 0.790092 0.163376 0.776624 0.154536 0.793049
0 0.12492 0.523602 0.125293 0.506823 0.114266 0.50605 0.113893 0.522828
0 0.340708 0.762283 0.34129 0.743108 0.330363 0.742059 0.329781 0.761235
0 0.0397654 0.774285 0.052011 0.744774 0.0410427 0.73039 0.0287971 0.759901
0 0.45443 0.853864 0.45699 0.827095 0.443321 0.822964 0.440761 0.849732
0 0.0121224 0.713222 0.02159 0.689865 0.0112566 0.676627 0.00178908 0.699984
0 0.190991 0.624535 0.193725 0.603707 0.181897 0.598799 0.179162 0.619627
0 0.534781 0.715462 0.537759 0.692841 0.527491 0.688568 0.524512 0.711189
0 0.0892673 0.657747 0.0918671 0.639123 0.0801489 0.633953 0.0775492 0.652577
0 0.0315639 1.0085 0.0527639 0.98198 0.0433607 0.958222 0.0221607 0.984741
0 0.0985266 0.56744 0.102148 0.548817 0.0925383 0.54291 0.0889166 0.561533
0 0.142539 0.73464 0.147302 0.703859 0.125105 0.693004 0.120342 0.723785
0 0.358877 0.908276 0.36446 0.884072 0.355086 0.877238 0.349503 0.901442
0 0.519051 0.800074 0.531428 0.785633 0.517558 0.74806 0.50518 0.762502
0 0.606324 0.660735 0.611972 0.635639 0.596006 0.624283 0.590358 0.649379
0 0.108681 0.974265 0.113522 0.950502 0.101481 0.942749 0.0966398 0.966512
0 0.211857 0.716422 0.215614 0.696598 0.205353 0.690452 0.201596 0.710276
0 0.199493 0.543156 0.201463 0.527533 0.192419 0.523929 0.190449 0.539552
0 0.326132 0.701037 0.330979 0.676823 0.319613 0.669632 0.314766 0.693845
0 0.439113 0.683867 0.441583 0.66095 0.429616 0.656874 0.427147 0.679792
0 0.47007 0.799742 0.473804 0.779974 0.459783 0.771604 0.456049 0.791372
0 0.18028 0.679881 0.184969 0.660174 0.176255 0.653621 0.171566 0.673327
0 0.0840076 0.87003 0.0973028 0.839987 0.0858152 0.82392 0.0725199 0.853963
0 0.321779 0.658273 0.323387 0.642247 0.314558 0.639448 0.31295 0.655473
0 0.209065 0.803736 0.219664 0.788867 0.213977 0.776053 0.203377 0.790922
0 0.301431 0.745723 0.304242 0.724949 0.294256 0.720678 0.291445 0.741452
0 0.36904 0.905034 0.372954 0.882416 0.363818 0.877419 0.359904 0.900038
0 0.259952 0.64961 0.265197 0.627025 0.254783 0.619382 0.249538 0.641967
0 0.516731 0.853054 0.520899 0.824275 0.506668 0.81776 0.5025 0.846539
0 0.195155 0.664364 0.201606 0.643778 0.192403 0.634665 0.185953 0.65525
0 0.176496 0.740642 0.17781 0.722189 0.166833 0.719717 0.165518 0.738169
0 0.105189 0.667227 0.112152 0.646556 0.102338 0.636106 0.0953741 0.656777
0 0.147122 0.768313 0.147789 0.748845 0.13417 0.747369 0.133502 0.766837
0 0.0101225 0.978606 0.0112677 0.946162 -0.00136007 0.944753 -0.00250525 0.977197
0 0.0875057 0.572327 0.0912091 0.553502 0.0809043 0.547095 0.077201 0.56592
0 0.378853 0.843007 0.381154 0.824205 0.364577 0.817793 0.362276 0.836594
0 0.182355 0.821568 0.184066 0.80179 0.171612 0.798385 0.169901 0.818164
0 0.0893291 0.692374 0.0894674 0.668129 0.0746021 0.667861 0.0744637 0.692105
0 0.245293 0.927268 0.257382 0.898619 0.245545 0.882834 0.233457 0.911482
0 0.359496 0.630261 0.363429 0.605728 0.352529 0.600206 0.348596 0.624739
0 0.0874063 0.787227 0.0941707 0.762199 0.0797952 0.74992 0.0730309 0.774947
0 0.431465 0.663031 0.434163 0.641352 0.423885 0.637309 0.421188 0.658989
0 0.28248 0.799786 0.298754 0.786192 0.29473 0.770968 0.278456 0.784562
0 0.307116 0.761996 0.310732 0.738889 0.301544 0.734345 0.297928 0.757451
0 0.136261 0.618139 0.137826 0.594532 0.122413 0.591304 0.120849 0.614911
0 0.346618 0.717577 0.351151 0.700012 0.342986 0.693353 0.338453 0.710918
0 0.571184 0.862258 0.573022 0.842229 0.561486 0.838884 0.559649 0.858913
0 0.332011 0.613731 0.33325 0.596731 0.323309 0.594441 0.32207 0.611442
0 0.271772 0.609054 0.273156 0.592763 0.263421 0.590149 0.262037 0.60644
0 0.111985 1.0036 0.112415 0.977459 0.0918646 0.976391 0.0914346 1.00254
0 0.614832 0.89271 0.61916 0.863547 0.604082 0.856474 0.599753 0.885637
0 0.229705 0.747311 0.234409 0.718566 0.220159 0.711195 0.215455 0.73994
0 0.172086 0.830773 0.17459 0.813441 0.162996 0.808147 0.160492 0.825479
0 0.0565885 0.115558 0.0776631 0.0127548 0.0479163 -0.00651817 0.0268417 0.0962852
0 0.175093 0.615937 0.176764 0.598631 0.166825 0.595599 0.165154 0.612904
0 0.390801 0.842063 0.396169 0.818726 0.385775 0.811168 0.380406 0.834505
0 0.32221 0.766576 0.327995 0.748491 0.319078 0.739476 0.313293 0.757561
0 0.513242 0.807802 0.525316 0.79286 0.511955 0.758741 0.499882 0.773683
0 0.163499 0.854433 0.170892 0.839157 0.159144 0.821187 0.151751 0.836463
0 0.53714 0.623152 0.540917 0.595044 0.521167 0.586657 0.51739 0.614765
0 0.0874163 0.986039 0.105509 0.950013 0.0951039 0.933498 0.0770114 0.969525
0 0.568275 0.816896 0.575064 0.799906 0.564193 0.786176 0.557404 0.803166
0 0.159248 0.919073 0.164203 0.887005 0.145607 0.877923 0.140652 0.90999
0 0.134803 0.522137 0.135561 0.5077 0.125269 0.505991 0.124511 0.520428
0 0.120749 1.00006 0.127707 0.978409 0.118023 0.968573 0.111065 0.990224
0 0.334926 0.728888 0.339007 0.712076 0.330694 0.705697 0.326612 0.722509
0 0.413186 0.999371 0.420648 0.966353 0.408846 0.957923 0.401384 0.99094
0 0.517674 0.560001 0.524788 0.53742 0.507166 0.519875 0.500052 0.542455
0 0.164583 0.698465 0.165861 0.683779 0.155176 0.68084 0.153898 0.695525
0 0.215692 0.62109 0.216191 0.605713 0.205457 0.604613 0.204958 0.619989
0 0.279724 0.644956 0.279917 0.627383 0.268855 0.626999 0.268662 0.644573
0 0.27665 0.861518 0.280973 0.833998 0.269903 0.828501 0.26558 0.856021
0 0.51228 0.636947 0.518389 0.617274 0.50208 0.601267 0.49597 0.62094
0 0.257741 0.851111 0.264944 0.828617 0.255077 0.81863 0.247873 0.841124
0 0.270831 0.656678 0.275219 0.635276 0.265763 0.629148 0.261375 0.65055
0 0.13272 0.496068 0.134237 0.4786 0.124902 0.476038 0.123385 0.493505
0 0.715925 0.501471 0.722224 0.477267 0.702981 0.461439 0.696682 0.485644
0 0.21173 0.544852 0.213542 0.529726 0.204857 0.52644 0.203046 0.541566
0 0.108242 0.683036 0.118215 0.659359 0.108228 0.646065 0.0982554 0.669742
0 0.119936 0.767532 0.12531 0.74643 0.115384 0.738441 0.11001 0.759543
0 0.340452 0.844639 0.345931 0.82643 0.336908 0.81785 0.33143 0.836059
0 0.375377 0.997272 0.380156 0.960647 0.363815 0.95391 0.359036 0.990534
0 0.619694 0.957839 0.63754 0.932234 0.616439 0.885751 0.598592 0.911356
0 0.300125 0.604753 0.300996 0.590324 0.291608 0.588533 0.290737 0.602963
0 0.53911 0.79958 0.542242 0.780392 0.530711 0.774445 0.527579 0.793633
0 0.216524 0.899518 0.221852 0.880474 0.206239 0.866668 0.200911 0.885712
0 0.0829607 0.502465 0.0847052 0.483604 0.0743435 0.480575 0.072599 0.499436
0 0.435335 0.834411 0.436242 0.812261 0.422033 0.810422 0.421126 0.832572
0 0.167724 0.861292 0.174217 0.839724 0.161629 0.827747 0.155136 0.849315
0 0.228639 0.642748 0.228582 0.626385 0.218326 0.626497 0.218383 0.64286
0 0.0753108 0.521711 0.0768692 0.506143 0.0673484 0.503131 0.06579 0.518699
0 0.0373877 0.982096 0.0415267 0.953621 0.0259711 0.946475 0.0218321 0.97495
0 0.306624 0.800565 0.31448 0.780159 0.3056 0.769354 0.297743 0.78976
0 0.462866 0.946411 0.466212 0.922479 0.451103 0.915803 0.447757 0.939735
0 0.160759 0.564809 0.161642 0.549384 0.150814 0.547424 0.149931 0.56285
0 0.172179 0.8117 0.176836 0.79426 0.168589 0.787299 0.163931 0.804739
0 0.434969 0.70752 0.436291 0.683736 0.423431 0.681476 0.422109 0.70526
0 0.470206 0.720646 0.471782 0.697144 0.460068 0.694661 0.458492 0.718163
0 0.334244 0.704997 0.34223 0.684772 0.334455 0.67507 0.326469 0.695295
0 0.112834 0.567098 0.113552 0.548657 0.101049 0.547117 0.10033 0.565558
0 0.260407 1.0138 0.275344 0.964313 0.251294 0.94137 0.236356 0.990859
0 0.172787 0.520525 0.173629 0.507627 0.163856 0.50561 0.163013 0.518508
0 0.546015 0.672584 0.547282 0.630038 0.526835 0.628114 0.525568 0.67066
0 0.316756 0.622721 0.318932 0.607372 0.309677 0.603226 0.307501 0.618575
0 0.291131 0.487216 0.294067 0.473041 0.285125 0.467188 0.282189 0.481362
0 0.211098 0.628854 0.212835 0.611131 0.203128 0.608125 0.201392 0.625849
0 0.0576866 0.635208 0.0646285 0.618225 0.0573604 0.608835 0.0504185 0.625818
0 0.405157 0.901393 0.418138 0.87402 0.407767 0.858476 0.394786 0.885849
0 0.220011 0.571103 0.222136 0.553512 0.214776 0.550701 0.212651 0.568293
0 0.493098 0.868988 0.49781 0.832376 0.478268 0.824427 0.473556 0.861039
0 0.18527 0.584591 0.186608 0.570769 0.178601 0.568319 0.177263 0.582141
0 0.181068 0.734205 0.182319 0.713791 0.170355 0.711475 0.169105 0.731889
0 0.0841801 0.682404 0.0847703 0.662129 0.0725443 0.661004 0.0719541 0.681279
0 0.245577 0.627883 0.247398 0.610848 0.239423 0.608152 0.237601 0.625188
0 0.185937 0.833205 0.190177 0.816801 0.181745 0.809913 0.177505 0.826316
0 0.347387 0.852436 0.350515 0.837207 0.341882 0.831603 0.338754 0.846832
0 0.149309 0.496482 0.149956 0.482425 0.1391 0.480845 0.138453 0.494903
0 0.324457 0.209203 0.343651 0.181968 0.312181 0.11187 0.292987 0.139104
0 0.25895 0.718133 0.268422 0.702085 0.261872 0.689868 0.252401 0.705916
0 0.42916 0.732518 0.430772 0.710989 0.418605 0.708111 0.416994 0.729639
0 0.320096 0.710905 0.322073 0.692908 0.310104 0.688753 0.308127 0.70675
0 0.489741 0.71518 0.494233 0.695812 0.483451 0.68791 0.47896 0.707278
0 0.20675 0.819079 0.212935 0.800357 0.204734 0.791795 0.19855 0.810517
0 0.492747 0.618742 0.508814 0.583506 0.492913 0.560592 0.476847 0.595828
0 0.311673 0.798079 0.318611 0.780622 0.309581 0.769278 0.302642 0.786735
0 0.178745 0.123689 0.197304 0.111664 0.176031 0.00789289 0.157471 0.0199179
0 0.526964 0.646345 0.529711 0.622073 0.513752 0.616363 0.511005 0.640635
0 0.328265 0.730345 0.3284 0.712566 0.318044 0.712318 0.317909 0.730097
0 0.213968 0.531212 0.21645 0.515373 0.205826 0.51011 0.203343 0.525949
0 0.0875857 0.591831 0.0886184 0.574872 0.0787912 0.57298 0.0777584 0.58994
