0 0.231142 0.671651 0.244103 0.641421 0.223986 0.614163 0.211025 0.644393
0 0.594455 0.708157 0.6024 0.668503 0.586913 0.658697 0.578968 0.69835
0 0.090134 0.591686 0.0902208 0.552504 0.0719989 0.552376 0.0719122 0.591559
0 0.55147 0.985939 0.557337 0.943355 0.534292 0.93332 0.528425 0.975905
0 0.0636297 0.622609 0.0654623 0.599455 0.046335 0.594671 0.0445023 0.617824
0 0.335082 0.907307 0.345117 0.84026 0.304208 0.82091 0.294174 0.887957
0 0.0212786 0.998349 0.0206593 0.959084 -0.00210022 0.960218 -0.00148086 0.999483
0 0.334724 0.666128 0.337643 0.637999 0.321826 0.63281 0.318906 0.66094
0 0.421874 0.655525 0.426285 0.630941 0.4085 0.620856 0.404089 0.64544
0 0.164435 0.858629 0.169214 0.82375 0.150533 0.815659 0.145753 0.850537
0 0.113469 0.611339 0.115098 0.591163 0.102933 0.588058 0.101304 0.608234
0 0.428508 0.987121 0.445905 0.903524 0.418638 0.885591 0.401241 0.969188
0 0.132685 0.514005 0.134792 0.473131 0.111441 0.469327 0.109334 0.510201
0 0.0835956 0.640449 0.0852126 0.611749 0.0618562 0.60759 0.0602392 0.63629
0 0.118098 0.830211 0.120802 0.754541 0.0792369 0.749846 0.0765325 0.825516
0 0.0968955 0.544116 0.101113 0.517499 0.0893646 0.511616 0.0851472 0.538232
0 0.781047 1.02594 0.826963 0.937309 0.756464 0.821879 0.710548 0.910509
0 0.360264 0.672367 0.363059 0.648625 0.35125 0.644231 0.348455 0.667974
0 0.389719 0.662889 0.392298 0.641533 0.379159 0.636518 0.376579 0.657873
0 0.490627 0.963416 0.495134 0.925648 0.479213 0.919644 0.474707 0.957412
0 0.601522 0.821367 0.602971 0.787614 0.580716 0.784593 0.579266 0.818346
0 0.446443 0.902033 0.449355 0.872043 0.435628 0.86783 0.432716 0.89782
0 0.190498 0.679631 0.189155 0.646678 0.164953 0.649797 0.166296 0.68275
0 0.0366385 1.01471 0.0721345 0.98488 0.0631878 0.951232 0.0276918 0.981061
0 0.561431 0.820506 0.565984 0.791645 0.553292 0.785317 0.548739 0.814178
0 0.259168 0.664219 0.266245 0.632201 0.255084 0.624405 0.248007 0.656423
0 0.346922 0.836869 0.374061 0.81256 0.363568 0.775534 0.336428 0.799843
0 0.251354 0.804785 0.266947 0.773348 0.25482 0.754338 0.239227 0.785775
0 0.62419 0.708258 0.625147 0.684029 0.606792 0.681738 0.605835 0.705967
0 0.263969 0.799578 0.288956 0.779766 0.283214 0.756879 0.258227 0.77669
0 0.259029 0.740272 0.253326 0.686259 0.216804 0.698445 0.222507 0.752459
0 0.352982 0.867432 0.36785 0.830107 0.352382 0.810632 0.337513 0.847957
0 0.446801 0.591755 0.448624 0.572412 0.435618 0.568538 0.433795 0.587881
0 0.228604 0.720094 0.231908 0.666885 0.190176 0.658697 0.186873 0.711906
0 0.599074 0.788442 0.601987 0.772072 0.590934 0.765854 0.58802 0.782224
0 0.351703 0.630746 0.352614 0.613332 0.342173 0.611606 0.341263 0.629021
0 0.32146 0.506108 0.32498 0.472899 0.30883 0.467488 0.30531 0.500697
0 0.0975751 0.752298 0.104783 0.729334 0.093149 0.717793 0.0859412 0.740757
0 0.34484 0.71318 0.365541 0.690357 0.357997 0.668731 0.337296 0.691555
0 0.238206 0.79716 0.24373 0.77301 0.228131 0.761732 0.222607 0.785882
0 0.26626 0.623105 0.266713 0.599494 0.246136 0.598248 0.245684 0.621859
0 0.598404 0.888266 0.600823 0.849296 0.57986 0.845183 0.57744 0.884153
0 0.046299 0.611942 0.0492493 0.592131 0.0335683 0.58475 0.030618 0.604561
0 0.16833 0.87779 0.180517 0.850369 0.168065 0.832879 0.155878 0.8603
0 0.0491501 0.698702 0.0512992 0.672512 0.0247341 0.665622 0.022585 0.691813
0 0.188921 0.889486 0.189785 0.86022 0.170445 0.858416 0.169582 0.887682
0 0.614117 0.892929 0.622221 0.845337 0.602584 0.834768 0.594479 0.88236
0 0.425884 0.822486 0.437394 0.786727 0.423187 0.772274 0.411677 0.808033
0 0.349322 0.656014 0.351688 0.636602 0.340932 0.632459 0.338565 0.651871
0 0.982732 1.06622 1.01043 0.889297 0.811699 0.790952 0.783997 0.967876
0 0.215254 0.801846 0.227371 0.703386 0.167288 0.680017 0.155171 0.778478
0 0.0184748 0.942371 0.0180509 0.920612 0.000421195 0.921697 0.000845062 0.943456
0 0.289228 0.733161 0.283401 0.679528 0.249658 0.691115 0.255486 0.744748
0 0.0274972 1.00538 0.0458983 0.971131 0.0353239 0.953177 0.0169228 0.987429
0 0.340973 0.819483 0.344576 0.782533 0.328448 0.777562 0.324844 0.814512
0 0.0229222 0.876388 0.043221 0.835095 0.0244361 0.80591 0.00413725 0.847203
0 0.252266 0.686992 0.25534 0.660812 0.24131 0.655605 0.238236 0.681785
0 0.607691 0.815642 0.615663 0.799485 0.603799 0.780983 0.595827 0.79714
0 0.0714305 0.604337 0.0795301 0.575901 0.0602005 0.5585 0.0521008 0.586936
0 0.495856 0.881692 0.502589 0.853131 0.490617 0.84421 0.483883 0.872771
0 0.635137 0.763831 0.642993 0.72921 0.618638 0.711744 0.610782 0.746364
0 0.560139 0.833451 0.56083 0.814622 0.549982 0.813363 0.54929 0.832192
0 0.0600807 0.72651 0.0598399 0.702569 0.0437024 0.703082 0.0439431 0.727023
0 0.455146 0.909449 0.463422 0.884357 0.453536 0.874052 0.44526 0.899144
0 0.44942 0.768661 0.451254 0.749131 0.438973 0.745487 0.437139 0.765016
0 0.380883 0.872611 0.388567 0.82772 0.374361 0.820034 0.366676 0.864924
0 0.0445678 0.923257 0.0517219 0.90682 0.0423646 0.893948 0.0352105 0.910385
0 0.390941 0.758336 0.391548 0.704977 0.366838 0.704089 0.366231 0.757448
0 0.236062 0.628418 0.236453 0.600684 0.218257 0.599872 0.217865 0.627606
0 0.0872878 0.530926 0.0903227 0.506967 0.0770297 0.501645 0.0739949 0.525605
0 0.378478 0.714343 0.377707 0.685915 0.35933 0.68749 0.360101 0.715918
0 0.598069 0.848992 0.610153 0.821018 0.597786 0.804133 0.585701 0.832107
0 0.0557832 0.794108 0.071773 0.77281 0.0645751 0.755731 0.0485853 0.77703
0 0.204745 0.851795 0.210985 0.819706 0.19905 0.81237 0.19281 0.844459
0 0.372714 0.684271 0.374564 0.665247 0.362082 0.66141 0.360231 0.680434
0 0.580759 0.842691 0.589246 0.828074 0.577498 0.806516 0.569011 0.821133
0 0.328495 0.805181 0.325798 0.768949 0.298498 0.775371 0.301195 0.811602
0 0.039042 0.780173 0.0614489 0.765312 0.0561519 0.74007 0.0337451 0.754931
0 0.412085 0.815243 0.417458 0.790383 0.406894 0.783166 0.40152 0.808026
0 0.409092 0.570841 0.411061 0.551857 0.399781 0.54816 0.397812 0.567145
0 0.244906 0.777896 0.255143 0.750345 0.24513 0.738587 0.234893 0.766138
0 0.0348498 0.896378 0.0466642 0.867316 0.0339233 0.850946 0.0221089 0.880009
0 0.322051 0.712435 0.329726 0.678276 0.317516 0.669606 0.309841 0.703765
0 0.531593 0.843758 0.534101 0.81414 0.51976 0.810302 0.517253 0.83992
0 0.422294 0.603685 0.424967 0.58657 0.412751 0.580541 0.410078 0.597656
0 0.250782 0.844738 0.25258 0.80402 0.230145 0.80089 0.228348 0.841607
0 0.636642 0.686538 0.644847 0.667283 0.62983 0.647058 0.621625 0.666312
0 0.370255 0.769143 0.373164 0.748391 0.362026 0.743457 0.359117 0.764208
0 0.144344 0.48878 0.14851 0.463336 0.135401 0.456551 0.131234 0.481995
0 0.397352 0.858282 0.401562 0.827511 0.387312 0.821348 0.383102 0.852119
0 0.335214 0.70283 0.341461 0.679407 0.330919 0.670521 0.324672 0.693944
0 0.333006 0.599487 0.340138 0.578054 0.330814 0.568248 0.323682 0.58968
0 0.409947 0.870658 0.423038 0.839792 0.409579 0.821749 0.396487 0.852616
0 0.234254 0.495533 0.235596 0.467428 0.221109 0.465242 0.219767 0.493347
0 0.146455 0.880959 0.145751 0.834921 0.112657 0.836521 0.113361 0.882559
0 0.220264 0.676772 0.226138 0.656097 0.208353 0.640125 0.202478 0.6608
0 0.192567 0.84301 0.197583 0.815568 0.18646 0.809142 0.181444 0.836585
0 0.10873 0.564174 0.109598 0.542979 0.0946067 0.541039 0.093739 0.562234
0 0.611737 0.753418 0.613977 0.732887 0.600878 0.728369 0.598638 0.7489
0 0.535773 0.730949 0.539664 0.709533 0.526049 0.701716 0.522159 0.723131
0 0.29519 0.488896 0.296997 0.47112 0.28316 0.466675 0.281354 0.484451
0 0.0581393 0.472237 0.0920976 0.447767 0.0838212 0.411467 0.0498629 0.435937
0 0.415724 0.712649 0.417681 0.686055 0.399497 0.681826 0.39754 0.70842
0 0.645394 0.823942 0.652376 0.790521 0.63804 0.781054 0.631057 0.814476
0 0.578344 0.785233 0.586868 0.753966 0.572836 0.741875 0.564311 0.773142
0 0.206994 0.900096 0.209464 0.877488 0.198111 0.873567 0.195641 0.896175
0 0.395445 0.61651 0.397914 0.593216 0.384521 0.588729 0.382051 0.612023
0 0.281121 0.582077 0.282789 0.557862 0.259885 0.552876 0.258217 0.577092
0 0.438747 0.673846 0.440474 0.656722 0.428734 0.65298 0.427007 0.670104
0 0.48361 0.88149 0.486678 0.859694 0.475481 0.854714 0.472414 0.876509
0 0.0342682 0.588893 0.0437487 0.568499 0.0344668 0.554862 0.0249863 0.575255
0 0.273808 0.55281 0.283744 0.511142 0.268346 0.499538 0.25841 0.541206
0 0.574873 0.861863 0.573942 0.825864 0.543747 0.828332 0.544678 0.864331
0 0.0612182 0.847231 0.0793827 0.824665 0.0724336 0.806987 0.0542691 0.829553
0 0.419914 0.791365 0.421648 0.765388 0.407064 0.762311 0.40533 0.788289
0 0.241423 0.690037 0.243901 0.664443 0.228435 0.659711 0.225957 0.685305
0 0.175197 0.831599 0.17846 0.812761 0.16539 0.805605 0.162127 0.824444
0 0.455372 0.805387 0.453838 0.764711 0.435972 0.766841 0.437507 0.807517
0 0.0701182 0.728086 0.0723815 0.707175 0.0613325 0.703396 0.0590693 0.724306
0 0.105554 0.674544 0.115193 0.647782 0.094739 0.6245 0.0851005 0.651262
0 0.544508 0.798661 0.546843 0.778877 0.534824 0.774393 0.532488 0.794177
0 0.506443 1.00809 0.514288 0.976659 0.492624 0.959573 0.48478 0.991005
0 0.127616 0.607383 0.128455 0.589021 0.116322 0.587269 0.115483 0.605631
0 0.307771 0.845944 0.328255 0.814504 0.316259 0.7898 0.295775 0.82124
0 0.614114 0.585771 0.615191 0.559121 0.598412 0.556978 0.597336 0.583628
0 0.0498088 0.596908 0.0543696 0.573922 0.0410042 0.565541 0.0364435 0.588526
0 0.406774 0.834282 0.412687 0.813146 0.403023 0.804601 0.39711 0.825737
0 0.113407 0.588352 0.114858 0.57103 0.10453 0.568296 0.103079 0.585617
0 0.56056 0.717183 0.563017 0.699391 0.548631 0.693111 0.546174 0.710903
0 0.674241 0.598261 0.674884 0.570167 0.655323 0.568754 0.654681 0.596848
0 0.352343 0.769254 0.355586 0.744212 0.344183 0.739546 0.340941 0.764588
0 0.0500144 0.570746 0.0543094 0.552108 0.0439737 0.54458 0.0396786 0.563218
0 0.538089 0.761385 0.546593 0.739952 0.535053 0.725479 0.526548 0.746911
0 0.458367 0.994546 0.470114 0.964877 0.460353 0.952662 0.448606 0.982331
0 0.37141 0.633067 0.372365 0.617845 0.362952 0.615979 0.361997 0.631201
0 0.510619 0.867398 0.51244 0.843526 0.500498 0.840646 0.498676 0.864518
0 0.114219 0.758404 0.121377 0.733909 0.10979 0.723207 0.102632 0.747702
0 0.435485 0.657678 0.436776 0.641624 0.426354 0.638975 0.425063 0.65503
0 0.431992 0.850742 0.441329 0.820354 0.431988 0.811283 0.422651 0.841671
0 0.430765 0.907818 0.435596 0.857034 0.40662 0.848321 0.401789 0.899105
0 0.586753 0.761048 0.595316 0.742448 0.586337 0.729384 0.577774 0.747983
0 0.0689096 0.940871 0.0812188 0.898822 0.0674173 0.886053 0.0551082 0.928102
0 0.0747909 0.867958 0.0855588 0.831428 0.0727892 0.819532 0.0620213 0.856062
0 0.409913 0.678588 0.419387 0.659393 0.409117 0.643374 0.399643 0.662569
0 0.532713 0.613596 0.537166 0.572443 0.522753 0.567515 0.5183 0.608667
0 0.511768 0.611585 0.518159 0.545744 0.460309 0.527997 0.453918 0.593839
0 0.376636 0.794107 0.380306 0.773024 0.36659 0.765478 0.36292 0.786562
0 0.664891 0.684835 0.66648 0.640692 0.640873 0.637779 0.639284 0.681922
0 0.221125 0.830181 0.223031 0.804827 0.209164 0.801533 0.207258 0.826887
0 0.361787 0.738269 0.363424 0.711247 0.339143 0.706598 0.337506 0.73362
0 0.612083 0.790865 0.615634 0.774811 0.603688 0.766462 0.600138 0.782516
0 0.0382838 0.505095 0.0400657 0.48286 0.0214535 0.478145 0.0196715 0.50038
0 0.39808 0.631315 0.401547 0.61456 0.392196 0.608445 0.388729 0.6252
0 0.655129 0.573704 0.67367 0.543512 0.660156 0.517283 0.641615 0.547475
0 0.0273398 0.976254 0.0316157 0.947594 0.0135053 0.939054 0.00922934 0.967715
0 0.183011 0.861869 0.188718 0.84164 0.178663 0.832675 0.172956 0.852904
0 0.432282 0.698886 0.435921 0.671099 0.414434 0.662204 0.410794 0.689991
0 0.629725 0.58285 0.631105 0.555568 0.610769 0.552316 0.609389 0.579599
0 0.416075 0.765778 0.41543 0.747332 0.401432 0.748879 0.402077 0.767325
0 0.110762 0.522057 0.114796 0.504327 0.102904 0.495777 0.0988702 0.513507
0 0.032962 0.95773 0.0553478 0.934995 0.0463771 0.907079 0.0239913 0.929814
0 0.114523 0.312794 0.132711 0.300678 0.122383 0.251676 0.104195 0.263791
0 0.0159993 0.887086 0.0173983 0.855055 -0.00128929 0.852475 -0.00268825 0.884507
0 0.451448 0.930031 0.45536 0.905564 0.441165 0.898392 0.437253 0.922859
0 0.156692 0.885914 0.161372 0.856342 0.149897 0.850603 0.145217 0.880175
0 0.40707 0.945652 0.410561 0.917443 0.398218 0.912615 0.394727 0.940825
0 0.229904 0.885998 0.243211 0.855708 0.232669 0.84107 0.219361 0.87136
0 0.0341802 0.547933 0.0421218 0.512032 0.0254306 0.500363 0.017489 0.536263
0 0.316763 0.676095 0.321553 0.654223 0.311031 0.646939 0.306241 0.668812
0 0.263194 0.525182 0.265765 0.502213 0.253338 0.497817 0.250767 0.520785
0 0.145054 0.835185 0.145611 0.804826 0.126555 0.803721 0.125999 0.834081
0 0.309579 0.48277 0.311359 0.462713 0.301492 0.459946 0.299712 0.480003
0 0.312419 0.761748 0.320713 0.742532 0.312389 0.731178 0.304096 0.750395
0 0.548187 0.837747 0.550497 0.815945 0.538956 0.812081 0.536646 0.833883
0 0.587433 0.678204 0.593571 0.643477 0.570327 0.630492 0.564189 0.66522
0 0.23801 0.894953 0.24009 0.87034 0.224652 0.866216 0.222572 0.890829
0 0.375726 0.6496 0.376968 0.632674 0.366748 0.630305 0.365506 0.64723
0 0.17134 0.920451 0.182618 0.893432 0.172662 0.880296 0.161383 0.907316
0 0.597943 0.774202 0.603777 0.753121 0.593996 0.744567 0.588162 0.765648
0 0.469871 0.763411 0.471342 0.741809 0.461179 0.739623 0.459709 0.761225
0 0.0664499 0.694246 0.0775635 0.623764 0.0178553 0.594009 0.00674171 0.664491
0 0.544979 0.859834 0.546174 0.838915 0.534251 0.836762 0.533056 0.857681
0 0.0504611 0.866612 0.0523405 0.841366 0.0369473 0.837745 0.0350679 0.862991
0 0.170288 0.898778 0.172821 0.875879 0.161575 0.871947 0.159042 0.894847
0 0.358561 0.612756 0.360044 0.593347 0.347225 0.59025 0.345741 0.609658
0 0.513883 0.846384 0.519318 0.828388 0.509359 0.818883 0.503925 0.83688
0 0.0434528 0.973842 0.0668614 0.954935 0.0613311 0.933295 0.0379225 0.952202
0 0.483459 0.860034 0.49239 0.843629 0.480151 0.822572 0.471221 0.838977
0 0.558675 0.895737 0.571078 0.874496 0.562655 0.858951 0.550252 0.880192
0 0.390004 0.682475 0.391162 0.665806 0.377637 0.662838 0.376479 0.679507
0 0.546422 0.708245 0.550906 0.686269 0.540569 0.679602 0.536084 0.701578
0 0.0988805 0.641097 0.103211 0.624095 0.0925061 0.615478 0.088176 0.63248
0 0.0785143 0.962023 0.0886092 0.928617 0.0766981 0.917241 0.0666032 0.950647
0 0.0942924 0.93868 0.102997 0.911586 0.0927817 0.901214 0.0840772 0.928308
0 0.284784 0.426806 0.286072 0.407505 0.274385 0.405039 0.273097 0.424341
0 0.458458 0.885418 0.464691 0.862084 0.454414 0.853406 0.44818 0.876741
0 0.031849 0.911169 0.0433741 0.890235 0.0348579 0.875417 0.0233328 0.896351
0 0.089288 0.630136 0.097785 0.61094 0.0872552 0.596209 0.0787582 0.615405
0 0.257295 0.890369 0.264783 0.860942 0.251799 0.850501 0.244312 0.879927
0 0.1109 0.850987 0.126775 0.831085 0.119738 0.813345 0.103863 0.833248
0 0.209331 0.823213 0.216129 0.800063 0.203003 0.787881 0.196205 0.811031
0 0.0548965 0.900184 0.0671513 0.870044 0.0567894 0.856728 0.0445346 0.886869
0 0.214074 0.650804 0.214168 0.618778 0.191602 0.618569 0.191508 0.650595
0 0.599726 0.856915 0.6088 0.828247 0.597085 0.816527 0.58801 0.845194
0 0.0837667 0.977161 0.0927448 0.95017 0.0835371 0.94049 0.074559 0.96748
0 0.289323 0.507399 0.289908 0.484925 0.270902 0.483363 0.270317 0.505837
0 0.46806 0.948743 0.473963 0.917515 0.462175 0.910473 0.456272 0.941701
0 0.0491331 0.751521 0.0508207 0.73073 0.0342217 0.726471 0.0325341 0.747262
0 0.405116 0.690625 0.419172 0.660658 0.407285 0.643036 0.393228 0.673004
0 0.629048 0.866656 0.646407 0.852466 0.631754 0.795815 0.614395 0.810005
0 0.348504 0.683869 0.352494 0.666178 0.341893 0.658623 0.337904 0.676314
0 0.106819 1.01276 0.125568 0.97663 0.112006 0.954384 0.0932567 0.990511
0 0.684071 0.540017 0.69289 0.504593 0.669242 0.485987 0.660423 0.521411
0 0.321641 0.612357 0.326866 0.594518 0.318344 0.586629 0.313119 0.604468
0 0.00911196 0.591728 0.0304131 0.578119 0.0264158 0.558344 0.00511465 0.571953
0 0.620261 0.809861 0.622577 0.788038 0.612576 0.784683 0.61026 0.806506
0 0.301286 0.719618 0.302966 0.702335 0.292639 0.699162 0.290959 0.716446
0 0.0105292 0.908577 0.0153313 0.883197 0.00333793 0.876025 -0.00146414 0.901405
0 0.449188 0.565601 0.451133 0.551237 0.440543 0.546704 0.438597 0.561068
0 0.620697 0.769858 0.625193 0.754018 0.612807 0.742907 0.608311 0.758747
0 0.26339 0.88005 0.281326 0.824835 0.256867 0.799725 0.238932 0.854941
0 0.037504 0.968289 0.0431134 0.943199 0.0295678 0.933628 0.0239584 0.958718
0 0.101736 0.608743 0.102755 0.590528 0.0915382 0.588545 0.0905193 0.60676
0 0.411844 0.634914 0.414539 0.617636 0.404702 0.612785 0.402006 0.630062
0 0.255121 0.557763 0.259151 0.536842 0.242987 0.527002 0.238958 0.547923
0 0.187508 0.617557 0.192234 0.593093 0.18217 0.586947 0.177443 0.611411
0 0.313213 0.730044 0.316927 0.71213 0.304944 0.704278 0.30123 0.722192
0 0.438786 0.878235 0.440463 0.855692 0.42828 0.852827 0.426603 0.875371
0 0.065912 0.690462 0.0738745 0.635524 0.0364183 0.618366 0.0284558 0.673304
0 0.383714 0.694714 0.38363 0.677869 0.369809 0.678087 0.369894 0.694933
0 0.489505 0.986572 0.49278 0.961202 0.477992 0.955169 0.474717 0.98054
0 0.384206 0.889775 0.390365 0.864928 0.37788 0.855147 0.371721 0.879995
0 0.15645 0.925936 0.161058 0.903218 0.150396 0.896384 0.145789 0.919101
0 0.289992 0.584346 0.293498 0.566459 0.284164 0.560678 0.280659 0.578565
0 0.571934 0.808177 0.576191 0.791254 0.564308 0.781806 0.560051 0.798728
0 0.636656 0.640597 0.629687 0.601864 0.599726 0.618901 0.606695 0.657635
0 0.401589 0.652188 0.402831 0.634323 0.39279 0.632117 0.391548 0.649981
0 0.337766 0.725073 0.339928 0.703725 0.329589 0.700415 0.327427 0.721763
0 0.547113 0.771931 0.550136 0.749239 0.538486 0.744334 0.535463 0.767026
0 0.487273 0.62865 0.489348 0.602524 0.474854 0.598886 0.47278 0.625013
0 0.141281 0.926027 0.152944 0.905554 0.146255 0.89351 0.134592 0.913982
0 0.283397 0.882611 0.284495 0.850237 0.268748 0.84855 0.267651 0.880924
0 0.279936 0.604641 0.279807 0.576309 0.25661 0.576643 0.256739 0.604975
0 0.103007 0.493459 0.104782 0.469987 0.0903736 0.466544 0.0885988 0.490016
0 0.522758 0.811919 0.524337 0.793865 0.515267 0.791358 0.513688 0.809413
0 0.419302 0.908459 0.426632 0.859511 0.404873 0.849213 0.397543 0.898161
0 0.0646168 0.89923 0.0755831 0.872443 0.0660153 0.860064 0.055049 0.886851
0 0.145515 0.90124 0.145474 0.875353 0.127486 0.875443 0.127527 0.90133
0 0.384423 0.822629 0.390067 0.800513 0.380083 0.79246 0.374439 0.814576
0 0.0101911 0.965525 0.0103384 0.939757 -0.00302303 0.939516 -0.00317037 0.965284
0 0.336014 0.837296 0.3391 0.819057 0.324764 0.81139 0.321678 0.829629
0 0.302533 0.928256 0.312167 0.901351 0.301866 0.889694 0.292232 0.916598
0 0.245726 0.90935 0.247804 0.885467 0.232841 0.881352 0.230763 0.905235
0 0.151014 0.661071 0.152199 0.641911 0.138885 0.639309 0.1377 0.658469
0 0.107353 0.545413 0.109669 0.526269 0.0995538 0.522401 0.0972375 0.541545
0 0.301548 0.70581 0.305166 0.680803 0.292906 0.675197 0.289288 0.700204
0 0.0625897 0.743439 0.0647004 0.724314 0.0529063 0.720201 0.0507956 0.739326
0 0.506082 0.96948 0.512625 0.935972 0.497456 0.926611 0.490913 0.960119
0 0.376367 0.845178 0.381536 0.815937 0.367289 0.807978 0.362121 0.837219
0 0.220335 0.891415 0.231804 0.844327 0.210775 0.828138 0.199305 0.875226
0 0.118985 0.849943 0.130806 0.818542 0.118208 0.803554 0.106388 0.834955
0 0.149506 0.507399 0.152519 0.482272 0.13965 0.477395 0.136637 0.502521
0 0.285099 0.701205 0.288726 0.686871 0.274987 0.675885 0.271361 0.690219
0 0.111958 0.628087 0.113422 0.610701 0.103006 0.607928 0.101542 0.625315
0 0.18717 0.822341 0.18897 0.79853 0.178119 0.795937 0.176319 0.819748
0 0.0783157 0.616639 0.0801587 0.596137 0.0646519 0.591731 0.0628089 0.612233
0 0.394951 0.831969 0.398763 0.804511 0.387768 0.799687 0.383956 0.827145
0 0.219126 0.810469 0.22746 0.789987 0.213587 0.772146 0.205253 0.792629
0 0.472858 0.893754 0.474821 0.87315 0.464883 0.870157 0.46292 0.890761
0 0.0744997 0.742872 0.0772191 0.722649 0.065674 0.717743 0.0629545 0.737965
0 0.329386 0.637206 0.33532 0.610417 0.325491 0.603536 0.319557 0.630325
0 0.169381 0.971861 0.180502 0.948375 0.17161 0.935067 0.160489 0.958553
0 0.216702 0.696207 0.216923 0.651282 0.186929 0.650815 0.186708 0.695741
0 0.122266 0.922576 0.123794 0.903688 0.113036 0.900937 0.111508 0.919826
0 0.0955514 0.689528 0.102567 0.665542 0.0929832 0.656682 0.0859673 0.680669
0 0.295446 0.815502 0.297165 0.79161 0.284153 0.788652 0.282434 0.812543
0 0.427326 0.632082 0.430039 0.614754 0.418209 0.6089 0.415496 0.626228
0 0.424503 0.571132 0.426832 0.55408 0.417115 0.549886 0.414786 0.566937
0 0.0880556 0.553312 0.090697 0.532148 0.0739001 0.525523 0.0712587 0.546686
0 0.459474 0.66759 0.463583 0.646416 0.449588 0.637833 0.44548 0.659008
0 0.432544 0.589775 0.433479 0.575173 0.42493 0.573442 0.423994 0.588044
0 0.154192 0.670348 0.155049 0.645668 0.140457 0.644066 0.1396 0.668747
0 0.0884181 0.436805 0.0941282 0.414744 0.0815678 0.404469 0.0758577 0.42653
0 0.12798 0.963392 0.144985 0.936637 0.137068 0.920733 0.120063 0.947488
0 0.393327 0.7174 0.397501 0.7001 0.384254 0.689997 0.380079 0.707297
0 0.415265 0.547528 0.4159 0.528582 0.40333 0.527249 0.402695 0.546196
0 0.522185 0.878142 0.529693 0.847486 0.518602 0.8389 0.511093 0.869556
0 0.557563 0.782432 0.55916 0.761543 0.54765 0.758761 0.546053 0.779651
0 0.422056 0.84153 0.430721 0.819918 0.420689 0.807205 0.412024 0.828817
0 0.335093 0.676091 0.338031 0.657717 0.326201 0.651738 0.323263 0.670113
0 0.662304 0.538136 0.667685 0.515871 0.646095 0.49938 0.640714 0.521645
0 0.531339 0.775982 0.535459 0.756216 0.525307 0.749528 0.521187 0.769294
0 0.388025 0.793774 0.39542 0.766613 0.385187 0.757809 0.377793 0.784969
0 0.442551 0.86262 0.451085 0.83852 0.440751 0.826955 0.432217 0.851054
0 0.302215 0.515663 0.301877 0.497757 0.287724 0.498601 0.288062 0.516508
0 0.571542 0.744993 0.572975 0.724038 0.561531 0.721566 0.560098 0.742521
0 0.344644 0.78691 0.346066 0.764013 0.331809 0.761213 0.330386 0.78411
0 0.474104 0.871552 0.476456 0.843941 0.463644 0.840491 0.461292 0.868102
0 0.649877 0.600853 0.655419 0.581973 0.641307 0.568879 0.635764 0.587759
0 0.613772 0.724887 0.616537 0.706731 0.604124 0.700755 0.601358 0.71891
0 0.0311268 0.816341 0.0342692 0.765936 4.5853e-05 0.759193 -0.00309655 0.809598
0 0.162949 0.679979 0.165778 0.657973 0.154114 0.653235 0.151286 0.675241
0 0.65714 0.639043 0.667515 0.621349 0.654755 0.597701 0.64438 0.615394
0 0.221039 1.017 0.243791 0.967755 0.225907 0.94164 0.203155 0.990884
0 0.558136 0.764391 0.559586 0.747173 0.549984 0.744617 0.548534 0.761835
0 0.700462 0.615171 0.701007 0.594941 0.685943 0.593659 0.685399 0.613889
0 0.525172 0.765918 0.528511 0.744828 0.519007 0.740072 0.515668 0.761163
0 0.364767 0.784824 0.366514 0.76546 0.35539 0.762287 0.353642 0.781652
0 0.0864531 0.680835 0.0975619 0.654073 0.0875219 0.640902 0.0764132 0.667664
0 0.244348 0.613701 0.245746 0.591583 0.235212 0.589478 0.233814 0.611597
0 0.466122 0.845314 0.469748 0.824611 0.457616 0.817897 0.453991 0.838599
0 0.0992572 0.588876 0.101679 0.569133 0.0925348 0.565588 0.0901132 0.585331
0 0.123501 0.582424 0.124934 0.563713 0.114527 0.561193 0.113093 0.579903
0 0.255015 0.770002 0.260494 0.745895 0.250933 0.739026 0.245454 0.763133
0 0.664716 0.512303 0.669086 0.489649 0.65406 0.480488 0.64969 0.503142
0 0.161238 0.940299 0.164782 0.919806 0.153686 0.913742 0.150142 0.934235
0 0.280068 0.6835 0.285348 0.666379 0.271426 0.65281 0.266146 0.669931
0 0.43591 0.57022 0.437819 0.553478 0.429242 0.550388 0.427334 0.567129
0 0.499922 0.850694 0.502006 0.829662 0.49153 0.826382 0.489446 0.847414
0 0.363518 0.668333 0.366053 0.646463 0.354181 0.642114 0.351646 0.663984
0 0.345573 0.667909 0.347626 0.648846 0.336231 0.644967 0.334178 0.66403
0 0.0688283 0.794623 0.0800173 0.771978 0.0727535 0.760635 0.0615646 0.78328
0 0.0574449 0.835349 0.0601826 0.809859 0.0452694 0.804797 0.0425317 0.830287
0 0.295427 0.795365 0.304789 0.779516 0.293131 0.757753 0.28377 0.773602
0 0.446728 0.741802 0.449432 0.725632 0.441201 0.721282 0.438497 0.737451
0 0.290116 0.446396 0.292841 0.430366 0.283984 0.425607 0.281259 0.441636
0 0.296537 0.68985 0.298474 0.666567 0.284767 0.662964 0.28283 0.686248
0 0.28418 0.843254 0.293422 0.823664 0.278395 0.801261 0.269154 0.820851
0 0.0648427 0.524216 0.0661484 0.503955 0.0540345 0.501488 0.0527288 0.521749
0 0.391691 0.612931 0.39264 0.591412 0.380411 0.589709 0.379462 0.611228
0 0.476699 1.00487 0.482566 0.971218 0.466685 0.962466 0.460818 0.996117
0 0.0220945 0.526294 0.0270133 0.495709 0.0107801 0.487458 0.00586139 0.518043
0 0.288084 0.669738 0.293373 0.650484 0.282227 0.640806 0.276937 0.660059
0 0.0818225 0.725692 0.0916153 0.700777 0.0812119 0.687854 0.0714191 0.712769
0 0.543365 0.841015 0.546074 0.819964 0.535068 0.815487 0.532359 0.836537
0 0.670976 0.714279 0.674689 0.69377 0.658685 0.684612 0.654972 0.705121
0 0.652195 0.70157 0.654104 0.679592 0.639019 0.67545 0.63711 0.697428
0 0.414218 0.620799 0.418348 0.605929 0.409195 0.597893 0.405064 0.612763
0 0.0284954 0.934724 0.0374721 0.913032 0.0274693 0.899949 0.0184926 0.921642
0 0.66256 0.874343 0.665459 0.855361 0.649661 0.847737 0.646762 0.866719
0 0.428053 0.859411 0.439146 0.830246 0.431323 0.820843 0.420231 0.850008
0 0.448007 0.994929 0.459379 0.940942 0.439202 0.927509 0.42783 0.981496
0 0.264656 0.681587 0.267196 0.659213 0.25538 0.654973 0.252839 0.677347
0 0.523962 0.569252 0.518093 0.492816 0.466407 0.50536 0.472277 0.581796
0 0.0991571 0.517228 0.101633 0.498917 0.0902799 0.494065 0.0878038 0.512376
0 0.121541 0.897374 0.122799 0.875447 0.112001 0.873489 0.110743 0.895416
0 0.231343 0.777625 0.241351 0.752294 0.230915 0.739263 0.220907 0.764595
0 0.844092 0.737041 0.853007 0.707992 0.835465 0.690978 0.82655 0.720027
0 0.00787112 0.927665 0.00922945 0.902985 -0.0021127 0.901012 -0.00347103 0.925692
0 0.616793 0.93943 0.626322 0.914339 0.615006 0.900757 0.605477 0.925848
0 0.684047 0.609062 0.685575 0.587635 0.673232 0.584853 0.671704 0.60628
0 0.213197 0.630241 0.22055 0.606004 0.21045 0.596321 0.203098 0.620559
0 0.39532 0.575322 0.39638 0.560369 0.38608 0.558061 0.38502 0.573014
0 0.0852963 0.746807 0.0923758 0.722055 0.0786444 0.709643 0.0715649 0.734395
0 0.312835 0.543965 0.311934 0.508111 0.281454 0.51053 0.282354 0.546385
0 0.609759 0.963427 0.617578 0.940355 0.607668 0.929741 0.599849 0.952813
0 0.51495 0.890445 0.516881 0.869865 0.504885 0.866307 0.502954 0.886887
0 0.247039 0.869469 0.261456 0.833765 0.249858 0.818965 0.235442 0.854669
0 0.231528 0.469572 0.239127 0.446247 0.228837 0.435651 0.221237 0.458976
0 0.677001 0.655642 0.679894 0.641023 0.666564 0.632687 0.663671 0.647306
0 0.445183 0.62851 0.447063 0.613653 0.438753 0.61033 0.436873 0.625186
0 0.616708 0.83945 0.622987 0.814367 0.61214 0.805786 0.605861 0.830869
0 0.429312 0.505129 0.434393 0.48653 0.426326 0.479565 0.421245 0.498164
0 0.641406 0.584984 0.648742 0.570522 0.638717 0.554448 0.63138 0.568909
0 0.273109 0.777958 0.285232 0.753025 0.273383 0.734816 0.26126 0.75975
0 0.131874 0.475516 0.13619 0.452917 0.126338 0.446971 0.122022 0.46957
0 0.340851 0.756873 0.346968 0.737073 0.337856 0.728175 0.331739 0.747975
0 0.40132 0.813324 0.407018 0.787517 0.395525 0.779497 0.389827 0.805304
0 0.475821 0.973295 0.482066 0.944501 0.468657 0.93531 0.462413 0.964104
0 0.019731 0.924097 0.0294118 0.901124 0.0194442 0.887849 0.00976337 0.910822
0 0.640707 0.562522 0.642687 0.539888 0.628729 0.536029 0.626749 0.558662
0 0.248305 0.47337 0.250974 0.457335 0.241815 0.452517 0.239146 0.468553
0 0.133061 0.564931 0.13678 0.54633 0.124663 0.538674 0.120944 0.557275
0 0.244208 0.811061 0.2482 0.791628 0.232627 0.78152 0.228636 0.800953
0 0.451781 0.87139 0.454751 0.846466 0.441471 0.841465 0.438501 0.866389
0 0.137348 0.539178 0.138882 0.52233 0.128055 0.519216 0.126521 0.536064
0 0.238358 0.586717 0.239424 0.570156 0.229798 0.568197 0.228732 0.584758
0 0.570902 0.886501 0.572867 0.862977 0.558645 0.859222 0.55668 0.882746
0 0.205903 0.626019 0.213856 0.600888 0.202387 0.589416 0.194433 0.614546
0 0.33993 0.623055 0.343305 0.605938 0.334091 0.600195 0.330715 0.617312
0 0.438929 0.621396 0.442869 0.605556 0.434372 0.598877 0.430432 0.614717
0 0.109924 0.914387 0.11485 0.891948 0.0998348 0.881529 0.0949084 0.903968
0 0.346126 0.945348 0.344513 0.916094 0.326603 0.919216 0.328216 0.948469
0 0.534684 0.571992 0.535453 0.551552 0.524079 0.5502 0.52331 0.57064
0 0.856688 0.760058 0.856377 0.736394 0.84021 0.737067 0.840522 0.760731
0 0.247044 0.496184 0.248958 0.478832 0.239211 0.475436 0.237298 0.492788
0 0.301016 0.575395 0.305167 0.556487 0.2918 0.547213 0.28765 0.566121
0 0.0746075 0.815669 0.0801888 0.792997 0.0695101 0.784689 0.0639288 0.80736
0 0.417873 0.540831 0.41883 0.519514 0.406842 0.517815 0.405886 0.539132
0 0.122883 0.550255 0.125635 0.531624 0.116905 0.527549 0.114153 0.54618
0 0.118408 0.44861 0.134653 0.427345 0.125018 0.404082 0.108773 0.425347
0 0.461674 0.92717 0.464966 0.904118 0.454422 0.899359 0.45113 0.922412
0 0.410642 0.593429 0.413346 0.575188 0.404637 0.571108 0.401934 0.589349
0 0.172246 0.942427 0.180715 0.920114 0.171984 0.909641 0.163515 0.931953
0 0.541473 0.911577 0.555171 0.885011 0.545037 0.868495 0.531338 0.89506
0 0.0169763 0.556828 0.018973 0.529745 0.00274347 0.525964 0.000746746 0.553046
0 0.33148 0.733031 0.332939 0.713791 0.321626 0.71108 0.320167 0.73032
0 0.444928 0.65273 0.446891 0.636444 0.438116 0.633101 0.436153 0.649388
0 0.261056 0.503715 0.263729 0.485497 0.25446 0.481198 0.251787 0.499416
0 0.232263 0.519616 0.235165 0.50335 0.22581 0.498075 0.222908 0.514341
0 0.3974 0.720826 0.401935 0.702429 0.38784 0.691447 0.383305 0.709844
0 0.180132 0.645329 0.179881 0.627514 0.168415 0.628024 0.168666 0.645838
0 0.386613 0.763837 0.388421 0.725869 0.370917 0.723235 0.369109 0.761203
0 0.114258 0.537652 0.119524 0.521735 0.11081 0.512624 0.105544 0.528541
0 0.446786 0.523851 0.447923 0.509277 0.43874 0.507013 0.437603 0.521587
0 0.343102 0.571968 0.347 0.552028 0.338856 0.546995 0.334957 0.566935
0 0.330321 0.75305 0.334837 0.728237 0.325575 0.722909 0.321058 0.747721
0 0.194054 0.862098 0.196796 0.839377 0.185743 0.835162 0.183001 0.857882
0 0.0836751 0.657416 0.0873883 0.636798 0.0754403 0.629998 0.0717272 0.650615
0 0.341444 0.575872 0.345915 0.558265 0.337545 0.551547 0.333074 0.569153
0 0.265208 0.818722 0.274988 0.796171 0.265163 0.782704 0.255383 0.805255
0 0.442546 0.708333 0.445549 0.691233 0.435356 0.685573 0.432352 0.702673
0 0.43456 0.742506 0.439206 0.724052 0.431151 0.717644 0.426505 0.736097
0 0.370128 0.233995 0.392993 0.187585 0.363156 0.141126 0.340291 0.187536
0 0.088284 0.894655 0.101163 0.873225 0.0924192 0.856618 0.0795406 0.878048
0 0.603809 0.739775 0.605482 0.719353 0.592957 0.71611 0.591284 0.736532
0 0.631681 0.816369 0.635639 0.79408 0.62291 0.786936 0.618952 0.809225
0 0.494898 0.830906 0.496274 0.814566 0.486493 0.811964 0.485118 0.828304
0 0.283607 0.662809 0.28862 0.637296 0.272671 0.627392 0.267658 0.652905
0 0.398388 0.761371 0.400385 0.743249 0.38997 0.739622 0.387974 0.757744
0 0.551311 0.68467 0.55407 0.666596 0.543243 0.661371 0.540483 0.679445
0 0.858956 0.80721 0.866745 0.782917 0.841726 0.757564 0.833937 0.781858
0 0.181526 0.912841 0.187017 0.886524 0.174235 0.878094 0.168743 0.904411
0 0.427881 0.641538 0.428275 0.62354 0.416453 0.62272 0.416058 0.640718
0 0.0306259 0.745536 0.0384092 0.726976 0.0310365 0.717204 0.0232533 0.735765
0 0.383489 0.6314 0.385141 0.61764 0.377181 0.614619 0.375528 0.628378
0 0.116916 0.502833 0.117893 0.476215 0.105212 0.474745 0.104236 0.501364
0 0.262984 0.477864 0.2664 0.461397 0.252526 0.452298 0.249109 0.468765
0 0.276761 0.630734 0.278484 0.610354 0.267041 0.607299 0.265319 0.627679
0 0.379538 0.644418 0.379992 0.628174 0.369457 0.627244 0.369002 0.643487
0 0.134012 0.918301 0.135461 0.891925 0.120045 0.889248 0.118596 0.915624
0 0.48228 0.896895 0.483931 0.877035 0.474718 0.874615 0.473067 0.894475
0 0.463583 0.962782 0.46924 0.932061 0.457875 0.925446 0.452217 0.956166
0 0.283133 0.473016 0.284063 0.456029 0.273405 0.454185 0.272475 0.471172
0 0.211418 0.919352 0.218081 0.897549 0.208462 0.888259 0.201799 0.910062
0 0.246113 0.640583 0.24729 0.616737 0.236417 0.61504 0.235239 0.638887
0 0.245102 0.884043 0.250092 0.860828 0.239115 0.853371 0.234125 0.876586
0 0.520076 0.788285 0.521896 0.76477 0.512155 0.762388 0.510336 0.785903
0 0.217893 0.678225 0.218314 0.646472 0.191254 0.645339 0.190834 0.677092
0 0.436291 0.577488 0.440864 0.562305 0.431742 0.553622 0.427169 0.568805
0 0.101691 0.85238 0.104203 0.833941 0.092951 0.829096 0.0904389 0.847535
0 0.571625 0.636927 0.572798 0.618419 0.563395 0.616535 0.562222 0.635044
0 0.436558 0.611704 0.438326 0.596252 0.429468 0.593048 0.427699 0.6085
0 0.0503776 0.831269 0.0512019 0.806932 0.0349473 0.805192 0.034123 0.829529
0 0.512713 0.928334 0.521445 0.898921 0.508318 0.886605 0.499586 0.916018
0 0.465591 0.799184 0.469067 0.776507 0.457703 0.771003 0.454228 0.793681
0 0.45082 0.999691 0.455653 0.961579 0.435137 0.953358 0.430305 0.991469
0 0.457906 0.716927 0.459041 0.699747 0.44935 0.697724 0.448216 0.714904
0 0.227924 0.55141 0.228532 0.533487 0.217346 0.532289 0.216739 0.550212
0 0.419117 0.499704 0.42704 0.481963 0.420335 0.472497 0.412411 0.490237
0 0.221771 0.282092 0.232695 0.267533 0.222354 0.243011 0.21143 0.257571
0 0.264359 0.894481 0.270803 0.875374 0.2624 0.866417 0.255956 0.885524
0 0.100732 0.723082 0.103693 0.70328 0.0931268 0.698288 0.0901664 0.71809
0 0.238799 0.488337 0.242297 0.46731 0.230988 0.461363 0.22749 0.48239
0 0.173029 0.531945 0.171426 0.495926 0.144193 0.499757 0.145796 0.535776
0 0.146721 0.809761 0.147881 0.791983 0.13596 0.789524 0.1348 0.807303
0 0.184286 0.650075 0.185559 0.635766 0.175285 0.632878 0.174012 0.647187
0 0.0852325 0.788134 0.0931621 0.752336 0.0774819 0.741359 0.0695522 0.777157
0 0.434944 0.801121 0.440196 0.774882 0.429606 0.768184 0.424355 0.794423
0 0.392757 0.787493 0.399479 0.763259 0.388073 0.753258 0.38135 0.777493
0 0.00531958 0.593747 0.016014 0.579547 0.0101138 0.565503 -0.000580658 0.579704
0 0.0819777 0.88406 0.0892142 0.849733 0.0789219 0.842875 0.0716854 0.877203
0 0.565602 0.800359 0.571017 0.784625 0.560688 0.773391 0.555274 0.789125
0 0.197203 0.81953 0.203412 0.794289 0.190386 0.784161 0.184176 0.809402
0 0.577301 0.792482 0.583449 0.758199 0.570785 0.751021 0.564637 0.785304
0 0.140644 0.676488 0.140893 0.656309 0.129843 0.655879 0.129594 0.676058
0 0.489038 0.851552 0.493454 0.833796 0.480956 0.823972 0.47654 0.841728
0 0.5608 0.684482 0.56318 0.666463 0.553414 0.662388 0.551034 0.680406
0 0.517567 0.701067 0.522953 0.628355 0.472645 0.616577 0.467259 0.689289
0 0.224683 0.903661 0.22863 0.882036 0.217287 0.875494 0.213341 0.897119
0 0.514846 0.757246 0.518802 0.739018 0.509466 0.732614 0.50551 0.750842
0 0.423709 0.744286 0.427173 0.727502 0.418887 0.722096 0.415422 0.73888
0 0.0669364 1.0109 0.084254 0.993092 0.0774126 0.972066 0.0600949 0.989876
0 0.0701142 0.918942 0.0770451 0.886134 0.0652614 0.878266 0.0583305 0.911074
0 0.524172 0.869361 0.530363 0.832823 0.518673 0.826564 0.512483 0.863101
0 0.0849609 0.896407 0.0927722 0.868817 0.081465 0.858699 0.0736537 0.88629
0 0.175814 0.627964 0.178852 0.607183 0.167884 0.602115 0.164846 0.622897
0 0.237029 0.562932 0.239625 0.546069 0.229771 0.541275 0.227175 0.558138
0 0.356226 0.741278 0.356372 0.718359 0.335992 0.71795 0.335847 0.740868
0 0.054024 0.541639 0.0555193 0.516607 0.0401302 0.513701 0.0386348 0.538734
0 0.462797 0.806692 0.465146 0.780728 0.452955 0.777242 0.450606 0.803206
0 0.437802 0.756026 0.44108 0.739129 0.431744 0.733404 0.428466 0.750301
0 0.403857 0.701261 0.406443 0.677012 0.392942 0.672461 0.390356 0.69671
0 0.0975969 0.904691 0.104497 0.885694 0.0961523 0.876116 0.0892527 0.895113
0 0.461564 0.856634 0.46398 0.8383 0.454615 0.834401 0.4522 0.852736
0 0.422606 0.585996 0.424054 0.572038 0.41578 0.569325 0.414332 0.583283
0 0.297105 0.863619 0.303563 0.835994 0.293165 0.828312 0.286707 0.855937
0 0.332807 0.622798 0.336321 0.600109 0.326408 0.595258 0.322895 0.617946
0 0.415374 0.580354 0.418449 0.565953 0.410564 0.560633 0.407489 0.575034
0 0.476766 0.78171 0.478088 0.762054 0.466277 0.759544 0.464955 0.779199
0 0.468747 0.657128 0.473151 0.637505 0.461243 0.629058 0.456839 0.648682
0 0.282831 0.466857 0.282837 0.451015 0.27143 0.451001 0.271424 0.466843
0 0.162777 0.631424 0.164125 0.616007 0.154362 0.613308 0.153014 0.628725
0 0.115908 0.701653 0.120692 0.672812 0.102742 0.663401 0.0979578 0.692243
0 0.846432 0.707359 0.85183 0.691254 0.83925 0.677927 0.833852 0.694033
0 0.430063 0.55233 0.42982 0.537591 0.420256 0.538091 0.4205 0.552829
0 0.151397 0.85548 0.153427 0.836179 0.139849 0.831667 0.13782 0.850968
0 0.54062 0.815914 0.541738 0.798099 0.529016 0.795574 0.527898 0.81339
0 0.200161 0.274197 0.228812 0.243574 0.202091 0.164556 0.173439 0.195179
0 0.0183084 0.833989 0.0200111 0.799114 0.00129408 0.796226 -0.000408618 0.831101
0 0.570173 0.997269 0.573199 0.975029 0.553204 0.966429 0.550178 0.988669
0 0.584227 0.844919 0.592995 0.827983 0.582836 0.811359 0.574068 0.828295
