0 0.176304 0.963939 0.17891 0.923591 0.156343 0.918984 0.153737 0.959333
0 0.164641 0.98337 0.166625 0.948776 0.147059 0.94523 0.145075 0.979824
0 0.575784 0.771738 0.577498 0.748593 0.55831 0.744102 0.556596 0.767247
0 0.243691 0.937976 0.251522 0.907336 0.238227 0.896598 0.230396 0.927238
0 0.568499 0.896041 0.568837 0.847854 0.539348 0.8472 0.53901 0.895387
0 0.292333 0.972823 0.288388 0.934952 0.263467 0.943156 0.267412 0.981027
0 0.485756 0.826394 0.481488 0.793153 0.454753 0.804002 0.459021 0.837243
0 0.558382 0.935505 0.563013 0.893273 0.5415 0.885817 0.536869 0.928048
0 0.209216 0.880503 0.213978 0.830975 0.189909 0.82366 0.185146 0.873188
0 0.51664 0.979855 0.544881 0.943446 0.515453 0.871309 0.487213 0.907718
0 0.223082 0.994558 0.242728 0.972529 0.235832 0.953092 0.216186 0.975121
0 0.0901782 1.00218 0.112616 0.955395 0.097379 0.932299 0.0749408 0.979084
0 0.431292 0.685449 0.445614 0.659689 0.428185 0.629062 0.413863 0.654822
0 0.607146 0.61899 0.614108 0.603016 0.602394 0.586881 0.595432 0.602855
0 0.150084 0.896837 0.15421 0.852086 0.12758 0.844325 0.123453 0.889077
0 0.625648 0.659237 0.628983 0.638715 0.615755 0.631921 0.61242 0.652442
0 0.537177 0.841608 0.541793 0.821583 0.527796 0.811386 0.52318 0.831411
0 0.334186 0.814026 0.337596 0.750775 0.303549 0.744974 0.30014 0.808225
0 0.530187 0.704991 0.532454 0.676701 0.515982 0.672529 0.513715 0.700819
0 0.433202 0.644308 0.43956 0.620226 0.425196 0.60824 0.418838 0.632322
0 0.454781 0.76935 0.456475 0.710623 0.423 0.707571 0.421306 0.766299
0 0.0672466 1.02266 0.0796127 0.947271 0.0236655 0.918269 0.0112994 0.993662
0 0.378343 0.931838 0.388925 0.903585 0.378312 0.891022 0.36773 0.919274
0 0.254585 0.963878 0.25985 0.928319 0.240046 0.919052 0.234781 0.954612
0 0.395517 0.6888 0.397375 0.655454 0.377043 0.651874 0.375185 0.68522
0 0.253901 0.909414 0.258013 0.885352 0.243225 0.877364 0.239112 0.901426
0 0.459261 0.686185 0.464795 0.656433 0.4537 0.649912 0.448167 0.679665
0 0.209954 1.00149 0.226723 0.956617 0.209559 0.936345 0.192789 0.98122
0 0.450134 0.872292 0.452566 0.832597 0.429588 0.828149 0.427156 0.867844
0 0.524506 0.886735 0.520823 0.845943 0.493721 0.853677 0.497404 0.894469
0 0.534421 0.746712 0.53934 0.721254 0.525869 0.713028 0.520951 0.738486
0 0.232177 0.948007 0.236474 0.917481 0.220992 0.910595 0.216695 0.941121
0 0.517116 0.529212 0.521571 0.495757 0.505616 0.489043 0.501161 0.522498
0 0.557679 0.797477 0.563055 0.770183 0.536545 0.753683 0.53117 0.780977
0 0.438153 0.817349 0.443864 0.79639 0.426413 0.781361 0.420702 0.80232
0 0.623779 0.721735 0.632282 0.696506 0.614005 0.677037 0.605502 0.702267
0 0.295956 0.606453 0.298742 0.588576 0.284398 0.58151 0.281612 0.599387
0 0.613669 0.925386 0.615911 0.900597 0.600769 0.896267 0.598526 0.921055
0 0.985599 1.06163 1.02049 0.835577 0.811981 0.733862 0.77709 0.959913
0 0.229502 0.924255 0.226628 0.861912 0.184755 0.868012 0.187629 0.930355
0 0.115722 0.890927 0.13379 0.860407 0.123493 0.841142 0.105426 0.871661
0 0.463128 0.641229 0.46459 0.61827 0.445061 0.61434 0.4436 0.6373
0 0.589206 0.717832 0.592305 0.692928 0.578164 0.687368 0.575065 0.712272
0 0.315104 0.580962 0.321445 0.556716 0.305519 0.543552 0.299178 0.567798
0 0.548012 0.863966 0.549866 0.840934 0.538043 0.837926 0.536189 0.860957
0 0.527418 0.637423 0.539884 0.613204 0.53082 0.598459 0.518354 0.622679
0 0.347373 0.513858 0.355763 0.47855 0.338797 0.465808 0.330407 0.501116
0 0.539758 0.767513 0.564423 0.741076 0.555386 0.714428 0.530721 0.740866
0 0.0362287 0.869687 0.0388224 0.832237 0.0170194 0.827465 0.0144257 0.864914
0 0.642494 0.912264 0.642014 0.868452 0.617681 0.869295 0.618161 0.913107
0 0.267739 0.834645 0.275531 0.790239 0.25597 0.77939 0.248178 0.823796
0 0.616254 0.905197 0.620229 0.872623 0.607527 0.867724 0.603551 0.900298
0 0.473993 0.566699 0.480733 0.526363 0.465594 0.518369 0.458855 0.558705
0 0.622447 0.874695 0.625561 0.848083 0.609575 0.842171 0.606461 0.868783
0 0.284192 0.594796 0.287427 0.576466 0.274985 0.569526 0.27175 0.587855
0 0.373473 0.860178 0.377259 0.827797 0.359963 0.821406 0.356177 0.853787
0 0.759613 0.668734 0.747855 0.540364 0.665238 0.56428 0.676995 0.69265
0 0.260641 0.994002 0.266502 0.973382 0.254147 0.962282 0.248286 0.982901
0 0.205749 0.95932 0.215415 0.930589 0.203056 0.917447 0.193389 0.946178
0 0.581699 0.917553 0.582159 0.891869 0.563215 0.890798 0.562755 0.916482
0 0.354317 0.885682 0.361325 0.843451 0.333106 0.82865 0.326098 0.87088
0 0.132342 0.918932 0.137302 0.884289 0.11979 0.876365 0.114831 0.911009
0 0.324739 0.857204 0.327418 0.837851 0.314569 0.832229 0.31189 0.851582
0 0.589331 0.742773 0.591175 0.72216 0.577775 0.718371 0.575931 0.738984
0 0.279849 0.753525 0.290825 0.732413 0.281535 0.717149 0.270559 0.738261
0 0.633075 0.617553 0.634774 0.597966 0.623392 0.594847 0.621694 0.614433
0 0.592712 0.669679 0.602628 0.64373 0.58965 0.628054 0.579733 0.654003
0 0.556761 0.719137 0.560552 0.699488 0.54788 0.69176 0.544089 0.71141
0 0.57555 0.861262 0.57748 0.840412 0.563411 0.836297 0.561481 0.857147
0 0.640937 0.629171 0.644314 0.61073 0.634953 0.605311 0.631575 0.623752
0 0.617354 0.593472 0.624534 0.569109 0.614563 0.559821 0.607383 0.584184
0 0.495158 0.715773 0.494275 0.695512 0.481333 0.697294 0.482216 0.717556
0 0.503819 0.992229 0.507817 0.963173 0.494599 0.957425 0.490601 0.98648
0 0.235584 0.96602 0.239216 0.943869 0.22002 0.933919 0.216387 0.956071
0 0.576873 0.725601 0.579292 0.704502 0.568259 0.700505 0.565841 0.721604
0 0.378214 0.883162 0.389682 0.855748 0.37752 0.839667 0.366051 0.867081
0 0.112102 0.874895 0.112627 0.836283 0.0923705 0.835412 0.0918454 0.874024
0 0.591003 0.824725 0.591727 0.772668 0.564517 0.771472 0.563793 0.823528
0 0.225863 0.859414 0.24479 0.83653 0.236237 0.814171 0.217309 0.837055
0 0.0808604 0.87576 0.0841794 0.84698 0.0676332 0.840949 0.0643141 0.869729
0 0.564865 0.850279 0.566105 0.827342 0.551882 0.824913 0.550642 0.84785
0 0.609068 0.886157 0.611746 0.860162 0.595191 0.854771 0.592513 0.880766
0 0.267417 0.86205 0.280907 0.842121 0.272706 0.824578 0.259216 0.844507
0 0.298766 0.466542 0.322441 0.443394 0.313325 0.413924 0.289649 0.437073
0 0.536834 0.678044 0.539832 0.660963 0.530127 0.655579 0.527128 0.67266
0 0.101318 0.895708 0.104954 0.869493 0.0883703 0.862224 0.0847343 0.888439
0 0.119228 0.954986 0.132273 0.923832 0.121186 0.909159 0.10814 0.940313
0 0.219475 0.876384 0.228965 0.85013 0.21902 0.838768 0.20953 0.865023
0 0.236099 0.917576 0.243519 0.888025 0.230626 0.877792 0.223205 0.907343
0 0.0970043 0.348308 0.105285 0.311436 0.0825836 0.295323 0.0743031 0.332195
0 0.627722 0.968369 0.630133 0.923574 0.60464 0.919237 0.602228 0.964032
0 0.0088636 0.916289 0.0269948 0.882985 0.0126114 0.858236 -0.00551981 0.89154
0 0.439709 0.952934 0.449073 0.937676 0.434807 0.910008 0.425444 0.925267
0 0.583234 0.96093 0.590623 0.915134 0.572361 0.905821 0.564972 0.951618
0 0.475342 0.635145 0.47746 0.617457 0.466308 0.613238 0.464191 0.630926
0 0.195674 0.994516 0.198212 0.970985 0.186083 0.966851 0.183545 0.990382
0 0.51342 0.705182 0.515909 0.68479 0.504817 0.680511 0.502328 0.700903
0 0.550078 0.825737 0.550731 0.803241 0.537575 0.802033 0.536922 0.824529
0 0.243202 0.891718 0.249988 0.868671 0.237946 0.857464 0.23116 0.880511
0 0.166814 0.803109 0.180091 0.772286 0.16863 0.756684 0.155354 0.787506
0 0.455577 0.83432 0.46133 0.793126 0.445691 0.786223 0.439938 0.827417
0 0.171119 0.873763 0.170337 0.818065 0.142619 0.819295 0.143401 0.874993
0 0.288525 0.939986 0.289661 0.920015 0.272917 0.917006 0.271782 0.936978
0 0.449676 0.708287 0.454317 0.683359 0.442666 0.676504 0.438025 0.701432
0 0.603898 0.944466 0.601575 0.904771 0.583459 0.908122 0.585782 0.947817
0 0.499128 0.537959 0.500639 0.520767 0.486344 0.516798 0.484833 0.53399
0 0.334714 0.604839 0.336829 0.586118 0.327172 0.582669 0.325057 0.601391
0 0.644435 0.744453 0.649489 0.725089 0.636037 0.713992 0.630983 0.733357
0 0.592388 0.862406 0.594512 0.834361 0.580129 0.83092 0.578006 0.858965
0 0.0215665 1.00797 0.0263092 0.957749 -0.00156004 0.949431 -0.00630274 0.999657
0 0.482244 0.767293 0.483352 0.710281 0.451609 0.708331 0.450501 0.765344
0 0.617573 0.779719 0.620321 0.750345 0.600006 0.744338 0.597258 0.773713
0 0.57624 0.696139 0.577423 0.67723 0.566933 0.675156 0.565751 0.694066
0 0.0631002 0.841154 0.0804699 0.82482 0.0745307 0.804859 0.0571609 0.821194
0 0.176152 0.89595 0.194615 0.858646 0.179594 0.835149 0.161131 0.872453
0 0.18554 0.984448 0.188693 0.960426 0.173048 0.953937 0.169895 0.977958
0 0.293681 0.823164 0.30562 0.798743 0.296327 0.784383 0.284388 0.808804
0 0.437706 0.505952 0.440071 0.477753 0.426064 0.474041 0.423699 0.502239
0 0.538203 0.875541 0.538125 0.83727 0.521315 0.837379 0.521394 0.87565
0 0.51927 0.751584 0.525033 0.713752 0.512038 0.707495 0.506275 0.745328
0 0.261327 0.935626 0.26631 0.908272 0.251229 0.89959 0.246246 0.926944
0 0.631209 0.682671 0.63702 0.665679 0.625773 0.653522 0.619962 0.670514
0 0.520105 0.862586 0.52801 0.8292 0.502333 0.809985 0.494428 0.84337
0 0.547476 0.695754 0.548321 0.679679 0.53869 0.678078 0.537845 0.694153
0 0.0640471 0.597477 0.0641448 0.551558 0.0337328 0.551353 0.0336351 0.597272
0 0.381562 0.985826 0.38756 0.953448 0.373278 0.945086 0.36728 0.977464
0 0.077324 0.969045 0.12243 0.923531 0.107565 0.876972 0.0624592 0.922486
0 0.294473 0.913425 0.301499 0.879206 0.290819 0.872275 0.283793 0.906494
0 0.579114 0.750959 0.581232 0.731451 0.56488 0.725839 0.562761 0.745346
0 0.0861966 0.851191 0.0946926 0.821651 0.0815009 0.80966 0.0730049 0.8392
0 0.642406 0.68567 0.650306 0.666284 0.642405 0.656107 0.634505 0.675493
0 0.576416 0.88558 0.580553 0.860576 0.569348 0.854715 0.56521 0.87972
0 0.171092 0.76402 0.17753 0.739397 0.166992 0.730687 0.160554 0.755311
0 0.643346 1.01157 0.648136 0.968776 0.610379 0.955421 0.605589 0.99822
0 0.388565 0.904423 0.396191 0.878288 0.379639 0.863023 0.372013 0.889157
0 0.600427 0.682248 0.603963 0.661196 0.5923 0.655005 0.588764 0.676057
0 0.177047 0.814802 0.18854 0.788156 0.179606 0.775977 0.168113 0.802623
0 0.0259659 0.912462 0.0487858 0.885346 0.0413305 0.865517 0.0185105 0.892632
0 0.476438 0.651858 0.477467 0.634749 0.464983 0.632376 0.463954 0.649485
0 0.298285 0.668006 0.307186 0.605636 0.25914 0.583965 0.250239 0.646335
0 0.445515 0.79811 0.453178 0.768118 0.440922 0.75822 0.433258 0.788212
0 0.636671 0.764856 0.638684 0.733533 0.616519 0.729032 0.614506 0.760355
0 0.150961 0.807606 0.172365 0.777261 0.160782 0.751441 0.139379 0.781785
0 0.521607 0.808812 0.530623 0.785536 0.520498 0.77314 0.511482 0.796416
0 0.419927 0.803424 0.427895 0.720939 0.381413 0.706749 0.373445 0.789233
0 0.0393591 0.845138 0.0487428 0.826441 0.0401701 0.812843 0.0307863 0.831541
0 0.788341 1.03123 0.844061 0.932889 0.759882 0.782155 0.704163 0.880499
0 0.229217 0.881013 0.240405 0.85949 0.232331 0.846224 0.221142 0.867746
0 0.356747 0.899868 0.357038 0.87484 0.338489 0.874157 0.338197 0.899185
0 0.0665433 0.950741 0.0741978 0.909611 0.0428604 0.891179 0.0352059 0.932309
0 0.524373 0.831323 0.527483 0.816832 0.514644 0.808127 0.511535 0.822618
0 0.325008 0.903709 0.328555 0.881356 0.31789 0.876008 0.314343 0.898361
0 0.599994 0.724472 0.602621 0.702178 0.592219 0.698303 0.589591 0.720596
0 0.408463 0.920575 0.410423 0.897614 0.399712 0.894725 0.397753 0.917687
0 0.43488 0.613947 0.436061 0.59605 0.424825 0.593705 0.423643 0.611603
0 0.215583 0.850303 0.223253 0.828167 0.209328 0.812918 0.201658 0.835054
0 0.630955 0.69751 0.636434 0.683818 0.624338 0.668519 0.618859 0.68221
0 0.480212 0.523769 0.480866 0.501959 0.463938 0.500356 0.463284 0.522165
0 0.672279 0.569882 0.680882 0.547275 0.671038 0.535435 0.662435 0.558043
0 0.680008 0.586441 0.680208 0.569232 0.667164 0.568753 0.666964 0.585962
0 0.10167 1.0096 0.105516 0.98551 0.0889339 0.977141 0.085088 1.00123
0 0.43167 0.727821 0.435092 0.683681 0.397563 0.674486 0.394141 0.718626
0 0.455359 0.93351 0.464392 0.893676 0.451345 0.884326 0.442313 0.92416
0 0.134966 0.949208 0.14338 0.921524 0.133382 0.91192 0.124968 0.939604
0 0.298954 1.00509 0.303682 0.965627 0.28638 0.959074 0.281651 0.998536
0 0.321609 0.616054 0.323417 0.591827 0.311638 0.58905 0.30983 0.613276
0 0.610713 0.675521 0.61312 0.656929 0.603305 0.652912 0.600897 0.671504
0 0.141016 0.851398 0.141071 0.831473 0.12282 0.831314 0.122765 0.85124
0 0.476163 0.806802 0.481159 0.775499 0.458402 0.76402 0.453406 0.795322
0 0.568094 0.833755 0.573133 0.813917 0.560875 0.804077 0.555836 0.823916
0 0.0629158 0.824139 0.084112 0.805747 0.0783984 0.784936 0.0572022 0.803328
0 0.394209 0.903779 0.401718 0.874624 0.386123 0.861929 0.378614 0.891084
0 0.141224 0.918323 0.169521 0.891214 0.162783 0.868983 0.134486 0.896091
0 0.48782 0.523684 0.488771 0.504442 0.472249 0.501861 0.471298 0.521103
0 0.299647 0.844569 0.309109 0.813368 0.297815 0.802544 0.288353 0.833745
0 0.308302 0.626985 0.310293 0.603149 0.295637 0.599281 0.293646 0.623116
0 0.535723 0.583472 0.537547 0.560551 0.524872 0.557364 0.523048 0.580284
0 0.63984 0.666772 0.645902 0.650137 0.636833 0.639694 0.630772 0.656329
0 0.510098 0.567182 0.512173 0.535965 0.48995 0.531298 0.487876 0.562515
0 0.619858 0.608522 0.621779 0.591985 0.61421 0.589207 0.612289 0.605744
0 0.195271 0.766071 0.20496 0.741853 0.196146 0.730708 0.186457 0.754926
0 0.532727 0.769319 0.537412 0.750696 0.526776 0.742241 0.522092 0.760864
0 0.871207 0.589368 0.873185 0.572991 0.857779 0.56711 0.855801 0.583487
0 0.524692 0.663825 0.531053 0.636776 0.519829 0.628434 0.513468 0.655484
0 0.167254 0.943422 0.1929 0.906891 0.179052 0.876165 0.153406 0.912697
0 0.273018 0.846693 0.281931 0.822573 0.27071 0.809467 0.261797 0.833588
0 0.499694 0.520142 0.501314 0.504672 0.490427 0.501068 0.488806 0.516538
0 0.507009 0.500328 0.509182 0.478027 0.498724 0.474808 0.496552 0.497108
0 0.473477 0.839775 0.471276 0.818871 0.455003 0.824286 0.457204 0.84519
0 0.373239 0.903636 0.376401 0.883145 0.365107 0.877636 0.361944 0.898128
0 0.608846 0.860813 0.609485 0.838771 0.594914 0.837437 0.594276 0.85948
0 0.875836 0.690069 0.881934 0.656383 0.860204 0.643951 0.854106 0.677637
0 0.892838 0.620921 0.897117 0.602173 0.877244 0.587839 0.872965 0.606587
0 0.382894 0.954376 0.389137 0.930478 0.378207 0.921454 0.371964 0.945353
0 0.595626 0.915522 0.604617 0.88878 0.592352 0.875746 0.58336 0.902488
0 0.130737 0.836037 0.132126 0.804311 0.11698 0.802215 0.115591 0.833942
0 0.648824 0.821542 0.651022 0.796483 0.636739 0.792524 0.634542 0.817583
0 0.514255 0.670691 0.517005 0.650606 0.506216 0.645937 0.503466 0.666022
0 0.265173 0.937375 0.271012 0.912734 0.257999 0.902989 0.252161 0.92763
0 0.183814 0.768742 0.190001 0.738344 0.176836 0.729875 0.170649 0.760273
0 0.302535 0.937286 0.310476 0.907606 0.299794 0.898572 0.291853 0.928253
0 0.00827494 0.901999 0.0227707 0.872047 0.00866579 0.850472 -0.00582993 0.880424
0 0.158972 0.752818 0.168713 0.728417 0.158963 0.716115 0.149222 0.740516
0 0.471405 0.621757 0.47327 0.599105 0.455381 0.594448 0.453515 0.617101
0 0.456512 0.91061 0.472343 0.857175 0.452095 0.838215 0.436264 0.89165
0 0.509649 0.770833 0.513928 0.752966 0.50405 0.745488 0.49977 0.763356
0 0.185223 1.00756 0.189267 0.982932 0.16626 0.97099 0.162216 0.995613
0 0.0446872 0.626251 0.0474891 0.594832 0.0209682 0.587357 0.0181662 0.618775
0 0.447977 0.904437 0.460476 0.868654 0.447552 0.854387 0.435053 0.89017
0 0.160409 0.823605 0.164361 0.799404 0.14987 0.791925 0.145918 0.816126
0 0.0735095 0.917666 0.0862615 0.878151 0.0730493 0.864676 0.0602972 0.904191
0 0.344097 0.963459 0.353798 0.935668 0.343602 0.924419 0.333901 0.95221
0 0.637952 0.578001 0.641324 0.559236 0.629297 0.552407 0.625926 0.571172
0 0.434864 0.925493 0.439621 0.905034 0.42791 0.896429 0.423153 0.916887
0 0.285099 0.674717 0.287162 0.651677 0.266695 0.645886 0.264632 0.668926
0 0.463023 0.700433 0.465165 0.68098 0.454783 0.677368 0.452642 0.696821
0 0.526749 1.00854 0.535806 0.981102 0.512834 0.95714 0.503778 0.98458
0 0.185815 0.84693 0.193515 0.826805 0.184117 0.81544 0.176417 0.835565
0 0.268459 0.964136 0.273742 0.932927 0.260399 0.925789 0.255116 0.956998
0 0.423868 0.928844 0.428376 0.905908 0.416765 0.898695 0.412257 0.921631
0 0.511457 0.720393 0.513155 0.700902 0.502916 0.698081 0.501217 0.717572
0 0.468809 0.909073 0.476338 0.855845 0.454711 0.846177 0.447182 0.899404
0 0.363727 0.485344 0.365749 0.46488 0.352695 0.460805 0.350673 0.481269
0 0.0862585 0.796153 0.101225 0.775138 0.0937814 0.758383 0.0788149 0.779398
0 0.441076 0.713203 0.446418 0.691917 0.43409 0.682138 0.428748 0.703424
0 0.108718 0.994629 0.121442 0.967389 0.111955 0.953383 0.0992303 0.980624
0 0.274582 0.894675 0.278345 0.873864 0.267535 0.867685 0.263771 0.888496
0 0.654184 0.864228 0.660815 0.842966 0.652021 0.834299 0.64539 0.855562
0 0.66606 0.666973 0.669309 0.650583 0.658113 0.64357 0.654864 0.65996
0 0.199264 0.976424 0.204717 0.949985 0.19384 0.942895 0.188387 0.969335
0 0.439697 0.705564 0.443916 0.682697 0.430163 0.674678 0.425944 0.697546
0 0.465725 0.6666 0.47007 0.648014 0.460308 0.640801 0.455963 0.659387
0 0.614906 0.666939 0.618794 0.650724 0.609039 0.643331 0.605151 0.659546
0 0.321932 0.874094 0.323875 0.85567 0.313689 0.852275 0.311746 0.870699
0 0.54469 0.597848 0.546872 0.575248 0.53447 0.571464 0.532288 0.594064
0 0.515526 0.641939 0.525258 0.623531 0.516811 0.609417 0.507079 0.627826
0 0.624364 0.84626 0.623272 0.825504 0.605029 0.828535 0.60612 0.849291
0 0.0375468 0.958959 0.0387782 0.913479 0.0121561 0.911201 0.0109248 0.956681
0 0.489666 0.806229 0.491119 0.783158 0.47709 0.780365 0.475636 0.803437
0 0.118309 0.839336 0.121598 0.805892 0.101803 0.799739 0.098514 0.833183
0 0.173551 0.725877 0.17825 0.706295 0.16822 0.698687 0.16352 0.718269
0 0.00506419 0.868422 0.0136051 0.849795 0.00513809 0.837525 -0.00340285 0.856151
0 0.540739 0.711454 0.543266 0.695173 0.533477 0.69037 0.53095 0.706651
0 0.968095 0.678177 0.97177 0.634726 0.935085 0.62492 0.93141 0.668372
0 0.141115 0.808952 0.141999 0.786461 0.125906 0.784462 0.125022 0.806953
0 0.31705 0.92327 0.322458 0.899336 0.3135 0.892938 0.308091 0.916872
0 0.593068 0.61971 0.5962 0.601132 0.585079 0.595207 0.581947 0.613784
0 0.0837726 1.00955 0.0851472 0.988259 0.0724101 0.98566 0.0710355 1.00695
0 0.64345 0.710782 0.64684 0.693395 0.635978 0.686702 0.632588 0.704089
0 0.608217 0.836065 0.609393 0.8146 0.598218 0.812665 0.597042 0.83413
0 0.325907 1.0098 0.339746 0.970322 0.323192 0.951982 0.309353 0.991462
0 0.36338 0.667152 0.368818 0.648785 0.358598 0.639223 0.353161 0.65759
0 0.466379 0.6177 0.468735 0.596789 0.453504 0.591365 0.451147 0.612276
0 0.114198 0.90882 0.11785 0.887989 0.101871 0.879135 0.098219 0.899965
0 0.566244 0.968108 0.575537 0.932538 0.555358 0.915876 0.546065 0.951446
0 0.30722 0.956237 0.313814 0.932677 0.304569 0.924501 0.297975 0.948061
0 0.507381 0.743289 0.511714 0.722642 0.499545 0.71457 0.495212 0.735217
0 0.272861 0.927141 0.276558 0.898135 0.262864 0.89262 0.259167 0.921625
0 0.405036 0.868692 0.412029 0.838232 0.401757 0.830779 0.394764 0.861239
0 0.284566 0.725402 0.285282 0.7059 0.27159 0.704311 0.270873 0.723813
0 0.547408 0.72971 0.550265 0.711902 0.53847 0.705923 0.535614 0.723732
0 0.100967 0.82846 0.103294 0.8076 0.0912061 0.803339 0.0888796 0.824199
0 0.397677 0.919161 0.399639 0.895997 0.386791 0.892558 0.384829 0.915722
0 0.416712 0.699373 0.420448 0.664989 0.400208 0.658038 0.396472 0.692423
0 0.412598 0.661589 0.416706 0.637072 0.400973 0.628741 0.396865 0.653258
0 0.60694 0.999318 0.610102 0.970089 0.593046 0.964258 0.589885 0.993487
0 0.146894 0.588739 0.145274 0.565165 0.126909 0.569155 0.128529 0.592729
0 0.149442 0.828956 0.151281 0.810631 0.13961 0.806931 0.137772 0.825256
0 0.500045 0.738115 0.501671 0.716173 0.488373 0.713059 0.486747 0.735001
0 0.657767 0.650415 0.661469 0.633224 0.646412 0.622976 0.64271 0.640167
0 0.596823 0.616035 0.598844 0.598923 0.586245 0.59422 0.584224 0.611333
0 0.143857 0.991073 0.149049 0.966469 0.137043 0.958461 0.131851 0.983065
0 0.532551 0.719806 0.534172 0.702882 0.52333 0.699601 0.521709 0.716524
0 0.234442 0.759285 0.245219 0.740949 0.238616 0.728683 0.227839 0.747019
0 0.767445 0.705288 0.773766 0.669995 0.751936 0.657639 0.745615 0.692932
0 0.335098 0.688034 0.339246 0.664014 0.324995 0.656237 0.320847 0.680257
0 0.211974 1.00853 0.216321 0.9904 0.20472 0.981608 0.200373 0.999737
0 0.537679 0.805587 0.543449 0.788589 0.533463 0.777877 0.527693 0.794876
0 0.652075 0.519451 0.652716 0.502056 0.641246 0.500722 0.640606 0.518117
0 0.285276 0.86508 0.291248 0.84018 0.281292 0.832634 0.27532 0.857534
0 0.0592177 0.851516 0.0590697 0.82781 0.0432841 0.828122 0.0434321 0.851828
0 0.22582 1.00864 0.240464 0.993359 0.235443 0.978154 0.220798 0.99344
0 0.342131 0.577001 0.344899 0.559927 0.335463 0.555092 0.332695 0.572167
0 0.109336 1.01168 0.118257 0.994731 0.110726 0.982204 0.101805 0.999154
0 0.397126 0.851464 0.402616 0.827818 0.392615 0.82048 0.387125 0.844126
0 0.419227 0.913988 0.432672 0.873575 0.412558 0.852424 0.399112 0.892838
0 0.301205 0.579799 0.306077 0.560353 0.290857 0.548299 0.285984 0.567745
0 0.597301 0.694345 0.598769 0.678479 0.588923 0.6756 0.587455 0.691467
0 0.638151 0.503765 0.649341 0.487804 0.643166 0.474122 0.631976 0.490084
0 0.374931 0.543133 0.37958 0.50132 0.36093 0.494767 0.356281 0.53658
0 0.0840806 0.92281 0.0949665 0.891439 0.0810878 0.876218 0.0702019 0.907589
0 0.484943 0.700079 0.491556 0.68306 0.476559 0.664641 0.469945 0.68166
0 0.047349 0.920096 0.0543914 0.891996 0.039878 0.8805 0.0328355 0.9086
0 0.646449 0.706641 0.64977 0.689048 0.640829 0.683713 0.637508 0.701306
0 0.669675 0.61291 0.673794 0.592083 0.66102 0.584098 0.656901 0.604925
0 0.657773 0.619238 0.659528 0.598664 0.647672 0.595469 0.645918 0.616044
0 0.306588 0.909589 0.311062 0.887029 0.301458 0.88101 0.296984 0.903571
0 0.19432 0.744417 0.197694 0.719674 0.184344 0.713919 0.180969 0.738663
0 0.308565 0.986472 0.311025 0.96776 0.301499 0.963801 0.299038 0.982513
0 0.566349 0.713717 0.571089 0.698204 0.561335 0.688784 0.556595 0.704298
0 0.368533 0.94557 0.372657 0.926931 0.36301 0.920185 0.358886 0.938824
0 0.28378 1.00647 0.284677 0.978629 0.264013 0.976524 0.263115 1.00436
0 0.28694 0.584975 0.294541 0.566361 0.28393 0.552665 0.276328 0.571279
0 0.265928 0.973502 0.27276 0.941316 0.260014 0.932765 0.253182 0.964951
0 0.188355 0.96472 0.190035 0.943697 0.177365 0.940499 0.175685 0.961521
0 0.308154 0.879918 0.31236 0.858497 0.302408 0.852321 0.298202 0.873742
0 0.324159 0.73823 0.325157 0.716161 0.31269 0.714379 0.311692 0.736448
0 0.546716 0.565043 0.548959 0.542383 0.534587 0.537888 0.532344 0.560548
0 0.597922 0.789443 0.600768 0.769415 0.589035 0.764146 0.58619 0.784174
0 0.762503 0.619894 0.765718 0.598793 0.754005 0.593153 0.750791 0.614254
0 0.668586 0.652553 0.671786 0.635057 0.65971 0.628075 0.65651 0.645571
0 0.148239 0.942226 0.152376 0.919551 0.140914 0.912941 0.136776 0.935616
0 0.749306 0.565132 0.753046 0.549151 0.735789 0.536385 0.732048 0.552366
0 0.440446 0.830169 0.443749 0.80946 0.429295 0.802174 0.425992 0.822883
0 0.286028 0.808637 0.289794 0.786096 0.276496 0.779076 0.272731 0.801616
0 0.249417 0.986103 0.253195 0.960455 0.239136 0.95391 0.235358 0.979557
0 0.273045 0.874292 0.276424 0.855566 0.264812 0.848943 0.261433 0.86767
0 0.510858 0.802872 0.516623 0.780411 0.504947 0.770939 0.499182 0.793399
0 0.307525 0.706679 0.313277 0.686767 0.304294 0.678564 0.298541 0.698475
0 0.288774 0.770702 0.30011 0.747968 0.2921 0.735345 0.280764 0.758079
0 0.173297 0.836395 0.175997 0.816427 0.163693 0.811169 0.160993 0.831137
0 0.550189 0.812524 0.552056 0.792161 0.541275 0.789035 0.539407 0.809398
0 0.0555207 0.634714 0.0861523 0.609479 0.0779634 0.578063 0.0473318 0.603297
0 0.0643976 0.900655 0.0667992 0.878773 0.0541778 0.874395 0.0517762 0.896277
0 0.476831 0.703173 0.480957 0.683974 0.46792 0.67512 0.463794 0.694318
0 0.561636 0.700221 0.563342 0.684355 0.552946 0.680821 0.55124 0.696687
0 0.294658 0.876343 0.301218 0.848949 0.29113 0.841314 0.28457 0.868707
0 0.362067 0.963915 0.36673 0.945978 0.357548 0.938433 0.352885 0.95637
0 0.0298862 0.895063 0.0413983 0.863644 0.0292768 0.849607 0.0177647 0.881027
0 0.371088 0.964859 0.37495 0.946237 0.367069 0.941071 0.363207 0.959693
0 0.365209 0.931082 0.369685 0.911898 0.359509 0.904394 0.355033 0.923579
0 0.0103074 0.948702 0.0178896 0.908743 0.00320913 0.899939 -0.00437311 0.939898
0 0.607281 0.697835 0.609349 0.682184 0.600759 0.678596 0.598691 0.694248
0 0.750529 0.682429 0.752273 0.659983 0.739444 0.656834 0.737701 0.67928
0 0.28997 0.704291 0.292433 0.684521 0.279392 0.679385 0.276928 0.699155
0 0.32416 0.636549 0.33038 0.614011 0.320526 0.605416 0.314306 0.627954
0 0.673884 0.748809 0.679138 0.729286 0.665883 0.71801 0.660628 0.737533
0 0.527037 0.607149 0.530381 0.585293 0.518245 0.579425 0.514901 0.601281
0 0.325157 0.53674 0.326837 0.514696 0.315188 0.51189 0.313508 0.533934
0 0.425811 0.692582 0.431656 0.668433 0.411377 0.652918 0.405531 0.677066
0 0.17062 0.71396 0.185526 0.674168 0.169339 0.655005 0.154434 0.694797
0 0.336975 0.841064 0.342283 0.814789 0.329121 0.806386 0.323813 0.832661
0 0.336496 0.746132 0.338329 0.722821 0.325474 0.719627 0.323642 0.742938
0 0.319861 0.837957 0.323286 0.820482 0.314025 0.814745 0.310599 0.832221
0 0.494835 0.50435 0.495463 0.483556 0.482779 0.482345 0.48215 0.503138
0 0.476743 0.606875 0.481493 0.581388 0.460531 0.56904 0.455781 0.594526
0 0.46546 0.713141 0.468282 0.694956 0.458606 0.690211 0.455785 0.708396
0 0.526647 0.78414 0.530533 0.762104 0.517554 0.754871 0.513669 0.776908
0 0.635881 0.538019 0.637136 0.520131 0.626815 0.517843 0.62556 0.535731
0 0.433409 0.908994 0.442402 0.882441 0.430956 0.870191 0.421964 0.896744
0 0.346413 0.916003 0.348027 0.893142 0.335447 0.890334 0.333832 0.913195
0 0.547395 0.67192 0.548421 0.65659 0.540685 0.654954 0.539659 0.670284
0 0.15221 0.940293 0.178229 0.91261 0.169297 0.886075 0.143278 0.913759
0 0.28198 0.921111 0.284382 0.898587 0.269694 0.893637 0.267293 0.916161
0 0.199485 0.828442 0.201926 0.811868 0.192719 0.807582 0.190278 0.824156
0 0.494495 0.67649 0.496009 0.660688 0.486287 0.657743 0.484773 0.673545
0 0.331075 0.665568 0.341187 0.648406 0.325361 0.618936 0.315249 0.636099
0 0.986762 0.685465 0.998187 0.661762 0.978877 0.632348 0.967452 0.656051
0 0.36467 0.983134 0.369979 0.967273 0.36148 0.958283 0.356172 0.974144
0 0.616506 0.735157 0.620476 0.709714 0.602277 0.700738 0.598306 0.72618
0 0.0763033 0.593671 0.0992543 0.540643 0.0821255 0.517212 0.0591744 0.57024
0 0.588799 0.77053 0.590294 0.752819 0.577117 0.749304 0.575622 0.767015
0 0.0580246 0.882081 0.0587972 0.862232 0.0456043 0.860609 0.0448317 0.880458
0 0.364602 0.889773 0.371772 0.870795 0.362751 0.860023 0.35558 0.879
0 0.943686 0.727945 0.952351 0.696433 0.929186 0.676301 0.920521 0.707813
0 0.752573 0.65718 0.753771 0.637193 0.741788 0.634924 0.740591 0.654911
0 0.63856 0.721609 0.64084 0.703995 0.630447 0.699742 0.628167 0.717357
0 0.31585 0.782442 0.326981 0.745571 0.306664 0.726187 0.295534 0.763059
0 0.669631 0.638085 0.67169 0.621388 0.661785 0.617527 0.659726 0.634224
0 0.383311 0.631016 0.388903 0.613573 0.380199 0.604754 0.374608 0.622197
0 0.315909 0.930339 0.321752 0.908506 0.313484 0.901513 0.307641 0.923346
0 0.096861 0.325365 0.117481 0.299847 0.0928914 0.23705 0.0722717 0.262567
0 0.630902 0.819399 0.635017 0.796198 0.625093 0.790634 0.620977 0.813835
0 0.022578 0.65698 0.0482918 0.636843 0.0430641 0.615746 0.0173504 0.635883
0 0.0486583 0.87307 0.0505647 0.854265 0.0387474 0.850478 0.0368409 0.869284
0 0.623932 0.631979 0.626298 0.616897 0.616018 0.611799 0.613651 0.626881
0 0.303399 0.592764 0.308992 0.569558 0.29509 0.558968 0.289497 0.582174
0 0.32039 0.675106 0.328402 0.655128 0.320076 0.644575 0.312064 0.664552
0 0.412972 0.936632 0.417501 0.918944 0.408551 0.911702 0.404022 0.929389
0 0.263474 0.79087 0.275115 0.746601 0.252052 0.727435 0.240411 0.771703
0 0.310276 0.681494 0.316998 0.659121 0.308525 0.651076 0.301803 0.673448
0 0.418615 0.643447 0.425161 0.612087 0.414198 0.604855 0.407652 0.636215
0 0.444632 0.622159 0.447486 0.603736 0.436951 0.598579 0.434098 0.617002
0 0.598098 0.833687 0.599225 0.815665 0.587964 0.813439 0.586837 0.831461
0 0.129127 0.765014 0.130493 0.728557 0.112892 0.726472 0.111526 0.76293
0 0.335611 0.51695 0.339137 0.494062 0.326446 0.487883 0.32292 0.510771
0 0.35743 0.920173 0.359506 0.899158 0.348877 0.895838 0.3468 0.916853
0 0.294243 0.924543 0.298125 0.895396 0.288273 0.891249 0.284391 0.920396
0 0.489333 0.863672 0.495932 0.836906 0.483452 0.82718 0.476852 0.853946
0 0.765943 0.698059 0.773541 0.65727 0.751513 0.644301 0.743915 0.685091
0 0.251569 0.815718 0.273947 0.76232 0.246676 0.7262 0.224298 0.779598
0 0.638159 0.630325 0.641249 0.61087 0.631187 0.605821 0.628098 0.625276
0 0.63054 0.641204 0.630964 0.624812 0.62015 0.623928 0.619726 0.64032
0 0.144026 0.79275 0.150351 0.751451 0.129313 0.741268 0.122988 0.782567
0 0.454596 0.56664 0.455231 0.547907 0.442432 0.546534 0.441796 0.565268
0 0.587308 0.890304 0.594855 0.871655 0.586297 0.860709 0.57875 0.879357
0 0.281212 0.876993 0.28793 0.85741 0.27943 0.848195 0.272713 0.867778
0 0.458835 0.572212 0.460744 0.551559 0.445745 0.547176 0.443835 0.567829
0 0.294197 0.929755 0.296415 0.910706 0.284841 0.906445 0.282622 0.925494
0 0.307056 0.861661 0.310691 0.838548 0.301521 0.833989 0.297886 0.857102
0 0.643973 0.85606 0.651792 0.837413 0.644592 0.827871 0.636773 0.846518
0 0.706909 0.708191 0.71034 0.677683 0.691163 0.670866 0.687732 0.701374
0 0.0276227 0.152206 0.0606629 0.0098049 -0.00243939 -0.0364684 -0.0354796 0.105933
0 0.665591 0.576452 0.669807 0.562024 0.660648 0.553564 0.656431 0.567992
0 0.214368 0.730623 0.216429 0.695482 0.192077 0.690967 0.190015 0.726109
0 0.664379 0.72293 0.665947 0.702039 0.655632 0.699592 0.654064 0.720483
0 0.537908 0.653399 0.540573 0.635822 0.531223 0.63134 0.528557 0.648917
0 0.255128 0.851205 0.256969 0.826313 0.241742 0.822755 0.239902 0.847647
0 0.0945871 0.781298 0.106019 0.755156 0.0946354 0.739424 0.0832037 0.765566
0 0.313456 0.525309 0.317721 0.50658 0.307814 0.49945 0.303549 0.518179
0 0.259034 0.876981 0.26286 0.856565 0.252907 0.85067 0.249081 0.871086
0 0.141728 0.846129 0.141369 0.825845 0.125065 0.826755 0.125423 0.847039
0 0.957681 0.141392 0.957089 0.0684275 0.915965 0.0694828 0.916557 0.142448
0 0.109892 0.984792 0.123086 0.959943 0.114284 0.945172 0.10109 0.970021
0 0.652097 0.644656 0.65526 0.623213 0.641974 0.61702 0.638812 0.638463
0 0.43267 0.874357 0.435051 0.851511 0.42157 0.847072 0.41919 0.869917
0 0.343789 0.622288 0.346646 0.606237 0.336418 0.600484 0.333561 0.616535
0 0.215971 0.873415 0.230687 0.843084 0.222051 0.829841 0.207334 0.860172
0 0.644988 0.662237 0.64741 0.642951 0.637764 0.639122 0.635341 0.658409
0 0.739909 0.525836 0.742194 0.50969 0.726879 0.502842 0.724595 0.518988
0 0.538191 0.941109 0.54899 0.924888 0.532819 0.890861 0.52202 0.907082
0 0.661865 0.67679 0.662828 0.661531 0.6533 0.659631 0.652337 0.674891
0 0.647358 0.563396 0.649616 0.550155 0.64044 0.545211 0.638182 0.558451
0 0.310939 0.665812 0.314973 0.644602 0.303695 0.637824 0.299662 0.659035
0 0.503626 0.861532 0.505794 0.832754 0.492084 0.829489 0.489916 0.858267
0 0.634363 0.820051 0.634636 0.800356 0.621862 0.799795 0.621588 0.81949
0 0.999073 0.635768 1.00275 0.576535 0.967214 0.569559 0.963535 0.628793
0 0.668016 0.775416 0.674668 0.752527 0.666288 0.74483 0.659636 0.76772
0 0.581801 0.608325 0.583334 0.590015 0.575115 0.587839 0.573581 0.606149
0 0.636458 0.792616 0.640506 0.762771 0.622162 0.754907 0.618114 0.784752
0 0.47813 0.887263 0.491302 0.871548 0.477257 0.834342 0.464085 0.850056
0 0.463688 0.538688 0.465983 0.517762 0.455403 0.514095 0.453108 0.535021
0 0.541779 0.666528 0.544342 0.652034 0.535465 0.647074 0.532902 0.661567
0 0.478581 0.931301 0.480532 0.900837 0.46495 0.897683 0.462999 0.928146
0 0.479624 0.644923 0.480762 0.628721 0.470185 0.626373 0.469047 0.642575
0 0.618835 0.676527 0.621287 0.660708 0.613166 0.65673 0.610714 0.672548
0 0.497136 0.626166 0.500731 0.598415 0.486159 0.592449 0.482564 0.6202
0 0.584128 0.680607 0.586431 0.665098 0.576994 0.660669 0.574691 0.676179
0 0.577829 0.730018 0.578229 0.711139 0.567033 0.710388 0.566633 0.729268
0 0.632931 0.520208 0.634826 0.503904 0.625346 0.500422 0.623451 0.516726
0 0.627059 0.750448 0.626323 0.70986 0.594867 0.711665 0.595604 0.752253
0 0.500403 0.807689 0.502828 0.790155 0.492336 0.78557 0.489912 0.803104
0 0.466283 0.594405 0.468994 0.572058 0.45497 0.566682 0.452259 0.589029
0 0.499759 0.769061 0.502029 0.752105 0.492585 0.748109 0.490315 0.765065
0 0.251049 1.00471 0.253498 0.979229 0.238097 0.97455 0.235647 1.00003
0 0.638451 0.846338 0.644394 0.826077 0.633635 0.816101 0.627691 0.836362
0 0.612384 0.636978 0.614254 0.620579 0.60411 0.616924 0.60224 0.633324
0 0.161654 0.739964 0.165401 0.696887 0.14024 0.68997 0.136493 0.733047
0 0.421328 0.847207 0.423637 0.823989 0.411098 0.820047 0.408789 0.843266
0 0.6853 0.567276 0.691352 0.541469 0.680195 0.533201 0.674144 0.559009
0 0.679594 0.721659 0.681985 0.704142 0.667069 0.697707 0.664678 0.715224
0 0.101542 0.794526 0.114632 0.77345 0.106222 0.756942 0.093132 0.778019
0 0.18422 0.842345 0.188039 0.820539 0.177587 0.814754 0.173768 0.836559
0 0.579169 0.642045 0.579942 0.625138 0.570602 0.623788 0.569829 0.640695
0 0.434046 0.79617 0.438278 0.768248 0.423816 0.761319 0.419583 0.789242
0 0.596114 0.59715 0.598194 0.573503 0.585766 0.570047 0.583686 0.593694
0 0.476887 0.742852 0.4774 0.709408 0.456879 0.708413 0.456366 0.741858
0 0.339262 0.672215 0.346729 0.658462 0.332826 0.634603 0.325359 0.648356
0 0.661642 0.69387 0.662343 0.678117 0.652368 0.676715 0.651667 0.692469
0 0.142603 0.970494 0.151127 0.946092 0.141929 0.935938 0.133405 0.96034
0 0.48813 0.588292 0.490798 0.572477 0.480143 0.566794 0.477474 0.582609
0 0.337527 0.58733 0.339054 0.572715 0.330367 0.569845 0.32884 0.584461
0 0.438451 1.00811 0.442386 0.966925 0.419439 0.959996 0.415504 1.00118
0 0.20974 0.761054 0.218241 0.742684 0.209216 0.729486 0.200716 0.747855
0 0.4342 0.650676 0.440116 0.627453 0.424983 0.615269 0.419067 0.638492
0 0.746522 0.708837 0.751091 0.687503 0.736742 0.677791 0.732173 0.699125
0 0.363589 0.653961 0.365329 0.63557 0.354372 0.632294 0.352632 0.650684
0 0.940395 0.721025 0.950127 0.696978 0.923671 0.663139 0.913939 0.687185
0 0.588918 0.634694 0.591602 0.617047 0.580951 0.611927 0.578267 0.629574
0 0.347779 0.884338 0.350273 0.849347 0.330199 0.844825 0.327705 0.879817
0 0.919119 0.670686 0.9302 0.64037 0.910345 0.617434 0.899264 0.647749
0 0.156195 0.925019 0.184624 0.898996 0.176263 0.870132 0.147834 0.896155
0 0.981744 0.13512 1.01677 0.0697694 0.987958 0.0209564 0.952929 0.0863072
0 0.396265 0.878567 0.401057 0.859042 0.390213 0.850632 0.385422 0.870158
0 0.260403 0.959155 0.264239 0.922506 0.245919 0.916446 0.242083 0.953095
0 0.189192 0.941939 0.19151 0.91949 0.179625 0.915612 0.177307 0.93806
0 0.358329 0.83742 0.359356 0.8034 0.339884 0.801542 0.338856 0.835561
0 0.494824 0.757964 0.497969 0.735883 0.486152 0.730563 0.483007 0.752643
0 0.583776 0.900224 0.587403 0.876586 0.576333 0.871217 0.572706 0.894855
0 0.0607996 0.804031 0.0727625 0.786854 0.0640983 0.767783 0.0521354 0.78496
0 0.199082 0.813116 0.204542 0.792054 0.194964 0.784207 0.189504 0.805269
0 0.2124 0.818932 0.217258 0.79494 0.205642 0.787508 0.200785 0.8115
0 0.538654 0.580572 0.541031 0.561407 0.528777 0.556605 0.526401 0.575771
0 0.247117 0.828073 0.251489 0.791902 0.224411 0.781557 0.220038 0.817728
0 0.349307 0.985237 0.353106 0.962825 0.342816 0.957313 0.339017 0.979725
0 0.466136 0.805961 0.470512 0.775478 0.449187 0.765802 0.444811 0.796286
0 0.628648 0.797944 0.631219 0.772594 0.617691 0.768257 0.61512 0.793607
0 0.646433 0.837978 0.648171 0.815983 0.633976 0.812438 0.632238 0.834434
0 0.262258 0.738588 0.262171 0.724276 0.252116 0.724471 0.252203 0.738783
0 0.171773 0.52342 0.171871 0.491475 0.151178 0.491273 0.15108 0.523219
