0 0.555777 0.988758 0.561772 0.882616 0.495688 0.87082 0.489693 0.976962
0 0.598458 0.595715 0.598141 0.54321 0.567839 0.543787 0.568155 0.596292
0 0.987836 1.07872 1.02659 0.858926 0.817645 0.742488 0.778891 0.96228
0 0.558133 0.903756 0.563765 0.859316 0.527526 0.844802 0.521895 0.889242
0 0.238902 0.772395 0.242184 0.748318 0.228751 0.742531 0.225469 0.766608
0 0.492212 0.787093 0.490545 0.743241 0.465668 0.74623 0.467336 0.790083
0 0.570844 0.770946 0.572217 0.749006 0.558622 0.746317 0.557249 0.768257
0 0.464189 0.937438 0.481576 0.880084 0.460424 0.859818 0.443037 0.917171
0 0.379103 0.942644 0.381901 0.915099 0.364276 0.909439 0.361477 0.936984
0 0.753966 0.640938 0.749137 0.60393 0.717012 0.617177 0.721841 0.654186
0 0.486584 0.9389 0.49909 0.90932 0.479675 0.883377 0.467169 0.912956
0 0.56527 0.827611 0.577479 0.79005 0.565277 0.777515 0.553069 0.815076
0 0.254102 0.586271 0.24711 0.535976 0.207992 0.553162 0.214984 0.603457
0 0.573726 0.933916 0.581479 0.901114 0.5607 0.885592 0.552947 0.918394
0 0.498044 0.968782 0.506865 0.923139 0.484953 0.909755 0.476132 0.955398
0 0.498905 0.895176 0.50202 0.827819 0.474677 0.823823 0.471562 0.891179
0 0.560661 0.866953 0.57084 0.834066 0.557246 0.820769 0.547067 0.853656
0 0.259247 0.738415 0.262394 0.708889 0.241332 0.701793 0.238185 0.731319
0 0.633166 0.893607 0.635646 0.850642 0.611478 0.846233 0.608998 0.889198
0 0.443612 1.0033 0.442237 0.982414 0.425648 0.985866 0.427023 1.00675
0 0.659811 0.740309 0.662064 0.713398 0.645748 0.709082 0.643495 0.735993
0 0.314226 0.999121 0.316753 0.965441 0.300803 0.961659 0.298276 0.995339
0 0.184102 0.902207 0.186516 0.862172 0.165928 0.858249 0.163515 0.898284
0 0.0842377 0.820053 0.0853397 0.79515 0.0665321 0.79252 0.0654301 0.817423
0 0.202714 0.813514 0.22085 0.783801 0.208081 0.75917 0.189945 0.788883
0 0.528976 0.815199 0.527137 0.778513 0.502786 0.782371 0.504625 0.819057
0 0.561941 0.996553 0.555283 0.955263 0.526587 0.969888 0.533245 1.01118
0 0.113697 0.824537 0.117701 0.788477 0.10008 0.782293 0.0960758 0.818353
0 0.585008 0.939733 0.596067 0.920026 0.579849 0.89126 0.568789 0.910967
0 0.580104 0.704358 0.579683 0.677534 0.557949 0.678613 0.55837 0.705436
0 0.789506 1.0474 0.841726 0.964739 0.760936 0.803423 0.708716 0.88608
0 0.365507 0.962576 0.368348 0.938242 0.347778 0.93065 0.344937 0.954984
0 0.228842 0.778883 0.230989 0.752213 0.21257 0.747526 0.210423 0.774196
0 0.152986 0.822248 0.157322 0.778385 0.136337 0.771829 0.132001 0.815693
0 0.465464 0.884736 0.473034 0.843189 0.445198 0.82716 0.437628 0.868706
0 0.260583 0.954681 0.278976 0.824621 0.222484 0.799371 0.20409 0.929431
0 0.366615 0.978274 0.376414 0.958673 0.367738 0.944965 0.357939 0.964566
0 0.724236 0.606336 0.736081 0.570147 0.712085 0.545323 0.70024 0.581512
0 0.163707 0.700806 0.17874 0.663383 0.151545 0.628858 0.136513 0.666281
0 0.0884166 0.883581 0.0910597 0.820995 0.0361016 0.81366 0.0334585 0.876246
0 0.303576 0.927657 0.308409 0.901989 0.290896 0.891567 0.286063 0.917235
0 0.238506 0.61826 0.241105 0.597252 0.22911 0.592562 0.226511 0.61357
0 0.582648 0.887861 0.588416 0.834112 0.566008 0.826512 0.56024 0.88026
0 0.110019 0.872942 0.11361 0.849823 0.0934168 0.839911 0.0898262 0.86303
0 0.661233 0.630356 0.663305 0.605881 0.649083 0.602075 0.647011 0.626551
0 0.473089 0.974968 0.483816 0.947531 0.473115 0.934308 0.462388 0.961744
0 0.30526 0.973386 0.318408 0.945612 0.304665 0.925051 0.291517 0.952824
0 0.081732 0.809692 0.094456 0.775823 0.0806566 0.759438 0.0679326 0.793307
0 0.329636 0.998292 0.33166 0.974618 0.31597 0.970379 0.313946 0.994053
0 0.350557 0.971987 0.352513 0.95171 0.340337 0.947998 0.33838 0.968274
0 0.137676 0.841068 0.140766 0.807802 0.118741 0.801337 0.115651 0.834603
0 0.0976946 0.814221 0.105328 0.770187 0.0854862 0.759317 0.077853 0.80335
0 0.394761 0.927249 0.402502 0.897654 0.391623 0.888661 0.383882 0.918256
0 0.197484 0.906099 0.197738 0.880525 0.181298 0.88001 0.181044 0.905584
0 0.548186 0.837053 0.550897 0.817438 0.537977 0.811794 0.535266 0.831409
0 0.506971 0.753608 0.506334 0.722613 0.488033 0.723801 0.48867 0.754796
0 0.59476 0.682477 0.595428 0.653714 0.578898 0.652501 0.57823 0.681264
0 0.34259 0.960368 0.343419 0.936406 0.326496 0.934557 0.325668 0.958519
0 0.552103 0.686352 0.562481 0.656296 0.551584 0.644403 0.541206 0.67446
0 0.354622 0.994482 0.362762 0.963601 0.353377 0.955783 0.345237 0.986664
0 0.331761 0.97671 0.335114 0.951999 0.316771 0.944132 0.313418 0.968843
0 0.669909 0.668127 0.670875 0.630601 0.653835 0.629215 0.652869 0.666741
0 0.301941 1.00513 0.301558 0.986351 0.285024 0.987419 0.285408 1.00619
0 0.283405 0.924373 0.291426 0.898912 0.281377 0.888906 0.273355 0.914368
0 0.500221 0.83425 0.508525 0.791524 0.488919 0.779481 0.480615 0.822207
0 0.29075 0.993716 0.295087 0.954416 0.277367 0.948237 0.27303 0.987537
0 0.22665 0.748853 0.226911 0.729646 0.210514 0.728942 0.210253 0.74815
0 0.245754 0.752022 0.248834 0.730472 0.232983 0.72331 0.229902 0.74486
0 0.367122 0.998594 0.37499 0.973866 0.363934 0.962749 0.356066 0.987477
0 0.290416 0.949543 0.300126 0.929064 0.293036 0.91844 0.283327 0.938919
0 0.408453 0.944023 0.41432 0.920378 0.402371 0.911009 0.396505 0.934654
0 0.268983 0.737679 0.27629 0.708794 0.263572 0.698626 0.256265 0.727511
0 0.598165 0.977519 0.604102 0.926805 0.586131 0.920157 0.580194 0.97087
0 0.323709 0.951798 0.325442 0.932369 0.313547 0.929015 0.311814 0.948443
0 0.358045 0.928736 0.361554 0.910317 0.352978 0.905152 0.349469 0.923571
0 0.336882 0.987919 0.342402 0.962329 0.321283 0.94793 0.315762 0.97352
0 0.317982 0.921037 0.322421 0.900408 0.311661 0.893088 0.307221 0.913718
0 0.388759 0.968029 0.390597 0.949773 0.38033 0.946505 0.378492 0.964761
0 0.240556 0.707569 0.248042 0.686933 0.237789 0.675177 0.230302 0.695813
0 0.193803 0.818611 0.215145 0.787122 0.202026 0.759019 0.180684 0.790508
0 0.178117 0.838477 0.177857 0.800015 0.152229 0.800563 0.15249 0.839025
0 0.18276 0.788054 0.191371 0.765246 0.182937 0.755183 0.174326 0.777991
0 0.473364 0.849186 0.480796 0.815862 0.463821 0.803896 0.456389 0.83722
0 0.148014 0.931083 0.155093 0.907127 0.143269 0.896083 0.136189 0.920039
0 0.527734 0.541833 0.526894 0.506246 0.509867 0.507515 0.510706 0.543102
0 0.451761 0.951902 0.454565 0.90457 0.427169 0.89944 0.424365 0.946773
0 0.336231 0.939806 0.337369 0.922487 0.325189 0.919958 0.324051 0.937277
0 0.45384 1.01108 0.483213 0.993937 0.47753 0.963166 0.448157 0.980311
0 0.579479 0.749416 0.580903 0.722409 0.567187 0.720123 0.565762 0.747129
0 0.158024 0.851285 0.154588 0.816633 0.132156 0.823663 0.135592 0.858316
0 0.641017 0.751148 0.644013 0.726694 0.630405 0.721425 0.627409 0.745879
0 0.257415 0.692394 0.26016 0.670356 0.247884 0.665524 0.245139 0.687562
0 0.385047 0.900602 0.387346 0.882988 0.377674 0.878997 0.375374 0.896612
0 0.581881 0.798383 0.586599 0.779531 0.571896 0.767901 0.567178 0.786753
0 0.708879 0.625558 0.718029 0.597119 0.694585 0.573281 0.685435 0.60172
0 0.606987 0.644351 0.619388 0.61774 0.597561 0.585595 0.58516 0.612206
0 0.0772125 0.623458 0.0866421 0.597463 0.0786571 0.588308 0.0692275 0.614303
0 0.323993 0.70469 0.325374 0.683237 0.31302 0.680724 0.311639 0.702177
0 0.625925 0.749229 0.627245 0.729617 0.61389 0.726774 0.612569 0.746387
0 0.597176 0.869677 0.599178 0.840768 0.584756 0.837612 0.582755 0.866521
0 0.102846 0.331537 0.12014 0.310308 0.104082 0.268965 0.0867884 0.290194
0 0.0563019 0.803602 0.0855785 0.772553 0.0786815 0.751999 0.0494049 0.783048
0 0.0476685 0.795735 0.0554411 0.770661 0.0459588 0.761371 0.0381862 0.786445
0 0.361574 0.939362 0.364388 0.921592 0.35362 0.916202 0.350805 0.933972
0 0.395091 0.886268 0.39703 0.869004 0.385725 0.864991 0.383786 0.882255
0 0.261953 0.811912 0.263157 0.795592 0.252334 0.793069 0.25113 0.809389
0 0.216628 0.815214 0.230789 0.796923 0.224585 0.781742 0.210423 0.800032
0 0.650748 0.886319 0.652282 0.860583 0.638682 0.858021 0.637148 0.883758
0 0.563074 0.782196 0.564913 0.762506 0.553603 0.759167 0.551764 0.778857
0 0.452055 0.969804 0.451814 0.948357 0.437772 0.948857 0.438014 0.970304
0 0.408291 0.921289 0.415359 0.901328 0.406419 0.891325 0.399352 0.911286
0 0.240169 0.741574 0.241814 0.722196 0.224426 0.71753 0.222781 0.736909
0 0.467623 0.956934 0.484945 0.928212 0.469903 0.899541 0.452581 0.928263
0 0.0918058 0.772981 0.0994629 0.750634 0.0824599 0.732221 0.0748029 0.754567
0 0.820273 0.671809 0.817966 0.629652 0.791333 0.63426 0.79364 0.676417
0 0.729388 1.00051 0.737672 0.916217 0.701712 0.905046 0.693427 0.989339
0 0.460911 0.422488 0.468935 0.383002 0.448687 0.369997 0.440663 0.409483
0 0.226184 1.02315 0.270142 0.984511 0.254885 0.929656 0.210927 0.968296
0 0.494951 0.390062 0.500734 0.363491 0.491885 0.357404 0.486102 0.383975
0 0.465219 0.842529 0.468831 0.819163 0.454438 0.812132 0.450826 0.835498
0 0.263129 0.605499 0.264397 0.582599 0.251835 0.580401 0.250567 0.603301
0 0.0818475 0.687584 0.091831 0.656334 0.0781143 0.642484 0.0681308 0.673734
0 0.0566766 0.749541 0.0622518 0.73046 0.0536861 0.72255 0.0481109 0.741631
0 0.64129 1.0037 0.640528 0.921627 0.596471 0.92292 0.597233 1.00499
0 0.23071 0.813941 0.238031 0.797784 0.231404 0.788295 0.224083 0.804452
0 0.440405 0.90352 0.452488 0.869808 0.43802 0.853419 0.425937 0.887131
0 0.591494 0.128789 0.588131 0.0791181 0.551871 0.0868784 0.555235 0.136549
0 0.523598 0.56879 0.525867 0.552226 0.514933 0.547492 0.512663 0.564056
0 0.361293 0.894981 0.362019 0.877627 0.350605 0.876117 0.349879 0.893471
0 0.302264 0.992013 0.304648 0.965542 0.292425 0.962063 0.290041 0.988533
0 0.64375 0.775007 0.647176 0.751313 0.635231 0.745854 0.631805 0.769548
0 0.409933 0.967483 0.41457 0.950161 0.407442 0.94413 0.402804 0.961451
0 0.273713 0.708315 0.28205 0.681221 0.269785 0.669293 0.261447 0.696387
0 0.332088 0.901514 0.335619 0.8845 0.327398 0.879108 0.323867 0.896122
0 0.137741 0.724471 0.153218 0.689857 0.140961 0.672538 0.125485 0.707152
0 0.231846 0.791791 0.234382 0.774372 0.222243 0.768788 0.219707 0.786206
0 0.654035 0.660002 0.655848 0.630102 0.642969 0.627634 0.641156 0.657534
0 0.399548 0.946217 0.403564 0.925098 0.393953 0.919322 0.389937 0.940441
0 0.417494 0.949012 0.422507 0.928589 0.414838 0.922641 0.409826 0.943063
0 0.397437 0.914091 0.400803 0.889233 0.389571 0.884427 0.386205 0.909286
0 0.643725 0.715437 0.650018 0.631158 0.607561 0.62114 0.601269 0.705419
0 0.390452 0.936476 0.396048 0.912659 0.384979 0.904441 0.379384 0.928258
0 0.163549 0.803737 0.168318 0.783821 0.156831 0.775129 0.152063 0.795045
0 0.878599 0.411556 0.879245 0.347605 0.843864 0.346476 0.843219 0.410427
0 0.318107 0.936369 0.321949 0.918462 0.310962 0.911012 0.30712 0.928918
0 0.0513559 0.430932 0.0468863 0.349963 -0.0068051 0.35933 -0.00233553 0.440299
0 0.577162 0.916455 0.581536 0.889089 0.564407 0.880436 0.560032 0.907802
0 0.137929 0.893203 0.146461 0.873906 0.135527 0.858626 0.126995 0.877924
0 0.509989 0.787439 0.51112 0.75493 0.491565 0.752779 0.490434 0.785288
0 0.583382 0.805392 0.586766 0.79202 0.575276 0.782833 0.571893 0.796205
0 0.488791 0.989596 0.494877 0.96235 0.478565 0.950835 0.472479 0.978082
0 0.273069 1.00755 0.274449 0.988899 0.257475 0.98493 0.256095 1.00358
0 0.26127 0.714006 0.267073 0.696491 0.25792 0.686907 0.252117 0.704422
0 0.269309 0.798978 0.270121 0.783736 0.259899 0.782015 0.259087 0.797256
0 0.147755 0.779246 0.148069 0.740381 0.115922 0.739562 0.115608 0.778427
0 0.274378 0.974348 0.282255 0.941074 0.270515 0.93229 0.262637 0.965563
0 0.228974 0.697659 0.242265 0.678164 0.234728 0.661924 0.221437 0.68142
0 0.539981 0.806225 0.541936 0.784186 0.530029 0.780848 0.528074 0.802887
0 0.64165 0.923164 0.647156 0.882781 0.630007 0.875391 0.624501 0.915774
0 0.488538 0.816782 0.490383 0.785134 0.471213 0.781602 0.469368 0.813251
0 0.551732 0.822288 0.555307 0.802252 0.541807 0.79464 0.538233 0.814676
0 0.530406 0.700975 0.532355 0.671671 0.516283 0.668293 0.514334 0.697597
0 0.274375 0.920339 0.281357 0.895812 0.271968 0.887364 0.264985 0.911891
0 0.681516 0.10676 0.686618 0.0479271 0.667699 0.0427419 0.662597 0.101575
0 0.485906 0.725341 0.487124 0.707746 0.476025 0.705317 0.474807 0.722912
0 0.395293 0.415945 0.393694 0.378979 0.365083 0.382891 0.366682 0.419856
0 0.41689 0.91309 0.425914 0.891433 0.416321 0.878801 0.407297 0.900457
0 0.546188 0.849911 0.547734 0.832617 0.536721 0.829506 0.535175 0.8468
0 0.118607 0.859599 0.124977 0.830983 0.112176 0.821976 0.105805 0.850591
0 0.338508 0.923381 0.340997 0.905547 0.330459 0.900898 0.32797 0.918732
0 0.374677 0.910464 0.377482 0.88623 0.366563 0.882235 0.363758 0.90647
0 0.570702 0.677133 0.573975 0.658585 0.561085 0.651395 0.557811 0.669944
0 0.667671 0.861904 0.669125 0.830221 0.652697 0.827837 0.651242 0.85952
0 0.0762139 0.644685 0.0853377 0.614249 0.0757611 0.605176 0.0666373 0.635612
0 0.425788 0.990639 0.426742 0.974116 0.415701 0.972102 0.414747 0.988624
0 0.0515859 0.817125 0.0668729 0.793207 0.0583059 0.775902 0.043019 0.799819
0 0.420201 0.966676 0.423335 0.94811 0.414545 0.943421 0.411411 0.961987
0 0.248669 0.672691 0.251269 0.651964 0.238559 0.646925 0.235959 0.667652
0 0.0086176 0.822226 0.0297992 0.800235 0.0214228 0.774736 0.000241161 0.796726
0 0.1763 0.656435 0.178828 0.642819 0.166831 0.635781 0.164303 0.649396
0 0.116177 0.797133 0.118323 0.771062 0.104036 0.767345 0.10189 0.793416
0 0.564633 0.752836 0.566647 0.728869 0.554916 0.725753 0.552901 0.749719
0 0.295873 0.871413 0.297093 0.856188 0.288443 0.853998 0.287224 0.869223
0 0.230153 0.855752 0.230791 0.828557 0.217741 0.827589 0.217103 0.854785
0 0.108839 0.852139 0.114131 0.822854 0.0959138 0.812451 0.0906223 0.841735
0 0.385171 0.980994 0.386024 0.963339 0.376278 0.961851 0.375425 0.979506
0 0.249193 0.808835 0.250489 0.792751 0.240706 0.79026 0.239411 0.806344
0 0.245309 0.786463 0.246903 0.770007 0.237055 0.766993 0.235462 0.783449
0 0.618653 0.846003 0.621529 0.828712 0.609847 0.82257 0.60697 0.83986
0 0.352506 0.789868 0.353253 0.767781 0.341261 0.7665 0.340515 0.788587
0 0.311033 0.902184 0.313155 0.886725 0.303736 0.882637 0.301613 0.898096
0 0.525737 0.868892 0.539332 0.819938 0.516714 0.800086 0.503118 0.84904
0 0.283198 0.999698 0.284379 0.982526 0.271609 0.97975 0.270428 0.996922
0 0.099306 0.829545 0.10207 0.809741 0.0856018 0.802477 0.0828377 0.82228
0 0.113576 0.764271 0.115714 0.74673 0.105362 0.742744 0.103225 0.760285
0 0.269699 0.941382 0.274746 0.919391 0.265706 0.912834 0.260659 0.934824
0 0.582918 0.953561 0.585661 0.927037 0.571762 0.922495 0.569019 0.949018
0 0.677169 0.625583 0.713422 0.553773 0.683261 0.50565 0.647008 0.57746
0 0.537607 0.41999 0.542201 0.385433 0.52446 0.37798 0.519867 0.412537
0 0.51202 0.723169 0.513435 0.705523 0.502971 0.702872 0.501557 0.720518
0 0.208408 0.762635 0.214383 0.738645 0.204842 0.731134 0.198867 0.755124
0 0.335533 0.17672 0.351843 0.164988 0.33374 0.0854473 0.31743 0.0971792
0 0.374187 0.916544 0.376912 0.892995 0.36563 0.888869 0.362905 0.912417
0 0.394119 0.964838 0.395191 0.946087 0.384219 0.944105 0.383147 0.962856
0 0.616753 0.716352 0.619524 0.687887 0.604595 0.683294 0.601824 0.711759
0 0.308468 0.421887 0.316215 0.396998 0.300268 0.38131 0.292521 0.406199
