0 0.145932 0.963558 0.173401 0.907636 0.154004 0.877522 0.126535 0.933445
0 0.992222 0.959071 1.00487 0.84274 0.792397 0.769697 0.779743 0.886028
0 0.40013 0.828335 0.402514 0.798843 0.385884 0.794595 0.3835 0.824086
0 0.624133 0.789914 0.628006 0.732427 0.579929 0.722189 0.576056 0.779676
0 0.458989 0.744123 0.460078 0.710077 0.44165 0.708215 0.440561 0.742261
0 0.250378 0.916343 0.316778 0.836432 0.290051 0.766246 0.223652 0.846156
0 0.184437 0.749563 0.191141 0.709524 0.161915 0.694058 0.155211 0.734096
0 0.110405 0.922828 0.102506 0.88059 0.0681477 0.900897 0.0760464 0.943135
0 0.396513 0.793971 0.398772 0.76021 0.383794 0.757043 0.381535 0.790803
0 0.423704 0.853094 0.42523 0.828612 0.411815 0.825969 0.410289 0.850451
0 0.352003 0.98461 0.352434 0.938302 0.327466 0.937568 0.327035 0.983876
0 0.268817 0.746931 0.275673 0.70804 0.256337 0.697268 0.249482 0.736158
0 0.126901 0.862682 0.140794 0.837988 0.129473 0.817859 0.11558 0.842552
0 0.534645 0.628044 0.536509 0.602898 0.521682 0.599424 0.519817 0.62457
0 0.145048 0.83926 0.147818 0.81631 0.134941 0.811399 0.132171 0.834349
0 0.27031 0.762001 0.270051 0.737473 0.248435 0.738195 0.248694 0.762723
0 0.428463 0.818531 0.443105 0.798747 0.434247 0.778027 0.419605 0.797811
0 0.725809 0.753805 0.721068 0.717659 0.706389 0.723745 0.711131 0.759891
0 0.38831 0.67529 0.386586 0.63326 0.367543 0.635729 0.369268 0.67776
0 0.117803 0.890611 0.136774 0.860641 0.128391 0.843869 0.109419 0.873839
0 0.0814597 0.336998 0.0989962 0.320117 0.085682 0.276402 0.0681455 0.293282
0 0.359945 0.87504 0.366321 0.822783 0.34649 0.815135 0.340114 0.867392
0 0.19777 0.835598 0.19902 0.807146 0.181012 0.804647 0.179763 0.833099
0 0.477357 0.911941 0.48006 0.880859 0.462365 0.875996 0.459662 0.907077
0 0.460498 0.718114 0.463073 0.699777 0.447628 0.692921 0.445053 0.711259
0 0.446682 0.793761 0.453901 0.773692 0.444215 0.76268 0.436996 0.782749
0 0.703672 0.751993 0.711402 0.727412 0.692288 0.708414 0.684558 0.732996
0 0.306279 0.768881 0.310475 0.711871 0.279462 0.704657 0.275266 0.761668
0 0.145938 0.826561 0.153639 0.801302 0.141763 0.789859 0.134062 0.815118
0 0.959607 0.823654 0.95635 0.772034 0.936332 0.776027 0.939589 0.827646
0 0.404477 0.876759 0.404317 0.855861 0.390029 0.856207 0.390189 0.877105
0 0.928509 0.263012 0.992903 0.233481 0.98384 0.17102 0.919446 0.200551
0 0.121208 0.911646 0.128484 0.887152 0.117069 0.876434 0.109792 0.900928
0 0.231278 0.671344 0.238769 0.643253 0.224988 0.631638 0.217497 0.659729
0 0.132166 0.89874 0.151233 0.868696 0.142638 0.851457 0.123571 0.8815
0 0.214738 0.686168 0.217266 0.664845 0.203495 0.659685 0.200967 0.681007
0 0.118777 0.576796 0.12636 0.55302 0.116878 0.543462 0.109295 0.567238
0 0.419541 0.820493 0.422133 0.79001 0.404231 0.7852 0.401639 0.815682
0 0.486606 0.829474 0.496881 0.808964 0.480941 0.783724 0.470666 0.804234
0 0.353631 0.584123 0.346817 0.537748 0.315275 0.552394 0.322089 0.59877
0 0.541018 0.900269 0.546678 0.87719 0.535105 0.868221 0.529446 0.8913
0 0.0319154 0.951691 0.0369549 0.917548 0.0110923 0.905483 0.00605274 0.939627
0 0.51333 0.746026 0.516672 0.722389 0.498381 0.714215 0.495038 0.737852
0 0.738932 0.526916 0.742159 0.506431 0.7306 0.500677 0.727373 0.521163
0 0.381944 0.776802 0.389422 0.752105 0.379512 0.742622 0.372034 0.767319
0 0.602058 0.821239 0.605024 0.777708 0.575394 0.771328 0.572429 0.814859
0 0.149217 0.898529 0.166937 0.872625 0.159005 0.855475 0.141285 0.881379
0 0.155206 0.864519 0.158045 0.840182 0.140404 0.833678 0.137565 0.858015
0 0.385167 0.806121 0.386998 0.778507 0.374297 0.775844 0.372466 0.803458
0 0.132973 0.949765 0.144436 0.904632 0.126753 0.890438 0.11529 0.935571
0 0.56911 0.857317 0.574009 0.83543 0.557658 0.823862 0.552759 0.845749
0 0.135196 0.809147 0.143006 0.78641 0.132499 0.775003 0.124689 0.79774
0 0.604268 0.718743 0.605246 0.700014 0.591996 0.697826 0.591017 0.716556
0 0.189654 0.887414 0.221829 0.86004 0.213093 0.827587 0.180917 0.854961
0 0.218715 0.661016 0.219191 0.636808 0.203496 0.635834 0.203021 0.660042
0 0.417509 0.701528 0.425271 0.684917 0.412902 0.66665 0.40514 0.683261
0 0.518706 0.846675 0.528699 0.817135 0.517353 0.805004 0.50736 0.834544
0 0.185508 0.852343 0.18535 0.821744 0.1664 0.822053 0.166558 0.852652
0 0.429672 0.7922 0.439507 0.776616 0.432087 0.761815 0.422251 0.777398
0 0.436598 0.75194 0.439816 0.732174 0.427567 0.725871 0.424349 0.745637
0 0.052324 0.182697 0.101273 0.141707 0.0634919 -0.000888279 0.0145426 0.0401014
0 0.330074 0.89828 0.332695 0.869994 0.313939 0.864503 0.311318 0.892788
0 0.0799703 0.796409 0.0787374 0.770055 0.0591764 0.772947 0.0604093 0.799301
0 0.513993 0.813467 0.526432 0.805834 0.517936 0.76208 0.505498 0.769713
0 0.407743 0.798875 0.410363 0.771992 0.39679 0.767812 0.394171 0.794696
0 0.0335214 0.800908 0.0383784 0.777466 0.0261188 0.769438 0.0212618 0.79288
0 0.167382 0.119348 0.188933 0.0885047 0.162798 0.0307891 0.141247 0.0616322
0 0.0501028 0.800682 0.0520253 0.776936 0.0386268 0.773507 0.0367043 0.797253
0 0.486757 0.871901 0.496125 0.837803 0.483015 0.826419 0.473647 0.860517
0 0.113045 0.660961 0.11472 0.640796 0.101362 0.63729 0.0996873 0.657455
0 0.920727 0.565958 0.92311 0.539363 0.907471 0.534935 0.905088 0.56153
0 0.582718 0.726621 0.584279 0.705486 0.571486 0.7025 0.569925 0.723635
0 0.0744701 0.832197 0.0757063 0.812515 0.0635342 0.810099 0.062298 0.829781
0 0.135171 0.751639 0.139348 0.731629 0.130425 0.725743 0.126249 0.745753
0 0.721583 0.55775 0.726618 0.527934 0.711428 0.519827 0.706393 0.549643
0 0.0963132 0.842776 0.101872 0.821173 0.0861348 0.808374 0.0805759 0.829977
0 0.326406 0.831853 0.331389 0.797048 0.307503 0.78624 0.302521 0.821045
0 0.184516 0.878535 0.186913 0.847538 0.170674 0.84357 0.168277 0.874568
0 0.0794807 0.77626 0.0795829 0.75286 0.0623347 0.752622 0.0622325 0.776022
0 0.915789 0.541399 0.91806 0.51761 0.903477 0.513208 0.901205 0.536997
0 0.946886 0.534243 0.947103 0.51306 0.932286 0.51258 0.932069 0.533764
0 0.211061 0.942502 0.214099 0.903733 0.189171 0.89756 0.186133 0.936328
0 0.688102 0.663885 0.697567 0.647793 0.691006 0.635597 0.681541 0.651688
0 0.371154 0.768047 0.372502 0.737773 0.354796 0.73528 0.353448 0.765555
0 0.689939 0.718492 0.701842 0.700464 0.6943 0.684728 0.682398 0.702757
0 0.364462 0.88881 0.379599 0.86783 0.371498 0.849358 0.356361 0.870338
0 0.0874246 0.883676 0.0913069 0.863126 0.0798304 0.856273 0.0759481 0.876823
0 0.009465 0.845023 0.0301094 0.821382 0.0227042 0.800944 0.00205984 0.824585
0 0.134362 0.974377 0.141373 0.952107 0.131527 0.942312 0.124516 0.964581
0 0.138512 0.908929 0.156684 0.885692 0.149774 0.868611 0.131602 0.891848
0 0.926936 0.763706 0.927994 0.74048 0.913298 0.738365 0.91224 0.761591
0 0.422501 0.788022 0.426698 0.766677 0.415616 0.75979 0.411419 0.781134
0 0.0975802 0.892278 0.107057 0.866368 0.0963339 0.853972 0.0868568 0.879881
0 0.0161492 0.919722 0.0185096 0.882572 -0.000952112 0.878663 -0.00331252 0.915813
0 0.11847 0.844832 0.126524 0.822826 0.115383 0.809939 0.107329 0.831945
0 0.10991 0.810753 0.119338 0.782801 0.10942 0.772229 0.0999928 0.800181
0 0.347422 0.774386 0.345448 0.747343 0.325193 0.752016 0.327167 0.779059
0 0.40053 0.73802 0.401696 0.717221 0.388181 0.714826 0.387014 0.735624
0 0.674774 0.725184 0.676439 0.707191 0.665579 0.704015 0.663913 0.722007
0 0.172059 0.303997 0.200979 0.27435 0.171682 0.184026 0.142762 0.213673
0 0.877126 0.615839 0.879845 0.586211 0.86712 0.58252 0.864401 0.612148
0 0.627956 0.803888 0.636456 0.775969 0.62342 0.763425 0.61492 0.791344
0 0.35654 0.931688 0.367602 0.905532 0.358466 0.89332 0.347404 0.919476
0 0.411385 0.840414 0.412444 0.814842 0.399032 0.813088 0.397973 0.838659
0 0.467155 0.858376 0.48411 0.832624 0.474824 0.8133 0.457868 0.839052
0 0.443094 0.774206 0.44994 0.753016 0.438263 0.741092 0.431417 0.762282
0 0.907983 0.722693 0.905654 0.687813 0.881371 0.692936 0.8837 0.727816
0 0.186726 0.699016 0.188185 0.677532 0.175684 0.674849 0.174225 0.696334
0 0.693847 0.636952 0.702418 0.612691 0.687397 0.595917 0.678825 0.620177
0 0.109023 0.980563 0.116908 0.945045 0.103005 0.935291 0.0951206 0.970809
0 0.246098 0.829689 0.262198 0.795597 0.250178 0.777657 0.234078 0.81175
0 0.1094 0.830524 0.114011 0.811019 0.100477 0.800907 0.0958656 0.820412
0 0.372497 0.795354 0.375568 0.771046 0.362181 0.7657 0.35911 0.790009
0 0.346457 0.912345 0.35346 0.866805 0.336735 0.858676 0.329732 0.904217
0 0.229283 0.697261 0.23259 0.66961 0.217832 0.664033 0.214525 0.691684
0 0.198123 0.752446 0.197734 0.732719 0.184306 0.733555 0.184695 0.753282
0 0.338369 0.853942 0.344348 0.832261 0.33209 0.821576 0.32611 0.843257
0 0.395157 0.844455 0.396987 0.826318 0.384783 0.822427 0.382953 0.840564
0 0.420667 0.999209 0.427279 0.972704 0.40851 0.957906 0.401898 0.984411
0 0.0112066 0.803074 0.0140689 0.766542 -0.00167101 0.762645 -0.00453328 0.799176
0 0.328758 0.869462 0.331177 0.843336 0.314122 0.838346 0.311704 0.864473
0 0.380678 0.844316 0.384265 0.817521 0.368457 0.810833 0.36487 0.837628
0 0.472831 0.826677 0.478575 0.799145 0.467065 0.791555 0.461321 0.819087
0 0.701306 0.786053 0.717085 0.772312 0.706435 0.733665 0.690657 0.747406
0 0.60476 0.699958 0.605805 0.669149 0.588844 0.667331 0.587799 0.69814
0 0.122901 0.677655 0.126172 0.661589 0.115117 0.654475 0.111846 0.670541
0 0.355893 0.791334 0.357186 0.762016 0.342263 0.759937 0.340971 0.789255
0 0.196924 0.811409 0.198229 0.790227 0.182875 0.787237 0.18157 0.808419
0 0.134682 0.722221 0.13922 0.704469 0.130696 0.697583 0.126158 0.715334
0 0.494939 0.895018 0.498018 0.866053 0.48701 0.862354 0.48393 0.891319
0 0.358423 0.822057 0.366679 0.80157 0.353572 0.784877 0.345316 0.805365
0 0.436582 0.836321 0.442508 0.811388 0.429266 0.80144 0.42334 0.826374
0 0.676136 0.791354 0.682867 0.761944 0.665706 0.749532 0.658976 0.778943
0 0.361784 0.786428 0.362666 0.754992 0.343746 0.753312 0.342863 0.784749
0 0.095184 0.809972 0.103404 0.789379 0.0947335 0.778442 0.0865139 0.799035
0 0.0359593 0.893226 0.0354743 0.855813 0.0132056 0.856726 0.0136906 0.894138
0 0.430265 0.991325 0.444224 0.963295 0.434435 0.947889 0.420476 0.975919
0 0.547236 0.825855 0.55409 0.798991 0.541348 0.788716 0.534494 0.815581
0 0.374441 0.904638 0.383303 0.879904 0.373357 0.86864 0.364494 0.893374
0 0.925351 0.541742 0.935717 0.520989 0.919295 0.495065 0.908929 0.515817
0 0.0407612 0.860639 0.0422557 0.838031 0.0274267 0.834933 0.0259323 0.857541
0 0.263293 0.700985 0.264962 0.681518 0.25265 0.678184 0.250982 0.69765
0 0.968614 0.50953 0.973318 0.488012 0.962476 0.480521 0.957771 0.502038
0 0.68791 0.764367 0.693506 0.73661 0.676876 0.726014 0.67128 0.753771
0 0.13093 0.835061 0.136685 0.810359 0.119659 0.797824 0.113904 0.822526
0 0.754337 0.65606 0.755397 0.632491 0.739607 0.630247 0.738548 0.653817
0 0.113192 0.682451 0.115015 0.662707 0.103699 0.659403 0.101875 0.679147
0 0.399017 0.762527 0.401733 0.742012 0.387075 0.735877 0.384359 0.756392
0 0.2746 0.0240075 0.270455 -0.00690151 0.245695 0.0035927 0.249841 0.0345017
0 0.504316 0.904711 0.513675 0.889505 0.502457 0.867683 0.493098 0.882889
0 0.907936 0.504974 0.908739 0.476936 0.89681 0.475857 0.896007 0.503895
0 0.896567 0.522571 0.897445 0.493728 0.881665 0.49221 0.880787 0.521053
0 0.630849 0.766438 0.643942 0.747638 0.637397 0.73323 0.624303 0.75203
0 0.366076 0.519871 0.396174 0.499676 0.376591 0.407431 0.346492 0.427626
0 0.667222 0.703031 0.673411 0.684143 0.665234 0.675674 0.659045 0.694563
0 0.211991 0.846499 0.223513 0.829782 0.217022 0.815642 0.2055 0.832358
0 0.118704 0.820156 0.128659 0.794132 0.119162 0.782651 0.109207 0.808675
0 0.107764 0.901112 0.112635 0.87437 0.102018 0.868259 0.0971476 0.895001
0 0.158918 0.837502 0.159166 0.817036 0.145338 0.816506 0.14509 0.836972
0 0.0670274 0.859802 0.0673157 0.833394 0.0493701 0.832775 0.0490819 0.859183
0 0.534149 0.80762 0.538023 0.790734 0.528893 0.784114 0.525019 0.801001
0 0.0903012 0.907607 0.0896601 0.883422 0.0706992 0.88501 0.0713403 0.909196
0 0.409204 0.743971 0.413596 0.721301 0.403763 0.715279 0.399371 0.73795
0 0.62436 0.847617 0.623687 0.817385 0.608248 0.818471 0.608921 0.848703
0 0.683508 0.646831 0.685955 0.625422 0.672919 0.620713 0.670472 0.642121
0 0.0757851 0.811841 0.0749307 0.793501 0.058262 0.795956 0.0591164 0.814296
0 0.409022 0.851021 0.41188 0.824019 0.398605 0.819578 0.395747 0.84658
0 0.514911 0.756485 0.519336 0.737769 0.507556 0.728967 0.503131 0.747683
0 0.470441 0.740046 0.47132 0.717137 0.459142 0.715661 0.458264 0.73857
0 0.784827 0.532401 0.789379 0.500264 0.778932 0.495588 0.77438 0.527725
0 0.0116866 0.669818 0.0240988 0.649997 0.0170703 0.636087 0.00465811 0.655908
0 0.618472 0.715674 0.624412 0.698393 0.612589 0.685549 0.606649 0.70283
0 0.671525 0.748141 0.673277 0.727718 0.661136 0.724427 0.659384 0.74485
0 0.441302 0.669104 0.441918 0.649208 0.431076 0.648147 0.43046 0.668043
0 0.360715 0.946731 0.360531 0.923927 0.342205 0.924394 0.342389 0.947198
0 0.184552 0.825521 0.185579 0.79312 0.167396 0.791298 0.166368 0.823699
0 0.343443 0.739899 0.353272 0.721079 0.336771 0.693841 0.326942 0.712662
0 0.419818 0.747054 0.424143 0.725215 0.415643 0.719896 0.411318 0.741734
0 0.653149 0.815869 0.653113 0.778634 0.637092 0.778682 0.637128 0.815917
0 0.179436 0.640728 0.179865 0.621879 0.168516 0.621064 0.168088 0.639912
0 0.220805 0.101008 0.245607 0.0838957 0.225637 -0.00757803 0.200835 0.00953438
0 0.639843 0.770133 0.652752 0.749693 0.646395 0.737005 0.633486 0.757445
0 0.167591 0.832871 0.188121 0.788262 0.169385 0.76101 0.148855 0.805619
0 0.209989 0.965408 0.214327 0.939289 0.199987 0.931761 0.195648 0.95788
0 0.360589 0.739576 0.361766 0.723843 0.351542 0.721426 0.350365 0.737159
0 0.503192 0.881652 0.515895 0.864152 0.501687 0.831555 0.488983 0.849055
0 0.389136 0.861737 0.391587 0.842753 0.379795 0.837942 0.377344 0.856926
0 0.0310127 0.857073 0.0424989 0.825288 0.0284037 0.80919 0.0169175 0.840975
0 0.307932 0.871259 0.308679 0.848378 0.295183 0.846985 0.294436 0.869865
0 0.41179 0.73029 0.41636 0.709111 0.406393 0.702313 0.401823 0.723492
0 0.274066 0.703364 0.278827 0.680882 0.266965 0.672944 0.262204 0.695426
0 0.00926874 0.942838 0.00998904 0.91452 -0.00234313 0.913529 -0.00306343 0.941846
0 0.658584 0.791807 0.666101 0.777858 0.654086 0.757396 0.646569 0.771346
0 0.0699879 1.00641 0.0799827 0.973768 0.0662649 0.960495 0.0562701 0.99314
0 0.653074 0.859304 0.654626 0.82535 0.638446 0.823013 0.636894 0.856967
0 0.339194 0.819524 0.344452 0.786233 0.329137 0.778588 0.323879 0.811879
0 0.110311 0.588825 0.111836 0.571943 0.101852 0.569094 0.100328 0.585975
0 0.130867 0.734984 0.131187 0.7153 0.11969 0.714709 0.11937 0.734393
0 0.642678 0.71475 0.645945 0.698364 0.636805 0.692604 0.633538 0.708991
0 0.708019 0.529962 0.717623 0.501791 0.708427 0.491883 0.698823 0.520054
0 0.343261 0.891676 0.347809 0.854968 0.330956 0.848368 0.326407 0.885076
0 0.659966 0.824877 0.66624 0.79433 0.655076 0.787083 0.648802 0.81763
0 0.748096 0.546033 0.749406 0.525444 0.733788 0.522304 0.732478 0.542892
0 0.103825 0.746221 0.115894 0.732139 0.110268 0.716899 0.0981987 0.73098
0 0.14978 0.694275 0.150751 0.676504 0.140312 0.674702 0.139342 0.692474
0 0.63223 0.706436 0.64132 0.681526 0.630276 0.668789 0.621186 0.693699
0 0.495877 0.668849 0.497996 0.644058 0.486398 0.640925 0.484279 0.665716
0 0.217684 0.738847 0.21825 0.716129 0.202058 0.714855 0.201493 0.737573
0 0.098682 0.665582 0.097272 0.642595 0.0786524 0.646205 0.0800624 0.669192
0 0.291287 0.713176 0.303071 0.691672 0.293426 0.674968 0.281642 0.696472
0 0.184299 0.774194 0.187906 0.748693 0.169514 0.74047 0.165906 0.765972
0 0.19415 0.624292 0.199485 0.599928 0.185 0.589905 0.179666 0.61427
0 0.933631 0.556546 0.934498 0.536577 0.920911 0.534712 0.920044 0.554681
0 0.687469 0.587907 0.698119 0.565137 0.687911 0.550048 0.677261 0.572817
0 0.0247095 0.760093 0.0251002 0.737273 0.00764066 0.736329 0.00724993 0.759148
0 0.148457 0.766006 0.151866 0.747037 0.14207 0.741473 0.138661 0.760443
0 0.539597 0.788279 0.543833 0.761418 0.531197 0.75512 0.526961 0.78198
0 0.473858 0.793259 0.475255 0.763458 0.458201 0.760931 0.456804 0.790733
0 0.196796 0.677245 0.196412 0.661293 0.184107 0.66223 0.184492 0.678183
0 0.70716 0.547316 0.712687 0.521902 0.704783 0.516469 0.699256 0.541884
0 0.220107 0.839117 0.229692 0.818286 0.222024 0.807135 0.212439 0.827966
0 0.413211 0.772814 0.415954 0.754014 0.404793 0.748867 0.40205 0.767667
0 0.133594 0.673184 0.136238 0.659224 0.12529 0.652669 0.122646 0.66663
0 0.0980221 1.00434 0.105237 0.977476 0.0937411 0.967718 0.0865267 0.994579
0 0.735897 0.577316 0.73815 0.544219 0.722763 0.540908 0.72051 0.574005
0 0.508687 0.845891 0.512565 0.798977 0.493943 0.794112 0.490065 0.841026
0 0.884066 0.580879 0.899985 0.550974 0.890642 0.535257 0.874724 0.565162
0 0.659601 0.760675 0.663676 0.739858 0.653579 0.73361 0.649503 0.754427
0 0.268575 0.789846 0.273038 0.769083 0.257367 0.758436 0.252904 0.779199
0 0.350356 0.841575 0.357862 0.803269 0.341452 0.793105 0.333945 0.831411
0 0.561832 0.719241 0.563016 0.699702 0.552354 0.69766 0.55117 0.717199
0 0.132382 0.78427 0.135716 0.763231 0.123966 0.757348 0.120633 0.778386
0 0.648248 0.69561 0.652319 0.675875 0.64335 0.670027 0.639279 0.689762
0 0.515047 0.719715 0.517103 0.698901 0.503301 0.694593 0.501245 0.715406
0 0.480546 0.888582 0.485352 0.865659 0.469127 0.854907 0.464321 0.877831
0 0.220644 0.9202 0.227687 0.886785 0.198538 0.867366 0.191495 0.900782
0 0.968128 0.48955 0.972928 0.468653 0.961298 0.460211 0.956499 0.481108
0 0.0846455 0.817945 0.0899193 0.798874 0.0796463 0.789896 0.0743725 0.808967
0 0.911268 0.765669 0.915569 0.744581 0.900423 0.734819 0.896123 0.755907
0 0.537929 0.732393 0.541987 0.712202 0.529763 0.704437 0.525705 0.724629
0 0.572458 0.775709 0.5746 0.755411 0.563832 0.751819 0.561689 0.772116
0 0.206226 0.0955358 0.225905 0.0711532 0.198735 0.00184738 0.179056 0.02623
0 0.518099 0.869447 0.523918 0.838773 0.511288 0.831201 0.50547 0.861875
0 0.114033 0.641901 0.116313 0.622621 0.104365 0.618154 0.102084 0.637433
0 0.368828 0.866963 0.373809 0.84294 0.36398 0.836499 0.358999 0.860522
0 0.961493 0.568901 0.96482 0.547927 0.940734 0.535853 0.937407 0.556827
0 0.225251 0.629788 0.226457 0.613143 0.214643 0.610438 0.213437 0.627083
0 0.038629 0.0803154 0.0380694 -0.0151231 -0.00969239 -0.0142379 -0.00913275 0.0812005
0 0.219025 0.891053 0.224994 0.871114 0.20906 0.856038 0.203091 0.875978
0 0.644918 0.677035 0.648843 0.653239 0.638876 0.648044 0.634951 0.67184
0 0.690582 0.779387 0.693224 0.74754 0.679083 0.743832 0.676441 0.77568
0 0.361254 0.530931 0.369296 0.463403 0.331718 0.449259 0.323676 0.516787
0 1.00607 0.697895 1.00279 0.639457 0.982567 0.64305 0.985851 0.701487
0 0.124773 0.742903 0.130103 0.723344 0.121333 0.71579 0.116003 0.735349
0 0.0978165 0.899402 0.105338 0.872264 0.0920596 0.860632 0.0845377 0.88777
0 0.581211 0.854838 0.5843 0.834533 0.572947 0.829073 0.569858 0.849379
0 0.11999 0.754872 0.12056 0.738932 0.109902 0.737726 0.109331 0.753665
0 0.0573948 0.81711 0.0579793 0.793756 0.0442351 0.792669 0.0436507 0.816023
0 0.00998664 0.822209 0.012002 0.797729 -0.000336292 0.794518 -0.0023517 0.818999
0 0.536316 0.844922 0.539207 0.820359 0.525587 0.815292 0.522695 0.839854
0 0.489723 0.760938 0.490475 0.73952 0.478399 0.73818 0.477647 0.759598
0 0.0194579 0.858324 0.0332109 0.833195 0.024222 0.817647 0.010469 0.842775
0 0.394723 0.633425 0.395578 0.615052 0.384026 0.613354 0.383171 0.631726
0 0.241402 0.943232 0.257734 0.908666 0.241703 0.884727 0.225371 0.919293
0 0.458216 0.761387 0.460724 0.741988 0.448802 0.737116 0.446294 0.756515
0 0.696831 0.799574 0.701773 0.778334 0.690136 0.769775 0.685193 0.791015
0 0.112643 0.891904 0.123394 0.866363 0.11498 0.855169 0.104229 0.88071
0 0.945331 0.752562 0.950128 0.732844 0.934623 0.720922 0.929826 0.74064
0 0.369428 0.695739 0.373242 0.681821 0.362463 0.672485 0.358649 0.686402
0 0.727123 0.555446 0.72884 0.531294 0.71584 0.528372 0.714122 0.552524
0 0.368831 0.811842 0.376174 0.795392 0.365345 0.780114 0.358002 0.796564
0 0.965267 0.773711 0.968328 0.75094 0.948992 0.742727 0.945931 0.765498
0 0.388878 0.710464 0.394148 0.691583 0.382353 0.681179 0.377083 0.700059
0 0.234379 0.820286 0.242413 0.795164 0.23377 0.78643 0.225737 0.811552
0 0.745905 0.58485 0.748846 0.565916 0.740177 0.561659 0.737235 0.580593
0 0.954602 0.554038 0.955802 0.534061 0.937501 0.530587 0.936301 0.550564
0 0.506638 0.788701 0.511948 0.771764 0.50141 0.761322 0.4961 0.778259
0 0.661658 0.832606 0.668525 0.802259 0.655945 0.793262 0.649078 0.823609
0 0.0899083 0.785376 0.0914685 0.766154 0.0798117 0.763164 0.0782515 0.782386
