0 0.489467 1.02163 0.509246 0.923481 0.444507 0.882245 0.424727 0.980391
0 0.988161 1.07662 1.02303 0.867162 0.805365 0.752657 0.770501 0.962114
0 0.503067 0.932216 0.513787 0.88401 0.479934 0.860216 0.469214 0.908422
0 0.558289 0.606484 0.557688 0.554433 0.528384 0.555503 0.528985 0.607554
0 0.516012 0.846158 0.527797 0.807753 0.516272 0.796576 0.504487 0.834981
0 0.404866 0.960334 0.42883 0.905154 0.409297 0.878345 0.385333 0.933525
0 0.122483 0.920824 0.127416 0.879621 0.105392 0.871288 0.10046 0.912491
0 0.539363 0.717381 0.537337 0.691779 0.512002 0.698117 0.514029 0.723719
0 0.434398 0.959306 0.445104 0.921613 0.423771 0.902463 0.413065 0.940156
0 0.524558 0.953541 0.524982 0.91572 0.503594 0.914962 0.50317 0.952783
0 0.187826 0.784939 0.190942 0.757924 0.175851 0.752421 0.172735 0.779437
0 0.583692 0.914974 0.585461 0.871143 0.56138 0.868072 0.559611 0.911902
0 0.448743 0.912958 0.4507 0.841312 0.423021 0.838921 0.421063 0.910568
0 0.171477 0.794984 0.175788 0.769253 0.15889 0.760304 0.154579 0.786036
0 0.111599 0.712978 0.126111 0.674822 0.0966646 0.639425 0.0821522 0.677582
0 0.460258 0.771107 0.460033 0.736563 0.44062 0.736962 0.440845 0.771506
0 0.0494057 0.887909 0.0524043 0.86348 0.0308558 0.85512 0.0278572 0.879549
0 0.688358 0.615601 0.694615 0.571321 0.667797 0.559345 0.661541 0.603626
0 0.0957731 0.837059 0.0982962 0.792938 0.0758352 0.788878 0.073312 0.833
0 0.600756 0.909439 0.60195 0.884117 0.584691 0.881545 0.583497 0.906867
0 0.125502 0.932975 0.13846 0.906173 0.126898 0.888507 0.113941 0.915309
0 0.297069 0.88569 0.299024 0.857717 0.28277 0.854128 0.280816 0.882102
0 0.204945 0.752284 0.21062 0.72432 0.187279 0.709349 0.181604 0.737313
0 0.205214 0.595741 0.198324 0.544979 0.157803 0.562361 0.164693 0.613123
0 0.0787993 0.853558 0.0786302 0.81988 0.0579375 0.820208 0.0581066 0.853887
0 0.0622114 0.448728 0.0839474 0.392784 0.0438671 0.343567 0.0221311 0.399511
0 0.439362 0.993273 0.452977 0.948139 0.433458 0.92953 0.419843 0.974664
0 0.524545 0.789183 0.526797 0.767349 0.513242 0.762932 0.51099 0.784765
0 0.444209 0.80075 0.440489 0.756948 0.415414 0.763677 0.419134 0.807479
0 0.198935 0.978864 0.226049 0.845689 0.173928 0.81215 0.146813 0.945325
0 0.508616 0.88727 0.519583 0.852729 0.505401 0.838499 0.494435 0.87304
0 0.282309 1.00607 0.283844 0.963885 0.257493 0.960852 0.255957 1.00304
0 0.489094 0.557191 0.488166 0.516195 0.47034 0.517471 0.471268 0.558467
0 0.781264 1.04133 0.832024 0.963226 0.752121 0.799115 0.701361 0.877224
0 0.620622 0.886876 0.623597 0.850308 0.603676 0.845188 0.600701 0.881756
0 0.599844 0.951778 0.601015 0.903136 0.577344 0.901336 0.576173 0.949977
0 0.535517 0.953839 0.537552 0.921297 0.521222 0.918069 0.519187 0.95061
0 0.154735 0.819337 0.162668 0.784124 0.146552 0.772649 0.138619 0.807862
0 0.5281 0.911803 0.537645 0.861369 0.516227 0.848559 0.506683 0.898993
0 0.416839 0.902092 0.418966 0.8553 0.391103 0.851298 0.388976 0.89809
0 0.188584 0.633112 0.193826 0.607463 0.18064 0.598944 0.175397 0.624593
0 0.610914 0.762047 0.617832 0.736469 0.603795 0.724469 0.596877 0.750047
0 0.207365 0.699617 0.208553 0.676489 0.194845 0.674265 0.193657 0.697393
0 0.0602582 0.837557 0.0608276 0.79599 0.0395346 0.795069 0.0389652 0.836635
0 0.300869 0.984726 0.314363 0.962148 0.304072 0.94271 0.290578 0.965287
0 0.122651 0.853253 0.118065 0.807558 0.0897303 0.816545 0.094316 0.86224
0 0.481095 0.831462 0.477901 0.793953 0.452378 0.800822 0.455572 0.838331
0 0.622045 0.909287 0.62231 0.87966 0.603839 0.879137 0.603574 0.908765
0 0.0393394 0.833662 0.0481519 0.787943 0.0271418 0.775144 0.0183294 0.820863
0 0.0228769 0.836537 0.0249097 0.811364 0.00535839 0.806374 0.0033256 0.831547
0 0.298994 1.00769 0.304091 0.984476 0.293264 0.976964 0.288167 1.00018
0 0.413159 0.998988 0.42813 0.972371 0.419283 0.956643 0.404311 0.98326
0 0.413374 0.977857 0.429602 0.942847 0.414353 0.920505 0.398124 0.955514
0 0.20088 0.770873 0.204519 0.749767 0.193106 0.743548 0.189467 0.764655
0 0.54742 0.89019 0.549727 0.861521 0.53491 0.857753 0.532604 0.886422
0 0.305119 0.999135 0.318893 0.977385 0.310464 0.960515 0.29669 0.982264
0 0.191855 0.762002 0.193858 0.738348 0.177896 0.734078 0.175893 0.757732
0 0.710471 0.657517 0.705429 0.617512 0.674763 0.629727 0.679805 0.669732
0 0.537517 0.8186 0.541693 0.796132 0.525903 0.786855 0.521727 0.809323
0 0.299385 0.984034 0.310173 0.955866 0.297323 0.940313 0.286535 0.968481
0 0.333719 0.922519 0.33489 0.900131 0.324177 0.898361 0.323007 0.920749
0 0.623545 1.01706 0.630088 0.952786 0.591822 0.940475 0.585279 1.00475
0 0.31111 0.875215 0.312981 0.858091 0.30213 0.854344 0.300259 0.871469
0 0.591145 1.00267 0.585766 0.940713 0.538878 0.953579 0.544257 1.01553
0 0.327356 0.434265 0.343001 0.375083 0.303956 0.342461 0.288311 0.401643
0 0.383725 0.735157 0.393923 0.689787 0.372916 0.674864 0.362718 0.720234
0 0.448106 0.850917 0.460187 0.809752 0.44178 0.79268 0.4297 0.833846
0 0.404441 0.867704 0.430692 0.851131 0.425209 0.82368 0.398958 0.840253
0 0.518073 0.80135 0.521506 0.783914 0.509614 0.776514 0.506181 0.793949
0 0.102795 0.325432 0.102471 0.281042 0.0786915 0.28159 0.0790149 0.325979
0 0.317636 0.961912 0.327642 0.939671 0.316827 0.924293 0.306821 0.946534
0 0.338264 0.954731 0.348428 0.913881 0.335961 0.904077 0.325797 0.944927
0 0.539493 1.00629 0.552791 0.956991 0.537198 0.943697 0.523899 0.992995
0 0.0254094 0.902427 0.0286296 0.867974 0.000303447 0.859606 -0.00291676 0.89406
0 0.502702 0.841334 0.507186 0.81679 0.494498 0.809462 0.490013 0.834007
0 0.159165 1.01642 0.207842 0.996313 0.202092 0.952315 0.153415 0.972422
0 0.0919242 0.884632 0.0988524 0.843586 0.0780966 0.832513 0.0711683 0.873559
0 0.51036 0.69765 0.518684 0.66537 0.50699 0.65584 0.498667 0.688121
0 0.221677 0.748558 0.224589 0.717744 0.207455 0.712628 0.204544 0.743442
0 0.254813 1.00479 0.255173 0.984219 0.238415 0.983294 0.238056 1.00387
0 0.17418 0.809643 0.175816 0.791335 0.162869 0.787679 0.161233 0.805987
0 0.222568 0.721534 0.237101 0.683516 0.223812 0.667461 0.209279 0.705478
0 0.572742 0.731822 0.576927 0.698783 0.561132 0.692458 0.556946 0.725497
0 0.075393 0.911727 0.083501 0.886956 0.0697876 0.87277 0.0616795 0.89754
0 0.333263 0.898646 0.337083 0.87964 0.329122 0.874583 0.325303 0.893589
0 0.230006 0.948077 0.246302 0.919901 0.237251 0.903357 0.220955 0.931533
0 0.592505 0.772216 0.599427 0.745937 0.587862 0.73631 0.580941 0.76259
0 0.211747 0.726814 0.216294 0.708267 0.204465 0.699102 0.199918 0.717649
0 0.00034328 0.810099 0.0247178 0.787479 0.0177019 0.763585 -0.00667267 0.786204
0 0.401363 0.53404 0.410287 0.507127 0.392486 0.488472 0.383562 0.515385
0 0.242085 0.995439 0.26162 0.965778 0.249258 0.940046 0.229723 0.969707
0 0.548514 0.814346 0.551576 0.792853 0.541822 0.78846 0.53876 0.809954
0 0.548848 0.86455 0.554354 0.84967 0.541901 0.835106 0.536395 0.849986
0 0.327692 0.882424 0.335058 0.862087 0.328196 0.854232 0.32083 0.874569
0 0.187906 0.71682 0.197918 0.696547 0.188965 0.682574 0.178954 0.702847
0 0.624779 0.965386 0.627184 0.914539 0.59731 0.910073 0.594905 0.96092
0 0.0379875 0.782966 0.0393853 0.752823 0.0191824 0.749862 0.0177846 0.780005
0 0.393709 0.976471 0.398812 0.927544 0.372315 0.91881 0.367212 0.967736
0 0.186188 0.72526 0.193927 0.703866 0.184697 0.693313 0.176958 0.714708
0 0.31237 0.915406 0.312761 0.898995 0.302184 0.8982 0.301794 0.914611
0 0.185044 0.6989 0.192457 0.677011 0.18203 0.665851 0.174617 0.68774
0 0.508145 0.790868 0.510278 0.771227 0.498421 0.767157 0.496288 0.786797
0 0.371312 0.929077 0.37269 0.903824 0.357047 0.901126 0.355669 0.926379
0 0.603642 0.860803 0.606749 0.837069 0.594241 0.831894 0.591134 0.855628
0 0.604574 0.890169 0.607744 0.861169 0.59114 0.855434 0.58797 0.884434
0 0.0523699 0.861974 0.0538339 0.833097 0.0383285 0.830613 0.0368646 0.85949
0 0.439137 0.741526 0.440112 0.720107 0.42957 0.71859 0.428595 0.740009
0 0.577836 0.762478 0.579123 0.743259 0.567466 0.740793 0.56618 0.760012
0 0.528918 0.976269 0.531649 0.94999 0.517412 0.945315 0.514681 0.971593
0 0.540565 0.846977 0.546002 0.833187 0.534781 0.819208 0.529345 0.832999
0 0.541279 0.753993 0.548195 0.738408 0.536778 0.722396 0.529862 0.73798
0 0.574284 0.962634 0.586178 0.941659 0.57113 0.91469 0.559236 0.935665
0 0.019908 0.656856 0.0361471 0.621708 0.027913 0.609684 0.0116739 0.644832
0 0.290822 0.999225 0.294383 0.972317 0.280715 0.9666 0.277154 0.993509
0 0.0733307 0.886219 0.0754462 0.862849 0.0613592 0.858819 0.0592437 0.882188
0 0.429574 0.969121 0.439525 0.923316 0.418917 0.909167 0.408966 0.954972
0 0.0127731 1.01133 0.0246008 0.972804 0.00660244 0.955341 -0.00522524 0.993869
0 0.0193945 0.830531 0.0363908 0.792295 0.0219778 0.772047 0.00498157 0.810283
0 0.531949 0.833031 0.534586 0.814942 0.523581 0.809872 0.520945 0.827961
0 0.136442 0.829651 0.149595 0.797572 0.134804 0.778405 0.121651 0.810484
0 0.440531 1.00469 0.440421 0.981033 0.419976 0.981335 0.420086 1.00499
0 0.175899 0.85063 0.178453 0.826345 0.168009 0.822874 0.165455 0.847159
0 0.552721 0.694866 0.554562 0.667976 0.53729 0.664238 0.535449 0.691129
0 0.257233 0.858968 0.259119 0.839244 0.249387 0.836303 0.247502 0.856028
0 0.2242 0.933358 0.238217 0.906625 0.23052 0.89387 0.216503 0.920603
0 0.162043 0.831751 0.16796 0.809772 0.156416 0.799949 0.150498 0.821928
0 0.522977 0.855309 0.529643 0.83229 0.519474 0.822984 0.512809 0.846003
0 0.46159 0.805422 0.464269 0.770519 0.44415 0.765636 0.44147 0.80054
0 0.737081 0.172596 0.737739 0.126481 0.715046 0.125459 0.714388 0.171573
0 0.257315 0.885032 0.263596 0.863984 0.255063 0.855937 0.248782 0.876985
0 0.0965641 0.7906 0.0941709 0.748123 0.0613428 0.753969 0.063736 0.796445
0 0.3338 0.988515 0.340587 0.968381 0.331798 0.959016 0.325011 0.979151
0 0.109482 0.812256 0.110455 0.789755 0.0950674 0.787651 0.0940942 0.810153
0 0.0927367 0.912873 0.108155 0.889179 0.100359 0.873146 0.0849409 0.89684
0 0.776151 0.69009 0.775499 0.64869 0.751388 0.64989 0.75204 0.691291
0 0.564426 0.949921 0.568111 0.927055 0.55538 0.92057 0.551695 0.943437
0 0.386729 0.999482 0.4067 0.982435 0.400652 0.960043 0.380681 0.977089
0 0.0862239 0.89673 0.100073 0.875756 0.093222 0.861458 0.0793727 0.882431
0 0.173459 0.764675 0.175316 0.746591 0.159324 0.741401 0.157467 0.759485
0 0.498015 0.854841 0.500637 0.833845 0.488907 0.829216 0.486286 0.850212
0 0.240683 1.00309 0.240591 0.981778 0.226034 0.981975 0.226125 1.00329
0 0.52679 0.928074 0.528755 0.905153 0.513517 0.901025 0.511552 0.923946
0 0.0399726 0.879134 0.0388023 0.824118 -0.00194062 0.826857 -0.000770266 0.881873
0 0.59664 0.793479 0.601333 0.769825 0.58957 0.762448 0.584877 0.786103
0 0.216969 0.936244 0.228742 0.914467 0.220068 0.899644 0.208294 0.921421
0 0.34677 0.96545 0.349467 0.947011 0.339127 0.942232 0.33643 0.96067
0 0.263023 0.95797 0.267422 0.935311 0.254615 0.927452 0.250216 0.950112
0 0.120636 0.66578 0.123784 0.648355 0.110949 0.641027 0.107802 0.658452
0 0.288218 0.96114 0.289555 0.942743 0.27699 0.939858 0.275653 0.958255
0 0.575925 0.417285 0.577456 0.350715 0.541036 0.348067 0.539505 0.414637
0 0.59158 0.724892 0.593807 0.698926 0.578604 0.694804 0.576376 0.72077
0 0.209023 0.836886 0.21012 0.817914 0.200083 0.81608 0.198986 0.835052
0 0.622503 0.935262 0.62338 0.904042 0.602749 0.902209 0.601871 0.933428
0 0.636798 0.897593 0.641674 0.876404 0.627707 0.866246 0.622831 0.887435
0 0.40756 0.398819 0.418647 0.367983 0.404339 0.351723 0.393252 0.382558
0 0.173672 0.872949 0.175579 0.847379 0.158942 0.843458 0.157036 0.869028
0 0.0835716 0.290905 0.0864844 0.250704 0.0594685 0.244518 0.0565557 0.284719
0 0.0409671 0.952232 0.050127 0.93361 0.0433495 0.923074 0.0341895 0.941696
0 0.214036 0.974592 0.214806 0.952569 0.196187 0.950513 0.195418 0.972536
0 0.176918 0.305252 0.205167 0.279878 0.17778 0.183514 0.149531 0.208888
0 0.0406088 0.133857 0.0518376 -0.00327524 -0.0174126 -0.0211964 -0.0286414 0.115936
0 0.220393 0.430315 0.219136 0.40195 0.198517 0.404838 0.199774 0.433202
0 0.183414 0.828546 0.1851 0.81466 0.176059 0.811191 0.174373 0.825077
0 0.323124 1.0093 0.328464 0.987127 0.316435 0.977972 0.311095 1.00015
0 0.0624173 0.873644 0.0635619 0.840946 0.0471417 0.839129 0.0459972 0.871828
0 0.240093 0.957566 0.250031 0.931478 0.24011 0.919534 0.230173 0.945622
0 0.672101 0.106961 0.683579 0.0431142 0.665101 0.032616 0.653623 0.096463
0 0.580398 0.131513 0.578476 0.0802811 0.544182 0.0843478 0.546104 0.13558
0 0.0634209 0.754435 0.0655575 0.733453 0.0530609 0.729431 0.0509243 0.750414
0 0.195908 0.720085 0.202067 0.702369 0.193457 0.692908 0.187298 0.710624
0 0.637119 0.412415 0.636294 0.377869 0.613537 0.379587 0.614363 0.414134
0 0.117523 0.657002 0.118473 0.639853 0.104458 0.637398 0.103507 0.654546
0 0.123986 0.854111 0.150459 0.832455 0.143794 0.806706 0.117321 0.828363
0 0.125358 0.671521 0.127749 0.651445 0.115084 0.646677 0.112692 0.666753
0 0.215088 0.615112 0.217946 0.594352 0.206131 0.58921 0.203273 0.60997
0 0.476974 0.886364 0.490386 0.831452 0.468491 0.814551 0.455079 0.869463
0 0.620299 0.6446 0.623262 0.619018 0.60832 0.61355 0.605358 0.639132
0 0.627964 0.681232 0.627899 0.643769 0.609414 0.64387 0.609478 0.681332
0 0.143453 0.706513 0.14283 0.681214 0.123477 0.682719 0.124099 0.708018
0 0.36001 0.952871 0.364541 0.931267 0.355279 0.925126 0.350747 0.94673
0 0.190324 0.800583 0.192808 0.785263 0.182982 0.780227 0.180498 0.795547
0 0.174053 0.730437 0.179066 0.709913 0.168414 0.70169 0.163401 0.722214
0 0.137117 0.900462 0.14111 0.871907 0.125824 0.865152 0.121832 0.893707
0 0.558596 0.654297 0.573133 0.639399 0.559464 0.597242 0.544927 0.61214
0 0.393677 0.984201 0.401711 0.941656 0.38148 0.929582 0.373446 0.972126
0 0.271552 0.894954 0.278428 0.874816 0.270161 0.865895 0.263285 0.886033
0 0.151543 0.722082 0.152472 0.703923 0.140253 0.701945 0.139323 0.720104
0 0.341158 0.886356 0.34455 0.867177 0.335584 0.862166 0.332192 0.881345
0 0.158775 0.424193 0.161581 0.398022 0.142005 0.39139 0.1392 0.417561
0 0.271986 0.942374 0.277363 0.922464 0.268526 0.914922 0.263149 0.934831
0 0.444078 0.633645 0.445892 0.595217 0.428076 0.592559 0.426263 0.630987
0 0.58614 0.879332 0.588356 0.859397 0.574475 0.854521 0.572259 0.874456
0 0.510568 0.816583 0.513384 0.798307 0.503471 0.79348 0.500655 0.811756
0 0.261269 0.933921 0.266181 0.915318 0.255301 0.906238 0.250389 0.924842
0 0.0312159 0.699922 0.0395095 0.659535 0.0230276 0.648838 0.014734 0.689225
0 0.414146 0.756804 0.420495 0.739407 0.404214 0.720627 0.397865 0.738024
0 0.553525 0.835279 0.555863 0.816687 0.543866 0.811917 0.541527 0.830509
0 0.165129 0.744682 0.16646 0.728574 0.155442 0.725697 0.154111 0.741806
0 0.217523 1.00721 0.227258 0.976644 0.212532 0.961823 0.202797 0.992394
0 0.343689 0.99572 0.349241 0.972615 0.340906 0.966285 0.335354 0.98939
0 0.278809 0.880492 0.285093 0.860766 0.278091 0.853716 0.271807 0.873442
