0 0.984958 0.953535 0.995165 0.838027 0.798196 0.783017 0.787989 0.898526
0 0.0419156 0.721993 0.0427696 0.694968 0.025843 0.693278 0.024989 0.720303
0 0.0540604 0.745187 0.0593696 0.726688 0.0409779 0.710006 0.0356688 0.728504
0 0.493673 0.545135 0.503128 0.473348 0.465737 0.457783 0.456282 0.52957
0 0.577496 0.866674 0.587545 0.840031 0.571155 0.820493 0.561106 0.847136
0 0.0592116 0.676534 0.0603263 0.65572 0.0505565 0.654066 0.0494417 0.674881
0 0.58708 0.81297 0.588965 0.789598 0.575913 0.786272 0.574028 0.809644
0 0.079417 0.785897 0.0783081 0.759083 0.0599648 0.761481 0.0610737 0.788294
0 0.0486656 0.786094 0.0514387 0.747853 0.0231417 0.741368 0.0203685 0.779609
0 0.048331 0.977739 0.062547 0.946579 0.0523182 0.93183 0.0381023 0.962991
0 0.446811 0.93183 0.456434 0.869265 0.427482 0.855191 0.417859 0.917756
0 0.489042 0.847097 0.502731 0.828509 0.486886 0.79163 0.473197 0.810218
0 0.570787 0.725827 0.572635 0.701986 0.557548 0.69829 0.5557 0.722131
0 0.527972 0.922892 0.530373 0.881755 0.507511 0.877536 0.50511 0.918674
0 0.589405 0.674408 0.591649 0.649827 0.578064 0.645906 0.575819 0.670487
0 0.550186 0.775923 0.55406 0.74932 0.543015 0.744237 0.539141 0.770839
0 0.491943 0.892109 0.496244 0.871946 0.483049 0.863051 0.478748 0.883214
0 0.507834 0.941734 0.516992 0.920852 0.501366 0.899193 0.492208 0.920075
0 0.372271 0.845934 0.376797 0.806705 0.357731 0.799752 0.353204 0.838982
0 0.0529954 0.699585 0.0535455 0.679559 0.0415808 0.678521 0.0410307 0.698547
0 0.614349 0.799135 0.620497 0.778415 0.603601 0.76257 0.597453 0.783291
0 0.0178563 0.693028 0.0186621 0.666753 -0.000168549 0.664928 -0.000974349 0.691203
0 0.106068 0.933629 0.116401 0.870985 0.0897326 0.857082 0.0793997 0.919726
0 0.527459 0.765989 0.539034 0.751913 0.52899 0.725808 0.517415 0.739885
0 0.569324 0.773272 0.576282 0.750309 0.565851 0.740321 0.558894 0.763285
0 0.108212 0.32445 0.104491 0.275628 0.0840682 0.280547 0.0877887 0.329369
0 0.0364658 1.00257 0.0549444 0.980173 0.0479995 0.96206 0.029521 0.984454
0 0.221215 0.968706 0.237238 0.831384 0.145997 0.797737 0.129974 0.935059
0 0.576523 0.792859 0.580974 0.778437 0.567336 0.765132 0.562884 0.779553
0 0.526143 0.887282 0.52762 0.862166 0.510917 0.859062 0.50944 0.884178
0 0.10586 0.949977 0.126046 0.925359 0.118155 0.904908 0.0979681 0.929526
0 0.018525 0.662135 0.031233 0.637309 0.0218843 0.622184 0.00917617 0.64701
0 0.799708 0.725802 0.810119 0.695593 0.784135 0.66729 0.773723 0.697498
0 0.0128657 1.00642 0.0134449 0.980759 0.00102625 0.979873 0.000447001 1.00553
0 0.52345 0.797143 0.52883 0.774438 0.519046 0.76711 0.513666 0.789815
0 0.0216909 0.991031 0.0288906 0.965213 0.0177626 0.955405 0.0105629 0.981223
0 0.0451237 0.673891 0.0460371 0.652793 0.03345 0.651071 0.0325366 0.672169
0 0.987911 0.737807 0.991248 0.70992 0.970238 0.701974 0.966901 0.729861
0 0.10904 0.946826 0.152315 0.934085 0.133545 0.732592 0.0902703 0.745332
0 0.595984 0.808015 0.600002 0.78678 0.590889 0.781331 0.586871 0.802566
0 0.532997 0.862176 0.534936 0.833707 0.520316 0.83056 0.518377 0.859029
0 0.0515442 0.849534 0.0437089 0.812345 0.0134765 0.832476 0.0213118 0.869665
0 0.0791057 0.68671 0.0797181 0.661524 0.0611313 0.660095 0.0605189 0.685282
0 0.741331 0.788051 0.741471 0.766148 0.725978 0.765837 0.725839 0.78774
0 0.0306717 0.982998 0.0466888 0.952041 0.0346841 0.932411 0.0186671 0.963368
0 0.713184 0.796337 0.716554 0.776042 0.702164 0.76849 0.698794 0.788785
0 0.479029 0.775252 0.486016 0.741146 0.473527 0.73306 0.46654 0.767166
0 0.0508566 0.653513 0.0518563 0.637601 0.0424474 0.635733 0.0414477 0.651645
0 0.536119 0.807469 0.547428 0.772589 0.533109 0.757916 0.5218 0.792797
0 0.559161 0.796534 0.567207 0.782154 0.557191 0.764444 0.549145 0.778824
0 0.558979 0.884143 0.571827 0.861406 0.554201 0.829928 0.541353 0.852665
0 0.0514283 0.628626 0.0511519 0.60833 0.0332385 0.6091 0.0335148 0.629397
0 0.533758 0.813186 0.542276 0.783888 0.52953 0.772176 0.521012 0.801475
0 0.582015 0.833359 0.585674 0.813318 0.571182 0.804957 0.567523 0.824997
0 0.485519 0.793772 0.489192 0.774455 0.477424 0.767383 0.473751 0.786701
0 0.0501989 0.71614 0.0509395 0.693522 0.0372981 0.69211 0.0365575 0.714728
0 0.0798616 1.00459 0.0959739 0.965771 0.0857098 0.952306 0.0695975 0.991125
0 0.0361443 0.738154 0.0377695 0.719199 0.0240809 0.71549 0.0224558 0.734445
0 0.554217 0.830966 0.554293 0.795421 0.53144 0.795267 0.531364 0.830811
0 0.563609 0.841298 0.568087 0.818707 0.555348 0.810726 0.55087 0.833317
0 0.0647869 0.846613 0.0752999 0.820342 0.0621796 0.803748 0.0516666 0.830019
0 0.624724 0.797457 0.629376 0.772624 0.61617 0.764805 0.611518 0.789638
0 0.0735736 0.755846 0.079102 0.730402 0.0690769 0.723518 0.0635485 0.748962
0 0.0711807 0.971176 0.0888673 0.926304 0.072707 0.906173 0.0550204 0.951045
0 0.585639 0.775202 0.588463 0.754786 0.575076 0.748933 0.572251 0.769349
0 0.754583 0.729741 0.757781 0.698097 0.739963 0.692407 0.736766 0.72405
0 0.0696812 0.611076 0.0726331 0.594276 0.0608519 0.587734 0.0579 0.604533
0 0.607405 0.810132 0.609874 0.793148 0.599362 0.788319 0.596894 0.805303
0 0.272394 0.45353 0.27804 0.42195 0.258171 0.410724 0.252526 0.442304
0 0.0151139 0.925625 0.0148739 0.880944 -0.00357829 0.881257 -0.00333835 0.925938
0 0.542573 0.634808 0.551061 0.571501 0.520645 0.558613 0.512157 0.62192
0 0.56296 0.813344 0.572786 0.803647 0.5631 0.772626 0.553274 0.782323
0 0.0647313 0.731083 0.0757314 0.706179 0.0687464 0.696428 0.0577463 0.721333
0 0.0527727 0.950231 0.0691385 0.921792 0.0577904 0.901152 0.0414245 0.929592
0 0.514614 0.872733 0.52109 0.83325 0.505838 0.825344 0.499362 0.864827
0 0.557768 0.771485 0.561978 0.748073 0.55147 0.742102 0.54726 0.765513
0 0.0595317 0.790369 0.0609025 0.771455 0.047644 0.768418 0.0462733 0.787332
0 0.169337 0.325264 0.189123 0.231268 0.115483 0.182274 0.0956961 0.276271
0 1.00089 0.793257 1.00276 0.758924 0.968907 0.753092 0.967036 0.787425
0 0.707926 0.774752 0.712389 0.752734 0.701294 0.745627 0.696831 0.767645
0 0.104796 0.999442 0.122367 0.976469 0.114738 0.958025 0.0971662 0.980998
0 0.0292426 0.704034 0.0300873 0.681782 0.0166382 0.680169 0.0157935 0.702421
0 0.574202 0.741279 0.576062 0.725782 0.566261 0.722063 0.5644 0.73756
0 0.0219697 1.00955 0.0419241 0.983083 0.0328451 0.961453 0.0128907 0.987925
0 0.0942012 0.592753 0.0982031 0.568823 0.0879481 0.563403 0.0839462 0.587333
0 0.719491 0.785189 0.722731 0.764797 0.710103 0.758457 0.706864 0.77885
0 0.0153577 0.971413 0.0292211 0.939412 0.0145274 0.919294 0.000664081 0.951295
0 0.078252 0.659118 0.0791103 0.637478 0.0653442 0.635752 0.064486 0.657392
0 0.0217587 0.848439 0.0525285 0.795324 0.0341615 0.761696 0.00339181 0.814811
0 0.0582269 0.724862 0.0622801 0.704047 0.0518539 0.697631 0.0478007 0.718445
0 0.0397149 0.694262 0.0400197 0.676731 0.0293377 0.676144 0.0290329 0.693675
0 0.611065 0.688205 0.622555 0.679152 0.613581 0.643154 0.602091 0.652207
0 0.497784 0.789539 0.506278 0.763337 0.494897 0.751679 0.486404 0.77788
0 0.0521257 0.098773 0.0750958 0.0168064 0.0496168 -0.00576014 0.0266467 0.0762065
0 0.549151 0.783052 0.551134 0.756742 0.539101 0.753876 0.537118 0.780186
0 0.0446326 0.137889 0.059608 -0.0064254 -0.0148993 -0.030861 -0.0298748 0.113454
0 0.0948479 0.698968 0.0965052 0.675582 0.0849026 0.672983 0.0832453 0.69637
0 0.0658657 0.927663 0.0808282 0.898176 0.0725074 0.884832 0.0575449 0.914319
0 0.507256 0.788513 0.515107 0.755846 0.499404 0.743917 0.491553 0.776585
0 0.0247633 0.754451 0.0268424 0.730028 0.0148521 0.726802 0.012773 0.751225
