0 0.993412 0.974976 1.00883 0.847171 0.806731 0.770108 0.791311 0.897914
0 0.11621 0.976742 0.146801 0.923298 0.128265 0.889765 0.0976742 0.943209
0 0.33002 0.981279 0.329302 0.935538 0.30378 0.936805 0.304499 0.982546
0 0.915069 0.78392 0.911612 0.738363 0.889725 0.743612 0.893182 0.789169
0 0.15858 0.753396 0.162915 0.715447 0.132934 0.704623 0.128599 0.742573
0 0.137376 0.874251 0.135903 0.846535 0.116218 0.849841 0.117691 0.877556
0 0.885783 0.264482 0.940661 0.226802 0.926935 0.163619 0.872057 0.201299
0 0.0873596 0.929163 0.0919359 0.90628 0.0810768 0.899417 0.0765005 0.9223
0 0.417224 0.829809 0.417532 0.788186 0.39104 0.787566 0.390731 0.829189
0 0.912415 0.74711 0.918623 0.727229 0.903876 0.712678 0.897669 0.732558
0 0.612234 0.815166 0.615663 0.779497 0.595934 0.773503 0.592505 0.809172
0 0.418901 0.806154 0.428943 0.781945 0.40691 0.75306 0.396868 0.777269
0 0.119625 0.918173 0.130699 0.891283 0.118611 0.87555 0.107538 0.902441
0 0.230628 0.818349 0.234353 0.77434 0.212304 0.768441 0.208578 0.81245
0 0.0695101 0.864403 0.0776428 0.841563 0.0592081 0.820817 0.0510754 0.843657
0 0.101491 0.871921 0.10817 0.843808 0.0932327 0.832591 0.0865534 0.860704
0 0.105665 0.96064 0.117424 0.913334 0.0997397 0.899441 0.0879809 0.946747
0 0.456571 0.877181 0.458876 0.835202 0.438251 0.831623 0.435946 0.873602
0 0.10557 0.912119 0.121914 0.883062 0.11267 0.866628 0.0963259 0.895685
0 0.111996 0.323604 0.109245 0.275963 0.0896252 0.279544 0.0923762 0.327185
0 0.446396 0.819961 0.456327 0.800851 0.440752 0.775271 0.430821 0.79438
0 0.42163 0.949642 0.424111 0.906219 0.399351 0.901746 0.396869 0.945169
0 0.0489677 0.963599 0.0807796 0.936258 0.0691368 0.893444 0.0373249 0.920785
0 0.0849423 0.58535 0.098701 0.56562 0.0911189 0.548909 0.0773602 0.568639
0 0.349175 0.867987 0.353432 0.846165 0.338329 0.836853 0.334072 0.858675
0 0.40399 0.849095 0.40309 0.823232 0.384664 0.82526 0.385565 0.851123
0 0.0668852 0.679387 0.066248 0.652479 0.0475935 0.653875 0.0482306 0.680783
0 0.155805 0.863504 0.158057 0.831411 0.141868 0.827822 0.139617 0.859914
0 0.497232 0.836304 0.505686 0.808671 0.492614 0.796033 0.484161 0.823665
0 0.262433 0.806932 0.269377 0.784016 0.252888 0.768226 0.245944 0.791142
0 0.157856 0.882265 0.160479 0.854842 0.144969 0.850152 0.142346 0.877575
0 0.927113 0.726033 0.931093 0.697937 0.913023 0.689848 0.909044 0.717944
0 0.0732195 1.00732 0.08874 0.96738 0.0754353 0.951041 0.0599148 0.990985
0 0.396886 0.989249 0.402622 0.946561 0.382847 0.938162 0.377111 0.98085
0 0.0658865 0.912074 0.078945 0.880941 0.0685028 0.867098 0.0554443 0.898232
0 0.496612 0.784915 0.497956 0.755614 0.479114 0.752884 0.477771 0.782185
0 0.121315 0.786803 0.126766 0.761538 0.113711 0.752635 0.108259 0.777899
0 0.177138 0.879094 0.182134 0.851906 0.160723 0.83947 0.155727 0.866658
0 0.196671 0.888045 0.195778 0.862839 0.177116 0.864931 0.17801 0.890137
0 0.873858 0.548296 0.877203 0.520325 0.863146 0.515014 0.859802 0.542984
0 0.326135 0.900899 0.328256 0.848402 0.306741 0.845653 0.30462 0.898151
0 0.143441 0.846937 0.153487 0.792364 0.133451 0.780706 0.123404 0.835279
0 0.878633 0.524546 0.887966 0.514729 0.877106 0.482098 0.867773 0.491916
0 0.509296 0.665046 0.510782 0.634097 0.496193 0.631882 0.494706 0.662831
0 0.592649 0.657683 0.596318 0.633914 0.583412 0.627618 0.579743 0.651387
0 0.487784 0.682794 0.490136 0.661931 0.475988 0.65689 0.473636 0.677754
0 0.311755 0.834681 0.311315 0.808769 0.292841 0.80976 0.29328 0.835672
0 0.189302 0.945697 0.190581 0.902273 0.162228 0.899634 0.16095 0.943058
0 0.183252 0.0382049 0.193751 0.00707301 0.170343 -0.0178753 0.159844 0.0132566
0 0.977268 0.676057 1.00088 0.642155 0.989721 0.617595 0.96611 0.651496
0 0.0401502 0.850965 0.0474596 0.828859 0.0367233 0.81764 0.0294139 0.839746
0 0.578464 0.728999 0.592947 0.704653 0.582031 0.68413 0.567548 0.708477
0 0.486181 0.891201 0.487931 0.866013 0.473261 0.862793 0.471512 0.887981
0 0.605826 0.869692 0.61017 0.839834 0.598481 0.834459 0.594138 0.864318
0 0.0505631 0.809891 0.0478028 0.7828 0.025301 0.790046 0.0280613 0.817137
0 0.239148 0.786607 0.243211 0.759533 0.228487 0.75255 0.224424 0.779624
0 0.0967038 0.899681 0.116167 0.870592 0.105833 0.848738 0.0863696 0.877827
0 0.273437 0.79506 0.281473 0.765509 0.269832 0.755505 0.261796 0.785056
0 0.655696 0.751047 0.662304 0.727821 0.653693 0.720078 0.647085 0.743304
0 0.149946 0.650586 0.15314 0.627586 0.141877 0.622643 0.138683 0.645642
0 0.519804 0.683604 0.521991 0.652313 0.509573 0.649571 0.507387 0.680862
0 0.0559163 0.900584 0.0685171 0.871317 0.0585754 0.857789 0.0459746 0.887056
0 0.482137 0.699836 0.485926 0.681595 0.470812 0.671672 0.467022 0.689913
0 0.169702 0.856967 0.179397 0.833973 0.159193 0.807048 0.149498 0.830042
0 0.0982322 0.916778 0.102021 0.891447 0.0873415 0.884508 0.0835532 0.90984
0 0.869383 0.52155 0.873309 0.502227 0.8604 0.493939 0.856475 0.513261
0 0.599711 0.845596 0.604415 0.81987 0.591796 0.812577 0.587091 0.838303
0 0.909998 0.552915 0.916058 0.531655 0.895628 0.513249 0.889568 0.534509
0 0.495675 0.755548 0.495825 0.726245 0.481668 0.726016 0.481518 0.755319
0 0.936045 0.764498 0.94066 0.743457 0.927484 0.734321 0.922868 0.755362
0 0.0471251 0.909897 0.0525956 0.886065 0.0317825 0.870965 0.0263119 0.894798
0 1.00074 0.634087 1.00544 0.61804 0.991302 0.604959 0.986603 0.621006
0 0.785376 0.731564 0.790354 0.705449 0.780412 0.699459 0.775434 0.725575
0 0.247249 0.789133 0.255453 0.765315 0.244974 0.753907 0.23677 0.777725
0 0.0586816 0.106191 0.0879764 0.0117633 0.0593855 -0.0162701 0.0300907 0.0781572
0 0.437865 0.879674 0.441884 0.853501 0.428422 0.846966 0.424402 0.873139
0 0.609186 0.747674 0.611957 0.724039 0.600745 0.719885 0.597974 0.743519
0 0.230896 0.839017 0.263425 0.821514 0.257654 0.787619 0.225126 0.805122
0 0.096826 0.612859 0.0990355 0.594466 0.0895403 0.590861 0.0873308 0.609254
0 0.678257 0.828438 0.683647 0.792929 0.668725 0.785771 0.663335 0.82128
0 1.00089 0.674414 1.00338 0.651483 0.990049 0.646916 0.987563 0.669847
0 0.257254 0.779248 0.265183 0.761691 0.254438 0.746354 0.246509 0.763911
0 0.777362 0.719049 0.780011 0.695418 0.767187 0.690875 0.764539 0.714505
0 0.418746 0.751217 0.41994 0.728952 0.408359 0.72699 0.407165 0.749255
0 0.86349 0.48823 0.865477 0.461052 0.852345 0.458019 0.850359 0.485197
0 0.619738 0.767447 0.622907 0.741925 0.609547 0.736681 0.606378 0.762204
0 0.141872 0.892543 0.146864 0.870663 0.134811 0.861971 0.129819 0.883851
0 0.852394 0.508222 0.855972 0.481613 0.84163 0.475519 0.838052 0.502128
0 0.806865 0.793118 0.813968 0.776781 0.799612 0.757054 0.792509 0.773391
0 0.37255 0.896792 0.380338 0.874098 0.370701 0.863646 0.362913 0.88634
0 0.0853336 0.652387 0.0889552 0.63909 0.0765941 0.62845 0.0729726 0.641746
0 0.229171 0.247117 0.22721 0.189223 0.196454 0.192516 0.198415 0.25041
0 0.0791344 0.916549 0.0880069 0.884531 0.0766155 0.874554 0.067743 0.906573
0 0.121617 0.863828 0.122868 0.839335 0.107054 0.836782 0.105803 0.861275
0 0.487096 0.668352 0.487074 0.640313 0.46909 0.640359 0.469113 0.668398
0 0.489939 0.718766 0.492768 0.697355 0.480026 0.692033 0.477197 0.713444
0 0.427709 0.932614 0.442777 0.908381 0.42562 0.874664 0.410552 0.898897
0 0.900161 0.723105 0.90284 0.705103 0.892094 0.70005 0.889416 0.718052
0 0.889345 0.71369 0.896074 0.697232 0.88772 0.686437 0.880991 0.702895
0 0.587796 0.750871 0.591486 0.724694 0.576759 0.718133 0.573068 0.744309
0 0.795092 0.748133 0.796607 0.725929 0.78377 0.72316 0.782255 0.745364
0 0.907958 0.718587 0.914031 0.701563 0.902346 0.688391 0.896274 0.705415
0 0.147473 1.02168 0.180892 0.979228 0.163377 0.935655 0.129958 0.978112
0 0.496244 0.668783 0.499444 0.650751 0.486282 0.643371 0.483082 0.661403
0 0.468238 0.831459 0.466834 0.786326 0.451499 0.787834 0.452904 0.832966
0 0.192138 0.859758 0.192926 0.834607 0.178818 0.833211 0.17803 0.858362
0 0.576941 0.761348 0.57841 0.742641 0.566759 0.739751 0.565291 0.758458
0 0.52046 0.825062 0.532844 0.791999 0.518992 0.775601 0.506607 0.808664
0 0.255866 0.856414 0.267987 0.835121 0.259075 0.819087 0.246954 0.84038
0 0.465549 0.712626 0.470008 0.695995 0.459719 0.687276 0.45526 0.703907
0 0.419289 0.888827 0.430914 0.870916 0.418212 0.84486 0.406586 0.862771
0 0.383991 0.793061 0.389445 0.747839 0.370543 0.740633 0.365089 0.785855
0 0.421909 0.764713 0.425318 0.745527 0.416461 0.740554 0.413053 0.759741
0 0.14972 0.842459 0.161632 0.798434 0.145577 0.784705 0.133665 0.828729
0 0.915623 0.483116 0.924179 0.458052 0.91572 0.448926 0.907164 0.47399
0 0.872904 0.7777 0.883681 0.751146 0.873405 0.737966 0.862628 0.76452
0 0.891224 0.672236 0.899609 0.649276 0.8899 0.63807 0.881515 0.66103
0 0.597214 0.746655 0.600802 0.726955 0.591319 0.721497 0.587731 0.741196
0 0.193719 0.771076 0.202482 0.752018 0.19371 0.73927 0.184947 0.758328
0 0.358079 0.763547 0.369011 0.745415 0.361102 0.730344 0.35017 0.748476
0 0.33391 0.829196 0.334507 0.803863 0.314947 0.802407 0.31435 0.82774
0 0.795478 0.724195 0.799453 0.706391 0.790645 0.700175 0.786669 0.717979
0 0.233823 0.810967 0.252309 0.792938 0.24703 0.775835 0.228545 0.793864
0 0.823116 0.794023 0.844306 0.765088 0.834559 0.742526 0.813368 0.771461
0 0.59579 0.818093 0.596931 0.780471 0.571654 0.778049 0.570513 0.815671
0 0.124874 0.63569 0.126497 0.617345 0.114754 0.614063 0.113132 0.632407
0 0.639606 0.795455 0.644131 0.773195 0.632255 0.765565 0.62773 0.787824
0 0.0913124 0.345434 0.101941 0.305438 0.0674254 0.27645 0.0567971 0.316446
0 0.925271 0.770628 0.92849 0.7516 0.91695 0.745429 0.913731 0.764458
0 0.793783 0.705834 0.801085 0.684487 0.791821 0.674472 0.784519 0.69582
0 0.342617 0.941581 0.359103 0.910939 0.347293 0.890857 0.330807 0.921499
0 0.462534 0.760209 0.468608 0.746576 0.457649 0.731146 0.451575 0.744779
0 0.406594 0.984565 0.418074 0.956538 0.40709 0.942318 0.395609 0.970346
0 0.62773 0.91579 0.635376 0.876891 0.618753 0.866566 0.611108 0.905465
0 0.0822701 0.614938 0.0869846 0.594648 0.0744942 0.585475 0.0697796 0.605766
0 0.309179 0.972775 0.30851 0.914445 0.275212 0.915652 0.275881 0.973982
0 0.259807 0.232452 0.270045 0.19835 0.254557 0.183653 0.244318 0.217755
0 0.808626 0.711804 0.81334 0.688755 0.802713 0.681886 0.797999 0.704935
0 0.122221 0.837632 0.129153 0.811777 0.118857 0.803052 0.111925 0.828907
0 0.928331 0.796907 0.931725 0.767186 0.915446 0.761309 0.912051 0.79103
0 0.989401 0.488406 0.999759 0.465369 0.992236 0.454679 0.981878 0.477716
0 0.702445 0.821824 0.70401 0.779534 0.680303 0.776761 0.678738 0.819051
0 0.151265 0.912364 0.159637 0.883188 0.1469 0.871638 0.138529 0.900814
0 0.137433 0.643473 0.141925 0.619058 0.128421 0.611204 0.123928 0.63562
0 0.248804 0.21614 0.258388 0.170136 0.237755 0.156552 0.228171 0.202555
0 0.102436 0.739506 0.113841 0.716004 0.104525 0.701717 0.0931203 0.725219
0 0.131429 0.615788 0.134592 0.589177 0.117829 0.582878 0.114666 0.60949
0 0.497857 0.687821 0.501773 0.666367 0.488882 0.658932 0.484966 0.680385
0 0.31071 0.923908 0.315895 0.906127 0.301801 0.893139 0.296616 0.910919
0 0.100609 0.807488 0.101761 0.790806 0.0907129 0.788393 0.0895603 0.805075
0 0.662427 0.80617 0.66402 0.785988 0.649374 0.782333 0.64778 0.802514
0 0.430373 0.86134 0.443679 0.841508 0.435444 0.824045 0.422138 0.843877
0 0.633199 0.671467 0.645377 0.652811 0.638621 0.638874 0.626444 0.65753
0 0.220671 0.865609 0.22203 0.829752 0.198755 0.826964 0.197396 0.862821
0 0.150959 0.9158 0.167307 0.883419 0.155425 0.864459 0.139077 0.89684
0 0.0618163 0.344213 0.0656346 0.29729 -0.000195327 0.280359 -0.00401367 0.327283
0 0.47421 0.75032 0.477662 0.732564 0.465552 0.725123 0.4621 0.742879
0 0.79166 0.665288 0.798218 0.646611 0.789469 0.636902 0.782911 0.655579
0 0.657704 0.767382 0.664794 0.751238 0.657204 0.740702 0.650113 0.756845
0 0.870879 0.751163 0.879615 0.725804 0.869748 0.715061 0.861012 0.74042
0 0.106029 0.163612 0.125943 0.152258 0.102452 0.0220422 0.0825376 0.0333966
0 0.177827 0.733358 0.179496 0.703144 0.162929 0.700252 0.16126 0.730465
0 0.0722363 0.87487 0.0785504 0.858015 0.0692828 0.847042 0.0629686 0.863898
0 0.861269 0.705343 0.865868 0.668944 0.843419 0.659981 0.838821 0.69638
0 0.615776 0.713709 0.622874 0.698809 0.615707 0.688018 0.608609 0.702917
0 0.476621 0.720904 0.479391 0.700548 0.468489 0.695859 0.465719 0.716215
0 0.126035 0.583447 0.127612 0.563144 0.115835 0.560253 0.114258 0.580555
0 0.111344 0.80421 0.117063 0.783741 0.10645 0.774369 0.100731 0.794838
0 0.223188 0.781575 0.245252 0.740157 0.227313 0.709955 0.20525 0.751373
0 0.430442 0.818423 0.437737 0.793819 0.427769 0.784478 0.420474 0.809083
0 0.640657 0.709918 0.646504 0.694574 0.639567 0.686221 0.633721 0.701566
0 0.6467 0.860898 0.669019 0.820907 0.654791 0.79581 0.632472 0.835802
0 0.577347 0.699097 0.580958 0.671548 0.567936 0.666154 0.564325 0.693703
0 0.176804 0.80123 0.177014 0.764847 0.158259 0.764504 0.158049 0.800887
0 0.621159 0.740114 0.623623 0.724608 0.613249 0.719399 0.610785 0.734904
0 0.288006 0.79673 0.292805 0.767699 0.278206 0.76007 0.273406 0.789101
0 0.9175 0.489318 0.923703 0.468218 0.915351 0.460458 0.909149 0.481559
0 0.592462 0.682107 0.596708 0.656756 0.581266 0.648583 0.57702 0.673934
0 0.244554 0.85629 0.249856 0.837176 0.238108 0.826877 0.232806 0.845991
0 0.648022 0.760697 0.650454 0.740831 0.639361 0.736539 0.636929 0.756405
0 0.20813 0.833306 0.208124 0.813963 0.19588 0.813975 0.195886 0.833319
0 0.102585 0.790695 0.103767 0.771651 0.0919452 0.769333 0.0907637 0.788377
0 0.773254 0.752395 0.782107 0.738365 0.767732 0.709696 0.758879 0.723725
0 0.632562 0.74676 0.638579 0.729862 0.630931 0.721255 0.624914 0.738153
0 0.0354948 0.87885 0.0355751 0.848296 0.0153453 0.848128 0.015265 0.878681
0 0.590997 0.876263 0.592797 0.857189 0.579917 0.853347 0.578117 0.872421
0 0.956866 0.756239 0.9546 0.71215 0.934542 0.715408 0.936808 0.759498
0 0.0782582 0.832235 0.0797168 0.811686 0.0660826 0.808627 0.064624 0.829177
0 0.104174 0.987121 0.11768 0.965865 0.109592 0.949623 0.0960866 0.970879
0 0.971393 0.740261 0.973458 0.714724 0.960384 0.711382 0.958318 0.736919
0 0.586701 0.835858 0.588326 0.811751 0.573129 0.808513 0.571504 0.832619
0 0.643319 0.706586 0.648769 0.687414 0.641358 0.680756 0.635909 0.699929
0 0.209881 0.818496 0.213925 0.792999 0.197074 0.784553 0.19303 0.810049
0 0.627571 0.801351 0.632316 0.77464 0.61802 0.766613 0.613275 0.793324
0 0.0508057 0.93047 0.0573342 0.901734 0.0427846 0.891287 0.0362561 0.920023
0 0.620419 0.848548 0.625047 0.817466 0.606589 0.80878 0.601961 0.839862
0 0.329491 0.851844 0.331914 0.825064 0.312775 0.819591 0.310352 0.846371
0 0.670613 0.775386 0.679985 0.756442 0.672109 0.744126 0.662736 0.763071
0 0.879332 0.739425 0.882935 0.714997 0.870708 0.709298 0.867105 0.733726
0 0.659922 0.789898 0.669159 0.768587 0.659669 0.755588 0.650433 0.776898
0 0.974988 0.510761 0.976592 0.485939 0.958057 0.482153 0.956453 0.506974
0 0.351832 0.900327 0.355357 0.879524 0.342648 0.872717 0.339123 0.89352
0 0.599035 0.726945 0.605765 0.702191 0.594311 0.692351 0.587582 0.717106
