0 0.0864005 0.9358 0.092102 0.901801 0.0753108 0.892901 0.0696093 0.926901
0 0.391336 0.6773 0.406193 0.658439 0.391187 0.621079 0.37633 0.63994
0 0.296826 0.812258 0.299571 0.747794 0.266037 0.743282 0.263292 0.807746
0 0.985968 1.06776 1.02058 0.843229 0.800833 0.736156 0.766218 0.960688
0 0.0660776 0.892272 0.0656723 0.849697 0.0398217 0.850475 0.0402271 0.89305
0 0.134113 0.976928 0.139891 0.93613 0.11577 0.925335 0.109993 0.966132
0 0.184806 0.866208 0.206282 0.842092 0.197394 0.817077 0.175918 0.841193
0 0.599025 0.879572 0.600605 0.839463 0.578009 0.83665 0.576429 0.876758
0 0.0405711 1.01388 0.0658137 0.978481 0.0533676 0.950434 0.0281251 0.985838
0 0.123885 0.990954 0.123301 0.957747 0.102568 0.9589 0.103152 0.992107
0 0.229503 0.840206 0.236691 0.794915 0.214876 0.783974 0.207688 0.829265
0 0.233691 0.983611 0.259075 0.958434 0.249396 0.927595 0.224013 0.952773
0 0.218441 0.96628 0.222504 0.930368 0.200061 0.922342 0.195997 0.958254
0 0.516908 0.911896 0.524206 0.86906 0.504155 0.858263 0.496857 0.901098
0 0.425601 0.635791 0.427893 0.615469 0.407921 0.608349 0.405629 0.628671
0 0.537839 0.748933 0.537914 0.725497 0.517664 0.725293 0.517589 0.74873
0 0.483013 0.952922 0.508118 0.915306 0.476171 0.847922 0.451066 0.885538
0 0.418724 0.755821 0.416886 0.699902 0.383265 0.703396 0.385103 0.759314
0 0.109231 0.905757 0.109787 0.861355 0.0806613 0.860202 0.080105 0.904603
0 0.167371 0.890947 0.174444 0.841139 0.148363 0.829435 0.14129 0.879242
0 0.356848 0.685268 0.359518 0.652542 0.339656 0.647419 0.336986 0.680146
0 0.481346 0.736593 0.486256 0.700369 0.473031 0.694703 0.46812 0.730927
0 0.398537 0.634443 0.399625 0.610263 0.382885 0.607882 0.381797 0.632062
0 0.17052 1.00973 0.191453 0.961983 0.174313 0.938232 0.15338 0.985976
0 0.53728 0.836195 0.53868 0.815268 0.524927 0.812359 0.523527 0.833285
0 0.530524 0.865593 0.528659 0.821815 0.500517 0.825603 0.502382 0.869382
0 0.560982 0.91533 0.561193 0.879888 0.544999 0.879583 0.544788 0.915025
0 0.600754 0.721074 0.604244 0.701086 0.59085 0.693696 0.58736 0.713684
0 0.500745 0.819214 0.503228 0.797715 0.489077 0.792549 0.486594 0.814049
0 0.393989 0.724823 0.39589 0.678038 0.360277 0.673465 0.358376 0.72025
0 0.342115 0.923235 0.354539 0.897328 0.344217 0.881682 0.331792 0.90759
0 0.434607 0.56246 0.441869 0.521634 0.426528 0.513009 0.419265 0.553835
0 0.336222 0.853971 0.341049 0.821746 0.324197 0.813767 0.31937 0.845993
0 0.468113 0.526935 0.483738 0.500947 0.473099 0.480731 0.457474 0.506719
0 0.537506 0.896687 0.542684 0.869884 0.527061 0.860345 0.521883 0.887148
0 0.163557 0.384395 0.167261 0.330905 0.132758 0.323354 0.129054 0.376844
0 0.0547156 0.915109 0.0590844 0.890312 0.0386129 0.878913 0.0342441 0.90371
0 0.489486 0.622728 0.496686 0.601143 0.485937 0.58981 0.478736 0.611395
0 0.588164 0.660656 0.591619 0.642335 0.578631 0.634594 0.575176 0.652915
0 0.701511 0.655603 0.697648 0.526009 0.621261 0.533205 0.625124 0.662799
0 0.237634 0.756308 0.253449 0.737696 0.246339 0.718602 0.230524 0.737213
0 0.461605 0.878385 0.487854 0.853378 0.478121 0.821088 0.451872 0.846094
0 0.184569 0.994819 0.204478 0.976303 0.199072 0.957931 0.179162 0.976447
0 0.20553 0.942511 0.213094 0.910298 0.199014 0.89985 0.19145 0.932063
0 0.511148 0.804325 0.512363 0.781517 0.499057 0.779276 0.497842 0.802085
0 0.0246411 0.986499 0.0745453 0.944616 0.0619603 0.897224 0.0120561 0.939108
0 0.278268 0.581281 0.280381 0.547225 0.263684 0.543951 0.261571 0.578007
0 0.227356 0.864894 0.241676 0.844439 0.233819 0.827053 0.219498 0.847508
0 0.474116 0.702779 0.477069 0.678145 0.465515 0.673767 0.462561 0.6984
0 0.583831 0.640135 0.586615 0.620061 0.571232 0.613319 0.568449 0.633393
0 0.132301 0.905258 0.150434 0.867216 0.135843 0.845235 0.11771 0.883277
0 0.596218 0.607948 0.597793 0.590805 0.588503 0.588107 0.586928 0.60525
0 0.491561 0.689539 0.493832 0.6609 0.477892 0.656905 0.475621 0.685544
0 0.52462 0.82732 0.526073 0.805678 0.513213 0.80295 0.51176 0.824592
0 0.25506 0.47133 0.280675 0.445845 0.271806 0.417671 0.246191 0.443155
0 0.318494 0.879481 0.323302 0.840327 0.297863 0.830453 0.293054 0.869607
0 0.536189 0.704827 0.538294 0.687017 0.527995 0.683169 0.52589 0.70098
0 0.547467 0.836951 0.555704 0.813614 0.545621 0.802366 0.537384 0.825703
0 0.549828 0.799088 0.550205 0.746719 0.524739 0.746139 0.524362 0.798508
0 0.311206 0.514414 0.315459 0.47644 0.295616 0.469417 0.291363 0.507391
0 0.0995467 0.80229 0.100748 0.766106 0.0779923 0.763718 0.0767908 0.799901
0 0.501971 0.751679 0.523384 0.726091 0.513542 0.700061 0.492129 0.725648
0 0.573888 0.875364 0.579712 0.846406 0.567756 0.838805 0.561932 0.867764
0 0.223531 0.998818 0.230937 0.976648 0.217185 0.96213 0.20978 0.9843
0 0.611192 0.62999 0.614274 0.610304 0.597957 0.602232 0.594876 0.621919
0 0.179538 0.882294 0.18669 0.854173 0.176226 0.845762 0.169074 0.873883
0 0.241757 0.919371 0.243526 0.894356 0.224616 0.890131 0.222848 0.915146
0 0.215939 0.873753 0.219438 0.850763 0.204975 0.843806 0.201476 0.866796
0 0.518821 0.77348 0.522354 0.748731 0.497963 0.737728 0.49443 0.762477
0 0.407887 0.931649 0.411723 0.909418 0.394871 0.900227 0.391035 0.922458
0 0.517356 0.700178 0.518661 0.676273 0.505537 0.674009 0.504232 0.697914
0 0.134442 0.825288 0.144886 0.800587 0.134208 0.786318 0.123764 0.811019
0 0.562752 0.834023 0.565605 0.813074 0.553458 0.807847 0.550606 0.828797
0 0.570453 0.89219 0.571709 0.86941 0.558596 0.867127 0.557341 0.889906
0 0.42194 0.678028 0.426604 0.644078 0.414854 0.638976 0.410189 0.672926
0 0.508398 0.843201 0.510263 0.81842 0.49934 0.815822 0.497475 0.840603
0 0.322782 0.895705 0.323666 0.871473 0.303746 0.869176 0.302862 0.893408
0 0.499125 0.854322 0.501176 0.81669 0.484206 0.813767 0.482155 0.851399
0 0.214937 0.913959 0.219914 0.890429 0.204653 0.880227 0.199676 0.903758
0 0.583172 0.699304 0.590381 0.673638 0.571463 0.656844 0.564254 0.682509
0 0.544777 0.699148 0.55086 0.680089 0.539463 0.668593 0.53338 0.687651
0 0.268658 0.632288 0.273017 0.605665 0.254988 0.596334 0.250628 0.622957
0 0.536291 0.679715 0.53716 0.661401 0.526775 0.659844 0.525906 0.678158
0 0.261208 0.849184 0.272131 0.817377 0.26102 0.805318 0.250097 0.837125
0 0.809008 0.653778 0.816565 0.623198 0.795777 0.606962 0.78822 0.637542
0 0.442905 0.746085 0.44397 0.699903 0.415627 0.697835 0.414561 0.744018
0 0.574058 0.943731 0.589384 0.904377 0.571344 0.882173 0.556018 0.921527
0 0.0674543 0.911388 0.087534 0.875916 0.0761743 0.855592 0.0560945 0.891064
0 0.545033 0.927677 0.55035 0.880989 0.533172 0.874807 0.527855 0.921494
0 0.288454 0.856496 0.291046 0.83634 0.277687 0.830912 0.275096 0.851068
0 0.375063 0.909858 0.376742 0.886105 0.364579 0.883387 0.3629 0.90714
0 0.495275 0.727029 0.499996 0.70563 0.490064 0.698705 0.485342 0.720103
0 0.196108 0.924465 0.205563 0.889798 0.193622 0.879505 0.184166 0.914171
0 0.609139 1.00296 0.608523 0.971152 0.582656 0.972734 0.583271 1.00454
0 0.474801 0.784187 0.476849 0.765027 0.464567 0.760878 0.462519 0.780038
0 0.146334 0.854853 0.151366 0.831932 0.140413 0.824333 0.135381 0.847255
0 0.295563 0.520687 0.297844 0.496135 0.285925 0.492635 0.283644 0.517187
0 0.555059 0.886666 0.561531 0.861195 0.54924 0.851326 0.542769 0.876796
0 0.91767 0.695278 0.918312 0.669271 0.899294 0.667787 0.898652 0.693794
0 0.376515 0.654169 0.378397 0.629716 0.360509 0.625365 0.358627 0.649818
0 0.536853 0.857779 0.541692 0.836573 0.53123 0.829028 0.526391 0.850234
0 0.447254 0.810524 0.444454 0.780579 0.422584 0.787043 0.425384 0.816987
0 0.191717 0.929749 0.188838 0.873655 0.143021 0.881086 0.145899 0.937179
0 0.353464 0.895014 0.359152 0.868035 0.342236 0.856763 0.336548 0.883742
0 0.0363291 0.894932 0.0382983 0.862646 0.0179305 0.85872 0.0159613 0.891006
0 0.25382 0.824339 0.266885 0.800019 0.258103 0.785108 0.245038 0.809427
0 0.593515 0.931949 0.609058 0.896762 0.59865 0.882232 0.583107 0.91742
0 0.343046 0.875612 0.351018 0.845433 0.337137 0.833842 0.329164 0.864021
0 0.0786175 0.352333 0.0950476 0.336462 0.0805473 0.289019 0.0641172 0.304889
0 0.622849 0.95098 0.626438 0.926926 0.609313 0.918852 0.605725 0.942905
0 0.597275 0.977541 0.599611 0.924284 0.567048 0.919769 0.564711 0.973027
0 0.575538 0.575113 0.579744 0.552128 0.568456 0.5456 0.56425 0.568584
0 0.485912 0.786285 0.492882 0.765194 0.48232 0.754163 0.475351 0.775254
0 0.190104 0.88636 0.201958 0.862746 0.192569 0.84785 0.180715 0.871464
0 0.486257 0.767713 0.492201 0.748213 0.482129 0.738512 0.476186 0.758012
0 0.540009 0.819976 0.542301 0.799956 0.528251 0.794872 0.525959 0.814892
0 0.381968 0.795015 0.394004 0.716382 0.342233 0.691337 0.330197 0.76997
0 0.437992 0.686677 0.450507 0.675756 0.440048 0.637877 0.427533 0.648798
0 0.119109 0.893298 0.128904 0.855535 0.104456 0.835495 0.0946622 0.873259
0 0.608874 0.937045 0.61577 0.9115 0.602704 0.900351 0.595808 0.925896
0 0.439468 0.59551 0.443247 0.573522 0.424538 0.563359 0.420759 0.585346
0 0.30858 0.952926 0.319491 0.928339 0.310312 0.915466 0.299401 0.940052
0 0.171443 0.96048 0.17415 0.928408 0.157508 0.923968 0.1548 0.956039
0 0.284985 0.537942 0.287538 0.5138 0.275393 0.509741 0.27284 0.533883
0 0.589004 0.674228 0.591722 0.657545 0.578687 0.650834 0.57597 0.667517
0 0.590589 0.83806 0.591903 0.814313 0.579171 0.812087 0.577857 0.835834
0 0.0698947 0.973272 0.0878776 0.945229 0.0789718 0.927179 0.0609889 0.955222
0 0.0207989 0.969129 0.0219089 0.918835 -0.0042466 0.91701 -0.00535655 0.967304
0 0.25695 0.610618 0.259696 0.592111 0.240697 0.583201 0.237951 0.601707
0 0.263273 0.594719 0.269024 0.565877 0.251678 0.554947 0.245928 0.583789
0 0.823298 0.586911 0.827629 0.569058 0.811985 0.557063 0.807654 0.574916
0 0.480332 0.844361 0.490211 0.816214 0.468294 0.791905 0.458416 0.820051
0 0.299453 0.838588 0.303372 0.815276 0.290175 0.808263 0.286256 0.831575
0 0.27514 0.982615 0.276096 0.962116 0.264405 0.960393 0.263449 0.980892
0 0.263122 0.938993 0.27361 0.912916 0.26487 0.901807 0.254382 0.927884
0 0.615592 0.831498 0.61699 0.808754 0.603667 0.806166 0.60227 0.828911
0 0.250196 0.942774 0.25366 0.923608 0.238033 0.914681 0.234569 0.933847
0 0.257663 0.913912 0.264884 0.878039 0.253462 0.870772 0.246241 0.906646
0 0.122276 0.818648 0.137328 0.787399 0.124903 0.768484 0.109851 0.799732
0 0.593855 0.564024 0.596534 0.542884 0.581931 0.537035 0.579252 0.558175
0 0.414465 0.69694 0.415753 0.67209 0.403905 0.670149 0.402617 0.694999
0 0.574698 0.75704 0.578135 0.727232 0.55661 0.719388 0.553173 0.749195
0 0.412896 0.858401 0.41532 0.820871 0.393472 0.816411 0.391047 0.85394
0 0.879604 0.726349 0.890063 0.701508 0.874645 0.680993 0.864186 0.705834
0 0.56094 0.863781 0.568888 0.837084 0.55572 0.824693 0.547772 0.85139
0 0.148548 0.794741 0.153297 0.772888 0.1433 0.766022 0.138551 0.787874
0 0.214953 0.854721 0.218113 0.829306 0.202667 0.823236 0.199507 0.848651
0 0.421112 0.819348 0.425392 0.781473 0.40799 0.775259 0.40371 0.813133
0 0.464245 0.496792 0.469902 0.475581 0.45981 0.467076 0.454153 0.488286
0 0.50905 0.659185 0.510081 0.642275 0.499081 0.640154 0.498049 0.657064
0 0.404114 0.700687 0.405786 0.677662 0.391496 0.674382 0.389824 0.697407
0 0.3606 0.842225 0.366424 0.818651 0.356112 0.8106 0.350288 0.834174
0 0.592712 0.74063 0.595804 0.710991 0.573964 0.703789 0.570871 0.733428
0 0.114428 0.832836 0.116173 0.81121 0.103841 0.808066 0.102097 0.829692
0 0.579576 0.840048 0.581016 0.816936 0.566072 0.813994 0.564633 0.837107
0 0.465453 0.724483 0.466762 0.700955 0.449873 0.697984 0.448563 0.721512
0 0.359146 0.865661 0.364055 0.843973 0.352114 0.835431 0.347205 0.857119
0 0.625419 0.876713 0.622207 0.825965 0.601629 0.830082 0.604841 0.880829
0 0.625455 0.997641 0.63013 0.976726 0.617975 0.968141 0.613301 0.989056
0 0.105299 0.819364 0.126973 0.785977 0.114988 0.761388 0.0933143 0.794776
0 0.244654 0.677829 0.246711 0.65541 0.225809 0.649348 0.223751 0.671767
0 0.599389 0.658822 0.601447 0.640611 0.591951 0.637219 0.589892 0.655431
0 0.589546 0.762096 0.595972 0.741376 0.58298 0.728642 0.576554 0.749363
0 0.343576 0.978011 0.353395 0.95092 0.342346 0.938264 0.332527 0.965355
0 0.121853 0.776261 0.131136 0.752234 0.121853 0.740898 0.11257 0.764926
0 0.384893 0.689304 0.393114 0.672601 0.37857 0.649977 0.370349 0.666681
0 0.0396122 0.813639 0.0588343 0.773992 0.0463221 0.754819 0.0270999 0.794466
0 0.418134 0.916051 0.427841 0.884583 0.414818 0.871885 0.40511 0.903354
0 0.129457 0.881338 0.126308 0.831481 0.10487 0.835761 0.10802 0.885618
0 0.227075 0.945748 0.2333 0.917621 0.215002 0.90482 0.208777 0.932947
0 0.0847555 0.853371 0.08611 0.806718 0.0554314 0.803903 0.0540769 0.850556
0 0.764032 1.06197 0.83679 0.944423 0.752091 0.778738 0.679333 0.89629
0 0.507405 0.679743 0.508474 0.661694 0.49738 0.659617 0.496311 0.677666
0 0.196528 0.970882 0.200808 0.948269 0.183151 0.937707 0.178871 0.960319
0 0.330169 0.883208 0.337541 0.852163 0.326334 0.843753 0.318963 0.874798
0 0.831146 0.65317 0.83657 0.62267 0.810627 0.608089 0.805204 0.638589
0 0.468275 0.560904 0.468092 0.526076 0.441812 0.526512 0.441995 0.561341
0 0.939868 0.685989 0.942375 0.663238 0.926749 0.657797 0.924243 0.680549
0 0.305706 0.868403 0.309856 0.836249 0.293528 0.829588 0.289378 0.861743
0 0.14909 0.772827 0.164338 0.749778 0.15826 0.73707 0.143012 0.760118
0 0.025371 1.00837 0.026775 0.962999 -0.000141216 0.960367 -0.00154521 1.00574
0 0.557566 0.672376 0.559803 0.654658 0.54913 0.6504 0.546893 0.668117
0 0.401803 0.810489 0.408013 0.788849 0.391091 0.773501 0.384881 0.795141
0 0.552655 0.650954 0.555822 0.624242 0.541216 0.61877 0.538049 0.645481
0 0.0794254 0.781276 0.0835993 0.741196 0.0659473 0.735386 0.0617734 0.775466
0 0.546573 0.863374 0.554346 0.841746 0.545383 0.831565 0.53761 0.853192
0 0.628553 0.718958 0.631684 0.696726 0.616789 0.690095 0.613658 0.712327
0 0.0342534 0.940848 0.046453 0.912434 0.0344537 0.896151 0.022254 0.924565
0 0.369991 0.859559 0.375597 0.825945 0.36553 0.820639 0.359924 0.854253
0 0.237569 0.568572 0.239679 0.548995 0.229954 0.545683 0.227844 0.56526
0 0.410649 0.788852 0.417005 0.757141 0.404269 0.749073 0.397913 0.780785
0 0.295769 0.604741 0.296784 0.584545 0.286141 0.582856 0.285127 0.603051
0 0.398591 0.912285 0.402558 0.887317 0.390641 0.881334 0.386675 0.906302
0 0.395752 0.608699 0.397076 0.592146 0.386619 0.589502 0.385294 0.606055
0 0.208605 0.991246 0.218165 0.974145 0.205684 0.952091 0.196123 0.969191
0 0.546924 0.724917 0.552747 0.706943 0.540352 0.694251 0.534528 0.712225
0 0.290565 0.561067 0.29176 0.540457 0.278801 0.538082 0.277605 0.558692
0 0.43693 0.769596 0.438876 0.733874 0.417371 0.730173 0.415426 0.765895
0 0.43771 0.627271 0.439054 0.610915 0.42851 0.608177 0.427166 0.624533
0 0.235162 0.8967 0.244967 0.876522 0.236692 0.863813 0.226887 0.883991
0 0.272341 0.526889 0.276447 0.506766 0.267162 0.500779 0.263056 0.520901
0 0.228846 0.967857 0.239021 0.934999 0.225712 0.921973 0.215537 0.954831
0 0.108961 0.765266 0.124572 0.745741 0.117937 0.728974 0.102326 0.748498
0 0.484657 0.813819 0.488508 0.797191 0.476021 0.788051 0.47217 0.804679
0 0.248326 0.810568 0.251193 0.785179 0.236588 0.779967 0.233721 0.805356
0 0.236331 0.849397 0.245088 0.822177 0.232769 0.809652 0.224012 0.836872
0 0.50237 0.694483 0.503763 0.67489 0.493037 0.672481 0.491644 0.692074
0 0.114457 0.750542 0.117778 0.708438 0.0920048 0.702014 0.0886842 0.744118
0 0.526081 0.807984 0.527949 0.787098 0.516704 0.78392 0.514836 0.804805
0 0.237387 1.01222 0.252682 0.983353 0.240671 0.963239 0.225376 0.992105
0 0.0876043 0.615953 0.0989645 0.587218 0.0844066 0.569028 0.0730464 0.597763
0 0.0943662 0.932098 0.123522 0.905512 0.117732 0.885443 0.0885762 0.912029
0 0.620252 0.905986 0.63064 0.882426 0.62115 0.869202 0.610762 0.892762
0 0.247241 0.86801 0.254259 0.84002 0.244151 0.83201 0.237133 0.86
0 0.28541 0.870751 0.286525 0.852026 0.275316 0.849916 0.274201 0.868641
0 0.452367 0.499625 0.453582 0.479444 0.4412 0.477086 0.439984 0.497267
0 0.869468 0.680072 0.871941 0.652987 0.854118 0.647844 0.851645 0.674929
0 0.539077 0.733611 0.541172 0.710745 0.525337 0.706162 0.523243 0.729028
0 0.0101988 0.863088 0.0323391 0.846944 0.0271446 0.824429 0.00500423 0.840573
0 0.373572 0.687342 0.38141 0.658599 0.368407 0.647392 0.360569 0.676136
0 0.421394 0.902558 0.443277 0.852139 0.42099 0.821567 0.399107 0.871986
0 0.12177 0.951657 0.1528 0.919699 0.142666 0.8886 0.111636 0.920559
0 0.558397 0.702555 0.564045 0.683442 0.555705 0.675654 0.550058 0.694767
0 0.114745 0.389647 0.134288 0.3417 0.101326 0.299239 0.0817834 0.347186
0 0.176475 0.855792 0.181146 0.831624 0.165027 0.821779 0.160356 0.845946
0 0.11091 0.958836 0.139187 0.930061 0.128053 0.895478 0.0997756 0.924252
0 0.578236 0.818993 0.5791 0.799255 0.562935 0.797019 0.562072 0.816757
0 0.498281 0.7893 0.502966 0.769758 0.494786 0.76356 0.490101 0.783101
0 0.545634 0.672956 0.547888 0.658623 0.538288 0.65385 0.536034 0.668184
0 0.257264 0.665076 0.262546 0.600872 0.216415 0.588876 0.211132 0.65308
0 0.550317 0.750438 0.551949 0.731698 0.53758 0.727742 0.535947 0.746482
0 0.32033 0.489923 0.32616 0.469693 0.314973 0.459505 0.309144 0.479736
0 0.143289 1.00698 0.144945 0.982646 0.123586 0.978053 0.12193 1.00239
0 0.343502 0.548077 0.34876 0.507915 0.321654 0.4967 0.316396 0.536862
0 0.484247 0.660756 0.490397 0.634441 0.479747 0.626576 0.473598 0.652892
0 0.47337 0.76159 0.476146 0.741832 0.464154 0.736505 0.461377 0.756264
0 0.0677934 0.855271 0.0692425 0.830465 0.0517786 0.827241 0.0503295 0.852046
0 0.290078 0.897507 0.292344 0.875968 0.280836 0.872141 0.27857 0.89368
0 0.236107 0.495497 0.238073 0.477914 0.225747 0.473557 0.22378 0.49114
0 0.141185 0.776169 0.145347 0.74906 0.13083 0.742017 0.126669 0.769126
0 0.0263685 0.924145 0.0402249 0.894691 0.0276856 0.876048 0.0138292 0.905502
0 0.389818 0.911687 0.393193 0.872862 0.373499 0.867451 0.370124 0.906277
0 0.425515 0.607097 0.426178 0.588421 0.414032 0.587059 0.413369 0.605735
0 0.145554 0.761614 0.154684 0.735633 0.142278 0.721856 0.133149 0.747837
0 0.565715 0.970018 0.571284 0.938626 0.554558 0.929247 0.548988 0.960639
0 0.397788 0.502795 0.402076 0.476902 0.386735 0.468873 0.382447 0.494766
0 0.415381 0.571723 0.423768 0.551311 0.410888 0.534586 0.402501 0.554998
0 0.410954 0.662346 0.417663 0.640298 0.407629 0.630646 0.400919 0.652695
0 0.10019 0.864677 0.0998307 0.837362 0.0810177 0.838144 0.0813771 0.865459
0 0.498299 0.661573 0.499943 0.642067 0.489383 0.639255 0.487739 0.658761
0 0.256325 0.877804 0.263542 0.849476 0.253356 0.841275 0.246139 0.869603
0 0.601139 0.792382 0.603197 0.772192 0.591652 0.768474 0.589594 0.788663
0 0.843914 0.727548 0.841831 0.684213 0.805275 0.689766 0.807357 0.733101
0 0.270076 0.953369 0.279189 0.930121 0.270894 0.919844 0.261781 0.943092
0 0.230905 0.721716 0.239524 0.701394 0.232231 0.691619 0.223612 0.711941
0 0.191404 1.00939 0.202557 0.992492 0.195697 0.978179 0.184544 0.995074
0 0.261249 0.896545 0.268101 0.870533 0.258595 0.862618 0.251743 0.888631
0 0.469857 0.727542 0.472559 0.702775 0.458905 0.698066 0.456202 0.722834
0 0.283943 0.612147 0.286262 0.591529 0.277064 0.588258 0.274744 0.608876
0 0.624553 0.973127 0.62947 0.951142 0.617932 0.942987 0.613015 0.964972
0 0.260679 1.00159 0.268283 0.965044 0.252355 0.95457 0.244751 0.991118
0 0.551756 0.952315 0.554875 0.918861 0.534497 0.912856 0.531378 0.946311
0 0.138342 0.748287 0.142703 0.723876 0.131274 0.717423 0.126913 0.741834
0 0.0710272 1.00256 0.0794998 0.970384 0.0667997 0.959814 0.0583271 0.991989
0 0.474445 0.659332 0.47685 0.638595 0.466378 0.634756 0.463973 0.655493
0 0.45502 0.708637 0.457187 0.688195 0.442795 0.683371 0.440627 0.703813
0 0.51979 0.998241 0.52905 0.963387 0.513395 0.950242 0.504135 0.985096
0 0.415699 0.894343 0.430673 0.848363 0.414023 0.831225 0.399049 0.877205
0 0.510793 0.792198 0.512808 0.772147 0.50283 0.768977 0.500815 0.789028
0 0.535062 0.63742 0.535913 0.619631 0.524819 0.617955 0.523968 0.635744
0 0.572767 0.726797 0.579927 0.691768 0.561691 0.679987 0.554531 0.715016
0 0.445952 0.519079 0.449142 0.501676 0.432679 0.492136 0.429488 0.509539
0 0.590596 0.623801 0.592801 0.608747 0.582955 0.604189 0.58075 0.619243
0 0.809433 0.59174 0.815021 0.576424 0.796831 0.55545 0.791243 0.570766
0 0.395989 0.898463 0.399161 0.851274 0.37139 0.845374 0.368218 0.892563
0 0.0115609 0.842359 0.0365299 0.825634 0.0317813 0.803229 0.00681239 0.819953
0 0.317081 0.922392 0.324065 0.901366 0.315337 0.892204 0.308353 0.91323
0 0.599165 0.68307 0.601302 0.666814 0.59168 0.662818 0.589543 0.679073
0 0.851758 0.582711 0.853204 0.555008 0.834662 0.551949 0.833216 0.579652
0 0.527319 0.717504 0.529136 0.696884 0.517804 0.693728 0.515987 0.714347
0 0.357421 0.6165 0.360851 0.593205 0.351692 0.588943 0.348263 0.612239
0 0.222367 0.541073 0.22266 0.520906 0.208774 0.520269 0.208481 0.540436
0 0.0225873 0.93834 0.038848 0.898621 0.0253578 0.881166 0.00909714 0.920885
0 0.290935 1.01021 0.303864 0.962947 0.285983 0.947488 0.273054 0.994753
0 0.828189 0.631098 0.836917 0.612598 0.814493 0.579159 0.805764 0.597659
0 0.0543738 0.821442 0.0688921 0.791277 0.0553292 0.770646 0.0408109 0.800811
0 0.250852 0.707139 0.253356 0.688272 0.240558 0.682906 0.238055 0.701772
0 0.144358 0.996508 0.14656 0.971255 0.128779 0.966355 0.126578 0.991608
0 0.339562 0.897495 0.342616 0.874295 0.329669 0.868908 0.326615 0.892108
0 0.330848 0.642666 0.331725 0.623277 0.320049 0.621607 0.319172 0.640997
0 0.955269 0.120311 0.964639 0.0858383 0.950333 0.0735487 0.940963 0.108021
0 0.503869 0.764411 0.506481 0.743096 0.49394 0.738238 0.491328 0.759554
0 0.427474 0.590552 0.429974 0.571411 0.416206 0.565728 0.413706 0.584869
0 0.411709 0.686125 0.415171 0.662114 0.404547 0.657271 0.401084 0.681283
0 0.0931147 0.961221 0.100033 0.930523 0.0890912 0.922729 0.0821729 0.953427
0 0.531906 0.640622 0.532616 0.624597 0.521954 0.623103 0.521244 0.639128
0 0.233749 0.742231 0.235619 0.724953 0.22563 0.721535 0.223759 0.738813
0 0.375927 0.648843 0.379683 0.625617 0.365766 0.618504 0.36201 0.64173
0 0.207805 0.82141 0.236098 0.775606 0.215709 0.735803 0.187417 0.781607
0 0.58934 0.67123 0.593248 0.653891 0.581872 0.645787 0.577964 0.663126
0 0.399348 1.01281 0.416215 0.949574 0.389555 0.927102 0.372689 0.990341
0 0.886814 0.569022 0.89069 0.538045 0.867005 0.528679 0.863129 0.559656
0 0.268294 0.86035 0.272537 0.836854 0.263655 0.831784 0.259411 0.85528
0 0.620209 0.747272 0.628012 0.72753 0.619842 0.717324 0.612039 0.737066
0 0.457112 0.586031 0.459942 0.563527 0.448746 0.559078 0.445917 0.581582
0 0.331522 0.921039 0.33592 0.897923 0.32396 0.890732 0.319562 0.913848
0 0.686782 0.510021 0.690172 0.492833 0.674398 0.483001 0.671008 0.500188
0 0.517648 0.96967 0.53723 0.91227 0.51567 0.889023 0.496088 0.946424
0 0.18916 0.95268 0.196888 0.924698 0.184899 0.914234 0.177171 0.942215
0 0.512874 0.635132 0.514584 0.618531 0.503509 0.614926 0.5018 0.631527
0 0.281334 0.91725 0.28434 0.893243 0.272657 0.88862 0.269652 0.912628
0 0.613486 0.895421 0.61739 0.871628 0.604609 0.864999 0.600704 0.888792
0 0.159225 1.00468 0.162048 0.978597 0.147484 0.973614 0.14466 0.999696
0 0.35906 0.931157 0.365629 0.903069 0.353915 0.89441 0.347346 0.922498
0 0.0755098 0.738622 0.0765496 0.717852 0.064873 0.716005 0.0638332 0.736775
0 0.345902 0.94461 0.352815 0.922366 0.343082 0.912806 0.336169 0.93505
0 0.164801 0.790913 0.177424 0.770802 0.169974 0.756023 0.157351 0.776134
0 0.584551 0.998437 0.584839 0.969488 0.567766 0.96895 0.567478 0.997899
0 0.736225 0.750552 0.737418 0.731867 0.726045 0.72957 0.724851 0.748255
0 0.283503 0.834553 0.286994 0.814938 0.276006 0.808757 0.272515 0.828372
0 0.853534 0.625395 0.853079 0.593374 0.832492 0.594299 0.832947 0.626321
0 0.437592 0.87135 0.451332 0.85878 0.438493 0.814426 0.424753 0.826996
0 0.623808 0.792183 0.62752 0.771463 0.618601 0.766413 0.614889 0.787133
0 0.230914 0.879071 0.238915 0.859237 0.230145 0.848055 0.222144 0.867889
0 0.812033 0.673114 0.817853 0.65274 0.80424 0.640451 0.79842 0.660825
0 0.898558 0.686089 0.903384 0.64571 0.87425 0.634705 0.869424 0.675084
0 0.922225 0.652406 0.922304 0.633038 0.906356 0.632833 0.906277 0.652201
0 0.552283 0.582832 0.553372 0.564019 0.540307 0.561629 0.539218 0.580442
0 0.272017 0.682788 0.278783 0.655503 0.270011 0.648627 0.263244 0.675911
0 0.34758 0.626587 0.350994 0.606518 0.341295 0.601304 0.337881 0.621373
0 0.489961 0.801243 0.494149 0.784473 0.483509 0.776075 0.479321 0.792845
0 0.310422 0.446324 0.312189 0.419699 0.295429 0.416183 0.293662 0.442809
0 0.573072 0.650867 0.574624 0.63371 0.565699 0.631159 0.564147 0.648316
0 0.463961 0.693464 0.464657 0.674134 0.451707 0.672661 0.451011 0.69199
0 0.201326 0.945225 0.206669 0.909677 0.194932 0.904101 0.189589 0.939649
0 0.317437 0.841366 0.319025 0.82049 0.300008 0.815918 0.29842 0.836794
0 0.599375 0.807472 0.599908 0.79036 0.588127 0.7892 0.587594 0.806313
0 0.93989 0.705783 0.940047 0.680125 0.919446 0.679726 0.919289 0.705384
0 0.297889 0.688951 0.301881 0.664647 0.28622 0.656517 0.282228 0.680821
0 0.546979 0.993934 0.554291 0.974901 0.540204 0.957796 0.532892 0.97683
0 0.181012 0.765525 0.19213 0.743923 0.184158 0.730957 0.173041 0.752559
0 0.615157 0.98034 0.619197 0.953558 0.604105 0.946364 0.600065 0.973146
0 0.291388 0.855304 0.294931 0.832785 0.282015 0.826361 0.278471 0.84888
0 0.55894 0.663906 0.560979 0.643503 0.549645 0.639923 0.547606 0.660327
0 0.595502 0.698959 0.598216 0.685292 0.58825 0.679036 0.585536 0.692704
0 0.35278 0.78876 0.356708 0.762565 0.342855 0.755998 0.338926 0.782193
0 0.634472 0.806945 0.636799 0.788565 0.624621 0.783692 0.622294 0.802072
0 0.126979 0.841671 0.130062 0.815506 0.118053 0.811034 0.11497 0.837199
0 0.287297 0.738587 0.288381 0.715902 0.274252 0.713768 0.273168 0.736453
0 0.6569 0.679749 0.657181 0.651552 0.64087 0.651037 0.640588 0.679235
0 0.534347 0.736451 0.534681 0.715786 0.520598 0.715066 0.520264 0.735731
0 0.560997 0.784307 0.563732 0.764493 0.553201 0.759899 0.550466 0.779713
0 0.260497 0.666101 0.265432 0.620057 0.230387 0.608185 0.225452 0.65423
0 0.640466 0.829559 0.642306 0.807459 0.630212 0.804277 0.628372 0.826377
0 0.245643 0.874868 0.254134 0.84905 0.245086 0.839645 0.236595 0.865463
0 0.502774 1.00519 0.507261 0.970238 0.489923 0.963203 0.485436 0.99815
0 0.490549 0.582308 0.496107 0.560819 0.485954 0.55252 0.480396 0.574009
0 0.560452 0.995725 0.568812 0.980324 0.554629 0.95599 0.546269 0.971391
0 0.220883 0.876654 0.223553 0.850435 0.209738 0.845989 0.207069 0.872209
0 0.500506 0.591457 0.503976 0.570991 0.494188 0.565746 0.490718 0.586213
0 0.903802 0.638637 0.911068 0.615443 0.894954 0.599487 0.887687 0.622681
0 0.326942 0.657969 0.329281 0.640674 0.317736 0.635739 0.315396 0.653034
0 0.473068 0.754424 0.476165 0.733493 0.464845 0.7282 0.461749 0.74913
0 0.51096 0.722043 0.515599 0.701559 0.50251 0.692191 0.497871 0.712675
0 0.440502 0.696596 0.442055 0.674412 0.429673 0.671674 0.428121 0.693858
0 0.579826 0.506464 0.582293 0.476593 0.565274 0.472151 0.562808 0.502023
0 0.14867 0.957442 0.153119 0.933472 0.139744 0.925625 0.135294 0.949595
0 0.287894 0.490606 0.290797 0.472487 0.280342 0.467193 0.277439 0.485313
0 0.607923 0.66995 0.609241 0.652997 0.599078 0.6505 0.59776 0.667453
0 0.294447 0.67246 0.306014 0.648469 0.283337 0.613916 0.271771 0.637907
0 0.457535 0.533993 0.460117 0.510103 0.447176 0.505682 0.444593 0.529572
0 0.17578 0.748438 0.181676 0.711361 0.151504 0.696197 0.145608 0.733274
0 0.541625 0.84863 0.548774 0.827939 0.539432 0.817739 0.532284 0.83843
0 0.419581 0.630095 0.421004 0.612023 0.404716 0.607971 0.403293 0.626043
0 0.246947 0.558632 0.247943 0.540622 0.238853 0.539034 0.237858 0.557043
0 0.299157 0.745062 0.300244 0.716498 0.28729 0.714941 0.286203 0.743505
0 0.123105 0.975752 0.144588 0.928968 0.126098 0.902132 0.104614 0.948916
0 0.17766 0.829055 0.180552 0.801537 0.163729 0.79595 0.160837 0.823467
0 0.288772 0.585402 0.290353 0.567076 0.280386 0.564359 0.278806 0.582686
0 0.463557 0.480305 0.465295 0.464215 0.454609 0.460566 0.452871 0.476656
0 0.913652 0.76612 0.920853 0.743936 0.903511 0.726147 0.896311 0.74833
0 0.0833323 0.325828 0.10574 0.301771 0.0830546 0.234991 0.0606469 0.259048
0 0.14405 0.834447 0.15361 0.817198 0.146363 0.804503 0.136802 0.821752
0 0.563992 0.810781 0.565333 0.794984 0.553499 0.791809 0.552158 0.807606
0 0.902458 0.65337 0.906196 0.635041 0.891461 0.625546 0.887723 0.643874
0 0.104573 0.972399 0.117812 0.947121 0.10975 0.933775 0.096511 0.959054
0 0.269886 0.903854 0.274796 0.882604 0.266126 0.876272 0.261215 0.897521
0 0.465512 0.578346 0.471086 0.562936 0.462403 0.55301 0.456829 0.56842
0 0.535251 0.616717 0.537543 0.598804 0.528439 0.595121 0.526146 0.613034
0 0.43763 0.611299 0.438777 0.591646 0.424806 0.589069 0.423659 0.608721
0 0.234869 0.532955 0.239388 0.504485 0.226107 0.497822 0.221588 0.526292
0 0.0946995 0.824712 0.0968113 0.798192 0.0764986 0.79308 0.0743868 0.8196
0 0.527769 0.820953 0.528754 0.799049 0.512965 0.796804 0.511979 0.818707
0 0.44094 0.791025 0.442824 0.76455 0.425754 0.76071 0.42387 0.787186
0 0.634251 0.787642 0.637364 0.766265 0.627399 0.761678 0.624286 0.783055
0 0.347555 0.990794 0.354211 0.971833 0.345264 0.961908 0.338609 0.980869
0 0.567581 0.665771 0.571662 0.648336 0.561894 0.641111 0.557814 0.658547
0 0.313137 0.560573 0.314516 0.539811 0.302539 0.537297 0.30116 0.55806
0 0.177191 0.801459 0.19727 0.776609 0.189227 0.756071 0.169148 0.780921
0 0.569072 0.577333 0.573178 0.557992 0.563089 0.551222 0.558982 0.570563
0 0.584541 0.793104 0.591046 0.773278 0.582136 0.764039 0.575632 0.783865
0 0.495385 0.879047 0.500908 0.859623 0.487197 0.847302 0.481674 0.866726
0 0.0568968 0.770206 0.0606217 0.745847 0.0344714 0.733209 0.0307466 0.757569
0 0.887894 0.634327 0.888497 0.593657 0.858462 0.59225 0.85786 0.63292
0 0.461142 0.739721 0.462275 0.720852 0.450849 0.718683 0.449716 0.737552
0 0.476561 0.829713 0.482153 0.806467 0.463158 0.792027 0.457566 0.815273
0 0.0127479 0.82782 0.0212461 0.796406 0.00565325 0.783074 -0.00284502 0.814488
0 0.486926 0.595173 0.491492 0.575519 0.481226 0.567981 0.47666 0.587635
0 0.521362 0.677657 0.522418 0.66332 0.513056 0.66114 0.512 0.675478
0 0.566359 0.623751 0.569075 0.608591 0.560591 0.603787 0.557875 0.618947
0 0.10423 0.840534 0.104607 0.817548 0.0881584 0.816694 0.0877807 0.83968
0 0.137138 0.859178 0.141153 0.837287 0.131293 0.831572 0.127278 0.853463
0 0.628761 0.821273 0.629054 0.801705 0.615377 0.801058 0.615084 0.820626
0 0.386644 0.839021 0.39081 0.81324 0.376578 0.805971 0.372411 0.831751
0 0.290992 0.778784 0.295156 0.742636 0.271893 0.734166 0.267729 0.770314
0 0.249372 0.584671 0.252616 0.56032 0.240382 0.555168 0.237137 0.579519
0 0.503081 0.673723 0.50381 0.656204 0.492907 0.65477 0.492178 0.672289
