0 0.501592 0.960172 0.511497 0.860041 0.445596 0.839438 0.435691 0.939569
0 0.987427 1.07415 1.02256 0.864176 0.81223 0.752963 0.777101 0.962933
0 0.233475 0.995541 0.244226 0.964906 0.229 0.948018 0.218249 0.978653
0 0.506186 0.872301 0.510664 0.827633 0.476155 0.816701 0.471678 0.861369
0 0.442081 0.943599 0.458262 0.904915 0.441634 0.882932 0.425453 0.921616
0 0.199524 0.75349 0.203414 0.720252 0.181834 0.712271 0.177944 0.745508
0 0.57573 0.849785 0.57624 0.808477 0.554213 0.807619 0.553704 0.848927
0 0.524088 0.89471 0.52416 0.855639 0.504175 0.855523 0.504103 0.894593
0 0.539387 0.577335 0.539004 0.527227 0.509738 0.527933 0.51012 0.578041
0 0.180968 0.785464 0.181681 0.758123 0.165921 0.756825 0.165208 0.784165
0 0.206473 0.965888 0.22346 0.83479 0.169052 0.812509 0.152065 0.943607
0 0.0707712 0.865415 0.0684637 0.828895 0.045044 0.833571 0.0473515 0.870091
0 0.446978 0.872488 0.44982 0.807543 0.424685 0.804067 0.421843 0.869012
0 0.597253 0.96153 0.580957 0.867382 0.53611 0.891917 0.552406 0.986065
0 0.507442 0.831693 0.515035 0.798592 0.500619 0.788141 0.493026 0.821242
0 0.412407 0.917075 0.430483 0.861775 0.409698 0.840304 0.391622 0.895604
0 0.166127 0.79607 0.170217 0.77155 0.150231 0.761015 0.146141 0.785535
0 0.116067 0.930797 0.127301 0.888212 0.108173 0.872264 0.0969389 0.91485
0 0.964163 0.786422 0.95984 0.726532 0.930667 0.733188 0.93499 0.793078
0 0.0450752 0.854464 0.0453943 0.811265 0.0236386 0.810757 0.0233196 0.853956
0 0.13817 0.926992 0.137622 0.897097 0.118882 0.898184 0.11943 0.928079
0 0.537202 0.892103 0.536808 0.858683 0.520055 0.859306 0.520448 0.892727
0 0.265391 1.00191 0.268173 0.967779 0.249431 0.962952 0.24665 0.997084
0 0.610409 0.837659 0.609927 0.812911 0.592883 0.813962 0.593366 0.83871
0 0.168893 1.02262 0.216669 0.992942 0.206177 0.939562 0.158401 0.969241
0 0.508341 0.797858 0.520654 0.763949 0.509543 0.751197 0.49723 0.785106
0 0.498158 0.984237 0.511989 0.935282 0.488886 0.914652 0.475055 0.963608
0 0.591903 0.877833 0.593824 0.838251 0.572307 0.83495 0.570386 0.874532
0 0.262054 0.969043 0.264208 0.9384 0.246315 0.934426 0.244161 0.965068
0 0.542084 0.93966 0.5497 0.890535 0.531881 0.881803 0.524265 0.930928
0 0.979165 0.601996 0.98296 0.549 0.93369 0.53785 0.929895 0.590846
0 0.437489 0.771037 0.438562 0.730911 0.41631 0.729031 0.415237 0.769157
0 0.606684 0.817698 0.6089 0.787453 0.591796 0.783493 0.58958 0.813738
0 0.0413194 0.906034 0.0435084 0.879108 0.0195117 0.872943 0.0173227 0.899868
0 0.438828 0.914287 0.448594 0.880829 0.42806 0.861885 0.418293 0.895342
0 0.597837 0.708383 0.600155 0.680792 0.584475 0.676627 0.582157 0.704219
0 0.194367 0.719807 0.195195 0.698084 0.178566 0.696081 0.177738 0.717804
0 0.33115 0.936419 0.333325 0.906693 0.311907 0.901741 0.309732 0.931467
0 0.541901 0.832276 0.54501 0.807215 0.530322 0.801456 0.527213 0.826517
0 0.346903 0.916157 0.353752 0.886753 0.340953 0.877331 0.334104 0.906734
0 0.0859516 0.844656 0.0872236 0.803099 0.0642828 0.80088 0.0630108 0.842437
0 0.417572 0.86305 0.419358 0.819424 0.392149 0.815903 0.390363 0.859529
0 0.385224 0.997469 0.396583 0.970241 0.385135 0.955146 0.373776 0.982375
0 0.79172 1.04129 0.841107 0.96048 0.759013 0.801923 0.709626 0.882737
0 0.168638 0.7283 0.178372 0.713248 0.169808 0.695744 0.160074 0.710796
0 0.525945 0.853082 0.531989 0.807144 0.512816 0.799171 0.506772 0.845109
0 0.279809 0.997801 0.280839 0.972932 0.2651 0.970873 0.264071 0.995742
0 0.101723 0.713953 0.107599 0.670178 0.0699013 0.654184 0.0640248 0.697958
0 0.186643 0.60449 0.184768 0.550605 0.14897 0.55454 0.150844 0.608426
0 0.261203 0.926961 0.271235 0.899897 0.261094 0.888018 0.251063 0.915081
0 0.661413 0.570868 0.663968 0.529158 0.638339 0.524196 0.635784 0.565906
0 0.446113 0.743001 0.455769 0.711062 0.440951 0.696903 0.431295 0.728842
0 0.545779 0.984828 0.551471 0.944535 0.536062 0.937655 0.53037 0.977949
0 0.524051 0.680668 0.523296 0.657021 0.502752 0.659096 0.503508 0.682742
0 0.316544 0.954077 0.316215 0.927622 0.294692 0.928467 0.295021 0.954922
0 0.611688 0.872348 0.61267 0.83572 0.592609 0.834019 0.591627 0.870647
0 0.497388 0.797443 0.503475 0.774975 0.491977 0.76513 0.48589 0.787598
0 0.450338 0.810173 0.454427 0.770525 0.43445 0.764014 0.430361 0.803662
0 0.248756 0.934149 0.256084 0.909651 0.241802 0.896148 0.234474 0.920646
0 0.978464 0.731889 0.982759 0.691234 0.961662 0.684191 0.957368 0.724846
0 0.46936 0.800962 0.474358 0.765133 0.454267 0.756275 0.449269 0.792104
0 0.199486 0.617337 0.200264 0.59738 0.18707 0.595754 0.186292 0.615711
0 0.790961 0.390489 0.794477 0.334631 0.763829 0.328534 0.760313 0.384392
0 0.531777 0.661314 0.540193 0.642131 0.526968 0.623792 0.518551 0.642974
0 0.281626 0.976244 0.28399 0.951648 0.266095 0.946212 0.263731 0.970809
0 0.174394 0.988203 0.170533 0.919124 0.13746 0.924967 0.141322 0.994046
0 0.315142 0.971944 0.330286 0.949903 0.322567 0.933142 0.307423 0.955183
0 0.300239 0.78788 0.300461 0.767199 0.287025 0.766743 0.286803 0.787423
0 0.567099 0.884936 0.577334 0.869004 0.562875 0.839647 0.55264 0.855579
0 0.0716539 0.898979 0.0736961 0.874209 0.052832 0.868772 0.0507897 0.893542
0 0.252098 0.975364 0.25737 0.950133 0.243544 0.941003 0.238272 0.966234
0 0.57625 0.680866 0.579356 0.653206 0.562961 0.647386 0.559854 0.675046
0 0.527821 0.770194 0.532067 0.750235 0.517095 0.740172 0.51285 0.76013
0 0.678203 0.603921 0.673424 0.570701 0.647566 0.582458 0.652345 0.615677
0 0.143452 0.825081 0.159395 0.79777 0.145663 0.772435 0.12972 0.799746
0 0.0530906 0.89164 0.0574981 0.865613 0.0393293 0.855889 0.0349218 0.881916
0 0.18471 0.763032 0.185324 0.741889 0.170049 0.740488 0.169435 0.76163
0 0.223396 0.973087 0.229825 0.943953 0.217276 0.9352 0.210846 0.964334
0 0.214113 0.745191 0.217061 0.715779 0.200742 0.71061 0.197794 0.740022
0 0.117346 0.860753 0.113928 0.816828 0.0819708 0.824689 0.0853893 0.868613
0 0.176229 0.632167 0.178063 0.607425 0.162846 0.60386 0.161012 0.628602
0 0.514594 0.743584 0.51591 0.725362 0.503224 0.722468 0.501908 0.740689
0 0.0178125 0.919419 0.0184862 0.88248 -0.00185667 0.881308 -0.00253037 0.918246
0 0.991398 0.671691 0.999729 0.642038 0.977453 0.622258 0.969122 0.651911
0 0.171826 0.71402 0.180149 0.693617 0.167672 0.677529 0.159349 0.697932
0 0.515086 0.995788 0.520795 0.959489 0.505308 0.95179 0.499598 0.988089
0 0.42414 0.950666 0.433578 0.922264 0.422467 0.910595 0.413029 0.938997
0 0.300036 0.969522 0.302719 0.948052 0.291532 0.943634 0.288849 0.965104
0 0.353382 1.01454 0.371539 0.980795 0.358638 0.958858 0.340481 0.992608
0 0.469517 0.531258 0.47206 0.49924 0.455453 0.495071 0.45291 0.52709
0 0.287568 0.984839 0.291047 0.95734 0.269914 0.948889 0.266435 0.976388
0 0.961198 0.552036 0.964732 0.522252 0.932487 0.510161 0.928954 0.539944
0 0.400847 0.934292 0.403194 0.885288 0.375602 0.881113 0.373256 0.930117
0 0.292261 0.959918 0.292859 0.934527 0.275728 0.933251 0.275129 0.958642
0 0.308524 0.928175 0.311562 0.905635 0.301538 0.901365 0.2985 0.923905
0 0.583557 0.719264 0.585659 0.692107 0.57141 0.688623 0.569309 0.715779
0 0.985875 0.560268 0.989036 0.535805 0.9631 0.525212 0.959939 0.549675
0 0.0674782 0.926106 0.0818551 0.900573 0.0704659 0.880305 0.056089 0.905838
0 0.615866 0.80429 0.618044 0.783119 0.60623 0.779277 0.604052 0.800449
0 0.320502 0.989421 0.323857 0.965739 0.312209 0.960524 0.308854 0.984206
0 0.0916045 0.876976 0.0888259 0.845378 0.0678141 0.851218 0.0705927 0.882816
0 0.584087 0.737477 0.585704 0.716042 0.573285 0.713081 0.571668 0.734516
0 0.138963 0.903041 0.143029 0.871743 0.125757 0.864651 0.121691 0.89595
0 0.648433 0.81556 0.652278 0.797434 0.63128 0.783356 0.627434 0.801482
0 0.402201 0.958905 0.408685 0.930024 0.393406 0.919184 0.386923 0.948065
0 0.964929 0.696507 0.967678 0.671227 0.942214 0.662477 0.939465 0.687757
0 0.325879 0.910609 0.330144 0.884427 0.316744 0.877527 0.312478 0.90371
0 0.63678 0.591434 0.647106 0.56791 0.62946 0.54343 0.619134 0.566954
0 0.19813 0.767202 0.198397 0.747313 0.18476 0.746735 0.184493 0.766623
0 0.899311 0.774202 0.909137 0.754071 0.890163 0.724803 0.880338 0.744934
0 0.427394 0.825449 0.426095 0.792605 0.404679 0.795283 0.405978 0.828126
0 0.0177163 0.83628 0.0199531 0.798552 -0.000703995 0.794681 -0.00294078 0.832409
0 0.219496 0.95076 0.222164 0.924169 0.208556 0.919854 0.205888 0.946445
0 0.2183 0.717399 0.227008 0.669542 0.209148 0.65927 0.200439 0.707128
0 0.143977 0.783774 0.152405 0.75435 0.139993 0.743114 0.131565 0.772538
0 0.883295 0.777253 0.893167 0.743906 0.872114 0.724207 0.862242 0.757555
0 0.0226826 0.801443 0.0223089 0.769036 -0.00192348 0.769919 -0.00154978 0.802326
0 0.522976 0.729065 0.526088 0.703585 0.513126 0.698581 0.510014 0.724062
0 0.232388 0.945912 0.241674 0.922153 0.231324 0.909368 0.222038 0.933127
0 0.415175 0.933725 0.433011 0.908958 0.42123 0.882145 0.403394 0.906912
0 0.989958 0.533091 0.989072 0.48676 0.933315 0.490129 0.9342 0.53646
0 0.15446 0.74992 0.166075 0.730429 0.158031 0.715278 0.146415 0.73477
0 0.926037 0.759672 0.934799 0.736826 0.916491 0.714636 0.907729 0.737481
0 0.673956 0.798051 0.674696 0.758484 0.649453 0.756992 0.648713 0.796559
0 0.495395 0.665739 0.505116 0.638111 0.495274 0.627166 0.485553 0.654794
0 0.0856898 0.803663 0.080025 0.752812 0.0395752 0.767053 0.04524 0.817904
0 0.533687 0.798725 0.540357 0.785775 0.529924 0.768792 0.523254 0.781743
0 0.403043 1.00458 0.402915 0.983682 0.384328 0.984043 0.384456 1.00494
0 0.926363 0.785305 0.939028 0.753886 0.918567 0.727821 0.905903 0.759239
0 0.0607956 0.947445 0.0844023 0.924776 0.0771639 0.900952 0.0535572 0.923621
0 0.244392 0.951194 0.24859 0.929056 0.238231 0.922848 0.234033 0.944986
0 0.597431 0.60377 0.598875 0.580058 0.585473 0.577477 0.584029 0.601189
0 0.220191 0.992106 0.224579 0.963902 0.211712 0.957575 0.207324 0.985778
0 0.723606 0.805649 0.741107 0.77085 0.713882 0.727578 0.696381 0.762376
0 0.603655 0.639549 0.606454 0.609035 0.592064 0.604864 0.589266 0.635378
0 0.170677 0.75418 0.177227 0.732436 0.167052 0.722749 0.160502 0.744494
0 0.0282948 0.845005 0.0289308 0.794273 0.00250932 0.793226 0.00187333 0.843958
0 0.392079 0.891919 0.40225 0.854541 0.385535 0.840167 0.375365 0.877545
0 0.112605 0.809598 0.126866 0.790307 0.120083 0.774459 0.105822 0.79375
0 0.121573 0.858112 0.151195 0.832197 0.141636 0.797665 0.112014 0.82358
0 0.590867 0.842731 0.593114 0.819455 0.578358 0.814952 0.576111 0.838229
0 0.359121 0.931444 0.36516 0.908578 0.353811 0.899104 0.347771 0.921969
0 0.623579 0.827338 0.627141 0.806763 0.6125 0.798752 0.608938 0.819327
0 1.01417 0.881477 1.01819 0.73531 0.966375 0.730807 0.962356 0.876974
0 0.313252 1.0052 0.313742 0.98645 0.302745 0.985542 0.302255 1.00429
0 0.592543 1.00883 0.595653 0.978298 0.57315 0.971057 0.570041 1.00159
0 0.0921666 0.922433 0.107526 0.893486 0.0961303 0.874377 0.0807713 0.903324
0 0.404164 0.734116 0.415176 0.709564 0.396956 0.683736 0.385944 0.708288
0 0.558896 0.887875 0.562998 0.863163 0.549316 0.855987 0.545215 0.880699
0 0.101159 0.33148 0.119039 0.314785 0.105456 0.268812 0.0875765 0.285507
0 0.190374 0.693532 0.19642 0.672505 0.175464 0.653462 0.169418 0.674489
0 0.186227 0.638359 0.190746 0.617867 0.18073 0.610886 0.176211 0.631378
0 0.227587 0.932344 0.237071 0.906573 0.228159 0.896207 0.218675 0.921979
0 0.164406 0.813245 0.174667 0.795585 0.166796 0.781128 0.156534 0.798788
0 0.286026 0.939454 0.287851 0.921191 0.275111 0.917167 0.273286 0.93543
0 0.744269 0.798237 0.774041 0.761324 0.760149 0.725911 0.730376 0.762824
0 0.372337 0.861016 0.373545 0.840428 0.362469 0.838374 0.361261 0.858963
0 0.28125 0.902611 0.28364 0.880989 0.273646 0.877497 0.271256 0.89912
0 0.164122 0.764972 0.165332 0.744733 0.148826 0.741615 0.147616 0.761854
0 0.00875999 0.853929 0.0104369 0.830514 -0.00232238 0.827626 -0.00399925 0.851041
0 0.335354 0.416917 0.33494 0.380692 0.305587 0.381753 0.306001 0.417977
0 0.495618 0.812537 0.497707 0.789273 0.484542 0.785538 0.482454 0.808802
0 0.559125 0.687699 0.562107 0.657261 0.545718 0.652188 0.542737 0.682625
0 0.193454 0.704128 0.199508 0.68195 0.182675 0.667427 0.176621 0.689605
0 0.283641 1.00616 0.28403 0.988628 0.271793 0.98777 0.271403 1.0053
0 0.675835 0.776018 0.687942 0.750049 0.66451 0.715524 0.652403 0.741493
0 0.294859 1.00167 0.299623 0.972712 0.287625 0.966475 0.282862 0.995435
0 0.572363 1.00647 0.574879 0.976686 0.552381 0.97068 0.549865 1.00047
0 0.538474 0.856064 0.541081 0.833791 0.530241 0.829781 0.527634 0.852054
0 0.737781 0.628163 0.737707 0.59114 0.714767 0.591286 0.714841 0.628309
0 0.288069 0.923025 0.291336 0.902079 0.279753 0.896369 0.276486 0.917316
0 0.0661303 0.753983 0.0839005 0.716979 0.0692615 0.694761 0.0514913 0.731764
0 0.052811 0.902597 0.0561068 0.879015 0.0422187 0.87288 0.0389228 0.896463
0 0.211613 0.968369 0.216767 0.94755 0.202964 0.936749 0.197809 0.957567
0 0.536216 0.801876 0.542692 0.792517 0.533657 0.772758 0.527181 0.782117
0 0.527568 0.388621 0.529413 0.362906 0.51547 0.359744 0.513625 0.385459
0 0.0143512 0.984327 0.0149934 0.941167 -0.00277302 0.940332 -0.00341513 0.983492
0 0.591915 0.63246 0.595011 0.602717 0.581412 0.598244 0.578317 0.627987
0 0.127151 0.853678 0.153082 0.812171 0.134212 0.774911 0.10828 0.816418
0 0.736407 0.992946 0.730613 0.906906 0.694542 0.914583 0.700336 1.00062
0 0.915826 0.712885 0.918338 0.691314 0.899379 0.684335 0.896866 0.705906
0 0.0830384 0.903833 0.0953138 0.883629 0.0872978 0.868236 0.0750223 0.88844
0 0.0789985 0.9572 0.0912074 0.935801 0.0817496 0.918747 0.0695407 0.940147
0 0.172427 0.872313 0.17498 0.842574 0.159378 0.838341 0.156824 0.86808
0 0.271891 0.955749 0.275756 0.933287 0.264197 0.927001 0.260332 0.949463
0 0.499909 0.748475 0.500969 0.729786 0.490091 0.727837 0.489032 0.746526
0 0.266541 0.940844 0.271833 0.919045 0.262188 0.911644 0.256896 0.933443
0 0.602556 1.01769 0.634843 0.982031 0.603255 0.891638 0.570969 0.927295
0 1.00276 0.549338 1.00394 0.524003 0.989369 0.521862 0.988191 0.547196
0 0.480404 1.01427 0.478779 0.931467 0.414039 0.935482 0.415664 1.01828
0 0.381361 0.712228 0.385173 0.667377 0.36159 0.661042 0.357778 0.705893
0 0.267056 0.710735 0.270491 0.686369 0.256331 0.68006 0.252896 0.704427
0 0.474925 1.01497 0.489166 0.960736 0.450429 0.928585 0.436188 0.982815
0 0.0398881 0.794696 0.0418303 0.772164 0.0293379 0.768761 0.0273957 0.791293
0 0.616971 0.108876 0.625503 0.0520492 0.605107 0.0423707 0.596575 0.0991979
0 0.0520687 0.931715 0.0581064 0.902109 0.0430027 0.892374 0.036965 0.92198
0 0.181514 0.823801 0.182797 0.806311 0.171544 0.803703 0.170262 0.821193
0 0.479979 0.841444 0.485047 0.787065 0.458636 0.779285 0.453568 0.833664
0 0.313363 0.872317 0.314811 0.853131 0.30407 0.850568 0.302622 0.869754
0 0.607709 0.594392 0.649219 0.525146 0.62423 0.477803 0.58272 0.547049
0 0.677521 0.166642 0.672803 0.118895 0.65251 0.125234 0.657229 0.17298
0 0.412863 1.01853 0.445126 0.97792 0.42773 0.934234 0.395466 0.974841
0 0.235852 0.962109 0.238844 0.94348 0.228426 0.938192 0.225434 0.956821
0 1.00045 0.71454 1.00157 0.682742 0.984544 0.680858 0.98343 0.712656
0 0.132251 0.71132 0.129024 0.681728 0.105895 0.689699 0.109122 0.719291
0 0.239237 0.77058 0.24233 0.748738 0.2232 0.740174 0.220106 0.762015
0 0.527799 0.133117 0.530039 0.0889365 0.496958 0.0836342 0.494718 0.127815
0 0.542734 0.622258 0.55843 0.60166 0.543059 0.564642 0.527363 0.585241
0 0.534908 0.748371 0.535943 0.72597 0.520597 0.723728 0.519562 0.746128
0 0.292211 0.840788 0.295737 0.823031 0.287181 0.817662 0.283655 0.83542
0 0.393959 0.896779 0.40532 0.863802 0.390488 0.847653 0.379127 0.88063
0 0.153122 1.00865 0.155543 0.973472 0.120698 0.965892 0.118277 1.00107
0 0.426676 0.72984 0.429055 0.704382 0.41396 0.699923 0.411581 0.725381
0 0.156468 0.833278 0.168773 0.812546 0.160402 0.796844 0.148097 0.817576
0 0.030535 0.892041 0.0301452 0.846333 -0.0031766 0.847231 -0.00278681 0.892939
0 0.394902 0.564624 0.396624 0.542396 0.385245 0.539611 0.383523 0.561839
0 0.637898 0.874328 0.645536 0.849148 0.626523 0.830921 0.618885 0.856101
0 0.0707393 0.723037 0.0757189 0.695092 0.0607105 0.68664 0.055731 0.714585
0 0.174644 0.826897 0.176418 0.80908 0.166553 0.805976 0.164779 0.823793
0 0.700507 0.374627 0.706988 0.311153 0.676277 0.301243 0.669797 0.364718
0 0.335546 0.942819 0.338567 0.923821 0.328647 0.918836 0.325627 0.937834
0 0.0407276 0.879397 0.0413579 0.84878 0.0189119 0.84732 0.0182816 0.877937
0 0.916054 0.797732 0.922194 0.774461 0.899913 0.755882 0.893773 0.779153
0 0.640148 0.828938 0.643341 0.807704 0.627818 0.800328 0.624626 0.821562
0 0.513029 0.752154 0.515709 0.7328 0.501865 0.726742 0.499185 0.746096
0 0.312123 0.907703 0.316488 0.88549 0.305693 0.878786 0.301328 0.900999
0 0.362749 0.907199 0.378024 0.880648 0.36991 0.865895 0.354635 0.892446
0 0.529868 0.614074 0.538079 0.595699 0.52501 0.577243 0.5168 0.595617
0 0.527256 0.833796 0.530204 0.794876 0.512219 0.790571 0.509272 0.829492
0 0.54678 0.874491 0.549032 0.848595 0.535682 0.844926 0.53343 0.870821
0 0.400881 0.418426 0.404783 0.391294 0.389033 0.384136 0.385132 0.411268
0 0.535781 1.00457 0.539909 0.979957 0.522139 0.970535 0.51801 0.995143
0 0.601669 0.981505 0.635065 0.951078 0.605435 0.84829 0.572038 0.878716
0 0.359042 0.908157 0.3723 0.88362 0.363559 0.868693 0.350301 0.893229
0 0.58994 0.801585 0.594324 0.783682 0.583795 0.775533 0.579411 0.793436
0 0.261587 0.890155 0.266132 0.873754 0.257481 0.866176 0.252935 0.882577
0 0.513661 0.657602 0.517518 0.635912 0.504534 0.628614 0.500677 0.650304
0 0.164061 0.924537 0.163338 0.878658 0.135056 0.880068 0.135779 0.925946
0 0.341308 0.95831 0.348365 0.934999 0.337004 0.924127 0.329946 0.947438
0 0.539962 0.759662 0.543543 0.742482 0.534058 0.736234 0.530477 0.753415
0 0.189301 0.831688 0.190504 0.815851 0.179283 0.813159 0.178081 0.828996
0 0.517801 0.657324 0.522685 0.636307 0.510177 0.627119 0.505292 0.648136
0 0.56174 0.401795 0.569244 0.380852 0.555156 0.364897 0.547652 0.38584
0 0.219416 0.930227 0.225069 0.906262 0.214479 0.898366 0.208825 0.92233
0 0.590969 0.819756 0.594017 0.801688 0.579864 0.794142 0.576816 0.81221
0 0.896868 0.719764 0.902767 0.701543 0.887912 0.686343 0.882013 0.704564
