0 0.503871 1.02853 0.525822 0.933976 0.45951 0.88532 0.437559 0.97987
0 0.988467 1.07823 1.0246 0.866653 0.809847 0.750746 0.773715 0.962325
0 0.575618 0.60961 0.574434 0.555406 0.543689 0.557528 0.544872 0.611732
0 0.537969 0.95879 0.537704 0.917052 0.51686 0.917471 0.517125 0.959209
0 0.448344 0.961629 0.458963 0.925742 0.437875 0.906019 0.427255 0.941906
0 0.636721 0.894127 0.638383 0.857808 0.619213 0.855035 0.617551 0.891354
0 0.599759 0.924124 0.60142 0.87724 0.575392 0.874326 0.573731 0.92121
0 0.0867695 0.443437 0.1065 0.387403 0.0663201 0.342688 0.0465897 0.398722
0 0.419504 0.962819 0.441421 0.909033 0.4205 0.88209 0.398583 0.935876
0 0.553679 0.722459 0.553379 0.696323 0.527596 0.69726 0.527896 0.723396
0 0.462338 0.914415 0.463133 0.84611 0.436113 0.845117 0.435318 0.913421
0 0.707337 0.622761 0.713162 0.576954 0.685827 0.565968 0.680001 0.611774
0 0.133035 0.915331 0.146421 0.879331 0.130321 0.860411 0.116935 0.896411
0 0.187459 0.7887 0.193628 0.767037 0.176262 0.751406 0.170093 0.77307
0 0.221827 0.746817 0.227645 0.71571 0.205733 0.702755 0.199914 0.733862
0 0.630566 0.764099 0.632598 0.735717 0.615966 0.731952 0.613933 0.760335
0 0.203049 0.971088 0.247088 0.853192 0.199852 0.797428 0.155814 0.915323
0 0.53737 0.791613 0.540427 0.774181 0.528189 0.767398 0.525132 0.78483
0 0.612152 0.920441 0.619176 0.896712 0.607276 0.885578 0.600251 0.909308
0 0.729582 0.6661 0.723388 0.62437 0.692553 0.638836 0.698747 0.680565
0 0.30505 0.885406 0.311928 0.857563 0.300147 0.848364 0.293269 0.876207
0 0.172924 0.813631 0.181942 0.77668 0.167155 0.765275 0.158138 0.802226
0 0.0699434 0.879437 0.0730181 0.852704 0.0521212 0.845108 0.0490465 0.871841
0 0.550999 1.00815 0.568202 0.969399 0.554264 0.949844 0.537062 0.988593
0 0.20526 0.778709 0.207212 0.752101 0.191993 0.748574 0.190042 0.775182
0 0.101038 0.844962 0.101114 0.811117 0.0776075 0.81095 0.0775314 0.844795
0 0.114982 0.826807 0.117092 0.782401 0.0948306 0.779057 0.0927202 0.823464
0 0.208883 0.62846 0.211031 0.600961 0.19726 0.59756 0.195111 0.625059
0 0.551066 0.962945 0.554674 0.931904 0.53546 0.924847 0.531853 0.955889
0 0.127651 0.707786 0.145922 0.675528 0.121193 0.631262 0.102922 0.66352
0 0.0763609 0.828946 0.0825408 0.792161 0.0637594 0.782189 0.0575795 0.818974
0 0.23904 0.717512 0.254949 0.677429 0.240755 0.659623 0.224845 0.699707
0 0.612551 0.969436 0.618734 0.916506 0.593212 0.907084 0.587029 0.960014
0 0.530462 0.846399 0.541365 0.809573 0.530756 0.799647 0.519854 0.836473
0 0.460253 0.798468 0.454665 0.757264 0.428842 0.768332 0.43443 0.809536
0 0.212725 0.704582 0.213151 0.684259 0.199626 0.683363 0.1992 0.703686
0 0.456689 0.993934 0.465564 0.945163 0.443467 0.932454 0.434592 0.981226
0 0.418102 0.531031 0.42407 0.50105 0.406009 0.489687 0.400041 0.519668
0 0.786167 1.04183 0.836983 0.962019 0.755689 0.798437 0.704873 0.87825
0 0.522126 0.893832 0.533769 0.857558 0.520716 0.844316 0.509073 0.88059
0 0.0500403 0.889403 0.0498574 0.823217 -0.00210005 0.823671 -0.00191717 0.889857
0 0.224212 0.589361 0.214895 0.538822 0.177632 0.560534 0.186949 0.611072
0 0.223053 0.694148 0.224749 0.674393 0.212552 0.671083 0.210855 0.690838
0 0.0600002 0.772787 0.0628798 0.745566 0.0422497 0.738668 0.03937 0.76589
0 0.513979 0.84721 0.523747 0.82877 0.514807 0.813804 0.505039 0.832244
0 0.325332 0.977306 0.326833 0.949731 0.307448 0.946394 0.305947 0.97397
0 0.58984 0.965319 0.600721 0.944025 0.583304 0.915897 0.572423 0.937191
0 0.515091 0.941896 0.53082 0.896474 0.498168 0.860738 0.482439 0.906159
0 0.319771 0.998223 0.333899 0.975302 0.325201 0.958359 0.311073 0.981281
0 0.619121 0.901766 0.627381 0.87711 0.611791 0.860602 0.603531 0.885258
0 0.0438295 0.826697 0.0476972 0.800017 0.0281623 0.791067 0.0242946 0.817747
0 0.523508 0.702814 0.533148 0.675452 0.522007 0.663046 0.512366 0.690408
0 0.220025 0.763462 0.221554 0.741009 0.208412 0.738181 0.206883 0.760633
0 0.424629 0.980492 0.445079 0.948431 0.431655 0.921371 0.411206 0.953431
0 0.418768 0.869133 0.445063 0.851403 0.439286 0.824329 0.412992 0.842059
0 0.546405 0.776749 0.551381 0.748681 0.538896 0.741685 0.53392 0.769754
0 0.0836045 0.862763 0.0851682 0.835592 0.0694001 0.832724 0.0678364 0.859895
0 0.236886 0.749435 0.243768 0.71648 0.227132 0.705501 0.22025 0.738456
0 0.0609113 0.821378 0.0696341 0.77435 0.0475449 0.761401 0.0388222 0.808429
0 0.609224 0.777188 0.615728 0.753839 0.603879 0.743408 0.597375 0.766756
0 0.261405 0.43338 0.26893 0.401237 0.240768 0.380401 0.233243 0.412543
0 0.427666 0.906341 0.432232 0.863951 0.410052 0.856401 0.405486 0.89879
0 0.311225 1.0089 0.318448 0.985193 0.307531 0.974683 0.300308 0.998394
0 0.355608 0.948667 0.363691 0.910141 0.350109 0.901135 0.342026 0.93966
0 0.557699 0.751577 0.560716 0.730879 0.548499 0.725251 0.545482 0.74595
0 0.545815 0.914439 0.551988 0.856238 0.528463 0.848352 0.52229 0.906553
0 0.344054 0.427531 0.35679 0.370685 0.319526 0.344299 0.30679 0.401145
0 0.33313 0.959286 0.341709 0.937227 0.331267 0.924392 0.322688 0.94645
0 0.56303 0.901242 0.566623 0.869545 0.549239 0.863318 0.545646 0.895014
0 0.0404368 0.816715 0.0603758 0.783911 0.0479396 0.760021 0.0280006 0.792825
0 0.175019 1.0233 0.225183 0.995331 0.215977 0.943144 0.165813 0.971112
0 0.198126 0.700421 0.198736 0.684147 0.188697 0.682958 0.188087 0.699232
0 0.546305 0.818083 0.549878 0.797036 0.536994 0.790123 0.533421 0.811169
0 0.637447 0.915454 0.636599 0.888706 0.618857 0.890482 0.619704 0.91723
0 0.428067 1.00131 0.442107 0.974515 0.431996 0.957768 0.417956 0.984559
0 0.298761 1.00485 0.300601 0.966553 0.273418 0.962424 0.271578 1.00072
0 0.271344 0.882093 0.276851 0.861642 0.268432 0.854477 0.262925 0.874928
0 0.611111 0.798293 0.616819 0.775474 0.605709 0.76669 0.600001 0.789509
0 0.286522 0.888484 0.297522 0.869434 0.291282 0.858046 0.280282 0.877096
0 0.646595 0.881372 0.648505 0.855385 0.636018 0.852485 0.634108 0.878472
0 0.408036 0.977121 0.413368 0.928147 0.385895 0.918693 0.380563 0.967667
0 0.443818 0.759486 0.448716 0.738917 0.435534 0.728998 0.430637 0.749567
0 0.270012 1.00492 0.270181 0.979332 0.251876 0.978949 0.251707 1.00454
0 0.324008 0.87581 0.328575 0.857583 0.318473 0.849584 0.313906 0.867811
0 0.510935 0.864226 0.515951 0.839928 0.503911 0.832074 0.498896 0.856371
0 0.385691 0.929094 0.386766 0.903345 0.370568 0.901207 0.369493 0.926955
0 0.595414 0.771175 0.596595 0.750898 0.583551 0.748496 0.58237 0.768774
0 0.237357 0.430545 0.239187 0.407779 0.219584 0.402799 0.217754 0.425565
0 0.114599 0.784846 0.113627 0.74092 0.0819048 0.743139 0.0828768 0.787065
0 0.231707 0.613162 0.238295 0.58709 0.227484 0.578457 0.220897 0.604529
0 0.60605 0.999057 0.602636 0.948728 0.555648 0.958802 0.559062 1.00913
0 0.568413 0.696707 0.569381 0.668458 0.552579 0.666637 0.55161 0.694886
0 0.474761 0.773678 0.474948 0.738775 0.455101 0.738439 0.454914 0.773342
0 0.596908 0.75035 0.598306 0.72856 0.585456 0.725955 0.584058 0.747745
0 0.192973 0.804153 0.19599 0.787531 0.182939 0.780044 0.179922 0.796666
0 0.28622 0.0657312 0.292727 0.000242286 0.259768 -0.0101068 0.253262 0.0553821
0 0.343064 0.882072 0.34604 0.86295 0.337796 0.858894 0.334819 0.878017
0 0.35824 0.968687 0.363788 0.949117 0.354162 0.940494 0.348615 0.960063
0 0.392627 0.887632 0.396141 0.870222 0.386288 0.863936 0.382773 0.881346
0 0.108614 0.3249 0.105372 0.277986 0.0828936 0.282895 0.0861351 0.329809
0 0.139333 0.85 0.138892 0.805136 0.109407 0.80605 0.109847 0.850914
0 0.260903 0.988494 0.271773 0.95439 0.256828 0.939335 0.245958 0.973439
0 0.621188 0.868638 0.622971 0.842674 0.609379 0.839724 0.607596 0.865688
0 0.184136 0.823699 0.189371 0.801674 0.176942 0.792337 0.171707 0.814362
0 0.344789 0.990809 0.354467 0.970056 0.346258 0.957956 0.33658 0.978709
0 0.0231593 0.796357 0.048563 0.774696 0.0435126 0.755976 0.0181089 0.777638
0 0.493608 0.838123 0.492286 0.797188 0.466909 0.799778 0.468231 0.840713
0 0.18839 0.761427 0.189873 0.7394 0.172575 0.73572 0.171092 0.757747
0 0.214217 0.677846 0.214907 0.656671 0.20338 0.655484 0.202691 0.676659
0 0.100974 0.896173 0.101243 0.872413 0.0823956 0.871739 0.0821267 0.895499
0 0.185161 0.868153 0.190622 0.843998 0.178525 0.835354 0.173064 0.859509
0 0.520661 0.792243 0.522482 0.77437 0.513229 0.77139 0.511408 0.789263
0 0.633443 0.602039 0.636895 0.552971 0.616894 0.548523 0.613441 0.597591
0 0.22793 1.00166 0.242316 0.973161 0.230939 0.955008 0.216553 0.983504
0 0.582983 0.659432 0.592797 0.629003 0.569708 0.605466 0.559894 0.635895
0 0.167818 0.834166 0.164109 0.801052 0.138579 0.810091 0.142289 0.843205
0 0.682679 0.644368 0.693016 0.614842 0.671244 0.590751 0.660907 0.620278
0 0.396187 1.0052 0.418869 0.985887 0.412112 0.960805 0.38943 0.980118
0 0.590964 0.420002 0.593836 0.353489 0.558478 0.348664 0.555606 0.415177
0 0.198143 0.746643 0.198623 0.726695 0.185943 0.72573 0.185462 0.745678
0 0.246149 0.947306 0.260018 0.914845 0.250075 0.901419 0.236206 0.933879
0 0.28679 0.937495 0.294233 0.917942 0.28619 0.908265 0.278747 0.927819
0 0.145682 0.922421 0.156217 0.89699 0.144579 0.881751 0.134043 0.907181
0 0.142584 0.793917 0.153804 0.774581 0.147101 0.762289 0.135881 0.781626
0 0.341712 0.884781 0.344505 0.867152 0.335342 0.862564 0.332549 0.880194
0 0.654731 0.4122 0.651101 0.378263 0.624844 0.38714 0.628474 0.421077
0 0.279772 0.951282 0.282339 0.926901 0.268627 0.922338 0.26606 0.946719
0 0.096538 0.878793 0.0982251 0.854669 0.0822655 0.851141 0.0805784 0.875265
0 0.366141 0.88937 0.368181 0.867654 0.35767 0.864534 0.35563 0.88625
0 0.424292 0.397562 0.432219 0.366688 0.417153 0.354462 0.409226 0.385337
0 0.282609 0.974168 0.286468 0.95048 0.274068 0.944096 0.270209 0.967784
0 0.558008 0.814237 0.559903 0.796746 0.552008 0.794043 0.550113 0.811533
0 0.71873 0.641744 0.765831 0.606138 0.751608 0.546674 0.704507 0.58228
0 0.358166 0.998619 0.363346 0.974864 0.35399 0.968415 0.34881 0.992171
0 0.258695 0.92193 0.266592 0.90014 0.25828 0.890619 0.250383 0.912408
0 0.307141 0.990888 0.309519 0.967348 0.298416 0.963802 0.296038 0.987343
0 0.462847 0.856882 0.473696 0.808176 0.454452 0.79463 0.443604 0.843336
0 0.558511 0.76031 0.560748 0.741673 0.55073 0.737873 0.548493 0.75651
0 0.326279 0.916153 0.328135 0.897411 0.317514 0.894088 0.315659 0.91283
0 0.347802 0.921031 0.349355 0.901031 0.339777 0.89868 0.338223 0.918679
0 0.254759 0.953142 0.265704 0.927393 0.257018 0.915724 0.246073 0.941473
0 0.239257 0.930112 0.252845 0.903654 0.244958 0.890851 0.231369 0.917309
0 0.321847 0.956275 0.324927 0.933672 0.312787 0.928444 0.309707 0.951047
0 0.44309 0.976861 0.454416 0.93024 0.431957 0.912996 0.420631 0.959616
0 0.532472 0.803315 0.535064 0.78577 0.522004 0.779672 0.519413 0.797217
0 0.692003 0.106835 0.702905 0.0440067 0.68162 0.0323329 0.670717 0.0951612
0 0.545538 0.838723 0.548988 0.821468 0.53893 0.815113 0.53548 0.832368
0 0.0647234 0.742364 0.0662629 0.721912 0.0521184 0.718547 0.0505789 0.739
0 0.406495 0.929652 0.412565 0.898744 0.400105 0.89101 0.394035 0.921918
0 0.502512 0.715675 0.503732 0.682149 0.485399 0.680042 0.484179 0.713568
0 0.489003 0.801857 0.492991 0.783622 0.482758 0.776547 0.478769 0.794782
0 0.268437 0.859351 0.27305 0.840712 0.265515 0.834819 0.260902 0.853457
0 0.044114 0.646598 0.0545115 0.616246 0.0460056 0.607037 0.0356082 0.637388
0 0.348186 0.893457 0.349268 0.877907 0.340711 0.876025 0.339629 0.891575
0 0.126781 0.805769 0.127979 0.783381 0.114238 0.781056 0.11304 0.803444
0 0.558043 0.863327 0.564647 0.854102 0.554824 0.831876 0.54822 0.841101
0 0.230807 0.640337 0.234517 0.617262 0.225686 0.612775 0.221976 0.63585
0 0.280158 0.878056 0.286594 0.860165 0.280536 0.853278 0.2741 0.871169
0 0.209932 0.718516 0.211657 0.700254 0.199173 0.696527 0.197449 0.714789
0 0.049385 0.686842 0.0607814 0.650663 0.0487701 0.638705 0.0373736 0.674883
0 0.388901 0.845259 0.391693 0.827983 0.382563 0.82332 0.379771 0.840596
0 0.501438 0.10308 0.497502 0.0670423 0.473815 0.0752195 0.477751 0.111257
0 0.217177 0.71533 0.220239 0.697394 0.208874 0.691262 0.205812 0.709199
0 0.540004 0.987617 0.547186 0.96478 0.534929 0.952596 0.527747 0.975434
0 0.502455 0.553266 0.504108 0.517039 0.486889 0.514556 0.485236 0.550783
0 0.680427 0.664489 0.684606 0.640634 0.66456 0.629533 0.660381 0.653389
0 0.0103334 0.825032 0.0310126 0.796764 0.0218768 0.775642 0.00119753 0.80391
0 0.129111 0.26837 0.130529 0.220457 0.10799 0.218349 0.106572 0.266261
0 0.373595 0.991529 0.377785 0.971086 0.368732 0.965221 0.364542 0.985664
0 0.108384 0.885654 0.116988 0.864796 0.108035 0.853123 0.099431 0.873981
0 0.341707 0.97495 0.347642 0.954027 0.33973 0.946934 0.333795 0.967857
0 0.563714 0.947425 0.567247 0.921587 0.55212 0.91505 0.548588 0.940888
0 0.0877999 0.806593 0.0924475 0.783894 0.0813374 0.776704 0.0766898 0.799404
0 0.315503 0.887097 0.319307 0.870806 0.310754 0.864495 0.306951 0.880786
0 0.632445 0.65298 0.64252 0.627804 0.631103 0.613365 0.621028 0.638541
0 0.105679 0.30162 0.120697 0.272541 0.091474 0.224838 0.0764551 0.253916
0 0.38239 0.947085 0.388255 0.921868 0.379246 0.915245 0.373381 0.940462
0 0.522842 0.738893 0.524694 0.716772 0.514337 0.714032 0.512486 0.736153
0 0.481566 0.741732 0.483536 0.721992 0.471366 0.718153 0.469396 0.737893
0 0.0607334 0.832558 0.0634691 0.812252 0.0480266 0.805677 0.0452909 0.825983
0 0.157013 0.826414 0.17258 0.789982 0.156047 0.767653 0.140479 0.804084
0 0.604662 0.902806 0.609701 0.876548 0.599872 0.870586 0.594832 0.896844
0 0.101214 0.917741 0.100048 0.889041 0.081087 0.891476 0.0822528 0.920175
0 0.992389 0.740721 1.00289 0.695598 0.973444 0.67394 0.962943 0.719063
0 0.10716 0.726964 0.119283 0.687643 0.104457 0.673196 0.0923337 0.712518
0 0.640828 0.69108 0.64551 0.657328 0.628716 0.649966 0.624034 0.683718
0 0.220775 0.629998 0.222892 0.607098 0.212855 0.604167 0.210738 0.627066
0 0.262506 0.768937 0.264838 0.748175 0.241951 0.74005 0.23962 0.760812
0 0.113848 0.899915 0.127587 0.874182 0.119357 0.860294 0.105618 0.886026
0 0.224754 0.674653 0.225236 0.657289 0.21494 0.656387 0.214458 0.673751
0 0.334247 1.00953 0.341727 0.988905 0.33123 0.976874 0.32375 0.9975
0 0.19676 0.725961 0.197332 0.705655 0.18617 0.704661 0.185598 0.724967
