0 0.996595 0.981666 1.01086 0.866288 0.823465 0.793087 0.809205 0.908465
0 0.795242 0.758449 0.808543 0.72371 0.793409 0.705397 0.780108 0.740135
0 0.999564 0.437433 1.00474 0.402739 0.983586 0.39277 0.978412 0.427465
0 0.843803 0.64786 0.874806 0.618283 0.866137 0.589562 0.835133 0.619139
0 0.774311 0.706077 0.776669 0.664439 0.757803 0.661063 0.755445 0.7027
0 0.912755 0.471962 0.910242 0.430332 0.881422 0.435831 0.883936 0.477461
0 0.918928 0.501427 0.922204 0.465109 0.901772 0.459284 0.898496 0.495603
0 0.535267 0.795512 0.538782 0.769876 0.525594 0.76416 0.522078 0.789796
0 0.927011 0.430127 0.931697 0.397764 0.91657 0.39084 0.911883 0.423203
0 0.836749 0.599651 0.852033 0.574683 0.842803 0.556827 0.82752 0.581795
0 0.925426 0.539191 0.927146 0.518021 0.909687 0.513537 0.907967 0.534707
0 0.874697 0.585988 0.893061 0.558542 0.883102 0.537483 0.864739 0.56493
0 0.825484 0.593923 0.840474 0.562621 0.828957 0.54519 0.813967 0.576491
0 0.916432 0.563946 0.918276 0.537809 0.900816 0.533916 0.898972 0.560053
0 0.799127 0.719473 0.809183 0.691841 0.791245 0.671208 0.781189 0.698839
0 0.605309 0.867408 0.605403 0.837778 0.585577 0.837579 0.585483 0.86721
0 0.884037 0.512342 0.888485 0.488659 0.876589 0.481599 0.872142 0.505282
0 0.894121 0.685908 0.895964 0.652869 0.875884 0.649328 0.874041 0.682368
0 0.609599 0.896189 0.620583 0.876076 0.605714 0.850412 0.59473 0.870525
0 0.866382 0.443283 0.881151 0.421012 0.872012 0.401858 0.857243 0.424129
0 0.936057 0.486371 0.936436 0.457388 0.918841 0.456661 0.918463 0.485644
0 0.535127 0.76029 0.536027 0.718033 0.521489 0.717055 0.520589 0.759311
0 0.94436 0.415812 0.946301 0.390813 0.932139 0.387337 0.930198 0.412337
0 0.583809 0.800518 0.591646 0.782479 0.576434 0.761593 0.568597 0.779632
0 0.434238 0.662312 0.436134 0.637171 0.424812 0.634473 0.422916 0.659614
0 0.916173 0.334518 0.916875 0.305535 0.896529 0.303978 0.895827 0.33296
0 0.413987 0.81147 0.42393 0.781722 0.412259 0.769392 0.402315 0.799141
0 0.518311 0.955707 0.531567 0.928809 0.506791 0.890221 0.493535 0.91712
0 0.569746 0.722132 0.570561 0.696768 0.558386 0.695531 0.557571 0.720895
0 0.395253 0.705318 0.395904 0.681354 0.38373 0.680308 0.383079 0.704272
0 0.0228895 1.01126 0.0327015 0.94514 0.00519354 0.932238 -0.00461848 0.998357
0 0.546787 0.803794 0.547715 0.782018 0.534697 0.780265 0.53377 0.802041
0 0.849402 0.736478 0.855535 0.712091 0.83754 0.697788 0.831407 0.722175
0 0.745968 0.696966 0.753634 0.673718 0.74435 0.664041 0.736683 0.687289
0 0.942801 0.343996 0.949397 0.301884 0.92068 0.287668 0.914084 0.32978
0 0.784099 0.797193 0.789412 0.772378 0.771226 0.760071 0.765913 0.784886
0 0.934585 0.513417 0.936969 0.485597 0.919017 0.480735 0.916633 0.508554
0 0.0884768 0.760387 0.129627 0.65458 0.0864026 0.601451 0.0452527 0.707258
0 0.668297 0.754598 0.674944 0.732356 0.66419 0.722197 0.657542 0.744439
0 0.820055 0.499977 0.821261 0.48021 0.811288 0.478287 0.810082 0.498054
0 0.412154 0.656034 0.414402 0.63823 0.401333 0.633014 0.399085 0.650818
0 0.857573 0.507191 0.867052 0.484747 0.857143 0.471521 0.847664 0.493965
0 0.424627 0.646816 0.424996 0.618304 0.409356 0.617666 0.408988 0.646177
0 0.163794 0.354911 0.179622 0.310051 0.14709 0.273775 0.131262 0.318635
0 0.68067 0.793913 0.688096 0.771178 0.679085 0.761875 0.671659 0.78461
0 0.56376 0.7475 0.566382 0.725433 0.555184 0.721228 0.552562 0.743295
0 0.842264 0.566345 0.850652 0.552185 0.839386 0.531089 0.830997 0.545249
0 0.935415 0.373633 0.938868 0.348003 0.919627 0.339809 0.916174 0.365439
0 0.410076 0.672256 0.413272 0.65461 0.396026 0.64474 0.392831 0.662386
0 0.94222 0.391091 0.944898 0.367683 0.928431 0.361728 0.925753 0.385136
0 0.559293 0.761221 0.561082 0.739706 0.548678 0.736447 0.546889 0.757961
0 0.579601 0.828767 0.585181 0.789045 0.562983 0.779189 0.557403 0.818911
0 0.55797 0.815819 0.561777 0.786544 0.551709 0.782407 0.547903 0.811682
0 0.605971 0.775274 0.616553 0.753363 0.606588 0.738153 0.596006 0.760064
0 0.696987 0.762485 0.699929 0.737381 0.686597 0.732443 0.683654 0.757547
0 0.793756 0.220114 0.785463 0.166292 0.742527 0.1872 0.75082 0.241022
0 0.702845 0.719579 0.719147 0.697169 0.710861 0.678118 0.694559 0.700527
0 0.998868 0.858296 1.00301 0.827496 0.984733 0.819725 0.98059 0.850524
0 0.546513 0.826973 0.5504 0.806748 0.53727 0.798774 0.533384 0.819
0 0.139836 0.320466 0.136338 0.272946 0.116556 0.277549 0.120055 0.325069
0 0.779367 0.756033 0.784772 0.729685 0.768975 0.719444 0.76357 0.745793
0 0.20515 0.04142 0.218043 0.011652 0.195431 -0.0193015 0.182538 0.0104664
0 0.398215 0.682549 0.400587 0.665229 0.388507 0.660002 0.386135 0.677322
0 0.908764 0.312347 0.924882 0.293384 0.917289 0.272986 0.90117 0.29195
0 0.746995 0.667205 0.753562 0.644163 0.742945 0.634601 0.736378 0.657643
0 0.904599 0.625136 0.912489 0.606069 0.889125 0.575514 0.881236 0.594581
0 0.614634 0.799112 0.622446 0.781147 0.615104 0.771057 0.607292 0.789022
0 0.38377 0.723255 0.384085 0.696555 0.367495 0.695936 0.36718 0.722636
0 0.733834 0.636121 0.735414 0.604555 0.718646 0.601902 0.717066 0.633469
0 0.909364 0.624669 0.917297 0.605472 0.894839 0.576143 0.886906 0.59534
0 0.829058 0.700804 0.830815 0.682761 0.817132 0.678552 0.815376 0.696595
0 0.686043 0.767783 0.689258 0.74061 0.672402 0.734307 0.669187 0.76148
0 0.820911 0.461864 0.824195 0.442052 0.80908 0.434132 0.805795 0.453945
0 0.594185 0.780126 0.600748 0.756941 0.587929 0.745473 0.581366 0.768658
0 0.210038 0.302599 0.240545 0.270935 0.211481 0.182431 0.180973 0.214094
0 0.544037 0.754487 0.546226 0.732678 0.536649 0.729641 0.53446 0.751449
0 0.557053 0.7304 0.559722 0.698877 0.545292 0.695016 0.542623 0.72654
0 0.911615 0.598048 0.915799 0.58027 0.902264 0.5702 0.898079 0.587978
0 0.692447 0.719254 0.695056 0.699626 0.683577 0.694804 0.680968 0.714432
0 0.0687589 0.166893 0.075387 0.00263317 -0.0188947 -0.00939072 -0.0255229 0.154869
0 0.584613 0.713339 0.590418 0.681311 0.573029 0.671349 0.567224 0.703377
0 0.409507 0.726144 0.413048 0.703882 0.403499 0.699081 0.399957 0.721343
0 0.937431 0.54024 0.94055 0.519166 0.928687 0.513616 0.925568 0.53469
0 0.912804 0.523442 0.915237 0.500466 0.894157 0.493414 0.891725 0.516389
0 0.861847 0.667351 0.897313 0.637808 0.888035 0.602607 0.852569 0.632151
0 0.574217 0.761208 0.576646 0.740465 0.565877 0.73648 0.563448 0.757222
0 0.83585 0.617322 0.843601 0.595701 0.832881 0.583555 0.82513 0.605176
0 0.36685 0.805837 0.375726 0.779277 0.359118 0.761735 0.350242 0.788295
0 0.264324 1.01406 0.3067 0.988597 0.282379 0.86067 0.240002 0.886133
0 0.885908 0.613858 0.889155 0.596381 0.874286 0.58765 0.871039 0.605127
0 0.467084 0.71344 0.470024 0.697978 0.456655 0.689942 0.453714 0.705404
0 0.604991 0.756845 0.614329 0.727222 0.599967 0.712914 0.590629 0.742536
0 0.776442 0.665158 0.779986 0.643024 0.765701 0.635795 0.762157 0.657929
0 0.431064 0.753542 0.436011 0.730957 0.426313 0.724244 0.421367 0.746829
0 0.907567 0.436593 0.911702 0.412827 0.902149 0.407574 0.898014 0.43134
0 0.370178 0.861773 0.378867 0.825369 0.361116 0.811979 0.352427 0.848383
0 0.537009 0.7092 0.54369 0.690365 0.536006 0.68175 0.529325 0.700585
0 0.98751 0.667293 0.99262 0.635874 0.976629 0.627655 0.97152 0.659074
0 0.957684 0.453744 0.958882 0.43393 0.943074 0.430907 0.941875 0.45072
0 0.914714 0.373575 0.917175 0.352804 0.903746 0.347775 0.901284 0.368546
0 0.415322 0.758591 0.414474 0.73677 0.395956 0.739046 0.396804 0.760867
0 0.927217 0.617043 0.929971 0.586088 0.91591 0.582134 0.913155 0.613089
0 0.981524 0.456774 0.981995 0.435062 0.967415 0.434062 0.966944 0.455774
0 0.553001 0.789924 0.558294 0.760612 0.542823 0.751783 0.53753 0.781095
0 0.494534 0.763475 0.498792 0.739573 0.488763 0.733927 0.484506 0.757829
0 0.963345 0.750452 0.9615 0.709242 0.942933 0.711869 0.944777 0.753079
0 0.886147 0.532562 0.889455 0.512369 0.875346 0.505063 0.872038 0.525257
0 0.944167 0.519384 0.951818 0.50345 0.940271 0.485927 0.93262 0.501861
0 0.643628 0.845894 0.646448 0.822176 0.635104 0.817913 0.632284 0.841631
0 0.785615 0.707143 0.790274 0.68213 0.777639 0.674692 0.77298 0.699706
0 0.539005 0.662306 0.544246 0.644813 0.535784 0.636801 0.530544 0.654293
0 0.421277 0.673672 0.424354 0.656173 0.417004 0.652088 0.413927 0.669587
0 1.00105 0.818529 1.00534 0.775637 0.984683 0.769105 0.980392 0.811997
0 0.786686 0.729661 0.788639 0.704522 0.772645 0.700597 0.770692 0.725735
0 0.714024 0.547973 0.717309 0.520823 0.706436 0.516664 0.70315 0.543813
0 0.920819 0.392496 0.923239 0.372396 0.911356 0.367873 0.908936 0.387973
0 0.999138 0.455751 1.00236 0.431489 0.984641 0.424038 0.981414 0.4483
0 0.788606 0.679883 0.796564 0.668376 0.785887 0.64504 0.777929 0.656547
0 0.79682 0.973395 0.830173 0.91832 0.774638 0.812028 0.741285 0.867103
0 0.543497 0.775813 0.547306 0.751486 0.536451 0.746114 0.532642 0.770442
0 0.486132 0.752109 0.487424 0.721192 0.461971 0.717832 0.460679 0.748749
0 0.537742 0.658255 0.541736 0.638365 0.532426 0.632455 0.528431 0.652345
0 0.28498 0.514614 0.305113 0.497862 0.289409 0.438213 0.269276 0.454965
0 0.890281 0.439967 0.893402 0.419083 0.878382 0.411989 0.875261 0.432874
0 0.590992 0.729589 0.596894 0.707527 0.58706 0.699212 0.581158 0.721274
0 0.786675 0.645734 0.787428 0.619653 0.773653 0.618396 0.772901 0.644478
0 0.917668 0.448486 0.921976 0.427689 0.910457 0.420148 0.90615 0.440946
0 0.398031 0.654864 0.40251 0.630912 0.389373 0.623146 0.384894 0.647098
0 0.745737 0.639179 0.75258 0.61945 0.744499 0.61059 0.737655 0.630319
0 0.644947 0.739231 0.652584 0.700824 0.637448 0.691311 0.62981 0.729718
0 0.580749 0.749873 0.586895 0.732698 0.580243 0.725175 0.574097 0.742349
0 0.386938 0.816448 0.383515 0.763093 0.369762 0.765882 0.373185 0.819237
0 0.18337 0.0964039 0.200109 0.0821729 0.180222 0.00824649 0.163483 0.0224775
0 0.819738 0.682397 0.823716 0.660319 0.812939 0.654182 0.808961 0.676259
0 0.697819 0.661448 0.702025 0.642575 0.689647 0.633857 0.685441 0.652731
0 0.690535 0.835703 0.696256 0.82045 0.680847 0.802185 0.675127 0.817438
0 0.744157 0.618843 0.747182 0.600227 0.737528 0.595269 0.734503 0.613885
0 0.5208 0.725389 0.525734 0.706007 0.517513 0.699391 0.512578 0.718773
0 0.763431 0.625652 0.771835 0.606043 0.763582 0.594863 0.755178 0.614472
0 0.830195 0.737866 0.833424 0.709635 0.819114 0.704463 0.815886 0.732695
0 0.382643 0.740471 0.384686 0.71937 0.373114 0.715829 0.371071 0.73693
0 0.72363 0.770124 0.727173 0.737068 0.703868 0.729173 0.700325 0.762229
0 0.980602 0.438423 0.984007 0.411505 0.972662 0.40697 0.969257 0.433887
0 0.620764 0.708476 0.625825 0.687516 0.616232 0.680196 0.611171 0.701156
0 0.758614 0.681668 0.764411 0.658706 0.754836 0.651066 0.749039 0.674029
0 0.56865 0.679927 0.569814 0.654245 0.557926 0.652543 0.556762 0.678225
0 0.992266 0.736406 1.00672 0.718142 0.991672 0.680491 0.977215 0.698755
0 0.582281 0.65021 0.584865 0.624562 0.571355 0.62026 0.568771 0.645909
0 0.865132 0.533973 0.870478 0.515735 0.86186 0.507751 0.856514 0.525989
0 0.602554 0.704503 0.617853 0.674205 0.608432 0.659171 0.593133 0.689469
0 0.884953 0.454564 0.886414 0.432646 0.874603 0.430157 0.873142 0.452075
0 0.680517 0.653529 0.682926 0.630257 0.671634 0.626563 0.669225 0.649835
0 0.582026 0.767823 0.586801 0.74793 0.579238 0.742193 0.574463 0.762086
0 0.854921 0.549157 0.860376 0.525281 0.850923 0.518456 0.845469 0.542333
0 0.959849 0.429835 0.962008 0.408799 0.951937 0.405532 0.949778 0.426569
0 0.167069 0.454597 0.206772 0.42556 0.182011 0.31856 0.142309 0.347596
0 0.970694 0.668634 0.973385 0.645784 0.960375 0.640942 0.957684 0.663791
0 0.692139 0.800604 0.705223 0.784572 0.693812 0.755137 0.680727 0.771169
0 0.682418 0.562611 0.685629 0.536668 0.673049 0.531747 0.669838 0.55769
0 0.593902 0.75175 0.602674 0.729992 0.593821 0.718712 0.585049 0.740469
0 0.74109 0.764585 0.750001 0.739667 0.73556 0.723345 0.726649 0.748264
0 0.533212 0.676598 0.535453 0.659482 0.526352 0.655716 0.524111 0.672832
0 0.908477 0.640583 0.913264 0.622544 0.900777 0.61207 0.89599 0.630109
0 0.644903 0.785296 0.650641 0.739795 0.634986 0.733555 0.629247 0.779057
0 0.589018 0.880245 0.592353 0.86311 0.579922 0.855462 0.576587 0.872597
0 0.0713906 0.958582 0.13534 0.890423 0.113776 0.826479 0.0498265 0.894638
0 0.875545 0.655503 0.896992 0.619964 0.886496 0.599946 0.865049 0.635484
0 0.568799 0.786667 0.572601 0.766465 0.563151 0.760845 0.55935 0.781047
0 0.873791 0.76043 0.884044 0.73775 0.863938 0.709023 0.853685 0.731703
0 0.720099 0.810737 0.724663 0.775313 0.708517 0.768738 0.703952 0.804162
0 0.777165 0.440341 0.78502 0.414947 0.777297 0.407396 0.769442 0.432791
0 0.405787 0.386815 0.407006 0.356355 0.386335 0.353741 0.385117 0.384201
0 0.735458 0.451992 0.737702 0.427215 0.727927 0.424416 0.725682 0.449193
0 0.894967 0.556384 0.900853 0.53771 0.887416 0.524325 0.88153 0.542999
0 0.714625 0.732554 0.728601 0.707631 0.720495 0.693263 0.706518 0.718186
0 0.930276 0.556023 0.931263 0.539021 0.919061 0.536782 0.918074 0.553784
0 0.970039 0.276708 0.973028 0.228643 0.956221 0.225339 0.953232 0.273405
0 0.54766 0.655005 0.552275 0.636182 0.543712 0.629548 0.539098 0.648371
0 0.426843 0.6989 0.42796 0.682914 0.417398 0.68058 0.416281 0.696567
0 0.739695 0.506656 0.748601 0.480619 0.739762 0.471063 0.730856 0.4971
0 0.735376 0.665222 0.739773 0.646406 0.729348 0.638706 0.724951 0.657523
0 0.806296 0.670072 0.809575 0.634331 0.791217 0.629007 0.787938 0.664749
