0 0.560574 0.58562 0.562036 0.535876 0.532285 0.533113 0.530823 0.582856
0 0.620794 0.983598 0.605538 0.887761 0.557984 0.911686 0.573241 1.00752
0 0.519292 0.974333 0.53297 0.877385 0.469071 0.848892 0.455393 0.94584
0 0.988282 1.07539 1.02333 0.865516 0.807167 0.751414 0.772116 0.961286
0 0.433318 0.92672 0.452703 0.872449 0.432233 0.849341 0.412848 0.903613
0 0.599076 0.864524 0.600676 0.824752 0.577883 0.821853 0.576282 0.861625
0 0.223084 0.750106 0.225035 0.716787 0.204708 0.713025 0.202757 0.746344
0 0.227398 0.962923 0.245578 0.833327 0.190075 0.808719 0.171894 0.938314
0 0.262209 0.987676 0.263165 0.959958 0.245369 0.958018 0.244413 0.985736
0 0.526912 0.883546 0.531483 0.839229 0.49698 0.827983 0.492409 0.8723
0 0.530057 0.843714 0.536962 0.809449 0.52284 0.800456 0.515935 0.83472
0 0.218288 0.717603 0.219113 0.693785 0.202745 0.691994 0.20192 0.715812
0 0.121756 0.715678 0.135452 0.675476 0.104845 0.642519 0.0911479 0.68272
0 0.144358 0.922606 0.151438 0.880756 0.130805 0.869725 0.123725 0.911575
0 0.351388 0.940336 0.352732 0.91082 0.335078 0.90828 0.333735 0.937796
0 0.40358 1.00571 0.41738 0.978189 0.40736 0.962308 0.393561 0.989824
0 0.194251 0.752151 0.201054 0.732299 0.190935 0.721339 0.184131 0.74119
0 0.188648 0.792613 0.193345 0.770172 0.176701 0.759162 0.172004 0.781603
0 0.199003 0.724248 0.202832 0.703998 0.189428 0.695988 0.185599 0.716237
0 0.110876 0.843526 0.116533 0.797511 0.0941114 0.788799 0.0884541 0.834814
0 0.286998 1.00016 0.286966 0.967254 0.268492 0.967313 0.268525 1.00022
0 0.619607 0.719335 0.623216 0.694138 0.608513 0.687483 0.604904 0.712679
0 0.532342 0.806767 0.541564 0.768889 0.530305 0.760225 0.521083 0.798103
0 0.42495 0.83999 0.451005 0.823077 0.445359 0.795585 0.419304 0.812499
0 0.438056 0.873662 0.441974 0.828425 0.414402 0.820878 0.410484 0.866115
0 0.237542 0.744742 0.240623 0.711883 0.224009 0.706959 0.220928 0.739818
0 0.203818 0.783577 0.205779 0.758099 0.191081 0.754523 0.18912 0.780001
0 0.209093 0.761141 0.210614 0.739841 0.19612 0.73657 0.194599 0.75787
0 0.470474 0.880686 0.471102 0.813381 0.441459 0.812507 0.440831 0.879811
0 0.463527 0.920789 0.46854 0.882745 0.446067 0.873385 0.441054 0.911429
0 0.238967 0.716872 0.252529 0.67544 0.236277 0.658625 0.222714 0.700057
0 0.616172 0.89884 0.617706 0.854635 0.59398 0.852035 0.592447 0.896239
0 0.0731438 0.844058 0.0728607 0.804702 0.051735 0.805182 0.0520181 0.844538
0 0.0692806 0.897328 0.0711147 0.868627 0.047206 0.863798 0.0453719 0.8925
0 0.561203 0.84188 0.565506 0.818897 0.553544 0.811818 0.549241 0.834801
0 0.0617204 0.683974 0.0618586 0.662423 0.0484024 0.662151 0.0482643 0.683701
0 0.46394 0.773896 0.459877 0.729098 0.433068 0.736782 0.437131 0.781581
0 0.776554 1.04701 0.832837 0.966721 0.755822 0.79609 0.699539 0.876378
0 0.27494 0.979116 0.282862 0.947651 0.268567 0.936275 0.260644 0.967741
0 0.49731 0.798214 0.495376 0.768666 0.471308 0.773642 0.473242 0.80319
0 0.300539 1.00078 0.301743 0.975593 0.285618 0.973157 0.284414 0.99834
0 0.196495 0.708641 0.20256 0.687637 0.190472 0.676605 0.184407 0.697609
0 0.446299 0.96272 0.454867 0.932276 0.440975 0.91992 0.432408 0.950364
0 0.369298 0.919726 0.372468 0.890494 0.359342 0.885995 0.356172 0.915228
0 0.465078 0.954018 0.47812 0.906929 0.459398 0.890541 0.446356 0.93763
0 0.357515 0.968188 0.367976 0.951085 0.360486 0.936607 0.350025 0.95371
0 0.28242 0.970227 0.285004 0.940329 0.26956 0.936109 0.266976 0.966007
0 0.324487 1.00433 0.325813 0.985389 0.31517 0.983035 0.313844 1.00198
0 0.221747 0.616112 0.223888 0.596744 0.212101 0.592625 0.20996 0.611993
0 0.272119 0.933137 0.277347 0.909179 0.259823 0.897093 0.254595 0.921051
0 0.0473515 0.795562 0.0519334 0.771042 0.0310637 0.758717 0.0264818 0.783237
0 0.417952 0.896212 0.422331 0.856351 0.402116 0.849333 0.397738 0.889194
0 0.153659 0.92907 0.163564 0.900544 0.150958 0.886711 0.141054 0.915237
0 0.0504087 0.907552 0.0465693 0.835654 -0.00579843 0.844492 -0.00195898 0.91639
0 0.547725 0.866311 0.553604 0.817423 0.533586 0.809814 0.527707 0.858703
0 0.628085 0.839889 0.636415 0.817185 0.619717 0.797824 0.611387 0.820528
0 0.555399 0.912151 0.563188 0.886737 0.545679 0.869775 0.537889 0.89519
0 0.542691 0.906832 0.545953 0.873256 0.52709 0.867463 0.523828 0.901039
0 0.613054 0.85974 0.616815 0.836647 0.603508 0.829798 0.599747 0.85289
0 0.10174 0.907891 0.103215 0.883047 0.0860127 0.879819 0.0845376 0.904663
0 0.620963 0.613829 0.623133 0.589682 0.60989 0.585921 0.60772 0.610068
0 0.683554 0.583645 0.689983 0.545614 0.665848 0.532719 0.659419 0.57075
0 0.0968444 0.857357 0.0982435 0.826966 0.0767322 0.823836 0.0753331 0.854227
0 0.313297 0.960525 0.312769 0.935798 0.295338 0.936973 0.295865 0.9617
0 0.175661 0.816609 0.180535 0.781701 0.16312 0.774016 0.158246 0.808925
0 0.0359997 0.846271 0.0372358 0.821144 0.0172903 0.818043 0.0160543 0.843169
0 0.55773 0.806797 0.563324 0.794101 0.551442 0.777556 0.545848 0.790253
0 0.334187 0.976522 0.344093 0.954266 0.334964 0.941425 0.325058 0.963681
0 0.138179 0.85931 0.139821 0.81397 0.113555 0.810964 0.111913 0.856303
0 0.290158 0.715034 0.291886 0.692348 0.280236 0.689544 0.278509 0.712231
0 0.56915 1.00026 0.573923 0.960442 0.55829 0.954519 0.553517 0.994335
0 0.282628 0.924759 0.29168 0.904049 0.283395 0.892605 0.274343 0.913315
0 0.214011 0.596919 0.207435 0.543844 0.167874 0.559335 0.17445 0.61241
0 0.326123 0.990627 0.331768 0.965091 0.321536 0.957941 0.315891 0.983478
0 0.0546543 0.839406 0.0581623 0.790578 0.034268 0.785152 0.03076 0.83398
0 0.11649 0.877714 0.117628 0.836959 0.0925887 0.834751 0.0914516 0.875506
0 0.474328 0.746808 0.475462 0.712453 0.456668 0.710494 0.455535 0.744848
0 0.305155 0.976432 0.30581 0.950806 0.28595 0.949202 0.285295 0.974827
0 0.706997 0.618461 0.700066 0.581401 0.672309 0.597809 0.67924 0.634869
0 1.00497 0.565517 1.00335 0.512033 0.972783 0.514966 0.974407 0.56845
0 0.443563 0.939016 0.451997 0.905143 0.433718 0.890759 0.425284 0.924632
0 0.333999 0.998917 0.340795 0.977283 0.331309 0.967865 0.324514 0.989499
0 0.023378 0.641176 0.0358741 0.618822 0.0293003 0.607208 0.0168042 0.629562
0 0.034876 0.838646 0.0490425 0.798315 0.032233 0.779654 0.0180664 0.819985
0 0.321705 0.973533 0.323553 0.952177 0.311016 0.948749 0.309168 0.970106
0 0.41862 0.941139 0.425666 0.901564 0.400381 0.887336 0.393335 0.926911
0 0.517526 0.672668 0.526656 0.647463 0.516647 0.636005 0.507517 0.66121
0 0.0100748 0.820568 0.0362413 0.798909 0.0308123 0.77818 0.00464589 0.799839
0 0.463201 0.822497 0.476835 0.783994 0.461345 0.766659 0.447711 0.805162
0 0.274329 0.428169 0.278292 0.356933 0.23702 0.349676 0.233056 0.420912
0 0.188509 0.76225 0.189854 0.743742 0.174007 0.740103 0.172662 0.75861
0 0.395563 0.720564 0.406228 0.676669 0.386954 0.661869 0.376289 0.705764
0 0.634043 0.602325 0.674362 0.540196 0.649455 0.489112 0.609136 0.551241
0 0.637674 0.823046 0.643917 0.804328 0.6312 0.790922 0.624957 0.809641
0 0.199582 0.633835 0.203848 0.60931 0.188828 0.601053 0.184562 0.625577
0 0.490875 0.533322 0.491972 0.503034 0.476566 0.501271 0.475469 0.531559
0 0.56657 0.628223 0.579498 0.60701 0.563094 0.575411 0.550165 0.596624
0 0.196011 0.806207 0.196539 0.785932 0.181862 0.784722 0.181333 0.804997
0 0.309823 0.984825 0.312184 0.959386 0.291445 0.953302 0.289084 0.978741
0 0.60922 0.751243 0.61051 0.729716 0.597159 0.727186 0.595868 0.748713
0 0.675653 0.833627 0.679468 0.812942 0.656662 0.799648 0.652847 0.820332
0 0.275708 0.905562 0.278666 0.886555 0.267401 0.881014 0.264443 0.900021
0 0.543685 0.69046 0.543383 0.666198 0.524016 0.66696 0.524318 0.691221
0 0.288569 0.943517 0.296044 0.9228 0.286501 0.911918 0.279025 0.932634
0 0.537066 0.754578 0.539111 0.73423 0.525182 0.729805 0.523137 0.750153
0 0.546802 0.736813 0.547588 0.706931 0.532872 0.705709 0.532086 0.735591
0 0.2202 0.764378 0.221513 0.746844 0.210542 0.744247 0.209229 0.761781
0 0.614613 0.840095 0.61821 0.815311 0.604918 0.809214 0.601321 0.833997
0 0.306447 0.925229 0.310813 0.908056 0.301657 0.9007 0.297291 0.917873
0 0.428221 1.01378 0.46346 0.992916 0.45486 0.947019 0.419621 0.967887
0 0.550351 0.780425 0.554186 0.755845 0.537905 0.747817 0.53407 0.772397
0 0.521561 0.997931 0.530953 0.94138 0.505152 0.927837 0.495759 0.984388
0 0.664654 0.599368 0.672055 0.574666 0.65223 0.555894 0.644829 0.580596
0 0.63109 0.855647 0.633358 0.83466 0.616634 0.828949 0.614366 0.849936
0 0.383335 0.909405 0.394139 0.884134 0.38551 0.872475 0.374706 0.897746
0 0.70378 0.811315 0.700343 0.769622 0.672451 0.776888 0.675888 0.818582
0 0.320532 0.793861 0.321462 0.768693 0.308471 0.767177 0.307541 0.792345
0 0.33941 0.970647 0.349554 0.949825 0.341349 0.937192 0.331205 0.958014
0 0.311977 0.872706 0.315697 0.851216 0.305038 0.845386 0.301319 0.866876
0 0.453917 0.107964 0.451187 0.0705398 0.429117 0.0756287 0.431848 0.113053
0 0.0903391 0.334178 0.109668 0.316406 0.0965647 0.271365 0.0772357 0.289137
0 0.621231 0.397528 0.631534 0.354005 0.603826 0.333273 0.593523 0.376796
0 0.605424 0.729091 0.607235 0.704855 0.5928 0.701447 0.590989 0.725683
0 0.0406198 0.149231 0.0579101 -8.78016e-05 -0.0168491 -0.0274473 -0.0341394 0.121871
0 0.28657 0.944646 0.292024 0.924897 0.282613 0.916683 0.277159 0.936432
0 0.123855 0.819493 0.126117 0.794869 0.111118 0.790515 0.108856 0.815139
0 0.0800298 0.879788 0.0817219 0.850883 0.0668529 0.848132 0.0651608 0.877038
0 0.115892 0.912284 0.131687 0.887589 0.124044 0.87214 0.108249 0.896834
0 0.181539 0.745205 0.186759 0.72646 0.17759 0.718391 0.172371 0.737137
0 0.0956506 0.891611 0.0983712 0.868616 0.081183 0.862189 0.0784624 0.885184
0 0.241475 0.928782 0.248401 0.901778 0.2381 0.893428 0.231174 0.920432
0 0.108365 0.902193 0.121923 0.87765 0.112179 0.860639 0.0986213 0.885182
0 0.253629 0.946494 0.261786 0.92406 0.252771 0.913699 0.244613 0.936133
0 0.369289 0.943305 0.376215 0.926368 0.367491 0.915093 0.360565 0.93203
0 0.518478 0.804253 0.522385 0.785845 0.511281 0.778396 0.507374 0.796804
0 0.139625 0.804211 0.150041 0.785019 0.141874 0.771008 0.131457 0.7902
0 0.814176 0.395668 0.815616 0.338777 0.783352 0.336195 0.781911 0.393085
0 0.24383 0.97904 0.252222 0.947292 0.240229 0.937272 0.231837 0.969021
0 0.938157 0.743466 0.943166 0.719652 0.926436 0.708528 0.921426 0.732343
0 0.0100635 0.847526 0.0153817 0.811837 -0.00050777 0.804353 -0.00582603 0.840042
0 0.389707 0.998182 0.389838 0.972385 0.372336 0.972103 0.372205 0.997901
0 0.556998 0.666618 0.562585 0.646547 0.547032 0.632864 0.541445 0.652935
0 0.464885 0.964051 0.465968 0.944229 0.448272 0.941174 0.447189 0.960996
0 0.213017 0.693647 0.220456 0.673319 0.201865 0.651819 0.194427 0.672146
0 0.647433 0.841545 0.649659 0.820308 0.635503 0.815619 0.633277 0.836856
0 0.230961 0.817578 0.231864 0.799959 0.220198 0.798069 0.219294 0.815688
0 0.21464 0.701182 0.219806 0.682686 0.20463 0.669291 0.199465 0.687787
0 0.105332 0.951105 0.11795 0.930894 0.109394 0.914012 0.0967763 0.934223
0 0.202654 1.02088 0.238432 0.987369 0.226993 0.948769 0.191215 0.982278
0 0.635785 0.877377 0.638649 0.851616 0.619374 0.844843 0.61651 0.870604
0 0.589748 0.903691 0.600805 0.886657 0.587848 0.860076 0.576791 0.87711
0 0.365018 0.885816 0.368309 0.870465 0.359477 0.864482 0.356186 0.879833
0 0.272436 0.944552 0.277406 0.926082 0.267093 0.917311 0.262122 0.935781
0 0.161864 0.898757 0.165836 0.869913 0.15034 0.863169 0.146368 0.892013
0 0.0215322 0.662745 0.0321356 0.636976 0.024242 0.62671 0.0136386 0.65248
0 0.188621 1.02321 0.236486 0.991082 0.225524 0.939462 0.177659 0.971586
0 0.257853 0.962996 0.259804 0.945695 0.249854 0.942149 0.247904 0.95945
0 0.532421 1.00883 0.541186 0.979268 0.529349 0.968174 0.520583 0.997735
0 0.256824 0.79551 0.259201 0.763208 0.241368 0.75906 0.23899 0.791362
0 0.563934 0.943245 0.571362 0.9054 0.556216 0.896005 0.548788 0.93385
0 0.0307802 0.71154 0.0438888 0.67567 0.0284804 0.657874 0.0153719 0.693744
0 0.179899 0.727791 0.186804 0.709265 0.179815 0.701033 0.17291 0.719559
0 0.64864 0.389563 0.665389 0.315968 0.633147 0.292778 0.616398 0.366373
0 0.0638028 0.873104 0.0670217 0.842691 0.0457253 0.835567 0.0425064 0.865981
0 0.398162 0.985494 0.400139 0.966287 0.389072 0.962686 0.387094 0.981894
0 0.21157 0.633566 0.214551 0.61338 0.204474 0.608677 0.201493 0.628863
0 0.270208 0.727685 0.272169 0.709144 0.262297 0.705846 0.260337 0.724387
0 0.359535 0.898981 0.36154 0.881865 0.353436 0.878865 0.351431 0.895981
0 0.549801 0.131427 0.549301 0.0828952 0.51474 0.0840219 0.51524 0.132554
0 0.39008 0.906818 0.401818 0.878109 0.39335 0.867166 0.381611 0.895875
0 0.514399 0.822596 0.518052 0.802681 0.504597 0.79488 0.500944 0.814795
0 0.326193 0.951504 0.327768 0.92972 0.314756 0.926745 0.31318 0.94853
0 0.44673 0.390936 0.454292 0.36622 0.446052 0.358252 0.43849 0.382968
0 0.200764 0.648844 0.201508 0.632662 0.191245 0.631171 0.190501 0.647353
0 0.385922 1.00497 0.386304 0.979923 0.365479 0.978917 0.365096 1.00397
0 0.546081 0.880479 0.547159 0.861918 0.534261 0.859549 0.533183 0.878109
0 0.562218 0.405775 0.561701 0.36713 0.536617 0.368192 0.537135 0.406837
0 0.413039 0.968613 0.431899 0.950638 0.425696 0.930068 0.406836 0.948043
0 0.580332 0.820717 0.581721 0.802036 0.570832 0.799478 0.569444 0.818159
0 0.334884 0.959715 0.337718 0.932889 0.32115 0.927358 0.318316 0.954184
0 0.501346 1.0066 0.505122 0.963423 0.471651 0.954172 0.467875 0.997353
0 0.58771 0.730791 0.590477 0.712905 0.578954 0.707271 0.576187 0.725156
0 0.133391 0.673722 0.135502 0.653483 0.122514 0.649202 0.120403 0.669441
0 0.146756 0.853339 0.171838 0.823162 0.160917 0.794472 0.135834 0.824648
0 0.598781 0.83042 0.600426 0.815852 0.587711 0.811313 0.586065 0.825882
0 0.554114 0.621273 0.558398 0.595244 0.543339 0.587411 0.539055 0.613439
0 0.312441 0.862148 0.315441 0.841872 0.305548 0.837247 0.302549 0.857523
0 0.392768 0.923067 0.398922 0.900789 0.391097 0.893956 0.384942 0.916234
0 0.418854 0.999765 0.427927 0.975584 0.419286 0.965337 0.410213 0.989518
0 0.383707 0.969152 0.386907 0.95047 0.378511 0.945926 0.375312 0.964607
0 0.945124 0.834496 0.949569 0.801953 0.902738 0.781735 0.898293 0.814278
0 0.326614 0.897855 0.32739 0.879834 0.317991 0.878556 0.317215 0.896576
0 0.0884175 0.93834 0.106211 0.915925 0.097257 0.893462 0.0794639 0.915877
0 0.629556 0.648745 0.63039 0.618539 0.615283 0.617222 0.614449 0.647427
0 0.48168 0.402833 0.482684 0.359664 0.463692 0.358269 0.462688 0.401438
0 0.61641 0.642542 0.616755 0.609935 0.604611 0.609529 0.604266 0.642136
