0 0.501029 0.954304 0.505227 0.851113 0.44138 0.842905 0.437183 0.946095
0 0.987066 1.07435 1.02185 0.865706 0.811575 0.754911 0.77679 0.963557
0 0.595966 0.963037 0.578948 0.868185 0.534286 0.89351 0.551305 0.988362
0 0.962985 0.78485 0.956063 0.722407 0.92649 0.732768 0.933412 0.795211
0 0.178117 0.786357 0.180052 0.761616 0.165723 0.758074 0.163788 0.782816
0 0.537106 0.578083 0.536777 0.527955 0.508776 0.528534 0.509104 0.578663
0 0.410681 0.918173 0.429916 0.863657 0.410484 0.841987 0.391248 0.896503
0 0.502221 0.874 0.507725 0.832348 0.474666 0.818542 0.469162 0.860194
0 0.093438 0.724457 0.106287 0.681941 0.0755226 0.652557 0.062674 0.695074
0 0.11224 0.931374 0.124035 0.894383 0.106093 0.876301 0.0942974 0.913292
0 0.57417 0.850772 0.575572 0.809961 0.55384 0.807602 0.552438 0.848412
0 0.190302 0.724914 0.192604 0.701975 0.176953 0.69701 0.17465 0.719948
0 0.0691616 0.868747 0.0683604 0.833852 0.04565 0.8355 0.0464512 0.870395
0 0.590414 0.878391 0.592135 0.837504 0.57042 0.834614 0.568698 0.875501
0 0.59631 0.708127 0.597755 0.681828 0.582416 0.679164 0.580971 0.705464
0 0.385394 0.996633 0.395273 0.969908 0.38359 0.956259 0.373711 0.982985
0 0.23804 0.989425 0.239638 0.95954 0.221488 0.956473 0.21989 0.986358
0 0.50679 0.834664 0.513831 0.799402 0.498887 0.78997 0.491846 0.825233
0 0.198145 0.752054 0.200089 0.719765 0.1798 0.715905 0.177856 0.748193
0 0.172259 0.728594 0.175647 0.708899 0.162034 0.701498 0.158646 0.721193
0 0.97725 0.596983 0.979859 0.546498 0.931189 0.538549 0.92858 0.589034
0 0.197617 0.972941 0.22468 0.845232 0.17267 0.810399 0.145607 0.938107
0 0.415854 0.867164 0.418726 0.823099 0.390526 0.81729 0.387654 0.861354
0 0.446831 0.871095 0.4469 0.808708 0.419522 0.808613 0.419453 0.870999
0 0.16305 0.798425 0.168304 0.772503 0.148982 0.760125 0.143728 0.786046
0 0.086213 0.846422 0.085189 0.803123 0.0598112 0.80502 0.0608352 0.848319
0 0.786378 1.04668 0.839184 0.962077 0.756863 0.799681 0.704057 0.884282
0 0.0392499 0.908605 0.0418221 0.882906 0.0179659 0.875359 0.0153936 0.901059
0 0.54507 0.985255 0.550522 0.946234 0.534909 0.93934 0.529457 0.978361
0 0.164532 1.02007 0.214234 0.994072 0.206013 0.94439 0.156311 0.970383
0 0.145627 0.82519 0.156341 0.792518 0.140825 0.776437 0.13011 0.809109
0 0.0242303 0.848544 0.0266296 0.79711 -0.000912227 0.79305 -0.0033115 0.844483
0 0.26388 1.0011 0.264471 0.968244 0.245724 0.967178 0.245133 1.00003
0 0.592757 1.011 0.633911 0.987653 0.609256 0.850274 0.568101 0.873617
0 0.0429796 0.855679 0.0411511 0.810751 0.0194556 0.813542 0.0212841 0.85847
0 0.171819 0.637878 0.17703 0.613046 0.163438 0.604033 0.158227 0.628864
0 0.197248 0.770114 0.198165 0.749382 0.183945 0.747396 0.183029 0.768128
0 0.280619 0.997652 0.281124 0.973032 0.263863 0.971915 0.263359 0.996535
0 0.24862 0.933068 0.253003 0.909171 0.237828 0.900375 0.233445 0.924272
0 0.603729 0.81762 0.606946 0.790838 0.591883 0.785119 0.588666 0.811902
0 0.436489 0.915682 0.447284 0.881777 0.426792 0.861156 0.415997 0.895061
0 0.516508 0.898264 0.525997 0.869804 0.508641 0.851516 0.499152 0.879976
0 0.499897 0.979313 0.50813 0.928184 0.483698 0.915751 0.475465 0.96688
0 0.609597 0.837554 0.609081 0.81366 0.591903 0.814832 0.592419 0.838727
0 0.299422 0.971452 0.302412 0.951242 0.29071 0.94577 0.28772 0.96598
0 0.522106 0.684288 0.522445 0.658625 0.503644 0.657841 0.503306 0.683505
0 0.498832 0.79595 0.501876 0.774368 0.489643 0.768915 0.4866 0.790497
0 0.442114 0.944706 0.455423 0.903051 0.437192 0.88464 0.423883 0.926295
0 0.789975 0.389115 0.792266 0.33402 0.76092 0.3299 0.758628 0.384995
0 0.533747 0.797217 0.539428 0.782036 0.527768 0.768246 0.522087 0.783427
0 0.181161 0.611863 0.185651 0.558883 0.152542 0.550015 0.148051 0.602995
0 0.313309 0.956828 0.314049 0.928383 0.294606 0.926785 0.293866 0.95523
0 0.132638 0.930024 0.134864 0.902232 0.119123 0.898246 0.116897 0.926039
0 0.260592 0.969642 0.26446 0.942266 0.247156 0.93454 0.243289 0.961916
0 0.175441 0.710578 0.176881 0.686523 0.1601 0.683349 0.15866 0.707404
0 0.258488 0.928426 0.268618 0.906091 0.260188 0.894009 0.250059 0.916344
0 0.445941 0.742828 0.454055 0.712089 0.439479 0.699929 0.431366 0.730669
0 0.533492 0.658723 0.537221 0.636966 0.521992 0.628719 0.518264 0.650476
0 0.254455 0.973684 0.256862 0.947477 0.240954 0.942858 0.238546 0.969065
0 0.313236 0.970762 0.32645 0.951412 0.319301 0.935982 0.306087 0.955332
0 0.984898 0.671245 0.996936 0.645234 0.976361 0.61514 0.964323 0.641151
0 0.182479 0.765934 0.183699 0.742942 0.16998 0.740642 0.16876 0.763634
0 0.328088 0.935513 0.329634 0.908192 0.312133 0.905063 0.310587 0.932384
0 0.658077 0.57267 0.662998 0.533314 0.637903 0.523398 0.632982 0.562754
0 0.163527 0.770839 0.166348 0.751508 0.14879 0.743407 0.145968 0.762738
0 0.527289 0.770557 0.530839 0.750512 0.515495 0.741923 0.511945 0.761968
0 0.345413 0.918051 0.350969 0.890218 0.338761 0.882514 0.333204 0.910347
0 0.157643 0.747959 0.165407 0.725234 0.155743 0.714798 0.147979 0.737523
0 0.677124 0.605243 0.67224 0.570108 0.646163 0.581565 0.651048 0.616701
0 0.971133 0.73329 0.980922 0.696693 0.962971 0.681518 0.953182 0.718115
0 0.509137 0.796311 0.517323 0.764707 0.506552 0.755889 0.498366 0.787492
0 0.589196 0.841061 0.590905 0.819564 0.577339 0.816154 0.575629 0.837652
0 0.52372 0.854166 0.530016 0.812476 0.512156 0.803952 0.50586 0.845642
0 0.473417 0.792961 0.471012 0.759973 0.448821 0.765087 0.451227 0.798075
0 0.286695 0.986439 0.290242 0.959062 0.268251 0.950055 0.264703 0.977432
0 0.470132 0.531571 0.468441 0.496067 0.45204 0.498536 0.453731 0.53404
0 0.534881 0.892597 0.535795 0.861623 0.519716 0.860123 0.518802 0.891097
0 0.540293 0.934127 0.549465 0.891176 0.533872 0.880651 0.524699 0.923602
0 0.635696 0.588933 0.644245 0.563458 0.627322 0.545509 0.618773 0.570983
0 0.219924 0.973652 0.228404 0.948658 0.218483 0.93802 0.210003 0.963013
0 0.413888 0.934043 0.431499 0.90856 0.419999 0.883441 0.402388 0.908924
0 0.537988 0.831861 0.541864 0.804695 0.52844 0.798642 0.524564 0.825808
0 0.08153 0.80626 0.0768574 0.757864 0.0376124 0.76984 0.0422849 0.818235
0 0.479359 0.415325 0.487855 0.34583 0.455866 0.33347 0.44737 0.402965
0 0.308927 0.926903 0.310307 0.906689 0.300214 0.904511 0.298833 0.924725
0 0.513425 0.745987 0.515482 0.72786 0.503558 0.723583 0.501501 0.74171
0 0.216187 0.932212 0.224687 0.910876 0.215624 0.899466 0.207125 0.920802
0 0.896015 0.772359 0.906094 0.75119 0.888611 0.724882 0.878532 0.74605
0 0.406104 0.83488 0.429615 0.813945 0.42211 0.787305 0.398599 0.80824
0 0.880226 0.777311 0.889882 0.742531 0.869371 0.724533 0.859715 0.759313
0 0.336685 0.965076 0.342701 0.944222 0.332856 0.935247 0.326841 0.956101
0 0.569744 0.888533 0.577782 0.86552 0.559771 0.845639 0.551734 0.868651
0 0.357809 0.928613 0.363158 0.910696 0.354218 0.902261 0.348869 0.920178
0 0.494635 0.665794 0.503725 0.63882 0.4935 0.62793 0.48441 0.654905
0 0.211323 0.75064 0.216052 0.71983 0.199942 0.712016 0.195214 0.742826
0 0.521135 0.730431 0.52664 0.706071 0.51296 0.696301 0.507455 0.72066
0 0.495091 0.81735 0.497548 0.791828 0.48407 0.787726 0.481612 0.813248
0 0.916392 0.712065 0.918698 0.690902 0.897454 0.683586 0.895148 0.704749
0 0.0183305 0.80296 0.017667 0.771143 -0.00280101 0.772492 -0.00213756 0.804308
0 0.615272 0.804008 0.616825 0.782899 0.605389 0.780241 0.603837 0.80135
0 0.37597 0.716879 0.384082 0.669328 0.362539 0.657713 0.354427 0.705264
0 0.984324 0.535832 0.980667 0.481588 0.929818 0.492423 0.933475 0.546667
0 0.58359 0.738162 0.58511 0.71708 0.572602 0.714228 0.571082 0.73531
0 0.293526 0.795443 0.30012 0.772534 0.289676 0.763031 0.283081 0.78594
0 0.57195 1.00518 0.573674 0.976228 0.551694 0.972092 0.54997 1.00105
0 0.156857 0.604918 0.156788 0.580856 0.138421 0.581022 0.13849 0.605084
0 0.397192 0.890833 0.400623 0.854249 0.380564 0.848303 0.377133 0.884888
0 0.42177 0.95224 0.431978 0.925867 0.421458 0.912999 0.41125 0.939371
0 0.0290166 0.69501 0.0302821 0.673292 0.0166846 0.670788 0.0154191 0.692506
0 0.263376 0.94449 0.271892 0.925161 0.263397 0.913333 0.254882 0.932662
0 0.233677 0.963958 0.236532 0.946298 0.227112 0.941484 0.224257 0.959144
0 0.167628 0.759923 0.17533 0.736014 0.164906 0.7254 0.157203 0.749309
0 0.404018 1.02715 0.481879 1.0025 0.474603 0.929879 0.396742 0.954535
0 0.230388 0.947193 0.239212 0.92429 0.230495 0.913677 0.221672 0.93658
0 0.317914 0.992361 0.322762 0.968423 0.311387 0.961144 0.30654 0.985082
0 0.610269 0.865664 0.610679 0.835368 0.591578 0.83455 0.591168 0.864846
0 0.401158 1.00531 0.401324 0.985144 0.383282 0.984674 0.383116 1.00484
0 0.291805 0.958744 0.291423 0.934653 0.273351 0.935559 0.273733 0.95965
0 0.169867 0.812899 0.170857 0.794632 0.157047 0.792267 0.156057 0.810533
0 0.196584 0.620033 0.19769 0.601142 0.185435 0.598875 0.18433 0.617767
0 0.963546 0.698533 0.967234 0.669922 0.94122 0.659325 0.937532 0.687935
0 0.441649 0.766768 0.43681 0.725839 0.410752 0.735575 0.41559 0.776504
0 0.069916 0.896499 0.0689901 0.872042 0.0493475 0.874392 0.0502734 0.898849
0 0.919492 0.785655 0.935472 0.761495 0.918178 0.725343 0.902198 0.749503
0 0.591492 1.00719 0.593165 0.975406 0.571943 0.971875 0.57027 1.00366
0 0.39983 0.417061 0.405048 0.379859 0.387639 0.372142 0.382421 0.409344
0 0.347597 0.941998 0.354695 0.922154 0.345121 0.911332 0.338024 0.931175
0 0.510637 0.994813 0.519521 0.963509 0.50773 0.952934 0.498847 0.984238
0 0.185012 0.639016 0.188738 0.618442 0.179086 0.612918 0.17536 0.633491
0 0.896731 0.718048 0.901174 0.693954 0.88499 0.684522 0.880547 0.708616
0 0.363926 0.903597 0.375451 0.881323 0.367081 0.867634 0.355555 0.889908
0 0.211875 0.719037 0.22636 0.68251 0.212196 0.664757 0.19771 0.701284
0 0.355674 1.00551 0.368789 0.977294 0.357583 0.960835 0.344469 0.989053
0 0.292495 0.840223 0.294744 0.822876 0.285022 0.818893 0.282773 0.83624
0 0.604821 0.594252 0.644328 0.528645 0.619991 0.482326 0.580484 0.547933
0 0.63953 0.830943 0.643367 0.810222 0.62813 0.801303 0.624293 0.822025
0 0.622231 0.826605 0.625449 0.80685 0.611273 0.799551 0.608055 0.819307
0 1.00248 0.548026 1.00289 0.523922 0.987744 0.52312 0.98734 0.547224
0 0.394073 0.938708 0.403701 0.89622 0.381014 0.879972 0.371386 0.92246
0 0.515081 0.658774 0.518361 0.637774 0.504345 0.630855 0.501065 0.651856
0 0.311606 1.00803 0.31418 0.98962 0.303613 0.984953 0.301039 1.00337
0 0.283728 0.924345 0.288945 0.906785 0.280261 0.898633 0.275045 0.916192
0 0.282612 0.941814 0.285099 0.924677 0.27498 0.920036 0.272493 0.937173
0 0.983137 0.555859 0.985668 0.531623 0.961125 0.523526 0.958595 0.547761
0 0.156482 0.830431 0.16599 0.812013 0.158354 0.799553 0.148845 0.817971
0 1.02035 0.879826 1.02141 0.753467 0.963289 0.751937 0.962236 0.878296
0 0.0801995 0.907887 0.0921918 0.887698 0.0841767 0.872651 0.0721844 0.89284
0 0.112693 0.869041 0.113232 0.819805 0.0854404 0.818843 0.0849008 0.868079
0 0.64536 0.811063 0.647218 0.791087 0.626352 0.784955 0.624495 0.804931
0 0.596452 0.603895 0.597423 0.578589 0.583988 0.576961 0.583018 0.602267
0 0.396012 0.959648 0.406969 0.934958 0.395921 0.919463 0.384965 0.944153
0 0.111255 0.325953 0.114659 0.284148 0.0914171 0.278166 0.0880126 0.319971
0 0.261135 0.944619 0.267358 0.925171 0.258557 0.916268 0.252333 0.935716
0 0.671876 0.797327 0.673043 0.760006 0.648772 0.757608 0.647605 0.794929
0 0.719977 0.808734 0.739528 0.784345 0.716554 0.726143 0.697004 0.750532
0 0.527782 0.915454 0.529474 0.889905 0.515228 0.886922 0.513536 0.912471
0 0.923011 0.772806 0.936747 0.751251 0.917205 0.711896 0.90347 0.733451
0 0.0517808 0.906934 0.0535742 0.882163 0.0402042 0.879104 0.0384107 0.903875
0 0.075966 0.89842 0.0941637 0.860182 0.0768468 0.834136 0.0586491 0.872374
0 0.387045 0.851467 0.390223 0.83174 0.380274 0.826676 0.377096 0.846402
0 0.590865 0.820321 0.593076 0.801805 0.578692 0.796375 0.57648 0.814891
0 0.742216 0.799909 0.772964 0.762942 0.758892 0.725949 0.728144 0.762916
0 0.347167 0.972938 0.355135 0.950635 0.346894 0.94133 0.338926 0.963633
0 0.447945 0.812187 0.452059 0.772833 0.432283 0.766299 0.428168 0.805653
0 0.171845 0.993174 0.173559 0.929783 0.135371 0.92652 0.133657 0.98991
0 0.150396 0.749104 0.152991 0.728969 0.142955 0.724881 0.14036 0.745016
0 0.539715 0.757658 0.543443 0.743692 0.535056 0.736615 0.531327 0.750581
0 0.226465 0.932426 0.234826 0.905009 0.226385 0.896873 0.218023 0.924289
0 0.324996 0.909225 0.327043 0.886543 0.314946 0.883093 0.3129 0.905775
0 0.736184 0.628017 0.735687 0.588559 0.712881 0.589465 0.713377 0.628923
0 0.0164593 0.918326 0.0162397 0.886137 -0.00132162 0.886516 -0.00110202 0.918705
0 0.258651 0.903186 0.262671 0.88745 0.255207 0.881424 0.251187 0.89716
0 0.411858 1.01958 0.443688 0.966651 0.424598 0.930364 0.392768 0.983287
0 0.914024 0.803935 0.92291 0.781915 0.901595 0.754728 0.892709 0.776748
0 0.292191 1.00084 0.298265 0.973508 0.288324 0.966524 0.28225 0.993853
0 0.557338 0.885879 0.561334 0.862288 0.548782 0.855568 0.544786 0.879159
0 0.111404 0.810303 0.124529 0.791409 0.11782 0.77668 0.104695 0.795574
0 0.0377995 0.885579 0.0343484 0.841232 -0.00378255 0.85061 -0.000331488 0.894957
0 0.217909 0.992354 0.223812 0.968714 0.211658 0.959121 0.205754 0.98276
0 0.527157 0.701348 0.530925 0.682984 0.519009 0.675256 0.51524 0.69362
0 0.675118 0.77819 0.68803 0.749382 0.663249 0.71428 0.650337 0.743088
0 0.732808 0.996764 0.732126 0.911582 0.695298 0.912513 0.695979 0.997695
0 0.0752631 0.918251 0.0749687 0.892282 0.0545553 0.893013 0.0548497 0.918982
0 0.498322 0.74927 0.499702 0.731762 0.490045 0.729355 0.488664 0.746863
0 0.157683 0.703311 0.162279 0.681848 0.153899 0.676176 0.149302 0.697638
0 0.156788 0.727328 0.160442 0.709116 0.152686 0.704199 0.149033 0.72241
0 0.548684 0.790239 0.551553 0.774324 0.538779 0.767047 0.535911 0.782962
0 0.601138 0.640508 0.605273 0.612409 0.591122 0.605826 0.586986 0.633925
0 0.536831 0.799183 0.541577 0.787698 0.530616 0.773384 0.52587 0.784869
0 0.245504 0.899128 0.246781 0.882412 0.238797 0.880484 0.23752 0.8972
0 0.526115 0.359876 0.524409 0.332754 0.482451 0.341091 0.484157 0.368213
0 0.310993 0.906772 0.313586 0.887264 0.304077 0.88327 0.301484 0.902778
0 0.0581495 0.129719 0.0634178 -0.0169301 -0.016695 -0.026026 -0.0219633 0.120623
0 0.341099 0.887104 0.34336 0.871823 0.334456 0.867659 0.332195 0.882941
0 0.0997005 0.930737 0.10837 0.901403 0.0976124 0.891354 0.0889425 0.920688
0 0.638006 0.868939 0.639606 0.841187 0.623509 0.838253 0.621909 0.866005
0 0.0908557 0.91762 0.102259 0.892189 0.0926923 0.87863 0.0812887 0.904061
0 0.998234 0.710768 0.998906 0.676962 0.98347 0.675993 0.982798 0.709799
0 0.135392 0.842517 0.151015 0.802627 0.132103 0.779218 0.11648 0.819108
0 0.544244 0.68291 0.546965 0.656529 0.535544 0.652806 0.532823 0.679187
0 0.312059 0.871245 0.312733 0.854755 0.303305 0.853537 0.302631 0.870026
0 0.052861 0.832371 0.0548158 0.808231 0.0411973 0.804745 0.0392426 0.828886
0 0.239787 0.889185 0.241854 0.87433 0.232981 0.87043 0.230915 0.885284
0 0.344894 0.875382 0.345956 0.860709 0.337625 0.858803 0.336563 0.873476
0 0.400061 0.994313 0.405134 0.967798 0.394539 0.961391 0.389466 0.987905
0 0.75197 0.378429 0.768262 0.304741 0.733574 0.280503 0.717282 0.35419
0 0.700789 0.374499 0.705454 0.306908 0.673738 0.299988 0.669072 0.367579
0 0.590704 0.562118 0.591172 0.518535 0.573877 0.517948 0.573409 0.561531
0 0.266571 0.708547 0.266986 0.684457 0.253681 0.683733 0.253266 0.707823
0 0.695543 0.758899 0.696707 0.739036 0.685918 0.737039 0.684755 0.756902
0 0.172695 0.652911 0.175746 0.637671 0.166681 0.631934 0.16363 0.647174
0 0.524044 0.137744 0.530136 0.0947345 0.495971 0.0794388 0.489879 0.122448
0 0.0641834 0.740645 0.0735337 0.701857 0.0590086 0.690791 0.0496583 0.729578
0 0.544233 0.621255 0.557543 0.597443 0.539433 0.565451 0.526123 0.589263
0 0.574741 0.681446 0.576778 0.656321 0.560797 0.652226 0.55876 0.677351
0 0.0117903 0.987273 0.0283862 0.969299 0.0224196 0.951887 0.00582377 0.969861
0 0.311031 0.997409 0.317227 0.974262 0.307947 0.966412 0.301751 0.989559
0 0.589948 0.799566 0.592694 0.782084 0.582501 0.777024 0.579755 0.794506
0 0.496259 0.701011 0.498008 0.681109 0.48882 0.678557 0.487071 0.698459
0 0.0792317 0.959749 0.0889495 0.935472 0.078409 0.922137 0.0686911 0.946414
0 0.27355 0.926716 0.278962 0.907699 0.270446 0.900039 0.265034 0.919056
0 0.525883 0.826234 0.528245 0.795124 0.513253 0.791525 0.51089 0.822636
0 0.376636 0.994664 0.379682 0.975372 0.367324 0.969206 0.364279 0.988499
0 0.250786 0.996355 0.250814 0.971234 0.236332 0.971182 0.236303 0.996303
