0 0.546658 0.999073 0.565062 0.901036 0.4971 0.860715 0.478696 0.958752
0 0.595475 0.594414 0.594675 0.540954 0.56445 0.542385 0.565251 0.595845
0 0.988682 1.07679 1.02581 0.861955 0.817683 0.748289 0.780559 0.963119
0 0.463023 0.937339 0.478519 0.876516 0.455341 0.857854 0.439845 0.918677
0 0.552339 0.904463 0.561388 0.859542 0.527294 0.837834 0.518244 0.882755
0 0.559494 0.863625 0.569023 0.827328 0.553451 0.814407 0.543922 0.850704
0 0.222996 1.02406 0.269823 0.980113 0.25349 0.925111 0.206663 0.96906
0 0.578724 0.701501 0.57674 0.674218 0.552868 0.679703 0.554852 0.706986
0 0.490706 0.785157 0.489814 0.742902 0.464129 0.744615 0.46502 0.78687
0 0.573493 0.927666 0.574833 0.890466 0.55516 0.888225 0.55382 0.925425
0 0.312535 0.997798 0.314407 0.964812 0.296997 0.96169 0.295125 0.994675
0 0.561015 0.824805 0.572118 0.788546 0.559958 0.776778 0.548855 0.813038
0 0.484911 0.936584 0.496795 0.901968 0.476825 0.880301 0.464942 0.914917
0 0.208951 0.807457 0.21739 0.771309 0.201251 0.7594 0.192811 0.795548
0 0.630084 0.889713 0.631398 0.846687 0.607961 0.844424 0.606647 0.887451
0 0.267118 0.944106 0.274014 0.805214 0.204233 0.794263 0.197336 0.933155
0 0.490854 0.969673 0.504158 0.925515 0.484752 0.907037 0.471449 0.951195
0 0.497091 0.891435 0.499244 0.827142 0.470373 0.824086 0.468219 0.888378
0 0.236131 0.772188 0.239842 0.746979 0.227044 0.741026 0.223334 0.766235
0 0.114163 0.821852 0.112508 0.780012 0.0943582 0.782281 0.096013 0.824121
0 0.457445 0.848372 0.478974 0.828783 0.47064 0.799834 0.44911 0.819423
0 0.290752 0.986509 0.293174 0.953717 0.273276 0.949071 0.270853 0.981862
0 0.151286 0.822146 0.15306 0.777498 0.131158 0.774746 0.129383 0.819394
0 0.502196 0.75592 0.504025 0.722253 0.485661 0.7191 0.483832 0.752767
0 0.375928 0.94155 0.378825 0.913451 0.363007 0.908296 0.36011 0.936395
0 0.309547 0.96892 0.313129 0.936137 0.293936 0.929511 0.290355 0.962293
0 0.195706 0.903672 0.195244 0.87879 0.178505 0.879773 0.178967 0.904655
0 0.224531 0.781294 0.228597 0.754338 0.210789 0.745849 0.206723 0.772805
0 0.394328 0.924105 0.400677 0.891194 0.388528 0.883787 0.382179 0.916699
0 0.235138 0.619885 0.238929 0.597947 0.22624 0.591019 0.22245 0.612957
0 0.250853 0.581876 0.241207 0.531872 0.20373 0.554723 0.213377 0.604726
0 0.302614 0.923814 0.3033 0.896942 0.284048 0.895388 0.283362 0.92226
0 0.254991 0.740357 0.260634 0.714102 0.240434 0.70038 0.234791 0.726635
0 0.497102 0.833015 0.505201 0.791809 0.485075 0.779308 0.476976 0.820514
0 0.312601 0.92344 0.319189 0.89995 0.308667 0.890624 0.302079 0.914114
0 0.0847634 0.819901 0.0995132 0.782055 0.0795993 0.757526 0.0648495 0.795372
0 0.0937066 0.876716 0.088441 0.806336 0.0272655 0.820801 0.032531 0.891181
0 0.465276 0.881661 0.469365 0.836056 0.442302 0.828388 0.438213 0.873993
0 0.329321 0.995809 0.330082 0.972637 0.314178 0.970986 0.313417 0.994158
0 0.35031 0.970802 0.35136 0.951414 0.338383 0.949193 0.337333 0.968581
0 0.107534 0.873313 0.110274 0.847576 0.0888993 0.840385 0.0861598 0.866122
0 0.155765 0.702487 0.174558 0.67285 0.152599 0.628841 0.133806 0.658478
0 0.180663 0.900823 0.183819 0.86371 0.163911 0.85836 0.160755 0.895472
0 0.238572 0.710377 0.244347 0.686052 0.231708 0.676568 0.225933 0.700893
0 0.467847 0.951944 0.480016 0.918534 0.463102 0.899063 0.450933 0.932473
0 0.469615 0.974158 0.48229 0.948479 0.471761 0.932052 0.459085 0.957731
0 0.577364 0.886386 0.58575 0.833294 0.564863 0.822867 0.556476 0.875959
0 0.0802074 0.818328 0.0803867 0.795336 0.0605282 0.794847 0.060349 0.817839
0 0.135575 0.837705 0.13708 0.807594 0.117456 0.804494 0.115951 0.834604
0 0.7891 1.0494 0.843026 0.964903 0.762306 0.802096 0.70838 0.886596
0 0.54188 1.01734 0.560957 0.974394 0.54016 0.945197 0.521083 0.988146
0 0.582742 0.931898 0.591181 0.908079 0.574504 0.889405 0.566065 0.913224
0 0.576262 0.792481 0.579927 0.773393 0.566705 0.76537 0.56304 0.784457
0 0.523376 0.813794 0.52203 0.779967 0.499787 0.782766 0.501134 0.816592
0 0.746009 0.641516 0.742794 0.604192 0.714899 0.611786 0.718114 0.64911
0 0.526219 0.536732 0.523735 0.504221 0.50617 0.508463 0.508655 0.540974
0 0.546116 0.843699 0.548381 0.813751 0.53434 0.810395 0.532075 0.840343
0 0.118806 0.858208 0.120126 0.830572 0.105741 0.8284 0.104421 0.856036
0 0.548985 0.819941 0.552875 0.797052 0.540515 0.790412 0.536624 0.813301
0 0.363119 0.974135 0.37388 0.952161 0.36601 0.939979 0.355248 0.961954
0 0.118664 0.322018 0.114654 0.273666 0.0934576 0.279222 0.0974677 0.327574
0 0.640664 1.00222 0.640291 0.919314 0.593654 0.919977 0.594027 1.00288
0 0.336561 0.985495 0.34004 0.960999 0.319894 0.951956 0.316415 0.976452
0 0.422939 0.910537 0.425158 0.883279 0.40811 0.878892 0.405891 0.906149
0 0.71991 0.604979 0.732685 0.568317 0.709414 0.542689 0.696639 0.579351
0 0.440426 1.00291 0.439666 0.978236 0.423465 0.979813 0.424225 1.00448
0 0.226259 0.751374 0.225891 0.729309 0.206839 0.730312 0.207207 0.752378
0 0.241357 0.75246 0.244494 0.730691 0.231017 0.724553 0.22788 0.746321
0 0.585332 0.798573 0.588436 0.777366 0.574053 0.770712 0.570949 0.79192
0 0.549512 0.684063 0.557737 0.654191 0.546155 0.644112 0.53793 0.673983
0 0.422618 0.874126 0.424752 0.849572 0.412122 0.846101 0.409987 0.870656
0 0.447098 0.950648 0.455136 0.912216 0.428537 0.894634 0.420499 0.933065
0 0.321338 0.954564 0.32437 0.932743 0.313007 0.927753 0.309975 0.949574
0 0.561089 0.781369 0.562951 0.762787 0.551864 0.759277 0.550002 0.777859
0 0.0513391 0.426408 0.0408126 0.340906 -0.0121004 0.361494 -0.00157388 0.446997
0 0.140268 0.887727 0.141085 0.86298 0.124037 0.8612 0.12322 0.885946
0 0.341794 0.958173 0.340641 0.932464 0.322223 0.935074 0.323376 0.960783
0 0.364561 0.9968 0.372575 0.973051 0.362463 0.962267 0.35445 0.986016
0 0.1765 0.842772 0.176848 0.800646 0.1507 0.799963 0.150352 0.842089
0 0.66265 0.863782 0.670189 0.834174 0.653004 0.820343 0.645465 0.849951
0 0.321131 0.70534 0.323174 0.680991 0.309873 0.677464 0.30783 0.701812
0 0.147266 0.931507 0.152216 0.905996 0.139091 0.897946 0.13414 0.923457
0 0.58972 0.679088 0.593185 0.656151 0.577231 0.648533 0.573766 0.67147
0 0.384293 0.971098 0.392716 0.951827 0.384392 0.940327 0.375968 0.959598
0 0.56719 0.768994 0.568764 0.749254 0.555308 0.745863 0.553734 0.765604
0 0.362724 0.960431 0.365646 0.9335 0.345685 0.926656 0.342763 0.953587
0 0.0578052 0.79315 0.0803877 0.773851 0.0757623 0.756746 0.0531798 0.776045
0 0.331092 0.97246 0.332719 0.950363 0.315673 0.946397 0.314046 0.968493
0 0.650156 0.916797 0.647273 0.87197 0.622875 0.876929 0.625758 0.921755
0 0.350646 1.00452 0.352574 0.982894 0.341624 0.979808 0.339695 1.00143
0 0.300415 1.00642 0.300882 0.986475 0.282958 0.985149 0.282491 1.00509
0 0.0898803 0.772576 0.0946402 0.748991 0.0764939 0.737417 0.071734 0.761002
0 0.138532 0.854604 0.142228 0.830458 0.128492 0.823812 0.124796 0.847959
0 0.235593 0.811678 0.237092 0.79273 0.225937 0.789941 0.224438 0.808888
0 0.39076 0.886877 0.393753 0.870838 0.38472 0.865511 0.381727 0.88155
0 0.64936 0.882928 0.648834 0.857802 0.63186 0.858926 0.632387 0.884052
0 0.394512 0.419665 0.394827 0.382893 0.362703 0.382026 0.362388 0.418797
0 0.39868 0.942555 0.402912 0.925118 0.393688 0.918044 0.389456 0.935481
0 0.387967 0.930321 0.391718 0.909581 0.380322 0.903066 0.376571 0.923807
0 0.271526 0.734739 0.273585 0.705263 0.257114 0.701627 0.255055 0.731103
0 0.662626 0.670198 0.668393 0.636094 0.652619 0.627664 0.646852 0.661768
0 0.431155 0.719613 0.435427 0.673999 0.412168 0.667114 0.407896 0.712729
0 0.633418 0.752138 0.642331 0.725885 0.631931 0.714724 0.623018 0.740978
0 0.154846 0.893022 0.166001 0.867931 0.156839 0.855057 0.145684 0.880148
0 0.729617 1.0001 0.738683 0.916442 0.703327 0.904333 0.694262 0.987993
0 0.592518 0.867886 0.599102 0.84319 0.584696 0.831051 0.578112 0.855747
0 0.448441 1.00604 0.486139 0.99527 0.483068 0.961303 0.44537 0.972076
0 0.676294 0.845853 0.677334 0.820095 0.664238 0.818424 0.663198 0.844181
0 0.657754 0.627607 0.658779 0.602603 0.645221 0.600845 0.644196 0.625849
0 0.150745 0.857095 0.154657 0.828405 0.139022 0.821667 0.13511 0.850358
0 0.640265 0.715773 0.643139 0.629308 0.600737 0.624854 0.597863 0.711319
0 0.315721 0.936535 0.322081 0.91858 0.313074 0.908495 0.306713 0.92645
0 0.270276 0.975449 0.281328 0.943569 0.270354 0.931545 0.259302 0.963426
0 0.241799 0.785253 0.242907 0.766751 0.230789 0.764458 0.229681 0.78296
0 0.259536 0.604067 0.260694 0.580524 0.249696 0.578814 0.248538 0.602357
0 0.0789332 0.690296 0.0901486 0.652997 0.0750476 0.638647 0.0638322 0.675946
0 0.357736 0.931079 0.360674 0.908357 0.350573 0.90423 0.347635 0.926952
0 0.648479 0.835792 0.650873 0.816529 0.639726 0.812151 0.637333 0.831415
0 0.33553 0.92229 0.339035 0.905213 0.328969 0.898684 0.325464 0.915761
0 0.655314 0.742337 0.66084 0.720824 0.644324 0.707416 0.638798 0.728929
0 0.359328 1.00014 0.366839 0.977751 0.357605 0.96796 0.350094 0.990345
0 0.195207 0.696709 0.193893 0.663753 0.171132 0.666622 0.172447 0.699578
0 0.293137 0.947394 0.299387 0.923035 0.29081 0.916079 0.28456 0.940439
0 0.538267 0.803211 0.542873 0.781403 0.531265 0.773653 0.526658 0.795462
0 0.344242 0.83584 0.34596 0.818551 0.336978 0.815729 0.335259 0.833018
0 0.271698 0.922019 0.278552 0.894706 0.268536 0.886763 0.261682 0.914075
0 0.439872 0.974848 0.457251 0.956773 0.450658 0.93674 0.433279 0.954815
0 0.415802 0.909588 0.418554 0.883834 0.404322 0.879028 0.40157 0.904783
0 0.268518 0.708862 0.282493 0.680555 0.271366 0.663193 0.257391 0.6915
0 0.585701 0.135749 0.588677 0.0884874 0.551889 0.0811653 0.548913 0.128427
0 0.619959 0.749287 0.625811 0.732002 0.613789 0.719139 0.607938 0.736424
0 0.189561 0.818203 0.206286 0.790773 0.193436 0.766011 0.176711 0.793441
0 0.0367945 0.770314 0.0372932 0.753038 0.0253025 0.751944 0.0248038 0.76922
0 0.415511 1.00336 0.414779 0.975443 0.39869 0.976777 0.399423 1.00469
0 0.179709 0.788269 0.188767 0.765407 0.181463 0.756262 0.172405 0.779124
0 0.286677 0.999241 0.287559 0.981889 0.271771 0.979353 0.270889 0.996704
0 0.113068 0.798313 0.114505 0.771603 0.100425 0.769209 0.0989877 0.795919
0 0.444534 0.900451 0.447732 0.85946 0.430489 0.855208 0.427291 0.8962
0 0.148075 0.880334 0.156168 0.85732 0.146454 0.846524 0.138361 0.869538
0 0.37466 0.915208 0.376439 0.893417 0.363855 0.89017 0.362076 0.911962
0 0.445233 0.571178 0.449665 0.555557 0.438576 0.545612 0.434144 0.561233
0 0.221353 0.731199 0.227905 0.705481 0.217619 0.6972 0.211067 0.722918
0 0.330506 0.903853 0.334344 0.886008 0.325434 0.879951 0.321596 0.897795
0 0.0480678 0.821348 0.062159 0.795435 0.0513076 0.776785 0.0372164 0.802698
0 0.298506 0.990218 0.300137 0.965671 0.288136 0.963152 0.286506 0.987699
0 0.507883 0.725195 0.510193 0.706094 0.497938 0.70141 0.495628 0.720511
0 0.224314 0.798784 0.228364 0.778644 0.215773 0.770641 0.211723 0.79078
0 0.270184 1.00811 0.271414 0.990194 0.255125 0.986658 0.253895 1.00457
0 0.702588 0.625731 0.714268 0.599947 0.693506 0.57022 0.681825 0.596004
0 0.181866 0.839271 0.20788 0.814532 0.200069 0.788572 0.174055 0.813312
0 0.569204 0.677367 0.572198 0.655991 0.559765 0.650487 0.556771 0.671863
0 0.113548 0.740732 0.115068 0.721745 0.104927 0.719179 0.103407 0.738166
0 0.295249 0.758373 0.29615 0.738706 0.275815 0.735759 0.274914 0.755427
0 0.333961 0.939064 0.335286 0.922127 0.323534 0.919221 0.322209 0.936158
0 0.52682 0.862731 0.534645 0.814773 0.510062 0.802095 0.502236 0.850052
0 0.111256 0.761625 0.113032 0.744408 0.102585 0.741003 0.10081 0.75822
0 0.362296 0.871542 0.363058 0.855452 0.354031 0.854101 0.35327 0.870191
0 0.396626 0.973288 0.403044 0.952707 0.395203 0.94498 0.388785 0.965561
0 0.248259 0.618178 0.251164 0.599692 0.241809 0.595044 0.238903 0.613531
0 0.234464 0.693127 0.240371 0.671696 0.228051 0.660965 0.222145 0.682396
0 0.332023 0.998966 0.332104 0.979316 0.316592 0.979114 0.316511 0.998763
0 0.0850769 0.951137 0.102055 0.930885 0.0960168 0.914885 0.0790382 0.935136
0 0.267561 0.938488 0.272746 0.920984 0.263541 0.912368 0.258357 0.929872
0 0.242509 0.670073 0.245788 0.654911 0.234091 0.646917 0.230813 0.662079
0 0.601662 0.644349 0.615787 0.62104 0.595296 0.581795 0.581171 0.605104
0 0.408959 0.967749 0.41408 0.949953 0.406304 0.94288 0.401182 0.960676
0 0.00280682 0.908267 0.0278774 0.869538 0.013347 0.83981 -0.0117236 0.878538
0 0.594648 0.971626 0.601942 0.926504 0.584943 0.917819 0.577649 0.962942
0 0.308238 0.961316 0.313694 0.933324 0.29997 0.92487 0.294514 0.952863
0 0.1632 0.802395 0.166329 0.783548 0.155174 0.777696 0.152046 0.796543
0 0.421229 0.925648 0.427522 0.903407 0.418282 0.895144 0.411989 0.917385
0 0.551141 0.768999 0.553279 0.750977 0.542808 0.747051 0.54067 0.765073
0 0.223754 0.679184 0.226262 0.662498 0.217043 0.658119 0.214535 0.674805
0 0.247571 0.806995 0.24833 0.792187 0.238878 0.790654 0.238118 0.805463
0 0.637822 0.771213 0.642453 0.750036 0.63202 0.742823 0.627388 0.764001
0 0.0632482 0.799019 0.0779797 0.779289 0.0700468 0.760569 0.0553152 0.780299
0 0.212966 1.01118 0.216151 0.956029 0.172842 0.948126 0.169657 1.00328
0 0.602562 0.819216 0.606375 0.802448 0.592181 0.792249 0.588368 0.809017
0 0.507316 0.786111 0.510024 0.752089 0.490709 0.74723 0.488001 0.781253
0 0.574463 0.749149 0.578386 0.720593 0.56636 0.71537 0.562436 0.743926
0 0.313574 0.890064 0.317389 0.876085 0.30987 0.869601 0.306055 0.88358
0 0.572104 0.625436 0.577549 0.599792 0.560212 0.588157 0.554767 0.613801
0 0.67526 0.62152 0.709545 0.55251 0.679207 0.504875 0.644922 0.573885
0 0.134444 0.704021 0.143632 0.675845 0.132278 0.664142 0.123089 0.692318
0 0.424209 0.99185 0.425012 0.973726 0.414608 0.972271 0.413806 0.990394
0 0.58394 0.72621 0.586641 0.707743 0.575545 0.702612 0.572843 0.721079
0 0.480259 0.945629 0.489148 0.896511 0.468007 0.884419 0.459118 0.933538
0 0.215067 0.816502 0.225322 0.79335 0.216863 0.781509 0.206609 0.804661
0 0.672116 0.40678 0.671442 0.343585 0.644109 0.344506 0.644783 0.407701
0 0.384757 0.898291 0.38577 0.882515 0.377009 0.880737 0.375996 0.896513
0 0.269109 0.982671 0.278246 0.955796 0.267878 0.944654 0.258741 0.97153
0 0.40828 0.939812 0.41335 0.921021 0.403896 0.91296 0.398826 0.931751
0 0.0713104 0.644096 0.0798536 0.616531 0.0708385 0.6077 0.0622953 0.635266
0 0.593981 0.851325 0.600271 0.839007 0.589386 0.821439 0.583095 0.833756
