0 0.482886 0.977919 0.499169 0.91886 0.473716 0.896682 0.457434 0.955741
0 0.201597 0.663876 0.203001 0.639612 0.188411 0.636945 0.187008 0.66121
0 0.0665048 0.843374 0.0765071 0.796486 0.0556147 0.7824 0.0456125 0.829288
0 0.162253 0.749047 0.161375 0.717687 0.142677 0.719343 0.143555 0.750702
0 0.470739 0.849447 0.477411 0.826261 0.460713 0.811076 0.454042 0.834262
0 0.486631 0.912063 0.488577 0.885953 0.469798 0.881531 0.467853 0.907642
0 0.0333321 0.589666 0.0603836 0.562214 0.0500317 0.529974 0.0229802 0.557425
0 0.183317 0.63283 0.186018 0.608241 0.169341 0.60245 0.166639 0.627039
0 0.10237 1.01481 0.135413 0.981229 0.124392 0.946954 0.09135 0.980532
0 0.60649 0.869359 0.617517 0.82733 0.598018 0.811162 0.586992 0.853192
0 0.15289 0.882117 0.174869 0.81079 0.145522 0.782209 0.123543 0.853536
0 0.0999825 0.966381 0.0975563 0.917796 0.0743604 0.921457 0.0767866 0.970042
0 0.189852 1.01495 0.223673 0.993831 0.215987 0.954938 0.182166 0.976061
0 0.0989489 0.931384 0.10457 0.902471 0.0827042 0.889034 0.0770828 0.917947
0 0.575097 0.872805 0.585042 0.83788 0.563124 0.818154 0.553178 0.853079
0 0.468257 0.944551 0.474708 0.903041 0.458108 0.894888 0.451657 0.936398
0 0.305475 0.956821 0.313495 0.921875 0.297557 0.910314 0.289537 0.945259
0 0.173835 0.987983 0.185887 0.949395 0.168771 0.9325 0.156719 0.971088
0 0.492484 0.879664 0.496843 0.852967 0.480499 0.844534 0.47614 0.871231
0 0.228031 0.739863 0.228065 0.715704 0.211326 0.715628 0.211292 0.739787
0 0.15666 1.00573 0.164078 0.95402 0.143501 0.944691 0.136084 0.9964
0 0.120149 0.773348 0.121781 0.748713 0.104255 0.745044 0.102623 0.769679
0 0.247959 0.896258 0.250568 0.849813 0.224607 0.845205 0.221998 0.89165
0 0.144731 0.765576 0.147974 0.744992 0.136327 0.739193 0.133084 0.759777
0 0.0450854 0.841382 0.0559692 0.822023 0.0431585 0.79926 0.0322747 0.818619
0 0.259844 0.815477 0.265102 0.796126 0.253822 0.786439 0.248564 0.805789
0 0.517323 0.84234 0.521538 0.813338 0.507691 0.806978 0.503476 0.83598
0 0.242206 0.971054 0.252697 0.946649 0.241164 0.930981 0.230674 0.955386
0 0.0897075 0.842355 0.128705 0.79675 0.118916 0.770297 0.0799193 0.815902
0 0.192645 0.921897 0.205652 0.890961 0.194675 0.876374 0.181668 0.90731
0 0.497579 0.904432 0.5023 0.887145 0.490476 0.876938 0.485754 0.894225
0 0.982156 1.04906 1.00391 0.895828 0.794278 0.801756 0.772522 0.95499
0 0.0844598 0.743374 0.093128 0.722547 0.0845675 0.711287 0.0758993 0.732113
0 0.207287 0.692396 0.214521 0.6752 0.199105 0.654703 0.191871 0.671899
0 0.229854 0.959443 0.242148 0.932699 0.232842 0.919178 0.220547 0.945922
0 0.23901 1.00228 0.244463 0.974989 0.231902 0.967057 0.226449 0.994347
0 0.0641306 0.785453 0.0875039 0.756996 0.0780751 0.73252 0.0547018 0.760976
0 0.436785 0.908392 0.446734 0.871624 0.422094 0.850552 0.412145 0.887321
0 0.0567089 0.876571 0.0619763 0.852076 0.0441108 0.839934 0.0388434 0.864429
0 0.514227 0.886919 0.518455 0.856494 0.50047 0.848594 0.496242 0.879019
0 0.1225 0.8245 0.148754 0.80393 0.143169 0.781403 0.116916 0.801973
0 0.188592 0.992114 0.213541 0.948023 0.200708 0.925072 0.175758 0.969162
0 0.328836 0.970722 0.345956 0.905132 0.319219 0.883075 0.302099 0.948665
0 0.202795 0.725968 0.202706 0.69092 0.181045 0.691094 0.181135 0.726143
0 0.0344333 0.553339 0.0356912 0.528786 0.0216955 0.526519 0.0204376 0.551073
0 0.0704023 0.876827 0.0836071 0.84721 0.0720461 0.830919 0.0588413 0.860536
0 0.104859 0.986214 0.145802 0.944574 0.129959 0.895339 0.0890156 0.936979
0 0.517591 0.769634 0.531864 0.745916 0.513401 0.710802 0.499128 0.73452
0 0.212503 0.924715 0.227166 0.879248 0.210477 0.862237 0.195814 0.907704
0 0.0354285 1.01204 0.0765399 0.974831 0.066867 0.941051 0.0257556 0.978258
0 0.158234 0.695248 0.16746 0.665003 0.156358 0.6543 0.147132 0.684546
0 0.0982672 0.730362 0.103928 0.712197 0.0934172 0.701844 0.0877559 0.720009
0 0.592978 0.893589 0.602762 0.873258 0.586328 0.848264 0.576544 0.868595
0 0.218442 0.960238 0.234086 0.920466 0.224091 0.908041 0.208448 0.947813
0 0.111837 0.298101 0.108861 0.250912 0.086331 0.255403 0.0893068 0.302591
0 0.587106 0.856122 0.598321 0.829514 0.585113 0.81192 0.573898 0.838528
0 0.185003 0.951211 0.196246 0.924083 0.185743 0.910326 0.1745 0.937453
0 0.278993 0.84795 0.279788 0.824011 0.264832 0.822441 0.264036 0.846379
0 0.468234 0.901784 0.481487 0.868475 0.469337 0.853197 0.456084 0.886506
0 0.137679 0.799722 0.158656 0.779441 0.152875 0.760544 0.131898 0.780824
0 0.22347 0.761906 0.218511 0.728756 0.190443 0.742026 0.195403 0.775176
0 0.510716 0.905935 0.514277 0.882843 0.501032 0.876387 0.497471 0.89948
0 0.0573263 0.791363 0.0591053 0.765795 0.0435076 0.762365 0.0417286 0.787933
0 0.220586 0.681477 0.229909 0.660397 0.22232 0.649788 0.212997 0.670868
0 0.466889 0.804497 0.471518 0.784435 0.459747 0.775852 0.455118 0.795914
0 0.0271918 0.864346 0.0365277 0.840397 0.0256263 0.826966 0.0162904 0.850915
0 0.295364 0.931751 0.301597 0.909482 0.283791 0.893731 0.277558 0.916
0 0.23568 0.853081 0.245811 0.833928 0.236574 0.818488 0.226444 0.837641
0 0.254854 0.974937 0.264705 0.956368 0.255651 0.941187 0.2458 0.959756
0 0.0687862 0.729194 0.0834889 0.700239 0.0728978 0.683242 0.0581952 0.712197
0 0.250782 0.83299 0.255887 0.812157 0.244928 0.80367 0.239824 0.824503
0 0.76087 1.04009 0.812384 0.921614 0.736869 0.817843 0.685354 0.936323
0 0.00736288 0.829576 0.0257555 0.807533 0.0174346 0.78559 -0.000958064 0.807633
0 0.0820336 0.688561 0.086559 0.662147 0.0710774 0.653764 0.0665519 0.680178
0 0.0488992 0.907427 0.0670632 0.884336 0.0598641 0.866437 0.0417001 0.889529
0 0.246286 0.655882 0.248099 0.636198 0.237319 0.633061 0.235507 0.652745
0 0.494494 0.768091 0.49548 0.744789 0.481751 0.742954 0.480766 0.766256
0 0.0467615 0.543051 0.0483427 0.526262 0.0359219 0.522565 0.0343407 0.539354
0 0.252029 1.00612 0.254729 0.982966 0.242549 0.978478 0.239849 1.00163
0 0.216348 0.626593 0.220245 0.609982 0.211339 0.603379 0.207442 0.619991
0 0.189235 0.602051 0.197776 0.575621 0.186029 0.563623 0.177488 0.590052
0 0.608893 0.827302 0.613321 0.795061 0.596491 0.787755 0.592063 0.819997
0 0.103525 0.604465 0.100278 0.577376 0.0781582 0.585754 0.0814047 0.612843
0 0.610447 1.00611 0.617721 0.985948 0.602657 0.968775 0.595383 0.98894
0 0.211852 0.738825 0.212139 0.719151 0.19887 0.718538 0.198583 0.738212
0 0.571233 0.832852 0.598802 0.806031 0.588625 0.772969 0.561056 0.799789
0 0.269872 0.352397 0.280032 0.320204 0.246073 0.286334 0.235913 0.318527
0 0.390506 0.714407 0.391462 0.691994 0.378397 0.690232 0.377441 0.712645
0 0.141736 0.741176 0.144851 0.717028 0.130845 0.711317 0.127729 0.735465
0 0.614702 0.894958 0.623096 0.850586 0.607999 0.84156 0.599605 0.885932
0 0.265278 0.835828 0.268381 0.809754 0.25693 0.805446 0.253827 0.83152
0 0.529527 1.00996 0.538554 0.977705 0.517051 0.958686 0.508023 0.990942
0 0.106118 0.900707 0.115373 0.874097 0.103877 0.861461 0.0946228 0.888071
0 0.256432 0.995359 0.267064 0.972978 0.259038 0.960927 0.248406 0.983308
0 0.537493 0.98398 0.548182 0.963351 0.523984 0.923719 0.513294 0.944348
0 0.236859 0.647592 0.236933 0.615781 0.217971 0.615643 0.217897 0.647453
0 0.0277536 0.530626 0.0271811 0.507321 0.00972962 0.508676 0.0103021 0.531981
0 0.198733 0.798365 0.198652 0.764549 0.171291 0.764755 0.171372 0.798571
0 0.669668 0.831264 0.674553 0.811856 0.661637 0.801582 0.656752 0.820991
0 0.125653 0.743035 0.127518 0.724941 0.11634 0.721299 0.114475 0.739393
0 0.118554 0.638387 0.122481 0.617124 0.112955 0.611563 0.109028 0.632826
0 0.193106 0.897407 0.207983 0.872326 0.197727 0.8531 0.182851 0.878181
0 0.346896 0.904832 0.348443 0.883788 0.336115 0.880925 0.334569 0.901969
0 0.0128966 0.562523 0.0131982 0.541598 -0.000320131 0.540982 -0.000621651 0.561907
0 0.459402 0.983451 0.467642 0.957811 0.456471 0.946466 0.448232 0.972107
0 0.289076 0.964762 0.294013 0.940179 0.28041 0.931544 0.275473 0.956127
0 0.160848 0.642656 0.165897 0.621234 0.155071 0.61317 0.150022 0.634591
0 0.0533265 0.714219 0.0650176 0.694566 0.0561355 0.677867 0.0444445 0.69752
0 0.0463754 0.606038 0.0482876 0.584419 0.0366395 0.581163 0.0347273 0.602782
0 0.194385 0.624754 0.196157 0.606113 0.185227 0.602827 0.183454 0.621469
0 0.307943 0.478405 0.314224 0.429745 0.278759 0.415276 0.272478 0.463936
0 0.0689012 0.902537 0.086859 0.869628 0.0765439 0.851838 0.058586 0.884747
0 0.104302 0.861906 0.126638 0.847086 0.120361 0.817186 0.0980246 0.832006
0 0.480241 0.854762 0.487346 0.837269 0.476512 0.823362 0.469407 0.840856
0 0.134851 1.0121 0.144993 0.986525 0.132239 0.970541 0.122098 0.996116
0 0.385384 0.866159 0.394082 0.850324 0.380213 0.826247 0.371515 0.842082
0 0.0339803 0.841004 0.0435808 0.814195 0.0291683 0.797883 0.0195679 0.824692
0 0.627991 0.931188 0.628581 0.907443 0.613215 0.906238 0.612626 0.929982
0 0.535001 0.828765 0.537664 0.795182 0.521102 0.791032 0.51844 0.824615
0 0.146939 0.934555 0.155385 0.90824 0.145185 0.897893 0.136739 0.924207
0 0.244827 0.922516 0.256769 0.896905 0.247611 0.883409 0.235669 0.90902
0 0.072573 0.742341 0.0749184 0.724259 0.0631473 0.719433 0.0608019 0.737516
0 0.111563 0.786787 0.112783 0.767695 0.100845 0.765284 0.0996254 0.784377
0 0.254844 0.724399 0.257825 0.702887 0.242399 0.696131 0.239418 0.717643
0 0.336714 0.880496 0.339472 0.858411 0.328681 0.854152 0.325923 0.876237
0 0.250252 0.98921 0.255886 0.966233 0.245955 0.958538 0.240321 0.981514
0 0.277047 0.998215 0.289036 0.97233 0.281197 0.960855 0.269208 0.98674
0 0.115608 0.918445 0.11921 0.892839 0.104773 0.886419 0.10117 0.912025
0 0.396471 0.754863 0.401538 0.731765 0.38948 0.723404 0.384412 0.746502
0 0.196665 0.76141 0.202934 0.7251 0.181984 0.713667 0.175714 0.749977
0 0.210286 0.878143 0.220493 0.855336 0.211761 0.842984 0.201554 0.86579
0 0.20104 1.0175 0.232899 0.980188 0.222449 0.951989 0.190589 0.989307
0 0.175861 0.649412 0.177531 0.630625 0.166025 0.627392 0.164355 0.64618
0 0.376664 0.798357 0.385259 0.76288 0.371931 0.752675 0.363336 0.788152
0 0.37554 0.751471 0.378028 0.730278 0.36685 0.72613 0.364362 0.747324
0 0.132983 0.7229 0.133812 0.703583 0.121949 0.701975 0.12112 0.721291
0 0.022428 0.848062 0.0341299 0.818802 0.0211953 0.802453 0.00949346 0.831713
0 0.0494315 0.767578 0.0505383 0.75008 0.0384851 0.74767 0.0373783 0.765169
0 0.37718 0.672935 0.378463 0.648418 0.35824 0.645075 0.356958 0.669592
0 0.267349 0.927482 0.268804 0.903082 0.251278 0.899781 0.249823 0.92418
0 0.299043 0.978878 0.304347 0.953308 0.292089 0.945273 0.286785 0.970843
0 0.482168 0.714588 0.488014 0.691135 0.476529 0.682087 0.470683 0.705541
0 0.162787 0.617077 0.16416 0.596737 0.150619 0.59385 0.149247 0.61419
0 0.131329 0.786017 0.141341 0.766442 0.133351 0.753527 0.123339 0.773102
0 0.266164 1.00146 0.274732 0.973457 0.265632 0.964659 0.257064 0.992666
0 0.214191 0.796455 0.220932 0.764973 0.207207 0.755685 0.200466 0.787168
0 0.373334 0.995118 0.375609 0.965836 0.357165 0.961308 0.35489 0.990589
0 0.0929269 0.758836 0.0982014 0.741375 0.0886503 0.732257 0.0833757 0.749718
0 0.605323 0.982392 0.612798 0.958338 0.589937 0.935883 0.582461 0.959936
0 0.023466 0.599961 0.0215674 0.574711 -7.42092e-05 0.579854 0.00182439 0.605104
0 0.0495802 0.65875 0.0546797 0.640293 0.0450909 0.63192 0.0399914 0.650376
0 0.139036 0.981416 0.15521 0.94779 0.144784 0.931939 0.128609 0.965565
0 0.0739794 0.665454 0.0771751 0.639898 0.0628273 0.634228 0.0596316 0.659784
0 0.0392453 0.991047 0.0814807 0.950016 0.0651785 0.89698 0.022943 0.938011
0 0.109101 0.629274 0.110927 0.609014 0.101347 0.606285 0.0995207 0.626544
0 0.0447492 0.631355 0.0461151 0.597198 0.0149981 0.593266 0.0136322 0.627422
0 0.130659 0.914923 0.135815 0.885617 0.119574 0.876587 0.114419 0.905893
0 0.441557 0.852384 0.447389 0.828884 0.436631 0.820447 0.430799 0.843947
0 0.314545 0.964205 0.316395 0.938106 0.301879 0.934855 0.30003 0.960953
0 0.16951 0.948663 0.184201 0.918866 0.173458 0.902125 0.158767 0.931922
0 0.211705 0.649693 0.213488 0.630703 0.201784 0.627229 0.2 0.646219
0 0.0200333 0.999121 0.0289605 0.960262 0.0130861 0.948736 0.00415893 0.987595
0 0.212612 0.577613 0.213616 0.555218 0.198718 0.553106 0.197713 0.575501
0 0.274323 0.973981 0.28011 0.950944 0.268743 0.941919 0.262956 0.964956
0 0.169997 0.75129 0.179519 0.731593 0.172192 0.720397 0.162669 0.740094
0 0.0883308 0.715691 0.0982391 0.701289 0.0919902 0.687701 0.0820818 0.702103
0 0.0523828 0.809715 0.0539336 0.788358 0.0414078 0.785483 0.039857 0.806841
0 0.294738 0.875987 0.297009 0.861538 0.285319 0.855733 0.283049 0.870182
0 0.488055 0.842676 0.492317 0.820399 0.480305 0.813136 0.476043 0.835413
0 0.157312 0.950769 0.163624 0.920051 0.15199 0.912497 0.145679 0.943214
0 0.183837 0.697094 0.18869 0.674981 0.179429 0.668559 0.174577 0.690672
0 0.173149 0.679598 0.178123 0.657114 0.167025 0.649355 0.162051 0.671839
0 0.168513 0.706831 0.175222 0.68538 0.165135 0.675407 0.158425 0.696858
0 0.360647 0.627232 0.362782 0.603803 0.351886 0.600666 0.349751 0.624095
0 0.388756 0.760471 0.400047 0.738989 0.390941 0.723862 0.37965 0.745344
0 0.126377 0.841522 0.137543 0.81643 0.127176 0.801851 0.116011 0.826943
0 0.140177 0.666462 0.143783 0.648393 0.134247 0.642379 0.130641 0.660448
0 0.218604 0.661155 0.223993 0.643799 0.215973 0.635928 0.210584 0.653284
0 0.565833 0.801678 0.570254 0.777819 0.556672 0.769865 0.552251 0.793724
0 0.223323 0.587188 0.224868 0.572241 0.216554 0.569524 0.215009 0.584471
0 0.573056 0.836342 0.583092 0.80928 0.565961 0.7892 0.555925 0.816262
0 0.162898 0.904214 0.174963 0.876828 0.16292 0.860061 0.150856 0.887447
0 0.586974 0.576388 0.584591 0.497322 0.540402 0.50153 0.542784 0.580596
0 0.277092 0.954606 0.280084 0.924351 0.263706 0.919233 0.260714 0.949488
0 0.216629 0.96691 0.22774 0.936182 0.217808 0.924831 0.206696 0.955558
0 0.136175 0.888107 0.139674 0.865377 0.124812 0.858147 0.121314 0.880877
0 0.208954 0.418969 0.230051 0.369198 0.188428 0.313434 0.16733 0.363205
0 0.100836 0.628941 0.102072 0.607841 0.0922977 0.606031 0.0910616 0.627131
0 0.259722 0.941178 0.26175 0.921871 0.249983 0.917965 0.247956 0.937272
0 0.0759664 0.830948 0.0947999 0.798267 0.0853967 0.78114 0.0665631 0.813822
0 0.236721 0.612095 0.238605 0.595423 0.22714 0.591326 0.225255 0.607999
0 0.139294 0.919004 0.151728 0.892396 0.141883 0.877856 0.129449 0.904464
0 0.184426 0.656812 0.18592 0.638264 0.175647 0.635649 0.174153 0.654197
0 0.383577 0.730435 0.384033 0.71313 0.37245 0.712166 0.371995 0.72947
0 0.208143 0.718919 0.209819 0.691536 0.190344 0.68777 0.188669 0.715153
0 0.166152 0.716082 0.170155 0.696996 0.160211 0.690404 0.156208 0.709491
0 0.307582 0.916449 0.309676 0.897422 0.297278 0.893112 0.295185 0.912138
0 0.178297 0.920157 0.191006 0.888167 0.178676 0.872684 0.165966 0.904674
0 0.297252 1.00539 0.307513 0.968371 0.292872 0.955543 0.282611 0.992557
0 0.339248 0.63501 0.338403 0.590995 0.318623 0.592195 0.319467 0.63621
0 0.236325 0.721302 0.238357 0.704311 0.228309 0.700513 0.226277 0.717504
0 0.364636 0.809632 0.371708 0.797608 0.362964 0.781354 0.355892 0.793379
0 0.31396 0.997922 0.31805 0.966025 0.303884 0.960285 0.299794 0.992181
0 0.183984 1.00776 0.18543 0.988442 0.172748 0.985441 0.171302 1.00476
0 0.159214 0.720351 0.160562 0.704669 0.149036 0.701537 0.147688 0.717219
0 0.237805 0.916412 0.24134 0.894108 0.228408 0.88763 0.224873 0.909934
0 0.248465 0.786358 0.252649 0.766269 0.243604 0.760315 0.23942 0.780403
0 0.458117 0.809936 0.460725 0.788142 0.447857 0.783275 0.445249 0.805069
0 0.00244866 0.965162 0.0141039 0.933294 0.00320636 0.920698 -0.00844892 0.952565
0 0.503505 0.855549 0.506708 0.823613 0.489871 0.818275 0.486667 0.85021
0 0.0879955 0.992751 0.0873503 0.96754 0.0698258 0.968957 0.070471 0.994168
0 0.0589606 0.607345 0.0605432 0.587191 0.0469234 0.583811 0.0453409 0.603965
0 0.464697 0.880647 0.475575 0.846463 0.459996 0.830795 0.449118 0.864979
0 0.0601868 0.733073 0.0641908 0.712481 0.0525969 0.705356 0.0485929 0.725948
0 0.0964155 0.903866 0.104255 0.883046 0.0946978 0.871673 0.0868585 0.892494
0 0.0882496 0.567875 0.0899694 0.551623 0.0803906 0.54842 0.0786708 0.564671
0 0.552559 1.00513 0.557612 0.973898 0.538826 0.964291 0.533772 0.995521
0 0.564415 0.946624 0.578043 0.91869 0.55563 0.884134 0.542003 0.912068
0 0.174344 0.892511 0.192087 0.868346 0.184208 0.850061 0.166465 0.874226
0 0.15015 0.675862 0.153727 0.656554 0.143605 0.650628 0.140028 0.669936
0 0.542227 0.944929 0.546207 0.924188 0.528441 0.913414 0.524461 0.934155
0 0.0876424 0.850973 0.0932769 0.830345 0.079599 0.818537 0.0739645 0.839166
0 0.665807 0.855017 0.66715 0.832172 0.65337 0.829611 0.652027 0.852457
0 0.401044 0.681684 0.402421 0.663478 0.390244 0.660567 0.388866 0.678772
0 0.172274 0.818271 0.179631 0.79684 0.161625 0.777306 0.154269 0.798738
0 0.052813 0.757018 0.0584143 0.728242 0.0448174 0.719877 0.0392161 0.748654
0 0.172444 1.00632 0.173769 0.980768 0.160086 0.978526 0.158761 1.00408
0 0.358709 0.968731 0.372558 0.925896 0.359096 0.912139 0.345246 0.954974
0 0.636116 0.859271 0.640456 0.837655 0.628345 0.829969 0.624004 0.851585
0 0.132245 0.761351 0.134398 0.741966 0.123733 0.738222 0.12158 0.757607
0 0.242646 0.814817 0.246415 0.793992 0.237872 0.789106 0.234103 0.809932
0 0.123464 0.810379 0.146313 0.794894 0.142728 0.778175 0.119879 0.793661
0 0.224719 0.816649 0.230724 0.790328 0.220074 0.782648 0.214068 0.808969
0 0.0901764 0.888146 0.0996517 0.86575 0.0906185 0.853671 0.0811432 0.876067
0 0.827754 0.660863 0.829653 0.586381 0.791104 0.583275 0.789206 0.657757
0 0.258906 0.466925 0.269964 0.449678 0.254403 0.418147 0.243345 0.435395
0 0.119763 0.579828 0.122104 0.562581 0.111675 0.558108 0.109334 0.575355
0 0.0427194 0.91309 0.0583593 0.890794 0.0511027 0.874706 0.0354628 0.897002
0 0.0578782 0.922716 0.0672755 0.901948 0.0584819 0.889373 0.0490846 0.910141
0 0.0291641 0.552597 0.0306794 0.529411 0.0169188 0.526568 0.0154035 0.549755
0 0.0265495 0.582328 0.0495728 0.555795 0.0413908 0.533356 0.0183675 0.559889
0 0.0752897 0.729813 0.0866717 0.70938 0.0807938 0.699032 0.0694118 0.719465
0 0.231444 0.564781 0.233513 0.547972 0.223724 0.544165 0.221655 0.560973
0 0.237038 0.954536 0.249111 0.931533 0.23948 0.915558 0.227407 0.938562
0 0.040283 0.796479 0.0407336 0.773771 0.0250651 0.772789 0.0246144 0.795496
0 0.649643 0.851015 0.653638 0.82712 0.637217 0.818443 0.633222 0.842338
0 0.325424 0.904161 0.32902 0.883109 0.317965 0.87714 0.314369 0.898192
0 0.480843 0.821146 0.482441 0.799125 0.470584 0.796405 0.468986 0.818427
0 0.637285 0.80639 0.644754 0.785669 0.634971 0.774525 0.627503 0.795246
