0 0.992944 0.971988 1.00785 0.8515 0.808218 0.77343 0.79331 0.893919
0 0.427631 0.761256 0.428226 0.737955 0.411895 0.736636 0.411299 0.759937
0 0.737711 0.77856 0.736254 0.739413 0.716838 0.741697 0.718295 0.780844
0 0.432121 0.723947 0.434201 0.70095 0.421946 0.697446 0.419866 0.720444
0 0.416652 0.576546 0.407136 0.521333 0.383158 0.534395 0.392674 0.589608
0 0.0855932 0.73722 0.0852889 0.714787 0.0670802 0.715568 0.0673846 0.738
0 0.223403 0.8147 0.221808 0.781959 0.199336 0.785419 0.200932 0.818161
0 0.0835313 0.990982 0.111462 0.954909 0.100557 0.928223 0.0726259 0.964295
0 0.751426 0.75484 0.745862 0.718348 0.729606 0.726182 0.73517 0.762674
0 0.512046 0.803205 0.520879 0.781118 0.505151 0.761238 0.496318 0.783325
0 0.120404 0.709557 0.133581 0.669871 0.117586 0.653084 0.104408 0.69277
0 0.0117952 0.963592 0.0293195 0.93441 0.0174201 0.911826 -0.000104156 0.941008
0 0.382507 0.913971 0.381639 0.872805 0.357517 0.874414 0.358385 0.915579
0 0.498033 0.871684 0.501454 0.84131 0.483708 0.834995 0.480288 0.865368
0 0.564232 0.766415 0.567515 0.744307 0.556156 0.738975 0.552873 0.761082
0 0.379794 0.780487 0.387969 0.756606 0.377435 0.745209 0.369259 0.76909
0 0.0535997 0.801444 0.0680724 0.776076 0.0594071 0.760452 0.0449344 0.78582
0 0.0762104 0.829026 0.076293 0.806781 0.0598161 0.806587 0.0597334 0.828832
0 0.0694113 0.713174 0.0696097 0.692988 0.0562901 0.692575 0.0560917 0.71276
0 0.380001 0.822784 0.378088 0.79014 0.357876 0.793884 0.359789 0.826527
0 0.546709 0.787027 0.547444 0.751028 0.532852 0.750087 0.532117 0.786085
0 0.134959 0.870324 0.154791 0.830477 0.141406 0.809424 0.121575 0.849271
0 0.0555474 0.821351 0.0614942 0.797163 0.0504378 0.788572 0.0444911 0.81276
0 0.0264427 0.669463 0.03236 0.627605 0.0102922 0.617745 0.00437483 0.659604
0 0.176067 0.569707 0.1765 0.544487 0.15499 0.543317 0.154556 0.568537
0 0.129344 0.808031 0.14847 0.780436 0.139166 0.760054 0.120039 0.787649
0 0.361455 0.843687 0.366911 0.825502 0.35197 0.811333 0.346513 0.829518
0 0.150682 0.729861 0.151838 0.707596 0.139769 0.705616 0.138613 0.727882
0 0.536149 0.857971 0.541122 0.82455 0.523733 0.816372 0.51876 0.849794
0 0.639674 0.781313 0.648978 0.723132 0.608138 0.70249 0.598834 0.760671
0 0.213607 0.840181 0.21613 0.815103 0.201471 0.810442 0.198948 0.83552
0 0.239614 0.841498 0.252868 0.81982 0.244458 0.803567 0.231203 0.825244
0 0.174707 0.740763 0.178654 0.718234 0.16677 0.711654 0.162823 0.734184
0 0.494505 0.777803 0.506657 0.75407 0.490885 0.728548 0.478733 0.752281
0 0.538784 0.721127 0.540964 0.700412 0.524442 0.694917 0.522262 0.715632
0 0.076239 0.806371 0.077268 0.782909 0.0617555 0.780759 0.0607266 0.804221
0 0.706574 0.732075 0.712481 0.713267 0.703994 0.704841 0.698087 0.723649
0 0.729513 0.746298 0.733289 0.720602 0.714206 0.711738 0.71043 0.737434
0 0.514371 0.841077 0.519707 0.808225 0.501928 0.7991 0.496593 0.831952
0 0.696167 0.728469 0.70289 0.710077 0.693421 0.699136 0.686697 0.717529
0 0.243784 0.883294 0.269675 0.854293 0.260067 0.827181 0.234175 0.856182
0 0.186544 0.0357991 0.194657 0.00255005 0.172035 -0.0148936 0.163923 0.0183554
0 0.542169 0.820436 0.551683 0.790744 0.539507 0.778412 0.529992 0.808104
0 0.163558 0.845884 0.172674 0.80746 0.155305 0.794435 0.146188 0.832859
0 0.192354 0.756394 0.194877 0.723068 0.17724 0.718849 0.174718 0.752175
0 0.502115 0.845424 0.505654 0.826147 0.48936 0.816692 0.485821 0.835969
0 0.571808 0.805684 0.576977 0.773851 0.561551 0.765935 0.556382 0.797768
0 0.530508 0.819097 0.538611 0.778443 0.522946 0.768575 0.514843 0.809228
0 0.0337331 0.9382 0.0422053 0.912738 0.0280792 0.897883 0.019607 0.923345
0 0.379476 0.96461 0.375915 0.936923 0.350891 0.947096 0.354452 0.974783
0 0.059124 0.926146 0.0642655 0.873882 0.0460531 0.86822 0.0409116 0.920484
0 0.15587 0.683267 0.155808 0.659643 0.13965 0.659778 0.139712 0.683402
0 0.177401 0.546793 0.178291 0.527637 0.164741 0.525647 0.163851 0.544802
0 0.227757 0.845342 0.236158 0.811112 0.22205 0.80017 0.21365 0.834399
0 0.0158062 0.926371 0.0291883 0.904419 0.0218713 0.890322 0.00848927 0.912273
0 0.0425151 0.774799 0.0485516 0.751111 0.0397121 0.743991 0.0336756 0.767679
0 0.10267 0.896349 0.122716 0.870049 0.115258 0.852083 0.0952113 0.878383
0 0.565646 0.71726 0.567873 0.692078 0.555877 0.688725 0.55365 0.713907
0 0.0374162 0.907209 0.0454499 0.88317 0.0348466 0.87197 0.0268128 0.896009
0 0.024436 1.0012 0.025577 0.95915 0.00339025 0.957248 0.00224917 0.999299
0 0.692633 0.70284 0.697488 0.683083 0.688699 0.676256 0.683844 0.696013
0 0.916926 0.635475 0.919718 0.604836 0.905023 0.600603 0.90223 0.631242
0 0.962862 0.563356 0.966939 0.537294 0.950446 0.529141 0.94637 0.555202
0 0.719485 0.718756 0.726643 0.695671 0.716699 0.685926 0.709541 0.709011
0 0.585661 0.787586 0.58976 0.7705 0.576956 0.760792 0.572857 0.777877
0 0.973324 0.562342 0.983138 0.54533 0.966797 0.515536 0.956983 0.532548
0 0.695343 0.821652 0.701572 0.803058 0.687769 0.788445 0.68154 0.807039
0 0.522515 0.767711 0.524576 0.740529 0.512728 0.73769 0.510667 0.764872
0 0.521165 0.680997 0.523472 0.662182 0.514214 0.658594 0.511907 0.67741
0 0.699473 0.788192 0.70323 0.7644 0.68749 0.756546 0.683733 0.780338
0 0.18321 0.71387 0.180116 0.682737 0.152145 0.691521 0.155239 0.722654
0 0.0848275 0.93136 0.101801 0.891097 0.0882127 0.872993 0.0712394 0.913257
0 0.333749 0.807445 0.347423 0.791017 0.340686 0.773296 0.327013 0.789724
0 0.0214324 0.62402 0.0233617 0.602567 0.00920926 0.598544 0.00728 0.619998
0 0.576299 0.730887 0.578546 0.707653 0.566472 0.703963 0.564226 0.727197
0 0.102851 0.835684 0.104641 0.799098 0.0841259 0.795925 0.0823357 0.832511
0 0.68256 0.752687 0.685579 0.730685 0.675345 0.726247 0.672325 0.748248
0 0.167239 0.942016 0.172411 0.91761 0.158836 0.908518 0.153664 0.932925
0 0.481558 0.832865 0.486046 0.814963 0.472129 0.803936 0.467641 0.821838
0 0.434714 0.607366 0.436579 0.584616 0.425046 0.581627 0.42318 0.604377
0 0.423318 0.83988 0.430727 0.805025 0.407338 0.789313 0.399929 0.824169
0 0.693532 0.747727 0.699464 0.730666 0.686673 0.71661 0.680741 0.733671
0 0.593957 0.724236 0.597094 0.696953 0.586348 0.693047 0.58321 0.72033
0 0.477027 0.888295 0.479992 0.869215 0.463988 0.861355 0.461023 0.880436
0 0.223517 0.785825 0.223686 0.766809 0.211048 0.766456 0.21088 0.785471
0 0.43532 0.695474 0.437093 0.674572 0.424322 0.671148 0.422548 0.692049
0 0.198509 0.498781 0.20676 0.466334 0.184529 0.448469 0.176279 0.480917
0 0.626004 0.79981 0.623438 0.760096 0.595612 0.765778 0.598178 0.805493
0 0.156483 0.784855 0.161133 0.764146 0.146812 0.753981 0.142161 0.774691
0 0.195467 0.519672 0.198581 0.500387 0.187979 0.494976 0.184865 0.514262
0 1.00404 0.579982 1.00222 0.551342 0.981885 0.555413 0.983699 0.584054
0 0.397534 0.785853 0.399034 0.761472 0.384253 0.758597 0.382753 0.782978
0 0.236206 0.857527 0.240595 0.83313 0.228537 0.826273 0.224148 0.85067
0 0.0258776 0.68223 0.027002 0.663095 0.012655 0.660431 0.0115305 0.679565
0 0.417596 0.657015 0.419255 0.63724 0.405865 0.63369 0.404206 0.653465
0 0.359975 0.997739 0.364798 0.969498 0.345512 0.959087 0.340689 0.987328
0 0.371091 0.75102 0.377778 0.731191 0.368545 0.721351 0.361858 0.74118
0 0.138589 0.821786 0.152748 0.798567 0.145004 0.783642 0.130845 0.806862
0 0.232019 0.283526 0.259856 0.258964 0.231124 0.156049 0.203287 0.180611
0 0.138357 0.721979 0.138809 0.70309 0.12653 0.70216 0.126077 0.721048
0 0.0169479 0.605395 0.0177305 0.581293 0.00241619 0.579721 0.00163364 0.603824
0 0.345803 0.658855 0.362586 0.642864 0.346497 0.589494 0.329714 0.605485
0 0.597818 0.742092 0.600955 0.719561 0.59001 0.714745 0.586873 0.737276
0 0.113903 0.326787 0.114223 0.28116 0.092751 0.280685 0.0924311 0.326311
0 0.674932 0.752009 0.676929 0.733247 0.666162 0.729624 0.664164 0.748386
0 0.0600957 0.889241 0.0651727 0.855324 0.0482363 0.847311 0.0431593 0.881228
0 0.55747 0.787857 0.560977 0.765278 0.551171 0.760464 0.547664 0.783043
0 0.093634 0.87433 0.129344 0.843429 0.121139 0.813462 0.0854294 0.844363
0 0.0429399 0.816229 0.0498926 0.790255 0.0404162 0.782238 0.0334635 0.808212
0 0.67102 0.694468 0.677874 0.673248 0.669778 0.664983 0.662924 0.686203
0 0.711682 0.775505 0.713867 0.753404 0.700964 0.749374 0.698779 0.771475
0 0.0438386 1.00644 0.0451099 0.980804 0.0277591 0.978084 0.0264878 1.00372
0 0.273516 0.574956 0.293617 0.525413 0.258669 0.480599 0.238568 0.530141
0 0.679273 0.709611 0.684861 0.688794 0.675569 0.68091 0.66998 0.701727
0 0.16861 0.802798 0.173968 0.77765 0.161241 0.769082 0.155884 0.79423
0 0.39604 0.766604 0.401621 0.742474 0.390491 0.734337 0.38491 0.758468
0 0.511346 0.761955 0.513709 0.739681 0.50293 0.736068 0.500568 0.758342
0 0.015797 0.759796 0.0257912 0.694884 -0.00396132 0.680406 -0.0139555 0.745318
0 0.0353504 0.84336 0.0381085 0.820656 0.0248837 0.815578 0.0221256 0.838282
0 0.0869978 0.657171 0.0883901 0.63462 0.0757502 0.632153 0.0743579 0.654705
0 1.00433 0.258402 1.00495 0.214698 0.983222 0.213721 0.982601 0.257425
0 0.467931 0.679682 0.477316 0.667337 0.464842 0.637365 0.455457 0.649711
0 0.968509 0.580628 0.96726 0.555369 0.950117 0.558049 0.951366 0.583308
0 0.960333 0.792852 0.964901 0.767788 0.950489 0.759487 0.945921 0.784552
0 0.115709 0.588795 0.131465 0.56787 0.122911 0.547515 0.107155 0.568439
0 0.646159 0.70529 0.648874 0.686859 0.635028 0.680412 0.632313 0.698842
0 0.270373 0.391961 0.285584 0.355056 0.259149 0.320621 0.243938 0.357525
0 0.606309 0.718509 0.610588 0.702476 0.598906 0.692623 0.594627 0.708656
0 0.388527 0.730159 0.395015 0.698511 0.38162 0.689831 0.375132 0.72148
0 0.411422 0.751756 0.41449 0.730959 0.403894 0.726019 0.400826 0.746816
0 0.195361 0.788147 0.197843 0.763183 0.182916 0.758492 0.180434 0.783456
0 0.144514 0.76816 0.145183 0.749402 0.133626 0.7481 0.132957 0.766858
0 0.46858 0.761386 0.469126 0.737041 0.456833 0.73617 0.456287 0.760515
0 0.0578684 0.943896 0.0756268 0.92325 0.0685852 0.904107 0.0508268 0.924752
0 0.459693 0.707221 0.463336 0.681729 0.445871 0.67384 0.442227 0.699331
0 0.0890179 0.785307 0.089806 0.768194 0.0794793 0.76669 0.0786912 0.783804
0 0.518152 0.861761 0.523516 0.826424 0.510712 0.82028 0.505347 0.855617
0 0.246309 0.85267 0.251702 0.831879 0.241 0.823106 0.235607 0.843898
0 0.557251 0.816525 0.559987 0.796261 0.548249 0.791253 0.545514 0.811518
0 0.120083 0.789396 0.12456 0.74792 0.107154 0.741982 0.102677 0.783458
0 0.715085 0.757517 0.717581 0.735727 0.702661 0.730325 0.700165 0.752115
0 0.672889 0.850402 0.673562 0.815568 0.656915 0.814551 0.656242 0.849384
0 0.05811 1.00524 0.0639607 0.965297 0.0451797 0.956603 0.039329 0.996547
0 0.933519 0.772513 0.936569 0.751677 0.9245 0.746094 0.92145 0.76693
0 0.563279 0.618892 0.564778 0.595288 0.55237 0.592798 0.550871 0.616402
0 0.203595 0.792359 0.214269 0.768454 0.205404 0.755945 0.194731 0.779849
0 0.397283 0.747297 0.407324 0.723566 0.397141 0.709949 0.3871 0.73368
0 0.771952 0.530005 0.77397 0.505342 0.759666 0.501644 0.757649 0.526306
0 0.497178 0.809487 0.503418 0.777856 0.489995 0.769488 0.483756 0.801119
0 0.427294 0.740307 0.42885 0.72242 0.415904 0.718861 0.414349 0.736748
0 0.00641825 0.665905 0.00950739 0.640658 -0.000528282 0.636777 -0.00361742 0.662024
0 0.0442284 0.948386 0.0466588 0.923236 0.026757 0.917158 0.0243266 0.942308
0 0.135552 0.596947 0.1361 0.573463 0.120211 0.57229 0.119663 0.595775
0 0.371412 1.00217 0.383359 0.973561 0.373058 0.959964 0.361111 0.988569
0 0.0881808 0.80688 0.0898683 0.787393 0.0792511 0.784487 0.0775637 0.803974
0 0.410737 0.775308 0.413644 0.753585 0.399854 0.747753 0.396947 0.769477
0 0.713294 0.682231 0.717893 0.660491 0.705027 0.651891 0.700429 0.67363
0 0.721316 0.665442 0.724833 0.646448 0.712543 0.639257 0.709026 0.65825
0 0.98486 0.718935 0.986999 0.692034 0.973272 0.688585 0.971133 0.715486
0 0.0732006 0.774372 0.0773915 0.753945 0.0678013 0.747726 0.0636105 0.768153
0 0.783338 0.553238 0.784441 0.531518 0.770027 0.529205 0.768924 0.550925
0 0.944633 0.792365 0.950292 0.771324 0.935033 0.758353 0.929374 0.779394
0 0.533816 0.762539 0.534577 0.740489 0.524334 0.739373 0.523574 0.761422
0 0.991914 0.534386 0.995925 0.508648 0.980873 0.501235 0.976862 0.526972
0 0.401019 0.818775 0.403454 0.800763 0.391409 0.795617 0.388975 0.81363
0 0.586088 0.763578 0.589309 0.748392 0.579673 0.741933 0.576452 0.757118
0 0.943095 0.75289 0.944929 0.713608 0.917332 0.709537 0.915498 0.748818
0 0.527489 0.871307 0.52897 0.849009 0.515444 0.846169 0.513963 0.868467
0 0.183316 0.803373 0.188668 0.777835 0.170831 0.766022 0.165479 0.791559
0 0.226067 0.322748 0.247222 0.29741 0.216591 0.216581 0.195435 0.241919
0 0.620764 0.721596 0.624768 0.706839 0.611062 0.695085 0.607058 0.709842
0 0.0482256 0.741969 0.0497483 0.718718 0.0272179 0.714055 0.0256953 0.737306
0 0.077177 0.615536 0.0789848 0.595175 0.0673257 0.591903 0.065518 0.612265
0 0.821489 0.542297 0.826655 0.514239 0.816701 0.508446 0.811534 0.536504
0 0.94144 0.722141 0.951124 0.699472 0.93729 0.680794 0.927606 0.703463
0 0.0243464 0.802431 0.025947 0.778008 0.00947235 0.774596 0.00787167 0.799019
0 0.706468 0.706595 0.713014 0.688431 0.704479 0.67871 0.697933 0.696874
0 0.413134 0.785606 0.416554 0.766188 0.40408 0.759245 0.40066 0.778663
0 0.210942 0.985915 0.234382 0.966552 0.227565 0.940471 0.204125 0.959834
0 0.540148 0.664999 0.542252 0.64928 0.531582 0.644766 0.529478 0.660485
0 0.860248 0.622335 0.866969 0.59204 0.855759 0.584181 0.849038 0.614475
0 0.137339 0.70484 0.140331 0.67985 0.127725 0.675079 0.124733 0.70007
0 0.440169 0.740412 0.44143 0.719882 0.429368 0.717543 0.428108 0.738072
0 0.0100244 0.586243 0.0109655 0.564451 -0.000776545 0.562848 -0.0017176 0.58464
0 0.487101 0.965665 0.492831 0.940235 0.481386 0.932085 0.475657 0.957516
0 0.161319 0.74002 0.16501 0.718067 0.153035 0.711703 0.149344 0.733657
0 0.496877 0.820348 0.503954 0.791028 0.490314 0.780622 0.483236 0.809942
0 0.123347 0.747688 0.124947 0.727938 0.114647 0.725301 0.113047 0.745051
