0 0.987032 1.06949 1.02286 0.837641 0.808301 0.732848 0.772472 0.964696
0 0.250377 1.00017 0.248044 0.890593 0.175446 0.895479 0.177779 1.00506
0 0.390915 0.956904 0.409683 0.899238 0.380389 0.869107 0.361622 0.926772
0 0.856696 0.752436 0.86895 0.693347 0.843385 0.676591 0.831131 0.73568
0 0.380009 0.985968 0.400213 0.954521 0.386705 0.927093 0.366501 0.958539
0 0.876627 0.705866 0.884723 0.667584 0.840723 0.638174 0.832627 0.676456
0 0.288933 0.586133 0.280976 0.539978 0.251363 0.556113 0.25932 0.602268
0 0.501426 1.00949 0.510293 0.947411 0.467398 0.928046 0.458531 0.990124
0 0.792117 1.03444 0.844262 0.950319 0.759311 0.783894 0.707165 0.868019
0 0.60143 0.674567 0.607896 0.653203 0.590268 0.63634 0.583802 0.657703
0 0.177437 0.95055 0.188293 0.877297 0.158209 0.863207 0.147353 0.936459
0 0.12816 1.00983 0.163844 0.947479 0.147135 0.917257 0.111452 0.979607
0 0.470665 0.934805 0.473914 0.892428 0.451872 0.887088 0.448624 0.929465
0 0.494798 0.939991 0.494125 0.880283 0.468649 0.88119 0.469322 0.940898
0 0.269411 0.91784 0.267924 0.882949 0.244739 0.886074 0.246226 0.920964
0 0.171203 0.806731 0.193142 0.780309 0.182644 0.752762 0.160706 0.779184
0 0.523841 0.986756 0.528062 0.958903 0.509244 0.949889 0.505023 0.977742
0 0.357638 1.0107 0.377012 0.980184 0.367018 0.960133 0.347644 0.990653
0 0.64462 0.486931 0.637978 0.448884 0.609151 0.46479 0.615793 0.502836
0 0.903908 0.737051 0.90973 0.711098 0.880206 0.690167 0.874385 0.716119
0 0.156462 0.984801 0.184003 0.964297 0.176798 0.933711 0.149257 0.954214
0 0.551484 0.935168 0.56176 0.884527 0.538174 0.8694 0.527898 0.920041
0 0.802058 0.62997 0.806202 0.584161 0.783132 0.577566 0.778988 0.623375
0 0.31914 0.854889 0.32755 0.816266 0.308758 0.803333 0.300348 0.841956
0 0.444435 1.01447 0.456886 0.991971 0.440214 0.962816 0.427764 0.985317
0 0.524525 0.937745 0.523811 0.899508 0.499609 0.900938 0.500323 0.939174
0 0.279638 0.911922 0.28209 0.883815 0.26531 0.879187 0.262857 0.907294
0 0.313252 0.993509 0.349066 0.912051 0.3106 0.858599 0.274785 0.940057
0 0.254955 0.82332 0.264216 0.788907 0.252435 0.778888 0.243175 0.813302
0 0.677779 0.583396 0.680751 0.534182 0.655941 0.529448 0.65297 0.578662
0 0.274089 0.875434 0.276708 0.82576 0.253875 0.821956 0.251256 0.871629
0 0.34503 0.700565 0.346803 0.673012 0.332004 0.670003 0.330232 0.697556
0 0.29335 0.997252 0.302877 0.956142 0.28814 0.945347 0.278612 0.986458
0 0.947699 0.712811 0.939424 0.665279 0.903733 0.684919 0.912008 0.73245
0 0.572229 0.847069 0.584944 0.818754 0.571892 0.800228 0.559176 0.828543
0 0.533108 0.970628 0.53735 0.944186 0.521594 0.936195 0.517351 0.962637
0 0.412207 0.851075 0.408605 0.808692 0.3902 0.813636 0.393803 0.856019
0 0.406941 0.960246 0.419301 0.931044 0.408045 0.915986 0.395685 0.945189
0 0.274614 0.753981 0.279797 0.730176 0.263593 0.719025 0.25841 0.74283
0 0.58659 0.984492 0.599312 0.939633 0.581012 0.92323 0.568289 0.968088
0 0.28503 0.815705 0.289505 0.799142 0.275151 0.786883 0.270675 0.803446
0 0.277416 0.792332 0.279077 0.767502 0.259853 0.763437 0.258192 0.788267
0 0.168805 1.01655 0.1964 0.982863 0.185191 0.953843 0.157596 0.987528
0 0.208626 0.573919 0.210216 0.5354 0.187393 0.532422 0.185803 0.570941
0 0.637253 0.600121 0.644483 0.567485 0.632817 0.559317 0.625587 0.591953
0 0.638786 0.571566 0.637918 0.549522 0.620358 0.551707 0.621226 0.57375
0 0.243139 0.867095 0.258189 0.836427 0.247755 0.820245 0.232705 0.850913
0 0.314894 1.01217 0.326085 0.977353 0.310393 0.961411 0.299202 0.996225
0 0.388909 0.890002 0.394299 0.862456 0.380992 0.854227 0.375602 0.881773
0 0.335776 0.984649 0.380614 0.962399 0.36307 0.850662 0.318232 0.872912
0 0.593281 0.93623 0.592275 0.907832 0.56895 0.910443 0.569956 0.938841
0 0.462606 0.988209 0.46893 0.933391 0.434158 0.920713 0.427834 0.975531
0 0.146727 0.853199 0.176162 0.816735 0.162958 0.783049 0.133523 0.819513
0 0.438907 0.919136 0.445496 0.874473 0.417127 0.861247 0.410538 0.90591
0 0.606749 0.707786 0.619721 0.691917 0.607661 0.66076 0.594689 0.676629
0 0.42766 0.949729 0.449385 0.925735 0.441103 0.902037 0.419378 0.926031
0 0.38897 0.83703 0.391323 0.81065 0.375858 0.806289 0.373505 0.832669
0 0.603746 0.977291 0.64424 0.947143 0.618031 0.835884 0.577537 0.866032
0 0.384899 1.00995 0.392768 0.980965 0.376703 0.967178 0.368834 0.996158
0 0.911912 0.793977 0.922489 0.742135 0.873212 0.71036 0.862635 0.762202
0 0.10963 0.994416 0.124809 0.952489 0.107418 0.932589 0.0922382 0.974515
0 0.532883 0.947911 0.542354 0.921987 0.52709 0.904363 0.517619 0.930287
0 0.42109 0.931318 0.426207 0.893123 0.410087 0.886298 0.404971 0.924493
0 0.230476 1.01759 0.257692 0.98714 0.245369 0.95233 0.218152 0.982782
0 0.333115 1.00281 0.343758 0.968773 0.327691 0.952892 0.317048 0.986925
0 0.0258717 1.00213 0.040696 0.978131 0.033444 0.963975 0.0186197 0.987976
0 0.426302 1.00496 0.438113 0.977831 0.427452 0.963159 0.41564 0.990282
0 0.245812 0.830676 0.249859 0.807001 0.235761 0.799387 0.231715 0.823062
0 0.615334 0.765307 0.627487 0.731135 0.614432 0.716461 0.602279 0.750634
0 0.280147 0.728876 0.284439 0.705653 0.26829 0.696218 0.263997 0.71944
0 0.458405 0.90852 0.457413 0.847754 0.433273 0.849 0.434265 0.909766
0 0.26313 0.770245 0.263604 0.751181 0.250682 0.750167 0.250209 0.76923
0 0.398775 0.870798 0.401257 0.84526 0.38623 0.840646 0.383748 0.866183
0 0.0983612 0.584901 0.103172 0.553452 0.0776604 0.541119 0.0728497 0.572567
0 0.248843 0.716628 0.272623 0.700306 0.267448 0.676477 0.243668 0.692799
0 0.191903 0.85578 0.219263 0.828225 0.210126 0.799555 0.182767 0.827109
0 0.650733 0.544179 0.654606 0.520225 0.639437 0.512474 0.635564 0.536429
0 0.574529 0.815793 0.580662 0.795422 0.566155 0.781617 0.560022 0.801988
0 0.357561 0.866807 0.366987 0.83795 0.346251 0.816542 0.336825 0.845399
0 0.132516 0.9143 0.16146 0.886357 0.15407 0.862164 0.125126 0.890108
0 0.176622 0.883249 0.193953 0.834398 0.174969 0.813112 0.157638 0.861963
0 0.573129 1.00786 0.580768 0.981523 0.569788 0.971459 0.562149 0.997799
0 0.397543 0.997297 0.408015 0.964496 0.395314 0.95168 0.384842 0.984481
0 0.289186 0.853035 0.294293 0.826486 0.278934 0.817149 0.273827 0.843697
0 0.322758 0.684382 0.325763 0.654199 0.309005 0.648925 0.306 0.679109
0 0.255583 0.902382 0.250057 0.855601 0.217502 0.867755 0.223028 0.914536
0 0.57592 0.749731 0.585358 0.729124 0.566302 0.701542 0.556864 0.722149
0 0.529846 1.00599 0.53131 0.98524 0.513844 0.981343 0.512379 1.00209
0 0.402333 0.551541 0.404696 0.512486 0.3822 0.508185 0.379838 0.54724
0 0.41844 0.967607 0.426012 0.938381 0.416073 0.930243 0.408501 0.959469
0 0.474524 0.890671 0.480441 0.865902 0.468156 0.856628 0.46224 0.881396
0 0.0932556 0.80688 0.100315 0.752104 0.0729719 0.740967 0.0659127 0.795743
0 0.514794 1.00638 0.517717 0.97864 0.503324 0.973846 0.500401 1.00158
0 0.426324 0.827011 0.427878 0.780562 0.404183 0.778056 0.402629 0.824506
0 0.560171 0.96934 0.561501 0.939882 0.541041 0.936963 0.539711 0.966422
0 0.906274 0.646743 0.914938 0.626697 0.89913 0.605104 0.890467 0.62515
0 0.406175 0.76249 0.41589 0.732553 0.401118 0.717404 0.391404 0.747341
0 0.339468 0.84051 0.346133 0.813591 0.332489 0.802915 0.325824 0.829834
0 0.595374 0.5269 0.598251 0.501738 0.584807 0.49688 0.581931 0.522043
0 0.119362 0.963713 0.152715 0.928457 0.138981 0.887395 0.105628 0.922651
0 0.503713 0.952086 0.507711 0.922243 0.493778 0.916344 0.48978 0.946187
0 0.711942 0.630909 0.723153 0.61571 0.713643 0.593542 0.702433 0.60874
0 0.565857 0.993112 0.572251 0.960022 0.559285 0.952105 0.552891 0.985194
0 0.591646 0.797946 0.598457 0.776898 0.587777 0.765976 0.580966 0.787024
0 0.890347 0.678807 0.899065 0.651739 0.875492 0.627744 0.866774 0.654812
0 0.232183 0.821872 0.233519 0.799336 0.218773 0.796575 0.217438 0.819111
0 0.0722122 0.932622 0.076083 0.904058 0.0629964 0.898453 0.0591255 0.927017
0 0.504068 0.921633 0.505497 0.891615 0.491301 0.88948 0.489872 0.919497
0 0.622899 0.777449 0.630146 0.752661 0.6185 0.7419 0.611253 0.766687
0 0.231393 0.857539 0.242983 0.833928 0.234123 0.820182 0.222533 0.843794
0 0.277432 0.833661 0.27891 0.811042 0.2664 0.808459 0.264922 0.831077
0 0.517613 0.96168 0.519071 0.937648 0.501484 0.934275 0.500026 0.958307
0 0.475194 0.374981 0.478001 0.319979 0.446127 0.31484 0.443321 0.369841
0 0.288357 0.712771 0.293944 0.690249 0.281001 0.680102 0.275414 0.702624
0 0.330021 0.87598 0.342093 0.84113 0.327951 0.825648 0.315879 0.860498
0 0.242392 0.701453 0.251329 0.667548 0.238019 0.656458 0.229081 0.690363
0 0.637476 0.66039 0.639657 0.640455 0.628342 0.636541 0.62616 0.656476
0 0.0458908 0.990869 0.0530346 0.966789 0.043308 0.957669 0.0361643 0.981749
0 0.465323 0.737608 0.462935 0.687977 0.440304 0.691419 0.442692 0.741049
0 0.586167 0.785819 0.588784 0.759113 0.573062 0.754244 0.570445 0.78095
0 0.14526 1.01281 0.168384 0.978319 0.155929 0.951932 0.132805 0.986427
0 0.0902878 0.351985 0.107179 0.331979 0.0909172 0.288584 0.0740257 0.308589
0 0.290266 0.627169 0.301408 0.606114 0.286221 0.580716 0.27508 0.60177
0 0.471965 0.847366 0.477575 0.81995 0.46515 0.811913 0.459539 0.839329
0 0.417881 0.883254 0.421081 0.85475 0.404588 0.848899 0.401389 0.877404
0 0.103975 0.910689 0.111433 0.876659 0.101213 0.869579 0.0937547 0.90361
0 0.595381 0.717096 0.604925 0.665637 0.560454 0.639569 0.55091 0.691028
0 0.57875 0.657754 0.582511 0.630153 0.566745 0.623365 0.562984 0.650966
0 0.28627 0.936903 0.296484 0.90139 0.284431 0.890435 0.274218 0.925948
0 0.904124 0.697022 0.905415 0.678183 0.890386 0.674928 0.889095 0.693767
0 0.295154 0.829712 0.298015 0.811671 0.283468 0.80438 0.280607 0.822421
0 0.622108 0.85646 0.623524 0.829578 0.607684 0.82694 0.606268 0.853823
0 0.185694 0.595484 0.186155 0.572944 0.170408 0.571926 0.169947 0.594466
0 0.292942 0.417941 0.296437 0.355682 0.260838 0.349366 0.257343 0.411625
0 0.308541 0.892043 0.315001 0.867279 0.303073 0.857444 0.296612 0.882208
0 0.65787 0.662485 0.662004 0.640291 0.650712 0.633643 0.646577 0.655836
0 0.550982 0.985706 0.553153 0.963659 0.537859 0.9589 0.535688 0.980947
0 0.468383 0.828536 0.473341 0.78332 0.452295 0.776027 0.447337 0.821244
0 0.477438 0.729838 0.493577 0.679425 0.473759 0.659374 0.457621 0.709786
0 0.370935 0.797176 0.372705 0.778601 0.3614 0.775196 0.35963 0.79377
0 0.458174 0.770525 0.468159 0.738947 0.457104 0.727899 0.447119 0.759478
0 0.413697 1.00695 0.417888 0.979568 0.404833 0.973254 0.400642 1.00064
0 0.597583 0.736211 0.604576 0.701372 0.580655 0.686195 0.573661 0.721034
0 0.283082 0.677889 0.289143 0.657303 0.27425 0.643442 0.268189 0.664028
0 0.432988 0.859823 0.435975 0.838655 0.418075 0.83067 0.415087 0.851837
0 0.528049 0.820051 0.536193 0.79534 0.525927 0.784648 0.517784 0.809358
0 0.612244 0.656689 0.617651 0.632929 0.601264 0.621144 0.595857 0.644904
0 0.633269 0.773285 0.647249 0.75574 0.629254 0.710423 0.615274 0.727968
0 0.840561 0.700368 0.843801 0.672332 0.824115 0.665142 0.820876 0.693178
0 0.385053 0.752862 0.387228 0.729756 0.37373 0.72574 0.371555 0.748846
0 0.257357 0.684491 0.26029 0.663342 0.248455 0.658154 0.245521 0.679303
0 0.345585 0.953744 0.383482 0.916708 0.356032 0.827933 0.318135 0.864969
0 0.93139 0.675487 0.935927 0.655732 0.923165 0.64647 0.918629 0.666225
0 0.269792 0.810392 0.272826 0.79112 0.262779 0.786121 0.259745 0.805394
0 0.599108 0.635862 0.602644 0.608124 0.587197 0.601902 0.583662 0.62964
0 0.0544498 0.93075 0.0635757 0.907494 0.0545103 0.896251 0.0453844 0.919507
0 0.489266 0.801411 0.499598 0.776971 0.490456 0.764756 0.480124 0.789196
0 0.414923 0.560288 0.445561 0.509759 0.427975 0.47606 0.397338 0.526588
0 0.84953 0.655675 0.846357 0.628011 0.818833 0.637991 0.822007 0.665655
0 0.634345 0.725972 0.639561 0.706149 0.627573 0.696181 0.622358 0.716004
0 0.0956259 1.00103 0.0934944 0.976466 0.0738066 0.981866 0.075938 1.00643
0 0.29628 0.800714 0.298069 0.780066 0.282505 0.775805 0.280716 0.796453
0 0.196177 0.901269 0.199669 0.878254 0.18414 0.870808 0.180648 0.893823
0 0.580214 0.871191 0.591402 0.839646 0.579218 0.825989 0.56803 0.857534
0 0.195053 0.762471 0.196516 0.739891 0.182807 0.737083 0.181343 0.759662
0 0.602197 0.602673 0.603283 0.582381 0.589516 0.580052 0.58843 0.600344
0 0.520307 0.809368 0.522615 0.783651 0.510543 0.780228 0.508236 0.805945
0 0.0500488 0.968386 0.0576692 0.941308 0.047669 0.932413 0.0400486 0.959492
0 0.346706 0.634607 0.348369 0.599427 0.328216 0.596415 0.326552 0.631595
0 0.382929 0.573268 0.38945 0.546751 0.372085 0.533256 0.365564 0.559773
0 0.698496 0.561448 0.699722 0.524671 0.67873 0.52246 0.677505 0.559238
0 0.0993222 0.859051 0.108568 0.832396 0.0978622 0.82066 0.0886165 0.847315
0 0.273549 0.936208 0.277345 0.911263 0.264964 0.905308 0.261168 0.930253
0 0.120792 1.00638 0.120926 0.982498 0.0982202 0.982095 0.0980863 1.00597
0 0.533099 0.82212 0.534469 0.798307 0.521364 0.795923 0.519993 0.819736
0 0.614341 0.724377 0.617441 0.703899 0.605647 0.698256 0.602547 0.718734
0 0.566834 0.788178 0.568173 0.768884 0.556037 0.766222 0.554698 0.785516
0 0.588497 1.00967 0.593584 0.98291 0.579042 0.974173 0.573955 1.00093
0 0.379694 0.863348 0.390419 0.839094 0.381298 0.826349 0.370574 0.850603
0 0.39145 0.79438 0.391041 0.77074 0.372718 0.77174 0.373127 0.79538
0 0.36563 0.786108 0.366763 0.762977 0.354982 0.761154 0.35385 0.784285
0 0.449764 0.175187 0.462565 0.151517 0.445744 0.122764 0.432942 0.146435
0 0.0109262 1.0028 0.0146028 0.975806 0.00158507 0.970202 -0.00209152 0.997192
0 0.288938 0.891407 0.298398 0.872119 0.289333 0.858065 0.279872 0.877353
0 0.588466 0.606448 0.589422 0.588532 0.579159 0.586801 0.578203 0.604717
0 0.529873 0.797364 0.536527 0.777003 0.528272 0.768476 0.521618 0.788837
0 0.590984 0.648478 0.593878 0.624325 0.57928 0.618795 0.576385 0.642948
0 0.257264 0.785638 0.258563 0.76736 0.246336 0.764615 0.245038 0.782893
0 0.683583 0.594901 0.701154 0.568158 0.691335 0.547769 0.673764 0.574512
0 0.568383 0.917336 0.578465 0.897665 0.561733 0.87056 0.551651 0.890231
0 0.645043 0.629341 0.648095 0.61128 0.634297 0.603911 0.631245 0.621973
0 0.587586 0.807477 0.591151 0.789223 0.579481 0.782019 0.575916 0.800272
0 0.447467 0.790265 0.451267 0.748366 0.432562 0.743003 0.428761 0.784902
0 0.88765 0.601327 0.893854 0.583772 0.879864 0.568147 0.87366 0.585702
0 0.392943 0.779818 0.394019 0.75319 0.375996 0.750886 0.374919 0.777515
0 0.645492 0.467784 0.650664 0.443331 0.636596 0.433926 0.631424 0.458379
0 0.7534 1.04572 0.783631 0.960891 0.713379 0.881762 0.683148 0.966586
0 0.568859 0.887317 0.578534 0.872733 0.565409 0.845214 0.555734 0.859799
0 0.35989 0.806123 0.363203 0.78107 0.344957 0.773443 0.341643 0.798497
0 0.915487 0.719003 0.9168 0.695985 0.90228 0.693367 0.900967 0.716386
0 0.391 0.759758 0.395468 0.741962 0.385032 0.73368 0.380564 0.751476
0 0.635533 0.682807 0.637161 0.658639 0.626444 0.656357 0.624816 0.680525
0 0.534669 0.991207 0.538086 0.971411 0.524393 0.963941 0.520975 0.983737
0 0.224743 0.723025 0.218945 0.651203 0.188043 0.659087 0.193841 0.730909
0 0.0400195 0.155659 0.0625948 0.00338968 -0.00958311 -0.0304309 -0.0321585 0.121839
0 0.3083 0.695552 0.311373 0.648266 0.293653 0.644627 0.29058 0.691913
0 0.178092 0.313334 0.205451 0.283834 0.174653 0.193561 0.147294 0.223061
0 0.55604 0.899415 0.556952 0.812318 0.50482 0.810592 0.503907 0.897688
0 0.117256 0.616394 0.118815 0.596216 0.103296 0.592425 0.101736 0.612603
0 0.278174 0.969642 0.280795 0.947693 0.267848 0.942806 0.265227 0.964755
0 0.307232 1.00531 0.316811 0.97203 0.304899 0.961194 0.29532 0.994475
0 0.342188 0.39055 0.344314 0.352679 0.323256 0.348942 0.32113 0.386814
0 0.478155 0.801646 0.488039 0.761659 0.474529 0.751104 0.464645 0.791092
0 0.644968 0.697967 0.649299 0.669614 0.638219 0.664265 0.633888 0.692617
0 0.921125 0.752972 0.92578 0.732775 0.913261 0.723655 0.908606 0.743853
0 0.608653 0.740835 0.613123 0.719788 0.603291 0.713188 0.598821 0.734235
0 0.882447 0.639058 0.888802 0.620111 0.875505 0.606018 0.869151 0.624964
0 0.40043 0.80971 0.400975 0.787991 0.38745 0.786918 0.386904 0.808637
0 0.607053 0.589871 0.609827 0.571015 0.596631 0.564877 0.593856 0.583733
0 0.878678 0.569084 0.886713 0.543899 0.865617 0.522628 0.857582 0.547813
0 0.278166 0.997391 0.287259 0.968075 0.275943 0.956983 0.266851 0.986299
0 0.91748 0.693654 0.916796 0.671441 0.902501 0.672831 0.903185 0.695043
0 0.376954 0.87979 0.381414 0.854545 0.3689 0.847558 0.364441 0.872804
0 0.897042 0.657271 0.902335 0.642903 0.887313 0.625415 0.882021 0.639783
0 0.327615 0.81742 0.329595 0.800573 0.315184 0.79522 0.313204 0.812068
0 0.343632 0.816244 0.34639 0.791115 0.331366 0.785904 0.328608 0.811034
0 0.719968 0.674959 0.720526 0.645652 0.703281 0.644614 0.702723 0.67392
0 0.415007 0.731904 0.419336 0.708145 0.406043 0.700491 0.401714 0.72425
0 0.347226 1.00699 0.354202 0.985952 0.343443 0.974675 0.336467 0.995712
0 0.413975 0.776015 0.419053 0.750456 0.406134 0.742345 0.401056 0.767903
0 0.667729 0.712944 0.669746 0.697567 0.658313 0.692826 0.656296 0.708203
0 0.489658 0.861276 0.495841 0.83464 0.485718 0.827214 0.479536 0.85385
0 0.411691 0.961788 0.423429 0.930915 0.413904 0.919469 0.402165 0.950341
0 0.361322 0.829248 0.362748 0.801447 0.344871 0.798549 0.343445 0.82635
