0 0.996312 0.974494 1.01143 0.850975 0.805356 0.771254 0.790237 0.894773
0 0.894647 0.493237 0.898011 0.456848 0.878625 0.451183 0.875261 0.487572
0 0.18508 0.539972 0.22065 0.510073 0.195349 0.414942 0.159778 0.444842
0 0.758158 0.696459 0.757573 0.654789 0.738467 0.655638 0.739052 0.697308
0 0.825933 0.639182 0.853767 0.605866 0.842986 0.577398 0.815152 0.610714
0 0.911316 0.477667 0.912741 0.448683 0.89474 0.445886 0.893315 0.47487
0 0.900154 0.526495 0.901646 0.508657 0.886595 0.504676 0.885103 0.522514
0 0.900797 0.422087 0.907479 0.392643 0.894625 0.383425 0.887944 0.412869
0 0.785508 0.743326 0.787992 0.703941 0.769004 0.700157 0.766521 0.739541
0 0.780774 0.708909 0.790563 0.686498 0.774104 0.663779 0.764316 0.68619
0 0.887418 0.462131 0.885424 0.42517 0.859687 0.429558 0.861681 0.46652
0 0.871136 0.674044 0.874061 0.642204 0.854269 0.636458 0.851344 0.668298
0 0.840553 0.656889 0.875924 0.621858 0.866865 0.592949 0.831494 0.62798
0 0.54434 0.727544 0.544996 0.692792 0.52777 0.691764 0.527114 0.726516
0 0.806132 0.585077 0.820171 0.555842 0.809663 0.539894 0.795624 0.569129
0 0.820828 0.555863 0.828458 0.540175 0.816608 0.521959 0.808978 0.537647
0 0.56582 0.714517 0.576718 0.696492 0.564846 0.673808 0.553949 0.691832
0 0.72947 0.689152 0.736698 0.66228 0.72554 0.652795 0.718312 0.679667
0 0.399033 0.672617 0.400762 0.650978 0.388562 0.647897 0.386833 0.669536
0 0.757707 0.658109 0.762805 0.635061 0.749439 0.625716 0.74434 0.648764
0 0.0260465 0.80836 0.029678 0.760265 -0.00107713 0.752925 -0.00470862 0.801021
0 0.889613 0.3321 0.892597 0.303731 0.874203 0.297617 0.871219 0.325985
0 0.882935 0.569595 0.883239 0.547861 0.867278 0.547155 0.866974 0.568889
0 0.523044 0.79455 0.525699 0.765147 0.511054 0.760968 0.508399 0.790371
0 0.408812 0.652057 0.411575 0.62272 0.396781 0.618315 0.394017 0.647653
0 0.470506 0.755694 0.478381 0.721089 0.452095 0.702185 0.444221 0.736791
0 0.679556 0.732939 0.689484 0.711507 0.680505 0.698359 0.670576 0.719792
0 0.0407473 0.949166 0.0648561 0.905245 0.0518125 0.882616 0.0277036 0.926538
0 0.420054 0.65682 0.422621 0.63258 0.410221 0.628429 0.407654 0.652669
0 0.887631 0.615944 0.89493 0.599119 0.873366 0.569554 0.866067 0.586379
0 0.882362 0.430591 0.887733 0.41017 0.879214 0.403088 0.873843 0.423509
0 0.848365 0.435463 0.857485 0.409832 0.8456 0.396464 0.836479 0.422095
0 0.414627 0.757336 0.423516 0.737863 0.415294 0.726002 0.406406 0.745475
0 0.901802 0.572892 0.905626 0.552682 0.893032 0.545151 0.889208 0.565361
0 0.859403 0.506635 0.865748 0.485401 0.856282 0.47646 0.849936 0.497694
0 0.521882 0.754325 0.521402 0.716631 0.507056 0.717209 0.507536 0.754902
0 0.772237 0.713163 0.770515 0.692864 0.755374 0.696924 0.757096 0.717223
0 0.865685 0.529137 0.869274 0.507053 0.853257 0.498826 0.849668 0.520911
0 0.889076 0.513164 0.8912 0.488767 0.871159 0.48325 0.869034 0.507648
0 0.769959 0.699457 0.77422 0.673824 0.761415 0.667097 0.757154 0.69273
0 0.125162 0.780646 0.148135 0.689451 0.115085 0.663138 0.0921127 0.754334
0 0.963463 0.722585 0.979831 0.709195 0.96908 0.667659 0.952712 0.681048
0 0.3958 0.730994 0.398829 0.70765 0.388582 0.703448 0.385553 0.726792
0 0.853087 0.577818 0.871611 0.553347 0.861706 0.52965 0.843182 0.55412
0 0.669291 0.787887 0.672289 0.761011 0.661787 0.757308 0.658789 0.784185
0 0.586966 0.488238 0.594253 0.470337 0.584269 0.45749 0.576981 0.475391
0 0.538348 0.671269 0.543587 0.652726 0.535664 0.64565 0.530425 0.664193
0 0.910471 0.502431 0.912446 0.477719 0.89555 0.473451 0.893575 0.498163
0 0.55457 0.660384 0.561374 0.638788 0.553219 0.630669 0.546416 0.652265
0 0.90629 0.547313 0.908564 0.526609 0.894737 0.521809 0.892463 0.542513
0 0.808158 0.732123 0.81542 0.700652 0.804038 0.692351 0.796776 0.723823
0 0.883393 0.697484 0.889642 0.674694 0.873348 0.660575 0.8671 0.683365
0 0.114114 0.322976 0.110087 0.276964 0.089183 0.282746 0.0932101 0.328759
0 0.840707 0.496781 0.843202 0.472915 0.830213 0.468623 0.827718 0.492489
0 0.53322 0.654126 0.538132 0.63255 0.529445 0.626301 0.524534 0.647876
0 0.731846 0.655799 0.735016 0.63328 0.724427 0.628569 0.721257 0.651088
0 0.540414 0.760048 0.54606 0.740216 0.536269 0.731405 0.530622 0.751237
0 0.831208 0.717458 0.832588 0.693039 0.814126 0.689742 0.812746 0.714161
0 0.597001 0.88996 0.6074 0.866068 0.592071 0.844983 0.581672 0.868874
0 0.561949 0.679825 0.566482 0.659518 0.554123 0.650799 0.54959 0.671107
0 0.911272 0.409872 0.921752 0.390768 0.914102 0.377505 0.903622 0.396609
0 0.690391 0.708252 0.706089 0.6869 0.698719 0.669774 0.68302 0.691125
0 0.768707 0.637555 0.770578 0.612427 0.755905 0.608974 0.754034 0.634102
0 0.908582 0.530303 0.913539 0.511365 0.901234 0.501185 0.896277 0.520123
0 0.851643 0.752001 0.863853 0.72832 0.842495 0.693518 0.830285 0.717198
0 0.556432 0.753022 0.562051 0.727489 0.553847 0.721783 0.548228 0.747316
0 0.891057 0.55539 0.895004 0.529368 0.878997 0.521695 0.87505 0.547716
0 0.59697 0.743256 0.59615 0.720363 0.577328 0.722493 0.578148 0.745387
0 0.387005 0.654822 0.388323 0.630564 0.372398 0.627828 0.371079 0.652086
0 0.407874 0.588296 0.411932 0.570498 0.402803 0.563918 0.398745 0.581716
0 0.912197 0.388385 0.919487 0.362961 0.90794 0.352497 0.90065 0.377921
0 0.56866 0.820827 0.571496 0.784565 0.548386 0.778851 0.54555 0.815113
0 0.849978 0.593238 0.853908 0.57205 0.841534 0.564796 0.837604 0.585983
0 0.816023 0.591479 0.830224 0.570216 0.822599 0.55412 0.808398 0.575382
0 0.596498 0.857792 0.594227 0.830083 0.571965 0.835848 0.574236 0.863558
0 0.546334 0.751922 0.553905 0.727688 0.544899 0.718796 0.537328 0.743031
0 0.544867 0.65559 0.551308 0.635624 0.543222 0.627381 0.536782 0.647346
0 0.531525 0.752314 0.53503 0.729882 0.523501 0.724189 0.519996 0.746621
0 0.572211 0.690839 0.582082 0.677207 0.569576 0.648587 0.559705 0.662219
0 0.983436 0.593446 0.99538 0.571132 0.974408 0.535654 0.962464 0.557968
0 0.650751 0.722944 0.653858 0.701519 0.643487 0.696766 0.64038 0.718191
0 0.796019 0.721032 0.800439 0.702497 0.790321 0.69487 0.7859 0.713405
0 0.874378 0.548031 0.878961 0.530744 0.865134 0.519159 0.860551 0.536446
0 0.845481 0.525302 0.849317 0.507786 0.837005 0.499266 0.83317 0.516782
0 0.833894 0.543565 0.838692 0.521471 0.829438 0.515119 0.824639 0.537213
0 0.27651 1.01645 0.315332 0.982952 0.287934 0.882597 0.249113 0.916093
0 0.942741 0.400238 0.943395 0.371198 0.92386 0.369808 0.923206 0.398848
0 0.399312 0.763262 0.401272 0.740565 0.382591 0.735467 0.380632 0.758165
0 0.806669 0.553043 0.808698 0.527372 0.79469 0.523873 0.792661 0.549544
0 0.920455 0.458333 0.923254 0.441678 0.91247 0.435949 0.90967 0.452604
0 0.996949 0.615162 1.00116 0.596479 0.981851 0.582743 0.977645 0.601426
0 0.590888 0.772587 0.604062 0.750966 0.595346 0.734181 0.582172 0.755802
0 0.909352 0.366582 0.913952 0.341988 0.895147 0.330873 0.890547 0.355466
0 0.801357 0.769264 0.804999 0.752351 0.793113 0.744262 0.789472 0.761175
0 0.699007 0.728721 0.709743 0.701955 0.70032 0.690009 0.689584 0.716775
0 0.88529 0.398949 0.887807 0.371446 0.872615 0.367052 0.870098 0.394554
0 0.0141064 0.99915 0.0138892 0.960778 -0.00253254 0.961072 -0.00231532 0.999444
0 0.588366 0.531445 0.59403 0.505379 0.579433 0.495353 0.573769 0.521419
0 0.369975 0.723881 0.370498 0.700305 0.354587 0.699189 0.354064 0.722764
0 0.696482 0.543974 0.700313 0.522993 0.689078 0.51651 0.685247 0.537491
0 0.97264 0.59331 0.975864 0.576689 0.965686 0.570451 0.962462 0.587072
0 0.839382 0.459902 0.84874 0.435015 0.837931 0.422169 0.828573 0.447056
0 0.882599 0.311669 0.902036 0.287632 0.893817 0.266626 0.87438 0.290663
0 0.117435 1.04491 0.24737 0.994794 0.234579 0.889977 0.104645 0.940088
0 0.879368 0.537225 0.884233 0.516381 0.865812 0.502794 0.860947 0.523638
0 0.889373 0.586592 0.892053 0.566144 0.879409 0.560907 0.876729 0.581355
0 0.918189 0.33515 0.923775 0.296913 0.895945 0.284062 0.890358 0.322298
0 0.662536 0.619251 0.666536 0.596834 0.655421 0.590566 0.651421 0.612983
0 0.890166 0.365608 0.891796 0.345643 0.879933 0.342581 0.878303 0.362547
0 0.745463 0.637757 0.748385 0.619117 0.738576 0.614257 0.735654 0.632897
0 0.0766032 0.741028 0.0788863 0.710477 0.0643172 0.707036 0.0620341 0.737587
0 0.645937 0.661287 0.648113 0.623254 0.630164 0.620009 0.627989 0.658041
0 0.65491 0.743675 0.655153 0.721943 0.640561 0.721427 0.640318 0.743159
0 0.658146 0.744784 0.659167 0.718711 0.64463 0.716911 0.643609 0.742985
0 0.736337 0.733007 0.740737 0.708371 0.726216 0.700173 0.721815 0.724809
0 0.406482 0.67741 0.411475 0.658944 0.403833 0.652414 0.398841 0.67088
0 0.369863 0.699706 0.37211 0.671641 0.358677 0.668242 0.35643 0.696307
0 0.751987 0.788821 0.754317 0.76932 0.738963 0.763523 0.736633 0.783025
0 0.992625 0.707263 0.996778 0.685575 0.98 0.675421 0.975847 0.697109
0 0.823034 0.66622 0.828783 0.638946 0.817648 0.631527 0.811899 0.658801
0 0.420432 0.668183 0.421654 0.650379 0.410127 0.647878 0.408905 0.665683
0 0.5398 0.787951 0.546133 0.757494 0.530243 0.747051 0.523909 0.777507
0 0.67928 0.663607 0.688372 0.649378 0.676163 0.624721 0.667071 0.638949
0 0.503078 0.950321 0.517446 0.923304 0.495387 0.886228 0.481019 0.913245
0 0.390065 0.667444 0.390735 0.64678 0.376841 0.645356 0.376171 0.66602
0 0.735122 0.783154 0.738022 0.753637 0.726691 0.750119 0.723791 0.779635
0 0.388335 0.628928 0.389061 0.612089 0.377638 0.610533 0.376912 0.627372
0 0.020531 0.926331 0.0328942 0.890257 0.0155805 0.871504 0.00321734 0.907577
0 0.5154 0.717737 0.52228 0.698029 0.513902 0.688785 0.507022 0.708493
0 0.0177516 1.00071 0.0320686 0.974463 0.0227263 0.958357 0.00840931 0.984604
0 0.748262 0.618817 0.752762 0.596871 0.740511 0.588932 0.736011 0.610878
0 0.720112 0.659718 0.724794 0.638294 0.715182 0.631655 0.710501 0.65308
0 0.781233 0.960798 0.814649 0.901215 0.759149 0.802842 0.725733 0.862424
0 0.825991 0.482722 0.828206 0.464956 0.815108 0.459796 0.812893 0.477562
0 0.715164 0.63269 0.717578 0.599858 0.702924 0.596451 0.700509 0.629283
0 0.651477 0.647321 0.654213 0.60465 0.631235 0.599993 0.628499 0.642664
0 0.88171 0.614365 0.888998 0.595584 0.861868 0.562314 0.854581 0.581095
0 0.599114 0.502997 0.599911 0.482014 0.585143 0.480241 0.584346 0.501225
0 0.768347 0.781235 0.76806 0.753196 0.751396 0.753734 0.751683 0.781773
0 0.758421 0.745879 0.767025 0.733 0.754369 0.706274 0.745764 0.719153
0 0.775963 0.671891 0.778091 0.652064 0.765192 0.647689 0.763064 0.667517
0 0.546066 0.807533 0.546589 0.779871 0.535486 0.779207 0.534962 0.806869
0 0.520869 0.67459 0.523518 0.657808 0.514869 0.653493 0.51222 0.670275
0 0.637699 0.729202 0.637986 0.691267 0.618783 0.690808 0.618496 0.728743
0 0.568612 0.746985 0.573078 0.726252 0.565389 0.721016 0.560923 0.741749
0 0.734496 0.468768 0.737089 0.44834 0.722781 0.442601 0.720188 0.463029
0 0.660866 0.65843 0.670112 0.632724 0.659311 0.620445 0.650064 0.646151
0 0.679952 0.75408 0.684504 0.728419 0.673723 0.722375 0.669171 0.748037
0 0.91456 0.567119 0.918039 0.54582 0.906197 0.539707 0.902718 0.561006
0 0.933481 0.535272 0.941548 0.504094 0.929283 0.494064 0.921216 0.525243
0 0.413449 0.700199 0.414821 0.683374 0.40444 0.680699 0.403068 0.697524
0 0.810997 0.628581 0.818698 0.595604 0.790594 0.57486 0.782892 0.607837
0 0.787992 0.659654 0.790054 0.625952 0.77336 0.622725 0.771299 0.656427
0 0.553379 0.700113 0.555881 0.673462 0.540656 0.668946 0.538155 0.695596
0 0.0244245 0.975139 0.0298575 0.941285 0.0109981 0.931719 0.00556512 0.965574
0 0.972826 0.425497 0.976326 0.389283 0.9576 0.383562 0.9541 0.419776
0 0.879411 0.47872 0.881553 0.453432 0.861219 0.447988 0.859077 0.473276
0 0.872082 0.434013 0.875528 0.417536 0.86342 0.409533 0.859974 0.426009
0 0.744873 0.658335 0.747465 0.635837 0.736067 0.631687 0.733476 0.654185
0 0.770308 0.662011 0.772574 0.641867 0.761127 0.637797 0.758861 0.657941
0 0.99684 0.63561 1.00217 0.620319 0.98841 0.605176 0.983084 0.620466
0 0.819392 0.610004 0.82369 0.587488 0.811954 0.580407 0.807655 0.602923
0 0.53354 0.822866 0.534021 0.801177 0.52135 0.800288 0.520868 0.821978
0 0.557369 0.768814 0.56108 0.744233 0.551658 0.739736 0.547946 0.764317
0 0.586742 0.704522 0.598895 0.671594 0.588015 0.658902 0.575861 0.69183
0 0.648615 0.542411 0.664281 0.497817 0.647793 0.479511 0.632127 0.524105
0 0.920323 0.478254 0.92174 0.459173 0.910465 0.456527 0.909048 0.475608
0 0.809888 0.503452 0.814115 0.476406 0.801515 0.470183 0.797288 0.49723
0 0.797962 0.685052 0.801208 0.665038 0.789145 0.658854 0.785899 0.678869
0 0.600191 0.601002 0.604488 0.576615 0.593387 0.570434 0.58909 0.594821
0 1.0019 0.591918 1.00442 0.567801 0.991407 0.563493 0.988881 0.58761
0 1.00029 0.463029 1.00499 0.437832 0.991639 0.429967 0.986943 0.455164
0 0.724988 0.753242 0.731985 0.725341 0.718621 0.714749 0.711625 0.74265
0 0.856864 0.456583 0.859945 0.435558 0.850718 0.431284 0.847637 0.452309
0 0.699132 0.660549 0.702792 0.636707 0.688681 0.629859 0.68502 0.653702
0 0.971258 0.447661 0.975264 0.424161 0.957099 0.414375 0.953093 0.437875
0 0.0582083 0.974376 0.0679593 0.932313 0.0440892 0.914824 0.0343382 0.956887
0 0.98836 0.451154 0.996019 0.431469 0.980185 0.411997 0.972525 0.431682
0 0.425439 0.701318 0.427396 0.681729 0.416356 0.678242 0.414398 0.69783
0 0.15705 0.11259 0.185124 0.0585723 0.132703 -0.0275347 0.104629 0.0264826
0 0.740187 0.594484 0.746429 0.576096 0.738894 0.568013 0.732652 0.5864
0 0.046744 1.00514 0.0586374 0.969275 0.0421044 0.951947 0.030211 0.98781
0 0.764293 0.449463 0.770801 0.431865 0.763957 0.423865 0.757448 0.441462
0 0.685742 0.788112 0.688096 0.754272 0.672346 0.75081 0.669993 0.78465
