0 0.450279 0.98813 0.450031 0.876144 0.385111 0.876597 0.385358 0.988583
0 0.501712 0.594523 0.501449 0.543156 0.472718 0.543621 0.472981 0.594988
0 0.540121 0.997082 0.531631 0.910987 0.480366 0.926964 0.488856 1.01306
0 0.526917 0.884039 0.527707 0.843503 0.505867 0.842157 0.505077 0.882693
0 0.362388 0.899247 0.366006 0.846906 0.3378 0.840743 0.334181 0.893085
0 0.56102 0.851445 0.564214 0.819396 0.547835 0.814238 0.544641 0.846287
0 0.147278 0.632772 0.149199 0.607916 0.136998 0.604935 0.135076 0.629791
0 0.387179 0.943214 0.390094 0.90577 0.368736 0.900514 0.365821 0.937957
0 0.981074 1.07452 1.0159 0.859231 0.799302 0.748484 0.764473 0.963773
0 0.351158 0.951843 0.376444 0.903857 0.358935 0.8747 0.33365 0.922687
0 0.0931892 0.635613 0.138701 0.607793 0.128976 0.557516 0.083465 0.585336
0 0.932312 0.827298 0.935722 0.772197 0.904162 0.766025 0.900752 0.821126
0 0.577502 0.998651 0.570298 0.898261 0.521629 0.909298 0.528833 1.00969
0 0.458048 0.900252 0.453575 0.847921 0.419295 0.857181 0.423768 0.909513
0 0.455194 0.867318 0.464803 0.834498 0.450265 0.821045 0.440656 0.853866
0 0.539991 0.923182 0.544836 0.877511 0.522461 0.870009 0.517616 0.915681
0 0.393931 0.90779 0.399846 0.837639 0.371282 0.830027 0.365367 0.900178
0 0.0845414 0.8501 0.0947145 0.810994 0.0774564 0.796805 0.0672833 0.83591
0 0.561879 0.873156 0.563033 0.848491 0.546956 0.846114 0.545802 0.870779
0 0.118488 0.811227 0.124145 0.783852 0.109246 0.774123 0.103589 0.801497
0 0.486042 0.79949 0.488065 0.772902 0.468834 0.768278 0.466811 0.794865
0 0.545157 0.879451 0.545831 0.853158 0.530091 0.851882 0.529416 0.878175
0 0.626487 0.589179 0.627866 0.544141 0.602333 0.541669 0.600954 0.586708
0 0.0395376 0.962865 0.0573453 0.926066 0.0406886 0.90059 0.0228808 0.93739
0 0.129385 1.0123 0.166851 0.883482 0.114697 0.835542 0.0772309 0.964363
0 0.1852 1.01272 0.201936 0.977611 0.187686 0.956141 0.17095 0.991246
0 0.203211 0.845049 0.209996 0.816731 0.19736 0.807162 0.190575 0.83548
0 0.138425 0.724899 0.141276 0.702163 0.128642 0.697156 0.125791 0.719891
0 0.220499 0.90263 0.220974 0.881169 0.206976 0.880191 0.206502 0.901652
0 0.23811 0.99408 0.258626 0.977375 0.252733 0.954501 0.232217 0.971206
0 0.957976 0.630368 0.961986 0.57554 0.910519 0.563644 0.906509 0.618471
0 0.199297 0.955184 0.21325 0.936698 0.205973 0.91934 0.19202 0.937825
0 0.352738 0.863585 0.378233 0.846896 0.372058 0.817083 0.346563 0.833772
0 0.0367648 0.741944 0.0495398 0.69588 0.0171591 0.667498 0.00438408 0.713561
0 0.102169 0.819836 0.107556 0.795205 0.0882009 0.781826 0.0828136 0.806457
0 0.77734 1.04364 0.829917 0.961969 0.75015 0.799672 0.697572 0.881344
0 0.013882 0.878676 0.0242495 0.833138 0.00271352 0.817642 -0.00765396 0.86318
0 0.392506 0.97868 0.39968 0.933836 0.377111 0.922426 0.369937 0.967269
0 0.252579 1.00732 0.267246 0.984795 0.258166 0.966112 0.243499 0.988639
0 0.20489 0.975035 0.211358 0.950626 0.199694 0.940857 0.193226 0.965266
0 0.157306 0.741892 0.175347 0.700682 0.160734 0.680464 0.142694 0.721674
0 0.159961 0.768101 0.16099 0.734495 0.14218 0.732675 0.141152 0.766281
0 0.460341 0.827585 0.472027 0.790934 0.460396 0.779214 0.44871 0.815865
0 0.360053 0.967777 0.376787 0.934323 0.363563 0.913418 0.34683 0.946872
0 0.495594 0.676926 0.497936 0.651703 0.483399 0.647437 0.481057 0.67266
0 0.424103 0.827653 0.427052 0.786759 0.404102 0.781529 0.401153 0.822423
0 0.564059 0.913493 0.564518 0.871704 0.543196 0.870964 0.542737 0.912753
0 0.345371 0.969153 0.346279 0.918662 0.31663 0.916976 0.315722 0.967467
0 0.553194 0.733851 0.557357 0.707532 0.542913 0.700311 0.53875 0.726629
0 0.570073 0.837912 0.574217 0.816638 0.562106 0.809183 0.557962 0.830457
0 0.544712 0.860214 0.551339 0.841452 0.536489 0.824874 0.529862 0.843636
0 0.139862 0.788835 0.140691 0.76847 0.127062 0.766715 0.126232 0.787081
0 0.265992 0.971784 0.276749 0.944821 0.264345 0.92918 0.253588 0.956143
0 0.476582 0.888772 0.484248 0.83355 0.460954 0.823331 0.453289 0.878552
0 0.362709 0.990722 0.378383 0.967039 0.369784 0.949053 0.35411 0.972736
0 0.109845 0.726183 0.12907 0.71227 0.124724 0.69329 0.105499 0.707203
0 0.443346 0.419914 0.445827 0.354052 0.407903 0.349537 0.405422 0.4154
0 0.177462 0.95948 0.18679 0.931987 0.17687 0.921351 0.167543 0.948843
0 0.471137 0.771663 0.472291 0.749542 0.458589 0.747283 0.457435 0.769404
0 0.180915 0.978753 0.192281 0.948602 0.183219 0.937807 0.171854 0.967958
0 0.593849 0.975016 0.598632 0.945246 0.582852 0.937233 0.578069 0.967002
0 0.0540468 0.967427 0.068709 0.941756 0.0571692 0.920925 0.042507 0.946596
0 0.169319 0.973262 0.18314 0.944304 0.174393 0.93111 0.160572 0.960068
0 0.0827377 0.336842 0.100855 0.317065 0.0860775 0.27428 0.0679601 0.294058
0 0.434775 0.547401 0.435226 0.511173 0.415191 0.510384 0.41474 0.546613
0 0.386729 0.994339 0.387863 0.970828 0.369288 0.967997 0.368154 0.991508
0 0.141528 0.770732 0.144362 0.737907 0.124928 0.732604 0.122094 0.765429
0 0.454243 0.998069 0.448766 0.958911 0.418583 0.972252 0.42406 1.01141
0 0.398185 0.769955 0.409453 0.735657 0.393673 0.719273 0.382405 0.753571
0 0.341954 0.918776 0.344126 0.876918 0.324844 0.873755 0.322671 0.915612
0 0.463042 0.784469 0.46465 0.765985 0.454456 0.763183 0.452848 0.781667
0 0.576708 0.860289 0.580122 0.838086 0.567831 0.832112 0.564417 0.854315
0 0.483428 0.930887 0.485301 0.897014 0.46789 0.893971 0.466017 0.927844
0 0.103995 0.728042 0.122608 0.710796 0.117883 0.694679 0.0992702 0.711926
0 0.122622 0.651308 0.125326 0.621485 0.109635 0.616987 0.10693 0.646811
0 0.206671 0.988269 0.212171 0.96652 0.200736 0.957381 0.195236 0.979131
0 0.178345 0.438844 0.184143 0.371952 0.13598 0.358758 0.130182 0.42565
0 0.468218 0.932016 0.472669 0.897268 0.45355 0.889528 0.4491 0.924276
0 0.518176 0.925598 0.528432 0.906231 0.512797 0.880064 0.502541 0.899431
0 1.00804 0.760351 1.00991 0.696332 0.977582 0.693339 0.975707 0.757358
0 0.278664 0.991145 0.283905 0.963254 0.266631 0.952996 0.26139 0.980887
0 0.0991828 0.83737 0.112949 0.823268 0.107286 0.805796 0.0935198 0.819898
0 0.126542 0.787037 0.1293 0.764959 0.109632 0.757193 0.106874 0.77927
0 0.516546 0.711199 0.519274 0.675435 0.505829 0.672195 0.503101 0.707958
0 0.067826 0.932607 0.072402 0.901926 0.0569555 0.894645 0.0523795 0.925326
0 0.397878 0.843124 0.405018 0.801568 0.38581 0.791139 0.378671 0.832694
0 0.285801 0.954763 0.295418 0.919572 0.283515 0.909291 0.273898 0.944482
0 0.391322 0.798088 0.389491 0.750602 0.36317 0.753809 0.365001 0.801296
0 0.502806 0.821116 0.507678 0.80274 0.491137 0.788878 0.486265 0.807254
0 0.206659 1.01119 0.230449 0.989417 0.223037 0.96383 0.199248 0.985608
0 0.642161 0.627214 0.637074 0.592693 0.607243 0.606587 0.61233 0.641107
0 0.49436 0.848982 0.501005 0.835336 0.489152 0.817093 0.482507 0.830739
0 1.00697 0.885907 1.01622 0.733221 0.955942 0.721681 0.946693 0.874367
0 0.532843 0.748834 0.543247 0.726448 0.533642 0.71234 0.523238 0.734727
0 0.603892 0.615664 0.613303 0.583124 0.590641 0.562411 0.58123 0.594951
0 0.483701 0.704126 0.482707 0.676255 0.462105 0.678577 0.463099 0.706448
0 0.949596 0.772893 0.955644 0.730578 0.935583 0.721517 0.929536 0.763832
0 0.60821 1.00558 0.609585 0.971611 0.573937 0.96705 0.572562 1.00101
0 0.545462 0.832179 0.551128 0.808378 0.541554 0.801175 0.535889 0.824977
0 0.129363 0.770795 0.134681 0.738063 0.113358 0.727114 0.10804 0.759845
0 0.455624 0.687632 0.464007 0.657943 0.452393 0.64758 0.444011 0.677269
0 0.102548 0.754769 0.111282 0.730408 0.101596 0.719434 0.0928631 0.743795
0 0.487754 0.730444 0.492807 0.708901 0.479878 0.699316 0.474824 0.720859
0 0.232448 0.90238 0.240134 0.8783 0.227937 0.865996 0.220251 0.890076
0 0.0488923 0.890206 0.0469426 0.839996 0.0153846 0.843869 0.0173343 0.894079
0 0.412794 0.565985 0.414065 0.546756 0.401858 0.544206 0.400587 0.563435
0 0.512578 0.922452 0.517501 0.900081 0.503432 0.890295 0.498508 0.912666
0 0.968218 0.706057 0.977376 0.67192 0.952217 0.650587 0.943058 0.684724
0 0.212976 0.935332 0.219875 0.918515 0.210798 0.906748 0.203899 0.923565
0 0.899601 0.825414 0.914513 0.798108 0.885562 0.748139 0.87065 0.775445
0 0.594008 0.866029 0.598717 0.843878 0.581697 0.832442 0.576988 0.854593
0 0.444311 0.852316 0.449884 0.820389 0.435801 0.812619 0.430228 0.844546
0 0.602996 0.853095 0.608075 0.828998 0.586443 0.814587 0.581364 0.838684
0 0.0924195 0.770415 0.10047 0.753544 0.0923706 0.741328 0.0843197 0.7582
0 0.964319 0.571992 0.963421 0.509249 0.913671 0.511499 0.914569 0.574242
0 0.538932 0.766932 0.542719 0.745151 0.531321 0.738886 0.527533 0.760666
0 0.53328 0.705733 0.535458 0.676462 0.520468 0.672937 0.51829 0.702209
0 0.217931 0.955124 0.22301 0.933429 0.212409 0.925584 0.20733 0.947279
0 0.102513 0.998519 0.104961 0.958284 0.0691959 0.951405 0.0667474 0.99164
0 0.1942 0.943521 0.203936 0.92415 0.196658 0.912588 0.186921 0.931959
0 0.223016 0.968705 0.230406 0.951295 0.222356 0.940497 0.214966 0.957906
0 0.234665 0.974814 0.242801 0.950042 0.234283 0.9412 0.226147 0.965972
0 0.411464 0.732085 0.414837 0.713467 0.402984 0.70668 0.399611 0.725298
0 0.260708 0.864952 0.267574 0.839662 0.258417 0.831806 0.251551 0.857095
0 0.884138 0.75463 0.890427 0.735661 0.873018 0.717421 0.866729 0.736391
0 0.510452 0.848292 0.512155 0.829823 0.502069 0.826883 0.500366 0.845352
0 0.107699 0.900094 0.109139 0.870312 0.0924948 0.867768 0.0910544 0.89755
0 0.700144 0.653833 0.700265 0.615842 0.67925 0.615631 0.67913 0.653622
0 0.327653 0.999817 0.353595 0.978395 0.347402 0.954693 0.32146 0.976115
0 0.0737219 0.292986 0.0787347 0.254998 0.0541425 0.244742 0.0491297 0.28273
0 0.474261 0.842121 0.478764 0.81137 0.462634 0.803906 0.458131 0.834657
0 0.47392 0.951463 0.477835 0.929508 0.465775 0.922713 0.461861 0.944668
0 0.674686 0.172165 0.670409 0.122577 0.650332 0.12805 0.654609 0.177638
0 0.359866 0.412164 0.362297 0.359418 0.325416 0.354045 0.322985 0.40679
0 0.00129213 0.921832 0.0258613 0.892835 0.0147826 0.863167 -0.00978657 0.892164
0 0.376545 0.752747 0.379438 0.726851 0.36588 0.722064 0.362987 0.74796
0 0.635965 0.922229 0.64274 0.872567 0.617824 0.861825 0.611049 0.911487
0 0.521374 0.743965 0.524479 0.725285 0.512958 0.719232 0.509853 0.737912
0 0.146158 0.745257 0.148981 0.723354 0.136381 0.71822 0.133557 0.740123
0 0.236287 1.00461 0.240144 0.983778 0.228981 0.977246 0.225124 0.998083
0 0.164473 0.957809 0.174597 0.930981 0.166384 0.921187 0.15626 0.948014
0 0.383861 0.737319 0.386209 0.716225 0.373881 0.711888 0.371533 0.732982
0 0.00363716 0.937421 0.0239469 0.918185 0.0182626 0.899217 -0.00204711 0.918452
0 0.426112 0.573439 0.429161 0.555886 0.416763 0.549081 0.413714 0.566634
0 0.245395 0.971885 0.256211 0.949901 0.248336 0.937657 0.237521 0.959641
0 0.942128 0.727253 0.942503 0.700593 0.914382 0.699345 0.914007 0.726004
0 0.508666 0.63897 0.520085 0.611293 0.500246 0.585423 0.488827 0.613101
0 0.00804334 0.992795 0.0156048 0.962097 0.00325903 0.952486 -0.00430241 0.983184
0 0.190494 0.842439 0.197005 0.819491 0.185035 0.808757 0.178523 0.831706
0 0.100215 0.787044 0.101524 0.766482 0.087579 0.763677 0.08627 0.784238
0 0.234099 0.939623 0.23658 0.920602 0.227402 0.916818 0.22492 0.935839
0 0.523102 0.136109 0.525224 0.0859781 0.490361 0.081314 0.488239 0.131444
0 0.182423 0.794775 0.186327 0.772851 0.16327 0.759875 0.159366 0.781799
0 0.240329 0.932195 0.246988 0.911403 0.237466 0.901766 0.230808 0.922558
0 0.440209 0.811235 0.443801 0.7873 0.430854 0.781159 0.427263 0.805095
0 0.0901455 0.857724 0.106116 0.8376 0.0993928 0.820737 0.083422 0.840861
0 0.146497 0.652657 0.147638 0.635921 0.138319 0.633913 0.137178 0.650648
0 0.0614534 0.864278 0.0807443 0.836398 0.0679188 0.808351 0.0486279 0.83623
0 0.165692 0.888097 0.17104 0.870319 0.16253 0.862229 0.157182 0.880007
0 0.226431 0.915428 0.227747 0.894999 0.214118 0.892223 0.212802 0.912652
0 0.692474 0.411345 0.700101 0.373889 0.67058 0.354889 0.662952 0.392344
0 0.109696 0.855535 0.115646 0.8372 0.106975 0.828306 0.101025 0.846641
0 0.562361 0.663896 0.569867 0.634133 0.554882 0.622188 0.547376 0.651951
0 0.491205 0.867993 0.49596 0.841323 0.481999 0.833456 0.477244 0.860127
0 0.52125 0.726219 0.525008 0.707151 0.514883 0.700846 0.511126 0.719913
0 0.242389 0.952045 0.247375 0.92868 0.238378 0.922614 0.233393 0.945979
0 0.308731 0.937552 0.320241 0.91532 0.310284 0.899031 0.298775 0.921263
0 0.0488055 0.696246 0.0522003 0.67569 0.0383956 0.668485 0.0350007 0.68904
0 0.469149 0.679084 0.474898 0.662869 0.463022 0.649563 0.457273 0.665777
0 0.447679 0.827484 0.454477 0.805701 0.441889 0.793287 0.435092 0.81507
0 0.399506 0.988308 0.401586 0.964742 0.388055 0.960967 0.385975 0.984532
0 0.486769 0.774524 0.48807 0.752961 0.474334 0.75034 0.473033 0.771903
0 0.275307 1.00499 0.275039 0.98815 0.262226 0.988795 0.262494 1.00563
0 0.284033 0.821949 0.28733 0.798998 0.271855 0.791973 0.268559 0.814924
0 0.333484 0.876588 0.336184 0.856642 0.327725 0.853023 0.325025 0.872969
0 0.632914 0.812496 0.648715 0.779268 0.624037 0.742177 0.608235 0.775405
0 0.556822 0.770553 0.565692 0.755282 0.552394 0.73087 0.543524 0.74614
0 0.292943 0.844788 0.297762 0.827381 0.289008 0.819721 0.284188 0.837128
0 0.965459 0.58659 0.967149 0.555696 0.941139 0.551198 0.939449 0.582092
0 0.534098 0.693399 0.552766 0.650403 0.521992 0.608175 0.503324 0.651171
0 0.588492 0.612678 0.607354 0.529188 0.571736 0.503755 0.552873 0.587245
0 0.472732 0.903244 0.473504 0.881616 0.459309 0.880014 0.458537 0.901642
0 0.604846 0.631194 0.605388 0.606447 0.582607 0.604869 0.582065 0.629617
0 0.04053 0.102577 0.0416151 -0.0137224 -0.0160083 -0.0154217 -0.0170934 0.100878
0 0.578409 0.129745 0.603176 0.0280943 0.529691 -0.0284917 0.504925 0.0731593
0 0.0513784 0.128552 0.0502973 -0.0284551 -6.08411e-05 -0.0273592 0.00102027 0.129648
