0 0.414864 0.916068 0.473562 0.851225 0.446264 0.773124 0.387565 0.837967
0 0.32505 0.926386 0.345374 0.872634 0.325879 0.849337 0.305554 0.903089
0 0.35445 0.727629 0.3653 0.697577 0.342126 0.671135 0.331276 0.701188
0 0.312473 0.820827 0.316929 0.796462 0.30313 0.788485 0.298674 0.81285
0 0.993067 0.941603 1.00494 0.815981 0.80838 0.757256 0.796505 0.882877
0 0.501742 0.802395 0.504666 0.773087 0.487966 0.767822 0.485042 0.797129
0 0.504501 0.828169 0.528417 0.800379 0.517772 0.771426 0.493856 0.799216
0 0.303466 0.84684 0.316817 0.821431 0.306654 0.804554 0.293303 0.829963
0 0.643694 0.873572 0.648483 0.835207 0.624366 0.825694 0.619577 0.864058
0 0.436408 0.739862 0.437001 0.704093 0.416806 0.703034 0.416212 0.738803
0 0.518156 0.733271 0.517442 0.691392 0.496295 0.692533 0.49701 0.734412
0 0.208624 0.816881 0.217858 0.780024 0.204785 0.769672 0.195551 0.806529
0 0.548296 0.849138 0.556834 0.821223 0.539094 0.804074 0.530555 0.831988
0 0.558508 0.79372 0.559065 0.772729 0.545282 0.771573 0.544725 0.792565
0 0.194981 0.809281 0.199917 0.779904 0.18246 0.770634 0.177524 0.800011
0 0.320209 0.863268 0.342105 0.844376 0.337119 0.82611 0.315223 0.845001
0 0.137816 1.00323 0.151083 0.966515 0.137165 0.950619 0.123898 0.987333
0 0.310829 0.904962 0.319623 0.865486 0.304805 0.855053 0.296011 0.894529
0 0.468187 0.773714 0.471141 0.716688 0.439504 0.711508 0.43655 0.768534
0 0.216971 0.777236 0.234736 0.752585 0.227238 0.735506 0.209473 0.760156
0 0.0267533 0.835287 0.0253798 0.80359 0.00496751 0.806385 0.00634095 0.838083
0 0.225051 0.996801 0.22424 0.966297 0.203159 0.96807 0.20397 0.998574
0 0.0227629 1.01856 0.0421669 0.981178 0.0260212 0.954691 0.00661715 0.992074
0 0.398761 0.660747 0.407466 0.631052 0.394243 0.618801 0.385538 0.648496
0 0.431605 0.767214 0.435115 0.742212 0.414786 0.733194 0.411277 0.758196
0 0.521053 0.764775 0.520343 0.733611 0.507144 0.734561 0.507854 0.765725
0 0.159492 0.998483 0.189771 0.94673 0.168852 0.908048 0.138573 0.9598
0 0.619454 0.899727 0.617929 0.858479 0.59124 0.861598 0.592764 0.902845
0 0.182537 0.720913 0.184988 0.703042 0.173214 0.697938 0.170763 0.715808
0 0.551001 0.816289 0.554842 0.794151 0.539941 0.785982 0.536101 0.80812
0 0.270918 0.747227 0.27159 0.726868 0.256874 0.725333 0.256202 0.745691
0 0.087242 0.541695 0.0893837 0.513046 0.0702461 0.508524 0.0681044 0.537174
0 0.497274 0.761722 0.507994 0.74731 0.494557 0.715722 0.483837 0.730134
0 0.585763 0.780709 0.592063 0.759186 0.572984 0.741533 0.566683 0.763055
0 0.286485 0.883982 0.28791 0.842975 0.260098 0.839921 0.258674 0.880928
0 0.173821 0.917044 0.175859 0.892122 0.162153 0.888579 0.160114 0.913501
0 0.328662 0.831826 0.332415 0.808917 0.318101 0.801504 0.314347 0.824413
0 0.513932 0.619901 0.514634 0.554865 0.479539 0.553667 0.478837 0.618703
0 0.364945 0.870959 0.388025 0.847872 0.377296 0.813973 0.354216 0.83706
0 0.297577 0.871626 0.300997 0.847569 0.290294 0.842761 0.286874 0.866818
0 0.753792 0.68673 0.76479 0.652817 0.74097 0.628403 0.729973 0.662316
0 0.271607 0.72905 0.272898 0.709144 0.260112 0.706523 0.258821 0.72643
0 0.180146 0.661063 0.181032 0.638354 0.166912 0.636614 0.166026 0.659323
0 0.548773 0.953783 0.551549 0.918475 0.527496 0.912499 0.524721 0.947808
0 0.476585 0.853576 0.487271 0.829696 0.468547 0.803216 0.457861 0.827096
0 0.13729 0.942755 0.139056 0.922857 0.125057 0.918931 0.123291 0.938829
0 0.225366 0.876372 0.234331 0.855858 0.218766 0.834359 0.209801 0.854872
0 0.201588 0.830158 0.204656 0.810288 0.192856 0.804529 0.189788 0.8244
0 0.0126355 0.895904 0.0214171 0.864904 0.00548016 0.850636 -0.00330141 0.881636
0 0.213051 0.758924 0.218828 0.739505 0.207575 0.728923 0.201797 0.748343
0 0.0711419 0.889249 0.079088 0.865212 0.0680167 0.853645 0.0600707 0.877681
0 0.310713 0.860018 0.324985 0.836633 0.316469 0.820206 0.302197 0.843591
0 0.13078 0.979946 0.132899 0.954078 0.109338 0.947978 0.107219 0.973846
0 0.369321 0.932398 0.383786 0.906525 0.366541 0.876053 0.352076 0.901925
0 0.565319 0.814077 0.567295 0.788893 0.554849 0.785807 0.552873 0.81099
0 0.0605547 0.914972 0.0745516 0.888647 0.0639001 0.870748 0.0499032 0.897073
0 0.0634436 0.995148 0.0801025 0.968094 0.0721871 0.95269 0.0555282 0.979744
0 0.141557 0.962419 0.143364 0.940838 0.129929 0.937283 0.128123 0.958864
0 0.0577085 0.885271 0.0677213 0.863038 0.0591135 0.850786 0.0491007 0.873018
0 0.43775 0.713981 0.443301 0.685053 0.422289 0.672309 0.416738 0.701237
0 0.20541 0.986314 0.215859 0.940455 0.200271 0.92923 0.189822 0.975089
0 0.0980034 0.349118 0.114373 0.327108 0.0980314 0.288697 0.0816618 0.310707
0 0.28221 0.843932 0.289506 0.81718 0.280025 0.809008 0.272729 0.83576
0 0.10587 0.548197 0.106379 0.525544 0.0866011 0.524138 0.0860914 0.54679
0 0.0912014 0.359702 0.0993076 0.316168 0.0671227 0.297227 0.0590166 0.340762
0 0.538341 0.757278 0.542788 0.737287 0.531516 0.729364 0.52707 0.749354
0 0.187661 0.850899 0.19677 0.828958 0.187641 0.81698 0.178532 0.838922
0 0.198768 0.860672 0.204048 0.837076 0.194099 0.83004 0.18882 0.853637
0 0.537528 0.821136 0.54036 0.796718 0.528808 0.792483 0.525976 0.816901
0 0.641229 0.902034 0.644944 0.874404 0.630357 0.868206 0.626642 0.895835
0 0.222508 0.796529 0.22894 0.776336 0.21793 0.765253 0.211498 0.785445
0 0.194369 0.93445 0.203873 0.91229 0.194381 0.899423 0.184876 0.921583
0 0.628074 0.815666 0.630293 0.793136 0.615944 0.788668 0.613725 0.811199
0 0.0605956 0.80153 0.0608538 0.772078 0.0395995 0.771489 0.0393413 0.800942
0 0.532189 0.795014 0.543304 0.782611 0.530723 0.746977 0.519608 0.75938
0 0.545807 0.772327 0.548696 0.754537 0.53652 0.748288 0.533631 0.766078
0 0.228402 0.703541 0.229644 0.68187 0.216155 0.679425 0.214912 0.701096
0 0.598437 0.990908 0.608507 0.975638 0.593334 0.944012 0.583264 0.959281
0 0.0125944 0.649523 0.0139088 0.629033 0.00133 0.626483 1.56728e-05 0.646973
0 0.0959835 0.565733 0.0943735 0.538128 0.0666638 0.543236 0.0682738 0.57084
0 0.409939 0.820385 0.434426 0.790321 0.424429 0.764586 0.399942 0.79465
0 0.332419 0.807422 0.334455 0.784878 0.322373 0.78143 0.320337 0.803974
0 0.186744 0.93361 0.18947 0.911164 0.17527 0.905713 0.172544 0.92816
0 0.0148158 0.979759 0.0277824 0.953784 0.0181185 0.938537 0.00515191 0.964513
0 0.310672 0.550081 0.313497 0.528507 0.303007 0.524166 0.300182 0.54574
0 0.201858 0.790075 0.206045 0.764044 0.194514 0.758182 0.190327 0.784212
0 0.0352203 0.630225 0.0431818 0.604346 0.0313809 0.592872 0.0234194 0.618751
0 0.0995173 0.911906 0.100507 0.883679 0.0833885 0.881781 0.0823987 0.910008
0 0.620552 0.942648 0.625861 0.922947 0.611522 0.910733 0.606212 0.930435
0 0.281164 0.797642 0.288789 0.782624 0.276637 0.763125 0.269012 0.778144
0 0.321441 0.805312 0.324501 0.786015 0.313674 0.780589 0.310614 0.799887
0 0.247792 0.936562 0.246803 0.91452 0.22854 0.917111 0.229529 0.939153
0 0.219836 0.842058 0.22297 0.818075 0.20721 0.811565 0.204076 0.835549
0 0.612207 0.867486 0.616461 0.843634 0.601729 0.835331 0.597475 0.859182
0 0.3967 0.687572 0.4029 0.661881 0.388256 0.650711 0.382055 0.676402
0 0.0613687 0.982646 0.0670338 0.931792 0.0366622 0.921099 0.0309972 0.971953
0 0.110147 1.00369 0.111631 0.980289 0.0942458 0.976805 0.0927618 1.00021
0 0.0133362 0.99461 0.0148246 0.964149 -0.00088035 0.961724 -0.00236884 0.992185
0 0.155289 0.672485 0.151598 0.618868 0.126864 0.624249 0.130555 0.677866
0 0.672295 0.742447 0.676088 0.72114 0.6654 0.715127 0.661607 0.736433
0 0.732915 0.721296 0.738473 0.703291 0.729075 0.694122 0.723517 0.712127
0 0.235709 0.741314 0.240955 0.721474 0.231314 0.713417 0.226068 0.733257
0 0.0207925 0.86305 0.0201997 0.827821 -0.00147274 0.828973 -0.000879981 0.864202
0 0.464282 0.797245 0.46774 0.773375 0.454945 0.767518 0.451487 0.791387
0 1.00179 0.623069 1.0075 0.595866 0.988904 0.583545 0.9832 0.610749
0 0.323872 0.794315 0.330884 0.768811 0.319564 0.758974 0.312552 0.784478
0 0.11603 0.988232 0.118147 0.96574 0.103051 0.961249 0.100933 0.983741
0 0.445918 0.535456 0.465632 0.471654 0.441218 0.447813 0.421504 0.511615
0 0.307173 0.766948 0.311046 0.747911 0.301389 0.741702 0.297516 0.760738
0 0.532216 0.859856 0.541855 0.835105 0.524929 0.81427 0.51529 0.839021
0 0.506902 0.881698 0.509766 0.850287 0.486856 0.843685 0.483992 0.875096
0 0.287743 0.933114 0.294582 0.900931 0.282493 0.892812 0.275654 0.924994
0 0.077302 0.90593 0.0887998 0.883275 0.0797925 0.868827 0.0682947 0.891482
0 0.0171291 0.800639 0.022867 0.780974 0.0128087 0.771699 0.0070708 0.791363
0 0.176309 0.543082 0.177986 0.520063 0.157778 0.515409 0.1561 0.538428
0 0.445248 0.78882 0.452646 0.769897 0.4369 0.750441 0.429502 0.769364
0 0.149404 0.641943 0.148999 0.614836 0.131431 0.615665 0.131836 0.642772
0 0.385491 0.723224 0.387198 0.700864 0.373886 0.697652 0.372179 0.720012
0 0.132812 0.67679 0.134491 0.651884 0.122407 0.649309 0.120728 0.674215
0 0.083201 0.743608 0.0902451 0.712057 0.0742065 0.70074 0.0671625 0.732291
0 0.12322 0.952227 0.125206 0.930687 0.109445 0.926094 0.107459 0.947635
0 0.284789 1.0046 0.286306 0.981288 0.269898 0.977915 0.268382 1.00123
0 0.292081 0.851924 0.299784 0.825644 0.290026 0.816604 0.282323 0.842885
0 0.158375 0.910311 0.165222 0.884096 0.155757 0.876282 0.14891 0.902497
0 0.487921 0.782768 0.491996 0.747865 0.473782 0.741145 0.469708 0.776048
0 0.144539 0.953086 0.150745 0.934023 0.142116 0.925144 0.13591 0.944206
0 0.232414 0.821405 0.233929 0.796391 0.220333 0.793788 0.218817 0.818802
0 0.123461 1.0082 0.129628 0.984791 0.117122 0.974376 0.110955 0.99778
0 0.311535 0.793467 0.316168 0.768145 0.300159 0.758889 0.295526 0.78421
0 0.353831 0.833986 0.35717 0.802826 0.340855 0.797301 0.337516 0.828461
0 0.508602 0.923928 0.50641 0.875552 0.48444 0.878698 0.486632 0.927074
0 0.292825 0.843198 0.300218 0.815589 0.291367 0.8081 0.283975 0.835709
0 0.321831 0.747675 0.324028 0.728508 0.314702 0.725131 0.312506 0.744298
0 0.0522746 0.120018 0.0817841 0.0169887 0.0532579 -0.00883375 0.0237485 0.0941958
0 0.344676 0.7977 0.357819 0.755952 0.340545 0.738764 0.327402 0.780511
0 0.559443 0.761499 0.563331 0.741511 0.546604 0.731226 0.542716 0.751215
0 0.0828933 0.999349 0.0921729 0.977926 0.0807918 0.962346 0.0715123 0.983769
0 0.522897 0.914633 0.531729 0.897999 0.519202 0.876978 0.51037 0.893612
0 0.0302502 0.909289 0.0384009 0.879899 0.0238516 0.867147 0.0157009 0.896536
0 0.385069 0.671562 0.387317 0.650458 0.375526 0.646489 0.373278 0.667593
0 0.294325 0.818104 0.29871 0.79541 0.290129 0.79017 0.285744 0.812864
0 0.919725 0.760707 0.924917 0.734728 0.897864 0.717639 0.892672 0.743619
0 0.561692 0.985924 0.56474 0.962671 0.551476 0.957175 0.548427 0.980429
0 0.0358475 0.940991 0.0535502 0.920154 0.0470636 0.902737 0.029361 0.923574
0 1.0082 0.767529 1.00121 0.686892 0.94604 0.702014 0.953033 0.782651
0 0.634119 0.935161 0.63708 0.907568 0.623008 0.902796 0.620047 0.930388
0 0.361315 0.816833 0.371745 0.792237 0.356713 0.772092 0.346284 0.796688
0 0.182117 0.895048 0.185231 0.875825 0.176662 0.871438 0.173548 0.89066
0 0.31004 0.93655 0.31663 0.912716 0.305448 0.902945 0.298858 0.926779
0 0.664681 0.764951 0.666759 0.738667 0.653611 0.735383 0.651534 0.761667
0 0.463763 0.888002 0.466801 0.864633 0.45265 0.858819 0.449612 0.882188
0 0.315202 0.958106 0.326962 0.930192 0.314238 0.913251 0.302478 0.941165
0 0.577011 0.769099 0.580178 0.75044 0.567632 0.74371 0.564466 0.762369
0 0.620141 0.99813 0.628927 0.981911 0.615118 0.958272 0.606333 0.97449
0 0.390661 0.65057 0.391686 0.625061 0.376849 0.623177 0.375824 0.648686
0 0.37936 0.907024 0.392799 0.885782 0.375512 0.851216 0.362073 0.872458
0 0.145981 0.526828 0.147158 0.508674 0.13761 0.506717 0.136433 0.524871
0 0.503992 0.846901 0.511268 0.818475 0.497056 0.806977 0.489779 0.835402
0 0.0726672 1.0088 0.07988 0.989895 0.0698426 0.977792 0.0626298 0.996698
0 0.481268 0.933372 0.490852 0.916357 0.475419 0.888883 0.465835 0.905898
0 0.234614 0.987181 0.237954 0.966227 0.226423 0.960418 0.223083 0.981373
0 0.0470764 0.627279 0.0555026 0.598076 0.0446423 0.588172 0.036216 0.617376
0 0.0302102 0.726744 0.0280942 0.697875 0.00236458 0.703836 0.00448064 0.732705
0 0.475342 0.782875 0.477889 0.759372 0.463654 0.754497 0.461107 0.778001
0 0.299687 0.703847 0.300711 0.684926 0.288636 0.682862 0.287613 0.701782
0 0.278442 0.874515 0.285571 0.842129 0.262038 0.825758 0.254909 0.858144
0 0.179114 0.585903 0.180336 0.561843 0.164492 0.559299 0.163269 0.583359
0 0.676018 0.766429 0.679441 0.74627 0.666263 0.739198 0.66284 0.759358
0 0.279823 0.953047 0.287102 0.924524 0.278097 0.91726 0.270818 0.945783
0 0.190814 0.913312 0.199339 0.890684 0.188679 0.877991 0.180154 0.900619
0 0.0381229 0.658405 0.0591676 0.640366 0.0530955 0.617978 0.0320507 0.636017
0 0.520923 0.784777 0.524854 0.767586 0.511362 0.757836 0.507432 0.775027
0 0.635444 0.828904 0.637459 0.811168 0.625663 0.806931 0.623648 0.824667
0 0.0380853 0.768308 0.0411494 0.743624 0.0285572 0.738684 0.0254931 0.763368
0 0.059416 0.710694 0.0754118 0.651904 0.0449749 0.625731 0.0289791 0.684521
0 0.0577954 0.632382 0.0722641 0.611029 0.0648493 0.59515 0.0503806 0.616504
0 0.246009 0.746543 0.250186 0.724435 0.24003 0.718371 0.235853 0.74048
0 0.193333 0.96055 0.199341 0.931668 0.188832 0.924758 0.182823 0.95364
0 0.161448 0.638041 0.163474 0.619066 0.151737 0.615106 0.149711 0.63408
0 0.47728 0.745133 0.481654 0.725332 0.467014 0.715111 0.46264 0.734911
0 0.142178 0.619198 0.145071 0.598769 0.132112 0.592969 0.129219 0.613398
0 0.165021 0.852893 0.169932 0.832551 0.159039 0.82424 0.154128 0.844582
0 0.295145 0.766003 0.301191 0.745762 0.292629 0.737678 0.286582 0.757919
0 0.2385 0.798985 0.242055 0.782937 0.232356 0.776146 0.228801 0.792194
0 0.555751 0.732446 0.558471 0.696195 0.539685 0.69174 0.536965 0.727991
0 0.173153 0.87893 0.176283 0.862258 0.165539 0.855883 0.162409 0.872555
0 0.263743 0.762001 0.264867 0.744477 0.254716 0.74242 0.253593 0.759944
0 0.284996 0.763058 0.28837 0.746017 0.27829 0.73971 0.274916 0.756752
0 0.30848 0.749653 0.31335 0.731545 0.304869 0.724337 0.299999 0.742445
0 0.366841 0.968787 0.367826 0.922656 0.338919 0.920706 0.337934 0.966836
0 0.570917 0.670788 0.572882 0.650459 0.560243 0.646597 0.558278 0.666926
0 0.140097 0.593804 0.141784 0.571403 0.127723 0.568056 0.126036 0.590457
0 0.263155 0.804268 0.264085 0.780522 0.245344 0.778201 0.244413 0.801947
0 0.399424 0.719702 0.402598 0.694644 0.38643 0.688172 0.383256 0.71323
0 0.293613 0.785651 0.297439 0.765783 0.286164 0.758921 0.282338 0.778789
0 0.379739 0.835454 0.393325 0.816877 0.385949 0.799829 0.372363 0.818406
0 0.362064 0.679261 0.362965 0.659755 0.348731 0.657677 0.34783 0.677183
0 0.358211 0.750517 0.361327 0.727967 0.346206 0.721363 0.34309 0.743912
0 0.649477 1.00777 0.658514 0.957341 0.63044 0.94144 0.621402 0.991872
0 0.0532773 0.835725 0.0641022 0.806965 0.0558418 0.797139 0.0450168 0.825898
0 0.126652 0.648011 0.124049 0.567674 0.0628261 0.573943 0.0654288 0.65428
0 0.563942 0.964883 0.567191 0.935583 0.550738 0.929816 0.547488 0.959116
0 0.118741 0.973718 0.121059 0.950912 0.104715 0.945663 0.102398 0.968469
0 0.353605 0.880894 0.356102 0.849631 0.340048 0.845577 0.33755 0.87684
0 0.222988 0.811494 0.225831 0.788346 0.214044 0.783771 0.211201 0.80692
0 0.245116 0.787142 0.24628 0.768253 0.23528 0.766111 0.234116 0.784999
0 0.166008 0.620694 0.168477 0.604131 0.158172 0.599276 0.155703 0.61584
0 0.237879 0.620705 0.244262 0.6035 0.234906 0.592528 0.228522 0.609733
0 0.555858 0.865765 0.565091 0.84256 0.553925 0.828518 0.544692 0.851724
0 0.184466 0.85417 0.192469 0.830012 0.183319 0.82043 0.175315 0.844589
0 0.518969 0.868022 0.524904 0.83977 0.508563 0.82892 0.502628 0.857173
0 0.607685 0.770326 0.61794 0.755459 0.601319 0.719224 0.591064 0.734091
0 0.122105 0.93224 0.124342 0.912806 0.11145 0.908118 0.109214 0.927551
0 0.0353703 0.84614 0.0538695 0.814439 0.0436919 0.795668 0.0251927 0.827369
0 0.609129 0.977788 0.620205 0.960382 0.602315 0.924408 0.59124 0.941814
0 0.175806 0.860648 0.180613 0.837452 0.170477 0.830813 0.16567 0.85401
0 0.186873 0.827491 0.190735 0.80365 0.17957 0.797934 0.175708 0.821776
0 0.0560602 0.996107 0.059488 0.970228 0.0457541 0.964479 0.0423263 0.990358
0 0.517646 0.927017 0.524935 0.911234 0.512399 0.892934 0.50511 0.908717
0 0.30101 0.630245 0.302262 0.610396 0.291391 0.608228 0.290138 0.628077
0 0.557335 0.652813 0.554672 0.628731 0.534338 0.635838 0.537001 0.65992
0 0.0075768 0.969384 0.0123756 0.943283 0.00169924 0.937079 -0.00309956 0.963181
0 0.172351 0.784629 0.171932 0.768227 0.160807 0.769127 0.161226 0.785529
0 0.164588 0.828771 0.1654 0.810987 0.152949 0.809191 0.152137 0.826975
0 0.0387279 0.979585 0.0445889 0.952855 0.030214 0.942893 0.024353 0.969623
0 0.0895033 0.878496 0.0932627 0.855749 0.0789978 0.848298 0.0752385 0.871045
0 0.011308 0.934474 0.0211842 0.904858 0.0105365 0.893636 0.000660267 0.923252
0 0.285308 0.802771 0.291996 0.782998 0.2802 0.770388 0.273512 0.790161
0 0.346706 0.806434 0.357483 0.767202 0.34402 0.755515 0.333244 0.794747
0 0.577023 0.789133 0.57968 0.773878 0.567669 0.767268 0.565012 0.782523
0 0.00976558 0.818482 0.0121508 0.796804 0.00104701 0.792943 -0.00133818 0.814621
0 0.205959 0.969029 0.216929 0.927104 0.202231 0.914951 0.191262 0.956876
0 0.470445 0.817917 0.473971 0.792405 0.46048 0.786512 0.456954 0.812024
0 0.176513 1.01426 0.196207 0.982604 0.181159 0.953015 0.161465 0.984671
0 0.654746 0.839101 0.665463 0.821656 0.653206 0.797859 0.64249 0.815304
0 0.3148 1.00517 0.315735 0.981361 0.301497 0.979593 0.300562 1.0034
0 0.651719 0.892656 0.657441 0.86336 0.644473 0.855356 0.638751 0.884652
0 0.112979 0.705963 0.112478 0.679497 0.0780956 0.681555 0.0785967 0.70802
0 0.0102975 1.00788 0.0114078 0.984239 1.14448e-05 0.982548 -0.00109876 1.00619
0 0.188397 0.70206 0.189011 0.68276 0.17511 0.681362 0.174496 0.700662
0 0.0742324 0.867355 0.0826718 0.838743 0.0717497 0.828562 0.0633103 0.857174
0 0.532488 0.783853 0.540095 0.764609 0.525214 0.746017 0.517607 0.765262
0 0.997947 0.645742 1.00445 0.626461 0.990795 0.6119 0.984291 0.631181
0 0.0139288 0.630727 0.0145154 0.613105 0.00254176 0.611845 0.00195516 0.629467
0 0.142955 0.82143 0.146219 0.798166 0.130038 0.790991 0.126774 0.814256
0 0.237725 1.01021 0.243176 0.987727 0.230386 0.977926 0.224934 1.00041
0 0.12498 0.124833 0.137578 0.111251 0.116049 0.0481412 0.103452 0.0617232
0 0.150335 0.697937 0.150274 0.679237 0.136608 0.67938 0.13667 0.698079
0 0.0705933 0.844775 0.0761337 0.821849 0.0638038 0.812432 0.0582634 0.835358
0 0.153029 0.542644 0.153719 0.523308 0.140488 0.521817 0.139799 0.541153
0 0.147753 0.928573 0.152904 0.909541 0.14447 0.902328 0.13932 0.92136
0 0.0876921 0.944159 0.0891205 0.918162 0.0726046 0.915294 0.0711763 0.941291
0 0.145468 0.711939 0.145667 0.694361 0.133311 0.693919 0.133113 0.711497
0 0.283337 0.816785 0.286558 0.797117 0.276683 0.792007 0.273463 0.811675
0 0.684473 0.751303 0.686625 0.731211 0.672981 0.726595 0.67083 0.746687
0 0.563169 0.94017 0.565927 0.912884 0.54966 0.907687 0.546902 0.934973
0 0.567079 0.805521 0.56908 0.783941 0.557474 0.78054 0.555473 0.80212
0 0.366564 0.834121 0.382284 0.814163 0.374832 0.795612 0.359112 0.815571
0 0.599989 0.872244 0.603762 0.840831 0.588705 0.835117 0.584932 0.86653
0 0.0467448 0.898967 0.0540337 0.88009 0.0454295 0.86959 0.0381406 0.888467
0 0.249121 0.606365 0.251925 0.587419 0.241728 0.582649 0.238924 0.601595
0 0.17038 0.327362 0.174563 0.215554 0.111596 0.208109 0.107413 0.319918
0 0.300605 0.867319 0.304336 0.842647 0.292488 0.836985 0.288757 0.861657
0 0.0528897 0.868379 0.0642022 0.841465 0.0558615 0.830385 0.044549 0.857299
0 0.528722 0.748983 0.529033 0.723053 0.516249 0.722569 0.515939 0.748499
0 0.975442 0.656029 0.982844 0.623551 0.961636 0.608274 0.954233 0.640751
0 0.214955 0.928661 0.224187 0.895225 0.207975 0.881077 0.198742 0.914512
0 0.235554 0.758744 0.244078 0.744856 0.238471 0.733981 0.229947 0.747868
0 0.272818 0.768513 0.276678 0.752934 0.26752 0.745761 0.263659 0.76134
0 0.612854 0.924539 0.615706 0.903376 0.593909 0.894093 0.591057 0.915257
0 0.298041 0.902669 0.305768 0.875642 0.295874 0.866701 0.288146 0.893727
0 0.301529 0.605932 0.301601 0.590245 0.291037 0.590091 0.290964 0.605778
0 0.0337833 0.814518 0.0402373 0.793069 0.030748 0.784045 0.024294 0.805494
0 0.225316 0.74586 0.229442 0.726936 0.219671 0.720202 0.215544 0.739125
0 0.0651171 0.631452 0.0972679 0.58935 0.0869399 0.564424 0.0547892 0.606526
0 0.166058 0.897085 0.171236 0.877857 0.1611 0.869232 0.155923 0.88846
0 0.202145 0.604398 0.20266 0.585414 0.189227 0.584261 0.188711 0.603245
0 0.217219 0.63818 0.217734 0.611321 0.201723 0.610351 0.201208 0.63721
0 0.628053 0.75385 0.63075 0.729571 0.616662 0.724623 0.613964 0.748902
0 0.188804 0.885464 0.19409 0.868778 0.186418 0.861097 0.181133 0.877784
0 0.0352647 0.924675 0.0426636 0.899461 0.0320579 0.889625 0.0246589 0.914838
0 0.665831 0.729025 0.677541 0.702826 0.659048 0.676702 0.647338 0.702902
0 0.0355523 0.65562 0.0409954 0.639352 0.0318865 0.62972 0.0264434 0.645988
0 0.648822 0.588702 0.65303 0.566067 0.642287 0.559755 0.638079 0.58239
0 0.46268 0.71565 0.465689 0.689784 0.450139 0.684066 0.447129 0.709932
0 0.272278 0.834485 0.273801 0.816533 0.262004 0.813369 0.260481 0.831321
0 0.0409772 0.719163 0.042525 0.700184 0.0255721 0.695814 0.0240243 0.714793
0 0.117298 0.575868 0.121836 0.55779 0.10754 0.54645 0.103002 0.564528
0 0.56267 0.70243 0.570904 0.674459 0.547475 0.65266 0.53924 0.680631
0 0.0412408 0.741991 0.0451134 0.716539 0.0319441 0.710206 0.0280715 0.735658
0 0.656602 0.860917 0.657801 0.839872 0.646614 0.837857 0.645415 0.858903
0 0.148142 0.561101 0.148842 0.546544 0.140057 0.545209 0.139357 0.559766
0 0.318266 0.991696 0.321112 0.961895 0.307458 0.957775 0.304612 0.987576
0 0.187735 0.87565 0.192005 0.856167 0.182297 0.849443 0.178027 0.868926
0 0.691033 0.815401 0.691067 0.78849 0.673719 0.788421 0.673685 0.815332
0 0.258468 1.0046 0.265503 0.977995 0.253241 0.967746 0.246205 0.994351
0 0.23656 0.721303 0.239117 0.699379 0.226292 0.694653 0.223736 0.716577
0 0.671058 0.679261 0.679796 0.636429 0.649272 0.616748 0.640534 0.65958
0 0.702564 0.754372 0.705339 0.733395 0.691266 0.727512 0.688491 0.74849
0 0.490422 0.84054 0.495508 0.81265 0.482237 0.805 0.47715 0.832891
0 0.553958 0.638121 0.55606 0.613471 0.54016 0.609187 0.538059 0.633837
0 0.145229 0.612613 0.146056 0.594259 0.133415 0.592458 0.132587 0.610811
0 0.284296 0.900253 0.293207 0.878666 0.284243 0.866971 0.275332 0.888557
0 0.0890959 0.323891 0.0929786 0.257998 0.0441758 0.248909 0.040293 0.314803
0 0.51891 0.851353 0.524843 0.825446 0.509777 0.814541 0.503844 0.840449
0 0.120914 0.690321 0.126099 0.653069 0.0998264 0.641513 0.0946418 0.678765
0 0.22253 0.974672 0.225541 0.949765 0.211779 0.944507 0.208768 0.969414
0 0.162805 0.938929 0.170757 0.918988 0.160692 0.906301 0.152739 0.926242
0 0.649606 0.844217 0.655907 0.824097 0.642021 0.810354 0.63572 0.830474
0 0.287783 0.634923 0.292053 0.616571 0.2764 0.605059 0.272129 0.623411
0 0.583824 0.93141 0.593619 0.914112 0.581422 0.892285 0.571627 0.909583
0 0.011604 0.765787 0.0250633 0.744865 0.0179135 0.730329 0.00445429 0.751251
0 0.0780224 0.929392 0.0780458 0.900417 0.0593475 0.900369 0.059324 0.929344
0 0.163693 0.70188 0.166074 0.684793 0.154291 0.679602 0.151909 0.696689
0 0.0623511 0.609086 0.0704194 0.576895 0.0573137 0.566514 0.0492454 0.598705
0 0.578624 0.819322 0.579567 0.801088 0.568626 0.799299 0.567682 0.817533
0 0.375466 0.736925 0.375645 0.715079 0.358887 0.714645 0.358708 0.736491
0 0.127614 0.993501 0.131179 0.965854 0.116347 0.95981 0.112782 0.987457
0 0.316263 0.761078 0.321178 0.744607 0.312708 0.736618 0.307793 0.753089
0 0.0493838 1.00618 0.0502284 0.98913 0.0371691 0.987085 0.0363244 1.00413
