0 0.465402 0.944867 0.481517 0.891585 0.458423 0.86951 0.442308 0.922792
0 0.34139 1.01177 0.365642 0.982615 0.354317 0.95284 0.330066 0.981991
0 0.169531 0.965793 0.175272 0.926566 0.155938 0.917623 0.150198 0.956851
0 0.1922 0.716777 0.19323 0.680374 0.170611 0.678352 0.169581 0.714755
0 0.110357 0.764373 0.113031 0.741059 0.0940223 0.734169 0.0913486 0.757483
0 0.291173 1.00696 0.292361 0.977397 0.27266 0.974894 0.271472 1.00445
0 0.186956 0.658274 0.19014 0.636747 0.177365 0.630775 0.174181 0.652301
0 0.0563979 0.835217 0.068437 0.789734 0.0479062 0.772559 0.0358671 0.818042
0 0.0211105 0.586373 0.0481255 0.559979 0.0379632 0.527106 0.0109482 0.5535
0 0.259765 0.673517 0.330201 0.58042 0.291161 0.487069 0.220725 0.580166
0 0.139458 0.870087 0.163014 0.80879 0.136771 0.776915 0.113214 0.838212
0 0.496784 0.748453 0.511889 0.727603 0.49517 0.689323 0.480065 0.710173
0 0.522686 0.897971 0.522149 0.861535 0.499533 0.862589 0.50007 0.899025
0 0.232433 0.947708 0.241564 0.92369 0.231236 0.911281 0.222105 0.935299
0 0.0985445 1.0012 0.129031 0.963921 0.114202 0.925598 0.0837157 0.962881
0 0.183979 0.905195 0.195114 0.87521 0.183772 0.861897 0.172636 0.891882
0 0.193765 0.684189 0.202111 0.671042 0.190069 0.646883 0.181723 0.66003
0 0.153086 0.982201 0.150331 0.918543 0.126852 0.921754 0.129607 0.985413
0 0.146591 0.743166 0.15189 0.713367 0.136476 0.704704 0.131176 0.734502
0 0.0422061 0.867382 0.0519423 0.851221 0.0380765 0.824819 0.0283403 0.84098
0 0.055095 0.777689 0.0769344 0.749276 0.0670371 0.725233 0.0451977 0.753646
0 0.292304 0.936116 0.302771 0.901032 0.287461 0.886596 0.276994 0.921679
0 0.214453 0.729033 0.216126 0.70466 0.202822 0.701774 0.201149 0.726146
0 0.423692 0.879253 0.430362 0.843273 0.406471 0.829275 0.399801 0.865255
0 0.580398 0.799631 0.586019 0.761862 0.5698 0.754235 0.56418 0.792004
0 0.092377 0.90763 0.0926242 0.880389 0.0706982 0.87976 0.070451 0.907001
0 0.231565 0.899121 0.247031 0.878951 0.240141 0.862256 0.224676 0.882426
0 0.0901845 0.951376 0.0906151 0.905526 0.0673706 0.904836 0.06694 0.950686
0 0.202769 0.906451 0.21807 0.863906 0.20155 0.845128 0.186249 0.887673
0 0.16822 0.626982 0.173149 0.606661 0.158214 0.595212 0.153285 0.615533
0 0.259926 1.0085 0.266739 0.984087 0.25611 0.974711 0.249296 0.999126
0 0.231432 0.976876 0.235374 0.950294 0.221956 0.944004 0.218014 0.970587
0 0.611071 0.960743 0.604044 0.861914 0.535619 0.877292 0.542646 0.97612
0 0.198642 0.571513 0.200039 0.551568 0.185845 0.548425 0.184447 0.56837
0 0.180705 0.592992 0.181409 0.566937 0.167837 0.565778 0.167133 0.591833
0 0.363073 0.777417 0.369595 0.740305 0.356885 0.733246 0.350363 0.770358
0 0.0553422 0.858366 0.0740951 0.842051 0.0686995 0.82245 0.0499465 0.838765
0 0.262677 0.933098 0.268693 0.901508 0.256001 0.893869 0.249985 0.925459
0 0.0441874 0.706497 0.0552378 0.687738 0.0473493 0.673051 0.0362989 0.691811
0 0.144183 0.686819 0.15464 0.661003 0.145066 0.648746 0.134609 0.674562
0 0.114653 0.817854 0.138284 0.798028 0.131144 0.771134 0.107513 0.79096
0 0.314653 0.945179 0.333098 0.884766 0.308492 0.861024 0.290048 0.921437
0 0.0616257 0.719025 0.0675499 0.692346 0.0541046 0.68291 0.0481804 0.709589
0 0.12192 1.01922 0.142338 0.979139 0.125186 0.951528 0.104769 0.991613
0 0.44703 0.855413 0.456524 0.825499 0.441261 0.810188 0.431767 0.840102
0 0.0740884 0.677145 0.0734317 0.651603 0.0560811 0.653013 0.0567379 0.678555
0 0.452209 0.873196 0.464964 0.846458 0.453696 0.829469 0.440941 0.856208
0 0.334276 0.882908 0.335883 0.863088 0.323907 0.860018 0.3223 0.879838
0 0.246919 0.974357 0.255111 0.948666 0.245864 0.939348 0.237672 0.965039
0 0.152952 0.891706 0.166475 0.858623 0.154027 0.84254 0.140504 0.875624
0 0.149564 1.01274 0.166614 0.980965 0.152907 0.957718 0.135857 0.98949
0 0.446539 0.91355 0.456578 0.877339 0.443276 0.865683 0.433236 0.901893
0 0.237853 0.874128 0.238344 0.829384 0.213968 0.828538 0.213476 0.873282
0 0.0423855 0.898053 0.0565885 0.868465 0.046058 0.852489 0.0318551 0.882078
0 0.346485 0.616124 0.34879 0.594926 0.338721 0.591465 0.336415 0.612663
0 0.240359 0.984392 0.24823 0.96247 0.238286 0.951186 0.230415 0.973108
0 0.323274 0.862527 0.327753 0.8386 0.317547 0.832563 0.313068 0.85649
0 0.372562 0.839724 0.378801 0.818213 0.365384 0.805914 0.359145 0.827425
0 0.169159 1.00539 0.180922 0.973708 0.169238 0.959997 0.157474 0.991681
0 0.345305 0.889729 0.348262 0.868511 0.336427 0.863297 0.333469 0.884515
0 0.495824 0.853508 0.498464 0.825217 0.48275 0.820581 0.480109 0.848872
0 0.363991 0.965442 0.36319 0.938573 0.343078 0.940469 0.343879 0.967337
0 0.0687052 0.724339 0.0745029 0.701332 0.0662745 0.694779 0.0604767 0.717786
0 0.125492 0.767344 0.126987 0.748741 0.11564 0.745858 0.114145 0.764461
0 0.243072 0.811906 0.243326 0.790548 0.229686 0.790034 0.229431 0.811392
0 0.126119 0.90521 0.145624 0.885376 0.13901 0.864818 0.119505 0.884652
0 0.0791034 0.825207 0.113401 0.793106 0.106272 0.769032 0.0719742 0.801133
0 0.37324 0.98748 0.378105 0.962859 0.363757 0.953898 0.358892 0.978519
0 0.190798 1.01189 0.217233 0.962353 0.195012 0.924875 0.168576 0.974414
0 0.481659 0.871016 0.480439 0.850607 0.458535 0.854745 0.459754 0.875154
0 0.199357 0.636347 0.202 0.618017 0.191536 0.613249 0.188893 0.631579
0 0.250024 0.90847 0.256134 0.884328 0.243448 0.874182 0.237339 0.898324
0 0.283957 0.908341 0.28948 0.888746 0.273067 0.874123 0.267543 0.893717
0 0.0942949 0.889493 0.106025 0.859476 0.0953057 0.846237 0.0835757 0.876254
0 0.0267122 1.00259 0.0723063 0.95987 0.0606988 0.920714 0.0151046 0.963431
0 0.22422 0.637466 0.225752 0.612032 0.206125 0.608295 0.204593 0.63373
0 0.256794 0.978044 0.264319 0.954834 0.255449 0.945746 0.247925 0.968956
0 0.244466 0.954784 0.253598 0.93159 0.243509 0.919036 0.234377 0.942229
0 0.0701066 0.821137 0.0843522 0.793453 0.0723682 0.773963 0.0581226 0.801647
0 0.0490746 0.726551 0.0524989 0.706453 0.0415546 0.70056 0.0381302 0.720658
0 0.346052 0.674324 0.347426 0.657933 0.337648 0.655343 0.336274 0.671734
0 0.0454051 0.745185 0.0458325 0.722106 0.0308327 0.721228 0.0304054 0.744307
0 0.498249 0.822433 0.498745 0.794079 0.4828 0.793196 0.482304 0.821551
0 0.205342 1.01376 0.224824 0.994944 0.217316 0.970374 0.197834 0.989188
0 0.467043 0.881106 0.467951 0.855883 0.452715 0.854149 0.451807 0.879372
0 0.200475 0.724194 0.200337 0.706336 0.187744 0.706644 0.187883 0.724503
0 0.347937 0.767476 0.35622 0.750937 0.343075 0.73013 0.334791 0.746669
0 0.453083 0.826279 0.459213 0.80328 0.443872 0.790357 0.437742 0.813355
0 0.373779 0.700469 0.376475 0.683261 0.364378 0.677271 0.361682 0.694479
0 0.466906 0.75338 0.470796 0.735468 0.461573 0.729139 0.457684 0.747051
0 0.268803 0.973714 0.279322 0.949042 0.26991 0.936359 0.25939 0.961031
0 0.0412695 0.821369 0.0419351 0.796084 0.025849 0.794745 0.0251835 0.82003
0 0.17892 0.970737 0.204761 0.924868 0.192362 0.902791 0.166521 0.94866
0 0.210994 0.753091 0.207398 0.717773 0.182073 0.725923 0.185669 0.761241
0 0.422214 0.932043 0.430603 0.900247 0.419327 0.890845 0.410938 0.922641
0 0.0466511 0.78288 0.049381 0.756406 0.0342052 0.75146 0.0314753 0.777935
0 0.241322 0.707342 0.243652 0.68794 0.227806 0.681924 0.225476 0.701326
0 0.420479 0.713497 0.422548 0.694053 0.410346 0.689949 0.408277 0.709393
0 0.137032 0.700541 0.138673 0.684139 0.129681 0.681296 0.12804 0.697698
0 0.174489 0.933469 0.187351 0.905296 0.178021 0.891833 0.165159 0.920005
0 0.266254 0.830023 0.268227 0.80684 0.254245 0.803079 0.252272 0.826262
0 0.175481 0.857563 0.196367 0.843089 0.191355 0.820228 0.170468 0.834702
0 0.107683 0.901038 0.110387 0.875983 0.0961424 0.871125 0.0934388 0.89618
0 0.112521 0.744273 0.114322 0.727238 0.102583 0.723316 0.100782 0.740351
0 0.473339 0.858624 0.478788 0.839229 0.468796 0.830357 0.463347 0.849752
0 0.47117 0.797112 0.472038 0.774354 0.458745 0.772752 0.457877 0.795509
0 0.0758382 1.01109 0.077397 0.964242 0.0399174 0.960301 0.0383586 1.00715
0 0.13356 0.728076 0.134468 0.704766 0.121307 0.703146 0.120399 0.726456
0 0.13376 0.756292 0.136377 0.733603 0.123831 0.729031 0.121215 0.751719
0 0.0888328 0.81149 0.117415 0.786204 0.11062 0.761928 0.0820376 0.787214
0 0.358537 0.74408 0.362782 0.723349 0.353103 0.717085 0.348858 0.737816
0 0.187918 0.878678 0.196659 0.851701 0.183696 0.838426 0.174955 0.865402
0 0.158287 0.908934 0.163765 0.884759 0.153315 0.877275 0.147837 0.901449
0 0.325969 0.621197 0.32378 0.57817 0.305407 0.581124 0.307595 0.624151
0 0.979288 1.05604 1.00315 0.886783 0.794251 0.793688 0.770385 0.962943
0 0.117546 0.900342 0.128895 0.876589 0.117453 0.85931 0.106104 0.883063
0 0.0944136 0.843035 0.117549 0.826835 0.112253 0.802934 0.089118 0.819134
0 0.149261 0.634176 0.153376 0.616328 0.143556 0.609174 0.139442 0.627021
0 0.247692 0.796781 0.252536 0.774267 0.242288 0.767298 0.237444 0.789813
0 0.226735 0.835913 0.23036 0.813198 0.21852 0.807227 0.214896 0.829942
0 0.143014 0.782951 0.143163 0.756337 0.127111 0.756052 0.126961 0.782666
0 0.434622 0.872363 0.441284 0.849539 0.432189 0.841149 0.425527 0.863973
0 0.255868 0.814384 0.257838 0.791676 0.246545 0.78858 0.244575 0.811288
0 0.192527 0.617636 0.19535 0.60047 0.18504 0.595111 0.182217 0.612277
0 0.245874 0.836549 0.247406 0.812723 0.233045 0.809806 0.231514 0.833632
0 0.159135 0.698862 0.165627 0.677612 0.154253 0.666631 0.147762 0.687881
0 0.0131332 0.533656 0.0155297 0.511587 0.00059189 0.50646 -0.00180457 0.528529
0 0.0964812 0.744048 0.0966055 0.724034 0.0835084 0.723777 0.0833841 0.743791
0 0.0202215 0.975433 0.0201056 0.942009 0.00111539 0.942218 0.0012313 0.975641
0 0.233454 0.628906 0.235561 0.611465 0.224095 0.607087 0.221988 0.624528
0 0.345575 0.941045 0.357605 0.902503 0.345204 0.89027 0.333174 0.928813
0 0.168806 0.875961 0.180203 0.85425 0.170375 0.837946 0.158979 0.859657
0 0.46093 0.771949 0.464566 0.753199 0.454861 0.747251 0.451225 0.766
0 0.481756 0.489324 0.483264 0.438664 0.453731 0.435886 0.452223 0.486545
0 0.509714 0.843977 0.5099 0.811534 0.493031 0.811229 0.492845 0.843672
0 0.157641 0.725036 0.165149 0.706237 0.157646 0.696766 0.150138 0.715565
0 0.0844386 0.751302 0.0901975 0.729918 0.079911 0.721163 0.074152 0.742547
0 0.222293 0.747113 0.233675 0.720427 0.223958 0.707329 0.212576 0.734015
0 0.187933 0.788668 0.18934 0.745543 0.158854 0.742401 0.157448 0.785526
0 0.578511 0.829254 0.585429 0.807142 0.565037 0.786977 0.558119 0.809089
0 0.169445 0.909814 0.182899 0.880844 0.170715 0.862962 0.157262 0.891931
0 0.0814639 0.732384 0.0820276 0.712013 0.069171 0.710888 0.0686073 0.731259
0 0.0594691 0.737568 0.0641184 0.715293 0.0536475 0.708385 0.0489982 0.73066
0 0.282663 0.856884 0.284622 0.841037 0.273662 0.836756 0.271703 0.852603
0 0.124761 0.876199 0.131459 0.851562 0.119052 0.840903 0.112355 0.86554
0 0.364365 0.811124 0.372076 0.795505 0.360573 0.777558 0.352862 0.793177
0 0.369572 0.716249 0.371475 0.698345 0.360373 0.694616 0.35847 0.71252
0 0.445085 0.94803 0.451936 0.926674 0.442282 0.916886 0.435432 0.938242
0 0.512742 0.865101 0.517101 0.839746 0.503953 0.832603 0.499595 0.857957
0 0.56286 0.870846 0.566355 0.835755 0.547486 0.829815 0.543991 0.864907
0 0.16993 0.769972 0.19108 0.729518 0.175183 0.703252 0.154033 0.743706
0 0.466342 0.847266 0.474081 0.828874 0.463961 0.815414 0.456221 0.833806
0 0.207933 0.675397 0.214165 0.65571 0.206243 0.647785 0.200011 0.667471
0 0.0923348 1.00654 0.0988953 0.980813 0.0774231 0.963506 0.0708627 0.989231
0 0.0792319 0.647745 0.0861071 0.621498 0.0735236 0.61108 0.0666484 0.637327
0 0.0395627 0.759735 0.0404402 0.740404 0.027646 0.738568 0.0267685 0.7579
0 0.208074 0.939055 0.222214 0.905223 0.21195 0.891666 0.197811 0.925498
0 0.356877 0.791872 0.358335 0.771147 0.347632 0.768767 0.346174 0.789493
0 0.608037 0.859025 0.62559 0.817678 0.597161 0.779534 0.579608 0.820882
0 0.0175279 0.853421 0.0254544 0.83389 0.0149147 0.820371 0.00698828 0.839902
0 0.296153 0.986888 0.298293 0.939496 0.276559 0.936394 0.274419 0.983786
0 0.295628 0.895019 0.297217 0.87356 0.285136 0.870733 0.283547 0.892191
0 0.06157 0.886936 0.0773913 0.855733 0.0679117 0.840542 0.0520905 0.871745
0 0.342322 0.802785 0.347699 0.78231 0.338195 0.774423 0.332819 0.794898
0 0.0349764 0.624773 0.0324006 0.58918 -0.00167822 0.596974 0.000897567 0.632567
0 0.209919 0.583519 0.211093 0.571069 0.202868 0.568618 0.201694 0.581068
0 0.516857 0.965468 0.530318 0.95322 0.512618 0.891738 0.499157 0.903985
0 0.248237 0.91805 0.251161 0.898814 0.238498 0.892731 0.235574 0.911967
0 0.0137958 0.809679 0.013276 0.787226 -0.00113669 0.78828 -0.000616838 0.810734
0 0.568375 0.852876 0.575189 0.839768 0.564049 0.821468 0.557236 0.834575
0 0.496527 0.875128 0.497655 0.849742 0.482164 0.847568 0.481036 0.872954
0 0.17385 0.68276 0.175547 0.66259 0.165808 0.66 0.164111 0.680171
0 0.213135 0.696037 0.215154 0.679593 0.206129 0.676093 0.204111 0.692537
0 0.0830846 0.766697 0.0884367 0.750195 0.07964 0.741178 0.0742879 0.757679
0 0.321647 1.00047 0.322864 0.963566 0.305557 0.961762 0.30434 0.998663
0 0.383126 0.733169 0.384103 0.712 0.370127 0.709962 0.369151 0.731131
0 0.134079 0.883103 0.146594 0.86346 0.138672 0.847507 0.126156 0.86715
0 0.16114 0.933211 0.171265 0.89936 0.159246 0.887997 0.14912 0.921848
0 0.388429 0.771302 0.39126 0.753008 0.379163 0.747093 0.376332 0.765387
0 0.535713 0.697121 0.538193 0.678652 0.52645 0.673668 0.52397 0.692137
0 0.0216097 0.553337 0.0237559 0.528354 0.00763729 0.523977 0.00549107 0.548961
0 0.197625 0.5027 0.204007 0.484183 0.196253 0.475737 0.189871 0.494254
0 0.0114092 0.598979 0.012964 0.575078 0.000698369 0.572557 -0.000856361 0.596458
0 0.463238 0.814718 0.466775 0.794683 0.455938 0.788635 0.4524 0.80867
0 0.388859 0.710928 0.392551 0.693279 0.382619 0.686711 0.378926 0.704359
0 0.0355409 0.541528 0.0374101 0.526214 0.0244913 0.521231 0.0226221 0.536544
0 0.0894332 0.603511 0.0895855 0.578321 0.0745303 0.578033 0.074378 0.603223
0 0.0902276 0.716931 0.0919636 0.698407 0.0794771 0.694709 0.0777411 0.713233
0 0.551684 0.694178 0.55713 0.66377 0.543121 0.655841 0.537675 0.686248
0 0.182738 0.674601 0.185791 0.657895 0.174795 0.651543 0.171742 0.66825
0 0.122677 0.711382 0.123568 0.694738 0.110164 0.692471 0.109273 0.709115
0 0.0796224 0.603623 0.0792397 0.581738 0.0623387 0.582672 0.0627213 0.604557
0 0.270151 0.34593 0.279961 0.320574 0.246975 0.28024 0.237165 0.305596
0 0.075426 0.980001 0.0804333 0.954723 0.0658909 0.945618 0.0608836 0.970897
0 0.374688 0.962131 0.375637 0.941811 0.361629 0.939744 0.36068 0.960064
0 0.108788 0.63192 0.110492 0.612574 0.100436 0.609776 0.0987322 0.629121
0 0.103197 0.964596 0.139052 0.922231 0.1222 0.877153 0.0863446 0.919517
0 0.233908 0.64752 0.235931 0.627829 0.224528 0.624127 0.222505 0.643818
0 0.228002 0.296589 0.238297 0.258987 0.211895 0.23614 0.2016 0.273742
0 0.0829837 0.851726 0.098929 0.832901 0.0900947 0.809251 0.0741493 0.828077
0 0.103706 0.507203 0.105144 0.486915 0.0879462 0.483062 0.0865081 0.50335
0 0.189899 0.80032 0.198534 0.781221 0.189792 0.768728 0.181157 0.787827
0 0.260564 0.511358 0.26857 0.48004 0.245871 0.4617 0.237865 0.493018
0 0.58873 0.774059 0.598832 0.743994 0.576335 0.720103 0.566233 0.750168
0 0.261587 0.66588 0.275341 0.643993 0.265883 0.625208 0.252129 0.647096
0 0.432674 0.844595 0.44087 0.81731 0.431451 0.808368 0.423254 0.835653
0 0.444381 0.145822 0.455503 0.113494 0.441359 0.0981157 0.430237 0.130443
0 0.312432 0.88241 0.316757 0.861822 0.306492 0.855007 0.302167 0.875594
0 0.042207 0.802033 0.0456537 0.780746 0.0328695 0.774203 0.0294228 0.795491
0 0.0151217 1.00423 0.0158968 0.972172 -0.000146034 0.970946 -0.000921149 1.00301
0 0.472254 0.819513 0.474284 0.799306 0.462313 0.795505 0.460283 0.815712
0 0.378703 0.756566 0.389383 0.737589 0.381333 0.723269 0.370653 0.742247
0 0.111027 0.296236 0.107715 0.251835 0.0871216 0.25669 0.0904336 0.301091
0 0.239253 1.0061 0.243014 0.982734 0.228978 0.975595 0.225217 0.998965
0 0.442223 0.757617 0.445588 0.740011 0.435415 0.733864 0.432049 0.751469
0 0.220205 0.543305 0.222134 0.528616 0.213777 0.525148 0.211848 0.539837
0 0.0752142 0.567452 0.0768778 0.552216 0.0666962 0.548702 0.0650326 0.563939
0 0.383882 0.673126 0.386698 0.656875 0.37574 0.650875 0.372924 0.667125
0 0.334827 0.777462 0.339772 0.751631 0.329464 0.745394 0.324519 0.771225
0 0.150037 0.615071 0.153291 0.59283 0.140634 0.586979 0.137381 0.609219
0 0.196501 0.587147 0.196984 0.571409 0.187237 0.570464 0.186754 0.586202
0 0.23311 0.794195 0.236546 0.775765 0.227644 0.77052 0.224208 0.788949
0 0.529747 0.866493 0.536607 0.845145 0.526642 0.835024 0.519782 0.856371
0 0.0219731 0.930764 0.0227076 0.904268 0.00652441 0.90285 0.00578988 0.929346
0 0.0492708 0.975242 0.0705432 0.92127 0.0432756 0.887303 0.0220031 0.941275
0 0.27736 0.90186 0.281255 0.882302 0.265801 0.872575 0.261906 0.892132
0 0.172357 0.652326 0.173817 0.637643 0.164597 0.634746 0.163137 0.649428
0 0.136175 0.667391 0.142879 0.651746 0.136144 0.642624 0.129439 0.65827
0 0.237719 0.544066 0.240336 0.524775 0.23147 0.520973 0.228853 0.540265
0 0.217734 0.945449 0.231007 0.917606 0.222731 0.905136 0.209458 0.93298
0 0.217058 0.998645 0.229022 0.97116 0.219136 0.957559 0.207171 0.985043
0 0.369272 1.01265 0.3831 0.991627 0.373823 0.97234 0.359995 0.993361
0 0.207664 0.777437 0.209586 0.751259 0.192262 0.74724 0.190341 0.773418
0 0.217261 0.678497 0.222908 0.661204 0.216005 0.65408 0.210358 0.671372
0 0.332034 0.810299 0.337012 0.790074 0.328431 0.783399 0.323453 0.803624
0 0.320941 0.562004 0.322831 0.546894 0.310445 0.541997 0.308554 0.557107
0 0.21874 0.658915 0.221555 0.640576 0.211766 0.635828 0.208951 0.654167
0 0.499409 0.799169 0.496467 0.766439 0.474937 0.772556 0.477879 0.805287
0 0.679856 0.691364 0.682374 0.620947 0.642368 0.616426 0.63985 0.686843
0 0.415305 0.953414 0.422477 0.924494 0.412822 0.916925 0.405649 0.945846
0 0.310539 0.968496 0.317796 0.943968 0.30595 0.932892 0.298693 0.95742
0 0.45202 0.720492 0.452714 0.702352 0.442652 0.701136 0.441959 0.719275
0 0.0710662 0.657622 0.0756306 0.632382 0.0638291 0.625637 0.0592646 0.650877
0 0.460032 0.702336 0.464525 0.683662 0.455221 0.676588 0.450729 0.695262
0 0.0604225 0.799929 0.0632817 0.777865 0.0478202 0.771533 0.044961 0.793597
0 0.227224 0.894003 0.229643 0.871754 0.215738 0.866974 0.213318 0.889223
0 0.0720494 0.698137 0.0765448 0.679726 0.06719 0.672507 0.0626946 0.690918
0 0.209706 0.670852 0.21749 0.652906 0.209725 0.642262 0.201941 0.660207
0 0.303829 0.978596 0.303032 0.937584 0.287807 0.93852 0.288604 0.979532
0 0.265156 0.95083 0.269002 0.92915 0.256257 0.922003 0.25241 0.943682
0 0.148404 0.930771 0.15626 0.901012 0.145254 0.891828 0.137398 0.921587
0 0.308883 0.474872 0.310547 0.437185 0.269214 0.431416 0.267549 0.469102
0 0.197333 0.86219 0.20595 0.839264 0.197734 0.829504 0.189117 0.85243
0 0.45039 0.76945 0.453712 0.749696 0.443811 0.744434 0.44049 0.764188
0 0.199177 0.547922 0.202097 0.529196 0.192963 0.524694 0.190043 0.54342
0 0.543989 0.923361 0.546785 0.861437 0.522777 0.85801 0.51998 0.919934
0 0.335934 0.589965 0.337296 0.571515 0.326774 0.56906 0.325412 0.58751
0 0.381216 0.735428 0.388252 0.71517 0.37916 0.705189 0.372123 0.725446
0 0.0934178 0.787167 0.105317 0.766578 0.0969323 0.751261 0.0850326 0.77185
0 0.225592 0.936314 0.238069 0.91165 0.228272 0.895988 0.215796 0.920652
0 0.045906 0.605499 0.0475419 0.584329 0.0339643 0.581013 0.0323285 0.602183
0 0.349841 0.815866 0.354284 0.793798 0.344297 0.787444 0.339855 0.809512
0 0.194163 0.353729 0.210885 0.314141 0.176525 0.268269 0.159802 0.307858
0 0.544235 0.725177 0.554806 0.706363 0.542227 0.684026 0.531656 0.702839
0 0.0929016 0.666938 0.0959433 0.645552 0.0830844 0.639771 0.0800427 0.661157
0 0.310303 0.585046 0.313333 0.561848 0.303636 0.557845 0.300606 0.581043
0 0.232346 0.773947 0.23852 0.755357 0.231146 0.747615 0.224971 0.766205
0 0.0772745 0.89745 0.0804299 0.871056 0.0659142 0.865571 0.0627588 0.891966
0 0.182156 0.608691 0.183321 0.592741 0.174235 0.590643 0.17307 0.606592
0 0.366148 0.875213 0.366749 0.852031 0.349151 0.850588 0.34855 0.87377
0 0.239946 0.665272 0.244051 0.648853 0.234175 0.641049 0.23007 0.657467
0 0.120201 0.82962 0.125489 0.807839 0.114735 0.799587 0.109447 0.821368
0 0.303501 0.94205 0.305374 0.912245 0.290121 0.909216 0.288248 0.939021
0 0.196474 0.815564 0.203042 0.79522 0.194866 0.786879 0.188298 0.807222
0 0.528381 0.873786 0.530298 0.847085 0.511846 0.842899 0.509929 0.869599
0 0.131158 0.657694 0.132741 0.637704 0.12209 0.635038 0.120506 0.655027
0 0.707182 0.750549 0.707432 0.721392 0.687631 0.720856 0.687381 0.750012
0 0.386115 0.920006 0.390116 0.902056 0.377201 0.892958 0.373201 0.910908
0 0.304243 0.52823 0.308247 0.475704 0.264726 0.46522 0.260723 0.517747
0 0.0487028 0.68223 0.0504083 0.665896 0.037913 0.661772 0.0362075 0.678106
0 0.0701916 0.583439 0.0707294 0.568637 0.0622063 0.567658 0.0616685 0.58246
0 0.0715172 0.744791 0.0791059 0.723734 0.0708139 0.714289 0.0632252 0.735346
0 0.557244 0.837641 0.558728 0.809872 0.541293 0.806927 0.539809 0.834696
0 0.451483 0.877609 0.459577 0.847768 0.447406 0.837335 0.439312 0.867176
0 0.0467343 0.630162 0.0477225 0.611114 0.0351592 0.609054 0.034171 0.628103
0 0.318723 0.957925 0.332525 0.929503 0.32143 0.912474 0.307628 0.940895
0 0.138853 0.923615 0.145954 0.894445 0.134838 0.885892 0.127737 0.915062
0 0.145586 0.586934 0.14699 0.571721 0.138591 0.569272 0.137187 0.584484
0 0.607617 0.979194 0.61176 0.955308 0.593301 0.945189 0.589159 0.969076
0 0.101235 0.703069 0.102322 0.68425 0.0923199 0.682425 0.0912333 0.701244
0 0.264119 0.898414 0.265611 0.877456 0.254643 0.874987 0.25315 0.895946
0 0.120846 0.747078 0.122266 0.73013 0.114329 0.728028 0.112909 0.744976
0 0.290678 0.949048 0.292058 0.924203 0.279195 0.921943 0.277814 0.946789
0 0.311574 0.855665 0.314683 0.836945 0.305011 0.831869 0.301903 0.850589
0 0.154836 0.853761 0.168547 0.838039 0.162966 0.822656 0.149255 0.838379
0 0.221168 0.763041 0.226798 0.746989 0.220339 0.739828 0.214709 0.75588
0 0.379879 0.793345 0.386033 0.768731 0.370331 0.756324 0.364177 0.780938
0 0.0621646 0.658808 0.0660082 0.632584 0.0509898 0.625627 0.0471463 0.651851
0 0.274867 0.997069 0.279136 0.970013 0.266634 0.963778 0.262364 0.990834
0 0.32292 0.838029 0.324994 0.821364 0.314786 0.817348 0.312712 0.834013
0 0.322066 0.583654 0.323348 0.562707 0.311611 0.560437 0.310329 0.581384
0 0.497856 0.772892 0.507326 0.752908 0.490196 0.72725 0.480725 0.747233
0 0.218067 0.561743 0.221448 0.547159 0.210526 0.539157 0.207145 0.553741
0 0.417065 1.00334 0.417423 0.979908 0.402321 0.979178 0.401962 1.00261
0 0.248682 0.546469 0.252197 0.521885 0.242851 0.517661 0.239336 0.542245
0 0.10951 0.725958 0.11051 0.709399 0.100833 0.707553 0.0998337 0.724113
0 0.159873 0.675568 0.163811 0.654241 0.152484 0.647632 0.148546 0.668958
0 0.456281 0.791591 0.459655 0.767928 0.446155 0.761846 0.442782 0.785509
0 0.142617 0.713181 0.144281 0.694601 0.1324 0.691236 0.130735 0.709817
0 0.163707 0.670793 0.168324 0.654109 0.158371 0.645405 0.153754 0.662089
0 0.515885 0.761077 0.518697 0.740809 0.504701 0.734674 0.501889 0.754942
0 0.202849 0.856344 0.211726 0.838635 0.204609 0.82736 0.195732 0.845069
0 0.125976 0.787309 0.129446 0.768296 0.117084 0.761165 0.113614 0.780178
0 0.50231 0.979445 0.519438 0.963091 0.505391 0.916596 0.488263 0.93295
0 0.0374338 0.656153 0.0439675 0.636348 0.0346729 0.626657 0.0281391 0.646462
0 0.0816391 0.849036 0.0941159 0.828272 0.083107 0.807365 0.0706302 0.828129
0 0.337513 0.921109 0.343941 0.894037 0.333532 0.886226 0.327104 0.913298
0 0.350348 0.545932 0.352063 0.52441 0.339974 0.521365 0.338259 0.542887
0 0.86626 0.724745 0.866183 0.698077 0.848115 0.698243 0.848192 0.72491
0 0.430641 0.954749 0.434969 0.930952 0.424392 0.924873 0.420064 0.948669
0 0.278881 0.939758 0.281265 0.914434 0.267126 0.910227 0.264742 0.935551
0 0.032909 0.793971 0.0342244 0.772819 0.0208693 0.770194 0.0195538 0.791346
0 0.573211 0.845099 0.578153 0.828074 0.564654 0.815689 0.559711 0.832714
0 0.178956 0.0999282 0.201743 0.0799798 0.179727 0.000494052 0.15694 0.0204425
0 0.729253 0.76135 0.730582 0.732076 0.715597 0.729927 0.714269 0.7592
0 0.213489 0.760754 0.219434 0.743957 0.211169 0.734713 0.205224 0.75151
0 0.117077 0.49565 0.122727 0.484031 0.113082 0.469209 0.107432 0.480829
0 0.197341 0.698826 0.200522 0.682303 0.187986 0.674677 0.184805 0.6912
0 0.114051 0.576765 0.11664 0.562075 0.108209 0.55738 0.105621 0.572069
0 0.260782 0.533773 0.265057 0.508661 0.253084 0.502219 0.248809 0.527331
0 0.495897 0.912638 0.499515 0.8785 0.480043 0.871978 0.476425 0.906116
0 0.437128 0.907956 0.445877 0.877145 0.434635 0.867057 0.425886 0.897868
0 0.149348 0.771802 0.153767 0.750109 0.140757 0.741732 0.136337 0.763426
0 0.0265009 0.750762 0.0272466 0.732263 0.015104 0.730716 0.0143582 0.749215
0 0.148274 0.657392 0.15247 0.642239 0.14456 0.635317 0.140364 0.65047
0 0.376685 0.770705 0.380869 0.746588 0.369314 0.740252 0.36513 0.764369
0 0.42725 0.160496 0.437131 0.123681 0.413854 0.103937 0.403974 0.140752
0 0.424929 0.82944 0.427874 0.807916 0.417549 0.803451 0.414604 0.824976
0 0.0898301 0.624068 0.0935768 0.606997 0.0851823 0.601174 0.0814355 0.618245
0 0.525582 0.851937 0.528819 0.829182 0.517874 0.824261 0.514637 0.847016
0 0.0677708 0.628284 0.0709737 0.608216 0.059556 0.602457 0.056353 0.622525
0 0.343071 0.710371 0.345712 0.695967 0.336118 0.690407 0.333477 0.704811
0 0.155402 0.742906 0.1641 0.724363 0.157793 0.715013 0.149095 0.733557
0 0.408815 0.785614 0.413233 0.766442 0.395137 0.753262 0.390719 0.772434
0 0.3513 0.658277 0.352822 0.641068 0.341613 0.637937 0.340092 0.655146
0 0.0945148 0.566762 0.0947228 0.548966 0.0830288 0.548534 0.0828208 0.56633
0 0.377054 0.950352 0.381423 0.92613 0.364879 0.916701 0.360511 0.940923
0 0.391352 0.757612 0.395877 0.7424 0.386805 0.733873 0.382281 0.749084
0 0.768239 1.0069 0.807346 0.911014 0.735385 0.818262 0.696279 0.914152
0 0.0381859 0.731042 0.0395453 0.705215 0.0249327 0.702784 0.0235733 0.728611
0 0.251791 0.697484 0.253944 0.679113 0.242549 0.674893 0.240397 0.693264
0 0.161945 0.639608 0.163894 0.622449 0.154025 0.618907 0.152076 0.636066
0 0.327131 0.20486 0.345222 0.189358 0.331176 0.137551 0.313085 0.153054
0 0.0933479 0.572283 0.0940209 0.554184 0.0836364 0.552963 0.0829634 0.571063
0 0.536393 0.850407 0.542341 0.832003 0.53434 0.823831 0.528392 0.842235
