0 0.406306 0.926437 0.424006 0.889288 0.409264 0.867089 0.391564 0.904239
0 0.212208 0.905008 0.220684 0.836155 0.190739 0.824504 0.182263 0.893358
0 0.217148 0.930525 0.214503 0.891599 0.188079 0.897273 0.190724 0.936199
0 0.28939 0.931593 0.275043 0.831664 0.206328 0.862844 0.220675 0.962773
0 0.209669 0.96732 0.230434 0.92713 0.214895 0.901757 0.19413 0.941947
0 0.427137 0.880014 0.425071 0.825118 0.391648 0.829092 0.393714 0.883989
0 0.359457 0.919061 0.365855 0.836129 0.32222 0.82549 0.315822 0.908422
0 0.169153 0.959089 0.197815 0.904916 0.18087 0.876582 0.152209 0.930755
0 0.33984 0.954852 0.354387 0.926355 0.34254 0.907242 0.327993 0.93574
0 0.908635 0.650138 0.902472 0.607975 0.870126 0.622918 0.876289 0.66508
0 0.0903184 1.00564 0.106766 0.976594 0.0948246 0.955224 0.0783771 0.984271
0 0.299048 0.579667 0.301654 0.530326 0.271708 0.525327 0.269102 0.574668
0 0.310681 0.864199 0.313264 0.836358 0.29467 0.830906 0.292088 0.858748
0 0.489057 0.871328 0.49375 0.832677 0.473742 0.824999 0.469049 0.863651
0 0.296261 0.874848 0.297589 0.841707 0.276951 0.839095 0.275623 0.872235
0 0.830387 0.685703 0.842083 0.634584 0.820922 0.619282 0.809226 0.6704
0 0.511591 0.873431 0.511633 0.824131 0.487918 0.824067 0.487876 0.873367
0 0.984743 1.07661 1.02467 0.845999 0.806713 0.726737 0.766787 0.957346
0 0.376272 0.760543 0.377494 0.733274 0.361481 0.731006 0.36026 0.758275
0 0.429019 0.805008 0.429717 0.768386 0.411212 0.767272 0.410514 0.803893
0 0.513934 0.945484 0.532241 0.89599 0.497747 0.855665 0.47944 0.905159
0 0.486335 0.915138 0.489938 0.865024 0.457648 0.857687 0.454045 0.907801
0 0.506356 1.01098 0.519861 0.973657 0.502073 0.953315 0.488568 0.990638
0 0.535245 0.967124 0.54357 0.936223 0.52984 0.924532 0.521515 0.955433
0 0.178284 1.03003 0.262321 0.993693 0.253921 0.932285 0.169883 0.968618
0 0.87933 0.717978 0.888051 0.67376 0.84866 0.649207 0.83994 0.693426
0 0.268183 0.977755 0.290094 0.925152 0.271455 0.900614 0.249544 0.953217
0 0.669074 0.55032 0.674643 0.504742 0.651859 0.495943 0.64629 0.541521
0 0.447886 0.884415 0.470762 0.866224 0.464809 0.842563 0.441933 0.860753
0 0.790984 1.0275 0.838878 0.939479 0.749068 0.785031 0.701174 0.87305
0 0.570275 0.897026 0.572863 0.871607 0.554922 0.865834 0.552334 0.891253
0 0.272552 0.825591 0.285044 0.793614 0.273348 0.779173 0.260856 0.811151
0 0.456638 0.861221 0.467782 0.822757 0.443195 0.800245 0.432052 0.838709
0 0.176907 0.816194 0.205702 0.78352 0.19221 0.74594 0.163415 0.778614
0 0.280529 0.78443 0.29034 0.752144 0.278578 0.740848 0.268767 0.773134
0 0.299309 0.833683 0.305994 0.779772 0.283119 0.770808 0.276435 0.824718
0 0.537456 1.01055 0.5527 0.989515 0.536193 0.951698 0.520949 0.972728
0 0.548153 0.879555 0.555221 0.853397 0.5387 0.839288 0.531632 0.865446
0 0.363962 0.938983 0.369822 0.90936 0.353548 0.899186 0.347688 0.928809
0 0.565208 0.864716 0.569523 0.821665 0.548911 0.815134 0.544595 0.858186
0 0.494969 0.829556 0.495744 0.807821 0.482093 0.806284 0.481319 0.828019
0 0.389069 0.950902 0.40267 0.913499 0.390088 0.899038 0.376487 0.936441
0 0.545962 0.940299 0.550643 0.918008 0.535963 0.908264 0.531281 0.930555
0 0.313934 0.810776 0.317635 0.783974 0.302863 0.777529 0.299163 0.804332
0 0.180193 0.969829 0.20065 0.934928 0.188435 0.912299 0.167978 0.9472
0 0.536854 0.867794 0.538907 0.837994 0.519732 0.83382 0.517679 0.86362
0 0.410904 0.750188 0.411259 0.716257 0.391206 0.715592 0.390851 0.749523
0 0.341452 0.810485 0.349192 0.779474 0.333115 0.766792 0.325374 0.797802
0 0.367382 0.928899 0.405362 0.90377 0.384522 0.804225 0.346542 0.829355
0 0.628165 0.611013 0.626896 0.564579 0.61076 0.565973 0.612029 0.612406
0 0.58519 0.784248 0.589613 0.75611 0.573484 0.748099 0.569062 0.776237
0 0.441856 0.781132 0.446933 0.740991 0.423696 0.731703 0.418619 0.771843
0 0.212514 0.76647 0.215664 0.73063 0.19451 0.724754 0.19136 0.760594
0 0.406583 0.947437 0.418716 0.924052 0.407976 0.90644 0.395842 0.929825
0 0.612717 0.613238 0.614525 0.579283 0.599619 0.576773 0.59781 0.610728
0 0.300511 0.752682 0.30097 0.728895 0.284477 0.72789 0.284018 0.751676
0 0.873906 0.668784 0.877549 0.646176 0.850507 0.632406 0.846865 0.655015
0 0.617641 0.718953 0.628834 0.68364 0.615691 0.670473 0.604498 0.705786
0 0.412624 0.836885 0.413998 0.813087 0.398513 0.810262 0.39714 0.834061
0 0.322106 0.93958 0.331891 0.901431 0.318562 0.890625 0.308777 0.928775
0 0.478713 1.00964 0.485833 0.98527 0.467348 0.968198 0.460228 0.992566
0 0.412394 0.530807 0.413634 0.493083 0.391929 0.490829 0.390689 0.528552
0 0.519347 0.881544 0.523708 0.852234 0.513128 0.847259 0.508767 0.876569
0 0.550521 0.973193 0.556031 0.939663 0.541704 0.932223 0.536195 0.965752
0 0.52021 0.994701 0.529406 0.976882 0.516317 0.955534 0.507121 0.973352
0 0.465563 1.00723 0.465159 0.948956 0.425706 0.949821 0.426111 1.0081
0 0.408328 0.789779 0.409538 0.764853 0.395009 0.762624 0.393799 0.78755
0 0.53838 0.914481 0.54146 0.888266 0.525753 0.882433 0.522673 0.908649
0 0.61891 0.899092 0.648441 0.850556 0.613223 0.782833 0.583692 0.831368
0 0.284078 0.739719 0.285631 0.719117 0.272587 0.716009 0.271034 0.736611
0 0.363104 0.772945 0.366163 0.75199 0.353322 0.746065 0.350263 0.76702
0 0.607652 0.662794 0.619369 0.645102 0.60735 0.619943 0.595632 0.637635
0 0.443184 0.869325 0.448575 0.841051 0.432799 0.831543 0.427408 0.859818
0 0.465149 0.950727 0.479696 0.937351 0.467254 0.894587 0.452707 0.907963
0 0.223094 0.550447 0.22401 0.518442 0.203707 0.516606 0.202791 0.548611
0 0.601792 0.629852 0.605545 0.609798 0.591155 0.601288 0.587403 0.621342
0 0.152684 0.915284 0.184533 0.889836 0.173991 0.848138 0.142142 0.873586
0 0.63901 0.461994 0.632819 0.426791 0.603663 0.442997 0.609854 0.4782
0 0.433464 0.898933 0.442528 0.870577 0.430242 0.858165 0.421178 0.886521
0 0.522974 0.965846 0.527003 0.9361 0.512764 0.930005 0.508735 0.959751
0 0.26409 0.79688 0.273229 0.773794 0.264002 0.762248 0.254862 0.785334
0 0.628685 0.54418 0.630529 0.521512 0.617522 0.518166 0.615677 0.540835
0 0.827136 0.773618 0.835863 0.736195 0.797744 0.708098 0.789016 0.745521
0 0.31489 0.889946 0.324259 0.859103 0.311303 0.846664 0.301934 0.877507
0 0.297834 0.718814 0.299 0.693068 0.281098 0.690505 0.279932 0.716252
0 0.560473 0.983892 0.562626 0.956473 0.549977 0.953334 0.547824 0.980753
0 0.463532 0.958609 0.468389 0.925891 0.452343 0.918363 0.447486 0.951081
0 0.643512 0.59238 0.645813 0.566047 0.629439 0.561525 0.627138 0.587858
0 0.409756 0.974426 0.416921 0.952707 0.407565 0.942952 0.4004 0.964671
0 0.0753291 0.985747 0.0797793 0.964134 0.067665 0.956251 0.0632148 0.977863
0 0.476394 0.849386 0.477943 0.792336 0.457228 0.790558 0.455679 0.847609
0 0.454174 0.934989 0.461758 0.907833 0.449237 0.896782 0.441653 0.923939
0 0.781119 0.586204 0.78392 0.546991 0.762732 0.542206 0.75993 0.58142
0 0.542063 0.845972 0.548152 0.809705 0.517229 0.793296 0.51114 0.829564
0 0.345621 0.687584 0.351179 0.664555 0.340346 0.65629 0.334788 0.67932
0 0.706945 0.703622 0.707958 0.679366 0.693538 0.677462 0.692525 0.701717
0 0.382018 0.744614 0.384566 0.725749 0.372943 0.720788 0.370396 0.739653
0 0.567283 0.962691 0.569057 0.936477 0.553122 0.933068 0.551347 0.959282
0 0.35648 0.796642 0.367621 0.774529 0.358437 0.759903 0.347295 0.782017
0 0.397771 0.989093 0.403177 0.957246 0.389516 0.949918 0.38411 0.981765
0 0.361377 0.751775 0.364621 0.728465 0.3541 0.723839 0.350856 0.747149
0 0.488411 0.79628 0.494791 0.766786 0.482179 0.758164 0.475799 0.787659
0 0.549121 0.895886 0.552392 0.874831 0.538521 0.868021 0.535251 0.889077
0 0.394482 0.550254 0.399951 0.523683 0.382968 0.512634 0.377499 0.539205
0 0.270095 0.685339 0.292822 0.668261 0.28767 0.646591 0.264943 0.663669
0 0.765255 0.759808 0.773486 0.729175 0.751739 0.710708 0.743509 0.741342
0 0.282305 0.855191 0.280093 0.816207 0.256852 0.820375 0.259064 0.859359
0 0.374248 0.787169 0.379248 0.763741 0.367417 0.75576 0.362417 0.779189
0 0.403487 0.718078 0.405282 0.694071 0.391806 0.690886 0.390011 0.714894
0 0.633884 0.714365 0.645033 0.699043 0.62979 0.663987 0.618641 0.679309
0 0.707704 0.795114 0.720889 0.758715 0.691355 0.724902 0.67817 0.761301
0 0.461029 0.747629 0.467838 0.705869 0.449061 0.696194 0.442253 0.737954
0 0.528581 0.350328 0.529875 0.301056 0.502632 0.298793 0.501337 0.348066
0 0.134142 0.999848 0.171438 0.966086 0.159617 0.924816 0.122321 0.958578
0 0.164724 0.875091 0.192456 0.850496 0.185273 0.824902 0.157542 0.849497
0 0.392041 1.00469 0.392455 0.980725 0.374886 0.979764 0.374471 1.00373
0 0.359671 0.670065 0.362925 0.645066 0.34928 0.639452 0.346026 0.664451
0 0.59694 0.743247 0.599044 0.722266 0.588518 0.718931 0.586415 0.739913
0 0.83023 0.744846 0.840422 0.711224 0.804156 0.676477 0.793963 0.710099
0 0.221663 0.817916 0.243193 0.789289 0.232986 0.765026 0.211455 0.793654
0 0.582893 0.699691 0.589939 0.67639 0.571205 0.658486 0.564159 0.681787
0 0.52772 0.771174 0.538351 0.74317 0.525924 0.72826 0.515293 0.756264
0 0.488104 0.996971 0.494458 0.97009 0.483003 0.961533 0.476649 0.988413
0 0.599759 0.691372 0.606619 0.660045 0.585177 0.645205 0.578317 0.676531
0 0.859987 0.619227 0.866319 0.595007 0.847547 0.579496 0.841215 0.603715
0 0.623754 0.941188 0.626343 0.917341 0.609417 0.911533 0.606828 0.93538
0 0.636312 0.562216 0.638697 0.535717 0.626045 0.532117 0.62366 0.558616
0 0.584522 0.982181 0.595743 0.939024 0.581905 0.927653 0.570684 0.97081
0 0.994842 0.623643 1.00244 0.600078 0.977853 0.575037 0.970258 0.598601
0 0.589661 0.808068 0.603229 0.778511 0.593191 0.763947 0.579623 0.793504
0 0.0123325 0.911995 0.0236744 0.884768 0.0118301 0.869175 0.000488267 0.896402
0 0.531791 0.937331 0.536889 0.906199 0.52359 0.899316 0.518492 0.930448
0 0.603953 0.729786 0.610176 0.706733 0.601109 0.698999 0.594887 0.722053
0 0.415884 0.960155 0.428362 0.933023 0.418732 0.919025 0.406254 0.946156
0 0.441935 0.826725 0.443696 0.794064 0.427393 0.791285 0.425632 0.823946
0 0.578037 0.856943 0.581237 0.837983 0.567183 0.830486 0.563983 0.849445
0 0.650071 0.555063 0.653254 0.526008 0.641152 0.521819 0.637969 0.550874
0 0.584355 0.75802 0.587638 0.734579 0.57121 0.727307 0.567927 0.750747
0 0.452093 0.805857 0.45391 0.785314 0.436619 0.780481 0.434802 0.801024
0 0.588553 0.811049 0.596417 0.783833 0.583872 0.772377 0.576008 0.799593
0 0.6004 0.569887 0.602517 0.551907 0.5915 0.547809 0.589384 0.565789
0 0.145943 0.944946 0.159699 0.909462 0.144809 0.891218 0.131053 0.926702
0 0.434789 0.692893 0.439565 0.65948 0.417146 0.649351 0.412369 0.682764
0 0.322335 0.668155 0.325849 0.636649 0.311184 0.63148 0.30767 0.662986
0 0.0412388 0.481085 0.0400524 0.435732 -0.00135303 0.439155 -0.000166688 0.484508
0 0.598504 0.87021 0.600623 0.843846 0.581378 0.838957 0.579259 0.865321
0 0.204715 0.843199 0.221998 0.804545 0.206539 0.782701 0.189257 0.821355
0 0.30206 0.650748 0.304518 0.625517 0.286945 0.620107 0.284488 0.645338
0 0.274012 0.763739 0.28018 0.737858 0.269179 0.729571 0.26301 0.755451
0 0.858537 0.552334 0.860953 0.531247 0.847013 0.526199 0.844596 0.547285
0 0.592252 0.613685 0.596696 0.592975 0.583451 0.583993 0.579007 0.604703
0 0.389085 0.760927 0.394111 0.742539 0.38296 0.732907 0.377935 0.751295
0 0.57664 0.876361 0.578952 0.854205 0.560806 0.848219 0.558493 0.870376
0 0.593808 0.910449 0.60792 0.870646 0.59228 0.853119 0.578168 0.892923
0 0.259858 0.815441 0.267095 0.793373 0.257855 0.783797 0.250618 0.805865
0 0.419837 0.724753 0.432567 0.698127 0.420883 0.68047 0.408152 0.707096
0 0.447631 0.95818 0.452904 0.934817 0.437966 0.924162 0.432693 0.947525
0 0.138837 0.447199 0.146636 0.397165 0.101929 0.375137 0.0941289 0.425171
0 0.874966 0.590227 0.879638 0.569466 0.864717 0.558853 0.860045 0.579614
0 0.316194 0.84283 0.322258 0.821929 0.312077 0.812593 0.306013 0.833494
0 0.42016 0.93 0.430679 0.904849 0.421397 0.892578 0.410877 0.917729
0 0.181774 0.762592 0.182289 0.73582 0.165591 0.734805 0.165076 0.761577
0 0.479404 0.770287 0.482889 0.727897 0.459535 0.721829 0.45605 0.764218
0 0.461257 0.704698 0.479968 0.690564 0.467965 0.640347 0.449255 0.654481
0 0.291158 0.966891 0.2989 0.931402 0.286474 0.922835 0.278732 0.958324
0 0.312588 0.830933 0.317318 0.809371 0.307271 0.802405 0.30254 0.823966
0 0.188485 0.983362 0.205555 0.956435 0.195458 0.936206 0.178388 0.963134
0 0.188947 0.745825 0.189232 0.723996 0.176655 0.723476 0.176369 0.745305
0 0.150069 1.01225 0.179588 0.987337 0.17236 0.960263 0.142841 0.985171
0 0.321413 0.757508 0.321253 0.735197 0.305562 0.735554 0.305722 0.757865
0 0.62556 0.642354 0.626461 0.615008 0.613711 0.613681 0.61281 0.641026
0 0.364452 0.363361 0.36817 0.337194 0.342493 0.325663 0.338775 0.35183
0 0.708944 0.585597 0.711632 0.562392 0.69814 0.557453 0.695452 0.580657
0 0.126322 0.772775 0.125097 0.722465 0.0960522 0.7247 0.0972771 0.77501
0 0.805835 0.781409 0.813132 0.754748 0.783707 0.729296 0.77641 0.755956
0 0.89651 0.616325 0.896995 0.594201 0.884613 0.593343 0.884127 0.615467
0 0.442223 0.904161 0.451018 0.877637 0.441704 0.867875 0.432908 0.894399
0 0.370392 0.566252 0.398675 0.495876 0.373533 0.463942 0.34525 0.534317
0 0.890656 0.682033 0.893236 0.660589 0.880313 0.655677 0.877734 0.67712
0 0.299598 0.697106 0.303421 0.677964 0.288829 0.668754 0.285006 0.687896
0 0.273138 0.857397 0.270206 0.814748 0.242637 0.820738 0.245569 0.863387
0 0.564433 0.941467 0.571684 0.917931 0.560694 0.907231 0.553443 0.930766
0 0.376514 0.892923 0.405846 0.851298 0.376307 0.785512 0.346975 0.827137
0 0.335569 0.841465 0.338845 0.821136 0.32582 0.814502 0.322544 0.834831
0 0.0116667 0.932229 0.0140537 0.899869 -0.00085329 0.896394 -0.00324033 0.928754
0 0.684752 0.525925 0.687101 0.496888 0.670782 0.492715 0.668433 0.521751
0 0.595976 0.817901 0.606948 0.791682 0.598144 0.780039 0.587172 0.806258
0 0.845846 0.639812 0.851654 0.605523 0.819216 0.588157 0.813407 0.622446
0 0.0331487 1.01399 0.0460453 0.99891 0.0387719 0.979253 0.0258753 0.994334
0 0.305147 0.403197 0.301658 0.372203 0.27004 0.383452 0.273529 0.414446
0 0.561712 0.826546 0.564639 0.773819 0.534982 0.768615 0.532055 0.821343
0 0.735893 0.761695 0.739989 0.73104 0.717838 0.721686 0.713742 0.75234
0 0.0881446 0.35051 0.105443 0.32422 0.0862827 0.284375 0.0689843 0.310665
0 0.535573 0.765835 0.543816 0.745169 0.534737 0.733724 0.526494 0.75439
0 0.765503 0.725807 0.774991 0.701137 0.763195 0.686799 0.753707 0.711469
0 0.257614 0.673586 0.269762 0.648487 0.260825 0.634815 0.248677 0.659914
0 0.0183062 1.00809 0.0281828 0.965223 0.0104041 0.952275 0.000527436 0.995139
0 0.571398 0.972965 0.574007 0.944115 0.556583 0.939135 0.553974 0.967985
0 0.769826 0.558526 0.786892 0.530021 0.77611 0.50962 0.759044 0.538125
0 0.306653 0.393859 0.30325 0.364765 0.273787 0.375656 0.27719 0.40475
0 0.482129 0.779421 0.489894 0.735348 0.471352 0.725023 0.463587 0.769096
0 0.403264 0.828797 0.404053 0.802002 0.389135 0.800614 0.388346 0.827409
0 0.61928 0.995365 0.625801 0.974101 0.611204 0.959953 0.604683 0.981217
0 0.49328 0.74973 0.497985 0.719081 0.485704 0.713123 0.480999 0.743772
0 0.633633 0.635926 0.634562 0.614916 0.623911 0.613429 0.622983 0.634439
0 0.598014 1.00387 0.59806 0.978636 0.585423 0.978562 0.585376 1.0038
0 0.420817 0.986093 0.43011 0.960629 0.420952 0.950065 0.411658 0.975529
0 0.488305 0.688293 0.503781 0.634532 0.487977 0.620153 0.4725 0.673914
0 0.121538 0.929837 0.130487 0.90747 0.121803 0.896489 0.112854 0.918856
0 0.388566 0.792273 0.39096 0.772574 0.379593 0.768208 0.377199 0.787906
0 0.576584 0.767182 0.578897 0.750512 0.567956 0.745715 0.565644 0.762384
0 0.510483 0.95867 0.515209 0.930334 0.501749 0.923239 0.497023 0.951575
0 0.49342 0.978378 0.498091 0.957214 0.487262 0.949659 0.48259 0.970824
0 0.88359 0.629659 0.884469 0.605907 0.869613 0.60417 0.868734 0.627922
0 0.611335 0.695609 0.615959 0.674004 0.605999 0.667267 0.601375 0.688872
0 0.307237 0.967687 0.316576 0.949772 0.307391 0.934639 0.298052 0.952553
0 0.414856 0.76512 0.416834 0.744368 0.405407 0.740926 0.403429 0.761677
0 0.265186 0.995522 0.276992 0.972901 0.268873 0.959507 0.257066 0.982127
0 0.565334 1.00432 0.565823 0.979083 0.54815 0.978001 0.547661 1.00324
0 0.903762 0.697548 0.907411 0.673424 0.891793 0.665959 0.888144 0.690083
0 0.322621 0.40215 0.327167 0.380416 0.307407 0.367351 0.30286 0.389086
0 0.586884 1.0032 0.588087 0.975898 0.575212 0.974104 0.574009 1.00141
0 0.896533 0.75071 0.898083 0.730142 0.883547 0.726682 0.881998 0.74725
0 0.483069 0.970932 0.484408 0.947072 0.470493 0.944605 0.469155 0.968465
0 0.519539 0.855018 0.521075 0.828655 0.507744 0.826199 0.506207 0.852563
0 0.498948 0.969221 0.505669 0.936931 0.493937 0.929213 0.487216 0.961503
0 0.514587 0.841451 0.51661 0.815302 0.503759 0.812161 0.501737 0.83831
0 0.330056 0.939527 0.33901 0.911413 0.3288 0.901137 0.319847 0.929251
0 0.312495 0.785793 0.315685 0.76779 0.301959 0.760103 0.298769 0.778105
0 0.874592 0.640424 0.875011 0.619421 0.859776 0.61846 0.859357 0.639463
0 0.576058 0.951731 0.581675 0.924986 0.570207 0.917374 0.56459 0.944119
0 0.31435 0.906147 0.320974 0.878881 0.308144 0.869029 0.30152 0.896295
0 0.0482174 0.981789 0.0506131 0.958558 0.0378367 0.954394 0.035441 0.977625
0 0.624767 0.727289 0.632176 0.698366 0.620808 0.689163 0.613399 0.718086
0 0.57804 0.920206 0.584954 0.894474 0.572296 0.883725 0.565382 0.909457
0 0.365036 0.38392 0.366981 0.354007 0.348971 0.350307 0.347027 0.38022
0 0.585994 0.661983 0.589606 0.618997 0.560781 0.611344 0.55717 0.654329
0 0.595962 0.594293 0.599406 0.569758 0.588658 0.56499 0.585214 0.589525
0 0.348026 0.83443 0.352471 0.809489 0.333894 0.799027 0.329449 0.823968
0 0.662832 0.503841 0.664105 0.482279 0.650692 0.479776 0.649419 0.501338
0 0.321212 0.96528 0.329069 0.940247 0.319705 0.930958 0.311848 0.955991
0 0.636008 0.618318 0.637882 0.599165 0.627635 0.595996 0.625761 0.615149
0 0.582235 0.935838 0.593091 0.90297 0.582781 0.892209 0.571925 0.925076
0 0.527797 1.00568 0.528819 0.985227 0.513391 0.982791 0.51237 1.00324
0 0.615486 1.00654 0.617045 0.984271 0.599707 0.980433 0.598148 1.0027
0 0.355518 0.832254 0.366543 0.79111 0.349667 0.77682 0.338643 0.817963
0 0.76543 0.780862 0.770461 0.755837 0.743627 0.738788 0.738596 0.763814
0 0.112882 0.978746 0.133298 0.950693 0.125942 0.933771 0.105525 0.961824
0 0.638697 0.622134 0.642486 0.606089 0.633012 0.599017 0.629223 0.615062
0 0.400446 0.76625 0.402158 0.749364 0.391206 0.745854 0.389493 0.76274
0 0.084643 0.971044 0.0949445 0.948907 0.0859807 0.935723 0.0756792 0.95786
0 0.581577 0.851661 0.585977 0.830316 0.568784 0.819113 0.564383 0.840458
0 0.576107 0.720404 0.579861 0.696081 0.56665 0.689637 0.562896 0.713959
0 0.614008 0.67996 0.617976 0.659439 0.607003 0.652734 0.603035 0.673255
0 0.633889 0.675253 0.638908 0.659165 0.627928 0.648339 0.622909 0.664427
0 0.607388 0.748553 0.614028 0.727377 0.604045 0.717484 0.597405 0.73866
