0 0.991012 0.964242 1.00462 0.845574 0.799701 0.771306 0.786092 0.889974
0 0.837905 0.744227 0.841611 0.703106 0.822106 0.697551 0.8184 0.738672
0 0.169946 0.472526 0.209588 0.412963 0.136957 0.260187 0.0973148 0.319751
0 0.355725 1.00009 0.361388 0.953888 0.340322 0.945728 0.334659 0.991927
0 0.453279 0.780682 0.45263 0.749332 0.432263 0.750665 0.432912 0.782015
0 0.920881 0.69313 0.953578 0.651013 0.94018 0.618141 0.907483 0.660258
0 0.991775 0.499714 0.991305 0.457882 0.960369 0.458981 0.960839 0.500812
0 0.869043 0.760736 0.878621 0.730107 0.858934 0.71065 0.849356 0.741279
0 0.895923 0.630478 0.913052 0.595149 0.90092 0.576559 0.883791 0.611888
0 0.141931 0.285975 0.152768 0.228794 0.110919 0.203728 0.100082 0.260909
0 0.805013 0.733056 0.814916 0.708505 0.805879 0.696985 0.795976 0.721536
0 0.438731 0.693769 0.439961 0.675095 0.426564 0.672307 0.425334 0.690981
0 0.998231 0.599211 1.00198 0.573672 0.988594 0.567469 0.984849 0.593009
0 0.566244 0.796091 0.568088 0.761443 0.551793 0.758702 0.549949 0.793349
0 0.410802 0.881491 0.417345 0.839369 0.397771 0.82976 0.391228 0.871882
0 0.982834 0.571972 0.987663 0.554695 0.972123 0.540966 0.967293 0.558242
0 0.83982 0.699898 0.843614 0.679101 0.829966 0.671235 0.826173 0.692031
0 0.939311 0.462636 0.955322 0.441904 0.947302 0.422329 0.931291 0.443061
0 0.930357 0.535161 0.94056 0.511905 0.930334 0.497725 0.92013 0.52098
0 0.380458 0.949547 0.381311 0.909921 0.357364 0.908291 0.356511 0.947917
0 0.606744 0.729353 0.61296 0.707298 0.604884 0.700105 0.598669 0.72216
0 0.77659 0.745259 0.776095 0.716186 0.755896 0.717273 0.756391 0.746346
0 0.100474 0.533594 0.126339 0.474118 0.0816075 0.412636 0.0557422 0.472112
0 0.810179 0.251173 0.859207 0.220397 0.847619 0.162049 0.79859 0.192825
0 0.748644 0.754312 0.751463 0.73208 0.736478 0.726074 0.733659 0.748306
0 0.433361 0.670405 0.441073 0.643744 0.428559 0.632302 0.420847 0.658963
0 1.00452 0.534313 1.00825 0.490446 0.984634 0.484101 0.980905 0.527969
0 0.960395 0.541746 0.967076 0.520668 0.956459 0.510033 0.949778 0.531111
0 0.548759 0.860644 0.551177 0.840524 0.537752 0.835424 0.535334 0.855544
0 0.918764 0.595408 0.924108 0.574915 0.907527 0.561248 0.902182 0.581741
0 0.811313 0.699111 0.815665 0.675984 0.803891 0.66898 0.799538 0.692107
0 0.850793 0.682445 0.855055 0.657144 0.840459 0.649372 0.836196 0.674672
0 0.836271 0.789019 0.845157 0.76603 0.827609 0.744592 0.818723 0.767581
0 0.537773 0.713037 0.545901 0.68372 0.533313 0.672689 0.525185 0.702007
0 0.420083 0.752907 0.422926 0.734403 0.410211 0.728228 0.407367 0.746732
0 0.433133 0.74604 0.434871 0.724145 0.423692 0.72134 0.421954 0.743235
0 0.609887 0.764717 0.622699 0.747371 0.616573 0.73307 0.603761 0.750417
0 0.0575848 1.01074 0.0663387 0.959073 0.0472205 0.948835 0.0384666 1.0005
0 0.580104 0.779417 0.588249 0.751871 0.577503 0.741829 0.569358 0.769375
0 0.901925 0.589347 0.901197 0.562475 0.879943 0.564294 0.880672 0.591167
0 0.859341 0.718818 0.865199 0.703222 0.853453 0.689279 0.847595 0.704876
0 0.994285 0.552794 0.996628 0.529201 0.973952 0.522083 0.971609 0.545676
0 0.45052 0.742637 0.453209 0.721329 0.441271 0.716567 0.438581 0.737875
0 0.749005 0.772501 0.763627 0.753611 0.756926 0.737216 0.742304 0.756106
0 0.452068 0.681865 0.453208 0.662222 0.435531 0.658978 0.434391 0.678621
0 0.444936 0.883954 0.44509 0.859437 0.432474 0.859186 0.43232 0.883704
0 0.979312 0.728616 0.978997 0.693089 0.953136 0.693816 0.953452 0.729343
0 0.433008 0.717499 0.435591 0.692428 0.424437 0.688796 0.421854 0.713867
0 0.836285 0.674838 0.838301 0.656401 0.827498 0.652669 0.825483 0.671106
0 0.459244 0.664959 0.467031 0.646081 0.453558 0.628516 0.445771 0.647394
0 0.627127 0.80111 0.633108 0.765787 0.619463 0.758485 0.613482 0.793808
0 0.98863 0.328386 1.00826 0.305847 0.999525 0.281803 0.979895 0.304342
0 0.58127 0.89627 0.590619 0.853411 0.574492 0.842294 0.565143 0.885152
0 0.571529 0.761673 0.574669 0.730772 0.561509 0.726546 0.558369 0.757446
0 0.236504 0.840135 0.240479 0.742997 0.187173 0.736102 0.183197 0.833239
0 0.982592 0.611665 0.984527 0.593043 0.971477 0.588758 0.969542 0.607379
0 0.0319805 1.00793 0.052255 0.967985 0.0369419 0.943421 0.0166674 0.983368
0 0.935133 0.719391 0.979282 0.682427 0.967443 0.637738 0.923294 0.674701
0 0.982421 0.595077 0.987286 0.573165 0.973463 0.563465 0.968598 0.585377
0 0.99512 0.666978 1.00345 0.644032 0.980671 0.617892 0.97234 0.640838
0 0.790112 0.634209 0.798578 0.623308 0.790185 0.602709 0.781719 0.61361
0 0.981458 0.527777 0.985639 0.501099 0.968604 0.492662 0.964423 0.519339
0 0.544328 0.659658 0.544656 0.639529 0.531156 0.638833 0.530828 0.658962
0 0.0365192 0.960232 0.0556476 0.928568 0.0455611 0.90931 0.0264327 0.940974
0 0.905767 0.6322 0.923635 0.612765 0.916772 0.592826 0.898905 0.612261
0 0.967263 0.622809 0.973962 0.583654 0.951655 0.571593 0.944957 0.610749
0 0.425308 0.768173 0.427749 0.748216 0.41729 0.744174 0.41485 0.764131
0 0.27965 0.748937 0.284685 0.713556 0.262303 0.703491 0.257269 0.738872
0 1.00161 0.568914 1.00357 0.549006 0.990501 0.544946 0.988544 0.564854
0 0.423785 0.677896 0.428281 0.658328 0.418017 0.650873 0.41352 0.670442
0 0.651717 0.79023 0.652668 0.751214 0.629449 0.749425 0.628497 0.788441
0 0.853803 0.767638 0.854867 0.743322 0.838011 0.740991 0.836947 0.765307
0 0.998921 0.34871 1.00035 0.320665 0.977535 0.316985 0.976103 0.34503
0 0.784826 0.758892 0.786948 0.735642 0.775096 0.732223 0.772974 0.755473
0 0.423719 0.649308 0.425562 0.626329 0.413621 0.623303 0.411779 0.646283
0 0.113595 0.799972 0.132279 0.704441 0.101654 0.68551 0.0829699 0.781041
0 0.800748 0.497836 0.802663 0.477226 0.789114 0.473247 0.787199 0.493857
0 0.852258 0.746241 0.85617 0.718464 0.84205 0.712179 0.838138 0.739956
0 0.90052 0.746199 0.90404 0.72844 0.889859 0.719557 0.886339 0.737315
0 0.457813 0.832245 0.462656 0.799065 0.447732 0.792181 0.442889 0.82536
0 0.973185 0.551188 0.977558 0.533188 0.965213 0.523709 0.96084 0.541708
0 0.0242718 0.919094 0.0424718 0.895478 0.0326498 0.871555 0.0144498 0.895171
0 0.583659 0.741467 0.587452 0.72508 0.57878 0.718736 0.574987 0.735123
0 0.183473 0.301705 0.211481 0.268075 0.179494 0.18388 0.151486 0.21751
0 0.734532 0.716843 0.736049 0.694892 0.723764 0.692208 0.722247 0.714159
0 0.889705 0.481202 0.892067 0.460263 0.87739 0.455029 0.875027 0.475968
0 0.365429 0.831697 0.367458 0.790791 0.345423 0.787336 0.343394 0.828242
0 1.00168 0.614313 1.0047 0.589868 0.991062 0.584549 0.988045 0.608993
0 0.379886 0.892177 0.389034 0.868059 0.372498 0.848237 0.36335 0.872354
0 0.774386 0.772654 0.778699 0.749829 0.768093 0.743497 0.763781 0.766321
0 0.929624 0.594277 0.936289 0.573519 0.927701 0.564805 0.921037 0.585563
0 0.612085 0.782825 0.613444 0.765124 0.600147 0.761896 0.598787 0.779597
0 0.0229809 0.940745 0.0464299 0.913661 0.0382313 0.891227 0.0147823 0.918311
0 0.561985 0.848951 0.566883 0.8222 0.556335 0.816096 0.551437 0.842847
0 0.885444 0.502599 0.886454 0.47953 0.872601 0.477612 0.87159 0.500682
0 0.82421 0.701545 0.827821 0.675688 0.8145 0.669807 0.810888 0.695665
0 0.873868 0.778033 0.871482 0.75058 0.849271 0.756681 0.851657 0.784134
0 0.0194792 0.612361 0.0216094 0.584309 0.00634945 0.580647 0.00421927 0.608699
0 0.915993 0.714705 0.923312 0.695719 0.911846 0.68175 0.904527 0.700737
0 0.773335 0.698326 0.777082 0.670019 0.761127 0.663344 0.757379 0.691651
0 0.157595 0.275694 0.177397 0.248601 0.153392 0.193149 0.13359 0.220241
0 0.790401 0.666625 0.795433 0.635662 0.779094 0.627269 0.774062 0.658232
0 0.342991 0.808373 0.336338 0.748279 0.314424 0.755946 0.321077 0.81604
0 0.36397 0.989532 0.378893 0.9616 0.367729 0.942752 0.352807 0.970684
0 0.176459 0.116957 0.1991 0.101657 0.180449 0.014425 0.157807 0.0297249
0 0.978529 0.590354 0.983204 0.571591 0.970099 0.561271 0.965424 0.580033
0 0.960071 0.51935 0.965314 0.502056 0.955757 0.4929 0.950514 0.510194
0 0.415474 0.672206 0.417228 0.647746 0.406146 0.645234 0.404392 0.669693
0 0.387497 0.934087 0.400251 0.902221 0.379427 0.875881 0.366674 0.907747
0 0.464468 0.800396 0.469573 0.776299 0.459388 0.769479 0.454282 0.793575
0 0.803583 0.517347 0.804699 0.494796 0.792147 0.492833 0.791032 0.515384
0 0.897595 0.506084 0.898943 0.484357 0.887453 0.482102 0.886104 0.503829
0 0.959427 0.564992 0.963584 0.549308 0.95231 0.539863 0.948153 0.555548
0 0.808629 0.489582 0.815074 0.472946 0.802757 0.457864 0.796312 0.474501
0 0.421454 0.697884 0.424428 0.679747 0.41296 0.673804 0.409986 0.69194
0 0.813377 0.753636 0.817398 0.734747 0.802962 0.725034 0.798941 0.743923
0 0.0205807 0.982388 0.024879 0.95072 0.00906914 0.943938 0.0047709 0.975605
0 0.0345968 0.150085 0.0547696 0.00518602 -0.0127396 -0.0245183 -0.0329124 0.12038
0 0.944541 0.529898 0.952109 0.505635 0.941566 0.495242 0.933998 0.519505
0 0.995875 0.636871 1.00203 0.618401 0.988111 0.60375 0.981958 0.622221
0 0.741145 0.794376 0.741972 0.769795 0.725437 0.768036 0.72461 0.792617
0 0.00859941 0.68183 0.0101824 0.661204 -0.00115198 0.658454 -0.00273502 0.67908
0 0.443968 0.814071 0.444546 0.777975 0.427586 0.777117 0.427008 0.813212
0 0.865736 0.710306 0.880742 0.694699 0.867525 0.654535 0.852519 0.670142
0 0.837937 0.517389 0.838664 0.500225 0.820765 0.497828 0.820038 0.514991
0 0.09294 0.334247 0.110321 0.319746 0.098057 0.273285 0.0806755 0.287786
0 0.800803 0.697107 0.802613 0.678598 0.789757 0.674626 0.787948 0.693136
0 0.989141 0.666751 0.995458 0.648358 0.969016 0.619655 0.962699 0.638048
0 0.61983 0.755217 0.628804 0.733602 0.620716 0.722989 0.611742 0.744604
0 1.00047 0.431956 1.00206 0.40887 0.991093 0.406493 0.989509 0.429578
0 0.972575 0.569314 0.977635 0.554945 0.963664 0.539399 0.958605 0.553768
0 0.750126 0.792965 0.753814 0.774136 0.742608 0.7672 0.73892 0.786029
0 0.442299 0.717804 0.451044 0.694609 0.441286 0.682983 0.432542 0.706178
0 0.75561 0.728175 0.76244 0.707693 0.753845 0.698633 0.747014 0.719116
0 0.815622 0.786181 0.822484 0.764995 0.803395 0.745455 0.796533 0.766641
0 0.122024 0.90401 0.153054 0.806003 0.11959 0.772517 0.0885599 0.870525
0 0.357413 0.866774 0.367729 0.847655 0.350165 0.817703 0.339849 0.836822
0 0.997106 0.731105 0.999234 0.705343 0.986683 0.702067 0.984555 0.727828
0 0.772024 0.578446 0.777171 0.555047 0.768296 0.548877 0.763149 0.572276
0 0.55602 0.825302 0.560262 0.797787 0.547961 0.791795 0.54372 0.81931
0 0.718039 0.692395 0.724798 0.663842 0.713917 0.655702 0.707158 0.684255
0 0.779639 0.705486 0.7863 0.677903 0.777931 0.671516 0.77127 0.699099
0 0.583882 1.00589 0.58727 0.97525 0.570556 0.96941 0.567169 1.00005
0 0.944395 0.564303 0.947802 0.546365 0.934825 0.538576 0.931418 0.556514
0 0.0899592 0.99797 0.106165 0.802916 0.064551 0.791989 0.0483451 0.987043
0 0.608099 0.745593 0.615202 0.727779 0.608032 0.718744 0.600929 0.736559
0 0.995358 0.685209 0.997473 0.660155 0.984179 0.656609 0.982064 0.681664
0 0.427136 0.832532 0.423202 0.784763 0.407483 0.788854 0.411417 0.836624
0 0.887784 0.771651 0.889022 0.750967 0.87541 0.748393 0.874172 0.769078
0 0.855847 0.66074 0.860956 0.645046 0.847557 0.631263 0.842448 0.646957
0 0.407225 0.741392 0.409712 0.723748 0.398009 0.718534 0.395522 0.736177
0 0.961983 0.421709 0.97658 0.395857 0.967062 0.378873 0.952465 0.404724
0 0.612084 1.01038 0.619593 0.979762 0.606137 0.969334 0.598628 0.999956
0 0.991474 0.758192 0.997317 0.731534 0.9798 0.7194 0.973957 0.746059
0 0.958622 0.505088 0.960708 0.485003 0.948249 0.480914 0.946164 0.500998
0 0.395222 0.879461 0.39942 0.853873 0.385833 0.846827 0.381635 0.872415
0 0.964533 0.474146 0.965548 0.454303 0.953017 0.452277 0.952002 0.472121
0 0.894322 0.444484 0.897377 0.427456 0.887158 0.421661 0.884103 0.438689
0 0.421407 0.709409 0.423635 0.692351 0.411314 0.687265 0.409086 0.704323
0 0.883661 0.626836 0.891791 0.59885 0.876492 0.584802 0.868362 0.612788
0 0.928118 0.559086 0.930751 0.537336 0.919576 0.533061 0.916943 0.554811
0 0.319003 0.765837 0.327517 0.744151 0.299858 0.709832 0.291345 0.731519
0 0.889343 0.718223 0.895395 0.702763 0.88555 0.690585 0.879499 0.706044
