0 0.385041 0.982029 0.384336 0.87144 0.319933 0.872738 0.320639 0.983327
0 0.431079 0.587914 0.429855 0.536835 0.402238 0.538927 0.403462 0.590005
0 0.88586 0.69493 0.895236 0.632685 0.857736 0.614832 0.84836 0.677077
0 0.98592 1.08102 1.02367 0.85598 0.792194 0.733251 0.754442 0.958291
0 0.535626 1.00352 0.544844 0.940113 0.507105 0.922771 0.497887 0.986173
0 0.2831 0.963348 0.309592 0.90681 0.29113 0.87947 0.264639 0.936008
0 0.46993 0.987853 0.467792 0.895239 0.420112 0.898718 0.422251 0.991333
0 0.403842 0.917442 0.405554 0.879416 0.384784 0.876462 0.383073 0.914487
0 0.29823 0.900997 0.295857 0.852379 0.265764 0.857021 0.268137 0.905638
0 0.523381 0.939802 0.529903 0.907416 0.513637 0.897063 0.507115 0.929448
0 0.392396 0.894915 0.38931 0.842897 0.355092 0.849313 0.358178 0.901331
0 0.319092 0.951158 0.324576 0.910664 0.302532 0.901228 0.297048 0.941721
0 0.839275 0.564186 0.837826 0.516376 0.795581 0.520421 0.797029 0.568231
0 0.329578 0.907844 0.330487 0.832995 0.302102 0.831906 0.301193 0.906755
0 0.415046 0.695715 0.412318 0.670329 0.388813 0.67831 0.39154 0.703696
0 0.366275 1.01547 0.392982 0.979794 0.37892 0.946522 0.352213 0.982194
0 0.815043 0.755385 0.817133 0.699459 0.795415 0.696894 0.793326 0.752821
0 0.282572 0.867724 0.309802 0.846548 0.303924 0.822662 0.276694 0.843838
0 0.45959 0.862604 0.461213 0.823448 0.440907 0.820789 0.439284 0.859945
0 0.424562 1.00882 0.433845 0.970891 0.419299 0.95964 0.410017 0.997568
0 0.408564 0.875213 0.416787 0.820258 0.39712 0.810957 0.388897 0.865912
0 0.403193 0.761354 0.404029 0.741412 0.390829 0.739661 0.389992 0.759603
0 0.0488376 0.810389 0.048005 0.773951 0.0174387 0.776158 0.0182712 0.812596
0 0.769957 1.03619 0.822069 0.958688 0.742128 0.788796 0.690016 0.866294
0 0.414177 0.913421 0.41742 0.885909 0.402698 0.880426 0.399455 0.907937
0 0.622384 0.388336 0.624103 0.327343 0.591622 0.32445 0.589903 0.385442
0 0.0657466 0.808806 0.0687728 0.772542 0.0499277 0.767572 0.0469015 0.803836
0 0.033916 0.663244 0.0363899 0.600912 -0.00118511 0.596199 -0.00365894 0.65853
0 0.383675 0.858004 0.400153 0.829952 0.389745 0.810628 0.373266 0.83868
0 0.0467375 0.834809 0.0458219 0.809004 0.0293236 0.810854 0.0302392 0.836659
0 0.031263 1.04359 0.083837 0.951638 0.0358502 0.86492 -0.0167238 0.956869
0 0.0149592 0.861684 0.0312444 0.838613 0.020872 0.815473 0.00458682 0.838544
0 0.414647 0.790623 0.419993 0.768136 0.404086 0.756183 0.39874 0.77867
0 0.334018 0.771188 0.339338 0.734227 0.321003 0.725886 0.315682 0.762847
0 0.485735 0.852641 0.495959 0.831874 0.486519 0.817183 0.476294 0.83795
0 0.0309682 0.830174 0.0321097 0.803807 0.0124699 0.80112 0.0113285 0.827487
0 0.212682 0.98183 0.22575 0.93686 0.212702 0.924876 0.199633 0.969846
0 0.155534 0.93258 0.165038 0.90308 0.151937 0.889738 0.142432 0.919239
0 0.482839 0.714725 0.486857 0.688653 0.474221 0.682499 0.470203 0.708571
0 0.550227 0.570819 0.552634 0.527904 0.528795 0.523678 0.526388 0.566593
0 0.317035 0.982981 0.337456 0.947151 0.323839 0.922624 0.303419 0.958453
0 0.468846 0.859815 0.481116 0.839315 0.472364 0.822758 0.460094 0.843258
0 0.0465013 0.757201 0.0464866 0.732389 0.0314733 0.732417 0.031488 0.757229
0 0.531552 0.81592 0.533933 0.793715 0.515129 0.787341 0.512747 0.809545
0 0.479561 1.02246 0.514185 0.978345 0.483171 0.901407 0.448547 0.945518
0 0.525168 0.874337 0.52621 0.84354 0.510566 0.841867 0.509524 0.872663
0 0.558563 0.996875 0.562801 0.95399 0.547593 0.94924 0.543355 0.992125
0 0.471323 0.89621 0.478371 0.855787 0.457948 0.844532 0.450899 0.884955
0 0.447173 0.409398 0.448468 0.345274 0.411807 0.342933 0.410511 0.407057
0 0.424539 0.857567 0.430608 0.829811 0.416146 0.819816 0.410077 0.847573
0 0.532488 0.921196 0.540962 0.900261 0.526904 0.882275 0.51843 0.90321
0 0.286237 0.976888 0.312378 0.950438 0.303013 0.921187 0.276873 0.947637
0 0.362672 0.546146 0.361861 0.510805 0.34218 0.512232 0.342991 0.547573
0 0.826154 0.659672 0.824604 0.63436 0.801579 0.638815 0.803129 0.664128
0 0.766667 0.741449 0.77199 0.71476 0.75306 0.702828 0.747737 0.729517
0 0.466449 0.731574 0.473926 0.703653 0.463762 0.69505 0.456285 0.722972
0 0.790913 0.753371 0.802109 0.716079 0.78141 0.696438 0.770214 0.73373
0 0.131321 1.00289 0.130387 0.982429 0.114221 0.984761 0.115155 1.00522
0 0.0660087 0.779082 0.0839653 0.732113 0.0672603 0.711929 0.0493038 0.758898
0 0.320581 0.800498 0.318118 0.757889 0.292891 0.762498 0.295354 0.805107
0 0.500853 0.813034 0.503262 0.78957 0.492866 0.786196 0.490456 0.80966
0 0.423013 0.946843 0.433334 0.912751 0.419367 0.899388 0.409046 0.93348
0 0.0862928 1.00794 0.105759 0.981107 0.0974582 0.962073 0.0779921 0.988903
0 0.573746 0.996456 0.591583 0.968934 0.569047 0.922773 0.55121 0.950295
0 0.777661 0.772181 0.785679 0.747621 0.764219 0.725477 0.7562 0.750038
0 0.297853 0.995199 0.310825 0.966781 0.301401 0.953185 0.288429 0.981603
0 0.383507 0.681412 0.395675 0.657115 0.386603 0.642755 0.374435 0.667052
0 0.464286 1.00087 0.466256 0.953885 0.437899 0.950126 0.435929 0.997112
0 0.495684 0.898322 0.499785 0.856181 0.474429 0.848382 0.470328 0.890522
0 0.0232924 0.690232 0.0257654 0.660923 0.00778613 0.656128 0.00531311 0.685437
0 0.830566 0.700118 0.838584 0.660771 0.821204 0.649578 0.813186 0.688925
0 0.383278 0.822079 0.389854 0.799154 0.377155 0.78764 0.370579 0.810565
0 0.235095 0.953288 0.253012 0.931298 0.24522 0.911234 0.227304 0.933223
0 0.375935 0.755381 0.378074 0.733634 0.360671 0.728225 0.358532 0.749972
0 0.426301 0.669489 0.428115 0.644979 0.412253 0.641268 0.410439 0.665779
0 0.18377 0.440187 0.194259 0.392676 0.149261 0.36128 0.138772 0.408791
0 0.507841 0.829207 0.509342 0.807984 0.49721 0.805271 0.495708 0.826494
0 0.822744 0.528566 0.827378 0.49451 0.804817 0.484808 0.800183 0.518863
0 0.0297071 0.77451 0.0335894 0.749447 0.0206334 0.743104 0.0167511 0.768167
0 0.314346 0.742236 0.315538 0.719775 0.304559 0.717933 0.303367 0.740393
0 0.619282 0.619976 0.617983 0.585202 0.598412 0.587512 0.599711 0.622286
0 0.844766 0.530835 0.846883 0.507801 0.824526 0.501307 0.82241 0.524341
0 0.772177 0.59267 0.775251 0.564241 0.76107 0.559395 0.757996 0.587824
0 0.131424 0.944303 0.145476 0.91847 0.137601 0.904933 0.12355 0.930765
0 0.525192 0.834902 0.528062 0.813213 0.514889 0.807705 0.512019 0.829394
0 0.0791784 0.3344 0.0784399 0.288741 0.0536405 0.290009 0.054379 0.335667
0 0.789565 0.729578 0.797055 0.704303 0.777859 0.686324 0.770369 0.711599
0 0.451002 0.135886 0.455197 0.0926629 0.418672 0.0814588 0.414477 0.124682
0 0.604802 0.987954 0.601686 0.92022 0.576214 0.923923 0.579329 0.991657
0 0.49246 0.82762 0.497011 0.794247 0.480837 0.787277 0.476287 0.82065
0 0.476099 0.83936 0.482159 0.814149 0.468446 0.803731 0.462386 0.828942
0 0.536114 0.617333 0.56602 0.599784 0.560367 0.569342 0.530462 0.586891
0 0.196216 0.962919 0.198341 0.945026 0.1863 0.940506 0.184175 0.9584
0 0.075506 0.998703 0.0933282 0.975387 0.0862911 0.958387 0.068469 0.981703
0 0.564408 0.947054 0.568241 0.905363 0.546267 0.898978 0.542434 0.94067
0 0.394802 0.815599 0.403043 0.784668 0.392796 0.776039 0.384555 0.806971
0 0.536842 0.851409 0.538519 0.829355 0.524375 0.825956 0.522697 0.84801
0 0.114515 0.939007 0.123553 0.919689 0.115777 0.908191 0.106739 0.927509
0 0.182809 0.995244 0.196489 0.974164 0.18916 0.959131 0.17548 0.98021
0 0.42958 0.833709 0.435481 0.817555 0.420586 0.800357 0.414685 0.816512
0 0.261185 0.852524 0.266884 0.829354 0.25642 0.821221 0.250722 0.844391
0 0.205989 0.955662 0.210977 0.928423 0.200365 0.922282 0.195377 0.949521
0 0.285809 0.575557 0.286951 0.553685 0.272857 0.551359 0.271715 0.573231
0 0.233591 0.862648 0.237223 0.842227 0.227703 0.836877 0.224072 0.857298
0 0.878508 0.624366 0.880125 0.597525 0.86373 0.594405 0.862114 0.621246
0 0.415682 0.742292 0.417055 0.718638 0.401826 0.715844 0.400453 0.739497
0 0.0188034 0.79076 0.026167 0.773927 0.0175315 0.761988 0.0101679 0.778821
0 0.898618 0.63156 0.897784 0.604858 0.876246 0.606983 0.87708 0.633686
0 0.468713 0.74781 0.474586 0.7254 0.46522 0.717643 0.459347 0.740053
0 0.258844 0.747658 0.262031 0.70233 0.238851 0.697178 0.235663 0.742506
0 0.779511 0.684649 0.780968 0.664675 0.765765 0.66117 0.764308 0.681144
0 0.046883 0.670012 0.0574475 0.64639 0.0469538 0.631558 0.0363894 0.65518
0 0.420254 0.81582 0.426337 0.804989 0.41531 0.78542 0.409228 0.796252
0 0.422678 0.759875 0.424139 0.740481 0.413317 0.737905 0.411856 0.757299
0 0.186207 0.99399 0.204225 0.974074 0.197294 0.954257 0.179276 0.974173
0 0.329646 0.846757 0.340481 0.798294 0.320068 0.783871 0.309233 0.832334
0 0.183234 0.953748 0.186981 0.931484 0.177088 0.926222 0.173341 0.948485
0 0.751385 0.752856 0.758107 0.713567 0.73695 0.702126 0.730228 0.741416
0 0.454153 0.896349 0.45954 0.871348 0.440551 0.858415 0.435163 0.883416
0 0.261252 1.01046 0.286938 0.988586 0.280095 0.963185 0.254408 0.985056
0 0.548602 0.900135 0.549023 0.86075 0.530744 0.860132 0.530323 0.899517
0 0.846453 0.509959 0.843777 0.463773 0.80177 0.471466 0.804446 0.517651
0 0.842307 0.639229 0.854337 0.616664 0.838628 0.590197 0.826599 0.612763
0 0.0114183 0.813061 0.0153349 0.777418 -0.00202312 0.77139 -0.00593976 0.807033
0 0.554178 0.79706 0.555396 0.764975 0.535189 0.76255 0.533971 0.794635
0 0.461882 0.829248 0.462977 0.812061 0.450536 0.809555 0.44944 0.826743
0 0.397549 0.806584 0.404449 0.779973 0.39306 0.770639 0.38616 0.797251
0 0.217463 0.887634 0.221281 0.868404 0.21198 0.862569 0.208162 0.881798
0 0.243545 0.844833 0.245759 0.828211 0.235585 0.823929 0.233371 0.840551
0 0.267499 0.988369 0.279835 0.938693 0.257239 0.920958 0.244903 0.970634
0 0.425927 0.845645 0.429995 0.823038 0.415034 0.814529 0.410966 0.837137
0 0.48645 0.608733 0.49025 0.587807 0.47874 0.581202 0.474941 0.602129
0 0.603522 0.824989 0.616731 0.801631 0.607248 0.784681 0.594039 0.808039
0 0.0377868 0.683542 0.0413235 0.663541 0.0296648 0.657025 0.0261281 0.677026
0 0.271049 0.539585 0.276548 0.51036 0.256322 0.498332 0.250823 0.527557
0 0.385547 0.718065 0.388586 0.696343 0.377983 0.691655 0.374944 0.713377
0 0.13661 0.931324 0.147925 0.908667 0.140859 0.897514 0.129544 0.920171
0 0.0535523 0.785365 0.0549877 0.761163 0.0411603 0.758571 0.0397249 0.782774
0 0.277297 0.401544 0.279388 0.366429 0.260445 0.362865 0.258355 0.397979
0 0.244444 0.971442 0.255105 0.942826 0.246309 0.93247 0.235649 0.961086
0 0.169782 0.1257 0.186961 0.116622 0.16549 -0.0117968 0.148311 -0.00271892
0 0.26695 0.93619 0.27574 0.901817 0.259139 0.8884 0.250349 0.922773
0 0.387037 0.768 0.388575 0.751629 0.377862 0.748448 0.376324 0.764819
0 0.749776 0.640258 0.752184 0.622128 0.734951 0.614895 0.732543 0.633025
0 0.198801 0.918322 0.204029 0.89623 0.194133 0.888828 0.188905 0.91092
0 0.847091 0.594894 0.852595 0.578161 0.840248 0.565327 0.834745 0.58206
0 0.461605 0.690969 0.466028 0.661714 0.452787 0.655387 0.448364 0.684642
0 0.504103 0.396933 0.501061 0.35925 0.474719 0.365971 0.477761 0.403655
0 0.618277 0.928774 0.624528 0.897163 0.6106 0.888459 0.604349 0.920069
0 0.409268 0.937857 0.41259 0.914157 0.400533 0.908816 0.397211 0.932516
0 0.932442 0.475248 0.932502 0.422461 0.903233 0.422355 0.903173 0.475142
0 0.34168 0.829839 0.36256 0.799718 0.350436 0.773154 0.329556 0.803276
0 0.591926 0.848483 0.591797 0.793006 0.572433 0.793148 0.572562 0.848625
0 0.478678 0.809285 0.480539 0.786826 0.468701 0.783727 0.466841 0.806187
0 0.474944 0.993967 0.515905 0.953132 0.488104 0.864993 0.447143 0.905828
0 0.598921 0.167671 0.598176 0.125019 0.577981 0.126133 0.578726 0.168785
0 0.222685 0.990407 0.227765 0.968347 0.216619 0.960234 0.211538 0.982294
0 0.560536 0.775171 0.566492 0.75373 0.547782 0.737303 0.541826 0.758744
0 0.312457 0.639455 0.320041 0.601545 0.303618 0.591161 0.296034 0.629071
0 0.419749 0.744485 0.42026 0.721341 0.404519 0.720243 0.404008 0.743387
0 0.0100902 0.778641 0.0145761 0.756118 0.00226975 0.748371 -0.00221622 0.770895
0 0.490102 0.968963 0.515559 0.936172 0.49069 0.875151 0.465232 0.907942
0 0.774297 0.718476 0.775767 0.685038 0.760196 0.682876 0.758726 0.716314
0 0.0669505 1.00427 0.0813724 0.979014 0.0721202 0.962314 0.0576982 0.987567
0 0.263469 0.798412 0.268217 0.777805 0.258193 0.770506 0.253445 0.791113
0 0.35735 0.571753 0.358938 0.554217 0.345597 0.550398 0.344009 0.567934
0 0.446726 0.696721 0.448841 0.6601 0.435034 0.657581 0.43292 0.694201
0 0.25636 0.899243 0.258476 0.879828 0.249496 0.876735 0.24738 0.896149
0 0.243989 0.90598 0.247637 0.885156 0.239044 0.880398 0.235396 0.901222
0 0.41154 1.00548 0.420468 0.97213 0.407829 0.961436 0.3989 0.99479
0 0.396466 1.00891 0.398312 0.983928 0.385015 0.980821 0.383169 1.0058
0 0.629747 0.870135 0.634817 0.833821 0.619505 0.827064 0.614435 0.863378
0 0.0195678 0.107438 0.0468535 0.0160395 0.0223891 -0.00704303 -0.00489655 0.0843555
0 0.378821 0.840391 0.382498 0.811164 0.369337 0.805931 0.36566 0.835158
0 0.566423 0.88188 0.569032 0.832111 0.542831 0.827771 0.540222 0.877539
0 0.352998 0.110376 0.350797 0.0697207 0.326633 0.0738555 0.328834 0.11451
0 0.373359 0.803954 0.3766 0.781788 0.36287 0.775444 0.359629 0.79761
0 0.0974118 0.96216 0.0998271 0.942633 0.0880629 0.938034 0.0856476 0.957562
0 0.44878 0.730918 0.453086 0.709746 0.4437 0.703713 0.439394 0.724885
0 0.570077 0.924156 0.577229 0.90709 0.561696 0.886515 0.554543 0.90358
0 0.520113 0.907853 0.520919 0.883192 0.507148 0.881769 0.506342 0.90643
0 0.0208826 0.877655 0.03314 0.859406 0.0260224 0.844296 0.013765 0.862545
0 0.420703 0.719245 0.423979 0.700103 0.41123 0.693208 0.407954 0.71235
0 0.602385 0.260281 0.600727 0.221818 0.578469 0.224849 0.580126 0.263312
0 0.204942 0.928212 0.210678 0.906432 0.202804 0.899878 0.197068 0.921658
0 0.322594 1.0026 0.326748 0.975373 0.308106 0.966382 0.303952 0.993605
0 0.912084 0.669801 0.916137 0.626828 0.888 0.618442 0.883947 0.661414
0 0.0123558 0.765139 0.0285482 0.748788 0.0214162 0.726466 0.00522373 0.742818
0 0.667898 0.380273 0.668275 0.34495 0.645454 0.34418 0.645077 0.379503
0 0.515396 0.843969 0.518605 0.82441 0.508473 0.819156 0.505264 0.838716
0 0.797729 0.574633 0.798604 0.556555 0.783691 0.554273 0.782816 0.572351
0 0.76988 0.794906 0.774737 0.744081 0.724645 0.728951 0.719787 0.779776
0 0.559274 0.820926 0.56236 0.793655 0.545611 0.787665 0.542525 0.814936
0 0.530755 1.00802 0.531058 0.985404 0.506848 0.984379 0.506545 1.00699
0 0.0357129 0.741147 0.0368144 0.719074 0.0220121 0.716739 0.0209105 0.738812
0 0.214891 0.936094 0.219221 0.917176 0.210332 0.910746 0.206002 0.929665
0 0.312887 0.982689 0.326864 0.94363 0.313376 0.928375 0.299399 0.967434
0 0.0473884 0.69621 0.0536481 0.675646 0.044397 0.666746 0.0381373 0.687309
0 0.490388 0.815562 0.493769 0.787163 0.481449 0.782527 0.478068 0.810926
0 0.53976 0.107539 0.548578 0.0541582 0.529329 0.0441076 0.52051 0.097488
0 0.434712 0.627446 0.445758 0.606995 0.430019 0.580127 0.418973 0.600578
0 0.43754 1.00759 0.440204 0.979918 0.426617 0.975785 0.423954 1.00346
0 0.369319 0.704502 0.371083 0.655262 0.346652 0.652495 0.344888 0.701736
0 0.517882 0.88739 0.520198 0.863383 0.507045 0.859371 0.504729 0.883378
0 0.731824 0.609809 0.73993 0.591981 0.725248 0.570882 0.717142 0.58871
0 0.415747 0.888604 0.420031 0.870807 0.409284 0.862632 0.405001 0.880429
0 0.00957717 0.885193 0.0137343 0.864052 0.00277259 0.85724 -0.00138453 0.87838
0 0.241618 0.886428 0.244926 0.86619 0.235754 0.861452 0.232446 0.881689
