0 0.99196 0.963725 1.00451 0.850825 0.800563 0.779164 0.788011 0.892064
0 0.223925 0.894133 0.231261 0.851283 0.209302 0.839401 0.201965 0.88225
0 0.655417 0.559501 0.671237 0.527018 0.660218 0.510056 0.644397 0.542539
0 0.597295 0.217972 0.592248 0.162987 0.559773 0.172407 0.56482 0.227393
0 0.0512412 0.906068 0.0603358 0.847681 0.029912 0.832703 0.0208175 0.89109
0 0.0496783 0.947195 0.064529 0.897211 0.0452492 0.879107 0.0303986 0.929091
0 0.0852565 0.933332 0.0981126 0.91 0.0819283 0.881815 0.0690722 0.905147
0 0.814877 0.609104 0.817876 0.54237 0.778847 0.536827 0.775848 0.603561
0 0.602417 0.62506 0.600812 0.59019 0.585696 0.592389 0.587301 0.627258
0 0.618354 0.663278 0.62784 0.631019 0.614856 0.618951 0.60537 0.65121
0 0.542605 0.835201 0.553912 0.799139 0.537031 0.78241 0.525723 0.818472
0 0.160251 0.890803 0.163906 0.862104 0.143277 0.8538 0.139621 0.882499
0 0.17451 0.981642 0.19622 0.948153 0.182031 0.919082 0.160321 0.952571
0 0.763465 0.685181 0.782719 0.648702 0.769694 0.626973 0.750439 0.663452
0 0.224582 0.749911 0.229704 0.725686 0.216684 0.716985 0.211561 0.74121
0 0.147384 0.869862 0.172516 0.843669 0.162361 0.812876 0.137229 0.83907
0 0.0811027 0.795549 0.0793391 0.768399 0.0487937 0.77467 0.0505573 0.80182
0 0.828906 0.649679 0.83004 0.59006 0.796983 0.588073 0.79585 0.647692
0 0.851588 0.406563 0.853066 0.376316 0.832106 0.373079 0.830628 0.403327
0 0.219177 0.831505 0.223158 0.802291 0.201081 0.792782 0.197099 0.821996
0 0.847346 0.800043 0.850109 0.701913 0.755489 0.693492 0.752726 0.791622
0 0.0169344 0.921239 0.0329531 0.889265 0.020427 0.869431 0.00440826 0.901405
0 0.176034 0.838113 0.185016 0.8181 0.167499 0.793252 0.158516 0.813265
0 0.0312733 1.00836 0.0720495 0.969328 0.0600786 0.929798 0.0193024 0.968825
0 0.226346 0.843794 0.242222 0.835619 0.234002 0.785161 0.218125 0.793336
0 0.623107 0.625775 0.626262 0.60429 0.609172 0.596361 0.606018 0.617845
0 0.682659 0.586937 0.690669 0.560459 0.677949 0.548298 0.669939 0.574776
0 0.167356 0.938156 0.16866 0.907704 0.151284 0.905353 0.149981 0.935805
0 0.0261184 0.886176 0.0249119 0.852391 0.00283782 0.854882 0.0040444 0.888668
0 0.772279 0.99345 0.816528 0.91135 0.752154 0.801695 0.707905 0.883795
0 0.225582 0.786292 0.228115 0.761623 0.214193 0.757105 0.21166 0.781774
0 0.925179 0.5984 0.936243 0.569439 0.917807 0.54718 0.906744 0.576141
0 0.510959 0.907304 0.520444 0.882248 0.502663 0.860974 0.493178 0.886031
0 0.0609212 0.891948 0.0923473 0.865391 0.0837445 0.833217 0.0523184 0.859774
0 0.274753 0.66134 0.277932 0.630991 0.260162 0.625109 0.256983 0.655458
0 0.271108 0.826714 0.279561 0.79527 0.266526 0.784194 0.258072 0.815638
0 0.6994 0.430818 0.702222 0.401919 0.685742 0.396833 0.682921 0.425733
0 0.484584 0.843784 0.494964 0.738129 0.441982 0.721677 0.431601 0.827332
0 0.0138557 0.945711 0.0165451 0.911003 -0.00175015 0.906522 -0.0044396 0.941231
0 0.623496 0.749441 0.629205 0.736383 0.61733 0.719976 0.611622 0.733034
0 0.087337 1.01101 0.107016 0.980291 0.0967571 0.959521 0.077078 0.990241
0 0.668909 0.570046 0.69003 0.539414 0.6807 0.519082 0.659579 0.549714
0 0.190543 0.910663 0.195672 0.883906 0.17688 0.872522 0.171752 0.899279
0 0.808477 0.520811 0.808767 0.486868 0.788945 0.486332 0.788655 0.520275
0 0.997936 0.428302 0.996492 0.386681 0.966086 0.390015 0.96753 0.431636
0 0.628586 0.734093 0.63762 0.716607 0.625557 0.696909 0.616522 0.714395
0 0.112546 0.988584 0.130067 0.957578 0.119009 0.937828 0.101488 0.968834
0 0.347121 0.680058 0.348161 0.656466 0.332435 0.654274 0.331395 0.677867
0 0.787842 0.629299 0.794246 0.610029 0.780876 0.595987 0.774472 0.615258
0 0.0928357 0.335056 0.111225 0.321606 0.100016 0.273166 0.0816261 0.286616
0 0.697646 0.481823 0.700773 0.460218 0.690562 0.455546 0.687434 0.477152
0 0.69524 0.533363 0.702968 0.518376 0.688058 0.494077 0.68033 0.509064
0 0.0871673 0.98235 0.102988 0.941944 0.0845126 0.919082 0.0686923 0.959489
0 0.102955 0.974424 0.121442 0.93544 0.109991 0.918279 0.091504 0.957263
0 0.682164 0.417149 0.69538 0.391035 0.683571 0.372146 0.670355 0.39826
0 0.171479 0.873156 0.173936 0.851205 0.161612 0.846844 0.159154 0.868795
0 0.153226 0.561506 0.154991 0.481125 0.112923 0.478206 0.111158 0.558587
0 0.601096 0.592998 0.604374 0.571489 0.592792 0.56591 0.589514 0.587419
0 0.0865168 0.844513 0.0858701 0.811107 0.0639106 0.81245 0.0645573 0.845856
0 0.0684255 0.861015 0.0746074 0.830065 0.0553146 0.817886 0.0491326 0.848836
0 0.0434797 0.840807 0.0489179 0.806598 0.0338509 0.799028 0.0284127 0.833237
0 0.538191 0.671284 0.548448 0.653087 0.541749 0.641152 0.531492 0.659348
0 0.608224 0.775851 0.616359 0.751399 0.606438 0.740966 0.598303 0.765419
0 0.832468 0.486347 0.843699 0.467699 0.824992 0.432088 0.81376 0.450735
0 0.669585 0.517806 0.671673 0.49823 0.661544 0.494816 0.659456 0.514392
0 0.636711 0.526079 0.648309 0.497561 0.636301 0.482127 0.624703 0.510644
0 0.258228 0.681738 0.257949 0.659908 0.240218 0.660625 0.240497 0.682455
0 0.818931 0.489338 0.822877 0.464096 0.805724 0.455621 0.801778 0.480864
0 0.471718 0.972398 0.47319 0.931736 0.450602 0.929151 0.44913 0.969813
0 0.67694 0.507449 0.684201 0.475883 0.667466 0.463718 0.660205 0.495284
0 0.292538 0.757978 0.291799 0.737635 0.277075 0.739325 0.277814 0.759668
0 0.201943 0.951066 0.209962 0.917004 0.184206 0.897839 0.176186 0.931901
0 0.139642 0.861644 0.141572 0.841677 0.126795 0.837162 0.124864 0.857129
0 0.772821 0.448059 0.781165 0.423643 0.762 0.402945 0.753657 0.427362
0 0.285255 0.813601 0.288922 0.793119 0.277758 0.786801 0.27409 0.807283
0 0.568374 0.857489 0.570798 0.829027 0.558089 0.825604 0.555664 0.854067
0 0.207108 0.896749 0.209076 0.86811 0.192994 0.864618 0.191027 0.893257
0 0.759233 0.502206 0.76947 0.487426 0.753648 0.452791 0.743411 0.467571
0 0.746286 0.551718 0.750376 0.527594 0.739061 0.521532 0.734972 0.545655
0 0.949072 0.613443 0.958631 0.593509 0.940699 0.566333 0.93114 0.586267
0 0.0990532 0.898678 0.103704 0.866537 0.0869313 0.858867 0.0822809 0.891008
0 0.676752 0.645964 0.682384 0.62255 0.661875 0.60696 0.656243 0.630373
0 0.172891 0.900499 0.175757 0.872077 0.163348 0.868122 0.160482 0.896544
0 0.606014 0.956239 0.608231 0.929647 0.592737 0.925565 0.590521 0.952158
0 0.0598607 0.780591 0.0655332 0.753416 0.0511856 0.74395 0.0455131 0.771126
0 0.709734 0.439151 0.712624 0.419307 0.699759 0.413387 0.69687 0.433231
0 0.189954 0.850021 0.20222 0.80986 0.19019 0.798248 0.177924 0.838409
0 0.551748 0.781495 0.547267 0.738195 0.514373 0.748953 0.518854 0.792253
0 0.659013 0.616554 0.665767 0.59332 0.656489 0.584796 0.649736 0.608031
0 0.689946 0.448381 0.694311 0.433713 0.683996 0.424012 0.679631 0.43868
0 0.154681 0.658645 0.156097 0.630759 0.138896 0.627998 0.13748 0.655884
0 0.595434 0.682077 0.60068 0.656717 0.590016 0.649744 0.584769 0.675104
0 0.174545 0.858394 0.181019 0.83626 0.169896 0.825978 0.163422 0.848112
0 0.684321 0.76852 0.689719 0.741184 0.668326 0.727831 0.662927 0.755167
0 0.244263 0.723593 0.246155 0.700637 0.233643 0.69738 0.231752 0.720335
0 0.0310392 0.625224 0.042032 0.591735 0.0296231 0.578861 0.0186302 0.612351
0 0.708849 0.414979 0.710303 0.395714 0.699389 0.393109 0.697935 0.412374
0 0.751199 0.606334 0.762123 0.591147 0.749218 0.561813 0.738295 0.577
0 0.555922 0.922635 0.565978 0.863417 0.524366 0.841084 0.514309 0.900302
0 0.532395 0.874297 0.534502 0.837096 0.513045 0.833256 0.510939 0.870457
0 0.0117299 1.0118 0.0306587 0.99072 0.0222107 0.966739 0.00328189 0.987814
0 0.815414 0.561744 0.824237 0.537376 0.801077 0.510871 0.792254 0.535239
0 0.260307 0.749858 0.268174 0.723112 0.256716 0.712459 0.248848 0.739206
0 0.644228 0.524526 0.656312 0.500986 0.647617 0.486881 0.635534 0.510421
0 0.144866 0.833289 0.169234 0.803015 0.159827 0.779085 0.135459 0.809358
0 0.434649 0.732392 0.443793 0.701401 0.43142 0.689863 0.422276 0.720855
0 0.192091 0.881896 0.207277 0.861538 0.199513 0.843236 0.184328 0.863594
0 0.794829 0.658556 0.798674 0.628975 0.780414 0.621474 0.776569 0.651055
0 0.356446 0.709034 0.362754 0.683558 0.351602 0.674832 0.345294 0.700307
0 0.28558 0.643294 0.295148 0.61366 0.282185 0.60043 0.272616 0.630064
0 0.63878 0.775864 0.6484 0.746775 0.635108 0.732881 0.625488 0.761971
0 0.0105177 0.995008 0.0247069 0.956579 0.00663288 0.935487 -0.00755627 0.973916
0 0.579605 0.598868 0.585772 0.57783 0.576386 0.569134 0.570219 0.590172
0 0.593808 0.94028 0.601672 0.906342 0.588767 0.896891 0.580903 0.93083
0 0.677228 0.715075 0.682953 0.675716 0.666352 0.668083 0.660626 0.707442
0 0.229559 0.761475 0.230674 0.742804 0.216562 0.740139 0.215447 0.75881
0 0.588399 0.659594 0.591506 0.637851 0.579134 0.632264 0.576028 0.654007
0 0.61043 0.699233 0.616129 0.67409 0.603195 0.664825 0.597496 0.689967
0 0.25704 0.833306 0.26478 0.781359 0.243221 0.771206 0.23548 0.823153
0 0.0189035 0.862213 0.0344855 0.835102 0.025437 0.818665 0.00985492 0.845776
0 0.172056 1.01031 0.192195 0.981131 0.182733 0.960488 0.162594 0.989663
0 0.635031 0.887297 0.636527 0.862682 0.616495 0.858834 0.614999 0.883449
0 0.0305731 0.824167 0.0408312 0.801787 0.0315081 0.788281 0.02125 0.810661
0 0.249765 0.699574 0.249383 0.678487 0.230789 0.679551 0.231171 0.700638
0 0.239299 0.799542 0.245646 0.777641 0.234992 0.767883 0.228646 0.789785
0 0.824916 0.71884 0.827961 0.683903 0.810364 0.679056 0.807319 0.713992
0 0.615399 0.719205 0.6196 0.69754 0.60665 0.689604 0.602449 0.71127
0 0.997476 0.493906 0.999049 0.472494 0.978121 0.467635 0.976548 0.489047
0 0.712995 0.359484 0.717452 0.339931 0.708602 0.333557 0.704146 0.353109
0 0.924855 0.428218 0.924539 0.406184 0.909864 0.406849 0.91018 0.428883
0 0.222909 0.686394 0.223596 0.663346 0.208335 0.661907 0.207648 0.684956
0 0.699834 0.46018 0.704213 0.442359 0.693763 0.434244 0.689384 0.452065
0 0.966508 0.422956 0.969218 0.402189 0.954168 0.395983 0.951459 0.41675
0 0.0621424 0.913984 0.0810543 0.889786 0.0727534 0.869282 0.0538415 0.89348
0 0.633903 0.570352 0.635601 0.551147 0.625669 0.548372 0.623972 0.567577
0 0.808166 0.406438 0.809532 0.3785 0.797038 0.37657 0.795672 0.404507
0 0.410631 0.837767 0.420677 0.80801 0.408555 0.795075 0.398508 0.824831
0 0.622663 0.59324 0.628315 0.563618 0.613296 0.554561 0.607644 0.584183
0 0.74398 0.568374 0.746908 0.549292 0.737163 0.544565 0.734235 0.563646
0 0.903788 0.789406 0.916902 0.754619 0.901004 0.735676 0.887889 0.770463
0 0.608082 0.571838 0.610579 0.553122 0.600835 0.549013 0.598338 0.567728
0 0.428489 0.925494 0.434632 0.883747 0.416908 0.875504 0.410764 0.917251
0 0.527054 0.703756 0.533092 0.67789 0.520924 0.668912 0.514886 0.694778
0 0.175805 0.782132 0.176805 0.763977 0.165945 0.762086 0.164945 0.780241
0 0.42099 0.935062 0.424508 0.90981 0.404978 0.90121 0.40146 0.926462
0 0.640896 0.550178 0.643975 0.524711 0.623972 0.517068 0.620893 0.542534
0 0.963636 0.175652 0.969902 0.1578 0.957843 0.144421 0.951576 0.162273
0 0.396934 0.933697 0.404753 0.900827 0.391832 0.891113 0.384013 0.923982
0 0.895683 0.41646 0.89712 0.392631 0.881517 0.389656 0.880079 0.413486
0 0.789971 0.510202 0.792342 0.490111 0.778244 0.484853 0.775873 0.504944
0 0.58151 0.778106 0.591495 0.761757 0.577388 0.734527 0.567403 0.750876
0 0.766801 0.610533 0.78259 0.588455 0.775591 0.572638 0.759803 0.594716
0 0.766787 0.589528 0.775379 0.566188 0.763251 0.552076 0.754658 0.575417
0 0.587346 0.703072 0.591268 0.681029 0.580973 0.675239 0.57705 0.697282
0 0.816317 0.688445 0.836406 0.662839 0.829109 0.644744 0.80902 0.670351
0 0.269829 0.779099 0.268888 0.747914 0.246853 0.750016 0.247794 0.7812
0 0.687732 0.503076 0.691323 0.481217 0.681797 0.476272 0.678206 0.498131
0 0.292956 0.803707 0.306828 0.77578 0.296066 0.758885 0.282194 0.786812
0 0.670506 0.612333 0.675071 0.590178 0.666397 0.58453 0.661833 0.606685
0 0.179772 0.299824 0.209162 0.272478 0.182918 0.183333 0.153528 0.210679
0 0.12171 0.931866 0.128335 0.894845 0.113626 0.886525 0.107001 0.923547
0 0.231616 0.722697 0.233474 0.701549 0.220949 0.698072 0.219091 0.71922
0 0.914564 0.706325 0.927682 0.688357 0.912127 0.652465 0.899009 0.670432
0 0.264258 0.683731 0.263636 0.660518 0.243573 0.662217 0.244194 0.685429
0 0.604397 0.6592 0.606803 0.635311 0.593325 0.631021 0.59092 0.654911
0 0.745315 0.632115 0.751708 0.610876 0.741081 0.600766 0.734688 0.622005
0 0.974729 0.485005 0.976924 0.464124 0.959152 0.45822 0.956957 0.479101
0 0.755081 0.664998 0.764303 0.635938 0.751797 0.623396 0.742576 0.652456
0 0.698897 0.34439 0.701536 0.328198 0.691846 0.323205 0.689206 0.339397
0 0.0402334 0.591872 0.0488918 0.560181 0.0345734 0.547817 0.025915 0.579508
0 0.615858 0.845425 0.612027 0.790466 0.585258 0.796363 0.589089 0.851322
0 0.581466 0.897861 0.587481 0.869092 0.578963 0.863463 0.572948 0.892232
0 0.720748 0.739876 0.726976 0.701774 0.702063 0.688903 0.695835 0.727005
0 0.685335 0.481854 0.69043 0.463934 0.678665 0.453362 0.67357 0.471281
0 0.950265 0.429974 0.953341 0.408894 0.937356 0.401523 0.934281 0.422603
0 0.627922 0.521034 0.628147 0.488769 0.611675 0.488405 0.61145 0.52067
0 0.598887 0.706357 0.602232 0.686541 0.591132 0.680619 0.587787 0.700435
0 0.612212 0.601113 0.616036 0.575612 0.603597 0.569716 0.599772 0.595217
0 0.924666 0.618243 0.92674 0.590314 0.908029 0.585923 0.905955 0.613851
0 0.834457 0.376283 0.841648 0.349539 0.829586 0.339289 0.822395 0.366033
0 0.111762 1.00725 0.130068 0.980727 0.121536 0.962115 0.10323 0.988638
0 0.664076 0.586616 0.673961 0.567171 0.662029 0.547999 0.652143 0.567444
0 0.204423 1.00291 0.218215 0.979964 0.208993 0.962443 0.195201 0.985387
0 0.707894 0.328176 0.71057 0.304322 0.697852 0.299812 0.695175 0.323666
0 0.0294463 0.757085 0.0452751 0.737144 0.0385775 0.720341 0.0227488 0.740282
0 0.708123 0.522261 0.710195 0.496843 0.699469 0.494079 0.697397 0.519497
0 0.528206 0.740967 0.530339 0.720367 0.518164 0.716382 0.516031 0.736982
0 0.786385 0.551291 0.789633 0.528479 0.775161 0.521966 0.771913 0.544778
0 0.132445 1.00561 0.143069 0.982246 0.130289 0.963876 0.119664 0.987238
0 0.709342 0.49785 0.711239 0.47752 0.699115 0.473946 0.697219 0.494276
0 0.763372 0.461713 0.769727 0.443551 0.754426 0.426631 0.748071 0.444793
0 0.211751 0.791279 0.214624 0.760769 0.196808 0.755467 0.193936 0.785977
0 0.833708 0.656917 0.842749 0.636265 0.833529 0.62351 0.824489 0.644162
0 0.710678 0.339547 0.713776 0.319801 0.704895 0.315398 0.701797 0.335144
0 0.81013 0.676345 0.816741 0.653777 0.80178 0.639925 0.795169 0.662492
0 0.931352 0.495867 0.935354 0.438268 0.905884 0.431797 0.901882 0.489395
0 0.580583 0.626327 0.585962 0.599323 0.575157 0.59252 0.569778 0.619524
0 0.793829 0.405325 0.798833 0.386283 0.788467 0.377674 0.783463 0.396716
0 0.18789 0.815357 0.190429 0.792264 0.178479 0.788111 0.17594 0.811203
0 0.552813 0.856073 0.556143 0.825762 0.542057 0.820871 0.538727 0.851181
0 0.280425 0.790901 0.289154 0.770642 0.280879 0.759375 0.27215 0.779634
0 0.35381 0.931919 0.368755 0.876361 0.349759 0.860212 0.334815 0.915771
0 0.89002 0.676276 0.903071 0.657761 0.889544 0.627628 0.876493 0.646143
0 0.598733 0.755308 0.600548 0.739045 0.584823 0.733498 0.583008 0.749761
0 0.752408 0.656328 0.757373 0.629168 0.742892 0.620801 0.737927 0.647961
0 0.897062 0.509515 0.899476 0.457979 0.864422 0.45279 0.862008 0.504326
0 0.713706 0.299291 0.714595 0.262046 0.695055 0.260571 0.694166 0.297815
0 0.0102196 0.905152 0.0100623 0.87653 -0.00209281 0.876741 -0.00193549 0.905363
0 0.262358 0.880444 0.265073 0.856697 0.250592 0.851465 0.247878 0.875211
0 0.363362 0.976036 0.376762 0.952482 0.367907 0.936559 0.354506 0.960114
0 0.788414 0.464936 0.790241 0.442146 0.775407 0.438388 0.77358 0.461177
0 0.540215 0.719942 0.547947 0.70027 0.535946 0.685364 0.528215 0.705036
0 1.00442 0.597525 1.00289 0.559748 0.981827 0.562455 0.983363 0.600232
0 0.657974 0.480006 0.659876 0.46115 0.650892 0.458286 0.64899 0.477141
0 0.720005 0.32395 0.726591 0.300817 0.717134 0.292308 0.710548 0.315442
0 0.241595 0.753314 0.245446 0.732741 0.232547 0.72511 0.228696 0.745682
0 0.69306 0.667524 0.693911 0.646344 0.668408 0.643104 0.667556 0.664285
0 0.34554 0.706949 0.349211 0.682023 0.338474 0.677026 0.334803 0.701952
0 0.402864 0.896441 0.412788 0.8636 0.400077 0.85146 0.390152 0.8843
0 0.923235 0.812682 0.942295 0.790207 0.918312 0.725925 0.899252 0.748399
0 0.825098 0.684553 0.842881 0.661197 0.835274 0.642892 0.817491 0.666248
0 0.540542 0.618604 0.544707 0.593869 0.534131 0.588241 0.529966 0.612976
0 0.878469 0.633852 0.880142 0.612209 0.864952 0.608498 0.863279 0.630141
0 0.446157 0.726599 0.458378 0.693036 0.443863 0.676331 0.431641 0.709894
0 0.596552 0.890404 0.600424 0.870078 0.588518 0.86291 0.584646 0.883236
0 0.516071 0.752417 0.520734 0.732146 0.506983 0.722147 0.502319 0.742418
0 0.0334596 0.148511 0.0606913 0.00216036 -0.0116288 -0.0403695 -0.0388606 0.105981
0 0.925044 0.399798 0.928563 0.375115 0.914012 0.36856 0.910493 0.393243
0 0.773697 0.640194 0.779587 0.62108 0.7682 0.609991 0.762311 0.629105
0 0.075104 0.947521 0.078816 0.905531 0.0614075 0.900667 0.0576955 0.942658
0 0.0164284 0.835481 0.0271458 0.81037 0.0154888 0.794646 0.00477142 0.819757
0 0.134274 0.95838 0.13951 0.932057 0.127018 0.924203 0.121781 0.950526
0 0.59669 0.728132 0.600942 0.699458 0.588458 0.693607 0.584206 0.722281
0 0.694079 0.327336 0.697184 0.30221 0.686401 0.297998 0.683295 0.323124
0 0.159346 0.972832 0.162028 0.945027 0.145024 0.939842 0.142342 0.967648
0 0.230086 0.660883 0.231091 0.638252 0.217559 0.636354 0.216554 0.658985
0 0.784746 0.467705 0.785752 0.448729 0.772612 0.446526 0.771605 0.465502
0 0.327314 0.702937 0.331892 0.668535 0.315569 0.661671 0.310991 0.696072
0 0.872799 0.782235 0.887859 0.754525 0.870994 0.725557 0.855934 0.753267
0 0.0764667 0.774165 0.079519 0.748474 0.067587 0.743993 0.0645348 0.769685
0 0.662197 0.769291 0.665888 0.745514 0.65354 0.739457 0.64985 0.763234
0 0.632489 0.656489 0.636459 0.638438 0.627235 0.632025 0.623265 0.650076
0 0.527156 0.635607 0.529446 0.614782 0.517301 0.61056 0.515011 0.631385
0 0.68201 0.466769 0.683122 0.448501 0.670983 0.446164 0.66987 0.464432
0 0.725175 0.460834 0.728621 0.438955 0.7183 0.433816 0.714853 0.455695
0 0.0568151 1.01449 0.0820799 0.987836 0.0718186 0.9571 0.0465539 0.983758
0 0.783534 0.373418 0.788695 0.354512 0.778836 0.346006 0.773675 0.364912
0 0.213776 0.755716 0.216812 0.740086 0.204469 0.732509 0.201433 0.748139
0 0.869175 0.409033 0.871349 0.386033 0.859807 0.382585 0.857633 0.405586
0 0.757677 0.695797 0.764148 0.676118 0.747969 0.659301 0.741497 0.678979
0 0.690991 0.279484 0.701081 0.25637 0.692516 0.244552 0.682426 0.267666
0 0.544325 0.749429 0.554206 0.73662 0.541568 0.705804 0.531686 0.718614
0 0.173962 0.766915 0.175465 0.747136 0.16431 0.744457 0.162807 0.764236
0 0.777845 0.685541 0.785071 0.65929 0.775244 0.65074 0.768018 0.676991
0 0.67282 0.462909 0.67573 0.444086 0.665308 0.438993 0.662398 0.457816
0 0.272771 0.68936 0.276876 0.665375 0.26651 0.659769 0.262406 0.683754
0 0.568486 0.579226 0.571824 0.550059 0.557246 0.544786 0.553908 0.573953
0 0.102313 0.919854 0.106084 0.889802 0.0929223 0.884583 0.0891514 0.914634
0 0.506237 0.743965 0.515152 0.691702 0.501691 0.684444 0.492775 0.736707
0 0.294202 0.835596 0.296413 0.809988 0.2844 0.806711 0.282189 0.832318
0 0.419182 0.705581 0.430245 0.68533 0.423189 0.673149 0.412127 0.6934
0 0.633203 0.593004 0.635533 0.574584 0.627049 0.571192 0.624719 0.589613
0 0.76371 0.243827 0.767356 0.220444 0.753296 0.213517 0.74965 0.2369
0 0.529249 0.723235 0.534136 0.70207 0.525241 0.695579 0.520354 0.716744
0 1.00136 0.463288 1.00451 0.429508 0.989021 0.42494 0.985869 0.45872
0 0.57605 1.00266 0.578781 0.970273 0.562693 0.965984 0.559961 0.998368
0 0.824578 0.593852 0.82838 0.573327 0.816678 0.566476 0.812876 0.587002
0 0.63788 0.71583 0.647668 0.69411 0.637587 0.679752 0.627799 0.701472
0 0.0183064 0.631559 0.0314126 0.567044 0.0179789 0.558419 0.00487265 0.622934
0 0.970152 0.440013 0.972787 0.418246 0.959311 0.413091 0.956676 0.434857
0 0.55849 0.658897 0.566053 0.630989 0.556771 0.623038 0.549207 0.650946
0 0.647315 0.672861 0.649528 0.65708 0.640447 0.653054 0.638234 0.668836
0 0.0383579 0.802641 0.0492511 0.781985 0.0419577 0.769829 0.0310646 0.790486
0 0.242416 0.699399 0.243243 0.678521 0.226567 0.676431 0.225739 0.69731
0 0.181347 0.928766 0.184286 0.899439 0.169938 0.894893 0.166998 0.92422
0 0.975124 0.373949 0.978973 0.345594 0.962944 0.338718 0.959095 0.367073
0 0.769743 0.533738 0.772723 0.518519 0.761214 0.511398 0.758235 0.526617
0 0.711669 0.460173 0.715682 0.441644 0.705739 0.434838 0.701726 0.453366
0 0.762324 0.403667 0.76993 0.393592 0.761842 0.374295 0.754237 0.38437
0 0.636295 0.678475 0.639603 0.660905 0.62685 0.653315 0.623541 0.670886
0 0.182176 0.790159 0.18315 0.770596 0.171882 0.768822 0.170908 0.788385
0 0.149295 0.781047 0.150263 0.757852 0.134578 0.755783 0.13361 0.778979
0 0.440723 0.791041 0.441197 0.756353 0.424486 0.755631 0.424012 0.790319
0 0.414701 0.772615 0.4296 0.729675 0.416644 0.715467 0.401744 0.758407
0 0.44069 0.74876 0.453942 0.727331 0.445867 0.711549 0.432615 0.732978
0 0.723654 0.389233 0.725803 0.370407 0.715267 0.366606 0.713118 0.385432
0 0.22091 1.00297 0.230509 0.976709 0.220304 0.964922 0.210706 0.991185
0 0.589687 0.581573 0.595197 0.565185 0.58589 0.555293 0.580379 0.571681
0 0.640451 0.455882 0.648379 0.429852 0.63528 0.417243 0.627352 0.443274
0 0.364888 0.725316 0.367337 0.70307 0.353813 0.698365 0.351364 0.72061
0 0.446467 0.856712 0.441293 0.806036 0.40842 0.816643 0.413594 0.867319
0 0.523843 0.825282 0.529063 0.800528 0.516493 0.792152 0.511274 0.816907
0 0.87262 0.434097 0.875856 0.416462 0.862616 0.408783 0.85938 0.426418
0 0.999531 0.0509062 1.00024 -0.000147486 0.969756 -0.00148229 0.969048 0.0495714
0 0.556544 0.729221 0.566266 0.703075 0.555655 0.690606 0.545933 0.716752
0 0.716912 0.488421 0.719576 0.468171 0.70903 0.463786 0.706366 0.484037
0 0.755729 0.638403 0.767146 0.616028 0.758295 0.601754 0.746878 0.624128
0 0.568814 0.627501 0.572432 0.605858 0.561348 0.600003 0.55773 0.621646
0 0.696133 0.600508 0.699628 0.578331 0.686884 0.571984 0.68339 0.594161
0 0.328813 0.723203 0.331132 0.702976 0.317208 0.697931 0.31489 0.718158
0 0.935177 0.246363 0.948373 0.220658 0.937286 0.20267 0.92409 0.228375
0 0.565313 0.744212 0.568154 0.720595 0.554002 0.715215 0.551161 0.738832
0 0.138254 0.896448 0.138999 0.873442 0.121364 0.871637 0.120618 0.894643
0 0.669581 0.41601 0.674546 0.39394 0.665495 0.387504 0.66053 0.409574
0 0.782152 0.561426 0.783336 0.534989 0.768804 0.532932 0.76762 0.559369
0 0.641246 0.58114 0.645125 0.561567 0.636865 0.556393 0.632986 0.575966
0 0.700882 0.37187 0.705762 0.345243 0.695181 0.339115 0.690301 0.365742
0 0.903346 0.463771 0.908487 0.438244 0.887979 0.425188 0.882837 0.450715
0 0.940046 0.553828 0.941377 0.523768 0.923996 0.521336 0.922665 0.551396
0 0.716261 0.40088 0.718018 0.382836 0.708346 0.379859 0.706589 0.397903
0 0.133606 0.850228 0.140481 0.823885 0.125749 0.811734 0.118874 0.838077
0 0.800498 0.330903 0.803365 0.308278 0.79155 0.303546 0.788683 0.326171
0 0.715754 0.449096 0.719603 0.431065 0.711151 0.425363 0.707303 0.443395
0 0.153188 0.918602 0.154646 0.895767 0.141576 0.893131 0.140119 0.915966
0 0.689171 0.715429 0.696604 0.694519 0.685202 0.681709 0.677769 0.702618
0 0.312898 0.552832 0.322429 0.54477 0.31367 0.512039 0.304138 0.5201
0 0.186365 0.769464 0.190694 0.74596 0.180621 0.740096 0.176292 0.7636
0 0.644438 0.639289 0.64708 0.614214 0.635466 0.610346 0.632824 0.63542
0 0.241153 0.679706 0.245493 0.650975 0.230779 0.643951 0.226439 0.672682
0 0.0697342 0.823605 0.0706683 0.793033 0.042915 0.790353 0.0419809 0.820925
0 0.302493 0.826385 0.309669 0.796266 0.300219 0.789149 0.293042 0.819268
0 0.60132 0.76109 0.60452 0.739539 0.590193 0.732816 0.586993 0.754367
0 0.592311 0.806032 0.597284 0.784273 0.583124 0.774043 0.57815 0.795803
0 0.394147 0.733115 0.401463 0.709196 0.392353 0.700388 0.385036 0.724308
0 0.93991 0.36465 0.945279 0.34282 0.933701 0.333822 0.928333 0.355651
0 0.693174 0.296707 0.69539 0.273688 0.681415 0.269436 0.679199 0.292456
0 0.789037 0.484419 0.790696 0.461999 0.777101 0.458821 0.775442 0.48124
0 0.662541 0.660098 0.665295 0.6404 0.654812 0.635769 0.652059 0.655467
0 0.977275 0.475418 0.983408 0.452385 0.963862 0.435936 0.957729 0.458969
0 0.860615 0.39408 0.863877 0.373187 0.851361 0.367012 0.848099 0.387905
0 0.244515 0.673833 0.247806 0.645388 0.233318 0.640092 0.230028 0.668537
0 0.263166 0.718166 0.271908 0.699203 0.262519 0.685524 0.253777 0.704488
0 0.568489 0.670909 0.571028 0.642888 0.561168 0.640064 0.558629 0.668084
0 0.809395 0.32858 0.813598 0.307482 0.802725 0.300637 0.798522 0.321735
0 0.686165 0.523706 0.690205 0.508713 0.677079 0.497534 0.673039 0.512527
0 0.6527 0.755734 0.659769 0.722576 0.645892 0.713226 0.638823 0.746384
0 0.420535 0.724557 0.427414 0.705624 0.419169 0.696156 0.41229 0.715088
0 0.405237 0.72265 0.409964 0.698005 0.401232 0.692711 0.396505 0.717357
0 0.0795155 0.821445 0.0784179 0.792964 0.0547104 0.795852 0.055808 0.824332
0 0.865287 0.682377 0.869951 0.65732 0.850935 0.646134 0.846271 0.671192
0 0.20311 0.763274 0.204097 0.738842 0.191187 0.737195 0.190201 0.761627
0 0.266343 0.753718 0.268475 0.730906 0.257072 0.727537 0.254939 0.750349
0 0.999073 0.321131 1.00253 0.28286 0.982067 0.277022 0.978612 0.315292
0 0.0223387 0.269106 0.173851 0.202964 0.162329 0.119545 0.0108164 0.185687
0 0.730159 0.375457 0.730846 0.358572 0.720212 0.357204 0.719525 0.37409
0 0.690339 0.629498 0.69974 0.616143 0.6875 0.588912 0.678099 0.602267
0 0.029702 0.655523 0.0354632 0.621769 0.0195438 0.613182 0.0137827 0.646935
0 0.396435 0.832616 0.408541 0.793766 0.394952 0.780383 0.382846 0.819234
0 0.698594 0.724641 0.702198 0.702652 0.690947 0.696826 0.687344 0.718814
0 0.609897 1.0015 0.614258 0.969895 0.598636 0.963083 0.594275 0.994691
0 0.689818 0.649586 0.690519 0.634772 0.677048 0.632756 0.676347 0.647571
0 0.14393 0.751822 0.147763 0.731169 0.136512 0.724569 0.132679 0.745223
0 0.722423 0.364888 0.726476 0.347548 0.718837 0.341906 0.714785 0.359246
0 0.913664 0.585542 0.914879 0.548922 0.893145 0.546643 0.89193 0.583262
0 0.762312 0.720406 0.784699 0.688983 0.7748 0.666692 0.752412 0.698115
0 0.0450551 0.718278 0.0473556 0.692482 0.0332622 0.68851 0.0309617 0.714305
0 0.921476 0.138556 0.92557 0.111537 0.912585 0.105318 0.90849 0.132336
0 0.640979 0.662841 0.644129 0.64687 0.634872 0.641101 0.631722 0.657071
0 0.0379227 0.96937 0.0446686 0.933944 0.0286736 0.924318 0.0219276 0.959744
0 0.640854 0.736867 0.653498 0.709679 0.643623 0.695165 0.630979 0.722353
0 0.997277 0.226267 1.00242 0.204597 0.986339 0.192539 0.981197 0.214208
0 0.534405 0.659563 0.539976 0.63824 0.530573 0.630475 0.525002 0.651797
0 0.728323 0.462336 0.729199 0.441176 0.719287 0.43988 0.718412 0.46104
0 0.268908 0.844937 0.274035 0.824266 0.262742 0.815414 0.257616 0.836085
0 0.583292 0.92931 0.590867 0.89413 0.579754 0.886568 0.57218 0.921748
0 0.987371 0.392652 0.98884 0.365551 0.970793 0.362461 0.969324 0.389562
0 0.585495 0.551798 0.588035 0.527134 0.578286 0.52396 0.575746 0.548624
0 0.750961 0.383385 0.751937 0.365099 0.740162 0.363111 0.739185 0.381397
0 0.165373 1.00357 0.164953 0.979078 0.146056 0.980103 0.146477 1.00459
0 0.0818057 0.998233 0.0956301 0.974812 0.0863939 0.957582 0.0725695 0.981003
0 0.726197 0.512835 0.732043 0.476979 0.717849 0.469666 0.712004 0.505522
