0 0.960464 0.821555 0.958245 0.772947 0.933233 0.776555 0.935452 0.825163
0 0.343156 0.989171 0.361743 0.95285 0.34441 0.924816 0.325823 0.961137
0 0.637248 0.831701 0.643659 0.797635 0.62367 0.785745 0.617259 0.819811
0 0.92977 0.271408 0.99365 0.236087 0.982403 0.171795 0.918523 0.207115
0 0.519805 0.795327 0.52173 0.764331 0.501275 0.760316 0.49935 0.791312
0 0.959194 0.781915 0.966967 0.760402 0.948737 0.739583 0.940964 0.761096
0 0.996504 0.993935 1.01107 0.871693 0.833149 0.804709 0.818587 0.92695
0 0.422673 0.9947 0.420418 0.94924 0.399091 0.952583 0.401346 0.998043
0 0.519945 0.847329 0.529853 0.81464 0.51751 0.802816 0.507602 0.835506
0 0.441657 0.958631 0.448586 0.917644 0.426139 0.90565 0.41921 0.946637
0 0.507125 0.706115 0.511484 0.688253 0.495968 0.676285 0.491609 0.694148
0 0.48164 0.886108 0.482884 0.843241 0.46035 0.841173 0.459105 0.88404
0 0.523666 0.695924 0.527577 0.672186 0.513512 0.664863 0.509602 0.6886
0 0.430632 0.829872 0.433845 0.789929 0.413097 0.784656 0.409885 0.824598
0 0.653198 0.820109 0.659876 0.790387 0.645899 0.780461 0.639221 0.810183
0 0.996989 0.855867 1.0088 0.819123 0.983704 0.793643 0.971897 0.830387
0 0.914221 0.542393 0.916906 0.519805 0.902003 0.514207 0.899319 0.536796
0 0.441872 0.804347 0.445743 0.771887 0.429096 0.765612 0.425224 0.798072
0 0.488345 0.741576 0.48944 0.716931 0.474961 0.714898 0.473866 0.739542
0 0.606595 0.739567 0.619472 0.708943 0.606818 0.692126 0.593941 0.72275
0 0.476557 0.821254 0.478331 0.790622 0.459075 0.787097 0.457301 0.81773
0 0.686003 0.769887 0.694393 0.743048 0.685735 0.734495 0.677346 0.761334
0 0.0834052 0.68344 0.156377 0.627202 0.133906 0.535054 0.0609349 0.591292
0 0.459924 0.88559 0.464544 0.860184 0.450872 0.852326 0.446251 0.877732
0 0.51004 0.672734 0.512073 0.645413 0.494755 0.641342 0.492723 0.668662
0 0.496205 0.801171 0.499784 0.773905 0.487891 0.768972 0.484313 0.796238
0 0.489541 0.76069 0.490684 0.738828 0.47725 0.736607 0.476107 0.758469
0 0.70737 0.849564 0.71496 0.815385 0.700111 0.804964 0.692521 0.839143
0 0.64632 0.796155 0.648123 0.76708 0.633585 0.76423 0.631781 0.793305
0 0.904907 0.726572 0.906671 0.693792 0.880735 0.689381 0.878971 0.722162
0 0.215869 0.0410341 0.228798 0.0151011 0.207214 -0.0189085 0.194285 0.00702446
0 0.53467 0.674319 0.535387 0.639833 0.520884 0.638881 0.520168 0.673367
0 0.974626 0.758463 0.979949 0.730015 0.959152 0.717715 0.953828 0.746163
0 0.91579 0.812952 0.930056 0.782188 0.917557 0.763869 0.903291 0.794633
0 0.423147 0.855041 0.429155 0.835275 0.411448 0.818264 0.40544 0.83803
0 0.428013 0.995472 0.444725 0.96624 0.433734 0.946383 0.417023 0.975614
0 0.820194 0.754757 0.828531 0.727553 0.818946 0.718269 0.810609 0.745473
0 0.44077 0.898226 0.453359 0.88238 0.442046 0.853973 0.429456 0.86982
0 0.495558 0.655373 0.49708 0.630988 0.483467 0.628302 0.481945 0.652688
0 0.808099 0.976142 0.837448 0.918539 0.777789 0.822472 0.748441 0.880074
0 0.811984 0.745385 0.816452 0.717739 0.802906 0.710819 0.798437 0.738465
0 0.663265 0.807452 0.671688 0.787326 0.663017 0.775856 0.654594 0.795982
0 0.618186 0.898746 0.623486 0.877675 0.609921 0.866892 0.604621 0.887963
0 0.417615 0.79774 0.436125 0.770442 0.425406 0.747469 0.406895 0.774767
0 0.895269 0.526046 0.896993 0.491902 0.879735 0.489149 0.878011 0.523292
0 0.450932 0.727184 0.454109 0.702662 0.439001 0.696476 0.435824 0.720999
0 0.984563 0.803393 0.991233 0.780843 0.974476 0.765177 0.967806 0.787728
0 0.501218 0.725355 0.504025 0.703422 0.493521 0.699173 0.490714 0.721106
0 0.627154 0.860388 0.630584 0.829895 0.616832 0.825005 0.613401 0.855498
0 0.688945 0.827072 0.691516 0.806742 0.678162 0.801405 0.675591 0.821735
0 0.512274 0.649376 0.513519 0.630148 0.501712 0.62773 0.500466 0.646959
0 0.920949 0.767131 0.926621 0.746548 0.913544 0.735159 0.907872 0.755742
0 0.634202 0.882606 0.637075 0.854296 0.625351 0.850535 0.622477 0.878845
0 0.492943 0.839716 0.489788 0.79508 0.475389 0.798296 0.478544 0.842932
0 0.489358 0.717596 0.494968 0.700037 0.484394 0.68936 0.478784 0.706919
0 0.473785 0.844425 0.471616 0.812647 0.443025 0.818815 0.445195 0.850594
0 0.509588 0.843951 0.512561 0.796159 0.493239 0.79236 0.490266 0.840152
0 0.94111 0.75296 0.946654 0.734453 0.930908 0.719545 0.925364 0.738052
0 0.662481 0.76081 0.672582 0.741359 0.66462 0.728291 0.654519 0.747742
0 0.68592 0.808267 0.687903 0.789912 0.673284 0.784921 0.671301 0.803276
0 0.519553 0.75742 0.52014 0.731803 0.506947 0.730846 0.50636 0.756464
0 0.809759 0.775785 0.819074 0.756699 0.802421 0.731012 0.793106 0.750098
0 0.450693 0.940432 0.464316 0.915523 0.445962 0.883798 0.432338 0.908707
0 0.372026 0.85431 0.374153 0.82346 0.358256 0.819996 0.356129 0.850846
0 0.536028 0.845164 0.540229 0.821056 0.526113 0.813282 0.521912 0.83739
0 0.513252 0.72408 0.516427 0.70193 0.504334 0.69645 0.501158 0.7186
0 0.716189 0.809956 0.720427 0.782359 0.70611 0.77541 0.701872 0.803007
0 0.595975 0.740346 0.60021 0.707701 0.586135 0.701929 0.581899 0.734574
0 0.680179 0.754103 0.686096 0.729848 0.67719 0.722983 0.671274 0.747238
0 0.633313 0.789513 0.634935 0.76614 0.623924 0.763725 0.622302 0.787097
0 0.671919 0.675535 0.676081 0.650979 0.666773 0.645993 0.662611 0.670548
0 0.689407 0.808384 0.70068 0.791718 0.691984 0.773128 0.680711 0.789794
0 0.564147 0.812203 0.57084 0.791115 0.561994 0.782243 0.555301 0.803331
0 0.94373 0.539445 0.948259 0.522033 0.93411 0.510401 0.92958 0.527813
0 0.52245 0.679926 0.524218 0.656329 0.510591 0.653102 0.508823 0.676698
0 0.472501 0.794487 0.474538 0.774414 0.460663 0.769964 0.458627 0.790038
0 0.702816 0.791215 0.711718 0.770865 0.70315 0.759019 0.694248 0.77937
0 0.453336 0.826288 0.461752 0.78818 0.449681 0.779754 0.441265 0.817863
0 0.185816 0.40976 0.224722 0.368902 0.188276 0.259219 0.14937 0.300077
0 0.490113 0.827014 0.489133 0.786234 0.475546 0.787265 0.476526 0.828045
0 1.00607 0.802834 1.00534 0.7346 0.981868 0.735387 0.982591 0.80362
0 0.871242 0.757429 0.876401 0.73808 0.863156 0.72692 0.857997 0.746269
0 0.621007 0.682435 0.620984 0.657452 0.604664 0.657499 0.604686 0.682482
0 0.661275 0.677469 0.664952 0.656939 0.654786 0.651182 0.651108 0.671713
0 0.446054 0.763415 0.448976 0.745268 0.439678 0.740538 0.436757 0.758685
0 0.204131 0.718482 0.274831 0.680327 0.243856 0.49893 0.173156 0.537085
0 0.509647 0.73771 0.511125 0.718881 0.501728 0.716549 0.50025 0.735378
0 0.46529 0.859825 0.464303 0.836462 0.446622 0.838824 0.447609 0.862187
0 0.81485 0.636093 0.827006 0.622885 0.815723 0.590062 0.803567 0.603269
0 0.645932 0.775219 0.651329 0.747651 0.640595 0.741009 0.635198 0.768578
0 0.548791 0.86919 0.558106 0.840954 0.547516 0.829913 0.538201 0.858149
0 0.194331 0.0952996 0.209 0.0873839 0.195936 0.010872 0.181267 0.0187877
0 0.472818 0.777297 0.475813 0.74641 0.459836 0.741514 0.456841 0.772401
0 0.833299 0.74824 0.837273 0.728126 0.827315 0.721909 0.823341 0.742022
0 0.92732 0.538983 0.933863 0.512068 0.916832 0.498983 0.910289 0.525898
0 0.958069 0.569644 0.95812 0.542687 0.936847 0.542559 0.936796 0.569516
0 0.449648 0.79568 0.453784 0.771736 0.441479 0.765018 0.437343 0.788961
0 0.273215 0.384429 0.273248 0.344497 0.25064 0.344438 0.250608 0.38437
0 0.815784 0.556239 0.823457 0.536385 0.805041 0.513891 0.797368 0.533745
0 0.950152 0.542026 0.953875 0.524327 0.939184 0.514559 0.93546 0.532258
0 0.505812 0.905543 0.514687 0.889475 0.502616 0.868402 0.493741 0.88447
0 0.911231 0.518786 0.915408 0.497131 0.906075 0.491443 0.901899 0.513098
0 0.286048 0.994306 0.327009 0.981557 0.308194 0.790505 0.267233 0.803254
0 0.883901 0.501417 0.883722 0.475297 0.872345 0.475544 0.872524 0.501663
0 0.45898 0.78271 0.461967 0.766588 0.450549 0.759901 0.447561 0.776023
0 0.917013 0.565975 0.917954 0.538071 0.903396 0.536521 0.902456 0.564425
0 0.976038 0.78676 0.979886 0.765867 0.967359 0.758576 0.963511 0.779469
0 0.658476 0.933558 0.662483 0.892675 0.643408 0.886766 0.639401 0.927649
0 0.926437 0.551934 0.934546 0.530762 0.919906 0.513041 0.911797 0.534212
0 0.434489 1.01384 0.448039 0.984771 0.434716 0.965145 0.421166 0.994214
0 0.692509 0.788578 0.700905 0.766573 0.691267 0.754953 0.682872 0.776958
0 0.186182 0.27763 0.193108 0.213175 0.152147 0.199264 0.145221 0.263719
0 0.644511 0.863458 0.646942 0.831072 0.630466 0.827164 0.628035 0.859551
0 0.307404 0.829707 0.332439 0.773232 0.284118 0.705535 0.259083 0.76201
0 0.932263 0.774919 0.941144 0.759285 0.927922 0.735548 0.919042 0.751181
0 0.347094 0.925382 0.360873 0.88566 0.343928 0.867082 0.330149 0.906804
0 0.445168 0.854863 0.448601 0.833886 0.434784 0.826739 0.431351 0.847716
0 0.495136 0.683598 0.497449 0.664077 0.484686 0.659297 0.482372 0.678818
0 0.67729 0.88502 0.698979 0.840906 0.682575 0.815415 0.660885 0.859529
0 0.588115 0.89747 0.601149 0.876706 0.592324 0.859197 0.579289 0.87996
0 0.97461 0.834321 0.981051 0.805067 0.961593 0.791528 0.955152 0.820781
0 0.69757 0.833197 0.703953 0.802428 0.693513 0.795584 0.68713 0.826352
0 0.367011 0.905036 0.377926 0.867163 0.360386 0.851187 0.349471 0.88906
0 0.686724 0.666419 0.696162 0.630088 0.682765 0.619089 0.673327 0.655421
0 0.612408 0.762244 0.6181 0.741773 0.605067 0.730321 0.599376 0.750792
0 0.806608 0.794231 0.804967 0.740553 0.779783 0.742986 0.781424 0.796664
