0 0.993484 0.969263 1.00755 0.853246 0.806599 0.776233 0.792531 0.89225
0 0.675799 0.820325 0.683747 0.763247 0.634082 0.74139 0.626134 0.798468
0 0.444764 0.808521 0.446331 0.779125 0.428699 0.776155 0.427133 0.805551
0 0.0798719 0.84987 0.0908801 0.807037 0.0764899 0.795348 0.0654817 0.838181
0 0.415612 0.741618 0.417668 0.716177 0.404508 0.712816 0.402453 0.738257
0 0.448475 0.76232 0.450271 0.741992 0.438942 0.738828 0.437146 0.759157
0 0.400449 0.981258 0.40154 0.935144 0.376983 0.933309 0.375892 0.979422
0 0.52559 0.926997 0.527666 0.894631 0.508715 0.89079 0.50664 0.923156
0 0.062786 0.841706 0.0699156 0.814961 0.049315 0.797605 0.0421855 0.82435
0 0.520936 0.818684 0.529258 0.789084 0.510567 0.772475 0.502245 0.802075
0 0.0500036 0.74835 0.0499623 0.727915 0.0353203 0.728009 0.0353616 0.748444
0 0.163302 0.900075 0.1627 0.853265 0.13776 0.854277 0.138361 0.901088
0 0.0355926 0.960172 0.0440607 0.929104 0.0318522 0.918587 0.0233841 0.949654
0 0.0888505 0.799185 0.112587 0.774122 0.106794 0.756783 0.0830575 0.781846
0 0.562883 0.756825 0.563742 0.732194 0.547213 0.730372 0.546354 0.755003
0 0.721233 0.793547 0.722264 0.769846 0.710443 0.768221 0.709411 0.791922
0 0.539852 0.776463 0.542343 0.754831 0.529059 0.749996 0.526568 0.771628
0 0.969969 0.663564 0.969376 0.630585 0.953558 0.631485 0.954152 0.664464
0 0.566785 0.772088 0.572804 0.748885 0.563163 0.74098 0.557143 0.764183
0 0.536437 0.849851 0.546992 0.833274 0.535345 0.809835 0.52479 0.826413
0 0.0932291 0.759465 0.093565 0.736824 0.0766825 0.736033 0.0763466 0.758674
0 0.37554 0.74277 0.391666 0.717384 0.367881 0.669629 0.351754 0.695015
0 0.0404162 0.902534 0.0518018 0.877402 0.0430675 0.864896 0.0316819 0.890028
0 0.595868 0.921258 0.595143 0.896955 0.57982 0.898399 0.580545 0.922703
0 0.46809 0.757297 0.472116 0.741611 0.459688 0.731528 0.455661 0.747214
0 0.566382 0.910937 0.571193 0.871668 0.55331 0.864744 0.548499 0.904013
0 0.0140064 1.0135 0.0565969 0.995098 0.0505186 0.950637 0.00792809 0.969039
0 0.406961 0.60348 0.405636 0.547225 0.3735 0.549617 0.374825 0.605872
0 0.45046 0.730773 0.452775 0.709885 0.439042 0.705076 0.436727 0.725964
0 0.766927 0.791244 0.775878 0.765989 0.755506 0.743167 0.746554 0.768422
0 0.475071 0.74294 0.47865 0.719411 0.462257 0.711531 0.458678 0.73506
0 0.589398 0.806238 0.594867 0.784745 0.585157 0.776935 0.579687 0.798428
0 0.707696 0.796274 0.710668 0.772903 0.699038 0.768228 0.696066 0.7916
0 0.504945 0.854746 0.502649 0.81688 0.478454 0.821518 0.480751 0.859383
0 0.394118 0.883865 0.397064 0.84455 0.376026 0.839567 0.373079 0.878882
0 0.0474451 0.917227 0.0481445 0.896637 0.0314295 0.894842 0.0307301 0.915432
0 1.00049 0.800392 1.00611 0.755172 0.97508 0.742982 0.969459 0.788201
0 0.535627 0.804929 0.537222 0.78348 0.526901 0.781053 0.525305 0.802502
0 0.74789 0.767695 0.750367 0.742355 0.73937 0.738957 0.736892 0.764297
0 0.520304 0.845116 0.526025 0.819804 0.515079 0.811984 0.509358 0.837297
0 0.588807 0.764302 0.597717 0.753979 0.587952 0.727345 0.579043 0.737668
0 0.368628 0.812605 0.366482 0.769184 0.344801 0.772569 0.346947 0.81599
0 0.573514 0.831793 0.575942 0.796501 0.561467 0.793353 0.559039 0.828646
0 0.0108658 0.853934 0.0194428 0.831438 0.00475478 0.813739 -0.00382219 0.836234
0 0.822398 0.725028 0.83175 0.697128 0.821577 0.68635 0.812224 0.71425
0 0.0561177 0.856543 0.0629212 0.835536 0.0534875 0.825879 0.0466839 0.846886
0 0.00925072 0.999965 0.0138076 0.974402 0.00246577 0.968012 -0.00209116 0.993575
0 0.568411 0.869475 0.579859 0.838167 0.567934 0.824385 0.556485 0.855692
0 0.0679399 0.822324 0.080013 0.796412 0.0701539 0.781894 0.0580808 0.807807
0 0.54569 0.715676 0.546167 0.69233 0.535025 0.691611 0.534548 0.714957
0 0.0581841 1.00368 0.0728352 0.971128 0.0633893 0.957693 0.0487381 0.990249
0 0.58785 0.648748 0.589885 0.620963 0.574939 0.617503 0.572904 0.645289
0 0.811363 0.553978 0.812679 0.532085 0.79728 0.52916 0.795964 0.551053
0 0.0961321 0.874819 0.0989799 0.841254 0.0776062 0.835523 0.0747584 0.869087
0 0.0461615 0.690996 0.0469607 0.660863 0.0293111 0.659383 0.0285119 0.689517
0 0.39766 0.778084 0.408403 0.738777 0.394899 0.727112 0.384156 0.766419
0 0.734667 0.760591 0.736003 0.74011 0.723878 0.737609 0.722542 0.75809
0 0.0148656 0.714803 0.0151614 0.652435 -0.00319388 0.652159 -0.00348964 0.714528
0 0.0719062 0.858472 0.0758372 0.841565 0.0644117 0.833169 0.0604807 0.850076
0 0.789578 0.761604 0.792892 0.739501 0.781462 0.734085 0.778148 0.756188
0 0.488197 0.806235 0.490971 0.782864 0.479673 0.778627 0.4769 0.801998
0 0.743324 0.67799 0.75004 0.658774 0.73586 0.643112 0.729144 0.662328
0 0.410508 0.526879 0.42011 0.464031 0.4004 0.454514 0.390798 0.517362
0 0.04089 0.917913 0.0428962 0.895351 0.0270768 0.890906 0.0250706 0.913468
0 0.732189 0.788843 0.73434 0.76758 0.721472 0.763465 0.719321 0.784729
0 0.377445 0.902487 0.383788 0.878761 0.367001 0.864576 0.360658 0.888303
0 0.427667 0.812794 0.429656 0.78962 0.415251 0.785713 0.413262 0.808887
0 0.101918 0.723603 0.102861 0.703333 0.0898363 0.701419 0.0888938 0.721689
0 0.538099 0.889109 0.544878 0.855839 0.531816 0.847428 0.525037 0.880698
0 0.671332 0.755214 0.672289 0.736157 0.659431 0.734118 0.658474 0.753175
0 0.438891 0.743865 0.44165 0.728144 0.430072 0.721723 0.427313 0.737443
0 0.504686 0.88227 0.508033 0.861619 0.493769 0.854314 0.490422 0.874965
0 0.678325 0.741091 0.680086 0.722039 0.666201 0.717984 0.664441 0.737036
0 0.415274 0.762546 0.419638 0.742118 0.408313 0.734474 0.40395 0.754902
0 0.478512 0.875786 0.480726 0.852267 0.46629 0.847973 0.464077 0.871493
0 0.0563462 0.881294 0.0656278 0.859624 0.057753 0.848964 0.0484715 0.870634
0 0.095004 0.821009 0.101648 0.802748 0.092152 0.791828 0.085508 0.810089
0 0.758827 0.612317 0.760656 0.58769 0.744831 0.583977 0.743003 0.608604
0 0.419924 0.79205 0.419794 0.752106 0.395407 0.752357 0.395537 0.792301
0 0.0504516 0.974078 0.0580209 0.949128 0.0464638 0.938047 0.0388945 0.962997
0 0.18514 0.373587 0.208217 0.333767 0.171711 0.266902 0.148634 0.306722
0 0.734171 0.726127 0.740793 0.705117 0.731061 0.695423 0.724439 0.716433
0 0.491289 0.876505 0.49248 0.854067 0.479937 0.851963 0.478746 0.8744
0 0.370172 0.761214 0.370706 0.738403 0.356649 0.737362 0.356115 0.760173
0 0.432196 0.723597 0.437575 0.704904 0.428385 0.696546 0.423006 0.715238
0 1.00507 0.38217 1.01784 0.290917 0.976005 0.272421 0.963239 0.363674
0 0.700662 0.731369 0.710314 0.707479 0.701918 0.696759 0.692267 0.720649
0 0.0594738 0.951368 0.0695648 0.926974 0.0599514 0.914406 0.0498604 0.938799
0 0.275031 0.682711 0.292753 0.583602 0.233011 0.54984 0.21529 0.648949
0 0.755232 0.755591 0.764934 0.73175 0.754012 0.717703 0.74431 0.741544
0 0.419072 0.878433 0.427006 0.860893 0.413817 0.842038 0.405883 0.859578
0 0.234849 0.389342 0.239991 0.354204 0.218886 0.344445 0.213745 0.379583
0 0.0658569 0.897917 0.0779859 0.872752 0.0680664 0.857642 0.0559374 0.882807
0 0.588757 0.710137 0.592164 0.694649 0.582551 0.687967 0.579144 0.703455
0 0.116312 0.325253 0.116176 0.279012 0.0936284 0.279222 0.0937645 0.325463
0 0.414459 0.902435 0.416622 0.882994 0.404603 0.878769 0.40244 0.89821
0 0.263669 0.393974 0.272599 0.369717 0.250589 0.34411 0.24166 0.368367
0 0.17085 0.270372 0.175297 0.202762 0.132879 0.193943 0.128432 0.261553
0 0.451724 0.931877 0.452884 0.91121 0.438484 0.908657 0.437325 0.929325
0 0.0580816 0.908298 0.0624181 0.888031 0.05164 0.880742 0.0473034 0.901009
0 0.440099 0.89401 0.439728 0.874363 0.422571 0.875386 0.422942 0.895034
0 0.00338726 0.890189 0.0172022 0.864529 0.00815212 0.84913 -0.00566282 0.874789
0 0.656232 0.851959 0.660618 0.803005 0.627787 0.793709 0.623402 0.842663
0 0.707044 0.770106 0.710776 0.752329 0.702874 0.747086 0.699142 0.764863
0 0.861158 0.563814 0.864305 0.53578 0.853146 0.53182 0.849999 0.559854
0 0.0631337 0.971661 0.0780724 0.947125 0.0697407 0.931092 0.054802 0.955629
0 0.404736 0.846994 0.402461 0.818763 0.380024 0.824479 0.3823 0.85271
0 0.552535 0.828051 0.554242 0.802644 0.540544 0.799736 0.538837 0.825143
0 0.0887926 0.803223 0.105096 0.785267 0.099413 0.768958 0.0831094 0.786914
0 0.823449 0.698396 0.826181 0.669749 0.808404 0.66439 0.805672 0.693037
0 0.158319 0.112731 0.188295 0.061545 0.138074 -0.0314091 0.108098 0.0197766
0 0.0279361 0.648669 0.0302587 0.62434 0.0138131 0.619378 0.0114905 0.643707
0 0.262869 0.743033 0.263714 0.702049 0.214667 0.698851 0.213821 0.739834
0 0.622174 0.760114 0.624063 0.734063 0.61182 0.731256 0.609931 0.757307
0 0.660066 0.746663 0.662159 0.721599 0.647441 0.717715 0.645348 0.742779
0 0.463857 0.881486 0.466591 0.861753 0.453531 0.856032 0.450796 0.875766
0 0.0749479 0.906996 0.0926519 0.880555 0.0835242 0.861239 0.0658203 0.88768
0 0.739229 0.745546 0.743094 0.722758 0.732234 0.716938 0.72837 0.739726
0 0.0586935 0.102736 0.0917496 0.0119905 0.0640666 -0.0198804 0.0310105 0.0708651
0 0.4707 0.991866 0.47571 0.961856 0.460907 0.954045 0.455897 0.984055
0 0.561883 0.704689 0.566288 0.684532 0.555258 0.676914 0.550853 0.697071
0 0.430105 0.828842 0.432702 0.803584 0.418179 0.798864 0.415582 0.824123
0 0.422779 0.965712 0.427845 0.941905 0.417252 0.934781 0.412187 0.958588
0 0.110242 0.766507 0.119067 0.745417 0.110037 0.733476 0.101212 0.754566
0 0.479865 1.00075 0.491795 0.971951 0.480112 0.956656 0.468181 0.985458
0 0.634873 0.732467 0.635767 0.715007 0.622106 0.712796 0.621212 0.730256
0 0.394551 0.734058 0.402877 0.712857 0.387814 0.694161 0.379488 0.715361
0 0.513339 0.713715 0.514413 0.694257 0.502931 0.692254 0.501857 0.711712
0 0.514425 0.846573 0.523727 0.822418 0.514447 0.811123 0.505145 0.835279
