0 0.482257 1.00875 0.493306 0.902038 0.426606 0.880213 0.415558 0.986929
0 0.986635 1.07561 1.02323 0.865372 0.813324 0.749895 0.77673 0.960128
0 0.580774 0.991701 0.565092 0.922909 0.517491 0.957204 0.533173 1.026
0 0.389995 0.951343 0.414506 0.904001 0.39734 0.875911 0.372828 0.923253
0 0.493591 0.920511 0.497438 0.865917 0.462115 0.858051 0.458268 0.912645
0 0.544001 0.601479 0.542327 0.547185 0.513752 0.549968 0.515425 0.604263
0 0.173027 0.786117 0.175486 0.75998 0.16056 0.755543 0.158102 0.78168
0 0.15783 0.796924 0.16251 0.771397 0.143223 0.760223 0.138543 0.78575
0 0.60313 0.87149 0.605787 0.83643 0.58927 0.832474 0.586613 0.867534
0 0.402428 0.898299 0.405447 0.849032 0.377678 0.843655 0.37466 0.892922
0 0.19086 0.598036 0.183982 0.546692 0.144984 0.563202 0.151861 0.614545
0 0.586208 0.880592 0.593194 0.85837 0.578596 0.843867 0.571611 0.866089
0 0.673882 0.603665 0.675003 0.55931 0.647849 0.557142 0.646728 0.601496
0 0.0412835 0.842748 0.0437551 0.794927 0.0241137 0.791719 0.0216421 0.839539
0 0.424929 0.947623 0.428582 0.906345 0.407235 0.900374 0.403582 0.941652
0 0.584607 0.940525 0.585272 0.893445 0.560866 0.892355 0.560201 0.939435
0 0.495145 0.876605 0.504054 0.840508 0.489379 0.829061 0.48047 0.865158
0 0.0632792 0.855792 0.0617607 0.823331 0.0396136 0.826605 0.041132 0.859066
0 0.0310062 0.892264 0.0329802 0.864245 0.0126587 0.85972 0.0106848 0.887739
0 0.191477 0.750246 0.193715 0.722111 0.170349 0.716238 0.168112 0.744373
0 0.568069 0.904205 0.570841 0.860626 0.547334 0.855901 0.544562 0.899479
0 0.0258282 0.830494 0.0282508 0.784364 0.00170684 0.779958 -0.000715741 0.826088
0 0.584977 0.896394 0.58598 0.871946 0.570722 0.869969 0.56972 0.894417
0 0.144577 1.01488 0.192395 0.996043 0.187182 0.95421 0.139364 0.973044
0 0.594663 0.753987 0.602756 0.730799 0.587492 0.713963 0.579399 0.737151
0 0.692337 0.644659 0.686833 0.607872 0.656043 0.622432 0.661546 0.659219
0 0.0990211 0.926946 0.112221 0.8904 0.0958778 0.871744 0.082678 0.908291
0 0.789983 1.04384 0.840108 0.962007 0.757856 0.802769 0.70773 0.884599
0 0.171821 0.984455 0.216533 0.859438 0.165378 0.801615 0.120665 0.926632
0 0.312428 0.958168 0.313092 0.928647 0.293191 0.927233 0.292527 0.956753
0 0.120958 0.924577 0.12024 0.89757 0.102765 0.899038 0.103483 0.926045
0 0.613169 0.859251 0.616342 0.838129 0.603782 0.832165 0.600609 0.853287
0 0.404098 0.992228 0.415267 0.964165 0.404378 0.950469 0.393209 0.978532
0 0.246952 0.974428 0.253449 0.953836 0.243666 0.94408 0.237169 0.964672
0 0.0462816 0.882868 0.047673 0.848701 0.0304573 0.846485 0.0290658 0.880652
0 0.39226 0.864368 0.418884 0.845666 0.412459 0.816761 0.385836 0.835463
0 0.242093 1.00558 0.242925 0.982598 0.225682 0.980626 0.22485 1.00361
0 0.519128 0.950293 0.529098 0.923598 0.512617 0.904143 0.502647 0.930839
0 0.523551 0.711594 0.522266 0.685262 0.500554 0.68861 0.501839 0.714943
0 0.60427 0.8956 0.60507 0.869467 0.587553 0.867773 0.586753 0.893906
0 0.511169 0.944204 0.509827 0.902065 0.489306 0.904132 0.490648 0.94627
0 0.0804181 0.838762 0.081189 0.794227 0.0566812 0.792887 0.0559103 0.837421
0 0.432199 0.977991 0.435765 0.934908 0.412577 0.928842 0.409011 0.971925
0 0.498413 0.841196 0.511118 0.806143 0.500722 0.794234 0.488017 0.829287
0 0.432722 0.911162 0.440008 0.843793 0.409734 0.833445 0.402448 0.900814
0 0.142556 0.818946 0.146224 0.783191 0.128059 0.777302 0.124391 0.813056
0 0.3205 0.988092 0.327316 0.965883 0.316934 0.955812 0.310118 0.978021
0 0.208682 0.749192 0.209472 0.717794 0.192627 0.716454 0.191837 0.747852
0 0.293592 0.976137 0.29379 0.950841 0.276437 0.95041 0.276239 0.975706
0 0.52435 0.983798 0.53814 0.949605 0.524697 0.932469 0.510906 0.966662
0 0.425358 0.997549 0.426558 0.97483 0.407179 0.971595 0.405979 0.994314
0 0.187628 0.769891 0.19 0.74856 0.178239 0.744427 0.175867 0.765758
0 0.0963765 0.714176 0.110177 0.673601 0.0799634 0.641124 0.0661632 0.681699
0 0.186723 0.707995 0.193612 0.682734 0.18306 0.67364 0.176171 0.6989
0 0.516108 0.902604 0.521841 0.847506 0.500272 0.840413 0.494539 0.895511
0 0.429984 0.794786 0.426936 0.755489 0.402848 0.761395 0.405896 0.800692
0 0.53518 0.881008 0.536261 0.849701 0.520243 0.847953 0.519163 0.879261
0 0.214082 1.01271 0.22293 0.978381 0.205708 0.964354 0.19686 0.998688
0 0.47243 0.562807 0.479744 0.521268 0.460167 0.510375 0.452854 0.551914
0 0.163556 0.707448 0.176804 0.691604 0.169833 0.673181 0.156585 0.689025
0 0.230177 0.993019 0.246636 0.963119 0.234783 0.942499 0.218324 0.972399
0 0.538073 0.686657 0.539348 0.660555 0.52287 0.65801 0.521594 0.684111
0 0.267062 1.00863 0.273361 0.975049 0.246314 0.959016 0.240016 0.992595
0 0.501969 0.794583 0.504822 0.773158 0.493367 0.768336 0.490513 0.789761
0 0.293449 0.997472 0.306391 0.976209 0.297336 0.958791 0.284394 0.980054
0 0.489988 1.00771 0.49098 0.973977 0.464878 0.971552 0.463886 1.00529
0 0.520705 0.814744 0.528477 0.793944 0.512393 0.77495 0.504621 0.795749
0 0.232696 0.944188 0.236933 0.916967 0.220386 0.908826 0.216149 0.936048
0 0.022236 0.787498 0.0216953 0.75385 -0.000797684 0.754992 -0.000256937 0.78864
0 0.494032 0.691538 0.503891 0.664783 0.49426 0.653567 0.484401 0.680321
0 0.588999 0.850495 0.591265 0.827097 0.578596 0.82322 0.57633 0.846617
0 0.244885 0.942815 0.253182 0.918201 0.242939 0.907288 0.234642 0.931903
0 0.651088 0.629557 0.659294 0.597991 0.635714 0.578619 0.627509 0.610185
0 0.175743 0.631398 0.17846 0.606822 0.164936 0.602097 0.162219 0.626673
0 0.0507822 0.915157 0.0678936 0.895158 0.0602692 0.87454 0.0431577 0.894539
0 0.288213 0.997869 0.290642 0.975232 0.272418 0.969052 0.269988 0.991689
0 0.173478 0.72168 0.180434 0.701153 0.169333 0.689264 0.162377 0.709791
0 0.509357 0.781409 0.513273 0.763017 0.499467 0.753725 0.49555 0.772117
0 0.368698 0.73083 0.379527 0.689411 0.361769 0.674737 0.35094 0.716156
0 0.160366 0.811198 0.162992 0.792308 0.149412 0.786343 0.146786 0.805233
0 0.619738 0.883116 0.623344 0.859425 0.609932 0.852973 0.606326 0.876664
0 0.57412 0.88108 0.577505 0.860641 0.566001 0.854621 0.562616 0.87506
0 0.381779 0.970725 0.386 0.919726 0.358091 0.912425 0.353869 0.963425
0 0.519202 0.760537 0.52228 0.734749 0.509793 0.730039 0.506715 0.755827
0 0.178149 0.764855 0.180974 0.745099 0.163062 0.737003 0.160236 0.756759
0 0.536295 0.861208 0.541837 0.847688 0.528842 0.830852 0.5233 0.844372
0 0.207097 0.431113 0.237348 0.365461 0.192413 0.300022 0.162162 0.365674
0 0.0360854 0.866486 0.0338579 0.832719 0.0108206 0.837522 0.0130481 0.871289
0 0.611768 1.01894 0.62285 0.946791 0.574884 0.923507 0.563803 0.995654
0 0.177033 0.80372 0.178075 0.782778 0.165486 0.780798 0.164444 0.80174
0 0.328519 0.940439 0.337806 0.909323 0.326507 0.898665 0.31722 0.929781
0 0.307978 0.933795 0.311077 0.907979 0.297846 0.902958 0.294746 0.928774
0 0.526863 0.840091 0.532613 0.822113 0.520607 0.809976 0.514856 0.827953
0 0.14591 0.834197 0.156722 0.811362 0.147317 0.797288 0.136505 0.820123
0 0.283464 0.808611 0.292363 0.78974 0.283692 0.776816 0.274793 0.795687
0 0.570526 0.131755 0.567511 0.0811825 0.531328 0.0879998 0.534343 0.138572
0 0.397377 0.974351 0.416205 0.940992 0.402421 0.916403 0.383592 0.949763
0 0.111467 0.327117 0.116278 0.284593 0.0934754 0.276439 0.088664 0.318963
0 0.513223 0.967786 0.518304 0.941762 0.505616 0.933932 0.500534 0.959956
0 0.081014 0.875008 0.0807725 0.840264 0.0592594 0.840736 0.059501 0.87548
0 0.349455 0.932114 0.357211 0.90506 0.344361 0.893418 0.336605 0.920471
0 0.636059 0.93458 0.638206 0.901428 0.62092 0.897889 0.618773 0.931041
0 0.524033 0.857388 0.52829 0.839517 0.515104 0.829588 0.510846 0.847459
0 0.261324 0.963038 0.265713 0.941981 0.254402 0.93453 0.250014 0.955587
0 0.298658 0.975742 0.299272 0.952208 0.28212 0.950793 0.281506 0.974327
0 0.173185 0.405947 0.177352 0.370637 0.136888 0.355544 0.132721 0.390855
0 0.198927 0.72669 0.201144 0.705882 0.187894 0.701421 0.185677 0.722229
0 0.0466695 0.936548 0.0692455 0.920235 0.0643606 0.898869 0.0417846 0.915182
0 0.603902 0.919409 0.606405 0.895283 0.589009 0.889581 0.586507 0.913708
0 0.465803 0.827143 0.464573 0.78904 0.441261 0.791417 0.44249 0.829521
0 0.0388646 0.867621 0.0347713 0.826038 -0.00420942 0.838165 -0.000116175 0.879748
0 0.609192 0.677263 0.612683 0.642498 0.59644 0.637342 0.592948 0.672107
0 0.196779 0.619111 0.203141 0.597601 0.193962 0.589022 0.187601 0.610532
0 0.752808 0.678529 0.752721 0.637131 0.729911 0.637284 0.729999 0.678682
0 0.182401 0.687535 0.187317 0.665007 0.175704 0.656997 0.170788 0.679525
0 0.51216 0.686392 0.516535 0.665531 0.504945 0.657849 0.50057 0.67871
0 0.426894 0.739346 0.428433 0.717452 0.415488 0.714575 0.413948 0.736468
0 0.105862 0.859503 0.104269 0.817937 0.0725298 0.821782 0.0741229 0.863348
0 0.00392593 0.63361 0.0176303 0.612612 0.0110267 0.598991 -0.00267766 0.619988
0 0.602278 0.636287 0.604184 0.61423 0.591882 0.610871 0.589977 0.632928
0 0.163025 0.829146 0.164544 0.810804 0.154627 0.808208 0.153108 0.826551
0 0.148341 0.749105 0.153042 0.730325 0.143355 0.722662 0.138655 0.741442
0 0.528616 0.696913 0.530935 0.677945 0.517678 0.672824 0.51536 0.691792
0 0.156205 0.73156 0.162995 0.710948 0.154027 0.701611 0.147237 0.722223
0 0.628966 0.629885 0.665427 0.53729 0.632507 0.496322 0.596046 0.588917
0 0.577657 0.768323 0.583807 0.735099 0.571149 0.727693 0.564998 0.760917
0 0.552565 0.746423 0.554271 0.726425 0.541782 0.723058 0.540076 0.743055
0 0.159464 0.875019 0.161863 0.84601 0.144739 0.841534 0.14234 0.870544
0 0.443588 0.768626 0.448506 0.73388 0.430844 0.725979 0.425926 0.760724
0 0.657789 0.109308 0.668297 0.0481217 0.649337 0.0378317 0.63883 0.0990185
0 0.417089 0.756024 0.422114 0.734882 0.408563 0.724703 0.403538 0.745844
0 0.108059 0.674134 0.111158 0.652383 0.0979835 0.646452 0.0948849 0.668203
0 0.722431 0.173278 0.720816 0.125008 0.698994 0.127317 0.700609 0.175586
0 0.434636 0.847531 0.446946 0.80583 0.428578 0.788692 0.416267 0.830393
0 0.291763 0.844894 0.2931 0.829045 0.283192 0.826403 0.281855 0.842253
0 0.0909388 0.818423 0.0928748 0.794755 0.077698 0.790832 0.075762 0.814499
0 0.293439 0.931347 0.297035 0.913628 0.286272 0.906723 0.282676 0.924442
0 0.504832 0.411907 0.501379 0.377991 0.473563 0.386942 0.477016 0.420858
0 0.183981 0.722686 0.185583 0.704359 0.174828 0.701388 0.173226 0.719715
0 0.276706 0.887024 0.285608 0.860312 0.275691 0.849868 0.266789 0.876579
0 0.266934 0.938997 0.271545 0.919069 0.260803 0.911215 0.256193 0.931142
0 0.49554 0.728823 0.497044 0.707072 0.486673 0.704806 0.485169 0.726558
0 0.114417 0.857521 0.139456 0.829578 0.130459 0.804099 0.10542 0.832042
0 0.340417 0.937823 0.350134 0.917721 0.341492 0.90452 0.331776 0.924621
0 0.162804 0.849065 0.163886 0.827057 0.153596 0.82546 0.152515 0.847467
0 0.0771141 0.915271 0.0926456 0.890354 0.0847642 0.874827 0.0692328 0.899744
0 0.230235 0.773316 0.232266 0.751707 0.211022 0.745397 0.208991 0.767005
0 0.00986091 0.84258 0.0119403 0.814993 -0.00345348 0.811326 -0.00553287 0.838913
0 0.623191 0.413437 0.638261 0.359965 0.619368 0.343136 0.604298 0.396608
0 0.631395 0.122866 0.648804 0.0144408 0.570253 -0.0254207 0.552844 0.0830044
0 0.15589 0.875795 0.157039 0.850665 0.14181 0.848465 0.140661 0.873595
0 0.176258 0.758731 0.177962 0.739304 0.158566 0.733928 0.156862 0.753354
0 0.20789 0.722153 0.222227 0.690481 0.210176 0.673241 0.195839 0.704912
0 0.00453256 0.660505 0.0133344 0.630713 0.00415782 0.622144 -0.00464397 0.651936
0 0.267008 0.907453 0.272441 0.885878 0.263071 0.878422 0.257639 0.899997
0 0.734904 0.994481 0.732877 0.912006 0.69549 0.91491 0.697516 0.997385
0 0.0106415 0.90184 0.0124263 0.874727 -0.000637859 0.872009 -0.00242268 0.899122
0 0.26774 0.983694 0.273413 0.958208 0.258233 0.947528 0.25256 0.973014
0 0.107457 0.8046 0.119605 0.786268 0.112619 0.771637 0.100471 0.789969
0 0.274677 0.886749 0.281307 0.861303 0.271269 0.853037 0.264638 0.878483
0 0.0923419 0.291335 0.0983835 0.255013 0.0745025 0.242459 0.0684608 0.27878
0 0.574215 0.719707 0.579707 0.682279 0.562088 0.674107 0.556595 0.711535
0 0.21645 0.971863 0.225589 0.949122 0.218251 0.939803 0.209113 0.962544
0 0.563152 0.417531 0.568585 0.387413 0.552933 0.37849 0.5475 0.408608
0 0.0381473 0.67767 0.0389019 0.660589 0.0273521 0.658976 0.0265975 0.676057
0 0.322789 0.948497 0.329107 0.920631 0.319535 0.913772 0.313217 0.941638
0 0.537541 0.832904 0.542752 0.816636 0.532086 0.805838 0.526875 0.822106
0 0.562716 0.950287 0.570548 0.92834 0.552824 0.908348 0.544991 0.930295
0 0.518874 0.632893 0.523138 0.606341 0.506525 0.597908 0.50226 0.62446
0 0.342264 0.889238 0.344236 0.866392 0.33232 0.863142 0.330348 0.885988
0 0.294416 0.888347 0.295647 0.871358 0.285557 0.869046 0.284326 0.886035
0 0.202138 0.983893 0.213271 0.958217 0.203588 0.944949 0.192456 0.970625
0 0.365981 0.88392 0.369409 0.864492 0.359777 0.859122 0.35635 0.87855
0 0.546791 0.646059 0.560398 0.625001 0.543262 0.590007 0.529656 0.611065
0 0.100929 0.660798 0.102569 0.642251 0.0886822 0.638371 0.0870423 0.656917
0 0.0792705 0.798569 0.0790415 0.75543 0.0436986 0.756023 0.0439276 0.799161
0 0.368514 0.997393 0.38322 0.977874 0.375216 0.958816 0.36051 0.978335
0 0.565062 0.758502 0.566612 0.737208 0.554488 0.734421 0.552939 0.755714
0 0.071027 0.904024 0.086259 0.876993 0.0771689 0.860804 0.0619369 0.887836
0 0.20313 0.122179 0.221853 0.111651 0.200699 -0.00724683 0.181976 0.00328101
0 0.575943 0.856703 0.578503 0.837793 0.568417 0.833477 0.565857 0.852388
0 0.282055 0.85472 0.283315 0.838281 0.273354 0.835868 0.272094 0.852308
0 0.208038 0.943814 0.218349 0.919333 0.208826 0.906656 0.198515 0.931136
0 0.279021 0.993652 0.280933 0.969719 0.267833 0.966411 0.265921 0.990344
0 0.00366777 0.973847 0.0184436 0.954008 0.0117938 0.938355 -0.00298206 0.958194
0 0.316899 0.88569 0.319263 0.869242 0.310233 0.86514 0.307869 0.881588
0 0.581181 0.717324 0.593198 0.640902 0.553608 0.621227 0.541591 0.697649
0 0.381096 0.914357 0.383758 0.88642 0.366963 0.881363 0.364301 0.9093
0 0.543666 0.896538 0.549757 0.866838 0.539012 0.859874 0.532921 0.889573
0 0.155594 0.743291 0.163574 0.720695 0.154981 0.711103 0.147001 0.733699
0 0.433039 0.4198 0.43795 0.359515 0.405114 0.351061 0.400203 0.411346
0 0.0592996 0.957251 0.0764051 0.935067 0.0684972 0.915796 0.0513917 0.93798
