0 0.493666 1.01061 0.512418 0.978344 0.496951 0.949933 0.478199 0.982197
0 0.369564 0.735861 0.385413 0.704725 0.36546 0.672625 0.349611 0.703761
0 0.519845 0.958663 0.515046 0.906725 0.482352 0.916272 0.48715 0.96821
0 0.0973148 0.99909 0.118273 0.945685 0.0942553 0.915897 0.0732974 0.969302
0 0.405299 0.685558 0.408058 0.662011 0.386066 0.653869 0.383307 0.677415
0 0.306493 0.967914 0.31865 0.933521 0.304077 0.917241 0.29192 0.951634
0 0.0405154 1.00119 0.0347727 0.952156 0.000938679 0.964678 0.00668136 1.01372
0 0.378444 0.881121 0.381343 0.853564 0.361087 0.846829 0.358188 0.874386
0 0.984525 1.07354 1.024 0.834136 0.798151 0.716449 0.758679 0.955854
0 0.126071 0.963802 0.149389 0.931028 0.138503 0.906549 0.115185 0.939323
0 0.32834 0.743278 0.3312 0.704585 0.30868 0.699326 0.305821 0.738019
0 0.699437 0.733202 0.714004 0.585784 0.633463 0.560632 0.618897 0.70805
0 0.177889 0.929554 0.19038 0.880526 0.167725 0.862284 0.155234 0.911312
0 0.579701 0.76073 0.583494 0.728826 0.562548 0.720957 0.558755 0.75286
0 0.471516 1.01409 0.479092 0.966466 0.442862 0.948251 0.435286 0.995876
0 0.279883 0.972733 0.285052 0.91961 0.251567 0.909313 0.246398 0.962435
0 0.581882 0.724453 0.59015 0.712914 0.579335 0.688426 0.571068 0.699964
0 0.320629 0.993645 0.330506 0.958118 0.311702 0.941596 0.301825 0.977123
0 0.527147 0.823052 0.528898 0.795557 0.506161 0.790981 0.50441 0.818477
0 0.257983 0.894462 0.263155 0.817974 0.223967 0.809599 0.218795 0.886086
0 0.437074 0.769102 0.438333 0.74589 0.424843 0.743578 0.423584 0.76679
0 0.456872 0.559719 0.469247 0.529585 0.457205 0.513956 0.44483 0.544089
0 0.303619 0.938993 0.305541 0.902618 0.285617 0.89929 0.283694 0.935665
0 0.402145 0.907666 0.428179 0.88445 0.419427 0.853429 0.393392 0.876645
0 0.483431 0.794622 0.48538 0.767282 0.470522 0.763933 0.468573 0.791274
0 0.375664 0.839734 0.401824 0.789005 0.377728 0.749734 0.351568 0.800462
0 0.165669 0.945536 0.168682 0.913056 0.147267 0.906778 0.144254 0.939259
0 0.23401 0.67995 0.238049 0.651248 0.218363 0.642495 0.214324 0.671197
0 0.374142 0.686581 0.377119 0.66107 0.361243 0.655216 0.358266 0.680726
0 0.221559 0.655126 0.222711 0.631438 0.203888 0.628544 0.202736 0.652232
0 0.474083 0.838034 0.478083 0.812361 0.46368 0.805268 0.45968 0.830942
0 0.757196 1.04224 0.826828 0.94767 0.751416 0.772176 0.681784 0.866744
0 0.594161 0.658883 0.59665 0.638828 0.586722 0.634935 0.584234 0.65499
0 0.388992 0.948793 0.390761 0.908642 0.367278 0.905373 0.365509 0.945524
0 0.562663 0.998262 0.568146 0.968736 0.553378 0.960069 0.547895 0.989595
0 0.459296 0.752804 0.461988 0.731321 0.451084 0.727004 0.448392 0.748487
0 0.531691 0.999724 0.534913 0.963194 0.512779 0.957025 0.509557 0.993555
0 0.177832 0.957653 0.196107 0.930085 0.186166 0.909259 0.167892 0.936827
0 0.590505 0.606514 0.59269 0.584908 0.57791 0.580185 0.575725 0.601791
0 0.46689 0.80159 0.471534 0.761846 0.45579 0.756032 0.451146 0.795776
0 0.279173 0.548634 0.286553 0.50685 0.267861 0.496415 0.260481 0.538199
0 0.5716 0.620947 0.574975 0.59758 0.562928 0.592082 0.559553 0.615449
0 0.465094 0.864219 0.480829 0.843173 0.47331 0.825406 0.457575 0.846452
0 0.421169 0.66264 0.419786 0.633112 0.402452 0.635679 0.403836 0.665207
0 0.526405 0.737846 0.52719 0.717467 0.514493 0.715922 0.513708 0.736301
0 0.48466 0.820846 0.511731 0.797714 0.503358 0.766745 0.476287 0.789877
0 0.576763 0.935666 0.577706 0.90474 0.558324 0.902872 0.557381 0.933798
0 0.495585 0.888681 0.501373 0.863697 0.489115 0.85472 0.483326 0.879705
0 0.392186 0.906982 0.404278 0.863017 0.385628 0.846806 0.373536 0.89077
0 0.414863 0.600087 0.426282 0.56278 0.411678 0.548653 0.400259 0.58596
0 0.549011 0.702276 0.549156 0.67445 0.531984 0.674167 0.531839 0.701993
0 0.52746 0.768176 0.529193 0.748844 0.517469 0.745522 0.515736 0.764855
0 0.540483 0.886198 0.544546 0.829163 0.515839 0.8227 0.511776 0.879735
0 0.421538 0.763409 0.425502 0.741319 0.413284 0.734389 0.40932 0.756479
0 0.243649 0.624821 0.244293 0.58554 0.227729 0.584682 0.227086 0.623964
0 0.578393 0.906149 0.577682 0.88134 0.553523 0.88353 0.554235 0.908339
0 0.485178 0.71892 0.487795 0.70184 0.477633 0.696921 0.475017 0.714
0 0.364746 0.797293 0.372116 0.743477 0.330807 0.725599 0.323437 0.779415
0 0.548689 1.00861 0.554215 0.978029 0.53986 0.969833 0.534334 1.00042
0 0.385622 0.863334 0.394857 0.82586 0.380943 0.815022 0.371708 0.852496
0 0.513951 0.913676 0.516135 0.887235 0.500051 0.883035 0.497866 0.909476
0 0.45634 0.833456 0.462188 0.809404 0.44876 0.799087 0.442913 0.823139
0 0.314734 1.00474 0.314734 0.983465 0.300018 0.983466 0.300018 1.00474
0 0.205991 0.903638 0.225705 0.885345 0.219902 0.865578 0.200187 0.883871
0 0.559318 0.9185 0.558178 0.898159 0.542949 0.900856 0.544089 0.921197
0 0.505235 0.767351 0.511058 0.745515 0.496912 0.733594 0.49109 0.75543
0 0.506099 0.851613 0.511492 0.822891 0.48319 0.806095 0.477797 0.834816
0 0.52615 0.92693 0.528895 0.901798 0.513522 0.896492 0.510777 0.921624
0 0.476179 0.751877 0.481558 0.721459 0.465357 0.712406 0.459979 0.742824
0 0.498844 0.906624 0.502065 0.88283 0.490553 0.877904 0.487331 0.901698
0 0.481091 0.867642 0.489428 0.847684 0.480538 0.835948 0.472201 0.855906
0 0.453993 0.978622 0.469863 0.930737 0.446589 0.90636 0.43072 0.954245
0 0.0666565 0.356666 0.0855146 0.340984 0.0726769 0.292195 0.0538188 0.307877
0 0.399035 0.608269 0.402981 0.583076 0.386179 0.574757 0.382233 0.59995
0 0.363483 0.739759 0.361603 0.702567 0.328399 0.707871 0.330279 0.745063
0 0.58333 0.650032 0.585007 0.628764 0.574226 0.626077 0.572549 0.647345
0 0.281445 0.909016 0.283906 0.882371 0.263091 0.876294 0.26063 0.902939
0 0.228528 0.635687 0.231109 0.609141 0.215355 0.6043 0.212774 0.630846
0 0.228824 0.618203 0.230492 0.59548 0.212538 0.591316 0.21087 0.614038
0 0.141252 1.00182 0.157899 0.970491 0.147752 0.953452 0.131104 0.984784
0 0.561764 0.650926 0.565866 0.630732 0.553157 0.622572 0.549055 0.642766
0 0.571866 0.830788 0.574608 0.795209 0.549611 0.78912 0.546869 0.824699
0 0.242059 0.805632 0.248705 0.782241 0.238511 0.773086 0.231865 0.796477
0 0.539434 0.786803 0.540641 0.765765 0.527005 0.763291 0.525797 0.784329
0 0.540144 0.761563 0.541137 0.740031 0.527738 0.738078 0.526745 0.75961
0 0.600279 0.746581 0.601812 0.728921 0.591788 0.72617 0.590255 0.74383
0 0.568279 0.969592 0.574942 0.936365 0.56131 0.927726 0.554647 0.960953
0 0.220945 0.49617 0.25109 0.473819 0.243547 0.441666 0.213402 0.464017
0 0.443895 0.567137 0.444387 0.547988 0.429226 0.546755 0.428733 0.565905
0 0.117845 0.98051 0.131098 0.947447 0.120099 0.933513 0.106846 0.966576
0 0.596296 0.72199 0.602846 0.701152 0.594006 0.692369 0.587456 0.713208
0 0.510627 0.742758 0.512109 0.72805 0.500111 0.724229 0.498629 0.738937
0 0.460445 0.715723 0.463246 0.692464 0.451352 0.687937 0.448551 0.711196
0 0.351207 0.708135 0.352883 0.683917 0.334152 0.679821 0.332477 0.704039
0 0.456495 0.771485 0.459425 0.747792 0.44866 0.743584 0.445729 0.767276
0 0.531341 0.90405 0.532345 0.880789 0.51719 0.87872 0.516186 0.901982
0 0.597689 0.790712 0.603359 0.767749 0.588799 0.756388 0.58313 0.779351
0 0.381995 0.981354 0.396446 0.944532 0.384108 0.929229 0.369657 0.966051
0 0.221621 0.716105 0.226436 0.648126 0.171447 0.635818 0.166632 0.703797
0 0.252446 0.720194 0.263001 0.698813 0.245358 0.671285 0.234803 0.692666
0 0.257694 1.00523 0.286553 0.984203 0.280133 0.956353 0.251274 0.977379
0 0.454373 0.860229 0.460928 0.837734 0.450106 0.827766 0.44355 0.850261
0 0.216432 0.934381 0.230144 0.894297 0.218445 0.88165 0.204734 0.921735
0 0.423014 0.639899 0.426279 0.615111 0.407778 0.60741 0.404514 0.632197
0 0.575952 0.789995 0.573015 0.750564 0.545 0.757157 0.547937 0.796588
0 0.481214 0.911009 0.491887 0.891365 0.477365 0.866427 0.466692 0.886071
0 0.0862616 1.00909 0.135043 0.996878 0.132555 0.965452 0.0837731 0.97766
0 0.203357 0.643665 0.206497 0.621128 0.192561 0.614991 0.189421 0.637529
0 0.423193 0.819163 0.422721 0.763222 0.391472 0.764056 0.391945 0.819997
0 0.495529 0.926521 0.497505 0.901626 0.484966 0.898481 0.48299 0.923376
0 0.37233 1.00558 0.373625 0.982879 0.358513 0.980155 0.357218 1.00286
0 0.0168787 0.944294 0.0179969 0.900502 -0.00414077 0.898716 -0.00525898 0.942507
0 0.438171 0.533193 0.441136 0.512497 0.428532 0.506789 0.425567 0.527484
0 0.60911 0.685885 0.612532 0.663573 0.596811 0.655952 0.593389 0.678265
0 0.594317 0.983892 0.598349 0.93566 0.572833 0.928919 0.568801 0.97715
0 0.189865 0.824818 0.211184 0.808708 0.205674 0.785667 0.184356 0.801776
0 0.569019 0.729581 0.574139 0.709892 0.563867 0.701449 0.558746 0.721138
0 0.413196 0.960452 0.428058 0.948587 0.415983 0.900778 0.40112 0.912643
0 0.29608 0.516785 0.298011 0.493042 0.284601 0.489595 0.28267 0.513339
0 0.0257392 0.960747 0.0251406 0.937034 0.00159051 0.938913 0.00218909 0.962626
0 0.400641 0.734247 0.404419 0.702425 0.393128 0.698189 0.38935 0.73001
0 0.723225 0.727192 0.723217 0.693028 0.705006 0.693041 0.705013 0.727205
0 0.471858 0.69748 0.478456 0.674494 0.468404 0.665375 0.461806 0.68836
0 0.0812423 0.950819 0.0908723 0.92523 0.0803181 0.912677 0.0706881 0.938266
0 0.342706 0.999425 0.365783 0.958353 0.349467 0.929378 0.326389 0.97045
0 0.549783 0.719081 0.552374 0.700423 0.541321 0.695573 0.538731 0.714232
0 0.265147 0.554437 0.270499 0.527671 0.256978 0.519128 0.251627 0.545894
0 0.245325 0.9486 0.252776 0.926746 0.240042 0.913024 0.232591 0.934878
0 0.329577 1.00267 0.32966 0.981164 0.313384 0.980964 0.313301 1.00247
0 0.586772 0.678584 0.589527 0.662305 0.578884 0.656613 0.576129 0.672892
0 0.120456 0.954753 0.12381 0.920304 0.106489 0.914974 0.103135 0.949423
0 0.32113 0.908264 0.325668 0.887284 0.315972 0.880657 0.311435 0.901636
0 0.253831 0.575195 0.256895 0.549093 0.243681 0.544191 0.240617 0.570293
0 0.297344 0.72131 0.29873 0.693133 0.28437 0.6909 0.282984 0.719078
0 0.19271 0.800129 0.201781 0.782858 0.192332 0.767173 0.183261 0.784444
0 0.600139 0.565603 0.601489 0.548603 0.592147 0.546259 0.590798 0.56326
0 0.160039 0.973101 0.167789 0.944191 0.153348 0.931956 0.145598 0.960867
0 0.412347 0.843417 0.416913 0.80848 0.394489 0.799219 0.389924 0.834155
0 0.0576932 1.01696 0.0887689 0.973955 0.0746957 0.941811 0.04362 0.984812
0 0.598567 0.893514 0.598947 0.873952 0.58198 0.872912 0.581601 0.892473
0 0.135575 0.982779 0.150597 0.955531 0.141999 0.940551 0.126978 0.967799
0 0.209515 1.01107 0.223344 0.969921 0.209291 0.954994 0.195461 0.996147
0 0.482141 0.664002 0.48472 0.640297 0.47095 0.635562 0.468372 0.659268
0 0.527375 0.948144 0.53004 0.923111 0.517248 0.918807 0.514582 0.943839
0 0.546897 0.986807 0.563228 0.945332 0.548221 0.926656 0.53189 0.968131
0 0.546427 0.651139 0.548949 0.631486 0.538877 0.627402 0.536356 0.647055
0 0.577638 0.68954 0.580617 0.666608 0.566572 0.66084 0.563592 0.683772
0 0.956054 0.715906 0.954811 0.680038 0.931605 0.682579 0.932848 0.718447
0 0.211581 0.766162 0.211552 0.744493 0.196695 0.744555 0.196724 0.766225
0 0.549744 0.747051 0.551679 0.728467 0.542448 0.725428 0.540513 0.744012
0 0.477194 0.762659 0.479194 0.744849 0.467611 0.740739 0.465611 0.758548
0 0.419516 0.641043 0.422917 0.616058 0.401177 0.606703 0.397775 0.631689
0 0.333867 0.891422 0.371287 0.811718 0.333809 0.756107 0.296389 0.835811
0 0.336419 0.952491 0.344797 0.91367 0.333313 0.905836 0.324934 0.944657
0 0.256613 0.927184 0.267992 0.897756 0.255799 0.882856 0.244421 0.912284
0 0.520606 0.783426 0.523513 0.761149 0.510704 0.755866 0.507797 0.778143
0 0.0703476 0.915096 0.0830794 0.883033 0.0718842 0.868983 0.0591524 0.901047
0 0.46595 0.898646 0.473998 0.885889 0.463469 0.864896 0.455421 0.877653
0 0.459671 0.934856 0.474154 0.902841 0.450718 0.869334 0.436235 0.901349
0 0.560773 0.718073 0.564896 0.69727 0.55378 0.690307 0.549657 0.71111
0 0.352996 1.00269 0.360418 0.970989 0.343706 0.958622 0.336284 0.990318
0 0.541374 0.926468 0.544958 0.893022 0.53115 0.888346 0.527567 0.921793
0 0.407036 0.993613 0.414625 0.92766 0.391312 0.919182 0.383723 0.985135
0 0.424933 0.557513 0.427528 0.530765 0.409644 0.525283 0.407049 0.552031
0 0.616039 0.921264 0.615835 0.900928 0.600985 0.901399 0.60119 0.921735
0 0.358149 0.92057 0.359947 0.892183 0.345006 0.889193 0.343209 0.917581
0 0.451481 0.794317 0.456296 0.772079 0.442872 0.762892 0.438056 0.78513
0 0.620782 0.701467 0.62188 0.683427 0.61024 0.681187 0.609141 0.699226
0 0.247878 1.00267 0.251794 0.975194 0.236882 0.968477 0.232966 0.995949
0 0.599388 0.591023 0.601432 0.574603 0.591093 0.570536 0.589049 0.586956
0 0.0381982 0.907428 0.070977 0.866687 0.0586564 0.835358 0.0258776 0.876099
0 0.484874 0.94545 0.486856 0.903888 0.466819 0.900867 0.464837 0.94243
0 0.228283 0.795535 0.242227 0.773353 0.234066 0.757139 0.220122 0.779321
0 0.365796 0.994059 0.376814 0.96164 0.365723 0.949726 0.354705 0.982145
0 0.724166 0.710006 0.725351 0.675207 0.705287 0.673047 0.704102 0.707847
0 0.464405 0.581845 0.468721 0.565888 0.459841 0.558297 0.455525 0.574253
0 0.3793 0.764421 0.380752 0.741864 0.366633 0.738991 0.365181 0.761548
0 0.583234 0.929411 0.588804 0.90554 0.577415 0.89714 0.571844 0.92101
0 0.30061 0.986742 0.303271 0.963262 0.29078 0.958788 0.288119 0.982267
0 0.537416 0.677797 0.538712 0.661283 0.52891 0.658851 0.527614 0.675365
0 0.209899 0.968147 0.217 0.936648 0.205854 0.928707 0.198753 0.960206
0 0.515979 0.894288 0.521175 0.873267 0.508791 0.863593 0.503595 0.884613
0 0.632682 0.621021 0.635774 0.596324 0.623869 0.591613 0.620777 0.61631
0 0.390118 0.757229 0.395465 0.732692 0.383499 0.724453 0.378153 0.74899
0 0.557534 0.746602 0.559605 0.729092 0.551236 0.725962 0.549164 0.743472
0 0.377591 0.752274 0.379739 0.729152 0.366342 0.725218 0.364194 0.74834
0 0.419975 0.679332 0.42097 0.661832 0.408127 0.659524 0.407132 0.677024
0 0.0518056 0.919062 0.0521374 0.895161 0.0366627 0.894482 0.0363309 0.918383
0 0.0583609 0.854566 0.0708228 0.834149 0.062663 0.818408 0.0502011 0.838824
0 0.377538 0.536165 0.38199 0.506827 0.367815 0.500029 0.363363 0.529366
0 0.320124 0.954008 0.327804 0.931649 0.316987 0.919907 0.309307 0.942266
0 0.44532 0.814554 0.449663 0.79742 0.438877 0.788779 0.434534 0.805913
0 0.520198 0.720965 0.521007 0.702827 0.510083 0.701287 0.509274 0.719424
0 0.0522505 0.990732 0.0554724 0.93387 0.0257474 0.928547 0.0225256 0.985409
0 0.204934 0.886 0.206053 0.859052 0.186224 0.85645 0.185105 0.883399
0 0.374332 0.65472 0.375256 0.636766 0.365371 0.635158 0.364447 0.653112
0 0.37224 0.858377 0.378756 0.829515 0.364324 0.819218 0.357809 0.848081
0 0.20513 0.845283 0.221189 0.816687 0.212646 0.801524 0.196587 0.830119
0 0.36552 0.956236 0.372083 0.929258 0.35835 0.918698 0.351786 0.945676
0 0.596386 0.882145 0.60745 0.856227 0.594536 0.838805 0.583472 0.864723
0 0.277235 0.930586 0.278946 0.904179 0.258466 0.899986 0.256755 0.926392
0 0.431661 0.555288 0.432173 0.536473 0.418713 0.535315 0.418201 0.55413
0 0.900976 0.146997 0.908512 0.0892825 0.870944 0.073779 0.863408 0.131493
0 0.71984 0.674207 0.723859 0.652213 0.711555 0.645107 0.707536 0.667101
0 0.0119011 0.99062 0.0131243 0.953413 -0.0033471 0.951702 -0.0045703 0.988909
0 0.320949 0.699846 0.324271 0.683096 0.315535 0.67762 0.312213 0.694371
0 0.254953 0.522996 0.2602 0.504611 0.248994 0.494503 0.243747 0.512888
0 0.378765 0.896675 0.38196 0.875316 0.367441 0.868451 0.364246 0.889811
0 0.234865 0.97121 0.242217 0.950249 0.233519 0.940607 0.226167 0.961568
0 0.191236 0.572474 0.205725 0.543798 0.195322 0.527185 0.180833 0.555862
0 0.382177 0.99729 0.384803 0.973381 0.372108 0.968974 0.369482 0.992883
0 0.393508 0.92347 0.39508 0.897762 0.38007 0.894861 0.378498 0.920569
0 0.195368 0.612401 0.204343 0.595858 0.19691 0.583113 0.187935 0.599656
0 0.446154 0.597154 0.448193 0.566666 0.425604 0.561892 0.423565 0.59238
0 0.559324 0.638257 0.561001 0.620035 0.550621 0.617016 0.548945 0.635238
0 0.694198 0.551041 0.698297 0.532219 0.68154 0.520686 0.677441 0.539509
0 0.40494 0.574975 0.409956 0.547812 0.399502 0.541711 0.394486 0.568874
0 0.489194 0.753771 0.491456 0.736448 0.480416 0.731892 0.478154 0.749214
0 0.200506 0.529655 0.202392 0.508463 0.189094 0.504723 0.187208 0.525915
0 0.339401 0.72638 0.340668 0.70427 0.327062 0.701806 0.325796 0.723917
0 0.259754 0.811817 0.263188 0.787003 0.252505 0.782331 0.249072 0.807145
0 0.184185 0.942104 0.201202 0.909785 0.189486 0.890288 0.172469 0.922607
0 0.419624 0.982688 0.426884 0.957665 0.415248 0.946995 0.407988 0.972018
0 0.0525381 0.908066 0.0785175 0.866608 0.0633591 0.836587 0.0373797 0.878045
0 0.292543 0.974824 0.297152 0.943967 0.286852 0.939104 0.282243 0.969962
0 0.320066 0.674712 0.325308 0.653299 0.31592 0.646037 0.310679 0.66745
0 0.0829282 0.857381 0.0862517 0.820436 0.0700421 0.815827 0.0667187 0.852772
0 0.471598 0.715667 0.47396 0.695905 0.46405 0.692163 0.461689 0.711925
0 0.591761 0.760721 0.594467 0.743262 0.584001 0.738136 0.581296 0.755595
0 0.588466 0.808956 0.589777 0.77699 0.56931 0.774338 0.567999 0.806304
0 0.446616 0.543613 0.449007 0.525754 0.439554 0.521754 0.437163 0.539613
0 0.533456 0.96708 0.535789 0.938888 0.523292 0.935621 0.52096 0.963813
0 0.408937 0.919742 0.411906 0.893207 0.39541 0.887374 0.392441 0.913908
0 0.385391 0.696004 0.386509 0.676338 0.375852 0.674422 0.374733 0.694089
0 0.220574 0.788303 0.225888 0.77057 0.217137 0.762282 0.211823 0.780014
0 0.47962 0.813877 0.481534 0.790514 0.468169 0.787054 0.466255 0.810416
0 0.0531098 0.824973 0.0570381 0.776357 0.0292806 0.769269 0.0253523 0.817884
0 0.251022 0.662875 0.254611 0.635356 0.243383 0.630727 0.239794 0.658246
0 0.344818 0.947092 0.353138 0.919364 0.34529 0.911923 0.336971 0.939651
0 0.751424 0.72981 0.752915 0.700197 0.738578 0.697915 0.737086 0.727528
0 0.633258 0.560992 0.634796 0.541104 0.624116 0.538494 0.622578 0.558381
0 0.57226 0.650288 0.573916 0.633409 0.565039 0.630658 0.563384 0.647538
0 0.203072 0.736792 0.206006 0.710221 0.182567 0.70204 0.179633 0.728611
0 0.427044 0.748231 0.43389 0.728652 0.419212 0.712431 0.412366 0.73201
0 0.423632 1.00094 0.430818 0.973756 0.420447 0.96509 0.413261 0.992271
0 0.227775 0.772347 0.241102 0.750594 0.233202 0.735297 0.219875 0.75705
0 0.189548 0.994431 0.196229 0.965693 0.183377 0.95625 0.176697 0.984988
0 0.426049 0.788051 0.430717 0.771509 0.415094 0.757576 0.410427 0.774119
0 0.0184523 0.660077 0.0441334 0.639983 0.0377757 0.614302 0.0120946 0.634396
0 0.627694 0.792314 0.634152 0.773315 0.619462 0.757535 0.613004 0.776534
0 0.347966 0.907198 0.352336 0.878154 0.33963 0.872111 0.335259 0.901154
0 0.460865 0.628271 0.464258 0.610686 0.455477 0.605332 0.452084 0.622917
0 0.48996 0.629686 0.494221 0.609326 0.485002 0.603228 0.480741 0.623588
0 0.417037 0.998323 0.420462 0.969983 0.405846 0.964401 0.402421 0.99274
0 0.24727 0.684614 0.252768 0.667244 0.243207 0.65768 0.23771 0.67505
0 0.587326 0.565085 0.590903 0.547592 0.581524 0.541531 0.577947 0.559024
0 0.33013 0.662986 0.335324 0.639759 0.325862 0.633073 0.320668 0.6563
0 0.0894571 0.851488 0.106189 0.823909 0.0988193 0.809778 0.0820875 0.837357
0 0.423849 0.516871 0.425286 0.49725 0.414733 0.494807 0.413296 0.514429
0 0.496774 0.73958 0.497597 0.722594 0.488261 0.721165 0.487438 0.73815
0 0.469577 0.883249 0.479698 0.865716 0.471346 0.850479 0.461225 0.868012
0 0.448416 0.504629 0.449897 0.48864 0.437991 0.485154 0.43651 0.501144
0 0.110263 0.869624 0.118945 0.844017 0.108151 0.83245 0.0994687 0.858057
0 0.483017 1.00209 0.488359 0.972515 0.471807 0.963066 0.466464 0.992641
0 0.4504 0.527057 0.454324 0.50703 0.443734 0.500473 0.43981 0.5205
0 0.322461 0.562272 0.325639 0.544321 0.313375 0.537459 0.310197 0.555409
0 0.578439 0.85146 0.580613 0.827416 0.566599 0.823413 0.564426 0.847456
0 0.238317 0.562105 0.240548 0.542685 0.228565 0.538333 0.226333 0.557752
0 0.247549 0.911883 0.253063 0.889273 0.242276 0.880958 0.236762 0.903568
0 0.127509 0.987838 0.147155 0.961585 0.139738 0.944044 0.120093 0.970298
0 0.0619088 0.941219 0.0715337 0.917069 0.0594505 0.901849 0.0498256 0.926
0 0.389703 0.540464 0.393346 0.5192 0.382517 0.513337 0.378874 0.534601
0 0.515627 0.758716 0.520696 0.74476 0.511582 0.734297 0.506513 0.748253
0 0.211886 0.628415 0.214448 0.608671 0.200895 0.603112 0.198333 0.622857
0 0.548859 0.905035 0.550522 0.887801 0.538358 0.884092 0.536696 0.901326
0 0.397998 0.698353 0.399371 0.679094 0.387781 0.676482 0.386408 0.695742
0 0.244377 0.733344 0.249822 0.710958 0.239232 0.702818 0.233788 0.725204
0 0.0772444 0.323549 0.0975465 0.289925 0.068957 0.235367 0.0486549 0.268991
0 0.301256 0.693171 0.302203 0.675488 0.291484 0.673673 0.290536 0.691356
0 0.57137 0.636536 0.573756 0.620415 0.564035 0.615868 0.56165 0.63199
0 0.502549 0.933676 0.499941 0.899403 0.482312 0.903642 0.48492 0.937915
0 0.211393 0.787526 0.214855 0.770623 0.202979 0.762935 0.199517 0.779838
0 0.264442 0.744516 0.267694 0.722846 0.248472 0.713731 0.245221 0.735401
0 0.44361 0.754307 0.446355 0.735313 0.43466 0.729971 0.431915 0.748965
0 0.2836 0.472068 0.287084 0.446734 0.271657 0.440027 0.268172 0.465361
0 0.581165 0.881616 0.587982 0.853702 0.577798 0.845841 0.57098 0.873754
0 0.624735 0.853278 0.625719 0.836824 0.612208 0.834271 0.611224 0.850725
0 0.608065 0.7719 0.60961 0.753144 0.59868 0.750297 0.597135 0.769053
0 0.879257 0.0706899 0.88534 0.0443682 0.866421 0.0305507 0.860339 0.0568723
0 0.293384 0.548526 0.302203 0.521778 0.292895 0.51208 0.284077 0.538827
0 0.43354 0.924762 0.434659 0.897145 0.422016 0.895525 0.420897 0.923142
0 0.432508 0.996212 0.440998 0.963917 0.430753 0.955405 0.422263 0.9877
0 0.441411 0.785085 0.442649 0.764449 0.429776 0.76201 0.428538 0.782646
0 0.0373181 0.932271 0.0396074 0.909279 0.024352 0.904478 0.0220627 0.927471
0 0.258805 0.497865 0.260681 0.479717 0.250995 0.476553 0.249119 0.494701
0 0.493468 0.709544 0.49485 0.693425 0.484814 0.690706 0.483432 0.706826
0 0.628951 0.58687 0.629937 0.566122 0.617429 0.564243 0.616443 0.584992
0 0.357282 0.683202 0.362706 0.654279 0.352248 0.648081 0.346825 0.677004
0 0.204092 0.96287 0.211484 0.926894 0.199398 0.919045 0.192006 0.955021
0 0.28987 0.155797 0.308006 0.123125 0.275129 0.0654475 0.256993 0.0981188
0 0.192588 0.652854 0.193572 0.631089 0.17897 0.629001 0.177986 0.650766
0 0.548923 0.767953 0.549598 0.751065 0.539387 0.749775 0.538712 0.766663
0 0.428619 0.461153 0.429133 0.445789 0.418802 0.444696 0.418287 0.46006
0 0.0262464 0.0724144 0.0226936 -0.0130963 -0.00836836 -0.00901744 -0.00481554 0.0764932
0 0.490128 0.743827 0.491383 0.724077 0.480759 0.721945 0.479504 0.741694
0 0.0592361 0.988858 0.0648032 0.923436 0.0422308 0.917365 0.0366638 0.982787
0 0.400431 1.00393 0.401403 0.975191 0.384367 0.97337 0.383395 1.0021
0 0.237244 0.717542 0.244891 0.69968 0.234188 0.685197 0.22654 0.703058
0 0.166938 1.00464 0.166698 0.983092 0.148229 0.983742 0.148469 1.00529
0 0.595856 0.521296 0.597317 0.504485 0.587962 0.501915 0.586501 0.518726
0 0.729493 0.632126 0.730209 0.610985 0.717859 0.609664 0.717144 0.630806
0 0.515402 0.711359 0.517378 0.696212 0.508042 0.692361 0.506065 0.707508
0 0.462503 0.655491 0.464465 0.639763 0.454827 0.635964 0.452865 0.651692
0 0.578721 0.538431 0.576319 0.491911 0.554172 0.495525 0.556574 0.542045
0 0.391373 0.861284 0.398507 0.832126 0.388058 0.824046 0.380923 0.853204
0 0.282343 0.60421 0.285289 0.584923 0.274266 0.579601 0.27132 0.598888
0 0.402686 1.00234 0.405589 0.962105 0.386384 0.957726 0.383481 0.997965
0 0.590472 0.937867 0.597679 0.91798 0.587659 0.906503 0.580451 0.92639
0 0.500679 0.796578 0.511151 0.773867 0.502188 0.760804 0.491715 0.783514
0 0.998987 0.101488 1.00131 0.0699724 0.986214 0.0664641 0.983896 0.0979794
0 0.262694 0.65219 0.265026 0.63098 0.255552 0.627687 0.253219 0.648896
0 0.0353744 0.093534 0.0357745 -0.0176187 0.0015852 -0.0180076 0.00118516 0.0931451
0 0.583874 0.740236 0.589143 0.728229 0.576087 0.71012 0.570817 0.722127
0 0.702799 0.585304 0.705167 0.567963 0.691186 0.561931 0.688819 0.579272
0 0.539102 0.752191 0.540765 0.729835 0.527395 0.726692 0.525732 0.749048
0 0.183326 0.788335 0.193148 0.769052 0.185968 0.757495 0.176147 0.776778
0 -0.000229081 0.3023 0.14844 0.206387 0.129739 0.114768 -0.018931 0.210682
0 0.227861 0.929745 0.236511 0.904931 0.227296 0.894779 0.218646 0.919592
0 0.940675 0.15047 0.989166 0.114669 0.979321 0.0725253 0.93083 0.108327
0 0.562295 0.712079 0.567621 0.69426 0.558426 0.685575 0.5531 0.703394
0 0.711852 0.617394 0.718027 0.600871 0.705788 0.586416 0.699613 0.602939
0 0.583707 0.732222 0.584557 0.713963 0.571248 0.712005 0.570398 0.730264
0 0.626704 0.990886 0.629086 0.92764 0.600223 0.924204 0.597841 0.98745
0 0.0707278 0.960548 0.0774175 0.932676 0.0644646 0.92285 0.0577748 0.950722
0 0.287277 0.882089 0.288631 0.863293 0.276213 0.860465 0.274859 0.879262
0 0.327482 0.81685 0.330347 0.767868 0.303174 0.762844 0.300308 0.811827
0 0.223345 0.972987 0.230374 0.95177 0.219795 0.940694 0.212766 0.96191
0 0.456479 0.596852 0.458873 0.570616 0.447488 0.567333 0.445094 0.593569
0 0.0827234 0.815175 0.083063 0.792799 0.0686474 0.792108 0.0683078 0.814483
0 0.400957 0.654528 0.402034 0.635945 0.391312 0.633981 0.390235 0.652563
0 0.0105643 0.14262 0.0114421 0.107686 -0.00228685 0.106596 -0.00316465 0.14153
0 0.223017 0.847197 0.233056 0.810519 0.221475 0.800501 0.211436 0.837179
0 0.184402 0.552981 0.190455 0.529633 0.180569 0.521533 0.174516 0.544881
0 0.41603 0.872723 0.423141 0.841386 0.40416 0.827773 0.397049 0.85911
0 0.0352786 0.884844 0.0363426 0.843668 0.0107995 0.841582 0.00973549 0.882758
0 0.603286 0.54231 0.603592 0.525216 0.591913 0.524554 0.591607 0.541648
0 0.60725 0.540837 0.60746 0.524337 0.595378 0.523849 0.595167 0.540349
0 0.202447 0.957882 0.208629 0.926216 0.195124 0.917884 0.188942 0.949549
0 0.0875785 0.885666 0.0900927 0.866178 0.0778871 0.861201 0.0753729 0.880689
0 0.571757 0.667067 0.573145 0.649761 0.561466 0.646799 0.560078 0.664105
0 0.614105 1.00008 0.614955 0.972043 0.600544 0.970662 0.599694 0.998695
0 0.480152 0.703953 0.484007 0.686885 0.475832 0.681048 0.471977 0.698116
0 0.321231 0.603657 0.328648 0.578296 0.319018 0.569394 0.311601 0.594755
0 0.189209 1.00899 0.19121 0.990276 0.177893 0.985776 0.175892 1.00449
0 0.168939 0.129955 0.184415 0.121136 0.162705 0.000720131 0.147228 0.00953933
0 0.408139 0.706253 0.410565 0.686017 0.39922 0.681719 0.396794 0.701954
0 0.92857 0.720525 0.931824 0.703457 0.916378 0.694151 0.913124 0.711219
0 0.130128 0.980726 0.142024 0.953239 0.132127 0.9397 0.12023 0.967186
0 0.208132 0.601711 0.213622 0.580487 0.2039 0.57254 0.198411 0.593764
0 0.0306586 0.909749 0.029727 0.877204 0.00528467 0.879415 0.00621629 0.91196
0 0.705047 0.709846 0.708353 0.681372 0.695751 0.676748 0.692445 0.705222
0 0.233113 0.98425 0.236545 0.962639 0.226731 0.957713 0.223299 0.979324
0 0.136218 0.909006 0.191165 0.86081 0.174693 0.801456 0.119745 0.849651
0 0.113483 0.91896 0.11856 0.897834 0.104849 0.887419 0.0997719 0.908544
0 0.433147 0.642359 0.433752 0.6253 0.422328 0.624019 0.421723 0.641079
0 0.740787 0.572488 0.742985 0.551886 0.723071 0.545171 0.720872 0.565773
0 0.331009 0.980304 0.335817 0.947541 0.321078 0.940705 0.31627 0.973467
0 0.23395 0.741624 0.240263 0.715072 0.229901 0.707285 0.223588 0.733838
0 0.762776 0.585866 0.768171 0.564888 0.74981 0.549964 0.744415 0.570942
