0 0.994378 0.980682 1.01118 0.852506 0.810129 0.769235 0.793331 0.897411
0 0.136117 0.961502 0.164616 0.910401 0.145944 0.87749 0.117445 0.92859
0 0.944188 0.804185 0.942615 0.75914 0.918047 0.76185 0.91962 0.806896
0 0.176479 0.745807 0.182038 0.708551 0.153188 0.694946 0.147629 0.732202
0 0.313651 0.188782 0.337571 0.090274 0.269164 0.037775 0.245244 0.136282
0 0.426842 0.827998 0.427676 0.79029 0.406511 0.788811 0.405677 0.826519
0 0.173161 0.333764 0.195835 0.239277 0.124397 0.185097 0.101723 0.279583
0 0.433821 0.80308 0.443152 0.781259 0.421285 0.751705 0.411954 0.773526
0 0.143566 0.87234 0.156998 0.848184 0.146747 0.830169 0.133315 0.854326
0 0.117472 0.859917 0.13075 0.83764 0.119855 0.817118 0.106577 0.839395
0 0.341478 0.983587 0.348288 0.938176 0.323905 0.926618 0.317094 0.97203
0 0.912419 0.26109 0.973573 0.227791 0.962677 0.16455 0.901523 0.197849
0 0.437025 0.948392 0.438669 0.9035 0.414441 0.900696 0.412798 0.945588
0 0.939397 0.766584 0.949939 0.748776 0.93591 0.722527 0.925368 0.740336
0 0.175777 0.854404 0.178968 0.822326 0.160908 0.816648 0.157718 0.848727
0 0.630734 0.820321 0.631843 0.782096 0.61166 0.780245 0.610552 0.818471
0 0.217288 0.314097 0.244598 0.275723 0.20814 0.193718 0.18083 0.232092
0 0.510979 0.787007 0.513694 0.758478 0.494343 0.752658 0.491628 0.781187
0 0.134032 0.902946 0.14996 0.88056 0.142544 0.863884 0.126616 0.88627
0 0.126072 0.948398 0.135774 0.901575 0.117191 0.889405 0.107489 0.936229
0 0.313472 0.823076 0.336053 0.785207 0.319817 0.754611 0.297237 0.792479
0 0.416823 0.847167 0.415477 0.821935 0.3985 0.824797 0.399846 0.850029
0 0.0981823 0.923861 0.0907076 0.884987 0.0580704 0.904822 0.0655452 0.943695
0 0.897976 0.533129 0.902566 0.50957 0.887514 0.500301 0.882924 0.52386
0 0.113962 0.326165 0.110185 0.280331 0.0903074 0.285508 0.094084 0.331341
0 0.239999 0.815726 0.253144 0.776316 0.23531 0.757516 0.222165 0.796926
0 0.377879 0.691541 0.394798 0.627024 0.372798 0.60879 0.355879 0.673306
0 0.413196 0.899544 0.42265 0.871228 0.410542 0.858451 0.401088 0.886767
0 0.228114 0.681757 0.277652 0.611297 0.255882 0.562924 0.206344 0.633384
0 0.280314 0.817372 0.275596 0.779883 0.238368 0.79469 0.243086 0.832179
0 0.297172 0.719349 0.302139 0.679687 0.264547 0.664808 0.25958 0.70447
0 0.113212 0.884993 0.13454 0.8584 0.126873 0.838964 0.105545 0.865557
0 0.364783 0.868168 0.371122 0.84744 0.354974 0.831833 0.348636 0.852561
0 0.502173 0.682452 0.505472 0.660742 0.492516 0.65452 0.489217 0.67623
0 0.175622 0.870003 0.177599 0.8426 0.162547 0.839168 0.16057 0.866571
0 0.388964 0.892332 0.395359 0.87229 0.385067 0.861909 0.378671 0.881951
0 0.498148 0.69782 0.50089 0.680148 0.488459 0.674053 0.485718 0.691725
0 0.137648 0.776106 0.145297 0.752038 0.134426 0.741118 0.126777 0.765187
0 0.485395 0.835253 0.480174 0.782232 0.46561 0.786765 0.470831 0.839786
0 0.905836 0.525271 0.915296 0.514456 0.905073 0.48619 0.895612 0.497005
0 0.472131 0.876685 0.473885 0.834861 0.45295 0.832086 0.451196 0.87391
0 0.0864507 0.895865 0.0988456 0.868028 0.088721 0.853781 0.0763261 0.881617
0 0.0789487 0.90613 0.078901 0.88486 0.0613477 0.884984 0.0613955 0.906255
0 0.903488 0.553349 0.906227 0.528887 0.891215 0.523574 0.888476 0.548037
0 0.524535 0.664445 0.526178 0.634789 0.511734 0.632261 0.510092 0.661917
0 0.414931 0.983423 0.413632 0.94079 0.393558 0.942722 0.394856 0.985355
0 0.114146 0.571104 0.116998 0.546765 0.105093 0.542356 0.102241 0.566695
0 0.0723891 0.792803 0.0706916 0.770123 0.0513385 0.774701 0.0530361 0.797381
0 0.123948 0.896296 0.141356 0.871836 0.132918 0.852856 0.11551 0.877316
0 0.170363 0.821919 0.181728 0.793237 0.169852 0.778366 0.158488 0.807048
0 0.800358 0.73129 0.803699 0.706586 0.790252 0.700839 0.786911 0.725542
0 0.208006 0.763707 0.220075 0.747376 0.213868 0.732879 0.201799 0.74921
0 0.488461 0.74661 0.490658 0.726508 0.479806 0.72276 0.477609 0.742862
0 0.193568 0.721781 0.199076 0.699952 0.184806 0.688573 0.179298 0.710401
0 0.675859 0.816115 0.680293 0.796121 0.667766 0.78734 0.663332 0.807334
0 0.340621 0.901374 0.348305 0.845361 0.32509 0.835295 0.317406 0.891309
0 0.908857 0.754087 0.910524 0.727259 0.895929 0.724392 0.894262 0.751221
0 0.143797 0.838491 0.148532 0.818411 0.137854 0.810452 0.133118 0.830532
0 0.634889 0.787658 0.639697 0.75395 0.624071 0.746906 0.619264 0.780614
0 0.36835 0.895053 0.370261 0.8713 0.355116 0.867449 0.353205 0.891202
0 0.6862 0.79221 0.6897 0.772359 0.675175 0.764264 0.671675 0.784115
0 0.473642 0.772897 0.476162 0.747812 0.464052 0.743968 0.461532 0.769053
0 0.113473 0.904497 0.116833 0.879399 0.105008 0.874396 0.101648 0.899494
0 0.507993 0.751893 0.511845 0.724871 0.500567 0.71979 0.496715 0.746812
0 0.108739 0.9141 0.111061 0.891069 0.0989593 0.887213 0.0966372 0.910244
0 0.911929 0.546072 0.917004 0.530811 0.905939 0.519184 0.900865 0.534446
0 0.121888 0.727048 0.132014 0.703679 0.123782 0.692405 0.113656 0.715774
0 0.441038 0.886829 0.444139 0.859001 0.427335 0.853082 0.424233 0.880911
0 0.0872438 0.843283 0.093649 0.824104 0.0781614 0.807757 0.0717562 0.826936
0 0.00266822 0.846965 0.0257442 0.812643 0.0161779 0.792315 -0.00689803 0.826637
0 0.101982 0.657174 0.105026 0.638201 0.0905131 0.630842 0.0874691 0.649814
0 0.0778969 0.883062 0.0899116 0.85358 0.0799621 0.840765 0.0679474 0.870248
0 0.462152 0.816452 0.47008 0.795415 0.454821 0.777242 0.446893 0.798279
0 0.282736 0.842162 0.283099 0.816034 0.266232 0.815294 0.265869 0.841422
0 0.51174 0.839662 0.519958 0.807447 0.507433 0.797349 0.499215 0.829564
0 0.449478 0.928424 0.454662 0.886299 0.430838 0.877033 0.425653 0.919157
0 0.285333 0.871821 0.287519 0.837071 0.267496 0.833089 0.26531 0.86784
0 0.581536 0.672067 0.593786 0.655727 0.58809 0.642231 0.57584 0.658571
0 0.900365 0.794132 0.915333 0.768831 0.904994 0.749498 0.890026 0.774799
0 0.501233 0.89235 0.501821 0.866707 0.487971 0.865703 0.487383 0.891347
0 0.235398 0.768772 0.261419 0.738276 0.251301 0.710992 0.225281 0.741487
0 0.240356 0.858058 0.2416 0.81826 0.217092 0.815839 0.215848 0.855637
0 0.447531 0.816142 0.453486 0.790281 0.442174 0.782048 0.436219 0.807909
0 0.499742 0.665529 0.50107 0.640626 0.484814 0.637886 0.483485 0.662788
0 0.139222 0.894339 0.153674 0.869437 0.144983 0.853497 0.130532 0.878399
0 0.448399 0.78422 0.449951 0.764951 0.436834 0.761611 0.435282 0.780881
0 0.193563 0.862273 0.196791 0.839843 0.177331 0.830991 0.174103 0.853421
0 0.101439 0.903425 0.10676 0.872759 0.0942578 0.865903 0.0889365 0.896568
0 0.680239 0.772063 0.687987 0.752651 0.680006 0.742582 0.672258 0.761995
0 0.162957 0.83359 0.170003 0.786965 0.150291 0.777551 0.143245 0.824175
0 0.610675 0.885488 0.612786 0.863385 0.597285 0.858705 0.595173 0.880808
0 0.808639 0.74057 0.813628 0.714303 0.804544 0.70885 0.799555 0.735116
0 0.215177 0.877335 0.213313 0.853558 0.19307 0.858574 0.194934 0.882352
0 0.645344 0.80372 0.649242 0.78075 0.635711 0.773492 0.631813 0.796462
0 0.306926 0.789988 0.310909 0.759673 0.294985 0.75306 0.291002 0.783376
0 0.487868 0.791226 0.490757 0.767268 0.478541 0.762613 0.475653 0.786571
0 0.69891 0.800611 0.708393 0.775379 0.697549 0.762497 0.688065 0.787729
0 0.607397 0.748502 0.607526 0.723488 0.591017 0.723219 0.590888 0.748233
0 0.662374 0.76467 0.670619 0.744436 0.66321 0.734893 0.654965 0.755127
0 0.660656 0.798145 0.662134 0.776555 0.648747 0.773659 0.647269 0.795249
0 0.284796 0.0814184 0.291863 0.045168 0.267037 0.0298733 0.259971 0.0661238
0 0.17934 0.123391 0.206001 0.10011 0.182232 0.0140849 0.155571 0.0373667
0 0.327564 0.831039 0.325824 0.803244 0.305978 0.807171 0.307719 0.834966
0 0.297017 0.819516 0.30069 0.784957 0.278395 0.777468 0.274722 0.812027
0 0.616004 0.851259 0.623211 0.825795 0.609757 0.813761 0.60255 0.839225
0 0.0997868 0.975362 0.106279 0.941428 0.0924789 0.933084 0.0859866 0.967017
0 0.426218 0.866365 0.427594 0.83769 0.410364 0.835075 0.408987 0.86375
0 0.621293 0.875766 0.628189 0.851172 0.618906 0.842945 0.612009 0.867539
0 0.620713 0.750585 0.627333 0.731975 0.618397 0.721928 0.611777 0.740538
0 0.491641 0.712503 0.494643 0.695285 0.483206 0.688984 0.480204 0.706202
0 0.484163 0.676353 0.48628 0.658061 0.475574 0.654145 0.473458 0.672437
0 0.256169 0.774824 0.259108 0.746748 0.244458 0.741899 0.241518 0.769976
0 0.606191 0.836317 0.607227 0.81342 0.588885 0.810797 0.587849 0.833694
0 0.453188 0.877128 0.456184 0.851561 0.442311 0.846423 0.439315 0.87199
0 0.142541 0.622907 0.144874 0.607493 0.135782 0.603144 0.133449 0.618557
0 0.396208 0.877752 0.403651 0.854463 0.387842 0.838494 0.380399 0.861783
0 0.89535 0.507167 0.899308 0.488825 0.890077 0.482529 0.886119 0.500871
0 0.482798 0.696626 0.485539 0.679006 0.473128 0.672905 0.470387 0.690525
0 0.479784 0.73602 0.480778 0.712671 0.4667 0.710778 0.465707 0.734126
0 0.0945051 0.347483 0.104154 0.306909 0.0689051 0.280416 0.0592561 0.32099
0 0.131457 0.554177 0.133071 0.537118 0.12115 0.533552 0.119535 0.550611
0 0.125881 0.781857 0.127379 0.760776 0.114246 0.757827 0.112749 0.778908
0 0.959328 0.741479 0.964535 0.711316 0.944113 0.700174 0.938906 0.730338
0 0.277674 0.874427 0.279166 0.844814 0.261154 0.841946 0.259662 0.871559
0 0.0642808 0.83406 0.0661248 0.811013 0.0540481 0.807959 0.0522041 0.831006
0 0.135112 0.853349 0.144055 0.830955 0.13476 0.819224 0.125817 0.841618
0 0.262853 0.797042 0.265281 0.767327 0.250408 0.763486 0.24798 0.793201
0 0.125752 0.674681 0.126626 0.657966 0.117102 0.656392 0.116228 0.673107
0 0.938266 0.553209 0.942536 0.532792 0.920881 0.518478 0.916611 0.538895
0 0.197427 0.795035 0.197808 0.755693 0.176612 0.755043 0.17623 0.794385
0 0.622836 0.91103 0.641506 0.871071 0.628024 0.851164 0.609354 0.891123
0 0.526909 0.833887 0.530085 0.8126 0.517663 0.806741 0.514486 0.828027
0 0.79924 0.707224 0.804242 0.684036 0.79372 0.676862 0.788718 0.70005
0 0.593752 0.729982 0.608457 0.704251 0.598029 0.685417 0.583324 0.711149
0 0.888557 0.49596 0.8939 0.472099 0.88297 0.464363 0.877627 0.488224
0 0.549989 0.781393 0.557609 0.749706 0.546018 0.740896 0.538398 0.772583
0 0.11997 0.991527 0.148555 0.975594 0.143081 0.944557 0.114496 0.960489
0 0.42133 0.984435 0.432582 0.956646 0.420992 0.941814 0.40974 0.969602
0 0.540744 0.856361 0.547276 0.828628 0.537799 0.821575 0.531268 0.849308
0 0.610784 0.824697 0.615272 0.785479 0.584397 0.774313 0.579909 0.813531
0 0.406926 0.696514 0.408107 0.663904 0.389536 0.661777 0.388354 0.694387
0 0.150793 0.612241 0.152436 0.591041 0.140779 0.588186 0.139136 0.609386
0 0.0894211 1.00301 0.0988548 0.975361 0.0880348 0.963693 0.078601 0.99134
0 0.923703 0.77255 0.925319 0.752362 0.91225 0.749055 0.910634 0.769243
0 0.437237 0.453883 0.434131 0.397345 0.421775 0.39949 0.424881 0.456028
0 0.484372 0.77046 0.486869 0.74916 0.474584 0.744607 0.472086 0.765906
0 0.207037 0.856068 0.215962 0.827124 0.202953 0.814446 0.194028 0.84339
0 0.814912 0.764884 0.822035 0.748089 0.810061 0.73204 0.802938 0.748836
0 0.838187 0.735576 0.843416 0.70924 0.828378 0.699803 0.823149 0.726139
0 0.894477 0.566974 0.895023 0.54434 0.879711 0.543172 0.879165 0.565806
0 0.431894 0.746102 0.436103 0.73043 0.425126 0.721111 0.420916 0.736783
0 0.603468 0.79416 0.605903 0.777514 0.587935 0.769209 0.585501 0.785854
0 0.521641 0.810556 0.529718 0.790115 0.519725 0.777636 0.511648 0.798077
0 0.208456 0.937411 0.209433 0.88727 0.179195 0.885408 0.178218 0.935548
0 0.893272 0.748826 0.89563 0.727435 0.883491 0.723205 0.881133 0.744596
0 0.325819 0.917443 0.329108 0.896406 0.316598 0.890225 0.313309 0.911262
0 0.0914652 0.620433 0.0965633 0.604704 0.0887679 0.596718 0.0836698 0.612447
0 0.198555 0.846735 0.204994 0.802172 0.17408 0.788054 0.16764 0.832617
0 0.632521 0.746146 0.638268 0.728501 0.629969 0.71996 0.624223 0.737606
0 0.178353 0.0453804 0.189046 0.02919 0.169661 -0.0112708 0.158969 0.0049197
0 0.446188 0.862981 0.458859 0.838895 0.448648 0.821919 0.435977 0.846005
0 0.654774 0.750576 0.660716 0.730957 0.652207 0.722813 0.646266 0.742432
0 0.122782 0.980131 0.138123 0.953113 0.128713 0.936228 0.113372 0.963247
0 0.244397 0.842068 0.246933 0.809225 0.224759 0.803815 0.222223 0.836659
0 0.0676902 0.893076 0.0732625 0.869437 0.0554511 0.856167 0.0498788 0.879806
0 0.0549549 0.863199 0.055974 0.832586 0.0394633 0.830849 0.0384442 0.861461
0 0.608515 0.684538 0.613246 0.657825 0.598161 0.649383 0.593431 0.676095
0 0.606253 0.660036 0.613202 0.640342 0.601665 0.627476 0.594716 0.64717
0 0.52129 0.695456 0.525201 0.673896 0.516095 0.668676 0.512185 0.690236
0 0.501867 0.719028 0.505655 0.695094 0.494332 0.689432 0.490545 0.713366
0 0.795106 0.765972 0.805774 0.748742 0.792085 0.721957 0.781417 0.739187
0 0.03199 0.653426 0.0350077 0.633404 0.0256782 0.62896 0.0226606 0.648982
0 0.935573 0.556125 0.939364 0.53665 0.922643 0.526365 0.918853 0.54584
0 0.997657 0.686512 1.00418 0.629046 0.971533 0.617339 0.965013 0.674805
0 0.190886 0.875906 0.193104 0.854965 0.178601 0.850111 0.176383 0.871051
0 0.634014 0.851696 0.640212 0.820169 0.624845 0.810622 0.618647 0.842149
0 0.937994 0.728531 0.942019 0.71115 0.929817 0.702219 0.925792 0.7196
0 0.888524 0.685057 0.896264 0.6631 0.882192 0.647421 0.874452 0.669378
0 0.1227 0.801112 0.125532 0.78442 0.112129 0.777233 0.109297 0.793925
0 0.0310905 0.284785 0.0355058 0.196592 -0.0124351 0.189007 -0.0168503 0.277199
0 0.464398 0.72262 0.465823 0.703914 0.45361 0.700975 0.452186 0.719681
0 0.34454 0.927229 0.357984 0.903391 0.348664 0.886778 0.335219 0.910617
0 0.431074 0.85601 0.443453 0.831255 0.434155 0.81656 0.421776 0.841315
0 0.512897 0.67773 0.516748 0.657603 0.501388 0.648315 0.497537 0.668441
