0 0.995598 0.980132 1.01127 0.858231 0.80909 0.776094 0.79342 0.897995
0 0.91078 0.784438 0.909313 0.740223 0.886004 0.742667 0.88747 0.786881
0 0.113795 0.977986 0.144285 0.9253 0.125176 0.890349 0.0946857 0.943035
0 0.976713 0.67278 0.996461 0.636094 0.983516 0.61407 0.963768 0.650756
0 0.26678 0.782069 0.275796 0.758027 0.252523 0.730441 0.243506 0.754483
0 0.908328 0.745168 0.916067 0.726555 0.902123 0.70823 0.894383 0.726843
0 0.418346 0.950556 0.421635 0.906629 0.397746 0.900976 0.394457 0.944903
0 0.870668 0.546913 0.873258 0.519844 0.860171 0.515887 0.857582 0.542957
0 0.102211 0.963239 0.112692 0.916214 0.096181 0.904583 0.0856995 0.951608
0 0.921319 0.726477 0.928887 0.702439 0.912691 0.686324 0.905123 0.710362
0 0.454058 0.879796 0.458274 0.837208 0.436822 0.830496 0.432606 0.873084
0 0.0837247 0.932545 0.0893646 0.909198 0.0771623 0.899882 0.0715223 0.923229
0 0.329623 0.980383 0.327317 0.93444 0.301315 0.938565 0.303622 0.984509
0 0.143811 0.870856 0.158737 0.844449 0.147569 0.8245 0.132643 0.850907
0 0.10083 0.910454 0.119031 0.886445 0.11118 0.867633 0.0929786 0.891643
0 0.491529 0.686665 0.494731 0.667142 0.475228 0.657033 0.472026 0.676556
0 0.116429 0.918168 0.128005 0.893837 0.116988 0.877272 0.105413 0.901603
0 0.322771 0.903745 0.326684 0.849323 0.306029 0.844629 0.302116 0.899052
0 0.0839376 0.585751 0.0948812 0.567121 0.0864739 0.551513 0.0755303 0.570143
0 0.154316 0.75335 0.157912 0.716759 0.128489 0.707619 0.124893 0.74421
0 0.0715223 1.00571 0.0840496 0.968271 0.0703002 0.953732 0.0577729 0.991174
0 0.41687 0.807356 0.427819 0.786711 0.406493 0.750966 0.395545 0.771611
0 0.217949 0.868765 0.220788 0.83283 0.197077 0.826911 0.194238 0.862846
0 0.0608268 0.914845 0.0744561 0.883461 0.0637188 0.868724 0.0500894 0.900107
0 0.121111 0.889012 0.137945 0.860414 0.127399 0.840795 0.110566 0.869392
0 0.0962078 0.873269 0.105896 0.848529 0.0936538 0.833377 0.0839654 0.858117
0 0.187538 0.0354849 0.192748 -0.00254444 0.16842 -0.0130788 0.16321 0.0249505
0 0.0406798 0.9616 0.076145 0.936945 0.0683516 0.901514 0.0328864 0.926169
0 0.394456 0.990369 0.400545 0.947339 0.381713 0.938916 0.375623 0.981946
0 0.153247 0.886678 0.159127 0.859899 0.144903 0.850028 0.139023 0.876807
0 0.934803 0.233332 0.924169 0.168142 0.869482 0.196337 0.880116 0.261527
0 0.609438 0.814679 0.613035 0.775909 0.594089 0.770354 0.590493 0.809124
0 0.868837 0.775662 0.882366 0.748742 0.872491 0.733056 0.858961 0.759976
0 0.0894851 0.901153 0.113493 0.870095 0.104299 0.847635 0.0802915 0.878693
0 0.0464078 0.809462 0.0443657 0.784129 0.0238875 0.789347 0.0259296 0.814679
0 0.441724 0.818654 0.453792 0.801147 0.441152 0.773611 0.429084 0.791118
0 0.0641122 0.862125 0.0707673 0.843303 0.0531263 0.823589 0.0464711 0.842411
0 0.113892 0.325844 0.11166 0.280503 0.0919363 0.283572 0.0941684 0.328913
0 0.412582 0.826342 0.412371 0.78832 0.388341 0.788743 0.388552 0.826765
0 0.213391 0.297931 0.235017 0.273175 0.204663 0.189372 0.183037 0.214129
0 0.494983 0.836272 0.50414 0.805533 0.491602 0.793729 0.482445 0.824468
0 0.481635 0.699612 0.484675 0.68119 0.470448 0.673771 0.467408 0.692192
0 0.618289 0.759352 0.620142 0.738702 0.607688 0.735169 0.605835 0.755819
0 0.467961 0.836189 0.464806 0.785789 0.448898 0.788936 0.452053 0.839336
0 0.773989 0.720056 0.777397 0.693862 0.76462 0.688609 0.761212 0.714803
0 0.06159 0.682902 0.0629115 0.656038 0.0450828 0.653266 0.0437613 0.68013
0 0.0529583 0.899185 0.0637686 0.871811 0.0520588 0.857196 0.0412485 0.88457
0 0.308885 0.834701 0.307529 0.8095 0.291204 0.812276 0.29256 0.837477
0 0.566782 0.669217 0.57608 0.649882 0.567321 0.636571 0.558023 0.655906
0 0.930948 0.765963 0.939345 0.746627 0.923955 0.725503 0.915557 0.74484
0 0.346247 0.869517 0.352217 0.847241 0.337079 0.83442 0.331109 0.856696
0 0.494624 0.784408 0.495464 0.753967 0.476628 0.752324 0.475787 0.782765
0 0.0444819 0.910053 0.0483547 0.884368 0.0268046 0.874099 0.0229318 0.899784
0 0.792507 0.74879 0.794612 0.725304 0.780316 0.721254 0.778211 0.74474
0 0.943698 0.815056 0.954905 0.786837 0.930764 0.756536 0.919557 0.784755
0 0.86872 0.522733 0.871974 0.501099 0.857887 0.494402 0.854633 0.516036
0 0.782089 0.728613 0.788452 0.705963 0.778733 0.697332 0.772369 0.719982
0 0.616606 0.777747 0.619691 0.749191 0.605188 0.74424 0.602103 0.772796
0 0.216839 0.778207 0.24203 0.745031 0.229025 0.713819 0.203834 0.746995
0 0.446742 0.769901 0.449996 0.738678 0.43361 0.73328 0.430356 0.764503
0 1.00033 0.635665 1.00543 0.610618 0.988475 0.599715 0.983378 0.624762
0 0.0946168 0.916487 0.0974614 0.89433 0.085531 0.889489 0.0826865 0.911646
0 0.472124 0.747408 0.474211 0.726731 0.463059 0.723173 0.460972 0.743851
0 0.801075 0.72571 0.803078 0.709197 0.790717 0.704459 0.788714 0.720971
0 0.83818 0.781295 0.837272 0.752293 0.815812 0.754415 0.816719 0.783417
0 0.147583 0.649585 0.15067 0.625754 0.138984 0.62097 0.135897 0.644801
0 0.261472 0.826997 0.257333 0.791496 0.220396 0.805104 0.224534 0.840606
0 0.890063 0.494342 0.89431 0.475554 0.881457 0.466369 0.877209 0.485158
0 0.426454 0.931518 0.439729 0.904102 0.419618 0.873326 0.406343 0.900743
0 0.626156 0.795697 0.629754 0.772383 0.616194 0.76577 0.612596 0.789083
0 0.596095 0.811086 0.594426 0.776466 0.569501 0.780263 0.571169 0.814884
0 0.589581 0.879047 0.59298 0.858945 0.579403 0.85169 0.576004 0.871792
0 0.111949 0.867394 0.118567 0.843522 0.106233 0.832714 0.0996141 0.856586
0 0.473993 0.718413 0.476892 0.697673 0.466204 0.692951 0.463305 0.713691
0 0.624725 0.91677 0.632519 0.874751 0.616686 0.865468 0.608892 0.907487
0 0.457738 0.771374 0.459853 0.746883 0.445504 0.742966 0.443389 0.767457
0 0.404503 0.843177 0.400966 0.818107 0.382392 0.826387 0.385929 0.851458
0 0.337621 0.849555 0.346265 0.828235 0.335902 0.814955 0.327258 0.836276
0 0.2385 0.794796 0.236027 0.760025 0.213094 0.76518 0.215567 0.799951
0 0.464242 0.756559 0.466834 0.738161 0.455236 0.732996 0.452644 0.751394
0 0.120815 0.636833 0.122109 0.618923 0.111018 0.61639 0.109723 0.6343
0 0.255558 0.856731 0.266324 0.835136 0.256303 0.819345 0.245537 0.840941
0 0.771431 0.753864 0.781652 0.734403 0.766371 0.709041 0.756151 0.728502
0 0.123372 0.853444 0.128281 0.83147 0.116811 0.823372 0.111902 0.845347
0 0.88821 0.740204 0.889936 0.715917 0.877216 0.713059 0.875489 0.737346
0 0.528551 0.754368 0.534563 0.722402 0.520996 0.714338 0.514984 0.746304
0 0.418044 0.891241 0.430266 0.871451 0.415381 0.842395 0.403159 0.862185
0 0.196691 0.767987 0.197163 0.744778 0.184137 0.743941 0.183665 0.76715
0 0.882942 0.538913 0.887159 0.525151 0.874955 0.513333 0.870738 0.527094
0 0.637968 0.791597 0.640405 0.770983 0.629042 0.766737 0.626605 0.787351
0 0.153688 0.832109 0.160062 0.797797 0.144513 0.788668 0.138139 0.82298
0 0.697821 0.821823 0.701702 0.77787 0.679372 0.771637 0.67549 0.815591
0 0.651674 0.750255 0.660281 0.728519 0.6529 0.719282 0.644293 0.741018
0 0.57802 0.727205 0.589172 0.699093 0.577388 0.684318 0.566235 0.71243
0 0.197168 0.111871 0.208568 0.0554139 0.172966 0.0326948 0.161566 0.0891523
0 0.876761 0.734938 0.878864 0.708542 0.865529 0.705184 0.863426 0.73158
0 0.812542 0.728622 0.817572 0.709046 0.804084 0.698092 0.799054 0.717668
0 0.58463 0.751828 0.591958 0.722875 0.577979 0.711695 0.570652 0.740648
0 0.191036 0.859825 0.191806 0.834541 0.177507 0.833166 0.176738 0.85845
0 0.806414 0.793335 0.812199 0.774825 0.795595 0.758426 0.789811 0.776936
0 0.220203 0.840745 0.226448 0.820458 0.210246 0.804695 0.204001 0.824982
0 0.657159 0.789273 0.668848 0.76929 0.660778 0.754371 0.649089 0.774355
0 0.485377 0.718377 0.48837 0.698515 0.478424 0.693778 0.475431 0.71364
0 0.808602 0.707639 0.810793 0.686871 0.799272 0.68303 0.797081 0.703797
0 0.0458062 0.884976 0.0475783 0.86086 0.0358156 0.858128 0.0340436 0.882244
0 0.999633 0.67391 1.00412 0.640225 0.988648 0.63371 0.98416 0.667396
0 0.885381 0.667789 0.893893 0.648411 0.885422 0.636651 0.876911 0.656029
0 0.210224 0.132584 0.226286 0.123481 0.204702 0.00311163 0.188641 0.0122138
0 0.193312 0.888572 0.193308 0.86601 0.17536 0.86602 0.175364 0.888582
0 0.632097 0.76919 0.635878 0.750674 0.626906 0.744884 0.623125 0.7634
0 0.890669 0.71329 0.895014 0.701052 0.885098 0.689925 0.880753 0.702163
0 0.0884198 0.683128 0.0898838 0.662799 0.0792814 0.660385 0.0778174 0.680714
0 0.657171 0.764613 0.664975 0.747093 0.657571 0.736669 0.649766 0.754189
0 0.878776 0.508806 0.882784 0.485556 0.869114 0.478107 0.865105 0.501356
0 0.899317 0.517923 0.901828 0.497685 0.885904 0.49144 0.883393 0.511679
0 0.332093 0.831559 0.333865 0.80638 0.314198 0.802005 0.312426 0.827184
0 0.597583 0.843389 0.603203 0.820289 0.590516 0.810533 0.584895 0.833632
0 0.436244 0.879483 0.441117 0.853228 0.427961 0.845511 0.423089 0.871767
0 0.142055 0.844962 0.1447 0.808865 0.126252 0.804593 0.123608 0.84069
0 0.190555 0.947837 0.190275 0.897795 0.16044 0.898323 0.16072 0.948365
0 0.0943115 0.345937 0.10486 0.302285 0.0709668 0.276401 0.0604185 0.320053
0 0.49299 0.755065 0.49464 0.730733 0.481471 0.727909 0.47982 0.752241
0 0.828863 0.732331 0.838381 0.712057 0.829111 0.698302 0.819593 0.718576
0 0.589805 0.658125 0.593676 0.636369 0.581136 0.629317 0.577265 0.651073
0 0.0496228 0.932107 0.0556267 0.906002 0.038535 0.893578 0.032531 0.919683
0 0.806742 0.767457 0.810289 0.746812 0.799206 0.740793 0.795659 0.761438
0 0.861832 0.560435 0.862702 0.536976 0.847561 0.535203 0.846692 0.558662
0 0.0386599 0.852833 0.0420606 0.826393 0.0284037 0.820842 0.0250031 0.847282
0 0.462925 0.710823 0.467875 0.694292 0.45804 0.684985 0.45309 0.701515
0 0.611681 0.849151 0.62804 0.816996 0.613972 0.794375 0.597613 0.82653
0 1.00102 0.40235 1.00579 0.365319 0.988906 0.358444 0.984135 0.395474
0 0.461069 0.736063 0.463589 0.71148 0.449296 0.706849 0.446776 0.731432
0 0.108294 0.702561 0.109964 0.681205 0.0992941 0.678569 0.0976248 0.699925
0 0.859393 0.485857 0.860283 0.460286 0.849115 0.459057 0.848225 0.484628
0 0.219522 0.2509 0.237294 0.237021 0.221089 0.171437 0.203317 0.185316
0 0.639407 0.759654 0.645919 0.744604 0.638702 0.734734 0.63219 0.749784
0 0.648852 0.791887 0.652807 0.773822 0.642074 0.766397 0.63812 0.784462
0 0.68359 0.785777 0.684698 0.762502 0.670568 0.760377 0.66946 0.783652
0 0.0953268 0.746889 0.107936 0.719783 0.0997528 0.707752 0.0871437 0.734858
0 0.949504 0.494169 0.951149 0.474273 0.93989 0.47133 0.938244 0.491226
0 0.675283 0.827685 0.681264 0.793098 0.667475 0.785562 0.661495 0.820149
0 0.481265 0.667527 0.482642 0.642228 0.465354 0.639253 0.463976 0.664552
0 0.482667 0.639849 0.485161 0.620833 0.473978 0.616197 0.471483 0.635213
0 0.599863 0.767017 0.601336 0.747716 0.589335 0.744822 0.587862 0.764123
0 0.176347 0.877771 0.179986 0.85299 0.161543 0.844431 0.157905 0.869212
0 0.848618 0.487219 0.850815 0.461876 0.838938 0.458622 0.836741 0.483966
0 0.855659 0.767721 0.861354 0.743685 0.847732 0.733484 0.842037 0.75752
0 0.495549 0.66989 0.498328 0.650492 0.481819 0.643018 0.47904 0.662416
0 0.0928354 0.967095 0.0971076 0.925782 0.0821601 0.920896 0.0778879 0.96221
0 0.146014 0.915046 0.154026 0.886759 0.141218 0.875293 0.133206 0.903581
0 0.944926 0.756869 0.956628 0.723573 0.936491 0.701206 0.924789 0.734502
0 0.847762 0.507685 0.85158 0.478738 0.839252 0.473599 0.835434 0.502546
0 0.886977 0.78115 0.891279 0.75034 0.878684 0.744782 0.874382 0.775593
0 0.585039 0.673148 0.592603 0.65501 0.58352 0.64304 0.575957 0.661178
0 0.991372 0.480761 0.993428 0.460291 0.980879 0.456308 0.978823 0.476778
