0 0.484175 0.568126 0.483776 0.518631 0.456266 0.519331 0.456665 0.568826
0 0.443908 0.937857 0.452083 0.838504 0.390407 0.822465 0.382232 0.921818
0 0.534618 0.939713 0.528314 0.847848 0.48151 0.857998 0.487814 0.949863
0 0.34932 1.0055 0.349299 0.971966 0.327376 0.972011 0.327398 1.00554
0 0.987867 1.07054 1.01857 0.874514 0.808468 0.770511 0.777766 0.966538
0 0.516975 0.827022 0.518943 0.789058 0.498474 0.785704 0.496506 0.823668
0 0.861569 0.743075 0.864734 0.689383 0.839923 0.68476 0.836758 0.738452
0 0.450199 0.852454 0.454815 0.811717 0.42252 0.800149 0.417903 0.840886
0 0.35502 0.905581 0.37773 0.855595 0.360173 0.830385 0.337463 0.880371
0 0.81946 0.821789 0.839346 0.762332 0.779995 0.699597 0.76011 0.759054
0 0.353802 1.03072 0.43321 0.982429 0.417092 0.898664 0.337684 0.946955
0 0.330435 0.98409 0.341899 0.955478 0.330786 0.941405 0.319322 0.970017
0 0.710413 0.387705 0.715767 0.334646 0.687202 0.325538 0.681848 0.378597
0 0.7866 1.04429 0.837113 0.964081 0.760041 0.810684 0.709529 0.890893
0 0.0385616 0.948872 0.0576215 0.907836 0.0399891 0.881953 0.0209292 0.922988
0 0.478024 0.869334 0.480972 0.842722 0.46538 0.837263 0.462432 0.863874
0 0.101628 1.01749 0.151083 0.995164 0.144944 0.952191 0.0954894 0.974518
0 0.932273 0.68125 0.934149 0.618382 0.896754 0.614856 0.894878 0.677724
0 0.598014 0.950873 0.600679 0.889686 0.563427 0.884559 0.560763 0.945747
0 0.600394 0.554349 0.60085 0.51383 0.577466 0.512999 0.577011 0.553518
0 0.112804 0.794776 0.114814 0.767988 0.10015 0.76451 0.0981393 0.791298
0 0.546499 0.791987 0.548685 0.764525 0.534512 0.760958 0.532325 0.788419
0 0.809003 0.727869 0.818354 0.708398 0.802982 0.685067 0.793631 0.704537
0 0.465736 0.871603 0.467043 0.837364 0.448852 0.835169 0.447544 0.869407
0 0.834556 0.736053 0.842276 0.709112 0.822648 0.691334 0.814927 0.718276
0 0.105396 0.991039 0.172263 0.892382 0.129719 0.801249 0.0628518 0.899907
0 0.369453 0.773208 0.391151 0.737194 0.375383 0.707168 0.353684 0.743181
0 0.388321 0.895794 0.391928 0.859478 0.37122 0.852979 0.367614 0.889296
0 0.136414 0.760742 0.137445 0.722164 0.114105 0.720193 0.113075 0.758771
0 0.55459 1.00867 0.569642 0.974091 0.555411 0.954513 0.540359 0.989092
0 0.533017 0.855337 0.535951 0.813258 0.515665 0.808787 0.512731 0.850867
0 0.390331 0.92956 0.402499 0.884441 0.382963 0.86779 0.370795 0.912909
0 0.534677 0.816328 0.535012 0.793467 0.520134 0.79278 0.519799 0.815641
0 0.45513 0.813076 0.459404 0.780304 0.443619 0.773799 0.439346 0.806571
0 0.189358 0.979131 0.206028 0.9515 0.196203 0.932765 0.179532 0.960396
0 0.581929 1.00144 0.593568 0.948461 0.568716 0.931205 0.557077 0.984181
0 0.443765 0.958477 0.456328 0.913426 0.434429 0.894126 0.421867 0.939178
0 0.454544 0.779916 0.465105 0.749016 0.455188 0.738302 0.444626 0.769202
0 0.274503 0.930521 0.275467 0.905781 0.258827 0.903732 0.257863 0.928471
0 0.128659 0.726731 0.128245 0.702764 0.110623 0.703726 0.111037 0.727693
0 0.166847 1.00099 0.182734 0.975976 0.172174 0.954785 0.156288 0.979803
0 0.547904 0.812155 0.548767 0.790542 0.535292 0.788841 0.534429 0.810454
0 0.486539 0.902988 0.49202 0.864075 0.47746 0.857592 0.471978 0.896505
0 0.473199 0.75169 0.475365 0.728054 0.459866 0.723566 0.4577 0.747202
0 0.151971 0.725802 0.164895 0.679574 0.14665 0.663454 0.133727 0.709682
0 0.258972 0.951838 0.258904 0.926035 0.238977 0.926202 0.239046 0.952006
0 0.879049 0.568338 0.882023 0.523519 0.84262 0.515255 0.839646 0.560074
0 0.535635 0.68958 0.541444 0.665454 0.529805 0.656598 0.523996 0.680723
0 0.149481 0.753664 0.153844 0.723316 0.13679 0.715568 0.132427 0.745915
0 0.401433 0.726289 0.400028 0.693229 0.37954 0.69598 0.380945 0.729041
0 0.471788 0.832596 0.478004 0.788201 0.457448 0.779104 0.451232 0.8235
0 0.416141 0.52389 0.417606 0.491749 0.400549 0.489292 0.399084 0.521433
0 0.533754 0.98008 0.571976 0.963272 0.554254 0.835903 0.516032 0.852711
0 0.207455 0.718936 0.209262 0.694278 0.19644 0.691308 0.194633 0.715966
0 0.512507 0.980369 0.51643 0.946595 0.498249 0.93992 0.494325 0.973694
0 0.328608 1.00485 0.328644 0.978541 0.312124 0.978471 0.312089 1.00478
0 0.349313 0.821949 0.376758 0.803402 0.371472 0.778684 0.344028 0.797231
0 0.486902 0.958401 0.496969 0.921506 0.482882 0.909359 0.472816 0.946253
0 0.117133 0.773403 0.119151 0.750364 0.104958 0.746436 0.102941 0.769475
0 0.241891 0.79186 0.242467 0.768385 0.2287 0.767317 0.228124 0.790793
0 0.361953 0.854469 0.365317 0.811434 0.340246 0.80524 0.336882 0.848275
0 0.418363 0.784037 0.421544 0.751923 0.39997 0.745169 0.396789 0.777283
0 0.549482 0.846389 0.554723 0.814283 0.537335 0.805312 0.532094 0.837417
0 0.820975 0.752385 0.830645 0.735079 0.815445 0.708236 0.805776 0.725542
0 0.245138 0.970094 0.246471 0.946705 0.233564 0.94438 0.232231 0.96777
0 0.204719 0.997303 0.206071 0.970116 0.188186 0.967305 0.186834 0.994492
0 0.587458 0.785673 0.591041 0.765522 0.571169 0.754356 0.567587 0.774507
0 0.2922 0.91075 0.298088 0.879797 0.285928 0.872485 0.280039 0.903438
0 0.0197828 0.736364 0.0332152 0.695844 0.00382369 0.66505 -0.00960875 0.70557
0 0.615594 0.597273 0.613171 0.555758 0.587944 0.560411 0.590367 0.601927
0 0.678238 0.770871 0.69943 0.712774 0.679714 0.690045 0.658523 0.748142
0 0.794558 0.733123 0.803664 0.70351 0.785917 0.686263 0.776811 0.715876
0 0.516446 0.855542 0.518472 0.824867 0.500692 0.821156 0.498666 0.851831
0 0.535308 0.797811 0.536908 0.775728 0.522279 0.772379 0.520679 0.794463
0 0.589948 0.876692 0.592145 0.849855 0.577905 0.84617 0.575707 0.873007
0 0.870339 0.688399 0.882089 0.657669 0.868675 0.641459 0.856925 0.672189
0 0.486546 0.812801 0.489089 0.790685 0.47541 0.785714 0.472867 0.807829
0 0.12157 0.640169 0.123348 0.619691 0.112655 0.616757 0.110877 0.637235
0 0.158631 0.994805 0.16211 0.96069 0.146442 0.95564 0.142963 0.989755
0 0.202494 0.927311 0.212632 0.903961 0.205038 0.89354 0.1949 0.91689
0 0.408504 0.414252 0.410926 0.385642 0.392574 0.380731 0.390152 0.409342
0 0.531667 0.977942 0.535286 0.942565 0.515906 0.936298 0.512287 0.971676
0 0.3907 0.864582 0.400874 0.800329 0.372461 0.786109 0.362287 0.850362
0 0.1531 0.968363 0.157261 0.937677 0.141676 0.930999 0.137516 0.961684
0 0.208117 0.943611 0.214831 0.922714 0.205341 0.913076 0.198626 0.933973
0 0.261036 0.989805 0.267657 0.967516 0.25696 0.957472 0.250338 0.979761
0 0.83394 0.710076 0.839757 0.691469 0.823152 0.675064 0.817335 0.693671
0 0.352205 0.71717 0.353959 0.685294 0.334412 0.681895 0.332658 0.713772
0 0.00917058 0.903827 0.0168118 0.873045 0.00203565 0.861452 -0.00560554 0.892234
0 0.824541 0.673189 0.826917 0.653212 0.811324 0.647351 0.808948 0.667327
0 0.258499 0.971778 0.270653 0.952209 0.262533 0.93627 0.250379 0.955839
0 0.186474 0.940262 0.194695 0.914649 0.18007 0.899813 0.171849 0.925426
0 0.0494444 0.944193 0.0697178 0.926071 0.0637819 0.905083 0.0435085 0.923205
0 0.0741686 0.84106 0.0899684 0.799158 0.0722461 0.778038 0.0564463 0.81994
0 0.284926 0.953899 0.290492 0.933546 0.280787 0.925157 0.275221 0.945511
0 0.122511 0.30704 0.116647 0.261829 0.0965037 0.270086 0.102367 0.315297
0 0.108365 0.641149 0.110243 0.611339 0.0930868 0.607924 0.0912092 0.637734
0 0.563713 0.796959 0.565233 0.77578 0.553177 0.773047 0.551658 0.794225
0 0.361407 0.918657 0.377992 0.890861 0.366277 0.86877 0.349692 0.896565
0 0.581162 0.798698 0.583894 0.778116 0.566315 0.770742 0.563583 0.791323
0 0.470317 0.666919 0.467407 0.641811 0.446731 0.649383 0.449641 0.674491
0 0.393214 0.798829 0.402134 0.758677 0.384217 0.746098 0.375297 0.78625
0 0.0954774 0.811635 0.102384 0.783648 0.0832465 0.768721 0.0763396 0.796708
0 0.588591 0.818147 0.592424 0.796014 0.58048 0.789475 0.576646 0.811608
0 0.53923 0.388103 0.538382 0.334347 0.510505 0.335738 0.511353 0.389494
0 0.169742 0.952292 0.181683 0.927059 0.172795 0.913766 0.160854 0.938999
0 0.610248 0.971864 0.612874 0.944346 0.595181 0.939011 0.592555 0.966529
0 0.580248 0.837327 0.581915 0.812215 0.565309 0.808732 0.563642 0.833844
0 0.129286 0.705847 0.130794 0.685268 0.113471 0.681255 0.111963 0.701834
0 0.652968 0.776435 0.671009 0.756558 0.651754 0.70132 0.633712 0.721197
0 0.455428 0.970385 0.466479 0.940788 0.454984 0.927223 0.443934 0.95682
0 0.293182 1.01608 0.315271 0.975158 0.302449 0.953283 0.280359 0.994207
0 0.489199 0.608687 0.501352 0.585451 0.483503 0.555948 0.471351 0.579183
0 0.221472 0.997996 0.223525 0.974387 0.20744 0.969967 0.205388 0.993576
0 0.0901033 0.754508 0.0991917 0.735126 0.0902274 0.721841 0.081139 0.741223
0 0.837156 0.800942 0.850154 0.773637 0.826976 0.738766 0.813978 0.766071
0 0.885291 0.63249 0.896196 0.609003 0.879345 0.584278 0.868441 0.607765
0 0.0865343 0.779069 0.0927539 0.758559 0.0811523 0.74744 0.0749328 0.76795
0 0.342865 0.922764 0.347667 0.881055 0.323283 0.872182 0.318481 0.913892
0 0.445957 0.654396 0.45067 0.626137 0.438088 0.619504 0.433375 0.647764
0 0.213657 0.976097 0.217639 0.951917 0.204389 0.94502 0.200407 0.9692
0 0.230069 0.963459 0.232824 0.93682 0.216861 0.931601 0.214105 0.958239
0 0.225229 0.978101 0.226456 0.955041 0.206562 0.951697 0.205335 0.974757
0 0.233242 1.00217 0.24004 0.978352 0.229695 0.969022 0.222897 0.992842
0 0.104757 0.884457 0.107426 0.85599 0.0892244 0.850596 0.0865553 0.879064
0 0.338907 0.882832 0.347646 0.843638 0.330023 0.831219 0.321284 0.870414
0 0.608923 0.769123 0.610387 0.7307 0.587375 0.72793 0.585911 0.766353
0 0.324169 0.70838 0.329321 0.663005 0.307994 0.655352 0.302842 0.700727
0 0.101522 0.719758 0.106399 0.695468 0.093445 0.687247 0.0885676 0.711537
0 0.369151 0.938546 0.381084 0.910706 0.369756 0.89536 0.357823 0.9232
0 0.439343 0.796881 0.442571 0.775774 0.430065 0.769729 0.426837 0.790836
0 0.246711 0.89601 0.252069 0.877513 0.243818 0.869959 0.23846 0.888456
0 0.868966 0.652192 0.868401 0.627341 0.84664 0.628904 0.847204 0.653754
0 0.0145342 0.936993 0.032636 0.909504 0.0243037 0.892163 0.00620193 0.919651
0 0.888 0.676446 0.900826 0.658967 0.889863 0.633542 0.877037 0.651022
0 0.266804 0.929016 0.268124 0.904195 0.254335 0.901878 0.253015 0.926699
0 0.810294 0.678518 0.814053 0.65602 0.80108 0.649169 0.797321 0.671666
0 0.666029 0.863532 0.675825 0.816154 0.641945 0.794014 0.632149 0.841392
0 0.460922 0.730292 0.462527 0.711035 0.44965 0.707643 0.448045 0.7269
0 0.486489 0.794501 0.491411 0.778121 0.479617 0.766922 0.474696 0.783302
0 0.505804 1.00474 0.505949 0.966521 0.485642 0.966277 0.485497 1.0045
0 0.0413827 0.879986 0.0390053 0.829872 0.00774591 0.834559 0.0101234 0.884673
0 0.249487 0.986838 0.256177 0.959049 0.24509 0.950614 0.238401 0.978404
0 0.476743 0.401044 0.477954 0.365162 0.452652 0.362463 0.451441 0.398345
0 0.56108 0.580919 0.582731 0.507257 0.552692 0.479352 0.531041 0.553014
0 0.468892 0.712463 0.471097 0.688393 0.457596 0.684484 0.455391 0.708555
0 0.480207 0.644242 0.483392 0.621632 0.468105 0.614827 0.46492 0.637437
0 0.391449 0.396926 0.395328 0.359844 0.380098 0.354808 0.376218 0.39189
0 0.295735 0.851057 0.29844 0.832223 0.289914 0.828354 0.28721 0.847188
0 0.793733 0.632812 0.799297 0.61293 0.782788 0.598329 0.777224 0.618211
0 0.611712 0.854765 0.628692 0.832168 0.610849 0.789793 0.593869 0.81239
0 0.819665 0.706434 0.824285 0.677831 0.80759 0.669308 0.80297 0.69791
0 0.309126 0.897312 0.321594 0.875015 0.31308 0.859968 0.300612 0.882265
0 0.626259 0.883599 0.631843 0.864738 0.615401 0.849355 0.609818 0.868217
0 0.272126 0.975079 0.278469 0.954227 0.269256 0.945371 0.262914 0.966223
0 0.625207 0.945023 0.644159 0.924224 0.628464 0.879022 0.609511 0.89982
0 0.18177 0.958428 0.18922 0.935349 0.177694 0.923591 0.170244 0.94667
0 0.2711 0.906985 0.272959 0.880502 0.259385 0.877491 0.257526 0.903974
0 0.0993328 0.768066 0.106452 0.747026 0.0956433 0.735469 0.0885245 0.756509
0 0.516264 0.667032 0.522995 0.643532 0.509864 0.631645 0.503133 0.655145
0 0.573543 0.874993 0.577687 0.847796 0.563605 0.841015 0.559461 0.868212
0 0.526758 1.00401 0.527672 0.970633 0.505721 0.968733 0.504807 1.00211
0 0.172828 0.967425 0.177967 0.951406 0.169601 0.942924 0.164462 0.958943
0 0.00705938 0.924023 0.0155958 0.902371 0.00682122 0.891438 -0.00171517 0.91309
0 0.472508 0.980245 0.480369 0.959272 0.46756 0.944098 0.459699 0.965071
0 0.157828 0.93732 0.163503 0.911301 0.151404 0.902961 0.145729 0.928981
0 0.470909 0.891316 0.475588 0.872002 0.463859 0.863021 0.45918 0.882334
0 0.164447 0.935532 0.175372 0.907991 0.166898 0.897367 0.155973 0.924908
0 0.816904 0.586554 0.819823 0.560293 0.804856 0.555036 0.801937 0.581296
0 0.559183 0.828602 0.560342 0.81042 0.549794 0.808295 0.548635 0.826477
0 0.479044 0.136524 0.483431 0.0934227 0.447272 0.0817916 0.442885 0.124893
0 0.618012 0.948492 0.620152 0.908926 0.601533 0.905742 0.599393 0.945308
0 0.115058 0.712805 0.114171 0.693002 0.0989856 0.695152 0.0998726 0.714955
0 0.248585 0.927928 0.254134 0.906627 0.244585 0.898766 0.239036 0.920067
0 0.133015 0.625473 0.134264 0.600699 0.120667 0.598533 0.119418 0.623307
0 0.253972 0.421815 0.256216 0.384178 0.222644 0.377852 0.2204 0.415489
0 0.325481 0.417756 0.33367 0.382179 0.312561 0.366821 0.304371 0.402398
0 0.0654518 0.917496 0.0718736 0.887822 0.0559585 0.876937 0.0495367 0.90661
0 0.581009 0.582465 0.590346 0.552987 0.569569 0.532189 0.560233 0.561667
0 0.377402 0.703135 0.378832 0.682801 0.367175 0.68021 0.365745 0.700544
0 0.0783994 0.631368 0.119813 0.599298 0.106274 0.544043 0.0648607 0.576113
0 0.420596 0.829232 0.431143 0.77341 0.406853 0.758904 0.396305 0.814726
0 0.669236 0.605019 0.669146 0.571608 0.64861 0.571782 0.6487 0.605194
0 0.0128441 0.858861 0.0132789 0.816075 -0.00281389 0.815558 -0.00324869 0.858344
0 0.503756 0.670782 0.506014 0.635972 0.491034 0.632902 0.488776 0.667711
0 0.319019 0.762394 0.333282 0.702623 0.316892 0.690261 0.302629 0.750033
0 0.463299 0.791719 0.46893 0.763881 0.457341 0.756472 0.45171 0.78431
0 0.488312 0.98494 0.491197 0.95515 0.478253 0.951188 0.475368 0.980978
0 0.299201 0.926375 0.301956 0.903725 0.290926 0.899485 0.288171 0.922135
0 0.732884 1.00289 0.737172 0.923977 0.698366 0.917313 0.694078 0.996229
0 0.889174 0.723828 0.887952 0.696375 0.867207 0.699294 0.868429 0.726747
0 0.175754 0.755053 0.176633 0.713299 0.152773 0.711711 0.151894 0.753466
0 0.596632 0.998294 0.599983 0.966565 0.587516 0.962403 0.584165 0.994132
0 0.519822 0.703365 0.528696 0.680788 0.5195 0.669364 0.510626 0.691942
0 0.305441 0.901357 0.314694 0.878402 0.306353 0.867775 0.2971 0.890731
0 0.583149 0.89353 0.58393 0.867198 0.566466 0.86556 0.565685 0.891892
0 0.287557 0.874784 0.290949 0.857998 0.281549 0.851994 0.278156 0.86878
0 0.0715375 0.794626 0.0819914 0.769584 0.071606 0.755882 0.0611522 0.780925
0 0.372638 0.717126 0.373475 0.694365 0.359606 0.692753 0.358769 0.715515
0 0.874132 0.709604 0.876125 0.684637 0.862884 0.681297 0.860892 0.706264
0 0.110833 0.752093 0.113232 0.73094 0.101045 0.726572 0.0986462 0.747725
0 0.285425 0.857735 0.289086 0.840466 0.280852 0.834948 0.27719 0.852217
0 0.348202 0.977518 0.354231 0.948286 0.342106 0.940382 0.336077 0.969615
0 0.194451 0.911132 0.19889 0.890124 0.188134 0.882941 0.183695 0.903949
0 0.299438 0.877339 0.302253 0.859207 0.29258 0.854462 0.289765 0.872594
0 0.469176 0.595086 0.469524 0.564304 0.448622 0.563559 0.448274 0.59434
0 0.0453025 0.145959 0.0736932 -0.00240625 -0.00423911 -0.0495383 -0.0326298 0.098827
0 0.239666 0.974267 0.241923 0.951851 0.229115 0.947776 0.226859 0.970192
0 0.608797 0.748694 0.620776 0.726368 0.601107 0.693012 0.589127 0.715338
0 0.623496 0.98967 0.62811 0.955252 0.61284 0.948782 0.608225 0.983199
0 0.621577 0.906119 0.624216 0.86613 0.604202 0.861956 0.601564 0.901945
0 0.672917 0.816895 0.675061 0.793081 0.661306 0.789166 0.659161 0.81298
0 0.544787 0.62208 0.547375 0.590873 0.534519 0.587504 0.531931 0.618711
0 0.478466 1.00819 0.486507 0.981512 0.464022 0.960092 0.455981 0.98677
0 0.255635 0.873802 0.259753 0.857566 0.248861 0.848834 0.244743 0.86507
0 0.235328 1.00238 0.237319 0.98179 0.222034 0.977121 0.220043 0.997714
0 0.195467 0.761357 0.197358 0.74435 0.188076 0.741089 0.186186 0.758097
0 0.223389 0.942152 0.226664 0.924342 0.217096 0.918782 0.213822 0.936592
0 0.612142 0.576488 0.642525 0.525251 0.621897 0.486592 0.591514 0.537829
0 0.373808 0.390581 0.380102 0.365258 0.369335 0.356799 0.363041 0.382123
0 0.883971 0.531873 0.886858 0.511065 0.866085 0.501957 0.863199 0.522765
0 0.8401 0.752038 0.844162 0.729615 0.828877 0.720864 0.824815 0.743286
0 0.219803 1.00961 0.227991 0.992251 0.220195 0.980631 0.212007 0.997994
0 0.630223 0.969814 0.636418 0.947291 0.622567 0.935251 0.616372 0.957774
0 0.335515 0.949245 0.359849 0.930013 0.354009 0.906656 0.329674 0.925888
0 0.491774 0.768819 0.495825 0.748633 0.48224 0.740017 0.478189 0.760203
0 0.613816 0.786638 0.617802 0.764689 0.60055 0.754789 0.596564 0.776737
0 0.545379 1.00128 0.550379 0.970622 0.537011 0.963731 0.532011 0.99439
0 0.489122 0.857834 0.493766 0.837564 0.481498 0.828681 0.476854 0.848951
0 0.536291 0.775351 0.538046 0.754358 0.525166 0.750955 0.523411 0.771949
0 0.235174 0.871753 0.235842 0.848124 0.222984 0.846975 0.222316 0.870604
0 0.435069 0.766445 0.436914 0.746665 0.424734 0.743076 0.42289 0.762855
0 0.868028 0.777662 0.870565 0.749183 0.855302 0.744885 0.852765 0.773364
0 0.0427976 0.40881 0.0497484 0.35321 0.0173108 0.340394 0.01036 0.395994
0 0.230377 0.963178 0.236788 0.934152 0.223786 0.925074 0.217374 0.9541
0 0.802327 0.698786 0.805213 0.681226 0.78971 0.673174 0.786825 0.690735
0 0.597356 0.860562 0.60089 0.824391 0.583281 0.818955 0.579748 0.855126
0 0.17077 0.794208 0.175397 0.771185 0.158487 0.760443 0.153859 0.783467
0 0.232854 0.922176 0.234652 0.904481 0.223727 0.900973 0.221929 0.918668
0 0.012359 0.972502 0.0135122 0.943673 3.80292e-05 0.941969 -0.0011152 0.970798
0 0.432435 0.990564 0.444889 0.966907 0.435771 0.951738 0.423317 0.975395
0 0.473484 0.950019 0.48209 0.925616 0.470911 0.913157 0.462306 0.93756
0 0.12497 0.828315 0.125042 0.811705 0.113969 0.811555 0.113897 0.828165
0 0.63726 0.897522 0.640855 0.872414 0.629334 0.867201 0.62574 0.89231
0 0.145507 0.827908 0.151985 0.81073 0.144862 0.802242 0.138384 0.819419
0 0.0239517 0.83773 0.0241854 0.813733 0.00964802 0.813285 0.00941434 0.837283
0 0.307021 0.91994 0.308042 0.899892 0.296384 0.898016 0.295363 0.918063
0 0.233183 0.810234 0.23544 0.786558 0.221945 0.782493 0.219688 0.806169
0 0.600841 0.868139 0.604358 0.831465 0.585473 0.825742 0.581956 0.862416
0 0.0853733 0.841157 0.100268 0.821699 0.093449 0.805203 0.0785547 0.824661
0 0.566307 0.84974 0.570687 0.833365 0.560839 0.825039 0.556459 0.841414
0 0.469916 0.766127 0.472821 0.747932 0.463245 0.743099 0.460339 0.761293
0 0.318527 0.852152 0.320048 0.831671 0.308345 0.828924 0.306824 0.849405
0 0.266038 0.89482 0.268344 0.874153 0.256345 0.869922 0.254039 0.890589
0 0.497961 0.966018 0.503993 0.931895 0.490354 0.924275 0.484322 0.958398
0 0.269775 0.94805 0.272013 0.930413 0.261882 0.926351 0.259645 0.943988
0 0.592749 0.892998 0.595729 0.8734 0.584021 0.867772 0.58104 0.88737
0 0.939702 0.630266 0.941235 0.60232 0.921411 0.598884 0.919878 0.626829
0 0.885694 0.507781 0.880932 0.463855 0.840125 0.477838 0.844888 0.521764
0 0.290725 0.936221 0.297777 0.918642 0.288997 0.907511 0.281945 0.92509
0 0.234252 1.00699 0.241448 0.984287 0.232002 0.974826 0.224807 0.997531
0 0.498708 0.569335 0.500892 0.533946 0.482498 0.530358 0.480314 0.565747
0 0.539272 0.866709 0.546348 0.837072 0.532575 0.826679 0.525499 0.856316
0 0.34607 0.549559 0.34973 0.532524 0.338313 0.52477 0.334652 0.541805
0 0.55947 0.812443 0.56004 0.796575 0.54921 0.795345 0.548639 0.811213
0 0.72704 0.557377 0.731629 0.522053 0.701576 0.509714 0.696987 0.545038
0 0.88729 0.525828 0.922212 0.50498 0.917369 0.479336 0.882446 0.500184
0 0.445928 0.986917 0.452187 0.962411 0.443026 0.955016 0.436767 0.979522
0 0.68542 0.837795 0.684998 0.801606 0.670401 0.802145 0.670824 0.838333
0 0.0380537 0.268502 0.0436352 0.17869 -0.0101782 0.16812 -0.0157597 0.257932
0 0.439234 0.807817 0.443487 0.785419 0.430758 0.777781 0.426505 0.800179
