0 0.287717 0.972457 0.286588 0.925625 0.260723 0.927596 0.261853 0.974428
0 0.834382 0.739984 0.834199 0.697115 0.813417 0.697396 0.813601 0.740265
0 0.913867 0.689188 0.947058 0.655588 0.936361 0.622192 0.90317 0.655791
0 1.00054 0.531224 1.00286 0.489493 0.979013 0.485298 0.976691 0.527029
0 0.990274 0.498805 0.986979 0.454264 0.95601 0.461504 0.959304 0.506045
0 0.95917 0.543737 0.964648 0.520749 0.951853 0.511113 0.946375 0.5341
0 0.062967 0.984278 0.0952657 0.934514 0.0779679 0.899031 0.0456692 0.948796
0 0.995481 1.0037 1.01451 0.87161 0.837202 0.790883 0.818174 0.922976
0 0.122611 0.904932 0.138488 0.860008 0.121631 0.84118 0.105754 0.886103
0 0.862722 0.759513 0.872253 0.730298 0.852124 0.709543 0.842593 0.738758
0 0.992415 0.553244 0.994092 0.527105 0.969463 0.52211 0.967785 0.548249
0 0.109318 0.623795 0.17906 0.560246 0.151995 0.466376 0.0822543 0.529925
0 0.843437 0.683145 0.850578 0.657808 0.837132 0.64583 0.82999 0.671166
0 0.858167 0.226198 0.847051 0.164851 0.799631 0.192009 0.810747 0.253356
0 0.890483 0.627235 0.908455 0.594731 0.898349 0.577071 0.880377 0.609574
0 1.00302 0.571511 1.00512 0.549389 0.988317 0.544359 0.986221 0.56648
0 0.364815 0.940916 0.382865 0.905643 0.367062 0.880087 0.349013 0.91536
0 0.978002 0.573805 0.98312 0.554895 0.9673 0.541361 0.962181 0.560271
0 0.941853 0.467092 0.953946 0.439689 0.941432 0.422236 0.929339 0.449639
0 0.90003 0.631446 0.922281 0.611956 0.916248 0.59019 0.893997 0.609679
0 0.833425 0.700393 0.839597 0.680431 0.825338 0.666499 0.819166 0.68646
0 0.355288 0.827332 0.377296 0.796508 0.363636 0.765682 0.341627 0.796507
0 0.910578 0.598575 0.918194 0.583001 0.904294 0.561518 0.896678 0.577092
0 0.0372487 0.944144 0.0385314 0.917532 0.0240317 0.915323 0.022749 0.941935
0 0.937532 0.562602 0.940412 0.541853 0.92784 0.536338 0.92496 0.557086
0 0.988344 0.668053 0.996867 0.647796 0.971897 0.614591 0.963374 0.634848
0 0.0368448 0.889618 0.055491 0.871985 0.0482843 0.8479 0.029638 0.865533
0 0.522179 0.767786 0.531414 0.730151 0.506089 0.710511 0.496854 0.748146
0 0.966204 0.606213 0.966889 0.575769 0.949076 0.574501 0.948391 0.604946
0 0.961712 0.565953 0.967044 0.549606 0.949577 0.531601 0.944245 0.547947
0 0.377338 0.795813 0.386792 0.771075 0.363149 0.742519 0.353695 0.767257
0 0.557838 0.978692 0.57197 0.950319 0.545545 0.908724 0.531414 0.937097
0 0.444506 0.671103 0.44667 0.65162 0.433247 0.646908 0.431083 0.666392
0 0.998774 0.603382 1.00203 0.576744 0.982086 0.56904 0.97883 0.595678
0 0.997909 0.351474 0.998809 0.320175 0.976418 0.31814 0.975519 0.349439
0 0.998707 0.476296 1.00038 0.448739 0.987108 0.446201 0.985441 0.473758
0 0.972973 0.595319 0.979822 0.577045 0.964729 0.559169 0.957881 0.577444
0 0.426768 0.812856 0.422029 0.766667 0.406302 0.771767 0.411041 0.817956
0 0.0299591 0.599288 0.0373773 0.576401 0.0268013 0.565567 0.019383 0.588454
0 0.623661 0.849593 0.626298 0.807436 0.601699 0.802572 0.599062 0.84473
0 0.844678 0.746188 0.853013 0.723569 0.840329 0.708796 0.831993 0.731415
0 0.866591 0.793754 0.866726 0.752146 0.844176 0.751914 0.84404 0.793521
0 0.434402 0.705766 0.435644 0.68493 0.424401 0.682813 0.423159 0.703649
0 0.0602298 0.852435 0.0743322 0.832235 0.0654287 0.812589 0.0513263 0.832789
0 0.584608 0.774968 0.587774 0.750286 0.57671 0.745801 0.573544 0.770483
0 0.452885 0.767211 0.45342 0.741609 0.434262 0.740343 0.433727 0.765946
0 0.967516 0.73435 0.974108 0.706403 0.950411 0.688736 0.943819 0.716683
0 0.051896 0.97496 0.0623357 0.929329 0.0442959 0.916285 0.0338563 0.961916
0 0.020564 0.961812 0.0228656 0.920184 -0.000871877 0.916036 -0.0031735 0.957664
0 0.933096 0.713633 0.97321 0.681587 0.962609 0.63965 0.922496 0.671696
0 0.386522 0.912585 0.396798 0.887382 0.377623 0.862672 0.367347 0.887875
0 0.850444 0.766715 0.851071 0.742727 0.829739 0.740965 0.829112 0.764953
0 0.756895 0.762575 0.755497 0.73872 0.737276 0.742094 0.738674 0.765949
0 0.609706 0.792419 0.612485 0.772376 0.601809 0.767697 0.59903 0.787741
0 0.107147 0.877381 0.108784 0.836916 0.0893405 0.83443 0.0877035 0.874895
0 0.885446 0.482298 0.889857 0.460162 0.873717 0.449998 0.869307 0.472135
0 0.978321 0.454113 0.982967 0.428601 0.970539 0.421447 0.965892 0.446958
0 1.00006 0.41819 1.00238 0.39355 0.990182 0.389912 0.987857 0.414552
0 0.602708 0.779541 0.604728 0.753034 0.588464 0.749116 0.586444 0.775624
0 0.0490336 0.927981 0.0696615 0.896275 0.0598266 0.876052 0.0391986 0.907758
0 0.0236816 0.695259 0.0280085 0.670762 0.0106522 0.661073 0.00632528 0.68557
0 0.746983 0.822085 0.751048 0.793452 0.737209 0.787244 0.733145 0.815877
0 0.954736 0.508635 0.95667 0.483775 0.942835 0.480375 0.940902 0.505234
0 0.0807542 0.167878 0.0886091 -0.0131045 -0.0136707 -0.0271344 -0.0215256 0.153848
0 0.353781 0.974009 0.35916 0.93024 0.339527 0.922615 0.334149 0.966384
0 0.597184 0.806813 0.600865 0.77771 0.581895 0.770127 0.578215 0.79923
0 0.735895 0.799275 0.740613 0.773768 0.722244 0.763029 0.717525 0.788536
0 0.416088 0.763275 0.417505 0.73681 0.404993 0.734693 0.403576 0.761158
0 0.420919 0.72616 0.424622 0.703961 0.409802 0.696147 0.406099 0.718346
0 0.473737 0.760388 0.475967 0.738379 0.463551 0.734403 0.461321 0.756411
0 0.807924 0.696945 0.8091 0.669958 0.795637 0.668105 0.794462 0.695092
0 0.945691 0.641931 0.94948 0.614317 0.934339 0.607751 0.930551 0.635365
0 0.962298 0.461323 0.967254 0.438633 0.952079 0.428157 0.947123 0.450847
0 0.802721 0.520057 0.804556 0.495035 0.789961 0.491651 0.788126 0.516673
0 0.577023 0.811219 0.577801 0.780426 0.561772 0.779147 0.560995 0.80994
0 0.359136 0.840976 0.359989 0.812568 0.342682 0.810926 0.341829 0.839334
0 0.359693 0.76223 0.369757 0.73429 0.356912 0.719667 0.346848 0.747607
0 0.834396 0.796818 0.84403 0.780038 0.828515 0.751886 0.818881 0.768666
0 0.997617 0.329615 1.00571 0.300362 0.99028 0.286864 0.982185 0.316117
0 0.0607274 0.867605 0.067344 0.844218 0.055188 0.833349 0.0485715 0.856736
0 0.799353 0.733753 0.809374 0.704531 0.799057 0.693349 0.789036 0.722571
0 0.983264 0.760257 0.989574 0.734034 0.969369 0.718668 0.963059 0.744891
0 0.649975 0.893203 0.649724 0.863117 0.627438 0.863704 0.627689 0.893791
0 1.00063 0.434523 1.00164 0.411932 0.988616 0.410078 0.987598 0.432668
0 0.0368624 0.704848 0.0398447 0.68262 0.0276555 0.677451 0.0246731 0.699679
0 0.988513 0.463329 0.993277 0.437745 0.982014 0.431118 0.977251 0.456701
0 0.957977 0.61855 0.960356 0.588854 0.941406 0.584056 0.939027 0.613751
0 0.0493186 1.00515 0.0649902 0.979228 0.0552557 0.960627 0.039584 0.986547
0 0.0622295 0.929356 0.0885098 0.896473 0.0804748 0.876177 0.0541945 0.90906
0 0.463503 0.650937 0.465653 0.628307 0.452081 0.624233 0.449932 0.646863
0 0.630253 0.731317 0.633364 0.70081 0.616671 0.695429 0.613559 0.725936
0 0.883715 0.523736 0.887331 0.503649 0.877645 0.498138 0.874029 0.518226
0 0.300656 0.890981 0.332253 0.881395 0.315391 0.705739 0.283794 0.715325
0 0.483439 0.637737 0.486398 0.611899 0.471447 0.606489 0.468489 0.632327
0 0.0596917 0.806411 0.0634066 0.785591 0.0531517 0.779808 0.0494368 0.800628
0 0.961216 0.481882 0.962514 0.457582 0.948852 0.455275 0.947554 0.479575
0 0.977742 0.533006 0.983665 0.508353 0.965202 0.494334 0.959279 0.518987
0 0.76604 0.748427 0.772807 0.715671 0.755899 0.704631 0.749132 0.737387
0 0.898364 0.785268 0.899542 0.749286 0.88461 0.747741 0.883432 0.783723
0 0.0330086 0.915118 0.0593542 0.892179 0.0526964 0.868012 0.0263509 0.890952
0 0.893919 0.587644 0.894038 0.562892 0.876669 0.562629 0.87655 0.587381
0 0.734662 0.825789 0.739415 0.799628 0.726966 0.79248 0.722213 0.818641
0 0.798742 0.499858 0.803529 0.481114 0.789417 0.469726 0.784631 0.48847
0 0.0698049 0.793992 0.0728793 0.765151 0.058752 0.760391 0.0556776 0.789233
0 0.43854 0.68586 0.44089 0.666223 0.427385 0.661115 0.425035 0.680752
0 0.874206 0.519832 0.876854 0.500364 0.866511 0.495917 0.863862 0.515385
0 0.744834 0.795374 0.753046 0.777678 0.740346 0.759053 0.732134 0.776749
0 0.829288 0.646526 0.830931 0.622213 0.817831 0.619414 0.816187 0.643726
0 0.960543 0.651238 0.962996 0.633722 0.94701 0.626649 0.944557 0.644165
0 0.420483 0.743038 0.425074 0.725841 0.412547 0.715271 0.407956 0.732468
0 0.717271 0.666473 0.723113 0.647874 0.714247 0.639072 0.708405 0.65767
0 0.434358 0.662222 0.44301 0.638239 0.431725 0.625373 0.423073 0.649356
0 0.799675 0.998231 0.842381 0.929415 0.785519 0.817889 0.742813 0.886704
0 0.939433 0.44727 0.954004 0.394461 0.936159 0.378899 0.921587 0.431707
0 0.652882 0.770905 0.654247 0.747755 0.63626 0.744405 0.634896 0.767554
0 0.91039 0.713687 0.916866 0.68854 0.904711 0.678647 0.898235 0.703793
0 0.853045 0.712252 0.856807 0.687803 0.841557 0.680385 0.837794 0.704835
0 0.411352 0.858446 0.415987 0.821225 0.397741 0.814045 0.393106 0.851265
0 0.928576 0.535661 0.938207 0.511044 0.928146 0.498605 0.918515 0.523222
0 0.0591035 0.706999 0.0617819 0.685636 0.048013 0.68018 0.0453346 0.701543
0 0.737508 0.634722 0.740738 0.617441 0.7303 0.611274 0.727069 0.628555
0 1.00209 0.452421 1.00316 0.426445 0.989452 0.424663 0.988384 0.45064
0 0.977213 0.616727 0.979679 0.591591 0.96405 0.586745 0.961584 0.611881
0 0.697906 0.759165 0.695971 0.717433 0.678844 0.719943 0.680779 0.761675
0 0.048075 0.695312 0.0492693 0.677162 0.0375355 0.674722 0.0363412 0.692872
0 0.598141 0.840326 0.605296 0.805023 0.593207 0.797279 0.586052 0.832582
0 0.143025 0.921308 0.145086 0.883462 0.116094 0.878472 0.114033 0.916318
0 0.606397 0.770502 0.608042 0.746496 0.595357 0.743749 0.593712 0.767754
0 0.013819 0.879986 0.015313 0.848363 -0.00160154 0.845838 -0.00309551 0.877461
0 0.44634 0.706927 0.452273 0.682853 0.439951 0.673254 0.434018 0.697329
0 0.981299 0.668368 0.989613 0.648109 0.960544 0.610404 0.95223 0.630662
0 0.383194 0.873122 0.386631 0.842632 0.369803 0.836635 0.366365 0.867126
0 0.728336 0.6451 0.730676 0.626726 0.7197 0.622308 0.71736 0.640682
0 0.945868 0.542728 0.953171 0.513054 0.941358 0.503866 0.934056 0.533541
0 0.918793 0.782274 0.924549 0.756101 0.904195 0.741953 0.898439 0.768127
0 0.0705605 0.890247 0.076647 0.863557 0.0610177 0.852293 0.0549312 0.878983
0 0.931313 0.614249 0.942689 0.588204 0.932345 0.573924 0.920969 0.599969
0 0.0683122 0.700168 0.0725748 0.677969 0.0639617 0.672742 0.0596991 0.694941
0 0.57766 0.77094 0.576882 0.731041 0.560699 0.732038 0.561477 0.771938
0 0.0334347 0.763626 0.0448977 0.743382 0.0377215 0.730539 0.0262585 0.750783
0 0.810802 0.779092 0.816402 0.756595 0.800214 0.743859 0.794614 0.766356
0 0.810386 0.632465 0.817619 0.609803 0.810117 0.602236 0.802884 0.624899
0 0.596406 0.747694 0.602385 0.71505 0.587388 0.706368 0.581409 0.739013
0 0.56054 0.674694 0.567688 0.657945 0.55998 0.647547 0.552832 0.664296
0 0.336141 0.54073 0.358105 0.523743 0.336457 0.435276 0.314492 0.452264
0 0.89176 0.448242 0.896629 0.430212 0.886072 0.421203 0.881204 0.439233
0 0.358065 0.890499 0.365498 0.858564 0.352532 0.849024 0.345098 0.880959
0 0.217606 0.29573 0.245236 0.261888 0.213791 0.180745 0.18616 0.214586
0 0.313539 0.592988 0.32865 0.57212 0.306934 0.522421 0.291823 0.543289
0 0.856999 0.718308 0.86041 0.69277 0.844903 0.686224 0.841493 0.711763
0 0.463653 0.788195 0.467805 0.765363 0.45721 0.759275 0.453059 0.782107
0 0.984848 0.387085 0.979722 0.346358 0.952229 0.357294 0.957355 0.398022
0 0.0257226 0.665151 0.0255851 0.644618 0.010445 0.644938 0.0105825 0.665471
0 0.532968 0.773768 0.537847 0.7524 0.52864 0.745756 0.523761 0.767124
0 0.970634 0.644065 0.975407 0.624224 0.95369 0.607711 0.948917 0.627551
0 0.221703 0.0326036 0.220267 -0.00858215 0.198795 -0.00621582 0.200231 0.0349699
0 0.0729224 0.867446 0.0794299 0.842087 0.0678984 0.832734 0.0613908 0.858094
0 0.766669 0.572464 0.771537 0.543829 0.759424 0.53732 0.754556 0.565955
0 0.734877 0.770693 0.736306 0.748969 0.725029 0.746625 0.7236 0.76835
0 0.0942235 0.857016 0.108504 0.794036 0.0844747 0.776816 0.070194 0.839796
0 0.0408623 0.982892 0.0454878 0.938265 0.0310437 0.933533 0.0264182 0.97816
0 0.463142 0.679476 0.465032 0.660273 0.455556 0.657324 0.453665 0.676526
0 0.120411 0.853203 0.123115 0.823291 0.102005 0.81726 0.0993015 0.847173
0 0.638357 0.802551 0.645032 0.781042 0.634787 0.770995 0.628112 0.792504
0 0.590008 0.823881 0.592011 0.79888 0.575881 0.794795 0.573878 0.819796
0 0.621844 0.665269 0.627695 0.636298 0.614242 0.62771 0.60839 0.656681
0 0.408761 0.803987 0.412999 0.773398 0.394796 0.765427 0.390558 0.796016
0 0.960049 0.519439 0.964334 0.50074 0.953651 0.493004 0.949367 0.511702
0 0.260539 0.743345 0.285613 0.740655 0.280406 0.587251 0.255332 0.589941
0 0.910845 0.793845 0.9134 0.773083 0.899299 0.767598 0.896744 0.78836
0 0.484008 0.828895 0.487121 0.801893 0.473748 0.797019 0.470634 0.824021
0 0.824594 0.658827 0.830255 0.636737 0.818786 0.627449 0.813125 0.649538
0 0.452746 0.6609 0.454975 0.639734 0.441877 0.635376 0.439649 0.656542
0 0.949444 0.813324 0.959018 0.784379 0.927865 0.751812 0.91829 0.780757
0 0.98635 0.431234 0.990562 0.404266 0.972636 0.395418 0.968424 0.422386
