0 0.093714 0.974438 0.126303 0.921715 0.108844 0.887608 0.0762552 0.94033
0 0.206788 0.919605 0.274548 0.836193 0.247006 0.765482 0.179247 0.848895
0 0.9932 0.971621 1.00825 0.848495 0.80607 0.770371 0.791017 0.893497
0 0.882542 0.771306 0.885646 0.72817 0.862649 0.722941 0.859545 0.766077
0 0.13539 0.756378 0.14202 0.719431 0.112983 0.702963 0.106353 0.739909
0 0.264623 0.766888 0.265728 0.709017 0.235262 0.707178 0.234157 0.765049
0 0.437523 0.893934 0.439866 0.863069 0.421266 0.858605 0.418923 0.889471
0 0.386159 0.688117 0.391191 0.663315 0.371685 0.650807 0.366653 0.675609
0 0.970136 0.722249 1.00942 0.695963 1.00059 0.654236 0.961303 0.680523
0 0.302795 0.775774 0.303472 0.74896 0.284866 0.747477 0.28419 0.774291
0 0.218302 0.751728 0.233654 0.714648 0.218702 0.695083 0.20335 0.732163
0 0.913158 0.794858 0.925839 0.767206 0.904808 0.736723 0.892127 0.764375
0 0.325821 0.798219 0.325888 0.772622 0.307489 0.772469 0.307422 0.798066
0 0.881405 0.726804 0.889325 0.709807 0.875726 0.689782 0.867807 0.70678
0 0.896537 0.706401 0.90025 0.678055 0.883876 0.671278 0.880164 0.699624
0 0.299851 0.986479 0.318688 0.946421 0.300925 0.920019 0.282087 0.960077
0 0.133709 0.867559 0.139607 0.831984 0.12248 0.823009 0.116582 0.858585
0 0.283424 0.833571 0.2901 0.802802 0.267824 0.787527 0.261148 0.818296
0 0.0961836 0.852278 0.0989601 0.826031 0.0858784 0.821657 0.0831019 0.847905
0 0.183246 0.703183 0.184982 0.672584 0.170523 0.669991 0.168787 0.70059
0 0.0956318 0.915929 0.120838 0.888749 0.113527 0.867319 0.0883203 0.8945
0 0.225898 0.768592 0.226401 0.741147 0.204384 0.73987 0.203881 0.767316
0 0.0952526 0.8429 0.106351 0.816707 0.0957919 0.802568 0.0846937 0.828761
0 0.530783 0.749088 0.531306 0.721761 0.517724 0.720939 0.517201 0.748266
0 0.146011 0.845701 0.153745 0.819967 0.137456 0.804495 0.129722 0.830228
0 0.360587 0.781481 0.360545 0.750452 0.341794 0.750534 0.341837 0.781562
0 0.658932 0.869065 0.660331 0.824123 0.632617 0.821397 0.631219 0.866339
0 0.448669 0.748198 0.452796 0.730416 0.440972 0.721743 0.436845 0.739525
0 0.0704753 0.584389 0.0725984 0.557941 0.058627 0.554396 0.056504 0.580844
0 0.105878 0.332257 0.11706 0.295683 0.0946112 0.27399 0.083429 0.310565
0 0.141863 0.891244 0.168566 0.871254 0.161738 0.842425 0.135034 0.862416
0 0.970694 0.624603 0.97923 0.607962 0.962468 0.580786 0.953931 0.597427
0 0.0825762 0.91352 0.0990312 0.882248 0.0903275 0.867774 0.0738725 0.899046
0 0.477096 0.777874 0.479362 0.749399 0.46228 0.745103 0.460014 0.773578
0 0.308441 0.905876 0.312994 0.849106 0.292072 0.843801 0.287518 0.900572
0 0.844669 0.757122 0.856829 0.730868 0.847834 0.717701 0.835674 0.743954
0 0.289723 0.896702 0.29163 0.868578 0.273467 0.864686 0.27156 0.892809
0 0.0660201 0.931485 0.0698899 0.910419 0.0579901 0.90351 0.0541204 0.924576
0 0.335252 0.87829 0.337241 0.847753 0.320809 0.844369 0.31882 0.874906
0 0.265894 0.870535 0.267267 0.848572 0.2525 0.845654 0.251127 0.867618
0 0.0438269 0.956922 0.0419035 0.917031 0.0170487 0.920818 0.0189721 0.96071
0 0.0829192 0.989566 0.0947694 0.96766 0.0859979 0.952664 0.0741478 0.974569
0 0.684795 0.507506 0.687816 0.488382 0.676449 0.482708 0.673429 0.501831
0 0.338563 0.894228 0.341554 0.87156 0.328977 0.866315 0.325986 0.888983
0 0.182886 0.678824 0.193666 0.646403 0.180266 0.632322 0.169487 0.664744
0 0.615807 0.862188 0.619715 0.840659 0.60594 0.832756 0.602032 0.854285
0 0.474797 0.742936 0.480946 0.720935 0.470101 0.711355 0.463952 0.733356
0 0.946467 0.656962 0.966228 0.618936 0.953939 0.598752 0.934178 0.636778
0 0.0823449 0.963988 0.0941136 0.919775 0.0764875 0.904947 0.0647188 0.949159
0 0.305219 0.736266 0.31477 0.717957 0.297522 0.689522 0.287971 0.707831
0 0.0589446 0.679373 0.0622856 0.656793 0.0470246 0.649657 0.0436837 0.672236
0 0.42031 0.685846 0.423842 0.653458 0.410063 0.648709 0.406531 0.681097
0 0.896863 0.776606 0.904 0.752591 0.888769 0.738285 0.881632 0.7623
0 0.0687708 0.909887 0.0881449 0.873775 0.0772208 0.855253 0.0578468 0.891365
0 0.567861 0.769699 0.581516 0.742482 0.573599 0.72993 0.559945 0.757147
0 0.385553 0.843108 0.386992 0.820069 0.37192 0.817092 0.37048 0.840131
0 0.133097 0.835892 0.138198 0.808564 0.122987 0.799593 0.117887 0.826921
0 0.0403875 0.913514 0.0558762 0.884706 0.0468813 0.869421 0.0313926 0.898229
0 0.0845481 0.819385 0.0923823 0.794798 0.0825904 0.784937 0.0747562 0.809524
0 0.898608 0.739105 0.905992 0.721224 0.892481 0.703593 0.885098 0.721475
0 0.0775194 0.877212 0.0892946 0.850081 0.0764192 0.83242 0.0646441 0.859551
0 0.874243 0.519696 0.875046 0.503178 0.862333 0.501226 0.86153 0.517744
0 0.0727485 0.897126 0.0899446 0.87232 0.0809326 0.852576 0.0637366 0.877382
0 0.0534592 1.00507 0.0661148 0.975973 0.0526288 0.957436 0.0399732 0.986537
0 0.33409 0.7628 0.335969 0.737062 0.323681 0.734227 0.321802 0.759965
0 0.775181 0.971881 0.813602 0.896816 0.754321 0.800921 0.7159 0.875986
0 0.102416 0.877537 0.10719 0.854493 0.0927939 0.845068 0.0880201 0.868112
0 0.0954916 0.158069 0.11492 0.0952983 0.0625487 0.0440685 0.0431206 0.106839
0 0.0467199 0.867566 0.0532846 0.841501 0.0326454 0.825072 0.0260806 0.851137
0 0.343413 0.798592 0.347668 0.777037 0.334907 0.769077 0.330653 0.790632
0 0.595342 0.721591 0.599661 0.693922 0.586696 0.687526 0.582377 0.715196
0 0.0696212 0.842382 0.0795721 0.819051 0.0678224 0.803213 0.0578715 0.826543
0 0.443958 0.817789 0.457063 0.802022 0.445206 0.770872 0.432101 0.786638
0 0.972376 0.587255 0.97584 0.568639 0.965441 0.562524 0.961977 0.58114
0 0.459831 0.780913 0.461079 0.746633 0.444811 0.744761 0.443562 0.779041
0 0.180497 0.0366017 0.191175 0.0111244 0.169007 -0.0182393 0.158329 0.00723806
0 0.899757 0.797559 0.901372 0.772354 0.87856 0.767734 0.876944 0.792939
0 0.35131 0.748414 0.353652 0.729575 0.338818 0.723746 0.336476 0.742585
0 0.849006 0.534121 0.850191 0.507775 0.833826 0.505449 0.832641 0.531796
0 0.469686 0.879943 0.468438 0.851039 0.45606 0.852729 0.457308 0.881633
0 0.346674 0.664147 0.348145 0.645055 0.336886 0.642312 0.335414 0.661403
0 0.274237 0.804449 0.279241 0.779004 0.26432 0.76973 0.259317 0.795175
0 0.178508 0.119998 0.203803 0.0923921 0.173148 0.00361877 0.147853 0.0312251
0 0.303837 0.81877 0.311012 0.796757 0.302145 0.787622 0.29497 0.809636
0 0.851472 0.718799 0.854404 0.697335 0.841874 0.691925 0.838942 0.713389
0 0.174652 0.893086 0.178759 0.873313 0.162634 0.862728 0.158527 0.8825
0 0.87531 0.790377 0.87855 0.768332 0.852075 0.756036 0.848836 0.778081
0 0.417062 0.898273 0.423996 0.87507 0.414124 0.865746 0.40719 0.888949
0 0.426296 0.843282 0.444264 0.815846 0.435604 0.797921 0.417636 0.825356
0 0.459017 0.741721 0.464371 0.723817 0.451388 0.711546 0.446034 0.72945
0 0.670148 0.726604 0.672883 0.689832 0.659778 0.68675 0.657042 0.723522
0 0.147393 0.768973 0.153384 0.748093 0.141083 0.73694 0.135093 0.75782
0 0.997223 0.553029 0.997976 0.524752 0.980469 0.52328 0.979717 0.551556
0 0.0274931 0.79226 0.0251216 0.766593 0.00433993 0.772662 0.00671137 0.798328
0 0.999891 0.476774 1.00374 0.455175 0.993001 0.449121 0.98915 0.47072
0 0.0594871 0.651142 0.0598024 0.633193 0.0479613 0.632536 0.047646 0.650485
0 0.560768 0.7875 0.568324 0.766573 0.559493 0.756498 0.551938 0.777425
0 0.228655 0.707527 0.237176 0.683828 0.226408 0.671592 0.217887 0.695291
0 0.603573 0.824607 0.606842 0.797674 0.591918 0.791949 0.588649 0.818883
0 0.0337898 0.926544 0.0336802 0.902653 0.0151155 0.902923 0.0152251 0.926814
0 0.670064 0.537758 0.6761 0.507642 0.662596 0.499088 0.65656 0.529204
0 0.48449 0.825137 0.487669 0.792317 0.472297 0.787611 0.469118 0.820432
0 0.262655 0.788192 0.270482 0.760528 0.258259 0.749598 0.250432 0.777262
0 0.81492 0.761432 0.811182 0.734354 0.788001 0.744469 0.791739 0.771546
0 0.997906 0.588168 1.00039 0.563424 0.988799 0.559751 0.986318 0.584495
0 0.589804 1.00393 0.604716 0.974792 0.574716 0.926275 0.559804 0.955415
0 0.0258142 0.811836 0.0239064 0.78845 0.00462991 0.79342 0.00653775 0.816806
0 0.300875 0.846436 0.301393 0.822626 0.285985 0.821567 0.285467 0.845377
0 0.349707 0.854993 0.351537 0.837596 0.341333 0.834203 0.339503 0.8516
0 0.0558597 0.915354 0.0685803 0.88125 0.0581081 0.868905 0.0453875 0.903008
0 0.171041 0.854698 0.180292 0.833495 0.170572 0.820091 0.161321 0.841294
0 0.133913 0.88419 0.143782 0.856595 0.131014 0.842164 0.121145 0.869758
0 0.0689589 0.822866 0.0781485 0.802044 0.0693256 0.789738 0.0601361 0.81056
0 0.619298 0.680908 0.623089 0.661192 0.614533 0.655991 0.610741 0.675707
0 0.695765 0.628545 0.698327 0.609102 0.686046 0.603988 0.683484 0.623431
0 0.4676 0.677831 0.472914 0.660628 0.461503 0.649489 0.45619 0.666692
0 0.939582 0.541511 0.940856 0.520808 0.929719 0.518642 0.928445 0.539346
0 0.118656 0.72303 0.121562 0.68882 0.101493 0.683432 0.0985869 0.717642
0 0.858713 0.5251 0.861827 0.507787 0.849605 0.500841 0.846492 0.518154
0 0.619325 0.837259 0.61955 0.81453 0.604284 0.814053 0.604059 0.836782
0 0.838834 0.715767 0.841741 0.694155 0.830569 0.689407 0.827663 0.71102
0 0.581864 0.724794 0.586361 0.702811 0.575987 0.696104 0.57149 0.718087
0 0.936929 0.718455 0.940347 0.698201 0.928161 0.6917 0.924743 0.711955
0 0.318909 0.725696 0.321792 0.704652 0.310279 0.699667 0.307396 0.720712
0 0.978441 0.652117 0.976692 0.622831 0.953053 0.627293 0.954802 0.656579
0 0.394773 0.77695 0.40354 0.74385 0.389958 0.732481 0.381191 0.765581
0 0.977012 0.681327 0.995391 0.663655 0.989128 0.643071 0.970749 0.660743
0 0.925258 0.731314 0.923046 0.690081 0.906278 0.692924 0.90849 0.734158
0 0.450497 0.85365 0.455325 0.817094 0.4399 0.810657 0.435073 0.847213
0 0.292878 0.819638 0.303267 0.79328 0.293683 0.781341 0.283294 0.807699
0 0.950491 0.771883 0.951273 0.752797 0.935666 0.750777 0.934884 0.769863
0 0.65338 0.719787 0.659879 0.697301 0.6423 0.681244 0.635801 0.70373
0 0.559169 0.761418 0.554878 0.723227 0.528019 0.732764 0.53231 0.770955
0 0.138002 0.779134 0.138166 0.745248 0.105866 0.744755 0.105702 0.77864
0 0.869354 0.791759 0.873768 0.76658 0.843182 0.749635 0.838768 0.774815
0 0.920613 0.815876 0.921041 0.784003 0.897256 0.782996 0.896828 0.814868
0 0.606631 0.70147 0.61119 0.675098 0.601385 0.66974 0.596826 0.696113
0 0.157251 0.675997 0.158073 0.656508 0.146852 0.655013 0.14603 0.674502
0 0.390337 0.973666 0.404003 0.945021 0.394905 0.931303 0.381239 0.959948
0 0.168216 0.948769 0.17025 0.902021 0.14209 0.898149 0.140056 0.944897
0 0.42918 0.995187 0.435596 0.967833 0.425363 0.960248 0.418947 0.987602
0 0.594164 0.71201 0.597643 0.686714 0.58763 0.682361 0.584151 0.707657
0 0.201532 0.83022 0.219093 0.798368 0.20855 0.779998 0.19099 0.81185
0 0.436026 0.778542 0.438846 0.750153 0.418295 0.743701 0.415474 0.77209
0 0.950651 0.584853 0.951213 0.568197 0.937346 0.566718 0.936783 0.583374
0 0.10825 0.850475 0.109685 0.827372 0.0959342 0.824673 0.0944992 0.847776
0 0.614811 0.791306 0.61883 0.763477 0.607613 0.758358 0.603594 0.786187
0 0.363488 0.7963 0.369454 0.769794 0.357589 0.761352 0.351622 0.787858
0 0.62681 0.795279 0.631642 0.771449 0.619074 0.763395 0.614242 0.787225
0 0.885531 0.67902 0.888814 0.662482 0.877787 0.655563 0.874504 0.672101
0 0.624003 0.705987 0.629633 0.68621 0.619227 0.676848 0.613597 0.696625
0 0.645468 0.794519 0.650728 0.770746 0.640801 0.763803 0.63554 0.787576
0 0.860823 0.724814 0.865671 0.701537 0.854555 0.694221 0.849707 0.717498
0 0.946479 0.524761 0.948552 0.503527 0.93663 0.499847 0.934557 0.521082
0 0.0961666 0.926142 0.109729 0.897256 0.0984756 0.880556 0.0849128 0.909441
0 0.560072 0.701246 0.567279 0.67523 0.556278 0.665598 0.549071 0.691614
0 0.168915 0.668584 0.172726 0.647825 0.158735 0.639706 0.154924 0.660465
0 0.166208 0.750692 0.17438 0.722457 0.162396 0.711495 0.154224 0.73973
0 0.873615 0.504503 0.87559 0.486461 0.862493 0.481929 0.860518 0.499972
0 0.0762235 0.919401 0.079189 0.896955 0.0638525 0.890551 0.060887 0.912997
0 0.894835 0.750428 0.898399 0.733592 0.886062 0.725338 0.882498 0.742175
0 0.937008 0.747417 0.94148 0.724498 0.92901 0.71681 0.924539 0.739728
0 0.937816 0.803999 0.938946 0.780108 0.921318 0.777473 0.920187 0.801363
0 0.984165 0.605173 0.990439 0.581032 0.977902 0.570733 0.971627 0.594874
0 0.835013 0.69156 0.840869 0.654186 0.817386 0.642557 0.81153 0.67993
0 0.17701 0.632735 0.178017 0.613217 0.165373 0.611155 0.164366 0.630672
0 0.190032 0.90398 0.193426 0.886538 0.180132 0.878363 0.176739 0.895805
0 0.0594261 0.878056 0.0662077 0.857835 0.0573486 0.848445 0.0505671 0.868666
0 0.868303 0.701742 0.872454 0.683938 0.860269 0.674959 0.856117 0.692763
0 0.907845 0.723798 0.912357 0.697071 0.899093 0.689992 0.89458 0.716719
0 0.330923 0.855563 0.331835 0.833498 0.318046 0.831698 0.317134 0.853763
0 0.315374 0.925281 0.331408 0.901559 0.323157 0.883932 0.307123 0.907654
0 0.597143 0.744718 0.605216 0.721115 0.596568 0.711766 0.588495 0.735369
0 0.64189 0.638904 0.647142 0.617815 0.638357 0.610901 0.633106 0.63199
0 0.929404 0.773256 0.933467 0.753143 0.917428 0.742905 0.913366 0.763017
0 0.583802 0.700536 0.588775 0.682258 0.58057 0.675203 0.575597 0.693481
0 0.69014 0.530756 0.693968 0.510662 0.680186 0.502365 0.676358 0.522459
0 0.0901065 0.795766 0.0973551 0.77548 0.0888677 0.765895 0.0816191 0.786181
0 0.903765 0.745816 0.910844 0.729697 0.896861 0.710287 0.889782 0.726407
0 0.863156 0.763238 0.865999 0.734586 0.852871 0.730468 0.850027 0.75912
0 0.947865 0.479641 0.950493 0.461743 0.941032 0.457352 0.938404 0.475251
0 0.605321 0.786794 0.606647 0.756908 0.592055 0.754861 0.590729 0.784747
0 0.0606533 0.694768 0.0621558 0.677402 0.0506866 0.674266 0.0491841 0.691632
0 0.17196 0.929214 0.177545 0.884749 0.144343 0.871569 0.138758 0.916034
0 0.497694 0.768517 0.503109 0.748315 0.493657 0.740308 0.488242 0.76051
0 0.112272 0.842113 0.141103 0.792818 0.126398 0.765637 0.0975671 0.814932
0 0.130504 0.648823 0.130818 0.628334 0.11859 0.627741 0.118276 0.648231
0 0.0555561 0.940187 0.0570926 0.911574 0.0351473 0.90785 0.0336109 0.936463
0 0.98641 0.617094 0.990541 0.595837 0.980781 0.589843 0.97665 0.6111
0 0.636263 0.704357 0.64021 0.68557 0.630889 0.679381 0.626942 0.698168
0 0.811195 0.582133 0.811872 0.552619 0.799216 0.551701 0.798538 0.581215
0 0.377306 0.798173 0.382792 0.770976 0.369077 0.762231 0.36359 0.789428
0 0.614654 0.800139 0.617085 0.777343 0.605422 0.773412 0.602991 0.796208
0 0.790014 0.725879 0.79959 0.701985 0.784765 0.683209 0.775189 0.707103
0 0.175678 0.300718 0.172636 0.194888 0.104898 0.201042 0.10794 0.306872
0 0.645666 0.690355 0.65251 0.668793 0.641448 0.657695 0.634604 0.679256
0 0.163754 0.809565 0.164503 0.793027 0.153546 0.791459 0.152797 0.807997
0 0.88095 0.697725 0.884188 0.678512 0.873185 0.672652 0.869947 0.691865
0 0.984505 0.62795 0.986147 0.610304 0.976176 0.607372 0.974534 0.625018
0 0.421389 0.605596 0.421173 0.577647 0.403951 0.578068 0.404167 0.606017
0 0.770177 0.683171 0.775319 0.664434 0.766377 0.656678 0.761235 0.675415
0 0.286265 0.863917 0.288697 0.841564 0.273137 0.836213 0.270705 0.858566
0 0.653496 0.750809 0.666813 0.734066 0.654976 0.70431 0.641659 0.721053
0 0.786112 0.749895 0.788144 0.730004 0.776761 0.726329 0.774729 0.746219
0 0.63593 0.788435 0.640875 0.76416 0.630036 0.757181 0.625091 0.781457
0 0.852847 0.504404 0.86144 0.489766 0.848977 0.46664 0.840383 0.481278
0 0.680056 0.740681 0.69884 0.708777 0.688908 0.690295 0.670124 0.7222
0 0.224498 0.790387 0.228347 0.770884 0.214268 0.762102 0.210419 0.781606
0 0.440531 0.86842 0.444751 0.846396 0.427142 0.835733 0.422922 0.857757
0 0.688556 0.663172 0.693773 0.642062 0.685875 0.635894 0.680658 0.657003
0 0.967107 0.573097 0.971586 0.543926 0.95595 0.536338 0.951472 0.565509
0 1.00095 0.649565 1.00192 0.631243 0.988731 0.629053 0.987768 0.647375
0 0.216326 0.710582 0.222854 0.688604 0.211521 0.677967 0.204994 0.699945
0 0.474787 0.709708 0.477155 0.685708 0.464793 0.681853 0.462425 0.705853
0 0.813376 0.716112 0.816382 0.687594 0.799779 0.682062 0.796773 0.710581
0 0.107819 0.883944 0.116616 0.863964 0.108101 0.852115 0.0993041 0.872095
0 0.613204 0.757105 0.615157 0.735142 0.60334 0.731821 0.601387 0.753785
0 0.627168 0.749225 0.629947 0.723061 0.61465 0.717926 0.611871 0.744091
0 0.0704412 0.683837 0.0721796 0.664989 0.0613954 0.661845 0.059657 0.680694
0 0.318373 0.543174 0.356837 0.478537 0.327131 0.422668 0.288667 0.487305
0 0.429849 0.813926 0.438243 0.78833 0.428773 0.778513 0.420378 0.804109
0 0.119701 0.849232 0.128453 0.811378 0.110325 0.798132 0.101573 0.835986
0 0.638293 0.747933 0.64265 0.724225 0.632206 0.718158 0.627849 0.741867
0 0.910367 0.479685 0.913134 0.462172 0.90387 0.457545 0.901102 0.475058
0 0.949098 0.706255 0.964286 0.670854 0.939416 0.63713 0.924227 0.672531
0 0.311359 0.753154 0.314458 0.732932 0.300501 0.726174 0.297403 0.746396
0 0.482322 0.678801 0.4852 0.653104 0.469926 0.647697 0.467048 0.673394
0 0.261633 0.854483 0.276885 0.837281 0.270507 0.819407 0.255254 0.836609
0 0.968926 0.74688 0.975233 0.717567 0.962668 0.709024 0.956361 0.738337
0 0.966137 0.765889 0.968916 0.746079 0.953832 0.739393 0.951053 0.759202
0 0.315459 0.944475 0.321632 0.922805 0.308376 0.91087 0.302203 0.932541
0 0.981397 0.578486 0.987378 0.552988 0.974991 0.543805 0.96901 0.569304
0 0.0351811 0.903628 0.0390744 0.881111 0.0279365 0.875024 0.0240432 0.897542
0 0.0197745 0.850167 0.0213568 0.829672 0.0070697 0.826186 0.00548739 0.846681
0 0.600962 0.775928 0.604276 0.748117 0.590253 0.742837 0.58694 0.770648
0 0.088122 0.342577 0.0988445 0.30387 0.0659609 0.27508 0.0552384 0.313787
0 0.951078 0.730152 0.954431 0.708567 0.940465 0.70171 0.937112 0.723295
0 0.888689 0.744637 0.892759 0.728431 0.878985 0.717497 0.874914 0.733703
0 0.8896 0.47728 0.89153 0.460697 0.880918 0.456792 0.878988 0.473375
0 0.339594 0.843208 0.342375 0.829436 0.333045 0.82348 0.330264 0.837252
0 0.827602 0.627872 0.82919 0.605728 0.815417 0.602606 0.813829 0.62475
0 0.352078 0.707622 0.359255 0.683934 0.349964 0.675038 0.342787 0.698725
0 0.951027 0.607368 0.950422 0.583011 0.929942 0.584619 0.930547 0.608975
0 0.0912715 0.819081 0.102048 0.794461 0.0946537 0.784232 0.0838775 0.808853
0 0.442299 0.762789 0.444566 0.742276 0.43137 0.737667 0.429103 0.75818
0 0.949904 0.550932 0.95382 0.525646 0.942103 0.519912 0.938187 0.545198
0 0.585346 0.740801 0.592309 0.72287 0.583768 0.712386 0.576804 0.730317
0 0.165768 0.970253 0.167517 0.941989 0.15161 0.938878 0.149861 0.967143
0 0.763029 0.582415 0.76977 0.553469 0.759718 0.54607 0.752976 0.575015
0 0.629812 0.820113 0.630988 0.791607 0.612076 0.789141 0.610899 0.817647
0 0.489267 0.796298 0.495371 0.777696 0.486908 0.768919 0.480804 0.78752
0 0.941102 0.494478 0.940755 0.470693 0.922521 0.471533 0.922868 0.495319
0 0.783943 0.773155 0.787863 0.75548 0.772918 0.745006 0.768999 0.76268
0 0.307002 0.9261 0.310026 0.905323 0.297849 0.899722 0.294825 0.920499
0 0.950678 0.572509 0.953528 0.551121 0.937456 0.54435 0.934606 0.565739
0 0.771014 0.600191 0.778209 0.56767 0.766267 0.559321 0.759072 0.591841
0 0.399738 0.73875 0.400618 0.72369 0.390145 0.721757 0.389266 0.736817
0 0.362712 0.7983 0.372958 0.777701 0.364148 0.763849 0.353901 0.784448
0 0.18545 0.302764 0.212291 0.278066 0.186181 0.188383 0.15934 0.213081
0 0.5074 0.809574 0.514258 0.778382 0.499853 0.768372 0.492995 0.799564
0 0.173448 0.652753 0.173477 0.632545 0.160164 0.632485 0.160134 0.652692
0 0.13464 0.918318 0.142752 0.880494 0.125231 0.868617 0.117118 0.906441
0 0.18567 0.934706 0.192223 0.901777 0.178973 0.893442 0.17242 0.926372
0 0.964864 0.680955 0.969695 0.655833 0.953093 0.645741 0.948262 0.670863
0 0.0372139 0.806361 0.0392999 0.784877 0.024574 0.780358 0.0224879 0.801842
0 0.950064 0.460061 0.953076 0.44139 0.941854 0.435668 0.938842 0.45434
0 0.195084 0.948452 0.215088 0.909418 0.201044 0.886672 0.18104 0.925705
0 1.0049 0.754963 1.00527 0.704028 0.97819 0.703392 0.977812 0.754327
0 0.162758 0.630437 0.164832 0.613089 0.154622 0.609232 0.152548 0.626579
0 0.139172 0.702417 0.138873 0.683624 0.124521 0.684347 0.124821 0.70314
0 0.812469 0.790211 0.815587 0.769617 0.80079 0.762535 0.797672 0.783129
0 0.640193 0.729809 0.642913 0.706969 0.627225 0.701064 0.624505 0.723904
0 0.972018 0.477953 0.973922 0.46058 0.96117 0.456162 0.959265 0.473535
0 0.159632 0.61499 0.160284 0.595875 0.147493 0.594498 0.146842 0.613613
0 0.461272 0.37366 0.465855 0.34617 0.443411 0.334345 0.438828 0.361835
0 0.195323 0.881857 0.203292 0.827128 0.18703 0.819645 0.179062 0.874374
0 0.380777 0.982354 0.384637 0.956317 0.366436 0.947788 0.362576 0.973825
0 0.975378 0.641233 0.977188 0.619279 0.960953 0.615049 0.959143 0.637003
0 0.209317 0.286629 0.22468 0.272791 0.20888 0.21735 0.193517 0.231188
0 0.564714 0.721429 0.566142 0.700808 0.550835 0.697458 0.549407 0.718079
0 0.640853 0.668461 0.647129 0.649987 0.638383 0.640597 0.632107 0.659072
