0 0.983996 0.946588 0.993675 0.834564 0.796061 0.780601 0.786382 0.892625
0 0.572092 0.807719 0.573662 0.783093 0.559892 0.780318 0.558322 0.804944
0 0.56038 0.862695 0.57206 0.840067 0.556235 0.814249 0.544554 0.836877
0 0.468087 0.542078 0.485367 0.477301 0.456286 0.452783 0.439006 0.51756
0 0.510577 0.761179 0.521148 0.749981 0.511885 0.722345 0.501314 0.733543
0 0.543308 0.879246 0.555621 0.859167 0.538891 0.826744 0.526579 0.846823
0 0.553459 0.718419 0.5552 0.695346 0.540552 0.691852 0.538811 0.714926
0 0.178079 0.0317901 0.179844 -0.0066561 0.155738 -0.0101539 0.153973 0.0282923
0 0.593604 0.79581 0.603728 0.780882 0.591344 0.754341 0.58122 0.769269
0 0.434334 0.932784 0.440029 0.866022 0.409463 0.857781 0.403768 0.924543
0 0.514389 0.917024 0.514102 0.878163 0.491823 0.878681 0.492109 0.917542
0 0.531476 0.77469 0.539004 0.751191 0.528715 0.740775 0.521187 0.764274
0 0.493606 0.94188 0.503075 0.92478 0.488514 0.899298 0.479045 0.916398
0 0.513747 0.863072 0.518175 0.838701 0.505009 0.831141 0.500581 0.855512
0 0.542269 0.82466 0.539483 0.789176 0.512655 0.795833 0.515441 0.831316
0 0.476092 0.847133 0.489299 0.818464 0.467252 0.786365 0.454045 0.815034
0 0.537022 0.797333 0.539355 0.775559 0.526366 0.771161 0.524033 0.792935
0 0.570968 0.668997 0.573946 0.646029 0.5622 0.641216 0.559222 0.664185
0 0.560603 0.783765 0.56418 0.767607 0.552349 0.759331 0.548773 0.77549
0 0.455872 0.631949 0.44879 0.582037 0.426736 0.591928 0.433818 0.64184
0 0.573093 0.770595 0.575411 0.750719 0.561338 0.745534 0.55902 0.76541
0 0.527431 0.633501 0.536736 0.567376 0.505176 0.55334 0.495871 0.619465
0 0.463551 0.775418 0.470976 0.74365 0.458525 0.734453 0.4511 0.766221
0 0.573145 0.877724 0.579674 0.856164 0.567193 0.844217 0.560663 0.865777
0 0.521071 0.801123 0.532693 0.766632 0.517699 0.750663 0.506076 0.785154
0 0.514786 0.886418 0.517966 0.862341 0.498128 0.854061 0.494948 0.878138
0 0.539478 0.761541 0.546727 0.749326 0.538524 0.733942 0.531275 0.746156
0 0.225606 0.998006 0.232249 0.807617 0.19783 0.803822 0.191188 0.994211
0 0.497874 0.871769 0.506768 0.832567 0.492624 0.822424 0.483729 0.861626
0 0.555694 0.770435 0.559332 0.74486 0.547861 0.739704 0.544224 0.76528
0 0.565081 0.830585 0.569205 0.807542 0.555066 0.799545 0.550942 0.822588
0 0.539941 0.918387 0.541444 0.891022 0.526612 0.888448 0.52511 0.915814
0 0.545906 0.800777 0.555305 0.790404 0.543127 0.755532 0.533728 0.765905
0 0.61468 0.759196 0.624138 0.742819 0.610476 0.717882 0.601018 0.734258
0 0.776957 0.713638 0.787646 0.68152 0.763987 0.656634 0.753298 0.688753
0 0.507538 0.797232 0.511948 0.775984 0.502156 0.769561 0.497746 0.790809
0 0.518727 0.850744 0.522369 0.827112 0.510452 0.821308 0.50681 0.844939
0 0.634914 0.925297 0.630328 0.887896 0.607568 0.896715 0.612153 0.934116
0 0.757403 0.742848 0.758449 0.725277 0.748511 0.723408 0.747465 0.740978
0 0.517554 0.808019 0.525478 0.780045 0.513401 0.769233 0.505477 0.797207
0 0.582413 0.828156 0.582877 0.805048 0.569977 0.804231 0.569514 0.827339
0 0.585 0.884431 0.590204 0.863599 0.578796 0.854592 0.573592 0.875425
0 0.0229134 0.761039 0.0289424 0.738894 0.00909119 0.721813 0.00306212 0.743958
0 0.121448 0.105432 0.132651 0.0935818 0.113523 0.0364353 0.102321 0.0482852
0 0.257776 1.01979 0.269272 0.964438 0.230378 0.938908 0.218882 0.994256
0 0.547985 0.832924 0.550633 0.810399 0.539652 0.806319 0.537005 0.828845
0 0.589874 0.804612 0.594706 0.790364 0.583862 0.778741 0.57903 0.79299
0 0.251299 0.535988 0.267826 0.508086 0.256295 0.486498 0.239767 0.5144
0 0.331752 0.54292 0.333135 0.519347 0.321828 0.51725 0.320444 0.540823
0 0.505325 0.773718 0.512613 0.75764 0.50221 0.742737 0.494922 0.758814
0 0.321293 0.623347 0.321471 0.60239 0.309613 0.602072 0.309436 0.62303
0 0.170144 0.118049 0.200057 0.0873108 0.174507 0.00873208 0.144595 0.0394704
0 0.26764 1.0001 0.306418 0.936319 0.258714 0.844655 0.219936 0.908436
0 0.358095 0.757765 0.366244 0.729796 0.344354 0.709639 0.336205 0.737608
0 0.0207264 0.795195 0.0194281 0.758039 -0.00245724 0.760456 -0.00115886 0.797612
0 0.482098 0.788475 0.492177 0.763503 0.481214 0.74952 0.471136 0.774492
0 0.433639 0.857983 0.440148 0.831932 0.429548 0.823561 0.423039 0.849613
0 0.531713 0.749422 0.533959 0.730069 0.524639 0.72665 0.522392 0.746002
0 0.531889 0.854375 0.536248 0.831337 0.523439 0.823678 0.519081 0.846715
0 0.154288 0.100966 0.168976 0.0882966 0.149154 0.0156725 0.134466 0.0283422
0 0.36718 0.890994 0.380911 0.867937 0.37092 0.849134 0.35719 0.872191
0 0.476467 0.886598 0.478388 0.866878 0.466023 0.86307 0.464102 0.88279
0 0.573197 0.99853 0.575608 0.977558 0.560986 0.972246 0.558575 0.993217
0 0.734227 0.718609 0.737268 0.686339 0.720449 0.681329 0.717408 0.7136
0 0.557528 0.948048 0.573316 0.917611 0.55156 0.881946 0.535773 0.912384
0 0.474344 0.775754 0.479566 0.751369 0.469002 0.744219 0.46378 0.768604
0 0.517202 0.935892 0.522638 0.903224 0.511108 0.89716 0.505672 0.929829
0 0.473026 0.864529 0.471871 0.831635 0.451435 0.833902 0.452589 0.866795
0 0.571983 0.784534 0.573545 0.770481 0.563318 0.766889 0.561756 0.780942
0 0.515454 0.971645 0.520381 0.940321 0.505105 0.932728 0.500179 0.964052
0 0.0395746 0.624547 0.0439528 0.604667 0.0316312 0.59609 0.027253 0.61597
0 0.494674 0.835903 0.496444 0.812213 0.484997 0.80951 0.483227 0.8332
0 0.325316 0.603406 0.32569 0.583293 0.312333 0.58251 0.31196 0.602623
0 0.447877 1.02397 0.475235 0.979149 0.455538 0.941147 0.428179 0.985964
0 0.0331188 0.496028 0.0517557 0.475758 0.0291011 0.409926 0.0104642 0.430196
0 0.641708 1.07198 0.818872 0.942677 0.771634 0.738113 0.59447 0.867412
0 0.568554 0.750462 0.570156 0.728385 0.559518 0.725944 0.557915 0.748022
0 0.585007 0.76215 0.587012 0.747117 0.579281 0.743859 0.577277 0.758892
0 0.391402 0.810811 0.396485 0.793298 0.384364 0.78218 0.379281 0.799693
