0 0.486789 0.591831 0.485654 0.539186 0.457025 0.541135 0.458159 0.593781
0 0.435134 0.982961 0.43492 0.873186 0.370464 0.873583 0.370678 0.983358
0 0.9833 1.07841 1.0192 0.861884 0.803532 0.748883 0.767635 0.965412
0 0.521825 1.00076 0.518456 0.908777 0.468343 0.914577 0.471711 1.00656
0 0.3793 0.904553 0.38158 0.832872 0.354251 0.830126 0.351972 0.901806
0 0.371661 0.940607 0.375501 0.905695 0.35313 0.89792 0.34929 0.932832
0 0.337713 0.950205 0.361716 0.893332 0.343104 0.868507 0.319101 0.92538
0 0.349745 0.8946 0.350911 0.845065 0.321173 0.842851 0.320006 0.892386
0 0.441588 0.902122 0.441012 0.846209 0.406793 0.847324 0.407369 0.903236
0 0.461052 0.879601 0.466268 0.828481 0.444113 0.821336 0.438896 0.872456
0 0.455147 0.921391 0.45658 0.885497 0.435124 0.88279 0.433691 0.918684
0 0.51299 0.87844 0.514917 0.836088 0.491853 0.832772 0.489926 0.875124
0 0.981603 0.764829 0.998928 0.703305 0.957307 0.666263 0.939982 0.727788
0 0.546051 0.840563 0.546254 0.808983 0.529674 0.808646 0.529471 0.840226
0 0.0748328 0.640358 0.117644 0.611714 0.106978 0.561331 0.0641667 0.589975
0 0.219319 0.992714 0.244452 0.977136 0.240007 0.954475 0.214875 0.970052
0 0.784966 1.04394 0.835187 0.964973 0.753765 0.801313 0.703544 0.880278
0 0.467472 0.924474 0.470217 0.893944 0.452178 0.888818 0.449433 0.919348
0 0.520843 0.911731 0.528211 0.868236 0.508316 0.857585 0.500948 0.901079
0 0.562853 0.996423 0.555357 0.891916 0.507172 0.902839 0.514668 1.00735
0 0.120632 0.794943 0.121783 0.76991 0.107381 0.767817 0.10623 0.792849
0 0.245271 0.970735 0.257951 0.947464 0.247988 0.930307 0.235308 0.953578
0 0.122115 0.773451 0.123847 0.740879 0.0967339 0.736323 0.095002 0.768894
0 0.467633 0.696981 0.464742 0.671323 0.441399 0.679634 0.44429 0.705293
0 0.120826 0.724016 0.123241 0.694611 0.109794 0.69112 0.107379 0.720525
0 0.0155352 0.969545 0.0374779 0.937809 0.0240527 0.908472 0.00211 0.940208
0 0.538229 0.727517 0.541234 0.702249 0.525696 0.696409 0.522691 0.721678
0 0.36959 0.977368 0.387842 0.939893 0.371828 0.915245 0.353577 0.95272
0 0.468158 0.794686 0.473224 0.771379 0.456986 0.760224 0.45192 0.783531
0 0.589305 1.01603 0.596695 0.96918 0.558017 0.949899 0.550628 0.996748
0 0.343399 0.966069 0.361038 0.934063 0.348608 0.912414 0.33097 0.94442
0 0.380416 0.767302 0.3941 0.736309 0.3804 0.717193 0.366717 0.748186
0 0.103695 0.654707 0.106835 0.627567 0.0899089 0.621379 0.0867696 0.64852
0 0.446012 0.818742 0.456707 0.785974 0.446223 0.775159 0.435527 0.807927
0 0.099228 0.816353 0.105739 0.788683 0.0917489 0.778278 0.0852378 0.805948
0 0.926423 0.61807 0.931482 0.567549 0.884223 0.552593 0.879164 0.603114
0 0.106343 1.01411 0.148394 0.884951 0.099631 0.834774 0.0575799 0.963931
0 0.476701 0.861615 0.481406 0.834943 0.466969 0.826893 0.462263 0.853564
0 0.586455 0.84119 0.590643 0.819358 0.569218 0.806369 0.565031 0.828201
0 0.438694 0.860676 0.45038 0.828339 0.437016 0.813075 0.42533 0.845412
0 0.891438 0.821625 0.91304 0.792256 0.891066 0.741175 0.869464 0.770544
0 0.33801 0.859559 0.363903 0.840866 0.357526 0.812949 0.331633 0.831642
0 0.917421 0.757399 0.927082 0.714817 0.909395 0.702133 0.899733 0.744714
0 0.438972 0.685341 0.45005 0.657091 0.439813 0.644403 0.428735 0.672653
0 0.573746 0.965243 0.581517 0.934308 0.56715 0.922902 0.559379 0.953837
0 0.414613 1.0169 0.441304 0.984378 0.428016 0.94991 0.401325 0.982431
0 0.166696 1.01618 0.186591 0.981776 0.173303 0.957487 0.153408 0.991887
0 0.471438 0.730156 0.476897 0.712449 0.464001 0.699882 0.458542 0.71759
0 0.608351 0.585741 0.611293 0.542485 0.585239 0.536883 0.582296 0.580139
0 0.47964 1.00489 0.480096 0.975561 0.462267 0.974686 0.461811 1.00402
0 0.134064 0.775935 0.144264 0.746176 0.129573 0.73026 0.119372 0.760018
0 0.54602 0.865471 0.547013 0.83782 0.531333 0.83604 0.53034 0.863691
0 0.687402 0.832993 0.710244 0.773269 0.687662 0.745974 0.664821 0.805698
0 0.106583 0.789975 0.109331 0.767679 0.0921958 0.761004 0.0894479 0.7833
0 0.0397494 0.972326 0.0478068 0.939732 0.0322707 0.927594 0.0242133 0.960188
0 0.546873 0.884225 0.547768 0.862895 0.531296 0.860709 0.5304 0.882038
0 0.625084 0.619678 0.619891 0.585746 0.591347 0.599553 0.596541 0.633485
0 0.347763 0.989428 0.363279 0.957854 0.351219 0.939124 0.335703 0.970698
0 0.578052 0.897045 0.578608 0.864094 0.560919 0.863149 0.560362 0.896101
0 0.316839 0.980713 0.334809 0.933814 0.311749 0.905889 0.293779 0.952788
0 0.548159 0.656712 0.552884 0.622303 0.536956 0.615389 0.53223 0.649797
0 0.471672 0.824041 0.479 0.808285 0.467176 0.790903 0.459848 0.806659
0 0.069037 0.855558 0.075177 0.812474 0.0546406 0.803224 0.0485006 0.846309
0 0.137267 0.745168 0.156629 0.704108 0.141592 0.681699 0.122231 0.72276
0 0.262543 0.926255 0.264956 0.905066 0.253722 0.901024 0.25131 0.922213
0 0.61276 0.821432 0.613225 0.779448 0.587894 0.778561 0.587429 0.820545
0 0.626514 1.00895 0.63429 0.966198 0.614472 0.954806 0.606696 0.99756
0 0.291192 0.843992 0.294088 0.826634 0.284202 0.821422 0.281306 0.838779
0 0.0976906 0.723096 0.105372 0.701655 0.0948569 0.689748 0.0871751 0.711189
0 0.912119 0.567512 0.915935 0.534198 0.885977 0.523353 0.882162 0.556667
0 0.232456 1.006 0.251464 0.9896 0.245095 0.966266 0.226087 0.982664
0 0.418495 0.542435 0.419286 0.511354 0.400358 0.509832 0.399567 0.540914
0 0.288738 0.960752 0.29021 0.93889 0.276792 0.936036 0.27532 0.957898
0 0.268505 0.959632 0.28087 0.919963 0.268481 0.907759 0.256117 0.947428
0 0.154379 0.974727 0.168736 0.942212 0.159184 0.928882 0.144827 0.961398
0 0.52164 0.743444 0.52593 0.714825 0.513349 0.708864 0.509059 0.737483
0 0.378114 0.789873 0.373343 0.750355 0.345993 0.76079 0.350763 0.800308
0 0.501402 0.410889 0.504 0.346905 0.469748 0.342511 0.46715 0.406495
0 0.560789 0.8504 0.563418 0.830183 0.549928 0.824637 0.547298 0.844854
0 0.577144 0.86003 0.582093 0.835912 0.567125 0.826207 0.562177 0.850324
0 0.111262 0.702294 0.112752 0.682085 0.0996847 0.679041 0.098195 0.69925
0 0.525611 0.873956 0.531032 0.846997 0.517628 0.838479 0.512207 0.865438
0 0.620083 0.984139 0.621633 0.937972 0.599012 0.935572 0.597462 0.981739
0 1.00972 0.891635 1.0211 0.733473 0.96267 0.720186 0.951289 0.878347
0 0.210842 1.002 0.208027 0.970124 0.1832 0.977052 0.186014 1.00893
0 0.0241341 0.744601 0.0261489 0.685665 -0.00408648 0.682398 -0.00610127 0.741334
0 0.216834 0.903178 0.224964 0.87718 0.21238 0.864742 0.204249 0.890741
0 0.252415 0.436637 0.263078 0.373633 0.219576 0.350363 0.208913 0.413367
0 0.473573 0.769101 0.475748 0.748884 0.461992 0.744208 0.459817 0.764425
0 0.382463 0.840141 0.39106 0.801574 0.372436 0.788453 0.363838 0.82702
0 0.163397 0.979458 0.175755 0.951363 0.166575 0.938602 0.154218 0.966697
0 0.545284 0.91627 0.553959 0.887698 0.531634 0.866274 0.522959 0.894846
0 0.586166 0.607934 0.594779 0.580061 0.573816 0.55959 0.565203 0.587463
0 0.188351 0.97978 0.19423 0.954891 0.180657 0.944759 0.174778 0.969648
0 0.231232 0.968172 0.24034 0.950076 0.232638 0.937822 0.223529 0.955918
0 0.714978 0.353889 0.712914 0.322815 0.681252 0.32946 0.683315 0.360533
0 0.317257 0.840872 0.322757 0.815806 0.312276 0.808538 0.306776 0.833604
0 0.936776 0.575581 0.939281 0.546504 0.912854 0.539309 0.910349 0.568387
0 0.675399 0.405679 0.688497 0.347264 0.65967 0.326835 0.646572 0.38525
0 0.311072 0.88252 0.313145 0.864711 0.304481 0.861523 0.302408 0.879332
0 0.0885299 0.904289 0.0893796 0.877291 0.0725497 0.875617 0.0717 0.902615
0 0.303772 0.928688 0.303192 0.900374 0.28545 0.901523 0.28603 0.929837
0 0.582986 0.947995 0.593064 0.930389 0.579713 0.906235 0.569635 0.923841
0 0.218405 0.973181 0.227689 0.955855 0.220359 0.943441 0.211074 0.960767
0 0.936377 0.690944 0.946703 0.660822 0.922845 0.63497 0.912518 0.665092
0 0.430615 0.843936 0.434923 0.813464 0.421299 0.807376 0.416991 0.837849
0 0.611179 0.91744 0.630023 0.888541 0.608494 0.844175 0.58965 0.873073
0 0.022937 0.910497 0.0331358 0.849909 0.00331594 0.834045 -0.00688285 0.894633
0 0.08936 0.841346 0.0909548 0.820093 0.0749704 0.816302 0.0733756 0.837555
0 0.241631 0.882766 0.241834 0.860819 0.228666 0.860435 0.228464 0.882382
0 0.612961 1.00684 0.615263 0.985486 0.599768 0.980209 0.597466 1.00156
0 0.4724 0.750949 0.474466 0.73004 0.460611 0.725713 0.458545 0.746623
0 0.126713 0.7464 0.129776 0.726685 0.116852 0.720339 0.113789 0.740054
0 0.458731 0.944645 0.461386 0.921399 0.449955 0.917273 0.4473 0.940519
0 0.0865467 0.818428 0.0854258 0.788841 0.0652127 0.791261 0.0663337 0.820848
0 0.28517 0.0566613 0.289164 -0.00212366 0.25966 -0.00845906 0.255666 0.0503259
0 0.188856 0.986031 0.196212 0.965213 0.183463 0.950976 0.176107 0.971795
0 0.615631 0.802675 0.629274 0.774148 0.603738 0.73555 0.590095 0.764076
0 0.410645 0.57172 0.415262 0.556273 0.40381 0.545455 0.399193 0.560903
0 0.457615 0.675305 0.460079 0.65567 0.447109 0.650525 0.444645 0.670159
0 0.453099 0.766582 0.454957 0.747852 0.442199 0.743852 0.440341 0.762581
0 0.434921 0.822803 0.441271 0.800077 0.430034 0.790155 0.423684 0.812881
0 0.913221 0.712768 0.914877 0.688077 0.888295 0.682445 0.88664 0.707136
0 0.155526 0.992737 0.166139 0.969036 0.15843 0.958125 0.147817 0.981826
0 0.447235 0.780076 0.449294 0.761293 0.438032 0.757392 0.435974 0.776175
0 0.329067 0.533453 0.336971 0.505095 0.319017 0.489278 0.311113 0.517636
0 0.464594 0.896495 0.469994 0.876933 0.460166 0.86836 0.454767 0.887921
0 0.31318 0.998316 0.34045 0.978514 0.333872 0.949881 0.306602 0.969683
0 0.505227 0.916627 0.513453 0.890034 0.494494 0.871501 0.486269 0.898093
0 0.320154 0.927219 0.333051 0.89054 0.316968 0.872666 0.30407 0.909345
0 0.587249 0.87488 0.588844 0.849501 0.576864 0.847121 0.575269 0.8725
0 0.345235 0.568278 0.346592 0.547536 0.33421 0.544976 0.332853 0.565718
0 0.622518 0.958566 0.631757 0.941755 0.615523 0.91356 0.606285 0.930371
0 0.399886 0.830332 0.414245 0.795259 0.396894 0.772808 0.382535 0.807881
0 0.0377591 0.152944 0.0610234 0.00599289 -0.0125078 -0.0307984 -0.0357721 0.116152
0 0.178291 0.302222 0.20732 0.276425 0.181027 0.182915 0.151998 0.208711
0 0.473107 0.954823 0.482198 0.922548 0.46827 0.91015 0.45918 0.942425
0 0.531758 0.821233 0.532605 0.800945 0.520764 0.799382 0.519917 0.81967
0 0.598015 0.873925 0.600127 0.849515 0.588694 0.846389 0.586583 0.870799
0 0.600291 0.965551 0.602838 0.941996 0.591028 0.937958 0.58848 0.961513
0 0.470996 0.976494 0.473963 0.943786 0.459943 0.939767 0.456977 0.972475
0 0.934701 0.552536 0.935461 0.501211 0.888885 0.49903 0.888125 0.550355
0 0.0840902 1.01041 0.0887979 0.972818 0.0506609 0.957723 0.0459531 0.995313
0 0.396895 0.7296 0.399127 0.710241 0.387017 0.705829 0.384785 0.725188
0 0.122038 0.807816 0.128615 0.787906 0.118831 0.777693 0.112255 0.797602
0 0.49183 0.634999 0.501925 0.60789 0.482419 0.584932 0.472324 0.61204
0 0.206253 1.00652 0.214538 0.974889 0.197721 0.960968 0.189436 0.992603
0 0.544925 0.619658 0.54597 0.595257 0.531386 0.593283 0.530341 0.617684
0 0.0533456 0.986775 0.0553605 0.962698 0.0403307 0.958723 0.0383158 0.982799
0 0.597875 0.991627 0.605175 0.971515 0.589901 0.953994 0.582601 0.974105
0 0.0923951 0.33628 0.110539 0.316157 0.0952634 0.272628 0.0771197 0.292751
0 0.559225 0.755211 0.5655 0.733636 0.548983 0.718453 0.542708 0.740028
0 0.438784 0.769362 0.441234 0.751548 0.43072 0.746976 0.428269 0.764791
0 0.275965 0.970346 0.280443 0.947067 0.269544 0.940441 0.265066 0.96372
0 0.65911 0.170019 0.658096 0.126603 0.637254 0.128142 0.638268 0.171558
0 0.257483 0.998015 0.265638 0.979292 0.258155 0.96899 0.25 0.987714
0 0.679016 0.647272 0.680709 0.608485 0.660936 0.605758 0.659243 0.644545
0 0.164698 0.402852 0.162308 0.363338 0.133443 0.368855 0.135833 0.408369
0 0.459279 0.979461 0.461205 0.952268 0.448014 0.949315 0.446088 0.976508
0 0.221343 1.00428 0.2256 0.985428 0.212736 0.976245 0.208479 0.995094
0 0.528938 0.853374 0.53215 0.825852 0.517482 0.820442 0.51427 0.847964
0 0.463806 0.744598 0.466485 0.721992 0.453806 0.717242 0.451127 0.739849
0 0.370415 0.995508 0.375153 0.968867 0.357872 0.959153 0.353134 0.985793
0 0.198152 0.963109 0.204858 0.941272 0.195322 0.932017 0.188616 0.953854
0 0.466689 0.840135 0.470162 0.814544 0.452784 0.80709 0.449311 0.832682
0 0.844171 0.788025 0.849965 0.766357 0.8288 0.74847 0.823006 0.770139
0 0.732548 0.396295 0.734463 0.353912 0.708547 0.350211 0.706632 0.392594
0 0.939715 0.64767 0.946695 0.626912 0.93093 0.610158 0.92395 0.630916
0 0.294108 0.968306 0.301651 0.943013 0.292953 0.934816 0.28541 0.960109
0 0.507553 0.74157 0.509469 0.719196 0.497151 0.715861 0.495234 0.738235
0 0.126132 0.638329 0.134268 0.611864 0.123501 0.601403 0.115365 0.627868
0 0.0278227 0.700038 0.0300554 0.681842 0.0163651 0.676533 0.0141325 0.694729
0 0.413212 0.110743 0.412126 0.0692613 0.388291 0.0712345 0.389378 0.112716
0 0.541358 0.772688 0.55322 0.752312 0.539069 0.726276 0.527207 0.746651
0 0.566469 0.947196 0.575451 0.91466 0.559223 0.900501 0.550241 0.933037
0 0.72841 0.998719 0.73015 0.913346 0.693941 0.911015 0.692201 0.996388
0 0.921382 0.774107 0.923159 0.752363 0.906634 0.748094 0.904857 0.769837
0 0.508678 0.71961 0.510454 0.699046 0.498872 0.695885 0.497096 0.716449
0 0.467055 1.00163 0.465731 0.97628 0.450006 0.978875 0.451329 1.00423
0 0.395227 0.753051 0.40044 0.733591 0.390623 0.725281 0.385411 0.744741
0 0.271801 0.943501 0.278661 0.91124 0.266945 0.903366 0.260085 0.935627
0 0.376805 0.629979 0.375063 0.590304 0.354436 0.593168 0.356179 0.632843
0 0.511997 0.713367 0.538449 0.632387 0.503442 0.596247 0.47699 0.677227
0 0.640079 1.02435 0.819786 0.786772 0.775714 0.681414 0.596008 0.918994
0 0.382442 0.986227 0.38498 0.960561 0.372243 0.95658 0.369705 0.982246
0 0.163516 0.924011 0.165329 0.905513 0.155215 0.902381 0.153403 0.920879
0 0.500204 0.70638 0.502629 0.674172 0.487616 0.6706 0.485191 0.702808
0 0.184192 0.960719 0.194636 0.936621 0.184428 0.92264 0.173985 0.946738
0 0.402515 1.0081 0.404582 0.983581 0.375106 0.975727 0.373039 1.00024
0 0.239559 0.930476 0.243569 0.915591 0.232969 0.906565 0.228959 0.921451
0 0.519499 0.703435 0.525977 0.648072 0.500839 0.638776 0.494362 0.69414
0 0.265225 0.993764 0.273245 0.968763 0.264758 0.960159 0.256738 0.985161
0 0.0300182 0.894106 0.061948 0.866994 0.0539549 0.837243 0.0220251 0.864356
0 0.0545514 0.73678 0.0514016 0.703202 0.0245387 0.711165 0.0276885 0.744744
0 0.469868 0.88553 0.475098 0.864969 0.466464 0.858028 0.461234 0.878589
0 0.181904 0.903084 0.185533 0.8834 0.177215 0.878554 0.173587 0.898238
0 0.49572 0.724519 0.497325 0.705901 0.486371 0.702915 0.484765 0.721533
0 0.676604 0.826147 0.666833 0.751402 0.637793 0.7634 0.647564 0.838146
0 0.827507 0.79551 0.83297 0.763369 0.810861 0.751492 0.805398 0.783633
0 0.484147 0.815711 0.489724 0.800404 0.477122 0.785891 0.471544 0.801198
0 0.244344 0.435378 0.246909 0.404189 0.221541 0.397594 0.218976 0.428783
0 0.0849892 0.766723 0.0950418 0.74649 0.0847887 0.73039 0.0747361 0.750624
