0 0.997328 0.981188 1.01293 0.859743 0.80593 0.775685 0.790327 0.89713
0 0.418075 0.838401 0.445368 0.739414 0.400817 0.700591 0.373524 0.799578
0 0.594263 0.542075 0.609342 0.507102 0.597107 0.490429 0.582028 0.525402
0 0.832512 0.552793 0.840366 0.527951 0.824523 0.512121 0.816669 0.536963
0 0.733922 0.570467 0.735085 0.510605 0.703146 0.508645 0.701984 0.568507
0 0.106283 1.00463 0.134313 0.972866 0.123227 0.941952 0.0951966 0.973721
0 0.910354 0.759587 0.919951 0.681722 0.843846 0.652075 0.834249 0.72994
0 0.693891 0.647074 0.707804 0.610469 0.693736 0.593569 0.679823 0.630173
0 0.097845 0.9143 0.0965924 0.881462 0.0719382 0.884434 0.0731908 0.917272
0 0.779498 0.993199 0.8197 0.906208 0.753019 0.808814 0.712817 0.895806
0 0.612784 0.620347 0.618125 0.594055 0.601125 0.58314 0.595784 0.609432
0 0.472226 0.689224 0.477893 0.663097 0.466569 0.655334 0.460902 0.681461
0 0.0170552 0.96351 0.0212306 0.926671 0.000602159 0.919281 -0.00357326 0.95612
0 0.618842 0.401866 0.626955 0.374524 0.61403 0.362404 0.605917 0.389746
0 0.559536 0.642674 0.568582 0.612923 0.557409 0.602187 0.548363 0.631938
0 0.0123905 1.01659 0.0317829 0.98127 0.015722 0.953404 -0.00367041 0.988729
0 0.573279 0.855723 0.57668 0.828804 0.560618 0.822389 0.557216 0.849307
0 0.727408 0.493201 0.730217 0.461963 0.714071 0.457374 0.711262 0.488612
0 0.543543 0.843473 0.551183 0.817767 0.54235 0.809469 0.534709 0.835175
0 0.60707 0.551332 0.624544 0.518061 0.61451 0.501407 0.597037 0.534677
0 0.126595 0.93258 0.131206 0.901793 0.112897 0.893126 0.108286 0.923913
0 0.495775 0.806507 0.499394 0.771342 0.481032 0.76537 0.477413 0.800535
0 0.0792472 0.900584 0.108397 0.863084 0.0958846 0.832345 0.0667352 0.869845
0 0.610927 0.487516 0.618528 0.460459 0.606838 0.450082 0.599238 0.477139
0 0.543385 0.608857 0.543927 0.576034 0.529073 0.57526 0.528532 0.608083
0 0.746739 0.614471 0.747712 0.560065 0.719252 0.558456 0.718279 0.612862
0 0.570847 0.707472 0.578435 0.690207 0.565431 0.672143 0.557843 0.689408
0 0.458492 0.886507 0.468863 0.863596 0.452464 0.840137 0.442094 0.863048
0 0.784089 0.821107 0.793073 0.677927 0.681207 0.655742 0.672223 0.798923
0 0.071615 0.891447 0.0713139 0.863898 0.0560794 0.864425 0.0563805 0.891973
0 0.149755 0.814615 0.154436 0.778144 0.134162 0.76992 0.129481 0.80639
0 0.677003 0.572173 0.687905 0.561707 0.678862 0.531939 0.66796 0.542405
0 0.768834 0.388584 0.770988 0.35998 0.752065 0.355476 0.749911 0.38408
0 0.73452 0.527702 0.742396 0.509958 0.722991 0.482739 0.715116 0.500483
0 0.812635 0.730479 0.822989 0.694605 0.808528 0.681415 0.798174 0.717288
0 0.0992791 0.967892 0.10291 0.933663 0.0842149 0.927396 0.0805842 0.961625
0 0.631441 0.41641 0.63417 0.387006 0.621294 0.38323 0.618565 0.412634
0 0.580153 0.509866 0.588125 0.479025 0.574318 0.467746 0.566346 0.498588
0 0.0287905 1.00495 0.0540695 0.971566 0.0442361 0.948034 0.0189571 0.981419
0 0.0740714 0.863239 0.0974046 0.830937 0.0864769 0.805989 0.0631437 0.838291
0 0.534293 0.215093 0.530455 0.165565 0.500819 0.172825 0.504657 0.222352
0 0.0161303 0.93664 0.0314887 0.910188 0.0212457 0.891392 0.00588723 0.917844
0 0.658692 0.444471 0.665548 0.414492 0.653706 0.405932 0.646849 0.435911
0 0.714948 0.594328 0.718351 0.57307 0.704027 0.565823 0.700624 0.587081
0 0.701347 0.579183 0.707539 0.55296 0.695219 0.543766 0.689027 0.569989
0 0.564676 0.605445 0.566156 0.5826 0.551304 0.57956 0.549824 0.602405
0 0.147603 0.920958 0.148779 0.886286 0.129554 0.884224 0.128378 0.918896
0 0.655734 0.699563 0.658447 0.663876 0.635098 0.658266 0.632385 0.693952
0 0.818904 0.548918 0.824539 0.51907 0.809595 0.510154 0.803961 0.540003
0 0.810204 0.477632 0.811165 0.43008 0.7808 0.42814 0.779838 0.475691
0 0.803174 0.75746 0.812365 0.727822 0.798521 0.714254 0.78933 0.743892
0 0.585352 0.742266 0.5871 0.71342 0.570167 0.710176 0.568419 0.739022
0 0.530838 0.686128 0.53594 0.661152 0.525666 0.654519 0.520563 0.679495
0 0.53574 0.757167 0.541713 0.735824 0.52615 0.722059 0.520177 0.743402
0 0.837678 0.459823 0.834344 0.405074 0.808776 0.409995 0.812109 0.464744
0 0.777158 0.711979 0.77991 0.677103 0.765292 0.673458 0.762541 0.708334
0 0.615485 0.937617 0.623187 0.916442 0.605649 0.89628 0.597947 0.917456
0 0.578641 0.542636 0.585973 0.519352 0.56568 0.499158 0.558349 0.522442
0 0.548781 0.918724 0.551114 0.894596 0.537365 0.890395 0.535032 0.914523
0 0.824316 0.653402 0.835442 0.631066 0.818689 0.60469 0.807563 0.627026
0 0.19012 0.396308 0.212738 0.383984 0.195958 0.286653 0.17334 0.298977
0 0.64134 0.402901 0.643139 0.378872 0.631388 0.376091 0.629589 0.40012
0 0.89028 0.396254 0.889683 0.363074 0.866891 0.364371 0.867488 0.39755
0 0.555859 0.883402 0.560153 0.8561 0.548716 0.850415 0.544422 0.877717
0 0.682732 0.631403 0.692837 0.599111 0.679883 0.5863 0.669778 0.618592
0 0.552737 0.748303 0.559829 0.72515 0.550101 0.715733 0.543009 0.738885
0 0.110364 0.860289 0.119909 0.839008 0.0991194 0.809536 0.0895742 0.830817
0 0.788986 0.721478 0.797266 0.691538 0.780927 0.677257 0.772647 0.707197
0 0.805064 0.618851 0.812179 0.601938 0.798892 0.584274 0.791778 0.601188
0 0.332922 0.648308 0.342403 0.618052 0.316374 0.592275 0.306893 0.622532
0 0.0268656 0.953781 0.0377314 0.92355 0.0253295 0.909462 0.0144637 0.939693
0 0.772521 0.636355 0.780837 0.620311 0.768642 0.600333 0.760325 0.616378
0 0.623002 0.434671 0.627237 0.418725 0.617883 0.410874 0.613649 0.426821
0 0.484313 0.659333 0.491589 0.638073 0.483552 0.629381 0.476276 0.650641
0 0.60869 0.567427 0.612556 0.543031 0.597383 0.535432 0.593517 0.559829
0 0.667281 0.399186 0.670205 0.379594 0.660448 0.374991 0.657523 0.394584
0 0.621021 1.01766 0.642236 0.977925 0.608877 0.921632 0.587661 0.961367
0 0.542901 0.57837 0.547621 0.56136 0.537149 0.552175 0.532428 0.569184
0 0.794119 0.592147 0.794943 0.572906 0.779166 0.570772 0.778342 0.590014
0 0.747794 0.641551 0.758062 0.614793 0.748198 0.602831 0.737931 0.629588
0 0.61889 0.458494 0.625884 0.443843 0.614291 0.426352 0.607297 0.441003
0 0.617832 0.563934 0.626262 0.537692 0.61534 0.526604 0.606911 0.552846
0 0.50472 0.640783 0.511907 0.61789 0.503998 0.610042 0.496811 0.632935
0 0.546057 0.637117 0.54845 0.616564 0.53643 0.612141 0.534037 0.632694
0 0.519671 0.66487 0.526777 0.641237 0.517143 0.632083 0.510037 0.655716
0 0.51106 0.833386 0.517006 0.80513 0.506132 0.797899 0.500187 0.826155
0 0.485798 0.72478 0.497752 0.712852 0.487652 0.680863 0.475698 0.692791
0 0.798983 0.628675 0.801287 0.611203 0.7898 0.606415 0.787496 0.623887
0 0.484343 0.680206 0.488868 0.658523 0.478778 0.651867 0.474252 0.673549
0 0.697869 0.503797 0.699221 0.487164 0.687148 0.484061 0.685796 0.500694
0 0.494698 0.635995 0.50422 0.61077 0.495202 0.600012 0.48568 0.625237
0 0.472021 0.723541 0.475699 0.705015 0.466253 0.699089 0.462576 0.717615
0 0.523122 0.584926 0.527479 0.566518 0.51869 0.559943 0.514333 0.578351
0 0.711717 0.501976 0.715061 0.485467 0.703119 0.477821 0.699774 0.49433
0 0.786526 0.753986 0.796283 0.730742 0.775305 0.702914 0.765549 0.726157
0 0.828891 0.745976 0.845319 0.728704 0.826748 0.672878 0.81032 0.69015
0 0.468878 0.624354 0.475126 0.605301 0.465496 0.595322 0.459249 0.614375
0 0.757196 0.352097 0.759143 0.329675 0.746977 0.326336 0.74503 0.348758
0 0.550493 0.679236 0.558071 0.652488 0.546827 0.642421 0.539249 0.669169
0 0.525839 0.611129 0.530847 0.587989 0.520645 0.581011 0.515637 0.604151
0 0.628373 0.681537 0.630691 0.659583 0.618344 0.655463 0.616026 0.677417
0 0.548531 0.752397 0.55607 0.730195 0.54669 0.720129 0.539151 0.74233
0 0.100338 0.329791 0.117823 0.309832 0.10159 0.264884 0.0841039 0.284843
0 0.71255 0.484413 0.715491 0.46332 0.703705 0.458125 0.700764 0.479219
0 0.615855 0.676359 0.622447 0.647281 0.6082 0.637074 0.601608 0.666152
0 0.560289 0.697256 0.563203 0.675155 0.550595 0.669902 0.547682 0.692003
0 0.0773036 0.598035 0.0935091 0.522012 0.0674644 0.504466 0.0512588 0.580488
0 0.543316 0.704378 0.544624 0.681274 0.531745 0.678969 0.530437 0.702073
0 0.50224 0.874826 0.499854 0.825193 0.465059 0.830479 0.467445 0.880112
0 0.546301 0.88312 0.548838 0.859646 0.538783 0.856211 0.536246 0.879684
0 0.58421 0.617764 0.587259 0.593697 0.574774 0.588697 0.571725 0.612765
0 0.717248 0.619769 0.721729 0.598552 0.705878 0.587971 0.701397 0.609189
0 0.588225 0.579007 0.593793 0.558364 0.586178 0.551872 0.58061 0.572514
0 0.691283 0.45177 0.7001 0.437564 0.686395 0.41068 0.677578 0.424886
0 0.700055 0.425216 0.705204 0.39439 0.683853 0.383118 0.678704 0.413944
0 0.63227 0.467366 0.635392 0.446104 0.622434 0.44009 0.619312 0.461352
0 0.0671936 0.87397 0.0684717 0.84886 0.0507049 0.846002 0.0494268 0.871112
0 0.541714 0.728509 0.543628 0.709654 0.528707 0.704868 0.526793 0.723723
0 0.49249 0.773493 0.49413 0.726508 0.466581 0.72347 0.464942 0.770455
0 0.635889 0.361162 0.637401 0.335261 0.626193 0.333194 0.624681 0.359095
0 0.658374 0.411099 0.660249 0.390967 0.649366 0.387764 0.647491 0.407895
0 0.854918 0.409911 0.860778 0.392858 0.847444 0.378376 0.841584 0.395429
0 0.664325 0.675156 0.670171 0.648996 0.649667 0.634513 0.64382 0.660673
0 0.56447 0.569689 0.567151 0.544656 0.554831 0.540486 0.55215 0.565519
0 0.186827 0.298913 0.214558 0.272796 0.186723 0.179388 0.158992 0.205505
0 0.608664 0.434444 0.615732 0.416283 0.60766 0.406355 0.600592 0.424516
0 0.594821 0.610587 0.597396 0.58887 0.586254 0.584694 0.583679 0.606412
0 0.994622 0.783771 1.04035 0.625521 0.928371 0.52324 0.882638 0.68149
0 0.571247 0.880796 0.579371 0.860191 0.570174 0.84873 0.56205 0.869335
0 0.407539 0.95917 0.425045 0.93033 0.412786 0.906814 0.395281 0.935654
0 0.585203 0.593148 0.588661 0.574727 0.579134 0.569076 0.575676 0.587497
0 0.594384 0.7211 0.597265 0.691829 0.583136 0.687435 0.580255 0.716706
0 0.47423 0.709656 0.479338 0.686881 0.469011 0.679561 0.463903 0.702336
0 0.883902 0.366533 0.885457 0.341644 0.868889 0.338373 0.867334 0.363262
0 0.868387 0.355114 0.878444 0.336913 0.864802 0.313091 0.854745 0.331292
0 0.69484 0.489808 0.69939 0.47153 0.686241 0.461183 0.68169 0.479461
0 0.124098 0.838129 0.126182 0.814928 0.11309 0.811212 0.111006 0.834413
0 0.76219 0.665568 0.769302 0.627555 0.755715 0.61952 0.748603 0.657534
0 0.64297 0.498926 0.646419 0.478491 0.634993 0.472396 0.631544 0.492832
0 0.799089 0.729862 0.803186 0.709128 0.789589 0.700637 0.785492 0.721371
0 0.0144306 0.911657 0.0147984 0.873697 -0.00343695 0.873138 -0.00380475 0.911099
0 0.508339 0.665263 0.514839 0.640342 0.505554 0.632689 0.499054 0.657609
0 0.59428 0.683834 0.606295 0.656597 0.595413 0.641425 0.583398 0.668662
0 0.00816528 0.879501 0.0142459 0.850223 0.00108407 0.841584 -0.0049965 0.870861
0 0.559432 0.8999 0.566857 0.878332 0.55838 0.869108 0.550955 0.890675
0 0.568075 0.71933 0.571267 0.701341 0.559115 0.694526 0.555923 0.712515
0 0.850087 0.40779 0.855374 0.388738 0.840738 0.375901 0.835451 0.394953
0 0.108108 0.933447 0.113583 0.895807 0.098514 0.88888 0.0930392 0.92652
0 0.733072 0.633086 0.735079 0.608484 0.721144 0.604891 0.719137 0.629493
0 0.623816 0.730953 0.625082 0.705085 0.605576 0.702066 0.604309 0.727935
0 0.587585 0.477507 0.591077 0.46046 0.58125 0.454096 0.577757 0.471142
0 0.0517853 0.965927 0.057459 0.928328 0.039091 0.919568 0.0334173 0.957167
0 0.767455 0.626124 0.778656 0.61029 0.764754 0.579208 0.753554 0.595042
0 0.596696 0.590824 0.601313 0.570014 0.59283 0.564067 0.588213 0.584877
0 0.610638 0.588909 0.613695 0.56842 0.603681 0.563697 0.600624 0.584186
0 0.135851 0.962656 0.136926 0.923944 0.11646 0.922148 0.115385 0.96086
0 0.485602 0.711991 0.491494 0.684008 0.478334 0.67525 0.472441 0.703233
0 1.00098 0.544619 1.00329 0.503913 0.978711 0.499506 0.976402 0.540212
0 0.784488 0.67149 0.792942 0.651706 0.7757 0.62842 0.767246 0.648205
0 0.023335 0.255749 0.18025 0.201003 0.171316 0.120071 0.0144008 0.174817
0 0.388117 0.737204 0.406036 0.714396 0.398304 0.695196 0.380385 0.718004
0 0.465547 0.858059 0.481577 0.828687 0.470272 0.809189 0.454243 0.838561
0 0.840867 0.448379 0.837723 0.397537 0.819752 0.401049 0.822896 0.451891
0 0.550482 0.822444 0.559881 0.781471 0.535338 0.763677 0.525939 0.80465
0 0.825019 0.395743 0.827484 0.374305 0.816684 0.37038 0.814219 0.391818
0 0.674276 0.527459 0.679907 0.506366 0.669981 0.497992 0.664351 0.519085
0 0.845754 0.518479 0.849416 0.489385 0.8334 0.483015 0.829739 0.512108
0 0.506184 0.886018 0.507615 0.851151 0.479844 0.847547 0.478412 0.882414
0 0.153131 0.876127 0.170098 0.845697 0.148507 0.80765 0.13154 0.838079
0 0.0764218 1.01502 0.101776 0.98492 0.0908723 0.955895 0.0655181 0.985998
0 0.638282 0.44745 0.642473 0.430748 0.63173 0.422228 0.627539 0.43893
0 0.846299 0.441592 0.851027 0.41698 0.840596 0.410646 0.835868 0.435259
0 0.380981 0.726431 0.395619 0.696317 0.381995 0.675386 0.367357 0.7055
0 0.569205 0.50727 0.57108 0.47457 0.554899 0.471637 0.553024 0.504338
0 0.574683 0.618574 0.577703 0.596862 0.567516 0.592384 0.564497 0.614096
0 0.582582 0.563126 0.586104 0.543471 0.577379 0.538529 0.573857 0.558184
0 0.0575526 0.853911 0.0750026 0.82813 0.067447 0.811967 0.049997 0.837748
0 0.676573 0.597752 0.678084 0.576439 0.665512 0.573623 0.664001 0.594935
0 0.569684 0.684943 0.578587 0.669945 0.566438 0.647152 0.557535 0.66215
0 0.488242 0.816578 0.494485 0.785586 0.481152 0.777097 0.474909 0.808089
0 0.519621 0.844688 0.526349 0.820855 0.515751 0.8114 0.509023 0.835234
0 0.478987 0.645256 0.482319 0.624712 0.472321 0.619586 0.468988 0.64013
0 0.765908 0.583906 0.774242 0.56249 0.763975 0.549863 0.755641 0.571279
0 0.713802 0.521901 0.714782 0.500459 0.701515 0.498542 0.700535 0.519983
0 0.627307 0.643736 0.629005 0.618672 0.613368 0.615325 0.61167 0.640389
0 0.520359 0.685036 0.524778 0.660961 0.514592 0.655052 0.510173 0.679127
0 0.79823 0.319005 0.801774 0.269603 0.774324 0.263378 0.77078 0.31278
0 0.820179 0.564031 0.822381 0.542681 0.810719 0.53888 0.808517 0.56023
0 0.816715 0.77128 0.819908 0.750309 0.806172 0.743697 0.802978 0.764668
0 0.639518 0.479613 0.643188 0.458663 0.632405 0.452694 0.628736 0.473645
0 0.883406 0.556867 0.898317 0.531409 0.887787 0.511916 0.872876 0.537374
0 0.639794 0.318109 0.641885 0.2969 0.628258 0.292654 0.626167 0.313863
0 0.529264 0.645154 0.530991 0.624131 0.520244 0.621341 0.518517 0.642364
0 0.521028 0.880041 0.523641 0.854549 0.510887 0.850417 0.508274 0.87591
0 0.506755 0.710213 0.509134 0.681674 0.495321 0.678035 0.492942 0.706575
0 0.609623 0.324534 0.623725 0.301044 0.614974 0.28444 0.600872 0.30793
0 0.374002 0.722254 0.382426 0.697748 0.367023 0.681014 0.358599 0.70552
0 0.458738 0.631178 0.466364 0.614667 0.451947 0.593623 0.444321 0.610135
0 0.912905 0.565258 0.914648 0.530855 0.892497 0.527309 0.890754 0.561712
0 0.72036 0.462756 0.722074 0.439937 0.708589 0.436737 0.706875 0.459556
0 0.485197 0.605775 0.489193 0.584829 0.478701 0.578503 0.474705 0.599449
0 0.551693 0.559917 0.5541 0.537463 0.542164 0.533419 0.539757 0.555874
0 0.862033 0.4001 0.869211 0.385765 0.859123 0.369801 0.851945 0.384135
0 0.596207 0.638031 0.599749 0.619038 0.590888 0.613816 0.587346 0.632809
0 0.6082 0.460168 0.611645 0.443606 0.602421 0.437541 0.598976 0.454103
0 0.538445 0.902285 0.542262 0.870045 0.531294 0.865941 0.527477 0.89818
0 0.850413 0.5687 0.859346 0.553574 0.844311 0.525507 0.835377 0.540633
0 0.130554 0.905063 0.155244 0.862283 0.139372 0.833332 0.114682 0.876112
0 0.75174 0.581435 0.754757 0.554332 0.737622 0.548302 0.734604 0.575405
0 0.802494 0.499736 0.814104 0.470662 0.803366 0.457109 0.791756 0.486183
0 0.688664 0.48036 0.698561 0.463079 0.679268 0.428154 0.66937 0.445435
0 0.565879 0.575416 0.569252 0.553351 0.559024 0.548409 0.555651 0.570474
0 0.540852 0.999332 0.550166 0.958968 0.532692 0.946225 0.523378 0.98659
0 0.107101 0.898954 0.110204 0.874647 0.0962808 0.86903 0.0931782 0.893337
0 0.0240894 0.983308 0.0403134 0.953308 0.0288145 0.933654 0.0125906 0.963653
0 0.78652 0.630124 0.789516 0.610276 0.777471 0.60453 0.774475 0.624378
0 0.887078 0.300774 0.894164 0.272284 0.877997 0.259576 0.870911 0.288065
0 0.0816261 0.689867 0.0919348 0.662457 0.073237 0.640232 0.0629282 0.667642
0 0.848798 0.676761 0.854763 0.656209 0.832575 0.635855 0.82661 0.656407
0 0.0752389 0.774129 0.0775494 0.749798 0.063495 0.74558 0.0611846 0.769911
0 0.377994 0.694691 0.389699 0.660486 0.374046 0.643556 0.362341 0.677761
0 0.607755 0.703547 0.612731 0.686089 0.598288 0.673077 0.593312 0.690535
0 0.624272 0.345647 0.626643 0.321013 0.610999 0.316254 0.608628 0.340887
0 0.728204 0.385413 0.730395 0.361818 0.718183 0.358234 0.715992 0.381829
0 0.625875 0.639219 0.62622 0.617384 0.606346 0.616392 0.606001 0.638227
0 0.670479 0.544579 0.676222 0.53026 0.668769 0.520812 0.663026 0.535131
0 0.767123 0.688626 0.768992 0.661341 0.754436 0.65819 0.752567 0.685475
0 0.744231 0.369067 0.747165 0.339031 0.731327 0.334141 0.728393 0.364177
0 0.125374 0.872722 0.140525 0.831869 0.128658 0.817961 0.113507 0.858814
0 0.615912 0.738999 0.616829 0.719529 0.603017 0.717474 0.602101 0.736944
0 0.888951 0.343675 0.890645 0.323506 0.877617 0.320047 0.875922 0.340216
0 0.636779 0.548005 0.642593 0.525697 0.631444 0.516512 0.625629 0.53882
0 0.288215 0.443303 0.290373 0.402684 0.268889 0.399076 0.266731 0.439695
0 0.0145849 0.700497 0.0526459 0.678812 0.0470497 0.647768 0.00898861 0.669454
0 0.0540084 0.108268 0.0873206 0.0158904 0.0595403 -0.0157711 0.026228 0.0766063
0 0.811208 0.672237 0.823518 0.649581 0.811548 0.629023 0.799237 0.651679
0 0.719812 0.27657 0.722995 0.258964 0.715562 0.254718 0.71238 0.272324
0 0.11197 0.575243 0.11432 0.552989 0.0954437 0.546687 0.0930928 0.56894
0 0.713736 0.463866 0.71651 0.443201 0.703478 0.437673 0.700704 0.458339
0 0.638827 0.295145 0.649855 0.268793 0.634498 0.248482 0.62347 0.274834
0 0.73796 0.467701 0.743752 0.442587 0.729487 0.432189 0.723695 0.457303
0 0.581311 0.638052 0.584999 0.620429 0.576659 0.614911 0.57297 0.632535
0 0.62146 0.501944 0.625028 0.485683 0.612958 0.477312 0.60939 0.493573
0 0.723093 0.321243 0.726482 0.2988 0.715894 0.293748 0.712505 0.31619
0 0.565652 0.673031 0.572077 0.659406 0.56122 0.643225 0.554796 0.65685
0 0.875653 0.320012 0.880291 0.300004 0.870011 0.292474 0.865373 0.312482
0 0.774921 0.599892 0.779912 0.582411 0.766332 0.570158 0.761342 0.587639
0 0.534185 0.62615 0.535661 0.60809 0.526057 0.605608 0.524581 0.623668
0 0.389981 0.855815 0.390611 0.801981 0.359332 0.800823 0.358702 0.854658
0 0.714706 0.44368 0.717396 0.421943 0.702214 0.416005 0.699524 0.437742
0 0.560858 0.894573 0.570387 0.873375 0.562726 0.862492 0.553197 0.88369
0 0.698478 0.361703 0.701355 0.337631 0.690741 0.333622 0.687864 0.357695
0 0.259129 0.707943 0.294241 0.679585 0.266702 0.571816 0.231589 0.600175
0 0.585438 0.653201 0.590034 0.635556 0.581828 0.628801 0.577232 0.646447
0 0.828484 0.762598 0.831944 0.740129 0.814577 0.731675 0.811116 0.754145
0 0.375633 0.919272 0.38353 0.873782 0.366603 0.864496 0.358707 0.909986
0 0.0772304 0.616513 0.0745609 0.584603 0.0551452 0.589737 0.0578147 0.621646
0 0.659925 0.639225 0.673706 0.606693 0.651891 0.577488 0.638111 0.610021
0 0.806737 0.395813 0.80962 0.374399 0.793668 0.367613 0.790786 0.389027
0 0.783176 0.238726 0.785816 0.210827 0.774015 0.207298 0.771375 0.235198
0 0.745336 0.675293 0.749981 0.641441 0.733212 0.63417 0.728568 0.668021
0 0.571487 0.905014 0.579024 0.884783 0.569849 0.87398 0.562312 0.89421
0 0.663258 0.530578 0.669637 0.512155 0.661335 0.503069 0.654956 0.521492
0 0.625524 0.781074 0.632405 0.766637 0.615814 0.741642 0.608932 0.756079
0 0.64378 0.478199 0.64746 0.457147 0.635773 0.450691 0.632094 0.471743
0 0.496996 0.843148 0.506145 0.81427 0.492853 0.800961 0.483704 0.829838
