0 0.994963 0.980744 1.01124 0.859607 0.811069 0.774577 0.794788 0.895715
0 0.450109 0.815827 0.453174 0.785692 0.437032 0.780502 0.433966 0.810637
0 0.428252 0.798056 0.427289 0.757832 0.400663 0.759848 0.401627 0.800072
0 0.68602 0.828229 0.693235 0.769503 0.643671 0.75026 0.636457 0.808986
0 0.400954 0.883954 0.400484 0.848145 0.379427 0.84902 0.379898 0.884828
0 0.528261 0.828382 0.538175 0.800609 0.518741 0.778685 0.508827 0.806458
0 0.571466 0.759782 0.57069 0.736717 0.554417 0.738446 0.555193 0.761512
0 0.420098 0.744101 0.42184 0.717814 0.410784 0.715499 0.409042 0.741785
0 0.531956 0.935684 0.536873 0.905006 0.517779 0.895336 0.512863 0.926014
0 0.495354 0.889298 0.50153 0.864983 0.48938 0.855231 0.483205 0.879545
0 0.455128 0.769498 0.459647 0.742796 0.446542 0.735788 0.442023 0.76249
0 0.609858 0.858046 0.617168 0.823882 0.599788 0.812128 0.592478 0.846292
0 0.599789 0.933627 0.604387 0.907699 0.591467 0.900458 0.586869 0.926385
0 0.0497922 0.695205 0.051662 0.665335 0.0339019 0.661822 0.0320321 0.691691
0 0.77648 0.800685 0.787085 0.775964 0.767624 0.749579 0.757019 0.7743
0 0.513096 0.89005 0.516806 0.868626 0.501045 0.859999 0.497334 0.881423
0 0.60085 0.812213 0.602568 0.789357 0.59068 0.786532 0.588961 0.809388
0 0.533193 0.912357 0.541735 0.895594 0.526198 0.87057 0.517656 0.887332
0 0.382915 0.907791 0.38987 0.885676 0.37376 0.869664 0.366805 0.89178
0 0.398792 0.736217 0.407523 0.71956 0.393971 0.697109 0.385239 0.713766
0 0.737757 0.741798 0.742175 0.718047 0.730178 0.710995 0.72576 0.734746
0 0.797286 0.592613 0.803663 0.573204 0.788718 0.557685 0.782341 0.577094
0 0.540662 0.856284 0.553192 0.843253 0.542556 0.81093 0.530026 0.823961
0 0.580191 0.871892 0.587033 0.83971 0.572913 0.830223 0.566071 0.862405
0 0.405411 0.990207 0.407301 0.941727 0.38229 0.938646 0.3804 0.987126
0 0.565262 0.934338 0.569067 0.912813 0.554487 0.904667 0.550682 0.926193
0 0.426215 0.881901 0.431981 0.863859 0.417851 0.849588 0.412086 0.86763
0 0.820369 0.562399 0.826582 0.539535 0.81152 0.526601 0.805307 0.549465
0 0.483805 0.749694 0.487176 0.721463 0.47011 0.715022 0.466739 0.743253
0 0.402802 0.784855 0.415668 0.736783 0.400944 0.724329 0.388078 0.772401
0 0.0542346 0.749804 0.0541714 0.728532 0.0393495 0.728671 0.0394127 0.749943
0 0.407545 0.852695 0.408059 0.824261 0.38742 0.82308 0.386905 0.851514
0 0.409513 0.524796 0.420305 0.463898 0.403739 0.454619 0.392947 0.515516
0 0.409463 0.688879 0.410041 0.655743 0.391941 0.654747 0.391363 0.687883
0 0.547253 0.784109 0.549485 0.762548 0.53652 0.758307 0.534289 0.779869
0 0.584967 0.838087 0.583763 0.798182 0.567929 0.799692 0.569133 0.839597
0 0.6851 0.747309 0.688308 0.727844 0.674392 0.720596 0.671184 0.740062
0 0.445178 0.746284 0.44727 0.729609 0.436125 0.725191 0.434033 0.741865
0 0.573686 0.916129 0.577623 0.878569 0.558382 0.872195 0.554445 0.909755
0 0.757406 0.772128 0.761032 0.750779 0.749833 0.744768 0.746207 0.766117
0 0.455059 0.940551 0.461581 0.925642 0.451116 0.911173 0.444594 0.926082
0 0.723182 0.751966 0.729167 0.730594 0.718482 0.721138 0.712498 0.74251
0 0.421474 0.762997 0.424009 0.744693 0.412946 0.739851 0.410411 0.758155
0 0.666997 0.855635 0.667185 0.807691 0.634579 0.807288 0.634392 0.855232
0 0.762239 0.762146 0.776803 0.743469 0.768939 0.724089 0.754375 0.742766
0 0.0198226 0.714405 0.0185563 0.646042 -0.00911016 0.647662 -0.00784392 0.716025
0 0.549652 0.8975 0.55259 0.862987 0.536039 0.858533 0.533101 0.893047
0 0.436111 0.835375 0.442462 0.805313 0.421907 0.791588 0.415556 0.82165
0 0.502705 0.829771 0.504944 0.807153 0.49005 0.802494 0.487811 0.825112
0 0.619676 0.840605 0.626999 0.8221 0.615104 0.807221 0.607781 0.825727
0 0.520102 0.718781 0.520324 0.694707 0.508926 0.694374 0.508704 0.718449
0 0.191273 0.0337241 0.193962 -0.00561186 0.17321 -0.0100969 0.17052 0.0292391
0 0.450334 0.785914 0.452046 0.766912 0.438758 0.763128 0.437046 0.78213
0 0.505161 0.868188 0.513051 0.832474 0.496916 0.821208 0.489026 0.856922
0 0.464025 0.71191 0.46659 0.690028 0.455288 0.68584 0.452723 0.707723
0 0.440926 0.716023 0.443652 0.694661 0.433774 0.690678 0.431049 0.71204
0 0.584189 0.707321 0.58578 0.687754 0.572292 0.684288 0.570701 0.703855
0 0.569648 0.705352 0.571001 0.685322 0.559233 0.682809 0.55788 0.70284
0 0.493489 0.816927 0.498508 0.787931 0.486035 0.781107 0.481016 0.810103
0 0.709662 0.781288 0.710832 0.75341 0.697019 0.751577 0.695849 0.779455
0 0.281601 1.02244 0.316721 0.977561 0.281907 0.891461 0.246787 0.936342
0 0.558746 0.70261 0.5619 0.683107 0.551965 0.678028 0.54881 0.69753
0 0.464337 0.785004 0.466174 0.760656 0.453148 0.757551 0.451312 0.781899
0 0.360199 0.857242 0.36948 0.785187 0.34059 0.773427 0.331309 0.845482
0 0.5586 0.685572 0.561091 0.65393 0.543645 0.649591 0.541154 0.681233
0 0.577313 0.744814 0.579091 0.725338 0.565338 0.721371 0.563561 0.740847
0 0.872067 0.567843 0.876509 0.538888 0.866884 0.534222 0.862443 0.563176
0 0.596341 0.652428 0.598167 0.623181 0.583108 0.62021 0.581282 0.649457
0 0.381494 0.831807 0.388008 0.803469 0.37002 0.790401 0.363506 0.818738
0 0.569841 0.873129 0.572608 0.825474 0.553028 0.821881 0.550261 0.869537
0 0.0232494 1.01584 0.0628509 0.991228 0.055053 0.951578 0.0154515 0.976193
0 0.0419577 0.902922 0.055753 0.882986 0.0488116 0.867806 0.0350164 0.887742
0 0.501682 0.930486 0.500599 0.906947 0.484153 0.90934 0.485237 0.932878
0 0.191458 0.696126 0.186811 0.635029 0.136314 0.647168 0.140961 0.708265
0 0.447149 0.903748 0.447661 0.882629 0.428426 0.881157 0.427914 0.902276
0 0.417376 0.843591 0.424494 0.818564 0.410965 0.806402 0.403846 0.831428
0 0.662339 0.763963 0.663901 0.748421 0.647729 0.743286 0.646168 0.758827
0 0.623115 0.816676 0.628944 0.801634 0.618123 0.788382 0.612294 0.803425
0 0.740377 0.788333 0.741549 0.765586 0.729699 0.763656 0.728527 0.786403
0 1.00548 0.808449 1.00598 0.758572 0.979205 0.757721 0.978703 0.807598
0 0.469069 0.888005 0.474155 0.870987 0.462066 0.85957 0.456981 0.876588
0 0.63741 0.786409 0.639682 0.764199 0.626956 0.760085 0.624684 0.782294
0 0.543047 0.802738 0.546553 0.783871 0.535212 0.777212 0.531706 0.796079
0 0.117671 0.326604 0.115481 0.280954 0.0942089 0.284179 0.0963989 0.329829
0 0.479983 0.881917 0.487492 0.864082 0.475718 0.848415 0.468209 0.866251
0 0.458021 0.738889 0.461047 0.711457 0.444032 0.705525 0.441005 0.732956
0 1.00602 0.376207 1.00632 0.304455 0.982056 0.304133 0.981755 0.375885
0 0.595056 0.874922 0.599458 0.852695 0.585297 0.84383 0.580894 0.866057
0 0.642378 0.762014 0.648497 0.748632 0.637701 0.733031 0.631583 0.746412
0 0.763884 0.674706 0.775461 0.658469 0.762893 0.630149 0.751316 0.646386
0 0.611559 0.77526 0.614602 0.752908 0.601546 0.747289 0.598503 0.769641
0 0.527789 0.879363 0.543005 0.847518 0.530657 0.828872 0.515441 0.860717
0 0.363043 0.927963 0.378674 0.907344 0.355532 0.851892 0.3399 0.872511
0 0.590879 0.841398 0.594686 0.816045 0.585261 0.811573 0.581454 0.836926
0 0.713809 0.812544 0.717659 0.790525 0.703516 0.78271 0.699666 0.804729
0 0.439859 0.792724 0.441896 0.769643 0.429805 0.76627 0.427768 0.789351
0 0.313857 0.957821 0.316655 0.834274 0.25791 0.830071 0.255113 0.953617
0 0.624951 0.899912 0.628649 0.880144 0.606777 0.867214 0.603079 0.886982
0 0.767506 0.615885 0.768572 0.590038 0.752437 0.587936 0.751371 0.613782
0 0.461252 0.895936 0.462892 0.873042 0.44971 0.870057 0.44807 0.892952
0 0.538886 0.758568 0.543912 0.746316 0.534827 0.734536 0.529801 0.746788
0 0.746051 0.75268 0.7513 0.735255 0.741579 0.726 0.73633 0.743425
0 0.809485 0.575338 0.814634 0.558808 0.800994 0.545379 0.795844 0.561909
0 0.433132 0.757465 0.438753 0.738327 0.42497 0.725533 0.419349 0.744671
0 0.678203 0.763023 0.680426 0.745679 0.665945 0.739814 0.663723 0.757158
0 0.984628 0.676695 0.986893 0.63931 0.969874 0.636051 0.967609 0.673436
0 0.667214 0.746869 0.668651 0.7264 0.65428 0.723212 0.652843 0.74368
0 0.580077 0.823072 0.580885 0.789083 0.566277 0.787986 0.565469 0.821975
0 0.685822 0.770542 0.69105 0.752732 0.676774 0.739486 0.671545 0.757296
0 0.411867 0.611209 0.412716 0.546118 0.379802 0.544761 0.378953 0.609852
0 0.152272 0.277562 0.15672 0.219549 0.118281 0.210234 0.113833 0.268247
0 0.00832317 0.631774 0.0158225 0.60451 0.00583238 0.595825 -0.00166695 0.623089
0 0.598862 0.769868 0.606193 0.755 0.593464 0.735161 0.586132 0.75003
0 0.440306 0.731353 0.443562 0.704053 0.431655 0.699564 0.428399 0.726864
0 0.607955 0.876075 0.610703 0.851678 0.595981 0.846437 0.593233 0.870835
0 0.498765 0.753361 0.502867 0.727578 0.491136 0.721679 0.487034 0.747462
0 0.835306 0.70271 0.837964 0.676443 0.819098 0.670409 0.81644 0.696676
0 0.618359 0.752884 0.620412 0.734604 0.609085 0.730583 0.607032 0.748864
0 0.773726 0.633232 0.776948 0.606885 0.763968 0.601867 0.760745 0.628214
0 0.721124 0.760997 0.723091 0.743805 0.713827 0.740456 0.71186 0.757648
0 0.178626 0.261469 0.177593 0.203089 0.146979 0.204801 0.148012 0.263181
0 0.0957046 0.809977 0.160917 0.7317 0.131888 0.655265 0.0666751 0.733542
0 0.526199 0.786268 0.529116 0.770725 0.517795 0.76401 0.514878 0.779553
0 0.122518 0.577455 0.14235 0.548818 0.0867876 0.427207 0.0669558 0.455843
