0 0.0226293 0.938502 0.0230141 0.898377 -0.000216201 0.897673 -0.000600973 0.937798
0 0.108909 0.659889 0.113143 0.635831 0.0995978 0.628297 0.0953638 0.652355
0 0.323235 0.828793 0.336565 0.791339 0.322556 0.775581 0.309226 0.813035
0 0.290824 1.01004 0.30954 0.964237 0.289117 0.937865 0.270401 0.983673
0 0.118506 0.707737 0.118095 0.673898 0.094332 0.674811 0.0947434 0.70865
0 0.142345 1.02342 0.17592 0.957173 0.152352 0.919422 0.118777 0.985669
0 0.276848 0.93745 0.298114 0.90352 0.285247 0.878031 0.263981 0.911962
0 0.136593 0.874098 0.148633 0.834255 0.13305 0.819372 0.12101 0.859215
0 0.23601 0.948008 0.246407 0.919425 0.235478 0.906862 0.225082 0.935445
0 0.225564 0.955591 0.229497 0.915222 0.207656 0.908497 0.203723 0.948866
0 0.52567 0.891648 0.532631 0.872986 0.51662 0.854113 0.50966 0.872775
0 0.346686 0.818275 0.355603 0.775151 0.33699 0.762987 0.328073 0.806111
0 0.5969 0.826178 0.599555 0.797782 0.581192 0.792357 0.578538 0.820753
0 0.0905341 0.632102 0.0938815 0.609615 0.0763513 0.601367 0.0730039 0.623854
0 0.16709 0.90285 0.177845 0.879387 0.168455 0.865784 0.1577 0.889247
0 0.192707 1.00433 0.20324 0.971601 0.191203 0.959359 0.18067 0.99209
0 0.170229 0.925057 0.17211 0.898873 0.158641 0.895814 0.15676 0.921998
0 0.116186 0.880888 0.128157 0.854186 0.118177 0.840046 0.106206 0.866747
0 0.247244 0.986853 0.249707 0.944563 0.226828 0.940351 0.224364 0.982641
0 0.995643 0.984215 1.01197 0.859503 0.814793 0.777904 0.798464 0.902616
0 0.179632 0.932907 0.186619 0.906234 0.176243 0.897643 0.169256 0.924315
0 0.12065 0.67796 0.126496 0.662679 0.111639 0.644713 0.105792 0.659994
0 0.0335697 0.977693 0.0644974 0.945229 0.0519067 0.907319 0.020979 0.939782
0 0.227143 0.879759 0.234614 0.850408 0.220745 0.839249 0.213273 0.8686
0 0.107906 0.931162 0.110865 0.896077 0.0917339 0.890978 0.0887751 0.926063
0 0.128765 0.322971 0.123322 0.27581 0.103633 0.282992 0.109075 0.330152
0 0.0670139 0.686779 0.0810744 0.663934 0.0732809 0.648774 0.0592204 0.671619
0 0.572401 0.79511 0.571923 0.761577 0.546162 0.762737 0.54664 0.79627
0 0.771069 0.706901 0.770247 0.67717 0.753485 0.678634 0.754307 0.708365
0 0.0989193 0.596151 0.100127 0.571039 0.0881718 0.569223 0.0869645 0.594335
0 0.589955 0.742901 0.592261 0.723415 0.580644 0.719069 0.578338 0.738555
0 0.52977 0.831575 0.539457 0.799684 0.526298 0.787052 0.516612 0.818943
0 0.171545 1.01406 0.190669 0.966366 0.173275 0.944325 0.154151 0.992024
0 0.396048 0.802613 0.395259 0.772654 0.375833 0.77427 0.376621 0.804228
0 0.0887118 0.953615 0.0911348 0.902744 0.0648468 0.898787 0.0624238 0.949657
0 0.165904 0.859537 0.181509 0.837971 0.174584 0.822135 0.158979 0.843701
0 0.070248 0.74348 0.0763412 0.714099 0.0621744 0.704813 0.0560812 0.734195
0 0.543888 0.875489 0.544995 0.838803 0.522814 0.836689 0.521708 0.873375
0 0.435639 0.867632 0.429683 0.835433 0.402357 0.851409 0.408313 0.883608
0 0.0324137 0.770476 0.0361692 0.744749 0.0187694 0.736721 0.0150139 0.762448
0 0.56463 0.81461 0.5656 0.793511 0.552253 0.791571 0.551283 0.812671
0 0.221485 0.982691 0.229313 0.952592 0.217542 0.942916 0.209714 0.973016
0 0.507059 0.804123 0.51979 0.789148 0.506174 0.752561 0.493443 0.767536
0 0.274081 0.257989 0.274662 0.221291 0.242098 0.21966 0.241516 0.256358
0 0.210204 1.00605 0.217006 0.972676 0.202287 0.963196 0.195485 0.996572
0 0.602665 0.782724 0.604983 0.75768 0.591255 0.753665 0.588937 0.778709
0 0.0919726 0.833027 0.0840254 0.775013 0.0442359 0.79224 0.0521831 0.850254
0 0.115923 0.933031 0.135695 0.892556 0.124068 0.874605 0.104296 0.91508
0 0.572982 0.845958 0.585053 0.829939 0.571039 0.796564 0.558968 0.812583
0 0.073517 0.639527 0.0755431 0.61968 0.0631473 0.615681 0.0611212 0.635527
0 0.0258235 0.906424 0.0268572 0.875146 0.00217283 0.872568 0.00113916 0.903846
0 0.627406 0.77194 0.634777 0.751948 0.61916 0.733752 0.611789 0.753744
0 0.143082 0.904986 0.154444 0.875118 0.145392 0.864235 0.13403 0.894103
0 0.587631 0.700065 0.59084 0.680825 0.577228 0.673651 0.574019 0.692891
0 0.201247 0.880312 0.202866 0.856977 0.188952 0.853926 0.187333 0.87726
0 0.241325 0.860663 0.244514 0.834718 0.231684 0.829735 0.228496 0.85568
0 0.196582 0.955729 0.205887 0.923807 0.195375 0.914123 0.18607 0.946045
0 0.727647 0.812874 0.728063 0.790474 0.71232 0.789552 0.711904 0.811952
0 0.471064 0.878657 0.474909 0.816313 0.444837 0.810451 0.440992 0.872795
0 0.608232 0.652878 0.610035 0.62786 0.597933 0.625104 0.59613 0.650122
0 0.544906 0.98001 0.545496 0.93417 0.522774 0.933247 0.522185 0.979087
0 0.568642 0.747569 0.571397 0.720136 0.560856 0.71679 0.558101 0.744224
0 0.00755009 0.826742 0.0412496 0.787488 0.0331837 0.765603 -0.000515801 0.804856
0 0.0725315 0.863917 0.0768074 0.841313 0.0649379 0.834217 0.0606619 0.85682
0 0.70491 0.830066 0.704863 0.804946 0.689389 0.805037 0.689436 0.830157
0 0.210906 0.976337 0.214369 0.945367 0.199135 0.939984 0.195672 0.970954
0 0.0174014 0.842029 0.0445814 0.825106 0.0398377 0.801026 0.0126577 0.817948
0 0.165142 0.843487 0.172616 0.810043 0.149507 0.793721 0.142033 0.827165
0 0.159177 0.857883 0.163738 0.838808 0.153935 0.831401 0.149374 0.850477
0 0.550808 0.777651 0.561385 0.73844 0.549108 0.727973 0.538531 0.767184
0 0.142958 0.718526 0.14432 0.693392 0.127789 0.69056 0.126427 0.715694
0 0.175172 0.95554 0.18233 0.92744 0.169318 0.916964 0.16216 0.945065
0 0.111714 0.853957 0.131097 0.833901 0.125295 0.816182 0.105913 0.836238
0 0.138129 0.740402 0.133006 0.702696 0.105405 0.714549 0.110528 0.752255
0 0.0346774 0.944776 0.0681694 0.908449 0.05292 0.864014 0.019428 0.900341
0 0.0507084 0.886439 0.0564074 0.861268 0.0430175 0.851686 0.0373185 0.876857
0 0.0414676 0.808821 0.0733323 0.774267 0.065506 0.751457 0.0336413 0.786011
0 0.212089 0.886793 0.217167 0.865449 0.205231 0.856474 0.200153 0.877819
0 0.130993 0.769152 0.137833 0.739382 0.124839 0.729946 0.117998 0.759716
0 0.106728 0.840206 0.128446 0.81919 0.122963 0.801281 0.101244 0.822297
0 0.116402 0.778109 0.115833 0.735809 0.0853273 0.737106 0.0858963 0.779406
0 0.0272234 1.01133 0.0296466 0.959132 -0.00067196 0.954683 -0.00309525 1.00688
0 0.0712478 0.90329 0.0805085 0.877901 0.0706779 0.866569 0.0614172 0.891958
0 0.0993575 0.637769 0.100974 0.617197 0.0912195 0.614774 0.089603 0.635347
0 0.207287 0.920162 0.213698 0.895336 0.20401 0.88743 0.197599 0.912256
0 0.258041 0.857918 0.258706 0.835623 0.24498 0.834329 0.244316 0.856624
0 0.0367733 0.892208 0.0416387 0.86714 0.0285596 0.859117 0.0236942 0.884186
0 0.289275 0.896734 0.294372 0.86732 0.277071 0.857845 0.271974 0.887259
0 0.114725 0.899429 0.120231 0.874116 0.109654 0.866844 0.104148 0.892157
0 0.573195 0.862179 0.578461 0.844169 0.568302 0.834782 0.563037 0.852791
0 0.114395 0.730802 0.114397 0.701495 0.0940312 0.701491 0.0940294 0.730798
0 0.183213 0.276673 0.189974 0.209477 0.147753 0.196052 0.140992 0.263247
0 0.339177 0.84312 0.343541 0.814239 0.32474 0.80526 0.320375 0.834141
0 0.094502 0.653873 0.0965867 0.633961 0.0861272 0.6305 0.0840426 0.650412
0 0.0867359 0.979594 0.10152 0.943465 0.0876656 0.925547 0.0728815 0.961676
0 0.0842722 0.719512 0.0888401 0.700434 0.079681 0.693503 0.0751132 0.712581
0 0.547939 0.731755 0.555855 0.71557 0.544323 0.697745 0.536407 0.71393
0 0.583714 0.788202 0.591259 0.76675 0.581731 0.756159 0.574186 0.77761
0 0.24453 0.903684 0.256163 0.88176 0.247198 0.866726 0.235565 0.88865
0 0.125103 0.714918 0.125733 0.69508 0.112898 0.693792 0.112268 0.71363
0 0.615833 0.854291 0.618088 0.831188 0.605437 0.827283 0.603181 0.850387
0 0.0608814 0.858434 0.0612724 0.83704 0.0454599 0.836126 0.0450689 0.857521
0 0.408525 0.852705 0.409733 0.825286 0.396586 0.823455 0.395378 0.850874
0 0.0408364 1.0168 0.0790105 0.972298 0.0670696 0.939925 0.0288955 0.984426
0 0.60282 0.747244 0.60504 0.72704 0.591947 0.722493 0.589727 0.742697
0 0.570746 0.766418 0.572621 0.747958 0.5606 0.744099 0.558725 0.762559
0 0.385084 0.486322 0.394958 0.458011 0.375808 0.436903 0.365934 0.465214
0 0.155642 0.901988 0.16771 0.876662 0.159036 0.863598 0.146968 0.888924
0 0.23513 1.00751 0.237248 0.983615 0.218815 0.978453 0.216697 1.00235
0 0.250689 0.933018 0.258248 0.904789 0.244338 0.893017 0.236779 0.921247
0 0.103229 0.882737 0.116084 0.852113 0.1039 0.835949 0.0910448 0.866573
0 0.181537 0.900689 0.189351 0.882052 0.181881 0.872153 0.174067 0.89079
0 0.157846 0.920677 0.159939 0.893383 0.146171 0.890046 0.144078 0.917341
0 0.0849591 0.867024 0.094523 0.840966 0.0836261 0.828326 0.0740623 0.854384
0 0.111545 0.6178 0.114986 0.599677 0.104744 0.593533 0.101304 0.611655
0 0.211336 0.904205 0.215974 0.881841 0.206356 0.875536 0.201718 0.8979
0 0.0871177 0.673024 0.0886926 0.651394 0.0762861 0.648539 0.0747111 0.670169
0 0.561622 0.837715 0.565426 0.815205 0.55083 0.807409 0.547026 0.829919
0 0.358106 0.787056 0.378872 0.756208 0.358164 0.712149 0.337398 0.742997
0 1.00368 0.800458 1.0059 0.759359 0.984514 0.755722 0.982302 0.796821
0 0.596712 0.663205 0.599724 0.639739 0.584508 0.633569 0.581497 0.657034
0 0.0594875 0.759123 0.0618529 0.7362 0.0487675 0.731932 0.0464022 0.754856
0 0.280939 0.872514 0.292385 0.835414 0.278583 0.821956 0.267137 0.859056
0 0.0698173 0.622727 0.0718417 0.600589 0.0577281 0.59651 0.0557036 0.618648
0 0.060393 0.88951 0.0744282 0.86997 0.0661325 0.851138 0.0520973 0.870679
0 0.191735 0.973471 0.197383 0.947803 0.187083 0.94064 0.181435 0.966309
0 0.25198 0.949549 0.254497 0.926453 0.241799 0.922079 0.239282 0.945175
0 0.543376 0.802179 0.546521 0.782687 0.535563 0.777098 0.532418 0.79659
0 0.0818103 0.910435 0.0889329 0.885757 0.0776574 0.875471 0.0705348 0.900149
0 0.216741 0.854125 0.217972 0.83443 0.202967 0.831466 0.201737 0.851161
0 0.732565 0.763303 0.73489 0.74032 0.722009 0.736203 0.719685 0.759185
0 0.539585 0.53905 0.542229 0.475206 0.505703 0.470424 0.503058 0.534267
0 0.194442 0.925196 0.199313 0.899247 0.190054 0.893755 0.185184 0.919704
0 0.164027 0.803641 0.164318 0.78249 0.148696 0.781809 0.148404 0.80296
0 0.0257194 0.945897 0.0490563 0.910671 0.0378636 0.887236 0.0145268 0.922461
0 0.471174 0.810533 0.476596 0.785451 0.466827 0.778776 0.461404 0.803857
0 0.135517 0.890937 0.143674 0.865635 0.13205 0.853791 0.123892 0.879093
0 0.593342 0.758598 0.596839 0.744616 0.585955 0.736013 0.582458 0.749995
0 0.151265 0.573178 0.196594 0.487238 0.160149 0.426483 0.11482 0.512423
0 0.784284 1.02988 0.838914 0.939192 0.768204 0.804573 0.713574 0.895264
0 0.111788 1.00612 0.130218 0.98356 0.121963 0.962247 0.103532 0.98481
0 0.596378 0.798781 0.597672 0.779173 0.583421 0.776201 0.582127 0.795809
0 0.0934789 0.907172 0.106952 0.880811 0.0978428 0.866097 0.0843697 0.892458
0 0.186301 0.949165 0.194588 0.923947 0.185412 0.914416 0.177125 0.939634
0 0.44248 0.628154 0.450049 0.608011 0.437034 0.592556 0.429465 0.612699
0 0.0841305 0.643948 0.0849665 0.626715 0.0717077 0.624682 0.0708717 0.641915
0 0.538827 0.789706 0.542974 0.76982 0.531721 0.762404 0.527575 0.78229
0 0.987612 0.818242 0.993829 0.791303 0.969084 0.773255 0.962867 0.800194
0 0.112302 0.96549 0.117565 0.933374 0.103948 0.926322 0.098685 0.958438
0 0.432829 0.849544 0.43195 0.817983 0.409122 0.819991 0.41 0.851553
0 0.657819 0.901061 0.658398 0.862615 0.636043 0.861551 0.635464 0.899997
0 0.218732 0.859056 0.220323 0.836524 0.207645 0.833697 0.206055 0.856228
0 0.622582 0.785383 0.627968 0.771765 0.616328 0.757216 0.610942 0.770834
0 0.607763 0.747771 0.609093 0.729109 0.5955 0.726049 0.594171 0.744711
0 0.199418 0.902007 0.202268 0.880128 0.19176 0.8758 0.188909 0.897679
0 0.180963 0.871088 0.188695 0.848127 0.176408 0.835049 0.168676 0.85801
0 0.415913 0.833184 0.417322 0.810222 0.404606 0.807756 0.403196 0.830717
0 0.596369 0.898485 0.597763 0.866531 0.579378 0.863997 0.577984 0.89595
0 0.0578618 0.67434 0.064665 0.656584 0.0567583 0.64701 0.0499551 0.664765
0 0.0441679 0.26526 0.195565 0.210025 0.18599 0.127088 0.0345939 0.182323
0 0.720056 0.754627 0.725384 0.732762 0.71389 0.72391 0.708562 0.745775
0 0.0485813 0.770684 0.0516667 0.751112 0.0403315 0.745464 0.0372462 0.765037
0 0.0425129 0.816518 0.0672914 0.785912 0.058085 0.762356 0.0333065 0.792962
0 0.0978869 0.680343 0.100185 0.660327 0.0906834 0.65688 0.0883857 0.676896
0 0.0994979 0.772154 0.114981 0.724611 0.0948155 0.703854 0.0793319 0.751397
0 0.565782 0.613195 0.575204 0.552649 0.546409 0.538486 0.536987 0.599032
0 0.129335 0.835466 0.139869 0.81537 0.133454 0.804743 0.12292 0.824839
0 0.22752 0.913308 0.231789 0.880101 0.215398 0.873441 0.211129 0.906648
0 0.490538 0.80569 0.499593 0.781133 0.487619 0.767179 0.478564 0.791735
0 0.545463 0.84619 0.547493 0.824089 0.530742 0.819226 0.528711 0.841326
0 0.724862 0.77509 0.72845 0.755336 0.714342 0.747238 0.710754 0.766992
0 0.309888 0.896458 0.316005 0.854967 0.293397 0.844434 0.287281 0.885924
0 0.751418 0.770319 0.754883 0.750877 0.740693 0.742886 0.737229 0.762327
0 0.0387749 0.742827 0.0399069 0.722252 0.0278712 0.72016 0.0267393 0.740735
0 0.08634 0.647904 0.0881487 0.628759 0.0765315 0.62529 0.0747228 0.644435
0 0.247745 0.876763 0.249791 0.853543 0.233612 0.849036 0.231566 0.872256
0 0.017606 0.791106 0.0304293 0.76784 0.0217312 0.752689 0.00890795 0.775954
0 0.128313 0.795743 0.134682 0.770354 0.126461 0.763835 0.120091 0.789225
0 0.062384 0.707634 0.0636628 0.688584 0.0519747 0.686104 0.0506959 0.705154
0 0.580809 0.768555 0.588817 0.755083 0.576572 0.732078 0.568564 0.74555
0 0.314067 0.781203 0.340912 0.766408 0.319559 0.643958 0.292714 0.658754
0 0.763919 0.67276 0.766525 0.649381 0.753823 0.644907 0.751218 0.668286
0 0.743747 0.620899 0.743826 0.599952 0.72628 0.599741 0.7262 0.620689
0 0.549235 0.822003 0.551428 0.796674 0.539324 0.793362 0.53713 0.81869
0 0.172897 0.786523 0.174821 0.765803 0.162336 0.762139 0.160412 0.782858
0 0.287404 0.282282 0.286137 0.252648 0.257053 0.256579 0.25832 0.286213
0 0.0432005 0.85824 0.0468102 0.83724 0.0375115 0.832188 0.0339018 0.853189
0 0.134167 0.806982 0.1457 0.787079 0.138838 0.77451 0.127304 0.794413
0 0.0658498 0.711758 0.0671696 0.693908 0.0548038 0.691018 0.053484 0.708868
0 0.0893328 0.889551 0.0995702 0.862354 0.090822 0.851947 0.0805846 0.879144
0 0.393473 0.993452 0.399379 0.965856 0.380037 0.952774 0.374131 0.980369
0 0.100357 0.861691 0.113944 0.837136 0.104703 0.820975 0.0911154 0.84553
0 0.5467 0.824625 0.548842 0.800329 0.536099 0.79678 0.533957 0.821075
0 0.23386 0.923071 0.235816 0.891251 0.216629 0.887522 0.214672 0.919342
0 0.143927 0.893372 0.156842 0.862207 0.147106 0.849455 0.134191 0.880621
0 0.123595 0.969937 0.140108 0.916918 0.123718 0.900785 0.107205 0.953804
0 0.142504 0.950934 0.152538 0.9065 0.129361 0.889959 0.119327 0.934393
0 0.0497074 0.523987 0.0508927 0.507192 0.0414666 0.50509 0.0402813 0.521885
0 0.301672 0.913047 0.310842 0.890799 0.301302 0.878373 0.292133 0.90062
0 0.0896304 0.713071 0.0974764 0.699254 0.0906812 0.687059 0.0828352 0.700876
0 0.303993 0.444027 0.308897 0.394829 0.231811 0.370544 0.226907 0.419742
0 0.152637 0.676846 0.157671 0.583989 0.124998 0.57839 0.119963 0.671247
0 0.0577678 0.725686 0.0580195 0.706096 0.0436291 0.705512 0.0433773 0.725101
0 0.708851 0.59806 0.710172 0.576607 0.694965 0.573649 0.693644 0.595102
0 0.386284 0.503724 0.386782 0.483423 0.374499 0.482471 0.374 0.502771
0 0.326868 0.478788 0.336215 0.448832 0.306781 0.419806 0.297434 0.449762
0 0.0993458 0.805533 0.100304 0.78691 0.0885751 0.785004 0.0876174 0.803627
0 0.109132 0.631127 0.110566 0.616015 0.101782 0.61338 0.100348 0.628493
0 0.721854 0.728284 0.723318 0.695582 0.703357 0.692757 0.701893 0.725459
