0 0.0681333 0.673968 0.069599 0.650245 0.0526682 0.646939 0.0512025 0.670663
0 0.188994 0.984023 0.198457 0.942857 0.178179 0.928124 0.168715 0.969289
0 0.25046 0.95565 0.270184 0.917594 0.255144 0.89296 0.235421 0.931016
0 0.078526 0.724938 0.0756249 0.69055 0.0489078 0.697674 0.051809 0.732062
0 0.208854 1.01173 0.221454 0.975878 0.202996 0.955379 0.190396 0.991235
0 0.276675 0.821897 0.28183 0.800382 0.266432 0.788722 0.261277 0.810237
0 0.279323 0.99521 0.274392 0.960451 0.246403 0.973002 0.251335 1.00776
0 0.100215 0.739519 0.101942 0.714439 0.084851 0.71072 0.0831239 0.735799
0 0.142146 0.957362 0.151045 0.934602 0.141469 0.92277 0.132571 0.94553
0 0.174348 1.00619 0.182721 0.972772 0.167924 0.961052 0.15955 0.994466
0 0.272601 0.716393 0.272027 0.694789 0.254574 0.696254 0.255148 0.717859
0 0.992544 0.967563 1.00553 0.84423 0.805368 0.777606 0.792379 0.900939
0 0.204751 0.973293 0.21822 0.941511 0.205867 0.924965 0.192398 0.956747
0 0.570824 0.826726 0.578612 0.799888 0.560183 0.782988 0.552396 0.809826
0 0.190027 0.902102 0.203248 0.875149 0.191707 0.857256 0.178485 0.884209
0 0.0770241 0.908539 0.0884185 0.879443 0.0766191 0.864839 0.0652247 0.893935
0 0.209544 0.87696 0.211859 0.853193 0.198577 0.849103 0.196261 0.87287
0 0.130762 0.957136 0.137192 0.929795 0.124788 0.920575 0.118358 0.947916
0 0.0980883 0.899116 0.110244 0.861771 0.0938538 0.844909 0.0816979 0.882254
0 0.5659 0.695016 0.567445 0.672517 0.552534 0.669281 0.550989 0.69178
0 0.0558371 0.968386 0.0709489 0.936451 0.0573388 0.916097 0.0422271 0.948032
0 0.0755403 0.884598 0.0933391 0.858256 0.0843153 0.838986 0.0665165 0.865328
0 0.485843 0.806782 0.498477 0.785787 0.481286 0.75309 0.468651 0.774085
0 0.158983 0.909952 0.169356 0.884354 0.158892 0.870952 0.148519 0.89655
0 0.125988 0.928019 0.141936 0.909293 0.135758 0.892664 0.11981 0.911391
0 0.50473 0.831569 0.517353 0.801173 0.504836 0.784744 0.492213 0.81514
0 0.08475 0.634278 0.0856659 0.615035 0.0757259 0.613539 0.07481 0.632783
0 0.226044 0.87561 0.233366 0.823052 0.219358 0.816885 0.212037 0.869442
0 0.545656 0.745888 0.547097 0.717345 0.535615 0.715514 0.534174 0.744056
0 0.632794 0.897438 0.638214 0.859487 0.612095 0.847696 0.606674 0.885648
0 0.137984 1.00892 0.156318 0.983935 0.146669 0.96156 0.128336 0.986548
0 0.369144 0.816074 0.371108 0.782535 0.349735 0.77858 0.347771 0.812118
0 0.104773 1.02222 0.133558 0.987334 0.119378 0.950354 0.0905931 0.985239
0 0.550306 0.793665 0.549391 0.757635 0.523223 0.759734 0.524138 0.795764
0 0.0219041 0.887289 0.0490097 0.827553 0.0228012 0.789967 -0.0043044 0.849702
0 0.0452698 0.991755 0.0477966 0.935717 0.0194521 0.931678 0.0169253 0.987716
0 0.0475952 0.619595 0.0572601 0.591951 0.0459173 0.579418 0.0362524 0.607062
0 0.13498 0.807166 0.137039 0.784711 0.124668 0.781126 0.122609 0.803581
0 0.0161835 0.771515 0.0327104 0.746143 0.0213525 0.72276 0.00482552 0.748133
0 0.186762 1.00611 0.200445 0.9757 0.189959 0.960789 0.176275 0.991203
0 0.278477 0.769973 0.276875 0.726783 0.262177 0.728507 0.263779 0.771696
0 0.128804 0.883488 0.145705 0.860201 0.138651 0.84402 0.12175 0.867308
0 0.096035 0.707966 0.10088 0.689193 0.0916438 0.68166 0.0867992 0.700433
0 0.530107 0.775131 0.541659 0.735442 0.527367 0.722293 0.515814 0.761982
0 0.311008 0.793247 0.31629 0.773045 0.304141 0.763006 0.298859 0.783208
0 0.139431 0.98464 0.150949 0.957633 0.138284 0.940561 0.126765 0.967568
0 0.146093 0.807196 0.152409 0.784819 0.142414 0.775903 0.136098 0.79828
0 0.0158783 0.711149 0.0349336 0.690106 0.0272558 0.668132 0.00820051 0.689175
0 0.164895 0.981661 0.171902 0.948217 0.159066 0.939717 0.152058 0.973161
0 0.124676 0.865689 0.132621 0.830866 0.109362 0.814093 0.101416 0.848917
0 0.503873 0.89251 0.510425 0.87083 0.493967 0.85511 0.487415 0.87679
0 0.0126416 0.994138 0.0150608 0.955116 -0.00274755 0.951626 -0.00516669 0.990649
0 0.0400858 0.90349 0.0555736 0.875759 0.0441057 0.855516 0.0286179 0.883247
0 0.0670255 0.934799 0.0807584 0.909079 0.0716558 0.893719 0.0579229 0.919439
0 0.607937 0.76715 0.61442 0.745439 0.59641 0.728441 0.589927 0.750152
0 0.129819 0.714514 0.130431 0.688423 0.112622 0.687102 0.11201 0.713193
0 0.250221 0.890752 0.263068 0.853812 0.250905 0.840443 0.238058 0.877384
0 0.160398 0.813953 0.162523 0.792236 0.150637 0.78856 0.148512 0.810277
0 0.186596 0.879311 0.1884 0.857321 0.172224 0.853127 0.17042 0.875117
0 0.0434352 1.01391 0.0615181 0.98494 0.0495264 0.961287 0.0314435 0.990262
0 0.0733004 0.590301 0.0741273 0.569868 0.0586482 0.567888 0.0578213 0.588322
0 0.449 0.882784 0.45331 0.823065 0.422293 0.815991 0.417983 0.875709
0 0.238101 0.813627 0.240399 0.798443 0.226698 0.791891 0.2244 0.807074
0 0.524637 0.976896 0.524281 0.931931 0.500915 0.932516 0.501271 0.977481
0 0.0182841 0.956102 0.0209209 0.912189 -0.00330062 0.907592 -0.00593739 0.951506
0 0.198635 0.862566 0.202923 0.841626 0.192905 0.835142 0.188617 0.856081
0 0.269853 0.668298 0.271854 0.645444 0.257216 0.641394 0.255216 0.664249
0 0.1029 0.934316 0.116929 0.903814 0.107672 0.890359 0.0936431 0.92086
0 0.384871 0.896172 0.413082 0.872352 0.404371 0.839747 0.37616 0.863566
0 0.156862 0.998553 0.166067 0.968849 0.155617 0.958613 0.146412 0.988317
0 0.211109 0.853872 0.218212 0.831555 0.208536 0.821822 0.201433 0.844139
0 0.552753 0.839406 0.564235 0.818936 0.549145 0.792186 0.537664 0.812656
0 0.0708213 0.632294 0.0717573 0.613782 0.0603755 0.611963 0.0594395 0.630475
0 0.257397 0.681225 0.25844 0.663336 0.247458 0.661312 0.246415 0.679201
0 0.0580164 0.915376 0.0730285 0.885011 0.0614631 0.86694 0.0464511 0.897305
0 0.523923 0.845726 0.526509 0.819429 0.510784 0.814542 0.508198 0.840839
0 0.523006 0.826874 0.529683 0.799628 0.517 0.789804 0.510322 0.817049
0 0.301797 0.334099 0.300705 0.293853 0.260902 0.297268 0.261995 0.337513
0 0.062236 0.694082 0.0641089 0.676692 0.0509036 0.672197 0.0490307 0.689587
0 0.127579 0.825157 0.127379 0.805632 0.110958 0.806162 0.111157 0.825687
0 0.518868 0.871789 0.519902 0.839228 0.500519 0.837282 0.499485 0.869842
0 0.191927 0.848039 0.193989 0.830517 0.182655 0.826301 0.180593 0.843823
0 0.123435 0.793968 0.125281 0.7754 0.115487 0.772322 0.11364 0.79089
0 0.333829 0.611159 0.335562 0.583918 0.321051 0.580999 0.319317 0.60824
0 0.074237 0.960811 0.0993646 0.923553 0.0884721 0.900336 0.0633444 0.937594
0 0.263333 0.766928 0.264782 0.74849 0.254124 0.745843 0.252675 0.764281
0 0.269543 0.859357 0.279635 0.82992 0.269187 0.8186 0.259095 0.848037
0 0.239289 0.847855 0.248368 0.829625 0.237058 0.811825 0.22798 0.830055
0 0.561104 0.797601 0.562591 0.776323 0.551073 0.773779 0.549586 0.795057
0 0.583586 0.742859 0.585838 0.722814 0.572822 0.718193 0.57057 0.738238
0 0.0754969 0.800086 0.073782 0.757752 0.0405423 0.762008 0.0422573 0.804341
0 0.0507818 0.937837 0.0637664 0.911986 0.0547787 0.897718 0.0417941 0.923569
0 0.273469 0.92731 0.279625 0.907505 0.268986 0.897056 0.262831 0.916861
0 0.0738114 1.00377 0.0784189 0.964131 0.0616675 0.957978 0.0570601 0.997618
0 0.657025 0.867431 0.667668 0.837731 0.646329 0.813564 0.635686 0.843264
0 0.0793859 0.6996 0.0847305 0.677325 0.0678381 0.664515 0.0624935 0.68679
0 0.0180446 0.661374 0.0288336 0.645235 0.0218604 0.630502 0.0110714 0.646641
0 0.180806 0.326079 0.201697 0.220608 0.124695 0.172402 0.103803 0.277873
0 0.582732 0.839778 0.583882 0.815801 0.569343 0.813597 0.568193 0.837574
0 0.219675 0.974009 0.223325 0.949799 0.211394 0.944114 0.207744 0.968323
0 0.212723 0.792012 0.215062 0.770342 0.204045 0.766583 0.201705 0.788253
0 0.216656 0.271707 0.241674 0.245904 0.220337 0.180518 0.195318 0.206321
0 0.0492434 0.677781 0.0516453 0.660021 0.040133 0.655101 0.0377311 0.672861
0 0.185176 0.0368101 0.193247 0.00502503 0.168999 -0.014434 0.160928 0.0173511
0 0.121375 0.882501 0.126217 0.862358 0.115881 0.854507 0.11104 0.87465
0 0.118799 0.924126 0.132417 0.901435 0.123673 0.884849 0.110054 0.90754
0 0.24027 0.924552 0.245301 0.897606 0.231181 0.889276 0.226151 0.916222
0 0.574862 0.793631 0.576674 0.777615 0.562628 0.772595 0.560817 0.788611
0 0.546298 0.763729 0.547846 0.74622 0.536602 0.743079 0.535055 0.760589
0 0.0116275 0.784568 0.0140531 0.757829 0.000967763 0.754077 -0.00145779 0.780816
0 0.213859 0.899135 0.219826 0.871041 0.208289 0.863296 0.202322 0.891389
0 0.289454 0.745114 0.291325 0.718564 0.27895 0.715807 0.277079 0.742357
0 0.170478 0.948045 0.181536 0.920424 0.172247 0.908671 0.161189 0.936292
0 0.227024 0.835637 0.229977 0.808558 0.217839 0.804375 0.214886 0.831454
0 0.0292978 0.935267 0.0370075 0.903353 0.0245555 0.893846 0.0168459 0.92576
0 0.241305 0.962205 0.242935 0.940159 0.226388 0.936292 0.224758 0.958338
0 0.0951095 0.785512 0.096236 0.757935 0.0797325 0.755804 0.0786059 0.783381
0 0.289523 0.402729 0.298991 0.373453 0.270317 0.344144 0.260849 0.37342
0 0.115146 0.679015 0.116676 0.656798 0.105293 0.654321 0.103763 0.676538
0 0.132434 0.78371 0.133897 0.762168 0.122095 0.759634 0.120632 0.781176
0 0.271728 0.795322 0.27436 0.777436 0.263196 0.772243 0.260564 0.79013
0 0.54153 0.879528 0.54836 0.862093 0.537094 0.848142 0.530263 0.865577
0 0.22005 0.81641 0.220501 0.793628 0.208854 0.792899 0.208402 0.815681
0 0.633849 0.924509 0.640463 0.906846 0.627533 0.891544 0.620919 0.909207
0 0.118271 0.655097 0.118387 0.63413 0.104755 0.633892 0.104639 0.654859
0 0.0276317 1.00699 0.0273279 0.977834 0.00664 0.978515 0.00694385 1.00767
0 0.0888627 0.685462 0.0987973 0.664444 0.0920488 0.654362 0.0821142 0.67538
0 0.187862 0.122603 0.21492 0.0837241 0.17841 0.0034175 0.151352 0.0422962
0 0.0520557 0.702589 0.0531095 0.681136 0.0422185 0.679445 0.0411647 0.700898
0 0.258555 0.700085 0.257918 0.679417 0.24299 0.680873 0.243628 0.701541
0 0.102142 0.331553 0.119085 0.31748 0.107037 0.271636 0.0900941 0.285709
0 0.621231 0.915035 0.624836 0.8889 0.60974 0.88232 0.606136 0.908455
0 0.34574 0.7235 0.345964 0.691865 0.329745 0.691502 0.329522 0.723138
0 0.604581 0.594357 0.626866 0.446302 0.588765 0.428178 0.566481 0.576233
0 0.236547 0.896465 0.240209 0.870701 0.225003 0.86387 0.221341 0.889634
0 0.244443 0.769458 0.247728 0.746517 0.235275 0.740881 0.23199 0.763822
0 0.504043 0.752458 0.51148 0.720925 0.494438 0.708221 0.487 0.739754
0 0.180991 0.910454 0.183988 0.887498 0.17138 0.882297 0.168384 0.905253
0 0.102833 0.621876 0.104951 0.600158 0.0906764 0.595759 0.0885588 0.617478
0 0.249559 0.662308 0.248623 0.644592 0.23436 0.646973 0.235296 0.664689
0 0.318962 0.928087 0.321109 0.904021 0.307397 0.900155 0.30525 0.924221
0 0.0470186 0.923176 0.0548545 0.900075 0.0440969 0.888543 0.036261 0.911644
0 0.218203 0.769314 0.223056 0.744433 0.21371 0.738671 0.208857 0.763552
0 0.408497 0.864226 0.411811 0.826939 0.388081 0.820273 0.384767 0.857559
0 0.198702 0.946357 0.204114 0.922719 0.184257 0.908349 0.178844 0.931988
0 0.0979551 0.761623 0.0938604 0.727711 0.0626655 0.739615 0.0667602 0.773528
0 0.102452 0.127414 0.0989652 0.0505478 0.0593867 0.0562224 0.0628738 0.133088
0 0.0352966 0.749156 0.0428475 0.728291 0.0345277 0.718775 0.0269769 0.73964
0 0.144494 0.898705 0.150677 0.882217 0.141094 0.870858 0.13491 0.887345
0 0.00438286 0.840426 0.0209724 0.802927 0.0093185 0.786632 -0.00727107 0.824131
0 0.0115056 0.89601 0.0123342 0.867816 -0.00108005 0.86657 -0.00190864 0.894764
0 0.0377217 0.94209 0.0466188 0.917546 0.0355374 0.90485 0.0266403 0.929395
0 0.487118 0.741691 0.491506 0.716173 0.479959 0.709897 0.47557 0.735415
0 0.72393 0.759456 0.727876 0.739801 0.71233 0.729939 0.708385 0.749594
0 0.0442076 0.652229 0.048147 0.628258 0.0284822 0.618044 0.0245427 0.642015
0 0.230745 0.754453 0.241554 0.727784 0.231107 0.714403 0.220299 0.741072
0 0.145832 0.841576 0.151685 0.821782 0.141647 0.812399 0.135793 0.832193
0 0.0209331 0.904713 0.0363897 0.874349 0.0264556 0.858367 0.010999 0.888731
0 0.158998 0.953067 0.165795 0.929367 0.15694 0.921342 0.150144 0.945042
0 0.17612 0.50013 0.177916 0.479463 0.161872 0.475056 0.160076 0.495724
0 0.524967 0.887496 0.529528 0.864822 0.517264 0.857026 0.512703 0.879699
0 0.567257 0.72793 0.570839 0.706257 0.560947 0.70109 0.557365 0.722763
0 0.389028 0.842599 0.393631 0.815818 0.381015 0.808965 0.376412 0.835746
0 0.332313 0.328636 0.334994 0.295323 0.31387 0.289951 0.311189 0.323263
0 0.109349 0.751301 0.119579 0.724652 0.109422 0.712329 0.0991919 0.738977
0 0.315468 0.130744 0.330601 0.0107755 0.252441 -0.0203853 0.237308 0.0995829
0 0.214663 0.617318 0.214388 0.577072 0.193936 0.577514 0.194212 0.61776
0 0.541333 0.815008 0.542508 0.790308 0.527912 0.788114 0.526737 0.812814
0 0.511792 0.537497 0.516027 0.468351 0.477964 0.460984 0.473729 0.530129
0 0.666905 0.364282 0.666087 0.344021 0.645207 0.346684 0.646024 0.366944
0 0.093512 0.577989 0.0971831 0.562158 0.0863464 0.554216 0.0826753 0.570046
0 0.486349 0.847703 0.491409 0.829121 0.480951 0.82012 0.475891 0.838702
0 0.227648 1.01564 0.251958 0.987524 0.24165 0.959356 0.21734 0.987472
0 0.241436 0.802395 0.243486 0.786582 0.232779 0.782195 0.230729 0.798008
0 0.073184 0.517257 0.0737379 0.498208 0.0616812 0.4971 0.0611273 0.516149
0 0.584513 0.647964 0.586227 0.621398 0.573301 0.618762 0.571586 0.645328
0 0.220379 0.727649 0.225547 0.707879 0.215882 0.699895 0.210715 0.719665
0 0.238111 0.268329 0.256592 0.248576 0.240476 0.200922 0.221995 0.220675
0 0.0731195 0.0902446 0.0905059 0.00945019 0.0565737 -0.0136276 0.0391873 0.0671668
0 0.25648 0.917384 0.263275 0.885917 0.247098 0.874876 0.240303 0.906343
0 0.143883 0.789862 0.146057 0.76796 0.133019 0.76387 0.130845 0.785772
0 0.465873 0.807579 0.474051 0.783249 0.461416 0.769828 0.453239 0.794158
0 0.0846377 0.738379 0.0844512 0.716782 0.0698037 0.717182 0.0699901 0.738779
0 0.445418 0.816178 0.454003 0.79349 0.444958 0.782674 0.436373 0.805361
0 0.602775 0.903391 0.606444 0.880871 0.593554 0.874236 0.589886 0.896756
0 0.0564522 0.88551 0.0682235 0.86424 0.0593565 0.848731 0.0475852 0.870001
0 0.561422 0.776887 0.567938 0.761178 0.55562 0.745029 0.549104 0.760739
0 0.0847823 1.00062 0.10366 0.940713 0.0855301 0.922656 0.0666521 0.982562
0 0.129841 0.543775 0.149144 0.525262 0.143323 0.50608 0.12402 0.524592
0 0.143707 0.930301 0.152962 0.909767 0.144379 0.89754 0.135124 0.918074
0 0.0203879 0.800986 0.0333047 0.773479 0.0216706 0.756213 0.00875376 0.78372
0 0.10831 0.83084 0.112483 0.811385 0.106012 0.806999 0.101839 0.826453
0 0.0632464 0.766605 0.0728804 0.73396 0.0543954 0.716719 0.0447614 0.749364
0 0.12177 0.773955 0.128389 0.755688 0.120249 0.746365 0.11363 0.764632
0 0.138123 0.895971 0.146263 0.880384 0.138351 0.867325 0.130211 0.882913
0 0.0544621 0.65809 0.056357 0.637292 0.0426449 0.633344 0.04075 0.654141
0 0.590308 0.902705 0.593675 0.884773 0.579954 0.87663 0.576586 0.894561
0 0.175212 0.877989 0.177801 0.859172 0.164424 0.853355 0.161835 0.872173
0 0.138544 0.827829 0.139949 0.805581 0.126618 0.802919 0.125213 0.825167
0 0.256391 0.313707 0.269059 0.30105 0.256972 0.262817 0.244304 0.275474
0 0.480404 0.823778 0.482914 0.8013 0.467565 0.795883 0.465055 0.818361
0 0.694989 0.742508 0.697799 0.719971 0.687289 0.715829 0.684479 0.738365
0 0.144806 0.62698 0.145272 0.568349 0.112628 0.567527 0.112162 0.626159
0 0.00942564 0.814885 0.0270488 0.791299 0.0185678 0.771271 0.000944683 0.794857
0 0.477774 0.734586 0.481193 0.710226 0.468428 0.704563 0.465009 0.728924
0 0.298661 0.741939 0.303219 0.721274 0.293174 0.714272 0.288617 0.734937
0 0.567781 0.908017 0.580406 0.874332 0.557958 0.847741 0.545332 0.881427
0 0.370687 1.00137 0.375312 0.974841 0.353932 0.963061 0.349307 0.989588
0 0.382848 0.858485 0.384472 0.834699 0.371934 0.831994 0.37031 0.855779
0 0.212956 0.715172 0.218397 0.696175 0.209415 0.688044 0.203974 0.70704
0 0.579561 0.775508 0.581949 0.756143 0.567397 0.75047 0.565009 0.769835
0 0.0979078 0.913218 0.10751 0.880092 0.0949278 0.868565 0.0853256 0.901691
0 0.704196 0.815684 0.709967 0.792568 0.690207 0.776978 0.684436 0.800095
0 0.679374 0.829551 0.683983 0.803821 0.669688 0.795728 0.665079 0.821457
0 0.53939 0.835628 0.541576 0.808535 0.527311 0.804898 0.525125 0.831991
0 0.144385 0.705723 0.147065 0.681016 0.130145 0.675216 0.127464 0.699922
0 0.587778 0.79658 0.590321 0.774044 0.577184 0.76936 0.574641 0.791895
0 0.312882 0.361793 0.321193 0.339955 0.304029 0.31931 0.295718 0.341148
0 0.758612 0.72897 0.762385 0.710558 0.752608 0.704227 0.748835 0.722639
0 0.592869 0.683724 0.600226 0.649608 0.587124 0.640678 0.579767 0.674794
0 0.51702 0.803532 0.523502 0.7856 0.5132 0.773829 0.506717 0.791762
0 0.626196 0.8576 0.629655 0.83785 0.613051 0.82866 0.609592 0.848409
0 0.349261 0.406893 0.351581 0.379908 0.331842 0.374542 0.329521 0.401527
0 0.213894 0.923236 0.219646 0.898946 0.209294 0.891199 0.203543 0.91549
0 0.0854486 0.528386 0.087017 0.508841 0.0761777 0.506092 0.0746093 0.525636
0 0.215967 0.955246 0.227618 0.929381 0.214026 0.91003 0.202375 0.935895
0 0.241752 0.840725 0.249225 0.821491 0.235357 0.804464 0.227885 0.823698
0 0.22532 0.697315 0.229621 0.673753 0.210324 0.662621 0.206023 0.686183
0 0.0309339 0.734382 0.0387764 0.714829 0.0306916 0.70458 0.022849 0.724133
0 0.698953 0.765333 0.702906 0.747593 0.687892 0.737017 0.683938 0.754757
0 0.0769506 0.859936 0.0920285 0.83832 0.0861566 0.825375 0.0710787 0.846991
0 0.288796 0.752798 0.292573 0.728742 0.282861 0.723922 0.279083 0.747978
0 0.507242 0.766231 0.509424 0.743543 0.496707 0.739678 0.494525 0.762366
0 0.0315106 0.736879 0.0356553 0.715797 0.0220054 0.707316 0.0178608 0.728398
0 0.0883227 0.860916 0.100203 0.83977 0.0937391 0.828294 0.0818593 0.849439
0 0.220676 0.914436 0.23105 0.887505 0.220562 0.874735 0.210187 0.901667
0 0.331224 0.616426 0.332552 0.592108 0.318067 0.589609 0.316739 0.613926
0 0.00766071 0.756665 0.0110741 0.731398 0.000362088 0.726824 -0.00305134 0.752091
0 0.374864 0.843828 0.382969 0.812655 0.369162 0.801311 0.361058 0.832484
0 0.529638 0.72632 0.529468 0.696957 0.516247 0.697199 0.516417 0.726563
0 0.0873123 1.00212 0.119137 0.953238 0.100162 0.914196 0.0683377 0.96308
0 0.276111 0.30193 0.285512 0.268077 0.26631 0.251223 0.256908 0.285076
0 0.0829823 0.677468 0.0865181 0.659537 0.076813 0.653489 0.0732773 0.67142
0 0.136115 0.751075 0.142505 0.730491 0.132608 0.720781 0.126218 0.741366
0 0.248582 0.716594 0.24944 0.698689 0.237447 0.696872 0.236589 0.714778
0 0.203609 0.750009 0.207052 0.731438 0.19218 0.722722 0.188736 0.741293
