0 0.3813 0.990336 0.398812 0.950849 0.382585 0.928104 0.365073 0.967591
0 0.30578 0.577161 0.305781 0.52619 0.277193 0.526189 0.277192 0.577159
0 0.25433 0.962013 0.245405 0.853627 0.177569 0.871282 0.186494 0.979667
0 0.338479 0.961572 0.338599 0.8684 0.289341 0.8682 0.289221 0.961372
0 0.879874 0.827993 0.906277 0.782736 0.885058 0.743611 0.858655 0.788869
0 0.355239 1.01089 0.374449 0.979654 0.363775 0.958906 0.344565 0.990141
0 0.405048 0.945391 0.405303 0.882972 0.369242 0.882505 0.368986 0.944925
0 0.498283 1.02217 0.509001 0.975368 0.468484 0.946045 0.457767 0.992847
0 0.990405 0.810355 0.987892 0.754411 0.951381 0.759596 0.953894 0.81554
0 0.334875 0.978253 0.379886 0.962898 0.36676 0.841284 0.321748 0.856639
0 0.595443 0.981002 0.598419 0.947665 0.575153 0.9411 0.572176 0.974436
0 0.606128 0.678331 0.61397 0.660339 0.60141 0.643037 0.593568 0.661029
0 0.787885 1.05475 0.840315 0.968148 0.765479 0.824966 0.71305 0.911572
0 0.173902 0.982291 0.200864 0.947648 0.1885 0.917235 0.161538 0.951878
0 0.309335 1.00281 0.323217 0.972774 0.310796 0.954629 0.296914 0.984661
0 0.987365 1.06339 1.01266 0.885516 0.817324 0.797712 0.792027 0.975584
0 0.183574 0.94381 0.185334 0.90568 0.160657 0.90208 0.158897 0.94021
0 0.914259 0.781137 0.923476 0.74149 0.874947 0.705836 0.865731 0.745483
0 0.136995 0.969217 0.169034 0.910406 0.15049 0.878477 0.11845 0.937288
0 0.333416 0.992076 0.341561 0.95901 0.324853 0.946003 0.316708 0.97907
0 0.647089 0.681844 0.648574 0.636014 0.633122 0.634431 0.631636 0.680261
0 0.320203 0.84603 0.334434 0.811787 0.319173 0.791742 0.304942 0.825985
0 0.942717 0.820262 0.949617 0.794848 0.917145 0.766983 0.910245 0.792396
0 0.589668 0.869745 0.590601 0.840201 0.57091 0.838236 0.569977 0.86778
0 0.837896 0.684987 0.839238 0.638223 0.811848 0.635738 0.810506 0.682503
0 0.670863 0.518731 0.667627 0.475596 0.637646 0.482704 0.640882 0.525839
0 0.953726 0.875936 0.964451 0.827917 0.900665 0.78289 0.88994 0.830909
0 0.625218 0.741186 0.638038 0.718311 0.621079 0.688273 0.608259 0.711149
0 0.491019 0.964445 0.499619 0.905269 0.476223 0.894523 0.467623 0.953699
0 0.706033 0.616631 0.708822 0.565124 0.680817 0.560331 0.678028 0.611838
0 0.617864 0.702105 0.62599 0.677755 0.610521 0.66144 0.602395 0.68579
0 0.393192 0.890309 0.397784 0.862771 0.382737 0.85484 0.378145 0.882379
0 0.630119 0.679362 0.634482 0.645817 0.619549 0.639678 0.615186 0.673223
0 0.524278 1.00616 0.525933 0.979707 0.508033 0.976166 0.506377 1.00262
0 0.231718 1.00843 0.261347 0.961233 0.243829 0.926479 0.2142 0.97368
0 0.186998 0.912471 0.195132 0.839117 0.165614 0.828773 0.15748 0.902127
0 0.270329 0.900235 0.273416 0.867748 0.252891 0.861584 0.249804 0.894071
0 0.262907 0.801696 0.274787 0.769821 0.263263 0.756249 0.251384 0.788123
0 0.158852 0.81345 0.188654 0.785603 0.177149 0.746691 0.147348 0.774538
0 0.594099 0.683782 0.600501 0.658317 0.585695 0.646554 0.579293 0.672018
0 0.598872 1.00349 0.597567 0.967331 0.574144 0.970004 0.57545 1.00616
0 0.432762 0.962193 0.448135 0.936404 0.435321 0.912261 0.419947 0.93805
0 0.564487 0.980311 0.567809 0.953982 0.550476 0.94707 0.547154 0.973399
0 0.359417 0.799316 0.368314 0.773673 0.355626 0.759758 0.346728 0.785401
0 0.674856 0.576818 0.680905 0.554415 0.665894 0.541603 0.659844 0.564006
0 0.434559 0.930866 0.451051 0.903677 0.431571 0.866333 0.415079 0.893522
0 0.332154 0.868637 0.34791 0.828603 0.335082 0.812646 0.319326 0.85268
0 0.478179 0.83259 0.47842 0.782144 0.448408 0.781691 0.448167 0.832137
0 0.293564 0.981693 0.303241 0.94383 0.288272 0.931738 0.278594 0.9696
0 0.5843 0.845296 0.591764 0.822997 0.575771 0.806078 0.568307 0.828376
0 0.2875 0.772609 0.289014 0.746564 0.270579 0.743176 0.269065 0.769221
0 0.183355 0.773122 0.206908 0.748087 0.197428 0.7199 0.173875 0.744935
0 0.286479 0.894738 0.288676 0.862808 0.270172 0.858784 0.267976 0.890714
0 0.356222 0.821636 0.366099 0.798799 0.355928 0.784895 0.346051 0.807732
0 0.659356 0.631233 0.666664 0.600932 0.655153 0.592158 0.647846 0.62246
0 0.272163 0.862574 0.287438 0.820155 0.269264 0.799471 0.253989 0.84189
0 0.740242 0.674884 0.750264 0.657673 0.738474 0.635976 0.728452 0.653187
0 0.409694 0.765745 0.427911 0.742965 0.419009 0.720467 0.400792 0.743247
0 0.535997 0.99919 0.537092 0.967912 0.520801 0.966109 0.519706 0.997386
0 0.624071 0.626991 0.625384 0.609376 0.610236 0.605807 0.608922 0.623422
0 0.605967 1.01783 0.648783 0.984847 0.623115 0.87954 0.580299 0.912524
0 0.590663 0.778064 0.600247 0.758739 0.58087 0.728365 0.571285 0.74769
0 0.41566 0.854585 0.414943 0.812276 0.397672 0.813202 0.398389 0.855511
0 0.560985 1.00381 0.564073 0.972421 0.543422 0.966 0.540334 0.997389
0 0.250612 0.846748 0.263612 0.815226 0.252112 0.800234 0.239111 0.831756
0 0.423183 0.934628 0.426424 0.897272 0.411443 0.893164 0.408202 0.93052
0 0.189923 0.848264 0.205568 0.800071 0.184932 0.778898 0.169287 0.82709
0 0.287279 0.732614 0.291776 0.709568 0.275637 0.699615 0.27114 0.722661
0 0.128704 0.916639 0.162118 0.886361 0.150536 0.845964 0.117122 0.876242
0 0.385979 0.394032 0.392321 0.335399 0.360266 0.324442 0.353925 0.383075
0 0.472036 0.949184 0.477335 0.901016 0.456272 0.893692 0.450973 0.94186
0 0.607759 0.738489 0.615839 0.686741 0.57491 0.666543 0.56683 0.718291
0 0.951092 0.719383 0.957799 0.696588 0.938536 0.678676 0.931829 0.70147
0 0.424339 0.549571 0.426685 0.507889 0.402893 0.503657 0.400547 0.545338
0 0.225197 0.568354 0.226925 0.5506 0.213866 0.546585 0.212139 0.564339
0 0.14231 0.87283 0.170551 0.852478 0.164331 0.825202 0.13609 0.845554
0 0.525189 0.964595 0.525173 0.924384 0.501951 0.924412 0.501966 0.964623
0 0.256123 0.881344 0.25772 0.840404 0.235911 0.837716 0.234314 0.878656
0 0.290748 0.712537 0.298207 0.695541 0.285441 0.677836 0.277982 0.694832
0 0.145581 0.980939 0.170365 0.944908 0.15799 0.918004 0.133205 0.954035
0 0.0577336 1.00442 0.0726116 0.96211 0.0587924 0.946751 0.0439144 0.989057
0 0.503204 0.976926 0.509943 0.94195 0.495727 0.933293 0.488988 0.968269
0 0.929228 0.752806 0.939078 0.727162 0.915967 0.699107 0.906117 0.724751
0 0.27408 0.697339 0.287461 0.668941 0.274033 0.648945 0.260652 0.677343
0 0.432118 1.00243 0.431262 0.982357 0.414923 0.984559 0.415779 1.00464
0 0.275027 0.749695 0.275591 0.730286 0.261913 0.729029 0.261349 0.748438
0 0.155796 0.996774 0.172432 0.967198 0.163144 0.950687 0.146509 0.980263
0 0.479274 0.863047 0.484052 0.832598 0.470134 0.825695 0.465355 0.856144
0 0.17595 0.741057 0.176363 0.722657 0.163705 0.721758 0.163292 0.740158
0 0.358782 0.843974 0.368092 0.818978 0.355015 0.803582 0.345704 0.828579
0 0.628691 0.804623 0.643207 0.7658 0.629822 0.749984 0.615307 0.788808
0 0.397058 0.79528 0.398531 0.77363 0.382415 0.770164 0.380942 0.791815
0 0.348814 0.811273 0.354347 0.78346 0.34062 0.77483 0.335087 0.802643
0 0.416554 0.974755 0.42807 0.943888 0.419295 0.93354 0.407779 0.964407
0 0.477068 0.744763 0.473538 0.692489 0.449436 0.697632 0.452966 0.749906
0 0.30123 0.810412 0.303733 0.79334 0.2906 0.787256 0.288098 0.804328
0 0.202533 0.824066 0.229281 0.797552 0.219848 0.767477 0.1931 0.793991
0 0.553441 0.965648 0.565927 0.912996 0.544739 0.897117 0.532254 0.94977
0 0.608487 0.633867 0.61039 0.612616 0.599291 0.609474 0.597388 0.630726
0 0.298943 0.829504 0.299957 0.80459 0.283589 0.802485 0.282575 0.8274
0 0.481957 0.905398 0.483249 0.877509 0.467164 0.875154 0.465871 0.903043
0 0.395123 0.998906 0.405219 0.966091 0.393207 0.954411 0.383112 0.987226
0 0.286834 0.815038 0.289547 0.792908 0.276701 0.78793 0.273987 0.81006
0 0.410021 0.966336 0.420931 0.935372 0.407932 0.920895 0.397021 0.951859
0 0.335766 0.709202 0.346887 0.692302 0.339795 0.677553 0.328674 0.694453
0 0.431327 0.589682 0.435047 0.551607 0.411598 0.544367 0.407878 0.582443
0 0.342836 1.00822 0.353266 0.981773 0.343269 0.969313 0.332839 0.995757
0 0.209536 0.730481 0.211157 0.709415 0.197313 0.706049 0.195693 0.727115
0 0.401057 0.779334 0.402662 0.753272 0.384729 0.749781 0.383123 0.775842
0 0.386348 1.00629 0.389021 0.981235 0.371231 0.975238 0.368559 1.0003
0 0.368083 0.85561 0.370159 0.826443 0.347904 0.821438 0.345829 0.850605
0 0.254624 1.00212 0.266635 0.970866 0.256566 0.958635 0.244554 0.989888
0 0.168351 0.758914 0.170944 0.73644 0.155829 0.730927 0.153235 0.753401
0 0.678039 0.613608 0.681074 0.587576 0.668567 0.582969 0.665533 0.609001
0 0.433106 0.830846 0.434724 0.785056 0.410031 0.782298 0.408413 0.828089
0 0.64091 0.588037 0.643617 0.565942 0.627759 0.559801 0.625051 0.581896
0 0.974553 0.760874 0.981191 0.736943 0.965856 0.723499 0.959218 0.74743
0 0.66583 0.660222 0.667658 0.639892 0.654037 0.636021 0.652209 0.656351
0 0.919899 0.636376 0.930658 0.608157 0.910531 0.583906 0.899773 0.612126
0 0.596328 0.815347 0.600064 0.791448 0.585289 0.784148 0.581553 0.808047
0 0.433608 0.866277 0.438602 0.845313 0.423154 0.83368 0.418159 0.854645
0 0.723804 0.59627 0.725521 0.561481 0.705213 0.558313 0.703497 0.593103
0 0.565627 0.918695 0.564934 0.838972 0.51816 0.840258 0.518854 0.919981
0 0.464755 0.77369 0.479538 0.755394 0.472639 0.737776 0.457856 0.756072
0 0.614819 0.655847 0.617004 0.633389 0.605106 0.629729 0.60292 0.652188
0 0.405728 0.567615 0.41027 0.540111 0.390042 0.529554 0.385501 0.557058
0 0.423288 0.892813 0.430253 0.853379 0.414115 0.84437 0.40715 0.883804
0 0.395894 0.833191 0.397447 0.808067 0.382395 0.805125 0.380841 0.830249
0 0.664009 0.484127 0.663483 0.459102 0.641074 0.46059 0.6416 0.485615
0 0.534296 0.975849 0.544534 0.949602 0.528871 0.930295 0.518633 0.956542
0 0.639177 0.720867 0.646395 0.692197 0.633156 0.681662 0.625937 0.710332
0 0.813776 0.76865 0.812197 0.739976 0.793935 0.743155 0.795514 0.771828
0 0.619146 0.549146 0.622153 0.524779 0.608131 0.519311 0.605124 0.543677
0 0.922996 0.709943 0.928284 0.691669 0.913702 0.678334 0.908414 0.696609
0 0.27657 0.977306 0.286922 0.951959 0.277582 0.939905 0.267231 0.965251
0 0.192963 0.800828 0.214723 0.765332 0.202697 0.742033 0.180937 0.777529
0 0.459238 0.99173 0.465874 0.944514 0.433921 0.930321 0.427285 0.977537
0 0.238963 0.800759 0.246573 0.779225 0.234563 0.765811 0.226953 0.787344
0 0.272439 0.663919 0.277953 0.6424 0.267035 0.633559 0.261522 0.655078
0 0.358124 0.689931 0.359555 0.664136 0.345664 0.661699 0.344232 0.687494
0 0.540847 1.0038 0.541855 0.975678 0.526127 0.973898 0.525119 1.00202
0 0.482848 0.589131 0.483962 0.555929 0.466221 0.554047 0.465107 0.58725
0 0.634473 0.814126 0.644192 0.788422 0.633592 0.775755 0.623873 0.801459
0 0.770064 0.436567 0.772391 0.401856 0.752149 0.397567 0.749822 0.432278
0 0.445253 1.01017 0.449797 0.989464 0.431453 0.976743 0.42691 0.99745
0 0.429448 0.555811 0.465883 0.518927 0.453135 0.479126 0.4167 0.51601
0 0.487669 0.811837 0.494062 0.781326 0.481297 0.772873 0.474903 0.803383
0 0.248296 0.816677 0.259113 0.788121 0.248045 0.774871 0.237228 0.803427
0 0.663812 0.728895 0.667792 0.706175 0.655851 0.699564 0.651871 0.722284
0 0.349493 0.784214 0.353531 0.763695 0.343171 0.757251 0.339133 0.77777
0 0.529066 0.767965 0.52864 0.697747 0.49244 0.69844 0.492866 0.768658
0 0.578138 0.814387 0.580118 0.794747 0.567844 0.790835 0.565864 0.810475
0 0.113189 0.809056 0.123188 0.789115 0.115449 0.776851 0.10545 0.796792
0 0.999907 0.604559 1.0071 0.550534 0.943206 0.523663 0.936017 0.577688
0 0.4109 0.904459 0.41599 0.885049 0.400627 0.872318 0.395537 0.891729
0 0.27095 0.812643 0.278504 0.783761 0.266881 0.774153 0.259327 0.803035
0 0.51678 0.989917 0.519346 0.962849 0.502643 0.957843 0.500076 0.98491
0 0.310595 0.784423 0.311412 0.760858 0.295285 0.759092 0.294468 0.782657
0 0.622191 0.774892 0.627882 0.754129 0.617278 0.744944 0.611587 0.765707
0 0.256341 0.676406 0.267498 0.64479 0.256324 0.632328 0.245167 0.663944
0 0.247088 0.876005 0.245791 0.839411 0.221488 0.842135 0.222785 0.878728
0 0.674144 0.491568 0.676708 0.470276 0.662141 0.464731 0.659577 0.486023
0 0.709024 0.633539 0.72664 0.608892 0.717196 0.58756 0.699581 0.612207
0 0.772188 0.7041 0.77255 0.68486 0.758866 0.684045 0.758504 0.703286
0 0.344316 0.589898 0.342039 0.564615 0.319614 0.570997 0.321892 0.59628
0 0.680498 0.46781 0.678493 0.43157 0.653396 0.435959 0.655401 0.472198
0 0.386125 0.872706 0.392461 0.846892 0.379604 0.836917 0.373268 0.862732
0 0.310452 0.877326 0.316336 0.857411 0.307385 0.849054 0.301501 0.868968
0 0.571365 0.951219 0.58259 0.935081 0.5688 0.904769 0.557576 0.920907
0 0.63184 0.694146 0.634593 0.675941 0.624312 0.671026 0.621558 0.689231
0 0.631561 0.899496 0.632778 0.86884 0.615589 0.866683 0.614372 0.897339
0 0.455759 0.797943 0.458281 0.749753 0.439263 0.746606 0.43674 0.794797
0 0.665878 0.667439 0.670796 0.648217 0.658602 0.638359 0.653685 0.65758
0 0.135703 0.305657 0.133289 0.258942 0.112339 0.262364 0.114754 0.309079
0 0.494313 0.87911 0.499543 0.854252 0.490413 0.848181 0.485183 0.873039
0 0.962871 0.749409 0.964685 0.726464 0.95079 0.722992 0.948976 0.745937
0 0.232514 0.543489 0.230795 0.50659 0.209361 0.509747 0.211081 0.546646
0 0.322547 1.01035 0.331429 0.988404 0.319973 0.973752 0.311092 0.9957
0 0.359747 0.592364 0.365121 0.574337 0.3551 0.564896 0.349726 0.582923
0 0.30113 0.658087 0.302754 0.632761 0.285908 0.629345 0.284283 0.654671
0 0.528412 0.884403 0.53093 0.858682 0.505259 0.850739 0.502741 0.876461
0 0.401979 0.586511 0.401354 0.56302 0.384307 0.564453 0.384932 0.587944
0 0.276537 1.0069 0.279683 0.98418 0.26622 0.978286 0.263073 1.001
0 0.125205 0.544035 0.1315 0.515388 0.107493 0.498715 0.101198 0.527362
0 0.362024 0.624792 0.367217 0.596761 0.349982 0.586671 0.34479 0.614703
0 0.696447 0.564012 0.698223 0.545334 0.685956 0.541648 0.68418 0.560325
0 0.520532 0.702865 0.521132 0.677696 0.505888 0.676547 0.505287 0.701716
0 0.5891 0.903474 0.59548 0.875453 0.581941 0.86571 0.575561 0.893732
0 0.727508 0.820032 0.737674 0.790837 0.724282 0.776099 0.714116 0.805293
0 0.0635323 0.472972 0.0800762 0.323156 -0.0065727 0.292915 -0.0231166 0.44273
0 0.312716 0.607097 0.319993 0.58147 0.302411 0.56569 0.295134 0.591317
0 0.872637 0.773503 0.880697 0.740954 0.859036 0.724 0.850975 0.756549
0 0.294011 0.796299 0.296836 0.778509 0.282001 0.771064 0.279176 0.788855
0 0.22495 1.00173 0.224174 0.966314 0.176322 0.969627 0.177098 1.00505
0 0.285733 0.791142 0.288897 0.771431 0.275634 0.764704 0.272471 0.784416
0 0.439775 0.349918 0.442651 0.327485 0.423702 0.319807 0.420826 0.342239
0 0.397434 0.754123 0.399076 0.728981 0.384148 0.725898 0.382505 0.75104
0 0.51086 0.848119 0.512901 0.821485 0.499835 0.818321 0.497795 0.844955
0 0.0688052 0.877383 0.0761051 0.855526 0.0673934 0.84633 0.0600935 0.868188
0 0.518761 0.807228 0.529401 0.785001 0.512362 0.759221 0.501721 0.781447
0 0.59167 0.899919 0.603901 0.86218 0.589671 0.847604 0.57744 0.885343
0 0.578276 0.917339 0.586471 0.893599 0.56825 0.873719 0.560054 0.897459
0 0.486979 0.740024 0.504421 0.692997 0.486078 0.671495 0.468636 0.718521
0 0.740074 0.725017 0.742598 0.704885 0.728296 0.699218 0.725772 0.719351
0 0.269838 0.98934 0.277394 0.964117 0.267548 0.954794 0.259992 0.980017
0 0.938024 0.730534 0.943278 0.715457 0.927163 0.697707 0.921909 0.712784
0 0.884613 0.723347 0.88347 0.695399 0.852744 0.699371 0.853888 0.727319
0 0.478021 0.794019 0.481708 0.77057 0.468437 0.763974 0.464749 0.787423
0 0.0482116 0.97482 0.0531631 0.953213 0.0416938 0.944906 0.0367423 0.966513
0 0.444526 0.378231 0.44413 0.344014 0.418036 0.344968 0.418432 0.379185
0 0.116613 0.861361 0.123766 0.830178 0.112826 0.822245 0.105672 0.853429
0 0.224012 0.387308 0.226117 0.349339 0.204422 0.345539 0.202318 0.383508
0 0.65402 0.606271 0.656787 0.58129 0.64217 0.576172 0.639403 0.601153
0 0.456337 0.920964 0.456157 0.862472 0.437478 0.862654 0.437658 0.921145
0 0.333515 0.811562 0.336602 0.790302 0.324879 0.784923 0.321792 0.806183
0 0.519986 0.841736 0.523916 0.820541 0.513994 0.814728 0.510065 0.835923
0 0.529838 0.826703 0.531551 0.80679 0.520439 0.803768 0.518726 0.823681
0 0.67135 0.634277 0.67619 0.612583 0.665724 0.605203 0.660884 0.626897
0 0.499039 0.811977 0.504253 0.791543 0.494236 0.783464 0.489022 0.803898
0 0.596462 0.914239 0.607731 0.883386 0.597761 0.871877 0.586492 0.902729
0 0.319394 0.867537 0.328918 0.841545 0.316654 0.827342 0.30713 0.853334
0 0.289542 0.915265 0.298726 0.880357 0.286598 0.870272 0.277414 0.90518
0 0.290481 1.00545 0.292539 0.980898 0.278506 0.977181 0.276448 1.00173
0 0.599152 0.653129 0.601418 0.636662 0.590817 0.632051 0.58855 0.648517
0 0.57293 0.850788 0.575325 0.82831 0.56476 0.824751 0.562365 0.847229
0 0.706745 0.575145 0.714984 0.551525 0.703916 0.539325 0.695678 0.562945
0 0.535859 0.864043 0.535947 0.836023 0.511849 0.835782 0.511761 0.863802
0 0.701651 0.817838 0.703995 0.797422 0.691308 0.79282 0.688964 0.813235
0 0.755827 0.689944 0.75931 0.662698 0.746218 0.657408 0.742734 0.684654
0 0.374469 0.836437 0.37815 0.816233 0.36552 0.808959 0.361839 0.829162
0 0.0567047 0.932079 0.0633336 0.909657 0.05503 0.901898 0.0484011 0.92432
0 0.441127 0.759555 0.447001 0.727761 0.43417 0.72027 0.428296 0.752064
0 0.0450251 1.00195 0.0437496 0.98315 0.0225729 0.98769 0.0238484 1.00649
0 0.876215 0.635612 0.873938 0.605931 0.852624 0.611098 0.8549 0.640778
0 0.127897 0.438714 0.134834 0.369738 0.0794788 0.35214 0.0725409 0.421116
0 0.538365 0.836896 0.541593 0.814684 0.530723 0.809691 0.527494 0.831903
0 0.491768 0.839965 0.494139 0.818452 0.482871 0.814528 0.4805 0.83604
0 0.607959 0.587743 0.616234 0.559947 0.606087 0.550401 0.597813 0.578197
0 0.0747633 1.00212 0.0880919 0.978186 0.079308 0.962726 0.0659793 0.98666
0 0.420043 0.38508 0.420496 0.364569 0.399508 0.363104 0.399055 0.383614
0 0.42426 0.991099 0.43006 0.963985 0.41859 0.95623 0.41279 0.983344
0 0.286883 0.935612 0.297461 0.894392 0.284935 0.884232 0.274357 0.925452
0 0.250813 0.745389 0.251297 0.727267 0.237524 0.726104 0.23704 0.744226
0 0.42769 0.735561 0.433213 0.710328 0.416303 0.69863 0.41078 0.723863
0 0.613316 0.766043 0.617348 0.722337 0.593822 0.715478 0.58979 0.759183
0 0.740665 0.820452 0.7537 0.786866 0.741953 0.772459 0.728919 0.806045
0 0.128721 0.992103 0.138243 0.951081 0.110877 0.931006 0.101356 0.972028
0 0.383323 0.766569 0.384525 0.743556 0.373203 0.741687 0.372001 0.764701
0 0.913957 0.787504 0.918624 0.769824 0.901878 0.755853 0.897211 0.773532
0 0.382525 0.573077 0.407812 0.506409 0.383334 0.477066 0.358047 0.543733
0 0.639312 0.531198 0.641749 0.510728 0.628073 0.505581 0.625636 0.526051
0 0.876319 0.576926 0.878672 0.554788 0.864322 0.549968 0.861969 0.572107
0 0.939014 0.761611 0.941989 0.741837 0.924437 0.733489 0.921461 0.753263
0 0.447215 0.855158 0.450846 0.829214 0.439503 0.824197 0.435872 0.850141
0 0.559857 0.838337 0.560527 0.818383 0.549235 0.817186 0.548566 0.83714
0 0.593453 0.63365 0.594634 0.614492 0.57953 0.611548 0.578348 0.630706
0 0.377215 0.782003 0.378398 0.760475 0.366038 0.75833 0.364856 0.779858
0 0.550778 0.819446 0.554708 0.799072 0.543508 0.792245 0.539578 0.812619
0 0.207422 0.565819 0.207974 0.543936 0.195118 0.542911 0.194567 0.564794
0 0.612938 0.840637 0.621897 0.812618 0.610674 0.801277 0.601715 0.829297
0 0.660062 0.67255 0.661016 0.65446 0.649129 0.652477 0.648174 0.670568
0 0.221532 0.116192 0.241692 0.106801 0.22463 -0.00894911 0.20447 0.00044254
0 0.611549 0.577767 0.618521 0.548054 0.607533 0.539905 0.600561 0.569619
0 0.356122 0.914847 0.378674 0.901301 0.367913 0.844679 0.345361 0.858225
0 0.119654 1.0113 0.144538 0.991332 0.137741 0.964555 0.112857 0.98452
0 0.522563 0.875995 0.523879 0.853431 0.50112 0.849236 0.499804 0.8718
0 0.547784 0.839588 0.549506 0.819491 0.537886 0.816344 0.536164 0.836441
0 0.114658 0.753272 0.115607 0.703449 0.089478 0.701875 0.0885281 0.751698
0 0.911847 0.703645 0.913896 0.683889 0.891836 0.676655 0.889786 0.696411
0 0.20752 0.399059 0.210507 0.375316 0.191023 0.367569 0.188036 0.391312
0 0.414117 1.00175 0.41362 0.978508 0.400317 0.979407 0.400814 1.00265
0 0.462426 0.921397 0.4653 0.871874 0.448625 0.868815 0.445751 0.918339
0 0.818683 0.434058 0.841524 0.403978 0.831561 0.380067 0.80872 0.410147
0 0.381388 0.7382 0.382158 0.715044 0.368824 0.713643 0.368054 0.736799
0 0.0393778 0.940197 0.0508473 0.917885 0.0431623 0.9054 0.0316929 0.927712
0 0.751334 0.655402 0.755479 0.636142 0.740699 0.62609 0.736554 0.64535
0 0.49863 0.167353 0.498843 0.127218 0.479021 0.126886 0.478809 0.167021
0 0.297583 0.875287 0.302895 0.848819 0.289617 0.840397 0.284305 0.866865
0 0.424733 0.7813 0.430793 0.75437 0.416461 0.744177 0.410401 0.771106
0 0.382261 0.711163 0.384966 0.681267 0.369656 0.676889 0.366951 0.706785
0 0.300616 0.776242 0.302996 0.754789 0.290651 0.750461 0.288271 0.771915
0 0.608321 0.926559 0.618851 0.892042 0.602707 0.876477 0.592177 0.910994
0 0.773888 0.50449 0.776736 0.481077 0.763986 0.476175 0.761138 0.499587
0 0.962072 0.847393 0.970935 0.827831 0.955714 0.806037 0.946851 0.825599
0 0.531983 1.00121 0.533799 0.97456 0.517279 0.971001 0.515463 0.997647
0 0.89109 0.573346 0.892643 0.552471 0.878742 0.549204 0.877189 0.570079
0 0.656462 0.772205 0.661937 0.753858 0.652003 0.74449 0.646528 0.762838
0 0.0596906 0.879883 0.0630664 0.863401 0.0543729 0.857774 0.0509971 0.874256
0 0.223335 0.867621 0.228117 0.839019 0.216265 0.832756 0.211483 0.861357
0 0.734761 0.670872 0.740721 0.622665 0.711832 0.611377 0.705872 0.659584
0 0.868993 0.81826 0.869527 0.752163 0.826855 0.751074 0.826321 0.817171
