0 0.0299134 0.849545 0.034697 0.791581 0.00134267 0.782882 -0.00344096 0.840846
0 0.561629 0.923177 0.570022 0.902279 0.553209 0.880937 0.544816 0.901835
0 0.357301 0.717111 0.426256 0.620163 0.383549 0.52416 0.314593 0.621108
0 0.181397 1.00798 0.19439 0.961226 0.173714 0.943068 0.160721 0.989827
0 0.585545 0.831461 0.587666 0.806994 0.573465 0.803105 0.571344 0.827572
0 0.0117179 0.967405 0.0634299 0.925779 0.0481481 0.865779 -0.00356392 0.907405
0 0.11267 0.5859 0.11335 0.562295 0.0960865 0.560724 0.0954068 0.584329
0 0.525179 0.986591 0.538403 0.945907 0.51181 0.918588 0.498586 0.959272
0 0.135588 0.610322 0.157743 0.577882 0.145226 0.550864 0.12307 0.583304
0 0.10845 0.856723 0.123105 0.835227 0.113383 0.814277 0.0987272 0.835773
0 0.581007 1.00027 0.584774 0.972794 0.563009 0.963359 0.559241 0.99083
0 0.77654 1.04116 0.83556 0.947853 0.762137 0.80107 0.703117 0.894376
0 0.188836 0.959674 0.190407 0.931466 0.170213 0.92791 0.168642 0.956118
0 0.130018 1.01637 0.17081 0.987042 0.159332 0.936581 0.11854 0.965906
0 0.267292 0.999654 0.281111 0.974341 0.27193 0.958501 0.258111 0.983814
0 0.983303 1.06331 1.01339 0.863921 0.810274 0.76706 0.780189 0.966445
0 0.28612 0.697352 0.289708 0.673278 0.27379 0.66578 0.270201 0.689854
0 0.193164 1.02103 0.232141 0.981776 0.218219 0.938083 0.179242 0.977334
0 0.0748377 0.772609 0.0738119 0.74253 0.0409355 0.746073 0.0419614 0.776153
0 0.611905 1.00022 0.613469 0.969334 0.598545 0.966946 0.596981 0.997837
0 0.420213 0.936649 0.421807 0.916673 0.409805 0.913646 0.40821 0.933621
0 0.149459 0.81825 0.153795 0.792817 0.141003 0.785925 0.136667 0.811358
0 0.178712 0.875058 0.216155 0.832463 0.206218 0.804853 0.168775 0.847448
0 0.143513 0.908157 0.153449 0.897551 0.142368 0.864746 0.132433 0.875352
0 0.24451 0.725366 0.253706 0.695959 0.242818 0.685198 0.233622 0.714605
0 0.42915 0.999233 0.425382 0.954977 0.391558 0.964079 0.395326 1.00833
0 0.159071 0.868697 0.166178 0.824052 0.148131 0.814972 0.141024 0.859617
0 0.23226 0.97646 0.242304 0.951717 0.232363 0.938963 0.222319 0.963707
0 0.193077 0.935518 0.203556 0.909075 0.192957 0.895801 0.182478 0.922244
0 0.29008 0.725308 0.298259 0.713145 0.287062 0.68935 0.278883 0.701514
0 0.0681328 0.95255 0.112391 0.896511 0.087473 0.834314 0.0432148 0.890352
0 0.159974 0.811777 0.180195 0.782658 0.169478 0.759138 0.149257 0.788257
0 0.311082 0.777982 0.312198 0.75211 0.295857 0.749883 0.294741 0.775756
0 0.241397 0.919761 0.260539 0.849449 0.229759 0.822965 0.210617 0.893277
0 0.460348 0.845302 0.466194 0.806767 0.453971 0.800907 0.448125 0.839442
0 0.561885 0.987668 0.577206 0.950784 0.561282 0.929879 0.545961 0.966763
0 0.237419 0.931481 0.240484 0.909415 0.227102 0.90354 0.224037 0.925606
0 0.0804031 0.682052 0.0955743 0.624222 0.0735352 0.605949 0.0583641 0.663779
0 0.120988 0.620648 0.119253 0.599032 0.102318 0.603327 0.104053 0.624944
0 0.342713 0.860688 0.347569 0.838904 0.33626 0.830936 0.331404 0.85272
0 0.0353853 0.600775 0.0325126 0.566633 0.00753266 0.573275 0.0104054 0.607418
0 0.267845 0.658582 0.270184 0.635649 0.255779 0.631006 0.25344 0.653938
0 0.278555 0.967148 0.289019 0.935007 0.277154 0.922799 0.26669 0.95494
0 0.0240098 0.886254 0.0419932 0.867282 0.035382 0.847476 0.0173986 0.866448
0 0.225851 0.809334 0.227197 0.791375 0.2152 0.788532 0.213853 0.806491
0 0.0493275 1.0138 0.0706179 0.982993 0.061207 0.962436 0.0399165 0.993239
0 0.159589 0.901618 0.175774 0.883859 0.168886 0.864021 0.152702 0.881781
0 0.32638 0.976938 0.34128 0.949628 0.332726 0.934879 0.317827 0.96219
0 0.0506255 0.98899 0.0616359 0.938314 0.0467352 0.928082 0.0357248 0.978759
0 0.295858 0.606775 0.299779 0.58669 0.286484 0.578488 0.282563 0.598573
0 0.432659 0.96907 0.433248 0.944689 0.419235 0.943619 0.418645 0.968
0 0.0214453 0.91224 0.0209882 0.867039 -0.00397443 0.867837 -0.00351735 0.913038
0 0.332774 0.88059 0.339911 0.862713 0.331352 0.851914 0.324216 0.869792
0 0.201416 0.955026 0.207183 0.930367 0.194519 0.921007 0.188752 0.945666
0 0.394696 1.00654 0.39564 0.979682 0.376621 0.97757 0.375677 1.00443
0 0.22933 0.957368 0.239411 0.932523 0.228752 0.918855 0.218671 0.9437
0 0.345886 0.88091 0.352106 0.860046 0.34274 0.851221 0.33652 0.872085
0 0.210898 0.863124 0.235648 0.843624 0.229012 0.817002 0.204262 0.836502
0 0.102366 0.335988 0.119584 0.318878 0.105108 0.272839 0.0878903 0.289948
0 0.177626 0.327086 0.198744 0.220871 0.122674 0.17307 0.101556 0.279286
0 0.223989 0.836604 0.244722 0.81728 0.238854 0.797382 0.218121 0.816706
0 0.0798329 0.798605 0.0824114 0.773261 0.0649003 0.767631 0.0623218 0.792974
0 0.233319 0.798561 0.235771 0.777601 0.222442 0.772673 0.21999 0.793633
0 0.105768 0.609576 0.105746 0.587613 0.088433 0.587668 0.0884551 0.609631
0 0.171752 0.860018 0.18377 0.829687 0.170454 0.813012 0.158436 0.843344
0 0.246472 0.783254 0.249906 0.751813 0.232807 0.745912 0.229374 0.777353
0 0.359887 0.894448 0.361109 0.872246 0.349273 0.870187 0.348051 0.892389
0 0.27927 0.938245 0.291834 0.913927 0.281464 0.896996 0.268901 0.921314
0 0.322022 0.953554 0.336921 0.916489 0.315379 0.889122 0.30048 0.926188
0 0.612768 0.971354 0.616481 0.937271 0.597683 0.930798 0.59397 0.964881
0 0.223073 0.749359 0.224146 0.732005 0.211972 0.729625 0.210898 0.746979
0 0.0709137 1.01449 0.113187 0.981637 0.105617 0.950851 0.0633441 0.983702
0 0.150874 0.931018 0.156128 0.905507 0.143537 0.89731 0.138282 0.922822
0 0.471299 0.813849 0.487172 0.788016 0.477166 0.768587 0.461294 0.79442
0 0.203199 0.895306 0.21455 0.86254 0.197298 0.843654 0.185948 0.87642
0 0.0726012 0.720444 0.102066 0.704413 0.096829 0.673989 0.067364 0.690019
0 0.613795 0.837423 0.630603 0.811962 0.6083 0.765431 0.591493 0.790892
0 0.256725 0.76545 0.2611 0.744804 0.252231 0.738864 0.247855 0.75951
0 0.13262 0.57379 0.135206 0.551931 0.123377 0.547507 0.12079 0.569366
0 0.289213 0.761378 0.290729 0.725308 0.268947 0.722414 0.267431 0.758485
0 0.143788 0.863627 0.1475 0.834952 0.132377 0.828766 0.128666 0.857441
0 0.207506 0.805612 0.21151 0.782659 0.19591 0.77406 0.191907 0.797012
0 0.143215 0.78021 0.151012 0.757258 0.141195 0.746719 0.133398 0.769671
0 0.141666 0.626651 0.14491 0.607859 0.134732 0.602306 0.131488 0.621098
0 0.212959 0.765375 0.214314 0.748342 0.203436 0.745607 0.202081 0.762641
0 0.163044 0.927345 0.17649 0.900549 0.168115 0.887267 0.154669 0.914064
0 0.0652144 0.835435 0.0730506 0.795071 0.0556489 0.784394 0.0478127 0.824758
0 0.147659 0.836731 0.149044 0.813771 0.135783 0.811244 0.134399 0.834204
0 0.125656 0.552655 0.126459 0.532341 0.113007 0.53066 0.112204 0.550973
0 0.386277 0.949083 0.387976 0.931548 0.376214 0.927947 0.374515 0.945482
0 0.347545 0.988683 0.354181 0.969958 0.33805 0.951889 0.331414 0.970614
0 0.306447 1.00493 0.315628 0.969709 0.304945 0.960908 0.295764 0.996131
0 0.166587 0.713103 0.178109 0.688667 0.169168 0.675343 0.157646 0.69978
0 0.531432 0.920895 0.536854 0.894902 0.52415 0.886527 0.518728 0.91252
0 0.570131 0.945971 0.568022 0.910449 0.540724 0.915572 0.542834 0.951094
0 0.16113 0.848819 0.165552 0.8167 0.150426 0.810119 0.146004 0.842237
0 0.0650301 0.852042 0.0770291 0.830549 0.0679089 0.814457 0.0559099 0.835951
0 0.295663 0.969335 0.310799 0.927051 0.294757 0.908902 0.279621 0.951187
0 0.160309 0.771867 0.165752 0.751225 0.155617 0.74278 0.150174 0.763421
0 0.178925 0.76818 0.186727 0.746241 0.178149 0.736599 0.170347 0.758539
0 0.564283 1.00844 0.56706 0.986835 0.549601 0.979742 0.546824 1.00134
0 0.544889 0.903066 0.547047 0.883897 0.53732 0.880436 0.535162 0.899605
0 0.173841 0.657133 0.175444 0.635599 0.164373 0.632995 0.16277 0.654529
0 0.196068 0.763814 0.197381 0.746023 0.187511 0.74372 0.186198 0.761511
0 0.226008 0.770577 0.228844 0.749033 0.218272 0.744636 0.215436 0.76618
0 0.335237 0.993624 0.341326 0.973455 0.33048 0.963105 0.32439 0.983274
0 0.105828 0.709237 0.112245 0.68911 0.103057 0.679852 0.0966404 0.699979
0 0.33911 0.944419 0.342104 0.923034 0.33069 0.917983 0.327696 0.939368
0 0.288654 0.653716 0.293017 0.634209 0.282462 0.626748 0.278099 0.646255
0 0.00974712 0.808218 0.0297999 0.779558 0.0182747 0.754072 -0.00177808 0.782732
0 0.241305 0.992796 0.248036 0.963931 0.237434 0.956116 0.230702 0.984982
0 0.186314 0.785651 0.188915 0.767877 0.178561 0.763088 0.17596 0.780862
0 0.134854 0.949649 0.136039 0.928585 0.122185 0.926123 0.121001 0.947187
0 0.161452 0.750907 0.171304 0.724868 0.16145 0.713084 0.151598 0.739123
0 0.0960419 0.587728 0.0968053 0.569851 0.0844216 0.56818 0.0836581 0.586057
0 0.143744 0.681508 0.151397 0.665009 0.144192 0.654447 0.136539 0.670946
0 1.00243 0.747309 1.00587 0.659537 0.955082 0.653259 0.951649 0.74103
0 0.596098 0.99255 0.598359 0.97215 0.586903 0.968136 0.584642 0.988537
0 0.252966 0.997048 0.266082 0.96963 0.255652 0.953862 0.242536 0.98128
0 0.034635 0.618854 0.0446307 0.597673 0.0356921 0.584341 0.0256964 0.605523
0 0.26221 0.932692 0.274425 0.916949 0.267655 0.90035 0.25544 0.916094
0 0.219258 0.949171 0.220264 0.922955 0.205327 0.921143 0.204322 0.94736
0 0.107527 0.562701 0.108574 0.546828 0.0964135 0.544293 0.0953665 0.560165
0 0.514276 0.932158 0.519464 0.915577 0.507023 0.903276 0.501836 0.919857
0 0.473994 0.75922 0.475443 0.734475 0.461934 0.731975 0.460485 0.75672
0 0.441374 0.979433 0.446557 0.958188 0.43468 0.94903 0.429497 0.970275
0 0.61496 0.92197 0.620579 0.892991 0.605425 0.883704 0.599806 0.912683
0 0.0514353 0.866274 0.0563381 0.83625 0.0414349 0.828559 0.0365321 0.858583
0 0.570417 0.766278 0.577973 0.746186 0.569026 0.735553 0.561471 0.755645
0 0.0960978 0.755232 0.0956704 0.737656 0.0790047 0.738937 0.0794322 0.756513
0 0.128162 0.829961 0.130461 0.809345 0.116901 0.804564 0.114602 0.825181
0 0.0348692 0.638688 0.0398167 0.619533 0.0310398 0.612368 0.0260923 0.631523
0 0.0174019 1.00715 0.045172 0.972354 0.0336881 0.943389 0.00591801 0.978188
0 0.388824 0.973067 0.391301 0.952341 0.379378 0.947838 0.376901 0.968565
0 0.144289 0.794898 0.147406 0.773956 0.135485 0.768348 0.132368 0.78929
0 0.0668028 0.642951 0.069597 0.613803 0.0541537 0.609124 0.0513594 0.638272
0 0.640186 0.597041 0.625183 0.516809 0.59573 0.534215 0.610733 0.614447
0 0.236757 0.829127 0.23948 0.803407 0.22207 0.797583 0.219348 0.823303
0 0.108666 0.968486 0.11604 0.942482 0.102426 0.930282 0.0950523 0.956286
0 0.194267 0.628552 0.191414 0.600081 0.170374 0.606744 0.173228 0.635215
0 0.200194 0.722515 0.200062 0.704982 0.187626 0.705278 0.187758 0.722811
0 0.270201 0.72237 0.272007 0.70342 0.263518 0.700864 0.261712 0.719813
0 0.316743 0.758781 0.319586 0.740553 0.309459 0.73556 0.306616 0.753788
0 0.239417 1.00884 0.241457 0.98513 0.225834 0.98088 0.223794 1.00459
0 0.267651 0.960612 0.276039 0.928878 0.261333 0.916592 0.252945 0.948326
0 0.259735 1.00974 0.267037 0.988454 0.25621 0.976716 0.248909 0.998
0 0.324454 0.897507 0.326735 0.877876 0.313519 0.873023 0.311238 0.892655
0 0.129393 0.93502 0.140521 0.911389 0.130893 0.897059 0.119764 0.92069
0 0.545134 0.973788 0.546863 0.946638 0.534257 0.9441 0.532528 0.97125
0 0.114952 0.580244 0.116383 0.559504 0.100473 0.556035 0.0990418 0.576775
0 0.199147 0.821179 0.200651 0.798899 0.185264 0.795616 0.18376 0.817896
0 0.150051 0.564516 0.152591 0.54947 0.143495 0.544616 0.140954 0.559662
0 0.304955 0.805961 0.304211 0.765985 0.278418 0.767502 0.279163 0.807479
0 0.0977719 0.852049 0.102813 0.826801 0.0859027 0.816131 0.0808618 0.841379
0 0.0612163 0.981095 0.0680944 0.948217 0.0568526 0.940784 0.0499745 0.973662
0 0.556719 0.790027 0.558446 0.766436 0.546868 0.763757 0.545141 0.787348
0 0.522116 0.905748 0.528045 0.88187 0.517664 0.873723 0.511735 0.897601
0 0.234369 0.739461 0.235683 0.724445 0.226974 0.722036 0.225659 0.737052
0 0.321792 0.642564 0.323231 0.621844 0.309009 0.618723 0.30757 0.639443
0 0.256622 0.747312 0.258173 0.72865 0.246755 0.72565 0.245203 0.744312
0 0.477983 0.826463 0.490059 0.806764 0.480314 0.787884 0.468238 0.807583
0 0.53525 0.872963 0.537158 0.852903 0.523489 0.848795 0.521581 0.868855
0 0.190551 0.90182 0.211121 0.875316 0.199126 0.845893 0.178556 0.872397
0 0.249482 0.943537 0.258122 0.910484 0.245947 0.900426 0.237307 0.933479
0 0.333762 0.575553 0.338167 0.551661 0.32941 0.546558 0.325005 0.57045
0 0.258633 0.733334 0.261634 0.711295 0.250119 0.706338 0.247117 0.728377
0 0.171803 0.942496 0.173956 0.921736 0.162204 0.917885 0.160051 0.938645
0 0.443753 0.659298 0.443559 0.636364 0.431803 0.636678 0.431996 0.659612
0 0.310345 0.737491 0.311469 0.721852 0.300925 0.719458 0.299802 0.735097
0 0.447545 0.792034 0.450137 0.775181 0.439223 0.769877 0.436631 0.786729
0 0.265098 0.7586 0.270732 0.742791 0.262614 0.733646 0.256979 0.749455
0 0.319416 0.968396 0.322556 0.943883 0.312046 0.939628 0.308906 0.964141
0 0.241687 0.804277 0.244636 0.787004 0.233677 0.781091 0.230728 0.798364
0 0.0409988 0.810396 0.0451136 0.787149 0.0317616 0.779679 0.0276468 0.802926
0 0.294464 0.919338 0.302014 0.897943 0.29306 0.887956 0.285509 0.909351
0 0.20887 0.660975 0.209791 0.643434 0.199714 0.641763 0.198794 0.659304
0 0.473764 0.828511 0.476554 0.808191 0.465323 0.803318 0.462533 0.823638
0 0.096573 0.606613 0.0953874 0.58301 0.0729665 0.586569 0.074152 0.610172
0 0.3557 0.712893 0.368408 0.687185 0.35898 0.672455 0.346272 0.698163
0 0.129885 0.871826 0.136533 0.841287 0.11739 0.828116 0.110742 0.858656
0 0.588132 0.963028 0.591718 0.933207 0.574498 0.926661 0.570912 0.956483
0 0.0861227 0.613846 0.0851973 0.58952 0.0658619 0.591844 0.0667873 0.61617
0 0.181078 0.677879 0.188309 0.649876 0.178587 0.64194 0.171355 0.669943
0 0.455486 0.812497 0.460826 0.786782 0.45028 0.77986 0.444939 0.805575
0 0.333075 0.851058 0.33687 0.830469 0.328496 0.825592 0.324702 0.846181
0 0.224162 0.926048 0.225046 0.90178 0.211855 0.900262 0.210972 0.92453
0 0.576487 0.900141 0.581467 0.875025 0.568851 0.867119 0.563871 0.892235
0 0.284524 0.838414 0.285957 0.784222 0.254064 0.781557 0.252631 0.835748
0 0.574998 0.785056 0.576098 0.770437 0.56706 0.768286 0.565959 0.782905
0 0.234133 0.827348 0.242029 0.802898 0.230197 0.790821 0.222301 0.81527
0 0.323884 0.98451 0.326603 0.965425 0.316644 0.960941 0.313925 0.980025
0 0.183558 0.919018 0.189834 0.896945 0.180499 0.888556 0.174223 0.910629
0 0.12483 0.889625 0.129811 0.866368 0.117354 0.857937 0.112373 0.881193
0 0.154673 0.733253 0.160528 0.710455 0.149977 0.701891 0.144122 0.724688
0 0.00861763 0.861775 0.0102104 0.832315 -0.00246796 0.830149 -0.00406077 0.859609
0 0.488966 0.805086 0.496578 0.789219 0.489373 0.778295 0.481761 0.794163
0 0.179093 0.632739 0.179061 0.615134 0.165835 0.61521 0.165867 0.632815
0 0.030988 0.861933 0.0430011 0.83625 0.0342903 0.823373 0.0222772 0.849056
0 0.060913 0.800054 0.0637639 0.770679 0.048025 0.765851 0.0451741 0.795227
0 0.131939 0.782175 0.13394 0.764198 0.123001 0.760349 0.121 0.778326
0 0.363389 1.00392 0.364039 0.981879 0.348801 0.980459 0.348151 1.0025
0 0.220715 0.788868 0.221604 0.772726 0.213642 0.77134 0.212752 0.787482
0 0.295604 0.99864 0.306029 0.969949 0.296384 0.958872 0.285959 0.987563
0 0.0608778 0.61584 0.0664275 0.594859 0.05677 0.586785 0.0512203 0.607766
0 0.173033 0.822762 0.178659 0.799789 0.167194 0.790914 0.161567 0.813887
0 0.582708 0.916629 0.585452 0.892708 0.574294 0.888664 0.571551 0.912585
0 0.38795 0.519423 0.390474 0.503907 0.378516 0.497758 0.375992 0.513275
0 0.0176118 1.01628 0.0476146 0.999167 0.0424742 0.970682 0.0124713 0.987795
0 0.537991 0.9492 0.542407 0.926169 0.530825 0.919151 0.52641 0.942183
0 0.421004 0.588364 0.426545 0.571664 0.41969 0.564476 0.414149 0.581177
0 0.0160331 0.872846 0.0168062 0.846839 -8.75284e-05 0.845252 -0.000860539 0.871259
0 0.384419 0.542615 0.386062 0.525988 0.374104 0.522251 0.37246 0.538878
0 0.374957 0.99283 0.383869 0.971272 0.366717 0.948861 0.357804 0.970418
0 0.411089 0.965339 0.414148 0.946489 0.402267 0.940394 0.399208 0.959245
0 0.447327 0.585801 0.449959 0.558747 0.433339 0.553637 0.430707 0.580691
0 0.338317 0.76141 0.339539 0.735205 0.32426 0.732952 0.323038 0.759157
0 0.120517 0.624773 0.124933 0.601884 0.112538 0.594325 0.108122 0.617215
0 0.122198 0.534358 0.122006 0.514592 0.107564 0.515036 0.107757 0.534802
0 0.258192 0.676617 0.262845 0.660621 0.255243 0.653631 0.25059 0.669628
0 0.157209 0.883672 0.162229 0.862433 0.152794 0.855385 0.147774 0.876625
0 0.390341 0.529853 0.393837 0.515716 0.383873 0.50793 0.380378 0.522067
0 0.560374 0.869753 0.56198 0.848506 0.55007 0.84566 0.548464 0.866907
0 0.249957 0.972638 0.255006 0.94782 0.244137 0.940831 0.239088 0.965649
0 0.0174207 0.761938 0.0253546 0.742287 0.0150936 0.729194 0.0071597 0.748845
0 0.219354 0.836384 0.230657 0.817974 0.223468 0.804022 0.212164 0.822432
0 0.356889 0.573491 0.361493 0.539738 0.346564 0.533302 0.34196 0.567055
0 0.122807 0.976035 0.126429 0.949862 0.111022 0.943123 0.1074 0.969296
0 0.283594 0.850884 0.293366 0.832052 0.285894 0.819796 0.276121 0.838627
0 0.527266 0.710652 0.525918 0.686128 0.508712 0.689117 0.510061 0.713642
0 0.1773 0.734303 0.179369 0.716864 0.169852 0.713295 0.167783 0.730735
0 0.0450285 0.651885 0.0488126 0.631376 0.0397387 0.626085 0.0359547 0.646594
0 0.482314 0.728641 0.48504 0.708098 0.472828 0.702977 0.470102 0.72352
0 0.0627075 0.717771 0.0804003 0.700117 0.0743595 0.680983 0.0566667 0.698638
0 0.252346 0.791177 0.255515 0.769646 0.243891 0.764239 0.240723 0.78577
0 0.0623188 0.691223 0.0652652 0.656219 0.041835 0.649986 0.0388886 0.68499
0 0.0686005 0.961386 0.100194 0.917513 0.0834701 0.879451 0.0518768 0.923324
0 0.195822 0.576053 0.198083 0.559728 0.185444 0.554196 0.183183 0.570521
0 0.623946 1.00562 0.63384 0.98798 0.618282 0.960402 0.608388 0.978043
0 0.241768 0.753435 0.243881 0.737147 0.232418 0.732445 0.230304 0.748734
0 0.298086 0.268215 0.306255 0.206141 0.267111 0.18986 0.258942 0.251934
0 0.538564 0.812992 0.539067 0.796072 0.528467 0.795075 0.527964 0.811994
0 0.331203 0.791585 0.337057 0.768087 0.329439 0.762089 0.323585 0.785587
0 0.263285 0.712691 0.266367 0.694956 0.257056 0.689843 0.253975 0.707578
0 0.167426 0.740872 0.17672 0.715977 0.166643 0.704088 0.157349 0.728983
0 0.312544 0.590597 0.31447 0.574297 0.3048 0.570686 0.302874 0.586986
0 0.169182 0.967558 0.173208 0.939088 0.157069 0.931875 0.153043 0.960344
0 0.188284 0.745945 0.191269 0.72751 0.181812 0.722671 0.178827 0.741105
0 0.410659 0.92493 0.412259 0.90723 0.403499 0.904727 0.401899 0.922426
0 0.277902 0.916152 0.289703 0.893456 0.279532 0.876741 0.267731 0.899438
0 0.158283 0.79861 0.172383 0.771899 0.162036 0.754637 0.147936 0.781348
0 0.357271 0.593006 0.382875 0.565967 0.374449 0.540749 0.348844 0.567789
0 0.469726 0.925606 0.478861 0.908737 0.465719 0.886248 0.456585 0.903116
0 0.0909905 0.835485 0.0943866 0.814175 0.0794365 0.806645 0.0760403 0.827955
0 0.569777 0.695623 0.571312 0.677968 0.559314 0.674671 0.557779 0.692326
0 0.191692 0.800625 0.192998 0.782195 0.180012 0.779287 0.178706 0.797717
0 0.172586 0.612454 0.17324 0.598345 0.164193 0.597022 0.16354 0.61113
0 0.209686 0.720515 0.210314 0.704518 0.202237 0.703516 0.201608 0.719513
0 0.0946219 0.739026 0.0924253 0.706847 0.0724023 0.711167 0.0745988 0.743345
0 0.317369 0.578614 0.320243 0.561992 0.310285 0.556551 0.307411 0.573172
0 0.486061 0.63818 0.49211 0.615792 0.482695 0.607753 0.476646 0.63014
0 0.470317 0.782364 0.473134 0.764253 0.460547 0.758066 0.45773 0.776176
0 0.196924 0.781818 0.198838 0.763353 0.187942 0.759785 0.186028 0.778249
0 0.293442 0.867139 0.299056 0.842325 0.289928 0.835799 0.284315 0.860613
0 0.459597 0.797221 0.46193 0.776717 0.450409 0.772575 0.448076 0.793079
0 0.37471 0.969627 0.379321 0.953924 0.364132 0.939826 0.359521 0.955529
0 0.121178 0.788854 0.121989 0.773701 0.111801 0.771978 0.11099 0.787131
0 0.330741 1.00248 0.32998 0.981065 0.311159 0.983179 0.31192 1.00459
0 0.546378 0.925138 0.552026 0.904363 0.542185 0.895908 0.536537 0.916683
0 0.345262 0.924802 0.348097 0.90401 0.336283 0.89892 0.333449 0.919713
0 0.341832 0.581372 0.347483 0.561376 0.338347 0.553216 0.332696 0.573212
0 0.456334 0.877501 0.459298 0.860874 0.448058 0.854541 0.445094 0.871168
0 0.310877 0.688972 0.314559 0.664412 0.302168 0.658542 0.298486 0.683102
0 0.320338 0.673872 0.32316 0.656242 0.310981 0.650081 0.308159 0.667711
0 0.424525 0.900527 0.426416 0.884425 0.416741 0.880833 0.414849 0.896934
0 0.230161 0.771251 0.23349 0.744772 0.222449 0.740386 0.21912 0.766865
0 0.338346 0.900706 0.340687 0.87928 0.328615 0.875113 0.326275 0.896539
0 0.427536 0.79052 0.428149 0.774306 0.416177 0.772875 0.415564 0.78909
0 0.149798 0.655841 0.1539 0.636429 0.144712 0.630293 0.14061 0.649706
0 0.300095 0.65638 0.302209 0.636905 0.293331 0.633859 0.291217 0.653334
0 0.250988 0.813392 0.253408 0.792159 0.241606 0.787907 0.239185 0.80914
0 0.102133 0.75928 0.102138 0.741688 0.0864849 0.741676 0.0864804 0.759268
0 0.396397 0.965964 0.397852 0.947071 0.387467 0.944542 0.386011 0.963435
0 0.197655 0.590083 0.198486 0.575047 0.188804 0.573355 0.187972 0.588391
0 0.437548 0.946402 0.43967 0.92943 0.429796 0.925526 0.427673 0.942498
0 0.263941 0.955991 0.27122 0.927858 0.257507 0.916646 0.250229 0.944778
0 0.444156 0.72703 0.445582 0.708407 0.432758 0.705304 0.431332 0.723927
0 0.335053 0.607629 0.340359 0.590177 0.331815 0.581967 0.326509 0.599419
0 0.165182 0.442014 0.174555 0.411065 0.165954 0.402833 0.156582 0.433782
0 0.573281 0.933678 0.580872 0.914295 0.568412 0.898872 0.560821 0.918255
0 0.181117 0.89546 0.203494 0.866439 0.194226 0.843854 0.171849 0.872876
0 0.317295 0.892183 0.32066 0.87621 0.309832 0.869 0.306467 0.884974
0 0.00976249 0.700296 0.0190842 0.677868 0.010842 0.667041 0.00152033 0.689469
0 0.15652 0.686713 0.16168 0.665017 0.152606 0.658197 0.147447 0.679893
0 0.342565 0.834251 0.350434 0.812896 0.342999 0.804238 0.335131 0.825594
0 0.298509 0.831162 0.30413 0.802352 0.290323 0.793839 0.284702 0.822649
0 0.433738 0.630883 0.434845 0.609869 0.421519 0.60765 0.420412 0.628664
0 0.346835 0.719132 0.348144 0.704111 0.339118 0.701625 0.337809 0.716646
0 0.537581 0.938694 0.547175 0.913969 0.538088 0.902826 0.528495 0.927551
0 0.180067 0.821439 0.181104 0.799394 0.16737 0.797351 0.166333 0.819396
0 0.248016 0.648464 0.252467 0.623516 0.239411 0.616154 0.23496 0.641101
0 0.116675 0.65705 0.117681 0.624953 0.0924377 0.622452 0.0914317 0.65455
0 0.259915 0.986848 0.270699 0.953841 0.257775 0.940496 0.246991 0.973503
0 0.134331 0.64592 0.135492 0.623899 0.117929 0.620974 0.116769 0.642995
0 0.392107 0.933719 0.394132 0.915567 0.384002 0.911996 0.381977 0.930148
0 0.145675 0.888094 0.152223 0.872697 0.140854 0.857415 0.134306 0.872812
0 0.0514767 0.813238 0.058281 0.782124 0.0469162 0.774269 0.0401119 0.805383
0 0.211255 0.781263 0.212201 0.76221 0.200388 0.760356 0.199442 0.779409
0 0.221169 0.602889 0.222084 0.586662 0.212996 0.585042 0.21208 0.601269
