0 0.513724 1.02666 0.533412 0.935303 0.467257 0.890244 0.447569 0.9816
0 0.584498 0.61218 0.583822 0.558234 0.553437 0.559437 0.554113 0.613383
0 0.438702 0.90378 0.44067 0.853392 0.412439 0.849907 0.410471 0.900294
0 0.986702 1.07896 1.02422 0.86641 0.813961 0.749103 0.776441 0.961651
0 0.456923 0.962692 0.466915 0.927569 0.445511 0.908325 0.435519 0.943447
0 0.428241 0.963321 0.451573 0.907566 0.430792 0.880082 0.40746 0.935836
0 0.713876 0.632984 0.727562 0.594551 0.702863 0.566753 0.689177 0.605187
0 0.545097 0.794542 0.55 0.778067 0.537893 0.766679 0.53299 0.783154
0 0.0845499 0.867686 0.0857042 0.841657 0.0641618 0.838637 0.0630076 0.864667
0 0.0934732 0.816275 0.0926315 0.777459 0.0736746 0.778759 0.0745164 0.817574
0 0.467584 0.805077 0.46468 0.7596 0.438553 0.764873 0.441457 0.81035
0 0.201607 0.785158 0.205738 0.760346 0.187893 0.750956 0.183762 0.775768
0 0.532354 0.893952 0.542029 0.860529 0.527854 0.847561 0.518179 0.880985
0 0.0597568 0.816757 0.0612189 0.789774 0.0430514 0.786663 0.0415894 0.813646
0 0.188266 1.02366 0.235128 0.990016 0.223034 0.936777 0.176172 0.970422
0 0.562938 0.722941 0.560912 0.696352 0.53612 0.702324 0.538147 0.728914
0 0.559533 1.01064 0.575627 0.977945 0.56226 0.957147 0.546167 0.989838
0 0.6245 0.967692 0.626208 0.919528 0.600157 0.916608 0.598449 0.964772
0 0.740762 0.672083 0.735264 0.629693 0.703669 0.642643 0.709167 0.685033
0 0.184467 0.81009 0.19246 0.771753 0.176208 0.761043 0.168215 0.79938
0 0.2161 0.774462 0.218866 0.749116 0.203677 0.743877 0.200911 0.769224
0 0.548226 0.96364 0.548025 0.923779 0.525673 0.924136 0.525874 0.963998
0 0.505269 0.835337 0.501524 0.794818 0.475943 0.80229 0.479688 0.842809
0 0.142408 0.910002 0.158618 0.879147 0.143896 0.854701 0.127686 0.885556
0 0.0646143 0.879869 0.0647269 0.80841 0.00709352 0.808123 0.00698089 0.879582
0 0.336074 0.967751 0.334288 0.943045 0.31333 0.947835 0.315117 0.972541
0 0.251985 0.715027 0.263101 0.672882 0.248713 0.660888 0.237597 0.703034
0 0.427108 0.868066 0.452854 0.853421 0.447635 0.824425 0.421889 0.83907
0 0.237166 0.954683 0.24648 0.822931 0.185782 0.809371 0.176469 0.941123
0 0.63998 0.772751 0.64364 0.745874 0.626218 0.738377 0.622558 0.765253
0 0.136767 0.703374 0.157004 0.677437 0.136853 0.627747 0.116616 0.653684
0 0.303343 1.00642 0.311991 0.966096 0.285972 0.94846 0.277323 0.988786
0 0.470077 0.918825 0.472888 0.850123 0.444592 0.846465 0.441781 0.915166
0 0.467157 0.991312 0.471186 0.945483 0.449374 0.939422 0.445345 0.985251
0 0.540148 0.850579 0.551049 0.813583 0.539307 0.802649 0.528407 0.839645
0 0.514489 0.558094 0.512787 0.516608 0.49573 0.51882 0.497432 0.560305
0 0.646818 0.65349 0.648443 0.627393 0.634368 0.624623 0.632742 0.65072
0 0.234539 0.740906 0.238009 0.712873 0.21291 0.703052 0.209439 0.731086
0 0.607095 0.928754 0.609091 0.884285 0.584612 0.880814 0.582617 0.925283
0 0.78781 1.04778 0.839918 0.963029 0.756915 0.801743 0.704807 0.886497
0 0.124872 0.824407 0.132571 0.780799 0.111595 0.769095 0.103897 0.812703
0 0.0765935 0.809921 0.0808893 0.766155 0.0606625 0.759881 0.0563667 0.803647
0 0.158581 0.914393 0.1649 0.886858 0.15244 0.87782 0.14612 0.905355
0 0.331943 0.994605 0.343138 0.969845 0.332903 0.95522 0.321708 0.97998
0 0.319295 1.0076 0.328098 0.981887 0.316727 0.969584 0.307924 0.995297
0 0.791215 0.435823 0.814638 0.373222 0.786516 0.339965 0.763093 0.402566
0 0.220739 0.622381 0.221728 0.597483 0.209057 0.595893 0.208069 0.620791
0 0.570153 0.902534 0.574613 0.873173 0.559845 0.866083 0.555385 0.895444
0 0.286135 0.94882 0.29113 0.92739 0.279889 0.919109 0.274894 0.940538
0 0.614731 0.755777 0.638594 0.666433 0.596722 0.631088 0.572859 0.720432
0 0.356121 0.432239 0.366874 0.366122 0.326196 0.345213 0.315443 0.41133
0 0.112237 0.835442 0.111712 0.803966 0.0904073 0.805089 0.0909323 0.836565
0 0.559301 0.831254 0.565753 0.816185 0.550719 0.795839 0.544267 0.810909
0 0.0874291 0.845767 0.0865545 0.811263 0.0645962 0.813022 0.0654708 0.847526
0 0.363601 0.943254 0.372846 0.911662 0.360698 0.900426 0.351453 0.932018
0 0.552288 0.923893 0.560986 0.87356 0.539701 0.861935 0.531003 0.912269
0 0.614613 0.996902 0.610622 0.953354 0.566134 0.96624 0.570125 1.00979
0 0.247697 0.741673 0.252403 0.711987 0.237009 0.704274 0.232303 0.73396
0 0.442057 0.974984 0.446214 0.938754 0.425056 0.931082 0.420899 0.967312
0 0.531723 0.936267 0.534472 0.885246 0.50305 0.879896 0.500301 0.930917
0 0.345533 0.954603 0.35075 0.932266 0.338495 0.923218 0.333277 0.945556
0 0.113749 0.325124 0.113025 0.278189 0.0909448 0.279266 0.0916692 0.326201
0 0.318202 0.88203 0.322645 0.852846 0.309326 0.846437 0.304883 0.875622
0 0.482251 0.775208 0.483448 0.743175 0.465077 0.741005 0.46388 0.773039
0 0.439911 1.00055 0.449084 0.970086 0.437337 0.958906 0.428164 0.989369
0 0.0693866 0.770315 0.0785671 0.745583 0.0613909 0.725432 0.0522105 0.750164
0 0.277451 1.00949 0.282045 0.981048 0.265112 0.972404 0.260518 1.00085
0 0.538736 0.806253 0.541461 0.786011 0.530045 0.781155 0.52732 0.801397
0 0.533908 0.70467 0.542561 0.675874 0.53173 0.66559 0.523078 0.694386
0 0.23466 0.59302 0.226884 0.538472 0.190041 0.55507 0.197817 0.609618
0 0.416478 0.924113 0.418874 0.885829 0.399103 0.881918 0.396707 0.920202
0 0.577006 0.70246 0.579902 0.674808 0.562301 0.668981 0.559405 0.696633
0 0.0633605 0.682964 0.0764889 0.65376 0.0643851 0.636563 0.0512567 0.665766
0 0.537465 0.856768 0.546653 0.823888 0.535506 0.814044 0.526319 0.846924
0 0.559399 0.971054 0.56596 0.938975 0.54677 0.92657 0.540209 0.95865
0 0.617027 0.931618 0.630635 0.908571 0.620799 0.890214 0.60719 0.91326
0 0.602781 0.421332 0.604493 0.354402 0.567724 0.351431 0.566013 0.418361
0 0.0387102 0.795118 0.0613193 0.767742 0.0532554 0.746694 0.0306464 0.77407
0 0.0542391 0.808748 0.0722839 0.775986 0.0604091 0.755315 0.0423644 0.788077
0 0.367887 0.858388 0.371487 0.837425 0.363484 0.833081 0.359884 0.854044
0 0.314414 0.995287 0.317341 0.965765 0.305119 0.961935 0.302192 0.991458
0 0.153537 0.840329 0.1508 0.798279 0.121283 0.804352 0.12402 0.846402
0 0.0958666 0.858108 0.0982883 0.828958 0.0829758 0.824937 0.0805541 0.854087
0 0.214035 0.745312 0.216177 0.724302 0.199948 0.719072 0.197805 0.740081
0 0.129571 0.855267 0.127484 0.820873 0.104443 0.825292 0.10653 0.859686
0 0.219515 0.705021 0.224486 0.682823 0.213019 0.674708 0.208048 0.696906
0 0.260217 0.99589 0.265244 0.974801 0.254825 0.966951 0.249798 0.98804
0 0.573453 0.880741 0.579152 0.868162 0.566577 0.850156 0.560878 0.862735
0 0.295915 0.886877 0.305099 0.864198 0.296613 0.853337 0.287429 0.876016
0 0.106907 0.433289 0.118434 0.371919 0.0734935 0.345239 0.0619658 0.406609
0 0.121887 0.922164 0.119847 0.899316 0.102891 0.904102 0.104931 0.926949
0 0.665957 0.416494 0.662842 0.382458 0.635371 0.390404 0.638486 0.42444
0 0.332895 0.872729 0.338856 0.853202 0.329474 0.844149 0.323513 0.863676
0 0.533657 0.829221 0.539357 0.806602 0.529991 0.799143 0.524291 0.821762
0 0.597697 0.975282 0.610555 0.953479 0.594823 0.924155 0.581965 0.945957
0 0.646317 0.898626 0.647654 0.863825 0.629109 0.861573 0.627772 0.896374
0 0.222147 0.752434 0.223946 0.731391 0.20576 0.726476 0.203961 0.74752
0 0.200015 0.755549 0.202224 0.733529 0.186184 0.728443 0.183975 0.750463
0 0.25682 0.936879 0.270533 0.906184 0.261652 0.893643 0.247938 0.924339
0 0.269948 0.984417 0.282601 0.950926 0.268685 0.934309 0.256032 0.9678
0 0.475869 0.85307 0.482141 0.80812 0.458478 0.797684 0.452206 0.842634
0 0.114232 0.885449 0.113533 0.861335 0.0956012 0.862977 0.0962999 0.887091
0 0.385306 0.936147 0.396035 0.91109 0.384975 0.896122 0.374246 0.921179
0 0.558131 0.775619 0.559951 0.747951 0.546603 0.745175 0.544782 0.772843
0 0.408434 0.734987 0.415371 0.685415 0.394259 0.676078 0.387322 0.725649
0 0.698149 0.649766 0.706732 0.619018 0.681709 0.596941 0.673126 0.627689
0 0.461489 0.74715 0.464567 0.725678 0.454071 0.720923 0.450993 0.742394
0 0.127137 0.77943 0.12822 0.738928 0.0962577 0.736226 0.0951745 0.776729
0 0.137805 0.805 0.143714 0.782468 0.130439 0.771464 0.124529 0.793996
0 0.566246 0.802507 0.569149 0.78193 0.557966 0.776942 0.555063 0.79752
0 0.565584 0.783514 0.567309 0.759362 0.554921 0.756566 0.553197 0.780718
0 0.206374 0.72552 0.208438 0.697823 0.195698 0.694822 0.193634 0.722519
0 0.565543 0.757487 0.570107 0.737495 0.558212 0.728913 0.553648 0.748905
0 0.347943 0.968289 0.35459 0.951459 0.346162 0.94094 0.339515 0.95777
0 0.415384 0.977853 0.421435 0.928887 0.395425 0.918728 0.389374 0.967695
0 0.240248 0.715575 0.243249 0.695784 0.230904 0.689868 0.227903 0.709658
0 0.243697 0.609279 0.247297 0.58432 0.236107 0.579219 0.232507 0.604178
0 0.280091 0.879415 0.289764 0.86077 0.28256 0.848958 0.272887 0.867604
0 0.235654 0.688419 0.236507 0.665118 0.224056 0.663678 0.223204 0.68698
0 0.62076 0.785645 0.62675 0.757858 0.612539 0.748175 0.606548 0.775962
0 0.289742 0.972316 0.292415 0.94623 0.280422 0.942347 0.27775 0.968433
0 0.23613 0.771956 0.237835 0.752833 0.227276 0.749856 0.22557 0.76898
0 0.486102 0.808501 0.487287 0.771756 0.465671 0.769552 0.464486 0.806298
0 0.561601 0.876499 0.566445 0.859256 0.55345 0.847718 0.548606 0.864961
0 0.118125 0.903692 0.115625 0.879469 0.0953676 0.886075 0.0978668 0.910298
0 0.27218 0.422895 0.27595 0.394819 0.25276 0.384979 0.24899 0.413055
0 0.422975 1.00393 0.425443 0.969428 0.405296 0.964875 0.402829 0.999372
0 0.734116 0.994802 0.731403 0.91072 0.695234 0.914408 0.697948 0.998491
0 0.460548 1.00729 0.461504 0.986254 0.440939 0.9833 0.439983 1.00434
0 0.318364 0.935337 0.323202 0.917017 0.312588 0.908159 0.30775 0.926479
0 0.356319 0.987792 0.361064 0.965337 0.351286 0.958808 0.346542 0.981264
0 0.564867 0.850628 0.569782 0.836414 0.559851 0.825559 0.554935 0.839773
0 0.192069 0.715012 0.197767 0.697 0.188865 0.688099 0.183166 0.706111
0 0.156224 0.790687 0.16579 0.768093 0.158192 0.757927 0.148626 0.780521
0 0.208634 0.697159 0.210346 0.681395 0.200506 0.678017 0.198794 0.693782
0 0.195223 0.818233 0.197986 0.796318 0.185179 0.791215 0.182416 0.81313
0 0.20078 0.729781 0.205655 0.702739 0.194508 0.696388 0.189634 0.72343
0 0.592757 0.663755 0.603613 0.633621 0.579873 0.606592 0.569017 0.636726
0 0.394805 0.888576 0.396179 0.869368 0.385157 0.866876 0.383783 0.886085
0 0.12275 0.720542 0.13289 0.68055 0.115759 0.666822 0.105619 0.706814
0 0.62697 0.906938 0.632548 0.878998 0.618816 0.870332 0.613237 0.898273
0 0.549466 0.992871 0.555008 0.963679 0.541242 0.955419 0.5357 0.984611
0 0.270608 0.769117 0.275201 0.749683 0.254578 0.734278 0.249985 0.753713
0 0.26567 0.949593 0.275316 0.921817 0.266679 0.912337 0.257033 0.940113
0 0.350495 0.880079 0.353731 0.860712 0.344207 0.855683 0.340971 0.87505
0 0.263207 0.890763 0.266885 0.876385 0.257699 0.868959 0.254021 0.883336
0 0.092197 0.289339 0.0973657 0.252476 0.0743509 0.242277 0.0691821 0.279139
0 0.0600169 0.618697 0.0738609 0.59567 0.0676109 0.583794 0.0537669 0.606821
0 0.532959 0.742075 0.533957 0.71829 0.523463 0.716899 0.522466 0.740684
0 0.515485 0.830266 0.518226 0.806213 0.506335 0.801931 0.503594 0.825983
0 0.217092 0.792122 0.223443 0.77483 0.214826 0.764828 0.208475 0.782119
0 0.520333 0.865934 0.524341 0.840182 0.511762 0.833993 0.507753 0.859746
0 0.0589221 0.638899 0.070121 0.613386 0.062317 0.602559 0.051118 0.628073
0 0.0915632 0.757432 0.0938345 0.739572 0.0836081 0.735462 0.0813368 0.753321
0 0.622325 0.649734 0.62414 0.620213 0.60116 0.615745 0.599344 0.645267
0 0.340485 0.931623 0.344898 0.913162 0.335414 0.905998 0.331001 0.924459
0 0.501697 0.901348 0.51394 0.841567 0.486109 0.823553 0.473866 0.883334
0 0.237389 0.97396 0.243469 0.953093 0.22881 0.939594 0.22273 0.96046
0 0.653402 0.692402 0.653377 0.656465 0.636797 0.6565 0.636821 0.692438
0 0.178785 0.768473 0.19007 0.742705 0.18101 0.730165 0.169726 0.755934
0 0.165754 0.398008 0.172345 0.374772 0.157579 0.361537 0.150989 0.384772
0 0.361258 0.881101 0.365493 0.859786 0.357358 0.854677 0.353123 0.875993
0 0.108431 0.301887 0.127776 0.274113 0.10272 0.218957 0.0833749 0.246731
0 0.553359 0.902092 0.558855 0.862159 0.538376 0.85325 0.532879 0.893183
0 0.897365 0.721255 0.899348 0.688043 0.882177 0.684804 0.880195 0.718016
0 0.059907 0.119884 0.062422 -0.0190808 -0.0157411 -0.0235515 -0.018256 0.115413
0 0.0430796 0.444367 0.048194 0.34863 -0.00844513 0.339067 -0.0135595 0.434804
0 0.662977 0.647867 0.70253 0.58439 0.674966 0.530106 0.635412 0.593583
0 0.220957 0.68038 0.227146 0.661663 0.218537 0.652667 0.212348 0.671383
0 0.371914 0.882617 0.376836 0.860564 0.367979 0.854316 0.363056 0.876368
0 0.7796 0.620771 0.771645 0.557237 0.71705 0.57884 0.725005 0.642375
0 0.58454 0.853737 0.587802 0.839507 0.577871 0.832312 0.574609 0.846542
0 0.247516 0.649507 0.248196 0.633469 0.239683 0.632328 0.239003 0.648366
0 0.0828206 0.74137 0.0840267 0.725148 0.0731374 0.722589 0.0719314 0.738811
0 0.232624 0.819089 0.234046 0.802745 0.22282 0.799657 0.221398 0.816001
0 0.0208029 0.791962 0.0216819 0.762484 0.0052789 0.760939 0.0043999 0.790416
0 0.247591 0.964534 0.253172 0.947341 0.245621 0.939595 0.240041 0.956788
0 0.247905 0.429152 0.24957 0.41101 0.230367 0.405437 0.228701 0.423579
0 0.568648 0.864434 0.574933 0.852948 0.565123 0.835983 0.558838 0.847468
0 0.555437 0.82439 0.562139 0.80549 0.547873 0.789502 0.541171 0.808402
0 0.810073 0.708555 0.810497 0.666486 0.78508 0.665676 0.784656 0.707745
0 0.162638 0.821362 0.181167 0.792356 0.169347 0.76849 0.150817 0.797496
0 0.611937 0.893894 0.614394 0.87127 0.599781 0.866255 0.597324 0.888879
0 0.440574 0.755704 0.442038 0.733645 0.42384 0.729827 0.422376 0.751886
