0 0.500729 0.958004 0.508464 0.857809 0.444261 0.842145 0.436527 0.94234
0 0.987045 1.07569 1.02313 0.867239 0.815754 0.753776 0.779668 0.962226
0 0.594075 0.967451 0.584169 0.873559 0.53722 0.889214 0.547125 0.983106
0 0.963832 0.783882 0.955807 0.722056 0.927777 0.733554 0.935802 0.79538
0 0.538227 0.579129 0.538551 0.528172 0.50974 0.527593 0.509415 0.57855
0 0.506366 0.87069 0.508878 0.827903 0.474398 0.821504 0.471885 0.864291
0 0.507977 0.831912 0.514687 0.798289 0.499784 0.788889 0.493074 0.822513
0 0.179892 0.787796 0.181781 0.759238 0.166123 0.755965 0.164234 0.784523
0 0.0705405 0.868017 0.0690351 0.830954 0.0458616 0.833929 0.047367 0.870992
0 0.200069 0.752059 0.202156 0.718493 0.180922 0.71432 0.178835 0.747886
0 0.411619 0.916328 0.430301 0.865971 0.41154 0.843975 0.392859 0.894333
0 0.450811 0.938151 0.453019 0.893044 0.4298 0.889452 0.427592 0.934559
0 0.256904 0.973975 0.264942 0.942752 0.250372 0.930897 0.242334 0.96212
0 0.236375 0.990735 0.242502 0.961984 0.226845 0.95144 0.220719 0.980191
0 0.167483 1.01909 0.215379 0.994171 0.207002 0.943284 0.159107 0.968203
0 0.545728 0.983766 0.55058 0.944347 0.53534 0.938418 0.530488 0.977837
0 0.574359 0.849756 0.575565 0.808366 0.55415 0.806393 0.552944 0.847784
0 0.794314 0.38804 0.793719 0.33049 0.760723 0.331567 0.761318 0.389117
0 0.978008 0.593062 0.978867 0.542437 0.930653 0.539854 0.929795 0.590479
0 0.590851 0.876622 0.592721 0.839407 0.571951 0.836109 0.570082 0.873324
0 0.384539 0.99777 0.396713 0.969106 0.385588 0.954173 0.373414 0.982837
0 0.198285 0.971344 0.226104 0.844439 0.173647 0.808096 0.145828 0.935001
0 0.448251 0.870238 0.448704 0.805675 0.422211 0.805087 0.421757 0.86965
0 0.0400017 0.907272 0.042651 0.882136 0.0198508 0.874541 0.0172015 0.899677
0 0.439349 0.91287 0.447411 0.878096 0.42627 0.862603 0.418207 0.897377
0 0.11728 0.93035 0.126727 0.887831 0.106672 0.873747 0.0972245 0.916266
0 0.791257 1.0472 0.842714 0.963445 0.760901 0.804591 0.709444 0.888348
0 0.510682 0.795635 0.518046 0.760669 0.506931 0.75327 0.499566 0.788236
0 0.0989397 0.722556 0.108562 0.677114 0.0742864 0.654176 0.0646641 0.699618
0 0.263612 0.998153 0.26495 0.967645 0.248283 0.965334 0.246945 0.995842
0 0.521461 0.893689 0.523366 0.856612 0.504482 0.853545 0.502576 0.890622
0 0.279376 0.996476 0.280408 0.973022 0.264672 0.970834 0.26364 0.994287
0 0.193522 0.724885 0.195866 0.701586 0.178739 0.69614 0.176395 0.719439
0 0.164721 0.796384 0.169342 0.772376 0.149728 0.760445 0.145107 0.784454
0 0.605677 0.81866 0.608602 0.787881 0.591677 0.782798 0.588752 0.813576
0 0.608497 0.837366 0.608229 0.812753 0.591472 0.813331 0.59174 0.837944
0 0.0859164 0.846183 0.0864841 0.80841 0.0630096 0.807295 0.0624419 0.845068
0 0.495141 0.981942 0.510755 0.936292 0.490118 0.913983 0.474504 0.959633
0 0.311984 0.959235 0.316742 0.932333 0.2997 0.922806 0.294941 0.949709
0 0.174607 0.637153 0.178843 0.612105 0.164267 0.604313 0.160031 0.629361
0 0.329155 0.935357 0.331004 0.908107 0.312205 0.904076 0.310356 0.931326
0 0.0399195 0.862761 0.0497918 0.829566 0.0290104 0.810033 0.0191382 0.843228
0 0.597432 0.70787 0.599557 0.68105 0.583813 0.677109 0.581689 0.703929
0 0.139928 0.825556 0.15866 0.801229 0.147591 0.77429 0.128858 0.798617
0 0.25079 0.977408 0.258792 0.949357 0.246369 0.938157 0.238368 0.966207
0 0.541164 0.931312 0.549526 0.890335 0.533433 0.879955 0.525071 0.920932
0 0.220362 0.974757 0.229605 0.946703 0.219319 0.935993 0.210077 0.964047
0 0.439471 0.767381 0.436352 0.728197 0.41288 0.734102 0.416 0.773286
0 0.972849 0.73323 0.98129 0.695198 0.962505 0.682022 0.954065 0.720055
0 0.450277 0.740299 0.454762 0.707581 0.437114 0.699936 0.432629 0.732654
0 0.247927 0.934647 0.254806 0.911092 0.239728 0.897174 0.232849 0.920729
0 0.474638 0.79332 0.472912 0.760233 0.450042 0.764004 0.451768 0.79709
0 0.659613 0.570417 0.661995 0.528641 0.636665 0.524076 0.634283 0.565852
0 0.421685 0.951364 0.432774 0.926195 0.423024 0.91262 0.411936 0.93779
0 0.346211 0.913558 0.351909 0.886645 0.34015 0.878777 0.334452 0.90569
0 0.124771 0.933329 0.139741 0.910949 0.130509 0.891431 0.115538 0.913812
0 0.498491 0.796053 0.501919 0.774256 0.489231 0.767951 0.485804 0.789748
0 0.572176 1.00696 0.573728 0.975664 0.552731 0.972373 0.551179 1.00367
0 0.39957 0.929287 0.402085 0.886863 0.377937 0.882339 0.375422 0.924762
0 0.416719 0.863201 0.418961 0.82172 0.391686 0.817063 0.389445 0.858544
0 0.523718 0.852577 0.531594 0.814852 0.513961 0.803217 0.506085 0.840942
0 0.615816 0.803666 0.617904 0.782295 0.606492 0.778772 0.604404 0.800142
0 0.317526 0.991639 0.324397 0.967415 0.314026 0.958119 0.307155 0.982343
0 0.591246 1.00734 0.593019 0.97498 0.5719 0.971323 0.570127 1.00368
0 0.469215 0.530323 0.470211 0.500038 0.453713 0.498323 0.452717 0.528608
0 0.16837 0.730311 0.177121 0.711946 0.16726 0.697095 0.158509 0.715461
0 0.35548 0.934735 0.364233 0.910712 0.354298 0.89927 0.345545 0.923293
0 0.297646 0.970976 0.302792 0.951696 0.29321 0.943613 0.288064 0.962892
0 0.988306 0.670298 0.998132 0.643408 0.975891 0.617721 0.966064 0.644611
0 0.567168 0.886425 0.576304 0.869811 0.562207 0.845313 0.553071 0.861927
0 0.312588 0.970975 0.327398 0.952637 0.321092 0.93654 0.306282 0.954878
0 0.450466 0.807332 0.45222 0.7706 0.433251 0.767737 0.431497 0.804469
0 0.286534 0.986543 0.291468 0.961255 0.270228 0.948157 0.265294 0.973445
0 0.535499 0.892359 0.536128 0.860109 0.519797 0.859103 0.519168 0.891352
0 0.495242 0.819283 0.4977 0.790478 0.483286 0.786591 0.480828 0.815396
0 0.230152 0.948076 0.241519 0.924588 0.232404 0.910646 0.221037 0.934133
0 0.640661 0.830685 0.643389 0.80707 0.627884 0.801409 0.625156 0.825025
0 0.198073 0.61891 0.199232 0.597475 0.186965 0.595379 0.185806 0.616815
0 0.260072 0.927891 0.267562 0.905524 0.258416 0.895844 0.250925 0.91821
0 0.622029 0.826759 0.625249 0.805569 0.611599 0.799014 0.608379 0.820204
0 0.184154 0.7644 0.185149 0.743401 0.170444 0.741198 0.169449 0.762197
0 0.0684622 0.894659 0.0947006 0.867962 0.0845049 0.836292 0.0582664 0.86299
0 0.522064 0.682494 0.522117 0.658838 0.504222 0.658711 0.504169 0.682368
0 0.296686 0.793975 0.300767 0.772276 0.289692 0.765694 0.285611 0.787393
0 0.539615 0.830181 0.542416 0.807684 0.529396 0.802561 0.526595 0.825058
0 0.589988 0.842883 0.592284 0.819894 0.578115 0.815423 0.57582 0.838411
0 0.897243 0.77283 0.906938 0.753064 0.889652 0.726269 0.879958 0.746035
0 0.166687 0.758739 0.175506 0.736704 0.16598 0.724654 0.157161 0.746689
0 0.881678 0.77658 0.890427 0.740059 0.869426 0.724158 0.860677 0.760679
0 0.185154 0.607909 0.184607 0.552804 0.150236 0.553882 0.150782 0.608987
0 0.521646 0.727636 0.526062 0.699007 0.514365 0.693305 0.509949 0.721934
0 0.535552 0.662356 0.538352 0.636593 0.522072 0.630999 0.519271 0.656762
0 0.610231 0.862952 0.611353 0.835604 0.592473 0.833155 0.591351 0.860503
0 0.511078 0.994074 0.519265 0.963117 0.507545 0.953321 0.499358 0.984279
0 0.593673 1.01373 0.63608 0.986702 0.608453 0.849692 0.566046 0.876717
0 0.512866 0.744336 0.514811 0.726585 0.503928 0.722816 0.501983 0.740567
0 0.524519 0.768258 0.529067 0.750818 0.515961 0.740018 0.511414 0.757458
0 0.67839 0.603676 0.673849 0.571548 0.647071 0.583509 0.651612 0.615636
0 0.0695052 0.897212 0.0697858 0.873104 0.0528164 0.87248 0.0525357 0.896587
0 0.636451 0.591257 0.646492 0.566901 0.62872 0.543745 0.618679 0.568101
0 0.413534 0.931865 0.431254 0.910293 0.421381 0.884663 0.403662 0.906235
0 0.197174 0.768367 0.197906 0.749291 0.185579 0.747794 0.184846 0.76687
0 0.211921 0.720812 0.227339 0.685742 0.214442 0.667822 0.199024 0.702891
0 0.308333 0.924824 0.310539 0.905532 0.301694 0.902336 0.299488 0.921629
0 0.392703 0.959782 0.409178 0.936332 0.400643 0.917381 0.384168 0.940832
0 0.285343 0.940285 0.28797 0.922916 0.276695 0.917525 0.274067 0.934894
0 0.985368 0.556072 0.987417 0.531578 0.961537 0.524735 0.959488 0.549229
0 0.494775 0.665848 0.505155 0.63829 0.495588 0.626903 0.485208 0.65446
0 0.530949 0.973396 0.535784 0.946975 0.523199 0.939698 0.518365 0.966119
0 0.11329 0.869705 0.115994 0.821047 0.0865777 0.815881 0.083874 0.864539
0 0.325948 0.908012 0.328761 0.88517 0.315809 0.880129 0.312996 0.902971
0 0.172754 0.713106 0.178249 0.691292 0.164478 0.680329 0.158984 0.702143
0 0.0282941 0.842739 0.026658 0.792294 -0.000614916 0.79509 0.00102119 0.845535
0 0.291795 0.959676 0.292595 0.935498 0.275223 0.933682 0.274423 0.957861
0 0.557404 0.885099 0.561658 0.862216 0.55022 0.855497 0.545967 0.87838
0 0.924391 0.77112 0.937129 0.748294 0.916297 0.711553 0.903559 0.734379
0 0.242772 0.952849 0.249788 0.929122 0.240091 0.92006 0.233075 0.943787
0 0.638776 0.867187 0.641062 0.840257 0.625283 0.836023 0.622996 0.862952
0 0.98745 0.531246 0.982919 0.481892 0.929484 0.497396 0.934015 0.54675
0 0.0193425 0.799318 0.0184424 0.771779 -0.00168879 0.773859 -0.000788712 0.801397
0 0.284682 0.923961 0.289638 0.90583 0.28027 0.897736 0.275313 0.915867
0 0.401868 1.00497 0.401905 0.984198 0.384274 0.9841 0.384237 1.00487
0 0.644145 0.808879 0.646404 0.789385 0.628647 0.782881 0.626388 0.802375
0 0.963766 0.699795 0.967595 0.67026 0.941895 0.659731 0.938067 0.689265
0 0.352489 1.01247 0.370211 0.981214 0.35904 0.961192 0.341317 0.992443
0 0.227215 0.933256 0.235885 0.906042 0.227277 0.897376 0.218608 0.92459
0 0.155806 0.831784 0.168434 0.812938 0.161432 0.79811 0.148804 0.816956
0 0.913331 0.713273 0.916279 0.691457 0.897884 0.6836 0.894936 0.705416
0 0.10222 0.332483 0.122021 0.317731 0.110934 0.270697 0.0911332 0.285449
0 0.730338 0.999704 0.738263 0.919042 0.703041 0.908104 0.695116 0.988767
0 1.00248 0.547378 1.00305 0.524639 0.988568 0.523486 0.987995 0.546225
0 0.67669 0.777545 0.687698 0.753734 0.662934 0.717552 0.651926 0.741363
0 0.312489 0.872615 0.314065 0.85427 0.30398 0.851531 0.302404 0.869877
0 0.60101 0.641078 0.606927 0.609987 0.593531 0.60193 0.587614 0.633021
0 0.921842 0.785216 0.937519 0.758205 0.918506 0.723327 0.902829 0.750338
0 0.337035 0.926209 0.342395 0.903435 0.33259 0.896142 0.32723 0.918916
0 0.998425 0.714816 1.0014 0.678614 0.984126 0.674122 0.981148 0.710324
0 0.335192 0.943367 0.338269 0.925115 0.329326 0.92035 0.326249 0.938603
0 0.382315 0.710974 0.384099 0.665877 0.359353 0.662782 0.357568 0.707879
0 0.113546 0.808916 0.125621 0.790714 0.118166 0.775083 0.106091 0.793286
0 0.21235 0.747794 0.216238 0.719586 0.201761 0.71328 0.197873 0.741488
0 0.153245 0.750049 0.166462 0.729862 0.15937 0.715187 0.146153 0.735375
0 0.26489 0.942766 0.271621 0.922077 0.26224 0.912431 0.255509 0.93312
0 0.613123 0.596008 0.64661 0.521799 0.618222 0.481313 0.584735 0.555522
0 0.370161 0.858245 0.37185 0.83999 0.362672 0.837306 0.360983 0.855561
0 0.0812545 0.906827 0.0937162 0.886374 0.0856078 0.87076 0.073146 0.891212
0 0.374055 0.994733 0.378401 0.976002 0.367455 0.967974 0.363109 0.986705
0 0.483968 1.00257 0.475063 0.928046 0.410558 0.952407 0.419463 1.02693
0 0.547996 1.00512 0.548969 0.982407 0.534821 0.980493 0.533849 1.00321
0 0.583827 0.678073 0.583281 0.60039 0.543998 0.601263 0.544544 0.678946
0 0.744866 0.802035 0.773475 0.759346 0.756627 0.72366 0.728018 0.766349
0 0.90489 0.616791 0.908337 0.586698 0.89143 0.580577 0.887983 0.61067
0 0.270679 0.958108 0.275744 0.935319 0.264281 0.927266 0.259215 0.950055
0 0.00869765 0.856295 0.0107394 0.831976 -0.00297128 0.828338 -0.00501304 0.852657
0 0.219064 0.931185 0.224777 0.905336 0.214495 0.898154 0.208782 0.924003
0 0.0651157 0.727553 0.0749474 0.700587 0.0635424 0.687445 0.0537107 0.714411
0 0.218585 0.992381 0.223945 0.968933 0.212909 0.960961 0.207549 0.984408
0 0.0624746 0.929714 0.0808954 0.90284 0.0714231 0.88232 0.0530023 0.909195
0 0.0932243 0.919978 0.105664 0.891589 0.0948002 0.876543 0.0823601 0.904931
0 0.127199 0.842936 0.155339 0.810511 0.142279 0.774691 0.11414 0.807117
0 0.736378 0.629652 0.736791 0.590775 0.714575 0.590028 0.714162 0.628906
0 0.0600602 0.94805 0.0823587 0.926915 0.0756905 0.90468 0.053392 0.925814
0 0.583557 0.737151 0.585456 0.71753 0.57375 0.713949 0.571851 0.733571
0 0.0336688 0.568645 0.0340564 0.445823 0.000420651 0.445487 3.30319e-05 0.56831
0 0.610934 0.878489 0.616988 0.853148 0.596999 0.838056 0.590945 0.863398
0 0.912504 0.797934 0.920808 0.777895 0.90136 0.752424 0.893056 0.772463
0 0.172467 0.872225 0.174955 0.843253 0.160161 0.839238 0.157673 0.86821
0 0.134782 0.906274 0.142403 0.877223 0.128032 0.865309 0.120411 0.89436
0 0.279907 0.902881 0.284103 0.881217 0.27551 0.875956 0.271314 0.89762
0 0.590365 0.798879 0.593539 0.779429 0.583253 0.774124 0.580079 0.793574
0 0.185674 0.63537 0.189273 0.616661 0.180019 0.611033 0.17642 0.629743
0 0.345601 0.876465 0.346572 0.861883 0.337166 0.859904 0.336196 0.874487
0 0.238295 0.770082 0.240998 0.751338 0.22224 0.742789 0.219537 0.761533
0 0.312481 1.00562 0.313606 0.9868 0.302437 0.98469 0.301311 1.00351
0 0.0524407 0.892101 0.0557169 0.863816 0.0382558 0.857424 0.0349796 0.885709
0 0.424404 0.826551 0.424041 0.795895 0.404407 0.796629 0.40477 0.827285
0 0.535586 0.796147 0.540273 0.783778 0.529901 0.771356 0.525214 0.783724
0 0.0529138 0.904365 0.0546902 0.880323 0.0413684 0.877212 0.0395921 0.901255
0 0.51433 0.65662 0.51655 0.634218 0.504014 0.630293 0.501795 0.652694
0 0.236113 0.963743 0.239006 0.945275 0.228805 0.940224 0.225912 0.958692
0 0.167503 0.811089 0.173011 0.794518 0.162908 0.783904 0.1574 0.800476
0 0.357795 0.90275 0.363898 0.885189 0.355898 0.876403 0.349795 0.893965
0 0.17546 0.849826 0.176898 0.825923 0.166027 0.823856 0.164588 0.847759
0 0.416993 1.0159 0.439753 0.963003 0.418603 0.93424 0.395843 0.987133
0 0.539371 0.760653 0.542014 0.741315 0.532327 0.737129 0.529683 0.756468
0 0.0795273 0.809142 0.078573 0.765584 0.042763 0.768063 0.0437173 0.811622
0 0.216478 0.673219 0.220003 0.653523 0.208977 0.647289 0.205453 0.666984
0 0.024904 0.863744 0.0258766 0.841547 0.00900073 0.83921 0.00802805 0.861407
0 0.895517 0.718625 0.9008 0.697202 0.886778 0.686273 0.881494 0.707696
0 0.172697 0.990387 0.174347 0.927588 0.137702 0.924544 0.136052 0.987343
0 0.971315 0.67269 0.980354 0.654694 0.964631 0.629735 0.955592 0.647731
0 0.268452 0.707362 0.267462 0.680867 0.254382 0.682412 0.255372 0.708907
0 0.36492 0.90292 0.376868 0.880358 0.369599 0.868191 0.35765 0.890753
0 0.0307185 0.693089 0.0307737 0.672309 0.0162026 0.672187 0.0161474 0.692967
0 0.66806 0.798359 0.670862 0.762557 0.650139 0.757431 0.647337 0.793232
0 0.193239 0.705755 0.198395 0.684701 0.180137 0.670572 0.174982 0.691627
0 0.59594 0.60453 0.598904 0.580082 0.586219 0.575222 0.583255 0.59967
0 0.159752 0.766686 0.162502 0.747728 0.149796 0.741903 0.147046 0.760861
0 0.53719 0.80037 0.542427 0.791412 0.533793 0.775456 0.528555 0.784414
0 0.37049 0.969464 0.373639 0.950969 0.364795 0.94621 0.361646 0.964705
0 0.390951 0.889857 0.398626 0.860289 0.385502 0.849523 0.377827 0.87909
0 0.395754 0.894448 0.404842 0.866869 0.392511 0.854026 0.383422 0.881605
0 0.172638 0.829225 0.175413 0.81204 0.166881 0.807685 0.164106 0.824871
0 0.564639 0.699151 0.566097 0.679374 0.554942 0.676775 0.553484 0.696553
0 0.499503 0.749286 0.500862 0.731877 0.490067 0.729213 0.488708 0.746623
0 0.371681 0.769401 0.393077 0.710574 0.37621 0.691184 0.354813 0.750012
0 0.480259 0.409936 0.485936 0.347116 0.454049 0.338009 0.448372 0.40083
0 0.590647 0.821188 0.593555 0.800652 0.579666 0.794436 0.576758 0.814972
0 0.0161969 0.990859 0.0357985 0.96827 0.0285711 0.948449 0.00896952 0.971039
0 0.335695 0.421176 0.336716 0.38568 0.305538 0.382846 0.304517 0.418342
0 0.29252 0.839581 0.294155 0.823611 0.285069 0.820671 0.283434 0.836641
0 0.400156 0.419112 0.40492 0.393146 0.389384 0.384138 0.38462 0.410104
0 0.470846 0.764057 0.471612 0.744036 0.458772 0.742483 0.458006 0.762505
0 1.01024 0.877255 1.01405 0.745276 0.969133 0.741171 0.965317 0.87315
0 0.256967 0.905949 0.260025 0.887315 0.250951 0.88261 0.247893 0.901243
0 0.330541 0.17282 0.347151 0.159455 0.334505 0.109784 0.317895 0.123149
0 0.591647 0.631843 0.593769 0.601597 0.580899 0.598744 0.578778 0.62899
0 0.371615 0.928826 0.377723 0.903627 0.368951 0.896907 0.362843 0.922106
0 0.517228 0.605704 0.518818 0.576261 0.502424 0.573464 0.500835 0.602907
0 0.142177 0.40561 0.152872 0.366838 0.126747 0.344062 0.116052 0.382833
0 0.641934 1.02333 0.795647 0.814227 0.756275 0.722756 0.602563 0.931858
0 0.253028 1.0044 0.252466 0.985005 0.236373 0.986478 0.236934 1.00587
0 0.263355 0.889246 0.26674 0.874172 0.25873 0.868488 0.255346 0.883563
0 0.637654 0.610009 0.639462 0.591108 0.61973 0.585143 0.617922 0.604044
0 0.259371 0.943889 0.264899 0.925728 0.25614 0.917301 0.250612 0.935463
0 0.527341 0.916192 0.529727 0.889758 0.515253 0.885628 0.512867 0.912062
0 0.247747 0.896392 0.248904 0.87928 0.241068 0.877605 0.239911 0.894718
