0 0.991086 0.967741 1.00451 0.851234 0.800734 0.777048 0.787313 0.893555
0 0.855166 0.258677 0.908299 0.227417 0.896735 0.165297 0.843602 0.196558
0 0.0900973 1.0002 0.124115 0.946231 0.105478 0.909102 0.0714602 0.96307
0 0.448625 0.740062 0.450881 0.713085 0.436606 0.709311 0.434349 0.736288
0 0.887847 0.77261 0.888919 0.726378 0.866592 0.724742 0.86552 0.770974
0 0.304854 0.953339 0.333873 0.93859 0.311433 0.799043 0.282413 0.813792
0 0.0783179 0.934915 0.095901 0.905635 0.0865124 0.887816 0.0689294 0.917097
0 0.112397 0.895957 0.110782 0.864899 0.089456 0.868404 0.091071 0.899462
0 0.0579053 0.955399 0.0645049 0.931724 0.0534501 0.921984 0.0468504 0.945659
0 0.976982 0.727391 1.01054 0.693788 0.997297 0.651995 0.96374 0.685598
0 0.132526 0.753228 0.125276 0.71779 0.100695 0.733684 0.107945 0.769122
0 0.0695281 0.894186 0.0824742 0.868759 0.0719241 0.851782 0.0589779 0.877209
0 0.399712 0.834153 0.40025 0.791656 0.375469 0.790666 0.374932 0.833163
0 0.886783 0.731851 0.893651 0.711193 0.877894 0.694634 0.871025 0.715292
0 0.0399488 0.889078 0.0467339 0.862473 0.0283902 0.847688 0.0216052 0.874293
0 0.0914907 0.940135 0.105009 0.914103 0.0945461 0.896929 0.0810273 0.922961
0 0.405819 0.813029 0.41565 0.789625 0.39131 0.757309 0.381479 0.780712
0 0.0877418 0.803768 0.100668 0.787686 0.093586 0.769695 0.0806595 0.785776
0 0.115933 0.869203 0.127325 0.80739 0.108244 0.796277 0.0968525 0.858089
0 0.569327 0.721495 0.574854 0.693025 0.560018 0.683923 0.554492 0.712394
0 0.947113 0.65688 0.968687 0.626517 0.958374 0.603358 0.9368 0.633721
0 0.382828 0.999009 0.388061 0.952606 0.367949 0.945439 0.362716 0.991842
0 0.0357514 0.939123 0.0494864 0.905305 0.0378249 0.890336 0.0240899 0.924154
0 0.0700768 0.940371 0.074373 0.918938 0.0619861 0.911091 0.0576899 0.932524
0 0.974302 0.625078 0.981275 0.605478 0.961321 0.583042 0.954348 0.602642
0 0.0166275 0.993197 0.0494901 0.961957 0.0378356 0.923209 0.00497303 0.954449
0 0.597413 0.809926 0.598567 0.772202 0.579817 0.770389 0.578662 0.808113
0 0.490515 0.665446 0.49562 0.643129 0.479264 0.631303 0.474159 0.653621
0 0.0944293 0.885519 0.0967642 0.860326 0.081881 0.855966 0.0795461 0.88116
0 0.0374236 0.696476 0.0372448 0.671176 0.0151583 0.67167 0.0153371 0.696969
0 0.471623 0.682128 0.472843 0.662852 0.459815 0.660248 0.458595 0.679523
0 0.918967 0.795272 0.929071 0.760943 0.905201 0.738738 0.895097 0.773068
0 0.446214 0.772152 0.447417 0.746724 0.432863 0.744549 0.431661 0.769977
0 0.945118 0.498246 0.944582 0.472403 0.925574 0.473647 0.92611 0.49949
0 0.060926 0.923896 0.0874381 0.896117 0.0789366 0.870473 0.0524246 0.898252
0 0.0507063 0.686544 0.0539262 0.66445 0.0386878 0.657431 0.0354679 0.679526
0 0.0786407 0.985339 0.0919965 0.936615 0.0746572 0.921594 0.0613014 0.970318
0 0.442859 0.882242 0.444982 0.8392 0.423425 0.83584 0.421302 0.878882
0 0.482315 0.784736 0.481933 0.754111 0.461335 0.754923 0.461717 0.785548
0 1.00181 0.554783 1.00117 0.525809 0.981018 0.52722 0.98166 0.556195
0 0.165965 0.282564 0.179817 0.219045 0.132455 0.186402 0.118603 0.249921
0 0.577942 0.874203 0.579302 0.853417 0.566261 0.850719 0.564901 0.871505
0 0.456385 0.797301 0.459965 0.770631 0.448833 0.765909 0.445254 0.792579
0 0.0607797 0.597699 0.0671675 0.571427 0.0556866 0.562605 0.0492988 0.588877
0 0.40566 0.952377 0.408521 0.910983 0.386566 0.906187 0.383705 0.947581
0 0.755381 0.712206 0.760682 0.685532 0.749138 0.67828 0.743837 0.704954
0 0.600219 0.778681 0.606714 0.7463 0.593574 0.737969 0.587078 0.77035
0 1.00143 0.58735 1.00341 0.564673 0.990458 0.561105 0.988482 0.583783
0 0.0168826 0.961674 0.0297038 0.934782 0.0169564 0.915574 0.00413514 0.942466
0 0.0453801 0.789351 0.0465494 0.766131 0.0328589 0.763952 0.0316896 0.787172
0 0.959898 0.661208 0.982512 0.645667 0.97719 0.621192 0.954576 0.636733
0 0.622112 0.790003 0.62781 0.768802 0.618237 0.76067 0.612539 0.78187
0 0.128983 0.88791 0.135103 0.853409 0.118842 0.844292 0.112722 0.878793
0 0.764704 0.719127 0.769333 0.698522 0.760046 0.691929 0.755418 0.712534
0 0.852976 0.511769 0.862647 0.500368 0.851299 0.469941 0.841628 0.481342
0 0.466287 0.671254 0.469136 0.643831 0.45417 0.638916 0.45132 0.66634
0 0.0510298 0.941049 0.0620713 0.908973 0.0503141 0.896182 0.0392726 0.928258
0 0.852921 0.759859 0.86128 0.73081 0.849695 0.720274 0.841336 0.749323
0 0.387637 0.854679 0.388288 0.829504 0.373023 0.828256 0.372372 0.853431
0 0.833611 0.760954 0.843415 0.744403 0.830958 0.721082 0.821154 0.737634
0 0.650683 0.878088 0.657583 0.848198 0.646054 0.839786 0.639154 0.869676
0 0.630879 0.77085 0.637611 0.754696 0.630142 0.744859 0.62341 0.761012
0 0.583567 0.762602 0.584951 0.741038 0.57378 0.738772 0.572396 0.760336
0 0.602114 0.844477 0.612542 0.810884 0.596734 0.795374 0.586305 0.828967
0 0.293089 1.00917 0.321068 0.973704 0.308221 0.94167 0.280241 0.977135
0 0.484546 0.838309 0.491302 0.806057 0.477212 0.796729 0.470457 0.828981
0 0.902685 0.780062 0.9089 0.753794 0.891908 0.741088 0.885693 0.767356
0 0.875015 0.527278 0.877897 0.507187 0.865819 0.501711 0.862937 0.521803
0 0.814521 0.721846 0.821102 0.695459 0.808547 0.685562 0.801966 0.711949
0 0.873993 0.704392 0.876012 0.685731 0.864196 0.681691 0.862177 0.700352
0 0.634798 0.923326 0.635363 0.892107 0.616035 0.891002 0.61547 0.92222
0 0.819554 0.763088 0.816518 0.737931 0.793604 0.74667 0.79664 0.771828
0 0.905842 0.800217 0.905517 0.774017 0.882607 0.774915 0.882933 0.801116
0 0.0177179 0.812443 0.0214033 0.785836 0.00486953 0.778598 0.00118412 0.805206
0 0.905155 0.748102 0.913087 0.735281 0.902434 0.714453 0.894502 0.727274
0 0.901508 0.705011 0.904087 0.680062 0.887716 0.674712 0.885136 0.699662
0 0.431368 0.823124 0.442345 0.805374 0.428597 0.778502 0.41762 0.796252
0 0.442894 0.843857 0.458733 0.833809 0.449197 0.7863 0.433358 0.796348
0 0.434271 0.775671 0.435016 0.742399 0.420091 0.741343 0.419346 0.774614
0 0.415145 0.936306 0.427883 0.909123 0.408029 0.879719 0.395291 0.906902
0 0.77223 0.740864 0.776733 0.724701 0.763808 0.713323 0.759306 0.729485
0 0.947488 0.526435 0.949903 0.50564 0.938736 0.501539 0.93632 0.522334
0 0.0155694 0.839676 0.0191199 0.807935 0.00182693 0.801822 -0.00172354 0.833563
0 0.673766 0.84078 0.675828 0.812318 0.65808 0.808253 0.656017 0.836716
0 0.857144 0.723613 0.859099 0.699049 0.846404 0.695855 0.844449 0.72042
0 0.923031 0.487748 0.92552 0.465529 0.915435 0.461958 0.912946 0.484178
0 0.908672 0.480589 0.911386 0.46201 0.901115 0.457267 0.8984 0.475845
0 0.407581 0.893166 0.415349 0.866905 0.398295 0.850963 0.390528 0.877224
0 0.614666 0.905927 0.61797 0.866516 0.602015 0.862288 0.59871 0.901699
0 0.166698 0.933675 0.169502 0.898036 0.141921 0.891178 0.139117 0.926817
0 0.472628 0.720125 0.476876 0.697209 0.466228 0.690972 0.46198 0.713888
0 0.939901 0.521207 0.940622 0.498621 0.926895 0.497236 0.926174 0.519822
0 0.493511 0.804925 0.496447 0.784692 0.484126 0.779043 0.481191 0.799276
0 0.61653 1.00011 0.632897 0.949593 0.617149 0.933467 0.600782 0.98398
0 0.880864 0.791707 0.883409 0.770942 0.857089 0.760745 0.854544 0.78151
0 0.0797803 1.00926 0.0912148 0.990918 0.0829099 0.974557 0.0714753 0.992902
0 0.642591 0.783161 0.653676 0.760605 0.644395 0.746191 0.633311 0.768747
0 0.589576 0.863537 0.597344 0.837646 0.58741 0.828225 0.579641 0.854116
0 0.0296814 0.920696 0.038122 0.891625 0.024616 0.879232 0.0161754 0.908302
0 0.0634017 0.861139 0.0765151 0.841025 0.0665063 0.820402 0.0533929 0.840516
0 0.0847149 0.718318 0.0875088 0.696874 0.0769782 0.692538 0.0741844 0.713982
0 0.756846 0.532577 0.764681 0.51017 0.747814 0.491532 0.73998 0.513939
0 0.838218 0.554396 0.841751 0.529739 0.828885 0.523913 0.825352 0.54857
0 0.57005 1.00079 0.577986 0.934555 0.551841 0.924654 0.543904 0.990891
0 0.781153 0.656755 0.785138 0.634568 0.776886 0.629883 0.772901 0.65207
0 0.448173 0.758321 0.447838 0.736895 0.43477 0.737539 0.435104 0.758965
0 0.101941 0.141935 0.125941 0.130278 0.103726 -0.0142689 0.0797264 -0.0026119
0 0.509814 0.853402 0.521852 0.828976 0.513228 0.815544 0.50119 0.83997
0 0.391875 0.993785 0.407264 0.965058 0.396091 0.946141 0.380702 0.974868
0 0.485429 0.591268 0.488932 0.567388 0.47631 0.561536 0.472807 0.585417
0 0.949923 0.482644 0.95266 0.465703 0.940235 0.459358 0.937498 0.476299
0 0.746044 0.688441 0.750931 0.661016 0.740154 0.654947 0.735267 0.682372
0 0.0637039 0.698514 0.0650587 0.679744 0.0535187 0.677112 0.0521639 0.695882
0 0.988901 0.610106 0.993329 0.583694 0.979906 0.576582 0.975478 0.602994
0 0.13544 0.935327 0.136221 0.898076 0.115523 0.896705 0.114742 0.933955
0 0.0112044 0.874403 0.0146503 0.848233 0.00221788 0.843059 -0.00122803 0.86923
0 0.638929 0.802964 0.646443 0.785032 0.637467 0.773144 0.629953 0.791076
0 0.757955 0.688103 0.7648 0.662657 0.753468 0.653023 0.746623 0.67847
0 0.854655 0.526898 0.862164 0.514741 0.851923 0.494748 0.844414 0.506904
0 0.847583 0.538655 0.852707 0.512833 0.839277 0.504409 0.834153 0.530231
0 0.583603 0.841414 0.59103 0.815331 0.578655 0.804195 0.571228 0.830278
0 0.470565 0.893902 0.474449 0.870785 0.460606 0.863432 0.456721 0.886549
0 0.571787 0.762102 0.575327 0.736345 0.562479 0.730765 0.55894 0.756521
0 0.916761 0.745839 0.931948 0.731683 0.918119 0.684795 0.902932 0.698951
0 0.449853 0.702582 0.453498 0.685647 0.442249 0.677995 0.438604 0.69493
0 0.989366 0.578616 0.991599 0.555838 0.976596 0.551188 0.974363 0.573966
0 0.643042 0.860673 0.653574 0.832851 0.645004 0.822599 0.634473 0.85042
0 0.676401 0.742435 0.692098 0.694943 0.673234 0.675237 0.657537 0.722728
0 0.992486 0.621279 0.997491 0.596481 0.985969 0.589131 0.980964 0.613929
0 1.00389 0.76242 1.00467 0.712779 0.978379 0.711462 0.977592 0.761102
0 0.95477 0.71147 0.970302 0.676761 0.941878 0.636563 0.926346 0.671273
0 0.356035 0.697976 0.356174 0.660448 0.336105 0.660213 0.335967 0.697742
0 0.986409 0.682312 0.993625 0.658358 0.980577 0.645936 0.973362 0.66989
0 0.89811 0.495629 0.899319 0.47919 0.888797 0.476744 0.887588 0.493183
0 0.0932732 0.860343 0.103273 0.831797 0.0928602 0.820269 0.0828608 0.848816
0 0.483179 0.682663 0.486906 0.66275 0.472184 0.654041 0.468456 0.673954
0 0.374628 0.848296 0.377799 0.818353 0.362396 0.813199 0.359226 0.843142
0 0.384769 0.909054 0.394029 0.87641 0.382246 0.865845 0.372985 0.898489
0 0.607095 0.798879 0.617039 0.774022 0.606293 0.760436 0.59635 0.785293
