0 0.988718 0.958564 1.00154 0.841758 0.799439 0.771622 0.786614 0.888427
0 0.173703 0.924748 0.182377 0.879929 0.144801 0.856945 0.136127 0.901764
0 0.832682 0.783492 0.845244 0.745183 0.828292 0.727613 0.815729 0.765922
0 0.836846 0.744061 0.846658 0.715201 0.827502 0.694618 0.81769 0.723478
0 0.969528 0.44399 0.978284 0.41371 0.965339 0.401879 0.956583 0.432159
0 0.0286814 1.01611 0.0661591 0.96443 0.0494342 0.926099 0.0119564 0.977782
0 0.807213 0.684807 0.813638 0.664682 0.80175 0.652687 0.795325 0.672812
0 0.958247 0.345415 0.963352 0.315829 0.942564 0.304493 0.937459 0.334079
0 0.883996 0.673765 0.917872 0.642796 0.907621 0.607356 0.873745 0.638324
0 0.965913 0.517736 0.967462 0.475051 0.945785 0.472564 0.944236 0.515249
0 0.809186 0.726676 0.810886 0.686843 0.790142 0.684045 0.788443 0.723879
0 0.0753592 0.789408 0.0787352 0.743116 0.0442909 0.735177 0.040915 0.781469
0 0.0148127 0.919069 0.0227593 0.888518 0.00453135 0.873533 -0.00341528 0.904083
0 0.98578 0.406713 0.995072 0.384453 0.983377 0.369024 0.974085 0.391284
0 0.822242 0.728587 0.826177 0.704829 0.812544 0.697692 0.808609 0.72145
0 0.0141059 1.00999 0.0327132 0.965437 0.015549 0.942781 -0.00305838 0.987334
0 0.916224 0.606454 0.936561 0.577591 0.926471 0.555122 0.906134 0.583984
0 0.0785266 0.894482 0.0778594 0.858004 0.0573262 0.859191 0.0579935 0.89567
0 0.0878506 0.928984 0.110989 0.891088 0.0989192 0.867798 0.0757812 0.905694
0 0.939592 0.712326 0.941189 0.677218 0.916767 0.673707 0.91517 0.708815
0 0.025918 0.962448 0.0567402 0.926837 0.049359 0.906645 0.0185367 0.942256
0 0.982345 0.434318 0.996181 0.413445 0.987595 0.395457 0.973759 0.41633
0 0.82007 0.666657 0.824469 0.645511 0.810173 0.636112 0.805774 0.657258
0 0.955001 0.489724 0.953063 0.446883 0.926897 0.450623 0.928835 0.493465
0 0.426948 0.676316 0.429496 0.65884 0.41447 0.651917 0.411922 0.669393
0 0.620116 0.704488 0.6203 0.672955 0.606486 0.672699 0.606301 0.704233
0 0.863296 0.617365 0.880147 0.581648 0.868189 0.563818 0.851338 0.599536
0 0.899344 0.52092 0.906172 0.49981 0.895557 0.488957 0.888729 0.510068
0 0.874804 0.616679 0.891072 0.598496 0.884316 0.579393 0.868049 0.597575
0 0.559068 0.810278 0.56106 0.779586 0.546514 0.776603 0.544523 0.807294
0 0.890827 0.763916 0.89637 0.737417 0.876797 0.724478 0.871254 0.750978
0 0.824817 0.75327 0.825779 0.727875 0.806566 0.725574 0.805604 0.750969
0 0.508397 0.763856 0.512327 0.722886 0.484424 0.714428 0.480495 0.755398
0 0.981079 0.535304 0.985997 0.508308 0.966988 0.497365 0.962071 0.524361
0 0.0333162 0.880262 0.0402976 0.852091 0.0254202 0.840439 0.0184387 0.868609
0 0.812371 0.783376 0.820774 0.766665 0.803367 0.739005 0.794965 0.755716
0 0.97968 0.509549 0.986022 0.480908 0.96714 0.467696 0.960799 0.496336
0 0.516652 0.772179 0.523292 0.750202 0.512809 0.740192 0.506169 0.762169
0 0.0368526 0.894222 0.0494663 0.873673 0.0403774 0.85604 0.0277638 0.876589
0 0.780128 0.718224 0.787118 0.689907 0.775218 0.680623 0.768227 0.708939
0 0.638126 0.76276 0.636711 0.738428 0.616267 0.742186 0.617682 0.766517
0 0.883043 0.580615 0.887936 0.557698 0.873858 0.548198 0.868965 0.571114
0 0.948988 0.320995 0.971021 0.300973 0.964754 0.279179 0.942722 0.299202
0 0.734338 0.73766 0.751472 0.714139 0.742764 0.694092 0.72563 0.717612
0 0.925142 0.528876 0.929674 0.507164 0.918212 0.499602 0.913679 0.521314
0 0.915939 0.793863 0.928112 0.769302 0.904803 0.732789 0.892629 0.75735
0 0.785817 0.624151 0.796486 0.603016 0.789555 0.591959 0.778886 0.613094
0 0.843528 0.686512 0.843831 0.650062 0.827911 0.649644 0.827608 0.686094
0 0.175802 0.031712 0.179745 -0.00256893 0.156389 -0.01106 0.152446 0.0232209
0 0.898245 0.563245 0.899977 0.541433 0.888904 0.538655 0.887172 0.560467
0 0.0358158 0.917105 0.0409343 0.889918 0.0262408 0.881175 0.0211223 0.908362
0 0.708591 0.638043 0.710428 0.615619 0.698064 0.612418 0.696227 0.634842
0 0.394604 0.891604 0.396123 0.858214 0.377373 0.855518 0.375854 0.888908
0 0.990898 0.353012 0.996983 0.308072 0.963715 0.293836 0.957631 0.338775
0 0.944296 0.437634 0.946779 0.415562 0.935695 0.411621 0.933212 0.433692
0 0.794684 0.743693 0.798431 0.726692 0.785067 0.717381 0.78132 0.734382
0 0.862587 0.493584 0.863223 0.471762 0.849762 0.470522 0.849126 0.492344
0 0.122005 0.729267 0.128159 0.697788 0.113 0.688421 0.106846 0.719901
0 0.542022 0.976223 0.555942 0.947675 0.530463 0.908408 0.516542 0.936956
0 0.0182675 0.955633 0.0360017 0.924804 0.0261601 0.906911 0.00842587 0.93774
0 0.602844 0.699799 0.606826 0.674641 0.590306 0.666376 0.586324 0.691534
0 0.956644 0.657961 0.966107 0.63634 0.939002 0.598848 0.929539 0.620469
0 0.992931 0.41736 1.00233 0.396654 0.9936 0.38413 0.984201 0.404836
0 0.94202 0.285734 0.948179 0.261506 0.936965 0.252496 0.930805 0.276723
0 0.433448 0.775904 0.436341 0.746377 0.41564 0.739969 0.412748 0.769495
0 0.787399 0.762735 0.79084 0.741126 0.775269 0.73329 0.771828 0.754898
0 0.0175401 0.862402 0.0264738 0.833877 0.0156365 0.82315 0.00670282 0.851675
0 0.859857 0.471658 0.860842 0.449431 0.845145 0.447235 0.844161 0.469462
0 0.548834 0.782205 0.550325 0.761557 0.538967 0.758964 0.537476 0.779613
0 0.910163 0.455435 0.920643 0.429459 0.908655 0.414175 0.898176 0.440151
0 0.186002 0.428501 0.220436 0.345291 0.153638 0.257927 0.119204 0.341137
0 0.981964 0.385041 0.985159 0.356727 0.962784 0.348745 0.959588 0.377059
0 0.728324 0.758232 0.73713 0.735442 0.726297 0.722213 0.717491 0.745003
0 0.867252 0.726451 0.869855 0.704923 0.855763 0.699538 0.85316 0.721065
0 0.927876 0.634073 0.930096 0.614654 0.915433 0.609355 0.913213 0.628775
0 0.589856 0.625457 0.596757 0.608917 0.588819 0.59845 0.581918 0.614989
0 0.59502 0.773761 0.600232 0.750289 0.591042 0.743839 0.58583 0.767311
0 0.410653 0.713909 0.418343 0.697607 0.408653 0.683161 0.400963 0.699463
0 0.559594 0.768983 0.559921 0.734674 0.545133 0.734228 0.544806 0.768537
0 0.632687 0.49671 0.63399 0.474329 0.621857 0.472097 0.620554 0.494479
0 0.0873148 0.332594 0.10427 0.318675 0.0918739 0.27095 0.0749188 0.284868
0 0.806545 0.657613 0.809215 0.63957 0.79915 0.634862 0.79648 0.652904
0 0.908311 0.698351 0.943055 0.659103 0.929567 0.621369 0.894824 0.660617
0 0.95364 0.537782 0.955964 0.515974 0.935754 0.509167 0.93343 0.530976
0 0.912797 0.524361 0.919296 0.495098 0.907506 0.486823 0.901008 0.516086
0 0.956957 0.280502 0.959899 0.248829 0.944837 0.244408 0.941896 0.276081
0 0.537384 0.764962 0.541757 0.737425 0.529348 0.731196 0.524975 0.758734
0 0.858842 0.582962 0.870069 0.564811 0.861575 0.548206 0.850348 0.566358
0 0.170504 0.118198 0.199876 0.0856597 0.172968 0.00889322 0.143596 0.0414317
0 0.581009 0.776282 0.589129 0.750259 0.577799 0.739088 0.56968 0.765111
0 0.608249 0.846794 0.610855 0.802854 0.584898 0.797988 0.582292 0.841928
0 0.962973 0.586892 0.965966 0.558996 0.945725 0.55213 0.942731 0.580026
0 0.58011 0.739907 0.5812 0.711154 0.567609 0.709527 0.56652 0.738279
0 0.0650394 0.676989 0.0657612 0.658653 0.0543403 0.657232 0.0536185 0.675568
0 0.975088 0.576014 0.976774 0.555017 0.96227 0.551337 0.960585 0.572334
0 0.773036 0.685335 0.775042 0.661888 0.761957 0.658349 0.75995 0.681796
0 0.787893 0.787062 0.790208 0.763519 0.778416 0.759853 0.776101 0.783397
0 0.825795 0.222458 0.817643 0.16627 0.772752 0.186855 0.780904 0.243043
0 0.563962 0.715618 0.568396 0.695997 0.558997 0.689285 0.554563 0.708906
0 0.757536 0.787401 0.756766 0.752165 0.733036 0.753804 0.733806 0.78904
0 0.0888829 0.881368 0.0946344 0.854417 0.0767261 0.842338 0.0709745 0.869289
0 0.00136223 0.194723 0.0662036 0.161929 0.0578383 0.109654 -0.00700311 0.142449
0 0.873007 0.494309 0.874487 0.476067 0.863469 0.473242 0.86199 0.491484
0 1.00024 0.364575 1.00216 0.337635 0.977642 0.33213 0.975728 0.35907
0 0.639868 0.792932 0.643351 0.764976 0.625473 0.757935 0.62199 0.785892
0 0.974159 0.644093 0.977282 0.609787 0.961692 0.605302 0.958569 0.639608
0 0.226966 0.505074 0.249162 0.469586 0.218589 0.409151 0.196393 0.444639
0 0.766187 0.710159 0.769984 0.687982 0.7565 0.680686 0.752703 0.702863
0 1.00378 0.72988 1.00176 0.686413 0.977846 0.689933 0.97987 0.7334
0 0.629016 0.718784 0.644343 0.680204 0.633215 0.666231 0.617888 0.704811
0 0.896976 0.502032 0.901331 0.474997 0.887679 0.468047 0.883324 0.495082
0 0.960879 0.540581 0.962907 0.520808 0.946481 0.515483 0.944453 0.535256
0 0.994652 0.488247 0.998043 0.468964 0.986624 0.462618 0.983233 0.481901
0 0.746517 0.754169 0.754573 0.7302 0.744049 0.71902 0.735992 0.742988
0 0.576734 0.796931 0.578304 0.771569 0.563503 0.768673 0.561933 0.794036
0 0.0778894 0.915236 0.0807983 0.880592 0.0618396 0.875561 0.0589307 0.910205
0 0.0257592 0.831907 0.0296889 0.809642 0.0183409 0.803312 0.0144112 0.825577
0 0.00503309 0.95339 0.0247148 0.917124 0.0106059 0.892924 -0.00907574 0.92919
0 0.010782 0.895826 0.0212957 0.864573 0.00593914 0.848246 -0.00457458 0.879499
0 0.120212 0.920473 0.121471 0.899104 0.103035 0.89567 0.101775 0.917039
0 0.587906 0.714102 0.592412 0.692303 0.580941 0.684808 0.576435 0.706607
0 0.875728 0.638449 0.880571 0.613607 0.868036 0.605883 0.863192 0.630724
0 0.947813 0.302123 0.953357 0.280338 0.94283 0.271872 0.937287 0.293657
0 0.920788 0.497922 0.926317 0.475719 0.916313 0.467846 0.910784 0.490049
0 0.944901 0.512184 0.949531 0.483967 0.926212 0.471874 0.921583 0.500091
0 0.537229 0.722352 0.54138 0.702839 0.531904 0.696467 0.527752 0.71598
0 0.109259 0.887713 0.124676 0.864009 0.116112 0.846405 0.100695 0.870109
0 0.778164 0.783685 0.780774 0.752105 0.764337 0.747812 0.761727 0.779392
0 0.777974 0.509147 0.779551 0.482992 0.764033 0.480034 0.762455 0.506189
0 0.604651 0.771315 0.613551 0.751203 0.607016 0.742062 0.598116 0.762175
0 0.12217 0.704136 0.134974 0.675223 0.122547 0.657829 0.109742 0.686743
0 0.431995 0.737143 0.434668 0.713293 0.421151 0.708506 0.418479 0.732356
0 0.176304 0.298691 0.2043 0.271443 0.176909 0.182499 0.148913 0.209748
0 1.00217 0.382273 1.00313 0.362201 0.988245 0.359948 0.987284 0.38002
0 0.124831 0.904704 0.127924 0.878279 0.104941 0.869775 0.101847 0.8962
0 0.604406 0.728323 0.613602 0.711626 0.602561 0.692407 0.593365 0.709105
0 0.869108 0.70307 0.872051 0.681415 0.859723 0.676119 0.85678 0.697774
0 0.938012 0.571673 0.94198 0.556387 0.927397 0.544426 0.92343 0.559712
0 0.908286 0.545699 0.909864 0.525592 0.899446 0.523008 0.897868 0.543115
0 0.857901 0.699855 0.859867 0.678953 0.848382 0.675539 0.846416 0.696441
0 0.979627 0.609031 0.982179 0.587 0.965162 0.580769 0.96261 0.6028
0 0.407989 0.812041 0.40995 0.774077 0.391922 0.771132 0.38996 0.809097
0 0.0701361 0.871719 0.0776948 0.842801 0.0630513 0.830704 0.0554926 0.859622
0 0.562454 0.670473 0.563311 0.653182 0.552547 0.651495 0.551689 0.668786
0 0.958125 0.384429 0.962093 0.367611 0.948863 0.357745 0.944895 0.374563
0 0.924433 0.546495 0.927439 0.528372 0.913657 0.521148 0.910651 0.539271
0 0.045728 0.104187 0.0749609 0.0121082 0.0481093 -0.0148342 0.0188765 0.0772443
0 0.722757 0.742387 0.727266 0.722452 0.713593 0.712678 0.709084 0.732613
0 0.644035 0.633688 0.650686 0.608739 0.642795 0.60209 0.636143 0.627039
0 0.0107056 0.962472 0.0120796 0.936877 0.000449486 0.934904 -0.000924477 0.960499
0 0.83352 0.657691 0.834832 0.638534 0.825012 0.636408 0.8237 0.655565
0 0.572067 0.819491 0.573326 0.796452 0.558191 0.793837 0.556932 0.816876
0 0.647785 0.725368 0.651345 0.705784 0.640649 0.699639 0.637088 0.719222
0 0.52304 0.754907 0.532 0.730762 0.522605 0.719741 0.513644 0.743886
0 0.780664 0.690723 0.78562 0.662549 0.773544 0.655836 0.768588 0.68401
0 0.444636 0.657214 0.448988 0.629353 0.432612 0.621269 0.428261 0.649131
0 0.848403 0.725548 0.851841 0.706272 0.839029 0.69905 0.835591 0.718326
0 0.39223 0.840992 0.39871 0.797506 0.379587 0.788501 0.373108 0.831987
0 0.563617 0.744392 0.56648 0.718114 0.552448 0.713282 0.549585 0.73956
0 0.952073 0.417185 0.954975 0.389166 0.937339 0.383393 0.934437 0.411412
0 0.0782019 0.947417 0.0785993 0.910588 0.0584213 0.9099 0.058024 0.946729
0 0.47866 0.749403 0.485559 0.718909 0.47556 0.711759 0.468661 0.742253
0 0.646223 0.74776 0.649218 0.723826 0.639337 0.719918 0.636342 0.743852
0 0.569058 0.839616 0.571999 0.819432 0.557473 0.812743 0.554532 0.832927
0 0.0349876 0.720093 0.0385639 0.698417 0.0287086 0.693278 0.0251323 0.714954
0 0.110541 0.77388 0.113341 0.74422 0.0976958 0.739551 0.0948953 0.769211
0 0.5834 0.641936 0.588857 0.62404 0.579527 0.615048 0.57407 0.632945
0 0.881539 0.698357 0.889275 0.673301 0.878612 0.662896 0.870876 0.687952
0 0.406494 0.854058 0.411316 0.816178 0.39536 0.809759 0.390539 0.847639
0 0.401967 0.761498 0.402147 0.72562 0.387069 0.725381 0.386889 0.761258
0 0.807013 0.508069 0.809713 0.484757 0.791089 0.47794 0.788389 0.501252
0 0.583531 0.664158 0.58759 0.644559 0.578941 0.638898 0.574882 0.658496
0 0.557947 0.702215 0.559303 0.682571 0.548829 0.680286 0.547473 0.69993
0 0.709547 0.654887 0.71224 0.636145 0.702902 0.631905 0.700209 0.650647
0 0.79509 0.686318 0.798052 0.663189 0.787315 0.658843 0.784353 0.681972
0 0.772681 0.48634 0.774837 0.466678 0.762083 0.462257 0.759926 0.48192
0 0.996431 0.120322 1.0012 0.0931678 0.988634 0.0861942 0.983866 0.113348
0 0.780938 0.481499 0.786314 0.46296 0.774253 0.451905 0.768876 0.470444
0 0.952209 0.73904 0.956807 0.713191 0.937978 0.702606 0.93338 0.728455
0 0.851485 0.688483 0.852943 0.660398 0.841604 0.658538 0.840147 0.686623
0 0.956544 0.617388 0.959844 0.591945 0.948095 0.587128 0.944795 0.612571
0 0.425063 0.8727 0.426445 0.851202 0.413794 0.848632 0.412412 0.870129
0 0.644683 0.658548 0.650176 0.633596 0.640593 0.626927 0.635099 0.65188
0 0.765679 0.624325 0.771414 0.609477 0.761136 0.596932 0.755402 0.61178
0 0.708798 0.575303 0.716808 0.546509 0.70565 0.5367 0.69764 0.565494
0 0.592199 0.670384 0.597762 0.652592 0.588979 0.643914 0.583417 0.661706
0 0.581078 0.837208 0.584351 0.8118 0.574504 0.807791 0.571231 0.833199
0 0.696609 0.596674 0.702899 0.561942 0.684391 0.551349 0.678101 0.586081
0 1.00677 0.681927 1.0043 0.611315 0.970052 0.615102 0.972522 0.685714
0 0.758504 0.482058 0.760697 0.452133 0.746472 0.448839 0.744279 0.478764
0 0.355666 0.702283 0.356564 0.65486 0.333914 0.653504 0.333016 0.700926
0 0.930459 0.438579 0.934277 0.419053 0.921534 0.411178 0.917716 0.430704
0 0.67605 0.753005 0.677463 0.715198 0.659797 0.713112 0.658384 0.750919
0 0.863401 0.455883 0.86527 0.437949 0.852974 0.433899 0.851104 0.451833
0 0.592626 0.805427 0.595078 0.784084 0.582402 0.779481 0.57995 0.800823
0 0.796078 0.660545 0.798947 0.641131 0.789475 0.636705 0.786605 0.65612
0 0.136454 0.936471 0.141551 0.91477 0.126247 0.903408 0.121149 0.925109
0 0.0885297 0.714999 0.0882531 0.693625 0.0725584 0.694267 0.0728349 0.715641
0 0.099919 0.982661 0.107384 0.947344 0.087699 0.934193 0.0802337 0.969509
0 0.66887 0.493464 0.674602 0.467851 0.664292 0.46056 0.658561 0.486172
0 0.869299 0.659636 0.880141 0.630741 0.857811 0.604262 0.846969 0.633157
0 0.833128 0.637311 0.839724 0.622558 0.829099 0.607542 0.822502 0.622296
0 0.812009 0.447167 0.817841 0.428975 0.809877 0.420906 0.804045 0.439098
0 0.0611423 0.885761 0.0728292 0.826678 0.0477769 0.811016 0.03609 0.870099
0 0.571249 0.675538 0.57415 0.659217 0.565977 0.654626 0.563076 0.670948
0 0.53758 0.81116 0.539596 0.786232 0.528305 0.783347 0.52629 0.808275
0 0.841773 0.46411 0.84586 0.441049 0.836555 0.435838 0.832468 0.458899
0 0.541968 0.803961 0.546208 0.780313 0.533646 0.773195 0.529407 0.796843
0 0.640229 0.613095 0.645047 0.588693 0.63356 0.581524 0.628741 0.605925
0 0.990432 0.442297 1.00082 0.421502 0.992902 0.409005 0.982515 0.4298
0 0.559536 0.719352 0.563738 0.698337 0.554261 0.692347 0.550059 0.713362
0 0.397084 0.866311 0.399782 0.842959 0.384255 0.83729 0.381557 0.860642
0 0.117643 0.942893 0.11679 0.906883 0.0838697 0.909348 0.0847229 0.945358
0 0.567985 0.760425 0.569477 0.734295 0.559233 0.732447 0.557742 0.758577
0 0.113986 0.699161 0.117207 0.674127 0.0990791 0.666756 0.0958585 0.69179
0 0.81474 0.631558 0.823355 0.61487 0.812517 0.597186 0.803902 0.613874
0 0.502808 0.726065 0.505588 0.710277 0.490016 0.701611 0.487236 0.717399
0 0.812795 0.707822 0.816288 0.682533 0.8034 0.676906 0.799906 0.702195
0 0.227283 0.290163 0.229386 0.183487 0.185641 0.180761 0.183538 0.287437
0 0.414485 0.760059 0.417955 0.730152 0.403433 0.724827 0.399963 0.754734
0 1.0037 0.235118 1.00225 0.201089 0.980629 0.204004 0.982082 0.238034
0 0.935797 0.191288 0.937432 0.161964 0.924923 0.15976 0.923289 0.189085
0 0.953053 0.583183 0.953953 0.555756 0.938486 0.554152 0.937586 0.581578
0 0.218656 0.74736 0.241557 0.675666 0.19305 0.626697 0.170149 0.698391
0 0.463027 0.641622 0.466782 0.615414 0.449109 0.607409 0.445353 0.633618
0 0.994154 0.458943 0.997708 0.437153 0.988504 0.432408 0.98495 0.454198
