0 0.284199 0.926149 0.291589 0.873092 0.267779 0.862611 0.26039 0.915668
0 0.521141 0.752661 0.539321 0.73121 0.521715 0.684046 0.503534 0.705496
0 0.185191 0.91121 0.190295 0.884297 0.175753 0.87558 0.170648 0.902492
0 0.616856 0.585046 0.634242 0.558033 0.62307 0.535307 0.605684 0.56232
0 0.560803 0.710456 0.56613 0.688244 0.543433 0.671042 0.538107 0.693254
0 0.989809 1.05381 1.02264 0.82569 0.826821 0.736625 0.793991 0.96475
0 0.345703 0.886261 0.354578 0.835958 0.334133 0.824558 0.325258 0.874861
0 0.433568 0.965442 0.438486 0.907215 0.406808 0.89876 0.401891 0.956987
0 0.662595 0.631233 0.664407 0.60409 0.643089 0.599592 0.641277 0.626736
0 0.329664 0.962542 0.33165 0.937449 0.315384 0.933381 0.313399 0.958474
0 0.168133 1.01445 0.191168 0.986028 0.179717 0.956697 0.156682 0.985118
0 0.17274 0.881351 0.174846 0.851804 0.157218 0.847832 0.155112 0.877379
0 0.24163 1.01038 0.254452 0.97833 0.234833 0.953525 0.222011 0.985578
0 0.384511 0.634297 0.388294 0.612945 0.373322 0.604563 0.369539 0.625915
0 0.550276 0.852423 0.550623 0.78341 0.509965 0.782764 0.509618 0.851777
0 0.515728 0.81767 0.529148 0.770127 0.488272 0.733661 0.474852 0.781204
0 0.372187 0.618844 0.376011 0.599442 0.362821 0.591225 0.358996 0.610627
0 0.828302 0.789521 0.950094 0.77004 0.943716 0.644011 0.821923 0.663492
0 0.529908 0.697555 0.53172 0.671393 0.513844 0.66748 0.512032 0.693642
0 0.316668 0.994151 0.325262 0.963229 0.312297 0.951841 0.303703 0.982763
0 0.395759 0.660235 0.400983 0.633803 0.38447 0.623487 0.379246 0.649919
0 0.330614 0.919234 0.332251 0.893976 0.317017 0.890856 0.31538 0.916114
0 0.641021 1.00486 0.642563 0.969613 0.623477 0.966973 0.621934 1.00222
0 0.576372 0.688876 0.57796 0.654928 0.549944 0.650787 0.548356 0.684735
0 0.636705 0.799624 0.643349 0.767875 0.624145 0.755174 0.617501 0.786924
0 0.22986 0.927702 0.235693 0.881592 0.209136 0.870976 0.203304 0.917085
0 0.523396 0.912281 0.533303 0.8901 0.515824 0.865425 0.505916 0.887606
0 0.406342 0.926482 0.407235 0.90163 0.390722 0.899753 0.389828 0.924605
0 0.354224 0.911683 0.355871 0.883122 0.338549 0.879967 0.336902 0.908527
0 0.578632 0.873383 0.579706 0.79788 0.541905 0.79618 0.54083 0.871683
0 0.322855 0.940663 0.324657 0.914366 0.307997 0.910758 0.306195 0.937056
0 0.300617 0.91239 0.321916 0.884228 0.310958 0.858036 0.289659 0.886199
0 0.347683 0.976515 0.352075 0.953978 0.338877 0.945848 0.334484 0.968385
0 0.760412 0.677377 0.757939 0.650886 0.738087 0.656743 0.74056 0.683234
0 0.479649 0.750349 0.489903 0.716925 0.466706 0.694432 0.456451 0.727857
0 0.460523 0.972582 0.468115 0.939167 0.450999 0.926875 0.443406 0.96029
0 0.614782 0.814303 0.61712 0.792594 0.60392 0.788102 0.601583 0.809811
0 0.743555 0.718626 0.750352 0.691537 0.729867 0.675291 0.72307 0.70238
0 0.645335 0.705776 0.64599 0.676634 0.630049 0.675502 0.629395 0.704645
0 0.0628247 1.02854 0.110424 0.992892 0.098151 0.941101 0.050552 0.97675
0 0.152699 1.01309 0.157074 0.95397 0.107429 0.942359 0.103054 1.00148
0 0.544945 0.938427 0.553124 0.896851 0.533093 0.884396 0.524914 0.925972
0 0.60669 0.592323 0.608278 0.572175 0.589744 0.567558 0.588156 0.587706
0 0.577977 0.943336 0.580548 0.908826 0.551466 0.901977 0.548895 0.936487
0 0.516819 1.00912 0.520552 0.97233 0.486714 0.961482 0.482982 0.998276
0 0.0204218 0.68966 0.0247747 0.63276 -0.0045716 0.625664 -0.00892452 0.682565
0 0.602271 0.548977 0.602136 0.527561 0.585011 0.527902 0.585146 0.549318
0 0.305685 0.970863 0.300905 0.9068 0.257256 0.917095 0.262037 0.981158
0 0.125518 0.871628 0.134026 0.836672 0.117445 0.823919 0.108938 0.858875
0 0.594573 0.804157 0.594423 0.782922 0.578481 0.783278 0.578631 0.804514
0 0.16648 0.933405 0.179994 0.909535 0.170996 0.893435 0.157482 0.917305
0 0.4214 0.862035 0.413726 0.788199 0.376552 0.80041 0.384226 0.874246
0 0.443128 0.537783 0.449201 0.498223 0.429219 0.488527 0.423145 0.528087
0 0.309196 0.974113 0.318494 0.938319 0.305757 0.927861 0.296458 0.963655
0 0.211183 0.946643 0.217053 0.911569 0.200797 0.902971 0.194927 0.938046
0 0.625806 0.855088 0.63074 0.814217 0.612962 0.807434 0.608028 0.848305
0 0.420452 0.908402 0.421381 0.875325 0.404116 0.873793 0.403187 0.90687
0 0.555299 0.763996 0.562314 0.725251 0.547274 0.716645 0.540259 0.75539
0 0.72686 0.773646 0.726905 0.738075 0.705844 0.73799 0.705799 0.773561
0 0.573219 0.619987 0.585474 0.577148 0.569836 0.563009 0.557581 0.605847
0 0.0317679 0.769665 0.0301137 0.737895 0.00549284 0.741947 0.00714707 0.773717
0 0.0738554 0.944376 0.0960812 0.90445 0.0811278 0.878141 0.058902 0.918067
0 0.0133742 1.00088 0.04154 0.927604 0.0136073 0.893672 -0.0145585 0.966951
0 0.196748 0.887357 0.197761 0.847102 0.176222 0.84539 0.175209 0.885645
0 0.376091 0.739503 0.378145 0.717681 0.364364 0.71358 0.362309 0.735402
0 0.453707 0.939861 0.456044 0.900167 0.436597 0.896548 0.43426 0.936243
0 0.172993 0.861256 0.183981 0.836461 0.173268 0.821457 0.162281 0.846252
0 0.589087 0.578068 0.593491 0.549118 0.567165 0.536462 0.562761 0.565411
0 0.791883 1.06264 0.861472 0.946116 0.775152 0.783185 0.705562 0.899706
0 0.259577 0.845279 0.268868 0.81804 0.258212 0.806553 0.248921 0.833791
0 0.332279 0.900075 0.335606 0.871079 0.318064 0.864718 0.314737 0.893714
0 0.332954 0.991932 0.338336 0.960744 0.325517 0.953753 0.320135 0.98494
0 0.306578 0.931446 0.316318 0.906002 0.30552 0.892937 0.29578 0.918381
0 0.369919 0.985876 0.378354 0.941942 0.364542 0.933562 0.356108 0.977495
0 0.643562 0.985019 0.653191 0.963287 0.63373 0.936036 0.624101 0.957768
0 0.619091 1.00201 0.631393 0.960573 0.599382 0.93054 0.587081 0.971979
0 0.241263 0.839036 0.266486 0.803914 0.251102 0.768995 0.225879 0.804117
0 0.0360541 0.710422 0.0378147 0.672243 0.0163259 0.669111 0.0145653 0.70729
0 0.61435 0.631352 0.619099 0.594045 0.585396 0.580485 0.580646 0.617792
0 0.175122 0.586371 0.17035 0.544365 0.141609 0.554685 0.146382 0.596691
0 0.614137 1.01039 0.618389 0.984925 0.593869 0.971986 0.589616 0.997454
0 0.603483 0.843258 0.611451 0.819926 0.58999 0.796764 0.582022 0.820096
0 0.77295 0.718577 0.773974 0.6964 0.756952 0.693918 0.755929 0.716095
0 0.164158 0.994934 0.201066 0.937977 0.180401 0.895654 0.143493 0.952611
0 0.532839 0.550037 0.542981 0.51767 0.528024 0.502859 0.517882 0.535226
0 0.577339 0.795331 0.581183 0.772859 0.567836 0.765643 0.563992 0.788115
0 0.667129 0.83599 0.679635 0.816329 0.664725 0.786359 0.65222 0.80602
0 0.269612 0.878839 0.270962 0.853617 0.258579 0.851522 0.257229 0.876744
0 0.110587 0.762067 0.10804 0.735343 0.0892512 0.741003 0.0917986 0.767728
0 0.357697 0.796832 0.377512 0.776666 0.370363 0.754465 0.350548 0.774631
0 0.491303 0.894734 0.519937 0.819799 0.483745 0.776092 0.455112 0.851026
0 0.250949 0.905568 0.250835 0.853168 0.225008 0.853345 0.225122 0.905745
0 0.650858 0.892773 0.679041 0.859556 0.665598 0.823509 0.637415 0.856726
0 0.511603 0.75953 0.516482 0.727224 0.488439 0.713838 0.48356 0.746144
0 0.284557 1.00612 0.28767 0.976474 0.27011 0.970647 0.266998 1.00029
0 0.115502 0.979984 0.134616 0.926669 0.113219 0.902425 0.0941051 0.95574
0 0.393715 0.615422 0.396654 0.584473 0.382289 0.580161 0.37935 0.61111
0 0.53611 0.986365 0.541826 0.940556 0.515139 0.930032 0.509423 0.975841
0 0.645363 0.770061 0.652912 0.752037 0.643345 0.739372 0.635795 0.757396
0 0.265155 0.998625 0.268149 0.970096 0.25326 0.965157 0.250265 0.993685
0 0.137826 0.845641 0.144861 0.82388 0.133151 0.811914 0.126115 0.833675
0 0.695726 0.80686 0.699811 0.783382 0.684626 0.77503 0.68054 0.798507
0 0.118606 0.918469 0.142156 0.888338 0.133375 0.866646 0.109824 0.896777
0 0.0243508 0.854237 0.0223606 0.822151 0.0018789 0.826167 0.00386907 0.858252
0 0.57515 0.705408 0.577694 0.687403 0.565399 0.681914 0.562855 0.699919
0 0.464419 0.996734 0.469599 0.965289 0.45627 0.95835 0.45109 0.989795
0 0.200982 0.911696 0.217085 0.878974 0.204608 0.859568 0.188505 0.89229
0 0.623913 0.926005 0.63979 0.902589 0.631284 0.884359 0.615406 0.907776
0 0.253333 0.932035 0.273342 0.894746 0.258107 0.86891 0.238098 0.906199
0 0.614555 0.768772 0.616877 0.751182 0.604667 0.746087 0.602345 0.763676
0 0.266544 0.798745 0.275156 0.767872 0.26272 0.756907 0.254107 0.78778
0 0.634515 0.897864 0.636794 0.866255 0.619263 0.862261 0.616984 0.893869
0 0.0665953 0.884758 0.0619462 0.850441 0.0277541 0.86508 0.0324032 0.899398
0 0.327155 1.00502 0.327497 0.984187 0.310834 0.983322 0.310491 1.00416
0 0.0513436 0.95237 0.0522031 0.913467 0.0289132 0.911841 0.0280537 0.950744
0 0.765348 0.78184 0.773597 0.756154 0.750542 0.732756 0.742293 0.758442
0 0.123371 0.88936 0.130738 0.865257 0.119099 0.854012 0.111731 0.878115
0 0.67032 0.568974 0.671817 0.544227 0.658487 0.541679 0.65699 0.566426
0 0.615191 0.912348 0.618004 0.885815 0.602185 0.880515 0.599372 0.907048
0 0.210511 0.858042 0.216792 0.811542 0.188587 0.799501 0.182307 0.846001
0 0.581247 0.663232 0.584753 0.638152 0.561932 0.628069 0.558426 0.65315
0 0.478137 1.0034 0.485313 0.96257 0.467226 0.952523 0.46005 0.993354
0 0.597689 0.856499 0.603211 0.839519 0.588277 0.824169 0.582755 0.841148
0 0.296971 0.889677 0.299355 0.858285 0.281767 0.854063 0.279383 0.885456
0 0.964298 0.799128 0.967929 0.769501 0.950102 0.762596 0.946471 0.792222
0 0.404915 0.54675 0.412152 0.526858 0.403299 0.516678 0.396062 0.536569
0 0.363072 0.765967 0.366514 0.747232 0.354889 0.740481 0.351447 0.759216
0 0.536093 0.888662 0.544062 0.849874 0.529119 0.840172 0.521151 0.87896
0 0.389219 0.482959 0.416596 0.458378 0.408838 0.43107 0.381461 0.455651
0 0.349963 0.928195 0.352665 0.905803 0.339082 0.900623 0.33638 0.923015
0 0.388147 0.962522 0.38967 0.942562 0.378341 0.93983 0.376818 0.95979
0 0.435321 1.00048 0.444558 0.971252 0.42115 0.947871 0.411914 0.977097
0 0.786359 0.737532 0.787669 0.715457 0.774186 0.71293 0.772877 0.735004
0 0.150544 0.853004 0.152826 0.831527 0.139491 0.827049 0.137209 0.848526
0 0.675114 0.701988 0.676211 0.68448 0.666388 0.682534 0.665291 0.700042
0 0.0111994 0.910079 0.0347634 0.877909 0.0231719 0.851074 -0.000392053 0.883244
0 0.435295 0.904925 0.440385 0.876263 0.421604 0.865721 0.416514 0.894382
0 0.659787 0.84533 0.665424 0.821869 0.650415 0.810472 0.644778 0.833934
0 0.217539 0.955581 0.238402 0.92739 0.229949 0.907619 0.209086 0.93581
0 0.421583 0.58975 0.424228 0.566144 0.410056 0.561125 0.40741 0.58473
0 0.0274903 0.82842 0.0300574 0.802127 0.0100914 0.795966 0.00752429 0.822259
0 0.421673 0.635021 0.425849 0.616089 0.417146 0.610021 0.412969 0.628953
0 0.513945 0.980347 0.521142 0.954474 0.507802 0.942747 0.500606 0.96862
0 0.295213 0.922847 0.30864 0.891228 0.298073 0.877045 0.284646 0.908665
0 0.505369 0.717455 0.509413 0.687066 0.487778 0.677967 0.483734 0.708356
0 0.915219 0.661202 0.921012 0.639275 0.895676 0.61812 0.889883 0.640046
0 0.607828 0.567695 0.615719 0.545974 0.606901 0.53585 0.59901 0.557571
0 0.652106 0.789296 0.654274 0.76937 0.641596 0.765009 0.639427 0.784935
0 0.375177 1.00485 0.377669 0.983276 0.365677 0.978898 0.363184 1.00047
0 0.342961 0.997387 0.348096 0.971817 0.335805 0.964016 0.33067 0.989587
0 0.199051 0.980726 0.210793 0.949684 0.199338 0.93599 0.187596 0.967031
0 0.513288 0.761799 0.522978 0.732497 0.499664 0.708131 0.489974 0.737433
0 0.650375 0.805978 0.651891 0.789054 0.639963 0.785676 0.638446 0.8026
0 0.231162 0.810614 0.239046 0.76771 0.218969 0.756049 0.211085 0.798954
0 0.360588 0.930088 0.368305 0.900386 0.357897 0.891839 0.35018 0.921541
0 0.642745 0.750672 0.646463 0.730451 0.636105 0.724432 0.632387 0.744652
0 0.396803 0.947107 0.400165 0.928182 0.388722 0.921756 0.38536 0.940681
0 0.724425 0.709786 0.72604 0.686809 0.712854 0.683879 0.711239 0.706856
0 0.6166 0.758103 0.625732 0.733121 0.613678 0.719193 0.604545 0.744175
0 0.63976 0.848966 0.646543 0.822789 0.632959 0.811663 0.626176 0.837841
0 0.756989 0.720304 0.759123 0.699975 0.746846 0.695903 0.744713 0.716232
0 0.608289 0.841815 0.61649 0.822296 0.600708 0.801339 0.592506 0.820858
0 0.152379 0.961917 0.157023 0.914878 0.127226 0.90558 0.122582 0.952619
0 0.576461 0.722346 0.578234 0.703379 0.563937 0.699156 0.562165 0.718123
0 0.638786 0.737582 0.642973 0.710916 0.627327 0.703149 0.623139 0.729815
0 0.223753 0.873517 0.223501 0.851598 0.206153 0.85223 0.206406 0.87415
0 0.0569082 0.809274 0.0724979 0.7908 0.065836 0.773033 0.0502464 0.791507
0 0.687489 0.525619 0.691907 0.508354 0.675545 0.495123 0.671128 0.512388
0 0.685544 0.541418 0.688991 0.521223 0.672204 0.512166 0.668757 0.532361
0 0.422344 0.734309 0.426393 0.70904 0.408963 0.700213 0.404914 0.725482
0 0.41609 0.802836 0.421541 0.772415 0.408755 0.765176 0.403305 0.795596
0 0.636595 0.813034 0.639577 0.793932 0.626206 0.787334 0.623223 0.806436
0 0.529218 1.0165 0.562495 0.987657 0.552611 0.951611 0.519333 0.980452
0 0.688049 0.782635 0.689479 0.763422 0.677338 0.760566 0.675908 0.779779
0 0.277327 0.793543 0.291617 0.769421 0.284155 0.755451 0.269866 0.779573
0 0.256025 0.7881 0.262458 0.761956 0.251234 0.753228 0.244801 0.779371
0 0.487663 0.961768 0.494909 0.922979 0.482722 0.915784 0.475476 0.954572
0 0.542092 0.895797 0.549631 0.861093 0.537574 0.852814 0.530034 0.887519
0 0.699131 0.719125 0.700722 0.700506 0.689126 0.697374 0.687535 0.715993
0 0.373418 0.877915 0.385346 0.850562 0.374309 0.835351 0.362381 0.862704
0 0.102618 0.912337 0.119229 0.882061 0.10887 0.864099 0.0922597 0.894375
0 0.0548392 0.919409 0.0547477 0.89769 0.034962 0.897953 0.0350535 0.919672
0 0.114182 0.885437 0.118563 0.85949 0.102488 0.850911 0.098107 0.876858
0 0.241927 0.989848 0.267056 0.950897 0.250331 0.916796 0.225202 0.955747
0 0.415869 0.708213 0.428859 0.689775 0.412289 0.652878 0.399299 0.671317
0 0.610011 0.523354 0.610831 0.503844 0.599355 0.502321 0.598536 0.521831
0 0.607563 0.886846 0.618463 0.871757 0.607857 0.847542 0.596957 0.862631
0 0.5462 0.73087 0.552845 0.70693 0.542648 0.697986 0.536004 0.721926
0 0.1038 0.862489 0.115786 0.84229 0.108436 0.828506 0.0964505 0.848705
0 0.382115 0.744942 0.383921 0.724446 0.373345 0.7215 0.371538 0.741995
0 0.56123 0.963244 0.566069 0.939224 0.547927 0.927673 0.543088 0.951693
0 0.563461 0.589122 0.568806 0.56237 0.556611 0.55467 0.551266 0.581421
0 0.36036 0.889198 0.363311 0.86398 0.349046 0.858705 0.346096 0.883923
0 0.408145 0.605332 0.408627 0.566322 0.393251 0.565722 0.39277 0.604732
0 0.763278 0.738667 0.764739 0.722348 0.753589 0.719193 0.752128 0.735512
0 0.545925 0.776826 0.547634 0.745282 0.534418 0.743019 0.532709 0.774563
0 0.153511 0.623452 0.158353 0.589016 0.132648 0.577594 0.127807 0.61203
0 0.379106 0.698817 0.38894 0.667928 0.364648 0.643487 0.354814 0.674377
0 0.379172 0.691858 0.390557 0.633748 0.349566 0.608364 0.33818 0.666475
0 0.274748 0.813496 0.278553 0.79207 0.268127 0.786217 0.264322 0.807644
0 0.220566 0.984578 0.229328 0.954231 0.217889 0.943792 0.209127 0.974138
0 0.422664 0.507612 0.424308 0.486233 0.411288 0.483066 0.409643 0.504446
0 0.232687 0.853022 0.233912 0.827355 0.220713 0.825362 0.219487 0.851029
0 0.158816 0.628204 0.188488 0.602542 0.181234 0.576031 0.151562 0.601694
0 0.620882 0.659034 0.626999 0.641399 0.618808 0.632417 0.61269 0.650053
0 0.361565 0.627526 0.364527 0.606555 0.35186 0.600902 0.348898 0.621873
0 0.449682 0.570177 0.452455 0.550291 0.441452 0.545441 0.438679 0.565328
0 0.353158 0.954245 0.356165 0.928665 0.343174 0.923838 0.340167 0.949418
0 0.926477 0.632553 0.931674 0.612612 0.910625 0.595272 0.905427 0.615213
0 0.475759 0.964235 0.479706 0.933948 0.463619 0.927323 0.459672 0.957609
0 0.369153 0.707644 0.373311 0.684826 0.353609 0.67348 0.349451 0.696299
0 0.949404 0.789002 0.949529 0.756115 0.928832 0.755867 0.928707 0.788753
0 0.369839 0.587568 0.372161 0.569193 0.363168 0.565601 0.360846 0.583975
0 0.57849 0.814964 0.581618 0.797198 0.567916 0.789572 0.564787 0.807337
0 0.723038 0.686657 0.727061 0.662451 0.70778 0.652322 0.703757 0.676529
0 0.384487 0.945861 0.386112 0.924538 0.374511 0.921743 0.372886 0.943067
0 0.392104 0.752322 0.403654 0.727331 0.393674 0.712752 0.382123 0.737744
0 0.355769 0.590269 0.356639 0.5724 0.342387 0.570206 0.341516 0.588074
0 0.368492 0.937731 0.376094 0.907185 0.365263 0.898666 0.357661 0.929212
0 0.812857 0.677912 0.815095 0.66096 0.803476 0.656112 0.801238 0.673064
0 0.159867 0.930829 0.172165 0.894779 0.159928 0.881585 0.14763 0.917634
0 0.0110066 0.808517 0.0118092 0.782649 -0.00159785 0.781334 -0.00240039 0.807203
0 0.0563649 0.785279 0.0595875 0.73959 0.0409606 0.735438 0.0377379 0.781127
0 0.618493 0.796767 0.621044 0.775225 0.60837 0.770483 0.60582 0.792024
0 0.674352 0.787213 0.676039 0.770255 0.664464 0.766615 0.662777 0.783573
0 0.983213 0.748984 0.981613 0.715592 0.962229 0.718527 0.963829 0.75192
0 0.625997 0.527546 0.627899 0.508536 0.616297 0.504869 0.614395 0.523879
0 0.830297 0.667599 0.838446 0.638389 0.824701 0.626271 0.816553 0.655481
0 0.652941 0.650746 0.654713 0.624564 0.636873 0.620747 0.635101 0.646929
0 0.109204 0.693976 0.112077 0.66476 0.094836 0.659402 0.0919634 0.688618
0 0.0161606 0.731426 0.0251224 0.70143 0.00570729 0.683098 -0.00325443 0.713093
0 0.659887 0.770826 0.665123 0.751343 0.653834 0.741755 0.648598 0.761237
0 0.566407 1.00903 0.583916 0.987341 0.56729 0.944921 0.549781 0.96661
0 0.370437 0.815709 0.383633 0.790465 0.374593 0.77553 0.361397 0.800774
0 0.473523 0.677956 0.479905 0.657649 0.469868 0.647679 0.463486 0.667987
0 0.124716 0.351644 0.123544 0.30541 0.102373 0.307106 0.103544 0.353339
0 0.299395 1.00568 0.307776 0.977934 0.2941 0.964879 0.285719 0.992627
0 0.837207 0.706522 0.84259 0.682273 0.82628 0.670828 0.820897 0.695077
0 0.187303 0.83984 0.191566 0.818322 0.179944 0.811046 0.175682 0.832564
0 0.225406 0.829544 0.227615 0.80621 0.211928 0.801517 0.209719 0.824851
0 0.586261 0.984413 0.593745 0.955284 0.57694 0.941639 0.569457 0.970768
0 0.495812 0.969142 0.505714 0.939371 0.495806 0.928958 0.485905 0.958728
0 0.159438 0.846388 0.171249 0.819997 0.160237 0.804422 0.148427 0.830812
0 0.77749 0.61638 0.77902 0.597559 0.765803 0.594165 0.764274 0.612986
0 0.585951 0.912406 0.588045 0.885548 0.571194 0.881397 0.5691 0.908255
0 0.732215 0.727048 0.736824 0.709219 0.724383 0.699053 0.719774 0.716882
0 0.180774 0.796677 0.199864 0.763707 0.189696 0.7451 0.170606 0.77807
0 0.410848 0.974199 0.414847 0.949735 0.403062 0.943646 0.399063 0.96811
0 0.782015 0.675974 0.788349 0.653341 0.770823 0.637842 0.76449 0.660474
0 0.67008 0.655702 0.671394 0.638394 0.660596 0.635802 0.659281 0.65311
0 0.398563 0.677638 0.402293 0.659271 0.392065 0.652705 0.388334 0.671073
0 0.361084 1.00496 0.361507 0.983337 0.347064 0.982445 0.346641 1.00406
0 0.400006 0.905287 0.404288 0.8818 0.389791 0.873449 0.38551 0.896936
0 0.819214 0.737851 0.830243 0.716102 0.816277 0.693719 0.805248 0.715468
0 0.243125 0.775187 0.256347 0.749249 0.247445 0.734907 0.234223 0.760845
0 0.379176 0.896087 0.389555 0.869395 0.37842 0.855712 0.368042 0.882404
0 0.339454 1.0044 0.340935 0.984941 0.326985 0.981585 0.325503 1.00105
0 0.386718 0.984385 0.390707 0.961907 0.37951 0.955628 0.375521 0.978106
0 0.638523 0.676093 0.643785 0.651392 0.631664 0.643231 0.626402 0.667932
0 0.533742 0.781818 0.535431 0.760207 0.521389 0.756737 0.5197 0.778348
0 0.24228 0.847604 0.24755 0.826348 0.235392 0.816822 0.230122 0.838078
0 0.643739 0.729974 0.646738 0.705218 0.632483 0.699759 0.629484 0.724516
0 0.388622 0.560075 0.390299 0.541948 0.377089 0.538083 0.375411 0.556211
0 0.477833 0.706033 0.480724 0.68514 0.467586 0.679395 0.464695 0.700288
0 0.401709 0.983438 0.404378 0.95422 0.391108 0.950388 0.388438 0.979606
0 0.315349 0.961962 0.319648 0.928797 0.304494 0.92259 0.300196 0.955755
0 0.387447 0.719158 0.393463 0.693487 0.383568 0.686158 0.377552 0.711829
0 0.327417 0.866973 0.360071 0.806891 0.331727 0.758204 0.299073 0.818286
0 0.63572 0.940678 0.649988 0.91368 0.641768 0.89995 0.6275 0.926947
0 0.197086 0.761554 0.200479 0.739538 0.182234 0.730652 0.178841 0.752668
0 0.265966 0.761489 0.274073 0.741534 0.263965 0.728555 0.255858 0.74851
0 0.218668 1.00622 0.229335 0.977382 0.219295 0.965646 0.208628 0.994487
0 0.259444 0.728756 0.278214 0.679208 0.262942 0.660924 0.244172 0.710471
0 0.615066 0.934836 0.618825 0.912566 0.603999 0.904655 0.600239 0.926926
0 0.486485 0.669371 0.493489 0.646665 0.483673 0.637096 0.476669 0.659801
0 0.255816 0.400623 0.255755 0.33707 0.216577 0.337189 0.216638 0.400742
0 0.614999 0.546193 0.61828 0.523193 0.606343 0.517812 0.603063 0.540812
0 0.823996 0.673873 0.825846 0.657297 0.813913 0.653089 0.812064 0.669664
0 0.102265 0.661033 0.10399 0.63798 0.0910999 0.634931 0.0893743 0.657984
0 0.386162 0.596241 0.39049 0.577443 0.378819 0.568951 0.374491 0.587749
0 0.794497 0.630222 0.796803 0.612066 0.785326 0.607458 0.783019 0.625614
0 0.173762 0.825439 0.174365 0.797433 0.155973 0.796181 0.15537 0.824188
0 0.389333 0.614474 0.393172 0.594285 0.380303 0.586549 0.376464 0.606738
0 0.660709 0.795265 0.66405 0.777585 0.652138 0.77047 0.648797 0.78815
0 0.273767 0.780423 0.281806 0.75171 0.269764 0.741054 0.261725 0.769767
0 0.586387 0.934781 0.594565 0.917847 0.583109 0.900361 0.574931 0.917295
0 0.487483 0.821822 0.488227 0.753323 0.456101 0.752221 0.455358 0.82072
0 0.458214 0.50979 0.460651 0.484719 0.446736 0.480444 0.444299 0.505514
0 0.559374 0.776055 0.562858 0.753645 0.550831 0.747735 0.547347 0.770145
0 0.436963 0.494739 0.438209 0.47758 0.42737 0.475093 0.426125 0.492253
0 0.80294 0.723279 0.803872 0.702738 0.78934 0.700654 0.788408 0.721195
0 0.728117 0.793347 0.731828 0.771085 0.716345 0.762927 0.712634 0.785189
0 0.220264 1.01013 0.230913 0.988947 0.222053 0.974869 0.211405 0.996049
0 0.334511 0.924591 0.335951 0.896915 0.320527 0.894379 0.319087 0.922055
0 0.447019 0.496968 0.449661 0.477464 0.439209 0.472989 0.436567 0.492494
0 0.640728 0.2898 0.642997 0.243561 0.616297 0.23942 0.614028 0.285658
0 0.142888 0.770267 0.141822 0.737599 0.119843 0.739865 0.120909 0.772533
0 0.0462699 0.682008 0.052982 0.63786 0.0220932 0.623017 0.0153811 0.667166
0 0.412802 0.624514 0.416486 0.605659 0.408212 0.600549 0.404527 0.619404
0 0.0752974 0.894798 0.077625 0.873232 0.0648534 0.868876 0.0625259 0.890442
0 0.0347026 0.80512 0.038375 0.779947 0.0219028 0.772353 0.0182305 0.797526
0 0.597352 0.923145 0.603381 0.905369 0.589316 0.89029 0.583287 0.908066
0 0.409364 0.650782 0.411792 0.627236 0.401466 0.623871 0.399039 0.647418
0 0.412597 0.668825 0.417178 0.653853 0.407989 0.644968 0.403408 0.65994
0 0.601755 0.79237 0.60311 0.773595 0.590637 0.770751 0.589283 0.789527
0 0.800959 0.666291 0.806658 0.649378 0.794278 0.636193 0.788579 0.653106
0 0.450504 0.992836 0.454489 0.966994 0.442195 0.961002 0.43821 0.986845
0 0.671068 0.821913 0.679196 0.802941 0.664784 0.783427 0.656656 0.8024
0 0.167184 0.904755 0.174876 0.878172 0.16503 0.869168 0.157338 0.895751
0 0.69643 0.527771 0.69907 0.510463 0.688945 0.505582 0.686305 0.522891
0 0.775046 0.593014 0.776414 0.575001 0.764641 0.572176 0.763273 0.590189
0 0.265537 0.880433 0.268624 0.85788 0.256453 0.852615 0.253366 0.875169
0 0.400488 0.714238 0.406054 0.684517 0.393992 0.677379 0.388427 0.7071
0 0.591038 0.544482 0.591186 0.526714 0.577418 0.526352 0.57727 0.54412
0 0.993254 0.807508 1.00191 0.785329 0.981368 0.759998 0.972714 0.782177
0 0.62462 0.543255 0.627569 0.526216 0.618297 0.521144 0.615348 0.538184
0 0.199126 0.933757 0.202346 0.903409 0.182291 0.896684 0.179071 0.927032
0 0.0859098 0.795397 0.0928269 0.767929 0.081948 0.75927 0.0750309 0.786738
0 0.532943 0.517428 0.541201 0.492054 0.53018 0.480718 0.521922 0.506091
0 0.570245 0.911188 0.573118 0.881195 0.557122 0.876351 0.554248 0.906345
0 0.438579 0.875546 0.440633 0.8549 0.428667 0.851138 0.426613 0.871785
0 0.815496 0.703561 0.820443 0.682326 0.807242 0.672608 0.802295 0.693843
0 0.625119 0.960505 0.630868 0.939945 0.61307 0.924215 0.607321 0.944774
0 0.650628 0.606846 0.652254 0.590336 0.641747 0.587066 0.640121 0.603576
0 0.444421 0.972586 0.448491 0.937471 0.436503 0.933079 0.432433 0.968195
0 0.679707 0.593067 0.68375 0.572622 0.675459 0.567441 0.671416 0.587885
0 0.216406 0.776657 0.219833 0.742818 0.20533 0.738177 0.201903 0.772016
0 0.912807 0.626565 0.912497 0.600636 0.885488 0.601655 0.885798 0.627583
0 0.775778 0.757819 0.779683 0.735762 0.764652 0.727353 0.760748 0.749411
0 0.395135 0.626998 0.396882 0.610031 0.386953 0.6068 0.385206 0.623767
0 0.748748 0.745058 0.753711 0.724322 0.74394 0.716931 0.738977 0.737667
0 0.783903 0.550115 0.787803 0.531405 0.778567 0.52532 0.774667 0.544029
0 0.248426 0.752383 0.25226 0.703117 0.224377 0.69626 0.220543 0.745525
0 0.380712 1.00114 0.380697 0.981196 0.367738 0.981225 0.367752 1.00117
0 0.0375923 0.873199 0.0394469 0.84695 0.0272647 0.844229 0.02541 0.870478
0 0.252176 0.86586 0.256323 0.840522 0.242236 0.833234 0.238088 0.858572
0 0.644238 0.85945 0.64807 0.837722 0.637025 0.831566 0.633193 0.853293
0 0.371702 0.970211 0.377652 0.932433 0.366364 0.926814 0.360414 0.964592
0 0.207961 0.747634 0.2088 0.72063 0.194616 0.719236 0.193777 0.746241
0 0.959435 0.766599 0.967641 0.748219 0.951044 0.724797 0.942837 0.743177
0 0.290251 0.816265 0.299225 0.793105 0.288654 0.780158 0.279679 0.803318
0 0.57886 0.777627 0.589835 0.762859 0.576448 0.731418 0.565473 0.746186
0 0.657882 0.915221 0.663436 0.879817 0.6425 0.869437 0.636947 0.904842
0 0.572279 0.777846 0.576591 0.757247 0.561806 0.747466 0.557494 0.768066
0 0.474992 0.916698 0.476798 0.891568 0.464966 0.888882 0.463161 0.914011
0 0.212537 0.984555 0.22597 0.957302 0.216782 0.94299 0.203349 0.970243
0 0.151858 0.905303 0.154978 0.882879 0.142204 0.877261 0.139084 0.899685
0 0.672587 0.762844 0.674528 0.747102 0.665402 0.743546 0.663461 0.759288
0 0.600826 0.567403 0.603876 0.549234 0.592292 0.543089 0.589242 0.561258
0 0.538267 0.716727 0.545366 0.698729 0.535489 0.686418 0.528391 0.704416
0 0.557605 0.623855 0.559449 0.594088 0.54082 0.590442 0.538977 0.620209
0 0.981382 0.597167 0.985833 0.573047 0.968671 0.563039 0.964221 0.587159
0 0.666511 1.00876 0.667721 0.972577 0.64493 0.970169 0.64372 1.00635
0 0.381476 0.924211 0.388519 0.900403 0.379316 0.891798 0.372273 0.915607
0 0.389713 1.00645 0.393313 0.980519 0.380181 0.974759 0.376582 1.00069
0 0.61074 0.958379 0.613767 0.93288 0.595258 0.925937 0.592232 0.951435
0 0.299572 0.768879 0.310463 0.72789 0.283887 0.705574 0.272996 0.746563
0 0.632128 0.612125 0.633748 0.592442 0.622363 0.589481 0.620744 0.609164
0 0.788102 0.657427 0.792553 0.64004 0.782612 0.631998 0.778162 0.649386
0 0.639427 0.884 0.643026 0.855936 0.62951 0.850458 0.625911 0.878521
0 0.028797 0.866115 0.0339666 0.837818 0.0247145 0.832476 0.0195449 0.860772
0 0.395084 0.776107 0.399693 0.743949 0.387033 0.738216 0.382425 0.770373
0 0.641978 0.952881 0.6487 0.930718 0.640031 0.922407 0.633309 0.944571
0 0.190368 0.80598 0.203096 0.782161 0.193335 0.765676 0.180607 0.789495
0 0.0980704 0.696002 0.101217 0.662625 0.0838286 0.657445 0.0806824 0.690822
0 0.630042 0.837844 0.629776 0.804926 0.613012 0.805354 0.613278 0.838273
0 0.303735 0.795758 0.316376 0.773675 0.308511 0.759448 0.295871 0.781531
0 0.59841 0.896798 0.601145 0.873371 0.58549 0.867596 0.582755 0.891023
0 0.319191 0.112624 0.336111 0.0816675 0.302712 0.0239727 0.285792 0.0549296
0 0.442498 0.553052 0.452778 0.529753 0.443671 0.517054 0.433391 0.540354
0 0.140581 0.801797 0.146348 0.779087 0.134328 0.76944 0.128561 0.79215
0 0.691187 0.621133 0.693039 0.605415 0.683482 0.601857 0.68163 0.617576
0 0.141881 0.892903 0.151332 0.876249 0.143127 0.861534 0.133676 0.878189
0 0.0384122 0.916958 0.0412056 0.888585 0.0219997 0.882609 0.0192062 0.910981
0 0.357866 0.552694 0.35901 0.5295 0.344598 0.527253 0.343454 0.550448
0 0.433081 0.573903 0.437466 0.554367 0.427896 0.547578 0.423511 0.567114
0 0.0371455 0.976902 0.0496585 0.955367 0.0415592 0.940494 0.0290462 0.962029
0 0.4491 0.691345 0.449412 0.675835 0.438876 0.675165 0.438564 0.690674
0 0.366702 0.855876 0.370376 0.834524 0.352311 0.8247 0.348637 0.846052
0 0.183966 0.594772 0.217449 0.539142 0.198665 0.503411 0.165182 0.559041
0 0.782947 0.634402 0.785368 0.618852 0.775695 0.614091 0.773273 0.62964
0 0.636603 0.774018 0.638586 0.754024 0.625232 0.749839 0.62325 0.769834
0 0.468748 0.935899 0.472166 0.91468 0.460748 0.908867 0.45733 0.930086
0 0.413364 0.631796 0.41602 0.607663 0.406751 0.60444 0.404096 0.628573
0 0.589712 0.669372 0.594709 0.647391 0.58433 0.639935 0.579334 0.661916
0 0.263273 0.746866 0.266469 0.72824 0.255912 0.722514 0.252716 0.74114
0 0.463819 1.00667 0.464584 0.98869 0.452107 0.987013 0.451343 1.00499
0 0.369584 0.549635 0.379215 0.51808 0.364906 0.504278 0.355275 0.535832
0 0.20703 0.141409 0.22364 0.132203 0.200651 0.00110953 0.184041 0.0103152
0 0.526503 0.931436 0.533446 0.911236 0.518551 0.895057 0.511609 0.915257
0 0.624311 0.794395 0.626239 0.765157 0.612006 0.762191 0.610078 0.791428
