0 0.529189 0.978934 0.544651 0.881149 0.480164 0.848923 0.464703 0.946708
0 0.569268 0.592475 0.577056 0.545471 0.547743 0.530122 0.539956 0.577127
0 0.986975 1.07529 1.02391 0.859557 0.815051 0.746543 0.778116 0.962274
0 0.442222 0.927123 0.463461 0.87301 0.443474 0.848218 0.422236 0.902331
0 0.629377 0.99222 0.617737 0.893612 0.56856 0.911959 0.5802 1.01057
0 0.137968 0.709103 0.151032 0.673873 0.121779 0.639589 0.108715 0.674819
0 0.473868 0.918551 0.477142 0.884784 0.454781 0.877931 0.451506 0.911697
0 0.479594 0.880812 0.479162 0.81327 0.453199 0.813794 0.45363 0.881336
0 0.610578 0.869348 0.611222 0.828694 0.587701 0.827517 0.587057 0.868171
0 0.309782 0.995708 0.311935 0.972611 0.297912 0.96848 0.29576 0.991577
0 0.791235 1.04225 0.84125 0.961434 0.760444 0.803378 0.710429 0.88419
0 0.485414 0.748622 0.486788 0.713028 0.468199 0.710761 0.466826 0.746355
0 0.213481 0.718372 0.215819 0.696811 0.201512 0.691907 0.199174 0.713469
0 0.4152 1.00508 0.428022 0.97928 0.417754 0.963152 0.404932 0.988954
0 0.44876 0.873612 0.452163 0.827951 0.423444 0.821187 0.420041 0.866847
0 0.543003 0.811284 0.553354 0.774011 0.540811 0.763003 0.530461 0.800277
0 0.28612 0.976162 0.29666 0.945173 0.282544 0.929999 0.272004 0.960988
0 0.542531 0.845663 0.547623 0.811763 0.532431 0.804552 0.52734 0.838453
0 0.536891 0.99698 0.540305 0.942763 0.51199 0.937127 0.508576 0.991345
0 0.12978 0.831364 0.130747 0.786755 0.10732 0.78515 0.106353 0.829759
0 0.692661 0.594347 0.705993 0.559983 0.682933 0.531708 0.669601 0.566071
0 0.632719 0.723428 0.634321 0.695369 0.619489 0.692692 0.617886 0.720751
0 0.238349 0.743382 0.238853 0.708911 0.216863 0.707896 0.21636 0.742366
0 0.261472 0.989149 0.277119 0.966606 0.268317 0.947297 0.25267 0.96984
0 0.537436 0.886393 0.542355 0.845594 0.508015 0.832511 0.503097 0.87331
0 0.472472 0.775143 0.468706 0.732554 0.444458 0.73933 0.448223 0.781919
0 0.317604 0.980569 0.32103 0.955048 0.297235 0.944952 0.293809 0.970472
0 0.228947 0.590898 0.221932 0.53945 0.182603 0.556397 0.189617 0.607844
0 0.231445 0.71576 0.232636 0.689417 0.216135 0.687059 0.214944 0.713403
0 0.216497 0.696263 0.216462 0.676753 0.200412 0.676843 0.200447 0.696353
0 0.236251 0.614335 0.238397 0.59422 0.225612 0.58991 0.223466 0.610025
0 0.284118 0.926713 0.287492 0.90296 0.270438 0.895303 0.267063 0.919056
0 0.501307 0.811338 0.508166 0.777157 0.488311 0.764567 0.481453 0.798748
0 0.297832 0.994914 0.298951 0.963457 0.281965 0.961548 0.280846 0.993005
0 0.0909877 0.833488 0.0877693 0.785828 0.0667468 0.790314 0.0699652 0.837975
0 0.202822 0.786335 0.207318 0.762145 0.191332 0.752754 0.186836 0.776943
0 0.627785 0.903 0.630026 0.862159 0.606801 0.858131 0.60456 0.898972
0 0.215689 0.627489 0.217446 0.602543 0.202055 0.599118 0.200299 0.624064
0 0.160902 0.909526 0.163639 0.8703 0.142769 0.865699 0.140033 0.904925
0 0.575933 0.853012 0.578063 0.825273 0.562321 0.821452 0.560191 0.849191
0 0.0524974 0.838946 0.0565193 0.814436 0.0373412 0.80449 0.0333194 0.829
0 0.294041 0.923701 0.302549 0.901377 0.293685 0.890699 0.285176 0.913022
0 0.481266 0.951839 0.485639 0.907839 0.4629 0.900698 0.458528 0.944697
0 0.251394 0.714466 0.263206 0.671702 0.248738 0.659072 0.236926 0.701836
0 0.362273 0.937291 0.363421 0.908419 0.344434 0.906035 0.343286 0.934906
0 0.219182 0.778335 0.220446 0.750393 0.205002 0.748185 0.203739 0.776127
0 0.348224 0.993477 0.354234 0.97112 0.343846 0.962293 0.337836 0.984651
0 0.67878 0.611094 0.68918 0.585177 0.667525 0.557712 0.657125 0.583629
0 0.458569 0.830119 0.457104 0.797869 0.434438 0.801125 0.435904 0.833374
0 0.546424 0.758147 0.54977 0.74157 0.536661 0.733208 0.533315 0.749784
0 0.204012 1.02412 0.247853 0.989125 0.233942 0.934044 0.190102 0.969038
0 0.0846618 0.882172 0.0843358 0.857826 0.0640724 0.858684 0.0643984 0.88303
0 0.0687533 0.834505 0.0768678 0.783556 0.0587093 0.774416 0.0505948 0.825365
0 0.566417 0.91184 0.57049 0.884036 0.554006 0.876404 0.549933 0.904209
0 0.718751 0.62846 0.714126 0.587967 0.687973 0.597408 0.692598 0.6379
0 0.0647 0.783899 0.0670833 0.759543 0.0496296 0.754145 0.0472463 0.778502
0 0.553593 0.910588 0.557091 0.877265 0.538098 0.870965 0.5346 0.904288
0 0.345845 0.974055 0.357356 0.953114 0.348741 0.938147 0.33723 0.959088
0 0.557152 0.6926 0.555807 0.66492 0.534891 0.668132 0.536236 0.695812
0 0.22796 0.963066 0.263388 0.841594 0.20724 0.78984 0.171813 0.911311
0 0.311342 1.01042 0.31647 0.992047 0.306782 0.983501 0.301655 1.00187
0 0.624816 0.863877 0.628301 0.840604 0.614836 0.834232 0.611352 0.857505
0 0.336664 0.988503 0.343215 0.964901 0.332397 0.955412 0.325846 0.979014
0 0.63475 0.617247 0.635763 0.593217 0.621799 0.591357 0.620786 0.615388
0 0.2106 0.743951 0.21231 0.726325 0.199116 0.722279 0.197406 0.739904
0 0.430052 0.893854 0.432835 0.854809 0.412448 0.850216 0.409665 0.889262
0 0.458972 0.959691 0.463301 0.931607 0.447675 0.923996 0.443347 0.952079
0 0.645657 0.864333 0.647376 0.837948 0.628582 0.834079 0.626863 0.860465
0 0.941695 0.823724 0.952402 0.786879 0.926979 0.76353 0.916272 0.800375
0 0.0453514 0.82721 0.0655649 0.793182 0.0546259 0.772645 0.0344124 0.806674
0 0.250194 0.737467 0.252008 0.708028 0.236653 0.705038 0.234839 0.734477
0 0.333632 0.969621 0.334751 0.947216 0.32239 0.945264 0.32127 0.967669
0 0.113665 0.849574 0.115052 0.817457 0.0941058 0.814599 0.0927194 0.846717
0 0.220255 0.791999 0.22378 0.773793 0.213914 0.767755 0.210389 0.785961
0 0.169037 0.919753 0.176608 0.893254 0.163276 0.881216 0.155705 0.907715
0 0.561631 0.786412 0.566302 0.764025 0.550827 0.753822 0.546157 0.776209
0 0.336368 1.00307 0.337271 0.982105 0.326436 0.98063 0.325533 1.0016
0 0.3429 0.953405 0.344102 0.929774 0.328248 0.927224 0.327045 0.950854
0 0.643503 0.839902 0.644963 0.809956 0.628192 0.807371 0.626732 0.837318
0 0.320389 0.984419 0.323646 0.960751 0.303802 0.952119 0.300544 0.975787
0 0.248591 0.950993 0.254032 0.925093 0.240926 0.91639 0.235485 0.94229
0 0.395518 0.907327 0.403805 0.886812 0.394892 0.875431 0.386604 0.895946
0 0.580107 1.00451 0.583968 0.9657 0.567501 0.960522 0.56364 0.999332
0 0.392148 1.01311 0.402658 0.978729 0.386716 0.963326 0.376205 0.997708
0 0.043045 0.659804 0.0530266 0.629292 0.0434988 0.619441 0.0335171 0.649952
0 0.567334 0.672393 0.574057 0.653186 0.560574 0.638271 0.553851 0.657478
0 0.382132 0.913189 0.383783 0.887789 0.368801 0.884713 0.367151 0.910112
0 0.310967 0.902878 0.315842 0.882713 0.307445 0.876297 0.30257 0.896461
0 0.614081 0.757271 0.622874 0.737232 0.614163 0.725151 0.605369 0.74519
0 0.185284 0.817548 0.199033 0.784208 0.182526 0.762693 0.168777 0.796032
0 0.478553 0.825186 0.487583 0.781148 0.469721 0.769571 0.46069 0.81361
0 0.363132 0.891781 0.367094 0.874597 0.357062 0.867287 0.3531 0.884471
0 0.505821 0.538551 0.502977 0.498189 0.485457 0.502092 0.488302 0.542453
0 0.320347 0.920651 0.322649 0.90132 0.311703 0.897199 0.3094 0.91653
0 0.274233 0.85607 0.27455 0.840509 0.26478 0.839879 0.264463 0.85544
0 0.066309 0.89693 0.0647582 0.847751 0.00723901 0.853484 0.00878986 0.902663
0 0.0442738 0.638653 0.0552063 0.610219 0.0464864 0.599623 0.0355539 0.628056
0 0.222795 0.676348 0.225117 0.657161 0.212981 0.652518 0.210659 0.671705
0 0.645238 0.905801 0.650139 0.86278 0.629388 0.855309 0.624487 0.89833
0 0.314822 0.94077 0.31922 0.922161 0.308523 0.914171 0.304125 0.932781
0 0.287295 0.902257 0.290601 0.883321 0.281459 0.878277 0.278153 0.897212
0 0.649914 0.614501 0.685456 0.538427 0.65451 0.492732 0.618968 0.568806
0 0.716699 0.804934 0.72953 0.777282 0.701925 0.7368 0.689095 0.764452
0 0.35761 0.913583 0.36108 0.886969 0.347754 0.881476 0.344284 0.90809
0 0.561218 0.867519 0.563564 0.818384 0.543293 0.815324 0.540947 0.86446
0 0.226708 0.630933 0.228257 0.609409 0.217258 0.606906 0.215709 0.62843
0 0.349166 0.955533 0.350642 0.931061 0.333578 0.927808 0.332102 0.95228
0 0.0506858 0.702381 0.0609535 0.664994 0.0455885 0.651658 0.0353209 0.689045
0 0.30275 0.938839 0.304283 0.916949 0.291625 0.914148 0.290092 0.936038
0 0.154528 0.853175 0.156403 0.808496 0.128565 0.804804 0.126691 0.849483
0 0.132549 0.866174 0.132527 0.830668 0.109582 0.830712 0.109604 0.866219
0 0.5312 0.674806 0.537369 0.645597 0.524914 0.637283 0.518745 0.666493
0 0.140051 0.810692 0.141978 0.787782 0.127155 0.783841 0.125228 0.806751
0 0.422094 0.419411 0.428877 0.366953 0.398624 0.35459 0.391841 0.407048
0 0.64199 0.651486 0.6442 0.617408 0.628213 0.614131 0.626002 0.648209
0 0.579869 0.631354 0.591829 0.606822 0.572837 0.577557 0.560876 0.602089
0 0.331513 0.789397 0.33399 0.766075 0.322701 0.762285 0.320224 0.785608
0 0.233176 0.694361 0.234794 0.675037 0.220671 0.6713 0.219053 0.690623
0 0.350912 0.422166 0.351914 0.387165 0.32103 0.384372 0.320028 0.419373
0 0.198115 0.818936 0.202326 0.799122 0.19203 0.792206 0.187819 0.81202
0 0.458105 0.935874 0.460221 0.901794 0.44119 0.898059 0.439074 0.932139
0 0.308035 0.919159 0.311602 0.903124 0.303168 0.897194 0.2996 0.913229
0 0.263778 0.941405 0.276551 0.920015 0.268072 0.904013 0.255299 0.925403
0 0.736745 0.992591 0.732064 0.909135 0.696297 0.915475 0.700978 0.998931
0 0.352813 0.96873 0.363595 0.949857 0.355571 0.935369 0.344789 0.954242
0 0.547711 1.00875 0.552311 0.979386 0.538403 0.972501 0.533804 1.00186
0 0.27716 0.932144 0.283717 0.904959 0.269361 0.894016 0.262804 0.921201
0 0.371007 0.960968 0.377046 0.942779 0.368795 0.934121 0.362756 0.95231
0 0.113503 0.905689 0.120409 0.883682 0.106725 0.87011 0.099819 0.892117
0 0.372552 0.927266 0.373964 0.907664 0.364262 0.905454 0.362849 0.925056
0 0.201261 0.759266 0.202399 0.737719 0.188776 0.735445 0.187638 0.756993
0 0.223242 0.753239 0.224104 0.735067 0.209329 0.732852 0.208467 0.751024
0 0.235415 0.760787 0.236918 0.742694 0.22457 0.739453 0.223067 0.757546
0 0.154477 0.796141 0.166747 0.776019 0.15993 0.762882 0.147661 0.783005
0 0.559014 0.740192 0.560267 0.712256 0.544849 0.710072 0.543597 0.738008
0 0.55839 0.138016 0.563764 0.0937843 0.530399 0.0809742 0.525025 0.125206
0 0.18067 0.775251 0.19006 0.748189 0.17969 0.736816 0.1703 0.763878
0 0.371922 0.900259 0.374678 0.881966 0.366135 0.877898 0.363379 0.896191
0 0.274184 0.952767 0.28089 0.930594 0.2708 0.920949 0.264094 0.943123
0 0.428397 0.942375 0.436437 0.897766 0.412059 0.88388 0.40402 0.928489
0 0.0969091 0.884389 0.099073 0.861165 0.0864506 0.857448 0.0842866 0.880673
0 0.622691 0.401242 0.634896 0.358493 0.607581 0.333844 0.595375 0.376593
0 0.575466 0.705438 0.579143 0.68612 0.56634 0.678417 0.562663 0.697735
0 0.345165 0.906974 0.347024 0.886497 0.337473 0.883756 0.335614 0.904234
0 0.285896 1.00555 0.286069 0.985348 0.268069 0.984861 0.267897 1.00506
0 0.784565 0.649202 0.782186 0.608443 0.757251 0.613042 0.75963 0.653801
0 0.475438 0.966302 0.476625 0.945008 0.456221 0.941414 0.455034 0.962708
0 0.0373434 0.80462 0.0534533 0.784004 0.0460784 0.765791 0.0299686 0.786407
0 0.627961 0.842506 0.630838 0.818431 0.616709 0.813095 0.613832 0.83717
0 0.197524 0.736165 0.198048 0.717261 0.186776 0.716274 0.186252 0.735179
0 0.38951 0.934721 0.395483 0.915729 0.385197 0.905505 0.379224 0.924497
0 0.570689 0.823167 0.577405 0.814305 0.56799 0.791758 0.561275 0.80062
0 0.341425 0.890246 0.341823 0.871081 0.331722 0.870418 0.331324 0.889583
0 0.34773 1.00626 0.348503 0.988011 0.337259 0.986505 0.336486 1.00475
0 0.5653 0.716654 0.566586 0.692829 0.553984 0.690678 0.552697 0.714504
0 0.103808 0.332441 0.120735 0.311334 0.10414 0.26927 0.0872123 0.290378
0 0.323256 0.960727 0.324879 0.934988 0.30926 0.931876 0.307637 0.957615
0 0.338108 0.897038 0.339627 0.878553 0.330438 0.876166 0.328919 0.894651
0 0.607416 0.908351 0.61248 0.88264 0.594327 0.871341 0.589263 0.897051
0 0.653218 0.830279 0.654387 0.80373 0.642042 0.802012 0.640872 0.828561
0 0.112054 0.881839 0.11481 0.861744 0.0994375 0.855082 0.0966818 0.875176
0 0.307778 0.953847 0.310534 0.932191 0.298191 0.927227 0.295435 0.948883
0 0.532279 0.809205 0.53603 0.785354 0.523555 0.779154 0.519804 0.803005
0 0.0998603 0.807886 0.100743 0.78944 0.088245 0.787549 0.0873621 0.805995
0 0.254976 0.976168 0.259428 0.949511 0.247026 0.942964 0.242574 0.969621
0 0.0536403 0.829501 0.0714857 0.793713 0.0565269 0.770138 0.0386815 0.805927
0 0.0773247 0.67562 0.0784059 0.658312 0.0664521 0.655952 0.065371 0.67326
0 0.578653 0.822449 0.579316 0.804695 0.567272 0.803275 0.56661 0.821028
0 0.345104 0.87432 0.346411 0.857288 0.336815 0.854961 0.335508 0.871992
0 0.369696 0.947307 0.370831 0.927663 0.359111 0.925521 0.357975 0.945165
0 0.81884 0.404098 0.823907 0.344121 0.794178 0.336183 0.789111 0.39616
0 0.250481 0.807217 0.250345 0.791606 0.240329 0.791882 0.240465 0.807493
0 0.30455 0.225457 0.322878 0.217256 0.310659 0.130949 0.292331 0.13915
0 0.322313 0.866607 0.32782 0.841878 0.318381 0.835235 0.312874 0.859963
0 0.315492 0.891691 0.31953 0.873141 0.309727 0.866395 0.305688 0.884945
0 0.241599 0.713099 0.245322 0.695896 0.234201 0.688289 0.230478 0.705492
0 0.324786 1.00708 0.32799 0.985309 0.318088 0.980704 0.314884 1.00248
0 0.167057 0.826665 0.190508 0.797803 0.179427 0.769348 0.155976 0.79821
0 0.0872581 0.773009 0.08806 0.753852 0.0764797 0.752321 0.0756778 0.771477
0 0.523175 0.745426 0.526481 0.7307 0.512497 0.720779 0.509191 0.735505
0 0.287723 0.94009 0.289948 0.923531 0.279283 0.919002 0.277058 0.93556
0 0.467064 0.108664 0.464719 0.069641 0.441267 0.0740951 0.443612 0.113118
0 0.384406 0.969216 0.387058 0.949863 0.377847 0.945874 0.375195 0.965227
0 0.0526218 1.00944 0.0695591 0.968694 0.0532531 0.94727 0.0363158 0.988013
0 0.110979 0.736982 0.122119 0.701924 0.108719 0.688466 0.097578 0.723524
0 0.521361 0.790491 0.523486 0.770602 0.510392 0.766181 0.508267 0.78607
0 0.0890995 0.754248 0.0910755 0.735456 0.0793808 0.73157 0.0774048 0.750361
0 0.343113 0.934972 0.344044 0.915704 0.331746 0.913826 0.330815 0.933094
0 0.0981667 0.871088 0.100433 0.841734 0.0835992 0.837626 0.081333 0.866981
0 0.494004 0.413719 0.494683 0.391814 0.478546 0.390234 0.477867 0.412139
0 0.388777 0.925029 0.392503 0.904852 0.382015 0.898731 0.378289 0.918908
0 0.0255693 0.831623 0.0343273 0.801064 0.0206088 0.788638 0.0118508 0.819197
0 0.635885 1.02718 0.79556 0.813769 0.757486 0.723735 0.597811 0.937143
0 0.593634 0.905137 0.596583 0.881253 0.583906 0.876306 0.580957 0.900191
0 0.331378 1.00116 0.332058 0.981911 0.319356 0.980491 0.318676 0.999737
0 0.959311 0.817265 0.970182 0.796865 0.950508 0.763732 0.939637 0.784131
0 0.629954 0.642824 0.629673 0.611411 0.617055 0.611767 0.617336 0.64318
0 0.251132 0.761162 0.253488 0.74205 0.241649 0.737438 0.239293 0.75655
0 0.539789 0.771461 0.541757 0.750636 0.530613 0.747309 0.528646 0.768134
0 0.614498 0.741919 0.618671 0.713518 0.606085 0.707674 0.601912 0.736074
0 0.407409 0.985867 0.410298 0.965725 0.399541 0.960847 0.396651 0.98099
0 0.495522 1.00513 0.494665 0.952936 0.435936 0.955984 0.436793 1.00818
0 0.440177 0.739302 0.448806 0.71407 0.427224 0.690741 0.418594 0.715973
0 0.598355 0.704103 0.605006 0.655606 0.581896 0.645588 0.575244 0.694086
0 0.697912 0.830269 0.714839 0.79338 0.699328 0.770885 0.682401 0.807773
0 0.372131 0.861492 0.37569 0.844857 0.367629 0.839408 0.364071 0.856043
0 0.425877 0.96545 0.430066 0.946101 0.419352 0.938771 0.415164 0.95812
0 0.204255 0.504879 0.198026 0.470245 0.172538 0.484734 0.178767 0.519369
0 0.234408 0.649501 0.235037 0.634475 0.22661 0.633361 0.225981 0.648387
0 0.559216 0.929378 0.562397 0.908979 0.549761 0.902752 0.54658 0.923152
0 0.593646 0.700472 0.596111 0.663439 0.579674 0.659981 0.57721 0.697014
0 0.562157 0.675244 0.563672 0.658429 0.55154 0.654973 0.550024 0.671788
0 0.102753 0.928456 0.123692 0.908425 0.117876 0.889211 0.0969374 0.909243
0 0.190427 0.303958 0.218261 0.277645 0.189132 0.180265 0.161298 0.206578
0 0.477306 0.929316 0.480817 0.891298 0.459759 0.885152 0.456248 0.92317
0 0.625461 0.818543 0.628555 0.799196 0.617566 0.793642 0.614471 0.812988
0 0.5629 0.411775 0.565526 0.373177 0.538101 0.367281 0.535475 0.405879
0 0.0619962 0.125641 0.0652608 -0.0186908 -0.0161315 -0.0245093 -0.0193961 0.119822
0 0.411618 0.859744 0.413483 0.841707 0.404198 0.838672 0.402333 0.856709
0 0.413016 0.975526 0.417668 0.958676 0.408645 0.950803 0.403993 0.967653
0 0.208879 0.861709 0.210447 0.835335 0.193912 0.832228 0.192344 0.858602
