0 0.431312 0.583754 0.434065 0.535385 0.406326 0.530396 0.403573 0.578765
0 0.386646 0.967094 0.384272 0.859409 0.318743 0.863975 0.321116 0.971659
0 0.988389 1.07758 1.02656 0.857836 0.816587 0.742558 0.778414 0.962306
0 0.475192 0.972521 0.460701 0.874988 0.41338 0.897209 0.427871 0.994741
0 0.323418 0.930999 0.323303 0.893454 0.300714 0.893672 0.300829 0.931217
0 0.285219 0.947415 0.311908 0.892412 0.293353 0.863957 0.266664 0.91896
0 0.319506 0.970079 0.337925 0.928028 0.322736 0.907002 0.304317 0.949053
0 0.3935 0.880562 0.388398 0.830387 0.354785 0.841189 0.359887 0.891364
0 0.29907 0.890156 0.297887 0.84068 0.267642 0.842966 0.268825 0.892442
0 0.416558 0.903256 0.419127 0.873407 0.402238 0.868812 0.399668 0.89866
0 0.0466369 0.635486 0.0389181 0.580559 -0.00540358 0.600243 0.00231524 0.655171
0 0.329652 0.898951 0.332971 0.829097 0.303756 0.824711 0.300437 0.894564
0 0.375168 1.00888 0.393313 0.953293 0.370066 0.92931 0.351921 0.984896
0 0.812927 0.753753 0.814238 0.697225 0.791681 0.695572 0.79037 0.7521
0 0.42423 0.996256 0.433087 0.956064 0.419021 0.946268 0.410165 0.98646
0 0.463266 1.00964 0.510129 0.999162 0.499478 0.848552 0.452616 0.859026
0 0.342323 0.752594 0.338486 0.717257 0.316704 0.724732 0.320541 0.760069
0 0.886164 0.688053 0.887874 0.623848 0.850969 0.620743 0.849259 0.684948
0 0.826223 0.698024 0.834812 0.660452 0.818839 0.648912 0.81025 0.686483
0 0.838009 0.563978 0.835357 0.514133 0.79339 0.521191 0.796042 0.571036
0 0.550949 0.564474 0.552058 0.523055 0.528415 0.521054 0.527306 0.562473
0 0.5357 0.989081 0.539052 0.923276 0.501405 0.917215 0.498053 0.98302
0 0.456774 0.857841 0.462101 0.816271 0.441636 0.807984 0.43631 0.849553
0 0.773413 0.769387 0.782061 0.744574 0.762811 0.723369 0.754163 0.748182
0 0.217227 0.962157 0.229117 0.925584 0.21599 0.912096 0.2041 0.948669
0 0.52281 0.926037 0.525814 0.894892 0.510334 0.890173 0.507329 0.921318
0 0.789874 1.04735 0.841425 0.963474 0.759386 0.804119 0.707835 0.887998
0 0.481221 0.709848 0.488104 0.685557 0.477057 0.675666 0.470175 0.699957
0 0.488895 0.819603 0.494762 0.791741 0.481043 0.782611 0.475176 0.810473
0 0.189119 0.976823 0.205492 0.957448 0.197818 0.936953 0.181445 0.956327
0 0.492972 0.839641 0.494691 0.815705 0.478466 0.812025 0.476748 0.83596
0 0.397901 0.768922 0.399953 0.751006 0.388747 0.74695 0.386696 0.764866
0 0.759078 0.741055 0.768735 0.719513 0.753123 0.697395 0.743466 0.718936
0 0.0495583 0.817691 0.0517963 0.792712 0.0395455 0.789243 0.0373075 0.814222
0 0.0749899 0.763903 0.0905617 0.716099 0.072023 0.697013 0.0564513 0.744817
0 0.531855 0.90927 0.535599 0.883119 0.520799 0.876422 0.517055 0.902573
0 0.0216996 1.03983 0.0860514 0.941798 0.0442967 0.855171 -0.0200551 0.953204
0 0.0581012 0.791347 0.0562037 0.757713 0.0248385 0.763305 0.026736 0.79694
0 0.771515 0.591549 0.773651 0.56413 0.759081 0.560542 0.756945 0.587962
0 0.287513 0.858314 0.311868 0.834754 0.304086 0.809333 0.279732 0.832893
0 0.750658 0.745906 0.751576 0.706472 0.731282 0.70498 0.730364 0.744413
0 0.409756 0.862942 0.416615 0.811022 0.395109 0.802042 0.38825 0.853963
0 0.403252 0.907905 0.408009 0.873231 0.387962 0.86454 0.383206 0.899214
0 0.0322705 0.839951 0.0360962 0.806679 0.0186617 0.800344 0.014836 0.833615
0 0.542939 0.894586 0.548538 0.857079 0.530141 0.848401 0.524543 0.885908
0 0.0663621 0.797102 0.0804134 0.76644 0.0659141 0.74544 0.0518628 0.776101
0 0.938352 0.766055 0.947239 0.73547 0.927571 0.717408 0.918684 0.747993
0 0.824719 0.658369 0.823948 0.634148 0.800442 0.636512 0.801213 0.660734
0 0.585222 1.00339 0.585553 0.973558 0.557471 0.972573 0.55714 1.0024
0 0.76803 0.808267 0.77716 0.748952 0.722135 0.722185 0.713005 0.7815
0 0.55647 0.982617 0.559525 0.945714 0.543589 0.941545 0.540534 0.978448
0 0.390276 0.845099 0.398644 0.814077 0.384976 0.802425 0.376608 0.833447
0 0.395993 0.804869 0.40549 0.772643 0.394402 0.762315 0.384905 0.794541
0 0.0157639 0.854676 0.0183311 0.821251 -0.00150885 0.816435 -0.00407603 0.849861
0 0.42705 0.843138 0.43094 0.816067 0.415304 0.808965 0.411413 0.836036
0 0.743961 0.640855 0.751089 0.62193 0.735658 0.603559 0.728529 0.622484
0 0.789877 0.745482 0.795408 0.709583 0.774903 0.699598 0.769372 0.735498
0 0.167122 0.998213 0.190369 0.983199 0.185914 0.961397 0.162667 0.976411
0 0.564899 0.985155 0.585096 0.963973 0.567736 0.911655 0.547538 0.932837
0 0.847433 0.634039 0.849974 0.601432 0.829391 0.596362 0.826849 0.628968
0 0.291408 0.960846 0.310431 0.932193 0.29853 0.907223 0.279507 0.935876
0 0.477587 0.823296 0.480853 0.802604 0.466068 0.795229 0.462802 0.815921
0 0.414865 0.777462 0.417525 0.754616 0.401981 0.748895 0.399321 0.771741
0 0.0329771 0.677052 0.0348842 0.645664 0.0167832 0.642188 0.0148761 0.673576
0 0.786952 0.730417 0.795799 0.706066 0.777956 0.685578 0.769109 0.709929
0 0.052785 0.743847 0.0545062 0.720007 0.0406765 0.716851 0.0389553 0.740691
0 0.366062 0.539803 0.366997 0.505765 0.348355 0.504147 0.34742 0.538185
0 0.40465 0.696176 0.415276 0.672625 0.403271 0.655505 0.392644 0.679055
0 0.298161 0.980342 0.312258 0.951559 0.301832 0.935421 0.287735 0.964204
0 0.389376 1.00999 0.400032 0.974666 0.38765 0.96286 0.376994 0.998181
0 0.384445 0.67488 0.397715 0.650006 0.38997 0.636946 0.3767 0.661821
0 0.46391 0.889269 0.477483 0.849336 0.462217 0.832939 0.448645 0.872872
0 0.526772 1.00616 0.527327 0.976063 0.502534 0.974619 0.501979 1.00472
0 0.34618 0.722125 0.347309 0.702936 0.336514 0.700929 0.335385 0.720118
0 0.214633 0.894568 0.220141 0.874992 0.211289 0.867121 0.205781 0.886696
0 0.182348 1.01261 0.194347 0.995025 0.186531 0.978171 0.174532 0.995759
0 0.542893 0.798372 0.558694 0.768146 0.544398 0.744524 0.528596 0.77475
0 0.774746 0.684266 0.77856 0.665396 0.763954 0.656067 0.76014 0.674937
0 0.51498 0.907464 0.519642 0.876123 0.504683 0.869091 0.500021 0.900432
0 0.357367 1.01232 0.361292 0.972879 0.324354 0.961261 0.320429 1.0007
0 0.825623 0.722155 0.827669 0.701936 0.815284 0.697975 0.813238 0.718194
0 0.273302 0.917742 0.277073 0.87914 0.256871 0.872903 0.2531 0.911506
0 0.304578 0.802909 0.328103 0.76835 0.313951 0.737904 0.290426 0.772463
0 0.470331 0.850605 0.478247 0.828438 0.467055 0.815806 0.459139 0.837973
0 0.273933 0.532734 0.280038 0.502884 0.260713 0.490392 0.254608 0.520243
0 0.358915 0.567163 0.3615 0.549954 0.351088 0.545011 0.348503 0.562221
0 0.530922 0.808319 0.533322 0.786338 0.513572 0.779525 0.511173 0.801506
0 0.419703 0.750372 0.420901 0.731965 0.409087 0.729535 0.407889 0.747941
0 0.421245 0.933604 0.432119 0.90216 0.419534 0.888404 0.40866 0.919848
0 0.236318 0.941166 0.254357 0.915739 0.245601 0.896106 0.227562 0.921533
0 0.552381 0.620325 0.563228 0.583685 0.543048 0.564803 0.532201 0.601442
0 0.598567 0.815982 0.616604 0.799092 0.610866 0.779724 0.592829 0.796614
0 0.256574 0.742599 0.267887 0.696984 0.246789 0.680446 0.235475 0.726061
0 0.507196 0.821101 0.508841 0.796886 0.497022 0.794347 0.495377 0.818563
0 0.426369 0.659953 0.428297 0.638797 0.415415 0.635086 0.413486 0.656243
0 0.611849 0.791156 0.607846 0.725203 0.583296 0.729912 0.587299 0.795865
0 0.522901 0.866319 0.526196 0.83748 0.510359 0.831762 0.507065 0.860601
0 0.42478 0.76834 0.427025 0.749344 0.415999 0.745226 0.413754 0.764223
0 0.224516 0.971679 0.229222 0.947578 0.218849 0.941175 0.214142 0.965277
0 0.102961 1.00006 0.116126 0.969005 0.10705 0.956843 0.0938845 0.987895
0 0.838596 0.736221 0.839657 0.709315 0.822064 0.707123 0.821004 0.73403
0 0.471759 0.738054 0.473873 0.718076 0.463744 0.714688 0.461629 0.734665
0 0.762732 0.685191 0.76357 0.664308 0.749879 0.662573 0.749042 0.683457
0 0.409055 0.92267 0.411765 0.902117 0.400884 0.897583 0.398174 0.918136
0 0.470252 0.720317 0.473258 0.694836 0.461341 0.690392 0.458335 0.715873
0 0.420012 0.80457 0.424593 0.791352 0.412281 0.777866 0.4077 0.791084
0 0.532126 0.844238 0.536204 0.819719 0.524907 0.813781 0.520829 0.8383
0 0.062251 0.770998 0.0656581 0.748648 0.0520509 0.742092 0.0486439 0.764443
0 0.558751 0.878962 0.570328 0.838644 0.545795 0.816379 0.534218 0.856697
0 0.0391316 0.811261 0.0402091 0.788312 0.019948 0.785305 0.0188705 0.808255
0 0.634658 1.00707 0.637894 0.962785 0.613241 0.957091 0.610005 1.00138
0 0.452201 1.0052 0.452399 0.979702 0.433872 0.979247 0.433674 1.00474
0 0.599897 0.981185 0.594856 0.915125 0.571673 0.920716 0.576714 0.986776
0 0.605612 1.01111 0.619703 0.97186 0.600455 0.95002 0.586363 0.989271
0 0.49151 0.869346 0.497652 0.840579 0.479831 0.828555 0.47369 0.857322
0 0.551537 1.00368 0.551466 0.975649 0.53115 0.97581 0.53122 1.00385
0 0.435073 0.624725 0.448018 0.607024 0.434037 0.574706 0.421091 0.592407
0 0.420907 0.711925 0.422431 0.691807 0.410796 0.689021 0.409272 0.709139
0 0.523032 0.827044 0.526744 0.804279 0.513937 0.79768 0.510225 0.820444
0 0.617936 0.969877 0.625264 0.945106 0.61043 0.931235 0.603102 0.956006
0 0.0298351 0.75965 0.0439141 0.744255 0.0374831 0.725668 0.0234041 0.741063
0 0.845905 0.595326 0.850397 0.579484 0.836892 0.567382 0.8324 0.583224
0 0.118639 0.922911 0.128542 0.902769 0.120874 0.890853 0.110971 0.910995
0 0.822517 0.742393 0.824065 0.722382 0.813246 0.719738 0.811699 0.739749
0 0.247168 0.833193 0.247909 0.816144 0.238288 0.814822 0.237547 0.831871
0 0.5034 0.392335 0.502841 0.360392 0.483577 0.361458 0.484137 0.393401
0 0.736476 0.993924 0.732389 0.910066 0.69468 0.915875 0.698767 0.999732
0 0.130417 0.997746 0.138514 0.967982 0.126422 0.957586 0.118326 0.987351
0 0.771775 0.728551 0.777902 0.702253 0.763824 0.691887 0.757697 0.718186
0 0.165078 0.907302 0.164753 0.883073 0.15036 0.883683 0.150685 0.907912
0 0.529079 0.583964 0.533444 0.550806 0.516642 0.543816 0.512277 0.576973
0 0.237138 0.962836 0.239661 0.94318 0.225063 0.937258 0.222541 0.956914
0 0.95929 0.548876 0.959489 0.526177 0.943658 0.525739 0.943459 0.548438
0 0.897937 0.626975 0.895644 0.603119 0.873793 0.609757 0.876086 0.633613
0 0.273378 0.966768 0.280887 0.92482 0.256005 0.910744 0.248497 0.952692
0 0.841227 0.532901 0.843993 0.50759 0.825309 0.501137 0.822543 0.526447
0 0.792773 0.764489 0.796908 0.745977 0.782835 0.736042 0.7787 0.754554
0 0.623952 0.788629 0.645015 0.733884 0.625236 0.709834 0.604174 0.764578
0 0.482437 0.146638 0.485809 0.118358 0.471474 0.112956 0.468102 0.141235
0 0.0921186 0.997548 0.105194 0.965842 0.0953943 0.953069 0.0823187 0.984775
0 0.0179736 0.760379 0.0228943 0.741317 0.0121746 0.732571 0.00725389 0.751633
0 0.501891 0.807099 0.503352 0.782494 0.492264 0.780412 0.490802 0.805018
0 0.56186 0.938558 0.56549 0.897898 0.542706 0.89147 0.539076 0.93213
0 0.192197 0.416392 0.196126 0.3756 0.149892 0.361525 0.145963 0.402316
0 0.382919 0.811223 0.391202 0.789039 0.38139 0.777461 0.373108 0.799645
0 0.805795 0.535182 0.841794 0.502343 0.830346 0.462678 0.794346 0.495518
0 0.184919 0.893243 0.186188 0.873553 0.174394 0.87115 0.173125 0.890839
0 0.435682 1.00431 0.439718 0.974618 0.426898 0.96911 0.422862 0.998802
0 0.0545212 0.657689 0.0651961 0.634168 0.0553118 0.619991 0.044637 0.643512
0 0.623477 0.387875 0.625944 0.327584 0.593296 0.323361 0.590829 0.383653
0 0.452129 0.719122 0.453436 0.701816 0.442681 0.699248 0.441374 0.716554
0 0.0479089 0.666436 0.0488964 0.646564 0.0359271 0.644527 0.0349396 0.664399
0 0.281116 0.397556 0.283359 0.360438 0.263546 0.356655 0.261303 0.393772
0 0.196622 0.945394 0.200746 0.928398 0.192455 0.92204 0.188332 0.939036
0 0.618663 0.920548 0.622289 0.885608 0.604737 0.879851 0.60111 0.914791
0 0.512801 0.590629 0.536189 0.505788 0.507829 0.481079 0.484441 0.56592
0 0.556214 0.766802 0.565891 0.742261 0.54583 0.717262 0.536154 0.741803
0 0.611197 0.881191 0.613772 0.829192 0.582183 0.824249 0.579609 0.876248
0 0.567471 0.908646 0.571371 0.888392 0.55488 0.878355 0.55098 0.898609
0 0.264881 0.839657 0.269822 0.817188 0.259062 0.80971 0.254121 0.832179
0 0.449372 0.80862 0.450568 0.793204 0.441138 0.790892 0.439942 0.806308
0 0.420822 0.864036 0.424183 0.844214 0.414335 0.838937 0.410974 0.85876
0 0.469266 1.00597 0.470312 0.979685 0.452364 0.977427 0.451318 1.00371
0 0.458389 0.133105 0.458355 0.0851371 0.42335 0.0852155 0.423384 0.133184
0 0.207129 0.939806 0.21186 0.918774 0.202912 0.912413 0.198181 0.933445
0 0.432155 0.697959 0.433703 0.672198 0.422063 0.669987 0.420515 0.695748
0 0.42044 0.955569 0.423414 0.924048 0.410042 0.920061 0.407068 0.951582
0 0.953213 0.781268 0.960245 0.760516 0.94507 0.744264 0.938038 0.765016
0 0.0224891 0.749527 0.0330522 0.723486 0.0230773 0.710698 0.0125142 0.736739
0 0.874818 0.625423 0.876648 0.600031 0.860267 0.5963 0.858437 0.621692
0 0.280657 1.01476 0.311101 0.995029 0.304727 0.963941 0.274282 0.983671
0 0.464056 0.685626 0.468104 0.656333 0.450018 0.648434 0.44597 0.677726
0 0.114822 0.894262 0.120051 0.879105 0.112298 0.87065 0.107068 0.885807
0 0.449396 0.882707 0.455398 0.856154 0.442369 0.846846 0.436367 0.873398
0 0.545163 0.109017 0.554435 0.0472655 0.536266 0.0386447 0.526995 0.100396
0 0.618107 0.618382 0.618307 0.58531 0.598853 0.584938 0.598652 0.61801
0 0.895841 0.5142 0.900279 0.486569 0.87527 0.473875 0.870832 0.501506
0 0.356308 0.815543 0.358311 0.778109 0.336561 0.774431 0.334558 0.811865
0 0.176575 0.973375 0.185188 0.953745 0.178819 0.944913 0.170206 0.964543
0 0.803789 0.79356 0.811116 0.768381 0.793088 0.751799 0.78576 0.776978
0 0.0947652 0.988105 0.114455 0.949867 0.105899 0.935942 0.0862088 0.97418
0 0.429806 0.819818 0.431467 0.802009 0.419447 0.798464 0.417786 0.816274
0 0.653811 0.339748 0.651223 0.313429 0.618242 0.323679 0.62083 0.349998
0 0.439032 0.894384 0.44863 0.874464 0.438718 0.859369 0.42912 0.879289
0 0.0120773 0.817963 0.0126375 0.794016 -0.001473 0.792973 -0.00203328 0.816919
0 0.492871 0.884577 0.502429 0.860483 0.482979 0.836099 0.473421 0.860193
0 0.508465 0.877599 0.511194 0.858298 0.499067 0.852878 0.496338 0.872179
0 0.936958 0.482122 0.936819 0.428078 0.906246 0.428327 0.906386 0.482371
0 0.435474 0.796129 0.438938 0.777154 0.423658 0.768337 0.420194 0.787312
0 0.797085 0.638039 0.800165 0.61597 0.78127 0.607638 0.778191 0.629707
0 0.104465 0.333074 0.121215 0.308485 0.103137 0.269565 0.0863868 0.294154
0 0.0315596 0.777874 0.0385147 0.757341 0.027858 0.745932 0.0209029 0.766465
0 0.00563741 0.797929 0.0158334 0.774493 0.0070784 0.762455 -0.00311761 0.785891
0 0.211907 0.968599 0.218936 0.941563 0.209521 0.933826 0.202491 0.960863
0 0.465292 0.693227 0.482631 0.61389 0.446266 0.588772 0.428927 0.668109
0 0.48534 0.607631 0.493014 0.584363 0.482771 0.573685 0.475096 0.596953
0 0.604763 0.170032 0.6057 0.12968 0.585429 0.128193 0.584492 0.168545
0 0.219341 0.875287 0.224248 0.853437 0.217113 0.848373 0.212206 0.870223
0 0.163064 0.986798 0.173789 0.970521 0.166537 0.955417 0.155812 0.971694
0 0.586056 0.832177 0.588801 0.801605 0.571798 0.79678 0.569053 0.827351
0 0.264872 0.9961 0.287415 0.969794 0.278961 0.946897 0.256418 0.973203
0 0.851963 0.36523 0.853222 0.315667 0.824599 0.31337 0.82334 0.362932
0 0.95952 0.532058 0.963983 0.507375 0.943285 0.495547 0.938822 0.520231
0 0.579708 0.92809 0.582479 0.906059 0.567365 0.900051 0.564594 0.922083
0 0.178562 0.99852 0.181086 0.976535 0.165277 0.9708 0.162753 0.992785
0 0.448716 0.406347 0.449699 0.341705 0.412838 0.339934 0.411856 0.404576
0 0.50762 0.368372 0.509331 0.340667 0.481967 0.335326 0.480256 0.363031
0 0.135854 0.999651 0.137028 0.978762 0.120468 0.975821 0.119294 0.99671
0 0.799386 0.653653 0.800837 0.634004 0.787779 0.630956 0.786328 0.650605
0 0.142401 0.970003 0.149247 0.949602 0.141111 0.940973 0.134265 0.961373
0 0.849502 0.526869 0.872069 0.503523 0.865125 0.482309 0.842558 0.505655
0 0.288665 0.566155 0.289662 0.54815 0.278641 0.546221 0.277644 0.564226
