0 0.9972 0.981424 1.0131 0.861287 0.80861 0.775729 0.792706 0.895867
0 0.734783 0.573854 0.737813 0.513163 0.705111 0.508002 0.70208 0.568693
0 0.0977218 0.91482 0.0969378 0.884481 0.0711219 0.886589 0.0719058 0.916928
0 0.834235 0.552846 0.84162 0.527419 0.825085 0.512241 0.8177 0.537668
0 0.325246 0.718123 0.332248 0.674319 0.299678 0.657863 0.292675 0.701668
0 0.69607 0.648695 0.708903 0.610527 0.693159 0.593798 0.680327 0.631967
0 0.595136 0.543691 0.609694 0.509948 0.59718 0.492883 0.582621 0.526627
0 0.618547 0.402951 0.628055 0.375482 0.615894 0.362179 0.606387 0.389648
0 0.781529 0.991158 0.821033 0.910425 0.755502 0.809082 0.715998 0.889815
0 0.749072 0.613359 0.748311 0.559131 0.719325 0.560415 0.720086 0.614644
0 0.576946 0.85492 0.578536 0.827473 0.56041 0.824153 0.558819 0.8516
0 0.610944 0.487309 0.618191 0.462869 0.606164 0.451596 0.598916 0.476036
0 0.610059 0.552212 0.62452 0.51738 0.611794 0.500684 0.597334 0.535516
0 0.564908 0.608257 0.567558 0.584023 0.55375 0.579252 0.5511 0.603485
0 0.107209 1.01075 0.131697 0.975202 0.117801 0.944953 0.0933138 0.980504
0 0.0156272 0.967226 0.022088 0.93253 0.0013266 0.920312 -0.0051342 0.955008
0 0.619631 0.566048 0.625632 0.539761 0.613856 0.531265 0.607855 0.557553
0 0.559927 0.641537 0.568356 0.614258 0.557742 0.603892 0.549313 0.631171
0 0.655983 0.701259 0.659915 0.663343 0.636714 0.655739 0.632782 0.693654
0 0.493882 0.812624 0.499911 0.774378 0.482903 0.765905 0.476875 0.804151
0 0.801209 0.760574 0.814429 0.733013 0.801333 0.713161 0.788114 0.740723
0 0.352998 0.888415 0.369608 0.845159 0.356051 0.828707 0.339442 0.871964
0 0.497131 0.766723 0.493108 0.722227 0.463527 0.73068 0.467551 0.775176
0 0.550819 0.918359 0.552308 0.895023 0.537879 0.892115 0.53639 0.915451
0 0.824748 0.654626 0.836109 0.63395 0.819124 0.604456 0.807764 0.625131
0 0.814844 0.730055 0.824238 0.690849 0.808385 0.678845 0.798991 0.71805
0 0.787106 0.753498 0.797143 0.729998 0.77705 0.702874 0.767012 0.726374
0 0.0705075 0.893428 0.0724298 0.868339 0.0568916 0.864576 0.0549694 0.889665
0 0.768467 0.387472 0.770197 0.360742 0.751702 0.356958 0.749972 0.383689
0 0.53733 0.207083 0.527597 0.161186 0.498058 0.180982 0.50779 0.22688
0 0.612598 0.621833 0.618722 0.597178 0.60107 0.583321 0.594946 0.607976
0 0.729813 0.49346 0.732315 0.463758 0.71494 0.459132 0.712438 0.488834
0 0.73566 0.531456 0.744144 0.510333 0.723027 0.48353 0.714543 0.504653
0 0.461888 0.887441 0.470811 0.862789 0.452106 0.841391 0.443183 0.866043
0 0.0113098 1.01617 0.0317836 0.984892 0.0177755 0.955908 -0.00269836 0.987182
0 0.62746 0.433771 0.629568 0.415913 0.617475 0.411403 0.615368 0.42926
0 0.829574 0.578854 0.838178 0.548934 0.825554 0.537462 0.816951 0.567382
0 0.632014 0.417707 0.635917 0.389494 0.62181 0.383326 0.617906 0.411539
0 0.474636 0.722859 0.476052 0.705608 0.46542 0.702849 0.464003 0.7201
0 0.544759 0.575128 0.546213 0.556019 0.535444 0.55343 0.53399 0.572539
0 0.584518 0.739452 0.586249 0.713727 0.570932 0.71047 0.569201 0.736195
0 0.811813 0.476728 0.81237 0.428068 0.780814 0.426926 0.780257 0.475585
0 0.680164 0.631552 0.69331 0.601189 0.681469 0.584986 0.668323 0.615349
0 0.553673 0.749898 0.561336 0.726811 0.551762 0.716769 0.5441 0.739857
0 0.790351 0.7188 0.795649 0.688147 0.780565 0.679908 0.775268 0.710561
0 0.88994 0.39831 0.8903 0.364299 0.867775 0.363546 0.867416 0.397557
0 0.0162901 0.938234 0.0317604 0.911988 0.021798 0.893429 0.00632776 0.919675
0 0.677909 0.57202 0.688887 0.563336 0.681062 0.532071 0.670084 0.540755
0 0.116998 0.321136 0.113653 0.277228 0.0922563 0.28238 0.0956011 0.326287
0 0.0289255 1.00421 0.0530674 0.973018 0.0438944 0.950579 0.0197525 0.98177
0 0.714322 0.519634 0.714987 0.50013 0.701951 0.498724 0.701286 0.518229
0 0.384272 0.727454 0.39533 0.691848 0.377644 0.674488 0.366586 0.710095
0 0.801478 0.628753 0.803962 0.609033 0.791028 0.603884 0.788544 0.623604
0 0.715186 0.592078 0.717843 0.570786 0.703866 0.565274 0.701209 0.586566
0 0.805287 0.620877 0.81327 0.602357 0.799535 0.583647 0.791553 0.602167
0 0.615511 0.933852 0.622997 0.91797 0.608976 0.897083 0.60149 0.912965
0 0.640944 0.404082 0.644398 0.381017 0.632527 0.3754 0.629073 0.398465
0 0.471846 0.69249 0.478629 0.663112 0.467746 0.65517 0.460962 0.684548
0 0.0841859 0.902613 0.101735 0.860548 0.0851939 0.838738 0.0676448 0.880803
0 0.703499 0.577777 0.709199 0.5518 0.697172 0.543458 0.691472 0.569436
0 0.77747 0.630789 0.779564 0.611772 0.765527 0.606886 0.763433 0.625903
0 0.713147 0.484826 0.716552 0.463607 0.704458 0.457473 0.701053 0.478691
0 0.471766 0.860258 0.48426 0.822453 0.468873 0.806381 0.456379 0.844186
0 0.5404 0.714244 0.547112 0.687428 0.536331 0.6789 0.529619 0.705715
0 0.784802 0.673293 0.794603 0.649719 0.777066 0.626676 0.767265 0.65025
0 0.837498 0.460433 0.835851 0.406914 0.809928 0.409435 0.811575 0.462955
0 0.0312536 0.952146 0.0351828 0.921671 0.0202694 0.915594 0.0163402 0.946069
0 0.519203 0.880891 0.525258 0.857073 0.512391 0.846733 0.506335 0.870551
0 0.731901 0.389675 0.734191 0.365037 0.72054 0.361027 0.71825 0.385664
0 0.545043 0.610786 0.545273 0.577346 0.530741 0.577031 0.530512 0.610471
0 0.621365 1.01556 0.641428 0.979155 0.610323 0.92498 0.590261 0.961385
0 0.697145 0.552891 0.703334 0.531458 0.692637 0.521696 0.686448 0.543128
0 0.709575 0.50221 0.712972 0.485125 0.701975 0.478215 0.698579 0.4953
0 0.692911 0.49315 0.698994 0.47935 0.686699 0.462221 0.680616 0.476021
0 0.770918 0.619846 0.776696 0.594804 0.761425 0.583669 0.755648 0.608711
0 0.785308 0.820917 0.796169 0.681312 0.682946 0.653474 0.672085 0.793079
0 0.65818 0.444431 0.664808 0.417566 0.654333 0.409398 0.647705 0.436263
0 0.572677 0.705797 0.578622 0.6862 0.565933 0.674034 0.559987 0.69363
0 0.522571 0.587166 0.529463 0.565213 0.520334 0.556156 0.513442 0.578108
0 0.631798 0.680966 0.632678 0.657659 0.61792 0.655898 0.61704 0.679205
0 0.755957 0.353593 0.75901 0.330415 0.74799 0.325828 0.744937 0.349005
0 0.743702 0.645389 0.752265 0.618191 0.741946 0.607922 0.733382 0.63512
0 0.298985 0.673607 0.30421 0.634682 0.255392 0.613971 0.250166 0.652896
0 0.504279 0.646529 0.512906 0.620061 0.5036 0.610475 0.494973 0.636943
0 0.543773 0.641342 0.550708 0.626618 0.538816 0.608913 0.53188 0.623637
0 0.525726 0.60921 0.529259 0.585956 0.519436 0.581239 0.515903 0.604492
0 0.80278 0.318541 0.806162 0.268313 0.774148 0.261501 0.770767 0.311729
0 0.544865 0.842484 0.552375 0.814211 0.543047 0.80638 0.535537 0.834652
0 0.514022 0.834466 0.518466 0.806476 0.506913 0.800679 0.502469 0.828669
0 0.607162 0.392471 0.612397 0.370304 0.603258 0.363482 0.598023 0.38565
0 0.830594 0.747087 0.846584 0.730098 0.82816 0.675296 0.81217 0.692286
0 0.521112 0.665377 0.527085 0.64145 0.517015 0.633505 0.511042 0.657433
0 0.374396 0.924992 0.387089 0.879591 0.370717 0.865125 0.358024 0.910526
0 0.745463 0.396366 0.753591 0.371098 0.741018 0.358316 0.732891 0.383584
0 0.747999 0.671423 0.747572 0.636347 0.73211 0.636942 0.732537 0.672019
0 0.488419 0.726119 0.498513 0.713664 0.487011 0.684206 0.476918 0.696662
0 0.48338 0.661602 0.492938 0.640514 0.485004 0.629148 0.475446 0.650237
0 0.565598 0.576599 0.570291 0.552306 0.559187 0.545527 0.554495 0.569821
0 0.530533 0.686192 0.535833 0.662095 0.527167 0.65607 0.521866 0.680167
0 0.642054 0.448856 0.645702 0.428636 0.634818 0.422429 0.63117 0.442649
0 0.0926709 0.976221 0.106279 0.945642 0.0918794 0.925389 0.0782712 0.955968
0 0.750988 0.469152 0.765346 0.452279 0.751215 0.414272 0.736856 0.431145
0 0.579958 0.535955 0.582471 0.50833 0.566162 0.503642 0.563649 0.531267
0 0.0766535 0.86638 0.099655 0.831277 0.0875724 0.806255 0.0645709 0.841359
0 0.62516 0.732432 0.627146 0.706967 0.60778 0.702194 0.605794 0.72766
0 0.53895 0.863613 0.547997 0.840926 0.53968 0.830443 0.530632 0.85313
0 0.800471 0.729646 0.803774 0.707675 0.790322 0.701283 0.787019 0.723254
0 0.495346 0.638593 0.504989 0.610895 0.494003 0.598808 0.48436 0.626505
0 0.55744 0.812872 0.556448 0.765502 0.530713 0.767204 0.531704 0.814574
0 0.554615 0.886326 0.563891 0.857413 0.554335 0.847724 0.545059 0.876637
0 0.637946 0.36141 0.638505 0.336224 0.626658 0.335394 0.6261 0.36058
0 0.608502 0.568018 0.614612 0.54679 0.600621 0.534062 0.594511 0.555291
0 0.743929 0.369799 0.747548 0.339391 0.731847 0.333484 0.728228 0.363892
0 0.622099 0.450267 0.624731 0.434109 0.614701 0.428946 0.612069 0.445105
0 0.699466 0.427389 0.706833 0.402924 0.688344 0.38533 0.680978 0.409795
0 0.633039 0.465536 0.635062 0.445342 0.621994 0.441204 0.619971 0.461398
0 0.422156 0.832724 0.439069 0.73356 0.389821 0.707014 0.372908 0.806178
0 0.547167 0.884021 0.55008 0.860407 0.539199 0.856165 0.536286 0.879779
0 0.856598 0.407325 0.860112 0.389379 0.846622 0.38103 0.843108 0.398976
0 0.691423 0.439219 0.695409 0.419757 0.680168 0.409889 0.676181 0.429352
0 0.572607 0.681411 0.577601 0.657695 0.563623 0.648393 0.55863 0.672109
0 0.793283 0.593193 0.79498 0.572885 0.780007 0.56893 0.778309 0.589238
0 0.0743284 0.775334 0.0770486 0.751107 0.0633599 0.74625 0.0606396 0.770476
0 0.611327 0.433134 0.614895 0.413689 0.605037 0.407972 0.601469 0.427417
0 0.63583 0.693605 0.637616 0.66887 0.626738 0.666388 0.624953 0.691124
0 0.622119 0.638181 0.62286 0.617797 0.605784 0.615836 0.605044 0.636219
0 0.640004 0.318526 0.642091 0.295065 0.628542 0.291256 0.626455 0.314718
0 0.627111 0.485328 0.631059 0.464635 0.618955 0.457336 0.615007 0.47803
0 0.486783 0.594228 0.489249 0.571084 0.476626 0.566833 0.47416 0.589977
0 0.693118 0.387935 0.697874 0.375182 0.687774 0.363277 0.683018 0.37603
0 0.724176 0.637227 0.728118 0.614564 0.716567 0.608213 0.712625 0.630876
0 0.779535 0.709736 0.781967 0.677931 0.767323 0.674392 0.764891 0.706197
0 0.538117 0.75498 0.54096 0.729653 0.527716 0.724955 0.524873 0.750282
0 0.821057 0.564544 0.823689 0.542221 0.812413 0.538021 0.809782 0.560343
0 0.764877 0.665137 0.767136 0.632944 0.753756 0.629976 0.751496 0.662169
0 0.409926 0.962131 0.426952 0.929621 0.412721 0.906066 0.395695 0.938575
0 0.485479 0.705418 0.49023 0.677858 0.478045 0.671219 0.473294 0.69878
0 0.469102 0.620319 0.472578 0.599854 0.463386 0.59492 0.45991 0.615385
0 0.653945 0.379222 0.659601 0.355235 0.649434 0.347658 0.643778 0.371645
0 0.585469 0.452878 0.593438 0.414427 0.574326 0.401907 0.566356 0.440358
0 0.822263 0.546607 0.823909 0.512051 0.805769 0.50932 0.804123 0.543876
0 0.582633 0.561871 0.586211 0.540866 0.577519 0.536187 0.573941 0.557191
0 0.619112 0.674584 0.622126 0.64446 0.607175 0.639732 0.604161 0.669856
0 0.848145 0.516423 0.848973 0.489255 0.831002 0.487525 0.830174 0.514692
0 0.808002 0.677785 0.82296 0.643511 0.810931 0.62692 0.795973 0.661193
0 0.565645 0.571224 0.569331 0.545416 0.556588 0.539664 0.552902 0.565473
0 0.571379 0.830311 0.574624 0.809748 0.562487 0.803694 0.559241 0.824256
0 0.606308 0.414172 0.60984 0.391862 0.601919 0.387899 0.598387 0.410208
0 0.513218 0.613925 0.518278 0.591983 0.508339 0.58474 0.50328 0.606682
0 0.502671 0.884187 0.505643 0.83202 0.469476 0.825507 0.466503 0.877674
0 0.768625 0.583847 0.77533 0.56064 0.764814 0.551038 0.758109 0.574246
0 0.642324 0.480165 0.64911 0.458314 0.638514 0.447913 0.631728 0.469764
0 0.744502 0.43973 0.75363 0.43172 0.742497 0.391626 0.733369 0.399636
0 0.523976 0.841826 0.527807 0.822027 0.516691 0.815229 0.51286 0.835028
0 0.0657397 0.878723 0.0701207 0.852188 0.0534661 0.843497 0.0490851 0.870032
0 0.606759 0.500768 0.611185 0.48389 0.601939 0.476229 0.597514 0.493106
0 0.507488 0.891467 0.51114 0.853244 0.482738 0.84467 0.479087 0.882892
0 0.851129 0.406138 0.85417 0.384353 0.839655 0.377949 0.836614 0.399735
0 0.68424 0.364132 0.690804 0.342282 0.674004 0.326334 0.667441 0.348183
0 0.548263 0.683266 0.55927 0.658968 0.549536 0.645032 0.538529 0.66933
0 0.616903 0.37023 0.622522 0.347388 0.612553 0.339638 0.606934 0.36248
0 0.598984 0.59179 0.6022 0.573779 0.593112 0.568649 0.589896 0.58666
0 0.716376 0.622794 0.722173 0.599123 0.708838 0.588802 0.703041 0.612473
0 0.456458 0.725654 0.465745 0.673536 0.450291 0.664834 0.441005 0.716951
0 0.599264 0.478243 0.602257 0.458392 0.593132 0.454042 0.590138 0.473893
0 0.569533 0.511203 0.571583 0.475444 0.554551 0.472359 0.552502 0.508118
0 0.588973 0.474131 0.591387 0.455516 0.580843 0.451195 0.578429 0.469809
0 0.483757 0.613103 0.485538 0.591267 0.475406 0.588655 0.473625 0.61049
0 0.930656 0.284088 0.931405 0.227195 0.909859 0.226299 0.90911 0.283193
0 0.608337 0.590179 0.614757 0.576385 0.605308 0.562488 0.598889 0.576282
0 0.58318 0.618353 0.587342 0.595273 0.576304 0.588983 0.572143 0.612064
0 0.644306 0.505015 0.647421 0.476826 0.63562 0.472705 0.632506 0.500894
0 0.907461 0.764157 0.917732 0.704335 0.859551 0.672764 0.84928 0.732585
0 0.273162 0.781512 0.275469 0.637649 0.213199 0.634492 0.210892 0.778355
0 0.0141598 0.912648 0.0148093 0.874604 -0.00332285 0.873626 -0.00397225 0.911669
0 0.630647 0.507247 0.63658 0.493114 0.624814 0.4775 0.61888 0.491633
0 0.740467 0.466178 0.744014 0.438239 0.729147 0.432273 0.725599 0.460212
0 0.590765 0.578799 0.593478 0.560602 0.585705 0.556939 0.582992 0.575137
0 0.841329 0.448318 0.838695 0.397804 0.820421 0.400815 0.823054 0.451329
0 0.574654 0.562147 0.577084 0.540505 0.567369 0.537059 0.564939 0.5587
0 0.289499 0.731382 0.298716 0.702272 0.287014 0.690562 0.277797 0.719672
0 0.698913 0.362913 0.70373 0.337839 0.69311 0.331392 0.688294 0.356466
0 0.59431 0.72188 0.597588 0.694388 0.585836 0.689959 0.582557 0.717451
0 0.632143 0.531076 0.640103 0.520696 0.628561 0.492722 0.6206 0.503102
0 0.770441 0.411116 0.773571 0.388939 0.760524 0.383119 0.757394 0.405295
0 1.00145 0.543838 1.00404 0.501333 0.979262 0.496548 0.976665 0.539053
0 0.559948 0.705112 0.565292 0.677251 0.552149 0.669283 0.546805 0.697144
0 0.661461 0.638869 0.673482 0.603996 0.648715 0.577014 0.636694 0.611887
0 0.621494 0.34743 0.627906 0.326422 0.614866 0.313843 0.608454 0.334852
0 0.62754 0.642153 0.628958 0.616804 0.613381 0.61405 0.611963 0.639398
0 0.848674 0.677165 0.855206 0.656872 0.833565 0.634856 0.827033 0.655148
0 0.60705 0.456469 0.610437 0.439401 0.602462 0.4344 0.599076 0.451468
0 0.507302 0.714771 0.511028 0.682808 0.497259 0.677736 0.493534 0.7097
0 0.847772 0.442244 0.851515 0.416643 0.839994 0.41132 0.836252 0.43692
0 0.528243 0.864744 0.538068 0.834514 0.530139 0.826369 0.520314 0.856599
0 0.595238 0.641763 0.600755 0.620828 0.592109 0.613628 0.586592 0.634563
0 0.0744196 0.597086 0.0896998 0.521172 0.0643758 0.505062 0.0490956 0.580976
0 0.581828 0.505194 0.587573 0.47377 0.575596 0.466849 0.569851 0.498274
0 0.630535 0.434653 0.633572 0.417561 0.621734 0.410913 0.618697 0.428004
0 0.863072 0.399172 0.869083 0.382512 0.858355 0.370279 0.852344 0.386939
0 0.620816 0.500871 0.62449 0.484659 0.614593 0.477571 0.610919 0.493782
0 0.940666 0.193988 0.940074 0.169269 0.923898 0.170494 0.92449 0.195213
0 0.0657362 0.928958 0.0684398 0.904344 0.0526644 0.898868 0.0499608 0.923481
0 0.722884 0.31859 0.726652 0.301103 0.715968 0.293826 0.712199 0.311314
0 0.511571 0.724886 0.515005 0.693879 0.498495 0.6881 0.495061 0.719107
0 0.752931 0.583692 0.756892 0.557071 0.737695 0.548045 0.733734 0.574666
0 0.818352 0.77259 0.82078 0.750634 0.806056 0.745487 0.803628 0.767443
0 0.651222 0.307405 0.656282 0.282968 0.641276 0.273147 0.636216 0.297584
0 0.698246 0.508743 0.700931 0.490983 0.687449 0.484542 0.684764 0.502301
0 0.59521 0.608355 0.59786 0.588339 0.588341 0.584356 0.585691 0.604372
0 0.742968 0.429486 0.753586 0.416938 0.741709 0.385176 0.731091 0.397724
0 0.615854 0.445556 0.618828 0.431207 0.608996 0.424768 0.606023 0.439117
0 0.688147 0.596637 0.697896 0.575057 0.690147 0.563993 0.680398 0.585573
0 0.815118 0.432928 0.815531 0.408766 0.799987 0.407928 0.799575 0.43209
0 0.997889 0.580606 0.998425 0.550705 0.982179 0.549785 0.981643 0.579687
0 0.740782 0.37074 0.74359 0.344826 0.728034 0.339498 0.725225 0.365412
0 0.883518 0.367319 0.885558 0.343171 0.868584 0.338639 0.866544 0.362787
0 0.663797 0.67786 0.671248 0.652321 0.651359 0.633983 0.643908 0.659523
0 0.598415 0.429194 0.600726 0.408761 0.591174 0.405346 0.588863 0.425779
0 0.813964 0.2651 0.817391 0.246874 0.8053 0.239688 0.801873 0.257914
0 0.995776 0.782181 1.03964 0.626672 0.924613 0.524124 0.880748 0.679634
0 0.00903799 0.878838 0.0127254 0.850562 -0.00075895 0.845004 -0.00444634 0.87328
0 0.689851 0.477575 0.697453 0.462058 0.680311 0.435514 0.672709 0.451031
0 0.665541 0.532229 0.669439 0.516929 0.660474 0.509709 0.656576 0.52501
0 0.839548 0.584494 0.846796 0.571417 0.83828 0.5565 0.831032 0.569578
0 0.678905 0.52472 0.680775 0.503879 0.667411 0.50009 0.665542 0.520932
0 0.580287 0.556394 0.581244 0.538832 0.570771 0.537028 0.569814 0.55459
0 0.549747 0.947539 0.554459 0.920579 0.542998 0.91425 0.538287 0.94121
0 0.569115 0.719876 0.571058 0.701905 0.559862 0.698078 0.557919 0.716049
0 0.851018 0.567747 0.862201 0.552462 0.848476 0.520726 0.837293 0.536011
0 0.558385 0.583962 0.559394 0.564977 0.549078 0.563244 0.548069 0.582229
0 0.616443 0.683717 0.619763 0.653458 0.605522 0.648521 0.602203 0.67878
0 0.829608 0.223929 0.837614 0.187639 0.817389 0.173537 0.809383 0.209827
0 0.713233 0.640777 0.716943 0.613194 0.704193 0.607773 0.700483 0.635357
0 0.788632 0.627292 0.789945 0.608483 0.775554 0.605308 0.774242 0.624117
0 0.521427 0.564856 0.524177 0.542152 0.51508 0.53867 0.51233 0.561374
0 0.806711 0.393103 0.809757 0.372743 0.795224 0.365872 0.792178 0.386231
0 0.211635 0.815612 0.230964 0.721343 0.172516 0.683467 0.153187 0.777737
0 0.930421 0.215621 0.930999 0.188308 0.911162 0.18698 0.910584 0.214293
0 0.579621 0.647412 0.580307 0.628277 0.569291 0.627029 0.568605 0.646164
0 0.0491326 0.971282 0.0589504 0.931303 0.0422022 0.918304 0.0323844 0.958284
0 0.591827 0.684777 0.606724 0.659602 0.59829 0.64383 0.583394 0.669005
0 0.598193 0.41096 0.601351 0.377406 0.586836 0.373088 0.583678 0.406642
0 0.627228 0.779712 0.633378 0.763506 0.616523 0.743289 0.610372 0.759495
0 0.506232 0.598897 0.510474 0.57556 0.50097 0.5701 0.496727 0.593437
0 0.0619091 0.108335 0.0897963 0.0088784 0.0592091 -0.0182277 0.0313219 0.0812287
0 0.920968 0.543396 0.922811 0.517616 0.908811 0.514454 0.906968 0.540233
0 0.660913 0.386706 0.664378 0.371198 0.655122 0.36466 0.651656 0.380169
0 0.799783 0.800821 0.810803 0.778667 0.791561 0.748416 0.780541 0.770569
0 0.582436 0.638103 0.585494 0.619804 0.576864 0.615246 0.573805 0.633544
0 0.859426 0.785231 0.868371 0.761887 0.844327 0.732766 0.835381 0.75611
0 0.836203 0.242389 0.850522 0.214845 0.839749 0.197145 0.82543 0.22469
0 0.478928 0.64564 0.481277 0.625938 0.470175 0.621754 0.467826 0.641457
0 0.641648 0.497521 0.646298 0.477401 0.635582 0.469572 0.630931 0.489693
0 0.869536 0.356439 0.878546 0.34117 0.864736 0.315418 0.855727 0.330687
0 0.912735 0.564351 0.914339 0.53248 0.893675 0.529192 0.892071 0.561062
0 0.787816 0.610646 0.790062 0.594545 0.776968 0.588772 0.774722 0.604873
0 0.733699 0.633796 0.738614 0.614122 0.724488 0.602968 0.719573 0.622643
0 0.96271 0.312563 0.955894 0.2692 0.926522 0.283791 0.933338 0.327154
0 0.510499 0.748471 0.51153 0.724559 0.499335 0.722898 0.498305 0.74681
0 0.63549 0.339356 0.636852 0.318521 0.626167 0.316313 0.624805 0.337148
0 0.971382 0.363046 0.978254 0.34226 0.970154 0.333798 0.963283 0.354584
0 0.602665 1.00644 0.60622 0.965039 0.578954 0.95764 0.5754 0.999039
0 0.169221 0.326409 0.190728 0.241973 0.124482 0.188645 0.102975 0.273081
0 0.190639 0.304168 0.219263 0.271543 0.186838 0.18163 0.158214 0.214255
0 0.501775 0.6766 0.50579 0.648941 0.490537 0.641944 0.486522 0.669603
0 0.735905 0.480544 0.739251 0.457069 0.726195 0.451189 0.72285 0.474665
0 0.645232 0.294544 0.651066 0.261792 0.630938 0.250461 0.625104 0.283213
0 0.631172 0.57238 0.634158 0.552271 0.625233 0.548082 0.622247 0.568192
0 0.441383 0.711858 0.445982 0.684306 0.436394 0.679248 0.431795 0.706801
0 0.668186 0.445527 0.671452 0.422041 0.662432 0.418077 0.659166 0.441563
0 0.0580919 0.855322 0.0746072 0.828212 0.0667323 0.81305 0.050217 0.840161
0 0.645576 0.345071 0.648123 0.324801 0.638965 0.321164 0.636418 0.341434
0 0.561462 0.471117 0.566006 0.441777 0.555287 0.43653 0.550743 0.46587
