0 0.453063 0.939788 0.451005 0.835028 0.387639 0.838961 0.389696 0.943721
0 0.483233 0.568749 0.481645 0.519906 0.453763 0.522771 0.455351 0.571614
0 0.982851 1.079 1.02069 0.85358 0.795655 0.734201 0.757817 0.959624
0 0.125045 0.748544 0.124977 0.722506 0.105814 0.722665 0.105883 0.748704
0 0.597997 0.962239 0.610608 0.905552 0.575521 0.880884 0.56291 0.937571
0 0.866237 0.726233 0.865224 0.675072 0.841921 0.67653 0.842934 0.727691
0 0.357613 0.920167 0.379391 0.867903 0.359227 0.841348 0.33745 0.893613
0 0.355745 1.03033 0.435859 0.992897 0.424665 0.917189 0.344551 0.954627
0 0.768401 1.03659 0.822165 0.960065 0.744526 0.787667 0.690762 0.86419
0 0.389946 0.91058 0.395905 0.871211 0.374024 0.860743 0.368064 0.900112
0 0.93364 0.668733 0.935745 0.606738 0.899252 0.602821 0.897146 0.664816
0 0.111772 0.813541 0.11154 0.788438 0.0942333 0.788945 0.0944657 0.814047
0 0.828634 0.743825 0.834844 0.721877 0.814738 0.703898 0.808528 0.725846
0 0.455109 0.823423 0.461061 0.788283 0.446732 0.780612 0.44078 0.815752
0 0.539785 0.946282 0.533062 0.85396 0.486344 0.864712 0.493067 0.957034
0 0.208009 0.992793 0.204896 0.956482 0.178043 0.963757 0.181156 1.00007
0 0.13088 0.782522 0.134156 0.74537 0.109795 0.738581 0.106519 0.775733
0 0.443152 0.972923 0.460469 0.926603 0.440056 0.902482 0.422738 0.948802
0 0.533051 0.859081 0.539523 0.820147 0.520487 0.810146 0.514015 0.84908
0 0.469212 0.882228 0.472647 0.848165 0.453167 0.841954 0.449731 0.876018
0 0.0380282 0.975276 0.0525123 0.934266 0.0330071 0.912493 0.018523 0.953503
0 0.548577 0.794643 0.55171 0.768553 0.53768 0.763227 0.534546 0.789317
0 0.389818 0.940917 0.407856 0.899663 0.39129 0.876771 0.373252 0.918024
0 0.484313 0.879218 0.487022 0.84957 0.468817 0.844314 0.466108 0.873962
0 0.274387 0.950352 0.276418 0.920866 0.258447 0.916955 0.256417 0.94644
0 0.454564 0.859991 0.454578 0.812626 0.420709 0.812595 0.420696 0.85996
0 0.550679 0.81684 0.553399 0.793359 0.539793 0.788377 0.537073 0.811858
0 0.488247 0.82001 0.491729 0.79367 0.477659 0.787792 0.474177 0.814132
0 0.113599 0.792252 0.115453 0.769468 0.10037 0.765588 0.0985155 0.788372
0 0.260666 0.966591 0.259202 0.942309 0.23846 0.946263 0.239924 0.970545
0 0.518081 0.834567 0.523019 0.795913 0.50278 0.787742 0.497843 0.826396
0 0.11962 1.01137 0.165912 0.886763 0.11987 0.832703 0.0735776 0.957308
0 0.493734 0.965569 0.501219 0.928729 0.485859 0.918866 0.478374 0.955707
0 0.333495 0.999408 0.345043 0.970476 0.333902 0.956422 0.322354 0.985354
0 0.232238 1.0089 0.237017 0.981041 0.207997 0.965309 0.203218 0.993168
0 0.815403 0.716896 0.82121 0.693817 0.802745 0.679135 0.796938 0.702214
0 0.397934 0.870092 0.400511 0.804204 0.367586 0.800135 0.365009 0.866023
0 0.361719 0.932437 0.380781 0.904133 0.370048 0.881288 0.350986 0.909592
0 0.880102 0.552671 0.881207 0.507296 0.841032 0.504205 0.839927 0.54958
0 0.401941 0.735272 0.399992 0.702356 0.379174 0.706253 0.381123 0.739168
0 0.362107 0.871835 0.368089 0.825757 0.34182 0.814979 0.335838 0.861057
0 0.472921 0.837067 0.477436 0.790544 0.458271 0.784666 0.453756 0.831189
0 0.564405 1.01328 0.574826 0.979554 0.556422 0.961581 0.546001 0.995305
0 0.821384 0.790424 0.832772 0.733881 0.779766 0.700141 0.768378 0.756684
0 0.476635 0.758312 0.477313 0.728035 0.461002 0.72688 0.460323 0.757157
0 0.534521 0.825244 0.53916 0.800387 0.525594 0.792383 0.520954 0.817241
0 0.245865 0.987869 0.248132 0.965086 0.234972 0.960948 0.232705 0.983731
0 0.538493 0.982757 0.540394 0.947194 0.520877 0.943897 0.518976 0.97946
0 0.0959309 0.826068 0.0970119 0.797311 0.0752369 0.794724 0.074156 0.823481
0 0.143377 0.773537 0.149773 0.743397 0.134411 0.733094 0.128016 0.763235
0 0.518773 0.984664 0.521063 0.952466 0.503014 0.948408 0.500724 0.980606
0 0.587117 1.00124 0.598596 0.954061 0.57621 0.936846 0.564731 0.984021
0 0.238768 0.807273 0.24254 0.784292 0.230121 0.777849 0.226348 0.80083
0 0.457092 0.787228 0.465693 0.753503 0.454851 0.744765 0.446251 0.77849
0 0.233441 0.983152 0.239218 0.953786 0.2232 0.943828 0.217423 0.973193
0 0.48898 0.908571 0.496134 0.871105 0.482073 0.86262 0.474919 0.900086
0 0.184973 0.964126 0.195007 0.938557 0.179373 0.919165 0.169338 0.944734
0 0.0483574 0.975208 0.0680309 0.955774 0.0605252 0.931759 0.0408517 0.951193
0 0.0707246 0.338014 0.0891967 0.320753 0.075238 0.27354 0.0567658 0.290801
0 0.115104 0.623128 0.108276 0.566487 0.0639963 0.583358 0.0708249 0.64
0 0.262134 0.988919 0.270825 0.962934 0.259712 0.951188 0.251022 0.977173
0 0.53694 0.691194 0.541972 0.667046 0.530075 0.65921 0.525043 0.683359
0 0.583614 0.840771 0.585824 0.813516 0.56904 0.809215 0.56683 0.83647
0 0.586161 0.89701 0.589107 0.869335 0.57418 0.864313 0.571234 0.891989
0 0.452495 0.684208 0.469905 0.665808 0.462625 0.644036 0.445215 0.662435
0 0.180309 1.00312 0.179369 0.983114 0.161511 0.985766 0.162451 1.00577
0 0.617352 0.586299 0.611143 0.55262 0.5858 0.567386 0.592009 0.601065
0 0.390473 0.815126 0.404268 0.776669 0.388444 0.758729 0.374649 0.797186
0 0.590294 0.785986 0.592592 0.764786 0.571738 0.757641 0.569439 0.778841
0 0.342748 0.891796 0.345066 0.854262 0.328174 0.850966 0.325857 0.8885
0 0.156931 1.00449 0.167445 0.977322 0.156812 0.964319 0.146298 0.991492
0 0.345754 0.942185 0.354748 0.897874 0.328459 0.88101 0.319465 0.925321
0 0.549731 0.846243 0.555706 0.817058 0.540988 0.807534 0.535012 0.836719
0 0.598038 0.555847 0.601443 0.517044 0.578244 0.51061 0.57484 0.549414
0 0.0204515 0.755009 0.0269491 0.706644 -0.00240545 0.694181 -0.00890303 0.742545
0 0.387124 0.764735 0.383013 0.724721 0.358289 0.732751 0.362401 0.772764
0 0.102157 0.657122 0.104503 0.632299 0.0876673 0.627269 0.0853207 0.652092
0 0.126216 0.641893 0.129465 0.619304 0.117325 0.613786 0.114076 0.636375
0 0.419249 0.792056 0.419974 0.757564 0.398714 0.756153 0.397989 0.790644
0 0.203802 0.727521 0.205091 0.702904 0.191934 0.700726 0.190645 0.725343
0 0.0833626 0.852333 0.0839758 0.813134 0.0623155 0.812063 0.0617023 0.851262
0 0.168835 0.972844 0.181858 0.948575 0.173181 0.933858 0.160157 0.958127
0 0.164429 0.960688 0.175022 0.930654 0.165497 0.920036 0.154904 0.950069
0 0.371823 0.952284 0.383563 0.920951 0.372202 0.907499 0.360463 0.938832
0 0.952075 0.47988 0.962763 0.439363 0.934446 0.415757 0.923759 0.456273
0 0.412708 0.536635 0.414737 0.49823 0.397054 0.495277 0.395025 0.533682
0 0.442074 0.661251 0.450464 0.63367 0.439355 0.622992 0.430966 0.650572
0 0.102379 0.755939 0.105255 0.733317 0.0903728 0.727339 0.0874973 0.74996
0 0.201945 0.949367 0.213664 0.92449 0.20538 0.912156 0.193661 0.937033
0 0.289719 0.931688 0.299719 0.898789 0.288011 0.887542 0.278011 0.92044
0 0.0846282 0.864563 0.0925648 0.841516 0.0825593 0.830626 0.0746227 0.853674
0 0.545702 0.988615 0.577837 0.95959 0.553259 0.873584 0.521123 0.902609
0 0.0839501 0.8035 0.0912062 0.781976 0.0770947 0.766941 0.0698386 0.788465
0 0.836329 0.701342 0.842831 0.682515 0.827161 0.66541 0.820659 0.684237
0 0.483763 0.784401 0.488945 0.769144 0.476625 0.755919 0.471443 0.771176
0 0.355227 0.837696 0.377456 0.812747 0.36859 0.78778 0.346361 0.812729
0 0.307193 1.01106 0.31762 0.979696 0.302936 0.964269 0.292509 0.995638
0 0.506597 0.867326 0.513141 0.842014 0.501182 0.832242 0.494638 0.857554
0 0.33932 0.963425 0.359591 0.94068 0.351875 0.918943 0.331603 0.941688
0 0.460769 0.737629 0.4625 0.715383 0.450487 0.712428 0.448756 0.734673
0 0.103842 1.0109 0.107607 0.970782 0.069604 0.959511 0.0658396 0.999624
0 0.318215 0.722766 0.330714 0.680987 0.311255 0.662588 0.298756 0.704368
0 0.458827 0.977601 0.469085 0.94896 0.458503 0.936983 0.448246 0.965624
0 0.492091 0.613459 0.502906 0.585197 0.481418 0.55921 0.470603 0.587472
0 0.122049 0.732704 0.131239 0.70786 0.110047 0.683084 0.100857 0.707928
0 0.876217 0.676016 0.882638 0.641429 0.866775 0.632121 0.860354 0.666708
0 0.839694 0.723961 0.845936 0.694185 0.827874 0.682219 0.821632 0.711994
0 0.32438 0.984172 0.326793 0.963998 0.31523 0.959627 0.312817 0.979801
0 0.802021 0.725374 0.807267 0.692125 0.786489 0.681765 0.781243 0.715013
0 0.145536 0.744811 0.161039 0.705442 0.144506 0.684865 0.129003 0.724234
0 0.466068 0.717416 0.472663 0.694901 0.460967 0.684075 0.454373 0.70659
0 0.48403 0.842078 0.487022 0.821768 0.476649 0.816939 0.473657 0.837249
0 0.564873 0.800047 0.567614 0.77897 0.555875 0.774146 0.553134 0.795222
0 0.445913 0.787543 0.450548 0.764904 0.43881 0.757309 0.434176 0.779948
0 0.480582 0.685474 0.488917 0.674123 0.479039 0.6512 0.470704 0.662552
0 0.176848 0.124886 0.197769 0.111992 0.173562 -0.0121462 0.152641 0.000747836
0 0.234249 0.891347 0.239064 0.863684 0.226342 0.856687 0.221528 0.88435
0 0.437239 0.774431 0.437657 0.751824 0.424613 0.751062 0.424195 0.773668
0 0.819641 0.574686 0.818376 0.545377 0.804321 0.547294 0.805586 0.576603
0 0.594418 0.881076 0.597084 0.855541 0.58199 0.85056 0.579324 0.876095
0 0.875243 0.700277 0.877817 0.67866 0.865948 0.674194 0.863375 0.695811
0 0.102893 0.906882 0.104349 0.87999 0.086644 0.876961 0.0851886 0.903854
0 0.884667 0.71328 0.88934 0.68551 0.876168 0.678506 0.871496 0.706275
0 0.614971 0.855031 0.632809 0.825198 0.61446 0.790524 0.596622 0.820357
0 0.890319 0.508694 0.920349 0.491332 0.91573 0.466081 0.8857 0.483443
0 0.559025 0.780541 0.559728 0.759068 0.549043 0.757961 0.548339 0.779435
0 0.507586 0.788815 0.50884 0.772021 0.499183 0.769742 0.497929 0.786536
0 0.524085 0.703767 0.528245 0.681241 0.516731 0.67452 0.512571 0.697046
0 0.0945942 0.847176 0.10244 0.828959 0.091876 0.81458 0.0840302 0.832796
0 0.893943 0.717752 0.896054 0.696724 0.883442 0.692722 0.881331 0.71375
0 0.283013 0.972598 0.291341 0.955109 0.283918 0.943937 0.27559 0.961426
0 0.266092 0.41955 0.266016 0.384415 0.242123 0.384579 0.242199 0.419713
0 0.481003 0.647995 0.48377 0.623581 0.470191 0.618717 0.467424 0.643131
0 0.0991723 0.788872 0.105045 0.765255 0.0926246 0.755493 0.0867517 0.77911
0 0.872952 0.639943 0.871395 0.614807 0.846683 0.619644 0.848239 0.64478
0 0.885609 0.52052 0.887612 0.496927 0.867693 0.491581 0.865689 0.515174
0 0.268562 0.926721 0.275281 0.900787 0.262435 0.890269 0.255716 0.916203
0 0.112515 0.831789 0.116951 0.812049 0.106568 0.804676 0.102133 0.824416
0 0.207661 0.962469 0.215612 0.941928 0.206883 0.931249 0.198932 0.95179
0 0.483262 0.986726 0.4856 0.960342 0.471272 0.956329 0.468934 0.982713
0 0.512904 0.671697 0.522712 0.649892 0.511869 0.634476 0.50206 0.656281
0 0.439551 0.810851 0.447742 0.787214 0.436383 0.774772 0.428191 0.798409
0 0.579814 0.573844 0.58606 0.546158 0.567473 0.532907 0.561228 0.560593
0 0.234463 0.42773 0.245458 0.386444 0.230225 0.373623 0.21923 0.414909
0 0.0836145 0.778389 0.0945079 0.753035 0.0850138 0.740142 0.0741204 0.765496
0 0.257863 1.01197 0.269842 0.99047 0.260259 0.973592 0.24828 0.995088
0 0.372553 0.730606 0.375358 0.706449 0.35948 0.700621 0.356675 0.724778
0 0.827568 0.662612 0.828716 0.64419 0.812749 0.641044 0.811601 0.659466
0 0.506362 1.00322 0.507621 0.968649 0.487824 0.966371 0.486565 1.00094
0 0.162735 0.693644 0.163952 0.676206 0.152815 0.673751 0.151598 0.691189
0 0.550865 0.382661 0.549439 0.328503 0.522905 0.330711 0.52433 0.384869
0 0.214558 0.980595 0.219538 0.962009 0.207476 0.951795 0.202496 0.970381
0 0.422984 0.844435 0.437052 0.789953 0.410996 0.768688 0.396927 0.82317
0 0.350139 0.414024 0.356257 0.367352 0.325482 0.354603 0.319364 0.401275
0 0.493888 0.992105 0.495066 0.961994 0.480428 0.960184 0.47925 0.990295
0 0.544741 0.623283 0.547602 0.596758 0.534536 0.592304 0.531675 0.61883
0 0.550638 0.894744 0.55362 0.851615 0.53091 0.846653 0.527928 0.889781
0 0.180749 0.980649 0.187699 0.955612 0.176776 0.94603 0.169826 0.971067
0 0.679006 0.766667 0.702919 0.715648 0.684037 0.687676 0.660124 0.738695
0 0.175019 0.99256 0.179035 0.972474 0.168109 0.965572 0.164094 0.985658
0 0.611688 0.769265 0.611863 0.7358 0.589382 0.735428 0.589207 0.768893
0 0.475315 0.897997 0.478616 0.874409 0.465651 0.868675 0.462351 0.892263
0 0.537156 0.804684 0.541729 0.781684 0.529377 0.773923 0.524805 0.796923
0 0.20534 1.00534 0.204741 0.985235 0.186975 0.986906 0.187574 1.00701
0 0.274575 0.400798 0.278133 0.363113 0.241553 0.352199 0.237995 0.389885
0 0.479181 0.957256 0.486294 0.928469 0.475829 0.920297 0.468716 0.949083
0 0.0629135 0.292899 0.0668808 0.253653 0.042962 0.246012 0.0389947 0.285257
0 0.29694 0.944865 0.303076 0.926509 0.294566 0.917519 0.288431 0.935875
0 0.517658 0.801364 0.52196 0.783045 0.511249 0.775096 0.506948 0.793416
0 0.471918 0.134079 0.473982 0.0885797 0.435779 0.0831033 0.433715 0.128602
0 0.556076 0.110673 0.563037 0.0494414 0.544569 0.042806 0.537608 0.104037
0 0.489611 0.404056 0.493972 0.368482 0.467181 0.358102 0.46282 0.393676
0 0.10562 0.738302 0.108113 0.712076 0.087828 0.70598 0.0853344 0.732206
0 0.873379 0.718684 0.875121 0.696754 0.864398 0.694063 0.862656 0.715992
0 0.489602 0.858766 0.492436 0.838616 0.480287 0.833215 0.477452 0.853365
0 0.987164 0.742457 0.996483 0.71553 0.977562 0.694835 0.968243 0.721762
0 0.289534 0.887378 0.292141 0.871983 0.283154 0.867173 0.280547 0.882568
0 0.0270709 0.0703952 0.0227568 -0.014429 -0.0103717 -0.00910399 -0.00605769 0.0757203
0 0.498803 0.775024 0.501228 0.756395 0.485872 0.750078 0.483447 0.768707
0 0.318808 0.924488 0.326875 0.900061 0.31841 0.891224 0.310342 0.915651
0 0.493075 0.798147 0.495859 0.780458 0.484876 0.774995 0.482092 0.792684
0 0.50269 0.673428 0.504214 0.641591 0.49058 0.639529 0.489056 0.671366
0 0.618411 0.748161 0.627415 0.715601 0.600258 0.691864 0.591253 0.724424
0 0.504289 0.974368 0.507941 0.94073 0.493408 0.935743 0.489756 0.969381
0 0.60462 0.866277 0.60788 0.828454 0.588997 0.82331 0.585737 0.861133
0 0.956683 0.649287 0.962461 0.611078 0.935583 0.598231 0.929805 0.63644
0 0.551826 1.00419 0.553092 0.975036 0.537855 0.972944 0.536589 1.00209
0 0.297681 0.865023 0.302263 0.838837 0.293096 0.833767 0.288513 0.859953
0 0.2193 0.924637 0.226554 0.905266 0.218409 0.895626 0.211155 0.914996
0 0.654361 0.774575 0.673726 0.7574 0.656928 0.69754 0.637563 0.714715
0 0.561604 0.82916 0.563699 0.810666 0.553416 0.806983 0.551321 0.825478
0 0.0310014 0.917992 0.0433318 0.859908 0.0150675 0.840945 0.00273707 0.899029
0 0.94565 0.610524 0.942674 0.583797 0.92055 0.591583 0.923526 0.61831
0 0.578759 0.87539 0.580461 0.848596 0.566473 0.845788 0.564771 0.872582
0 0.670991 0.603233 0.670861 0.565588 0.649528 0.565821 0.649658 0.603466
0 0.599473 0.818466 0.603563 0.794404 0.591907 0.788142 0.587817 0.812204
0 0.509755 0.704821 0.511646 0.68508 0.501325 0.681955 0.499433 0.701696
0 0.350809 1.00623 0.351009 0.984763 0.334219 0.984269 0.334019 1.00574
0 0.476863 0.697089 0.480231 0.677597 0.467228 0.670497 0.46386 0.689989
0 0.223081 0.966273 0.229467 0.945627 0.219884 0.936259 0.213498 0.956905
0 0.0652317 0.942986 0.0678762 0.913826 0.0495546 0.908574 0.0469102 0.937734
0 0.3895 0.394963 0.395313 0.368885 0.381738 0.359322 0.375925 0.3854
0 0.887655 0.499577 0.88 0.448387 0.840209 0.467193 0.847865 0.518384
0 0.610265 0.56823 0.639019 0.524674 0.621557 0.48824 0.592803 0.531795
0 0.819989 0.70655 0.8289 0.692615 0.816974 0.668512 0.808063 0.682447
0 0.584466 0.804959 0.587273 0.780354 0.572346 0.774972 0.569539 0.799576
0 0.115002 0.660105 0.117281 0.63848 0.105677 0.634615 0.103398 0.65624
0 0.317796 0.772301 0.325112 0.73443 0.311175 0.72592 0.303859 0.763791
0 0.537528 0.592763 0.541558 0.571188 0.530017 0.564376 0.525988 0.585951
0 0.432658 0.393033 0.434111 0.364895 0.421641 0.362859 0.420188 0.390996
0 0.792785 0.623964 0.799049 0.60656 0.785401 0.591034 0.779137 0.608438
0 0.308996 0.910881 0.319605 0.885662 0.310169 0.873118 0.299561 0.898337
0 0.193225 0.934204 0.197678 0.915074 0.186163 0.906604 0.181711 0.925734
0 0.472851 0.793032 0.474369 0.768633 0.459507 0.765711 0.457989 0.790111
0 0.424888 0.413046 0.424763 0.386607 0.404442 0.386911 0.404567 0.413349
0 0.888051 0.620536 0.89817 0.595945 0.880667 0.573181 0.870548 0.597772
0 0.921866 0.608396 0.923422 0.583589 0.908786 0.580687 0.90723 0.605495
0 0.106814 0.769012 0.109898 0.746645 0.0991164 0.741946 0.0960321 0.764313
0 0.407446 0.402604 0.425164 0.352502 0.407019 0.332221 0.389301 0.382324
0 0.0254599 0.974496 0.0330164 0.9462 0.0201334 0.935327 0.0125769 0.963623
0 0.422517 0.399344 0.426518 0.373214 0.410526 0.365475 0.406525 0.391605
0 0.24835 1.00857 0.258159 0.982895 0.246892 0.969289 0.237083 0.994963
0 0.128572 0.794118 0.129866 0.773867 0.114421 0.770746 0.113127 0.790998
0 0.84508 0.741335 0.849362 0.719992 0.835155 0.710983 0.830873 0.732326
0 0.290642 0.851734 0.294284 0.827531 0.285262 0.82324 0.281619 0.847443
0 0.349741 0.99413 0.35666 0.96497 0.345625 0.956693 0.338705 0.985853
