0 0.494904 0.906442 0.49263 0.870093 0.469831 0.874599 0.472105 0.910949
0 0.983006 0.946179 0.993137 0.828432 0.793867 0.77424 0.783735 0.891988
0 0.542596 0.847492 0.546676 0.818716 0.528959 0.810777 0.524879 0.839553
0 0.990981 0.642478 0.995166 0.619389 0.976698 0.60881 0.972513 0.631899
0 0.549148 0.799681 0.551236 0.77535 0.53858 0.771917 0.536491 0.796247
0 0.628679 0.885093 0.643132 0.856149 0.62294 0.824281 0.608486 0.853225
0 0.499362 0.825513 0.518885 0.80523 0.510089 0.778473 0.490567 0.798756
0 0.233481 1.02143 0.27501 0.987203 0.243401 0.865986 0.201872 0.900211
0 0.511224 0.869698 0.511826 0.839541 0.496951 0.838603 0.496349 0.868759
0 0.576934 0.779541 0.580189 0.756611 0.563128 0.748957 0.559873 0.771888
0 0.495966 0.802579 0.509663 0.764246 0.496639 0.749539 0.482942 0.787872
0 0.630576 0.910786 0.635413 0.88122 0.622159 0.874369 0.617323 0.903935
0 0.521842 0.869656 0.533498 0.848216 0.517492 0.820714 0.505836 0.842155
0 0.595115 0.938497 0.597061 0.914692 0.583868 0.911283 0.581922 0.935088
0 0.601695 0.917627 0.606307 0.877174 0.584783 0.869419 0.580171 0.909872
0 0.618076 0.762046 0.622888 0.742297 0.610735 0.732939 0.605924 0.752688
0 0.472632 0.932954 0.481196 0.915665 0.466009 0.891889 0.457445 0.909178
0 0.487309 0.818848 0.489267 0.796534 0.476635 0.793032 0.474677 0.815346
0 0.443203 0.768764 0.44721 0.736155 0.436486 0.731991 0.432479 0.7646
0 0.533008 0.75505 0.538725 0.729539 0.529263 0.722838 0.523546 0.748348
0 0.501113 0.628923 0.513294 0.568422 0.486549 0.551403 0.474368 0.611905
0 0.453213 0.843032 0.467615 0.822918 0.451005 0.78533 0.436603 0.805443
0 0.5502 0.763092 0.55194 0.743928 0.537932 0.739906 0.536191 0.75907
0 0.512564 0.795621 0.51747 0.772884 0.506468 0.765381 0.501562 0.788118
0 0.512284 0.770498 0.516287 0.744042 0.504066 0.738197 0.500063 0.764653
0 0.608417 0.947232 0.614585 0.931526 0.602291 0.916266 0.596123 0.931972
0 0.586756 0.780123 0.589218 0.753241 0.5774 0.749821 0.574938 0.776703
0 0.551066 0.663407 0.554185 0.642132 0.540875 0.635965 0.537756 0.657239
0 0.170896 0.0326668 0.177611 0.00376018 0.153921 -0.013635 0.147205 0.0152717
0 0.70804 0.70391 0.708517 0.672033 0.692973 0.671298 0.692496 0.703175
0 0.41114 0.931787 0.420724 0.86719 0.391424 0.853451 0.38184 0.918048
0 0.638878 0.811634 0.647926 0.802195 0.639814 0.777622 0.630766 0.787062
0 0.551281 0.987411 0.553686 0.966003 0.540301 0.961251 0.537896 0.982658
0 0.576889 0.927925 0.580628 0.906951 0.56783 0.899741 0.564091 0.920715
0 0.67583 0.82835 0.682173 0.803241 0.662781 0.787756 0.656437 0.812865
0 0.637664 1.00538 0.639807 0.959131 0.615825 0.955619 0.613682 1.00186
0 0.489043 0.757166 0.499592 0.74814 0.490948 0.716216 0.4804 0.725243
0 0.448748 0.537256 0.466346 0.472402 0.43967 0.449524 0.422072 0.514378
0 0.516597 0.906958 0.519458 0.884754 0.505839 0.879208 0.502978 0.901412
0 0.48996 0.879167 0.493527 0.855258 0.47837 0.848111 0.474803 0.872019
0 0.581008 1.00229 0.589079 0.980192 0.570318 0.958539 0.562247 0.98064
0 0.574008 0.726081 0.575932 0.70725 0.566055 0.70406 0.564131 0.722891
0 0.609361 0.915096 0.611566 0.883563 0.595432 0.879998 0.593228 0.911531
0 0.649214 0.840965 0.654732 0.819731 0.641119 0.808548 0.6356 0.829782
0 0.560935 0.786257 0.563832 0.769372 0.553161 0.763586 0.550264 0.780471
0 0.546137 0.932299 0.548484 0.89263 0.531506 0.889455 0.529158 0.929124
0 0.100818 0.327506 0.0980813 0.279506 0.0759973 0.283485 0.0787337 0.331485
0 0.533017 0.716328 0.534733 0.691207 0.519674 0.687956 0.517958 0.713077
0 0.594489 0.856706 0.59435 0.826424 0.579883 0.826633 0.580022 0.856916
0 0.370316 0.716799 0.369288 0.695913 0.35642 0.697914 0.357448 0.718801
0 0.564125 0.931911 0.569269 0.916493 0.557031 0.903587 0.551886 0.919005
0 0.567494 0.800321 0.572813 0.785492 0.561944 0.773171 0.556625 0.788
0 0.448067 0.787681 0.452128 0.769961 0.442496 0.762984 0.438435 0.780705
0 0.0345236 0.762958 0.120263 0.690786 0.0956471 0.598361 0.00990734 0.670533
0 0.379908 0.652621 0.383115 0.627527 0.367642 0.621276 0.364434 0.64637
0 0.47319 0.82873 0.475434 0.810209 0.464514 0.806029 0.462271 0.82455
0 0.666503 0.752539 0.667909 0.73156 0.655696 0.728973 0.65429 0.749952
0 0.525848 0.827338 0.528677 0.804197 0.516327 0.799424 0.513497 0.822564
0 0.457594 0.882912 0.459189 0.861586 0.445368 0.858318 0.443772 0.879644
0 0.59547 0.992245 0.599816 0.971278 0.584714 0.961384 0.580367 0.982351
0 0.480086 0.864409 0.484233 0.829416 0.468346 0.823465 0.464199 0.858458
0 0.2391 0.446357 0.238881 0.406819 0.217665 0.40719 0.217883 0.446728
0 0.657905 0.770976 0.658803 0.743654 0.645906 0.742315 0.645008 0.769636
0 0.749302 0.693444 0.756718 0.661793 0.73393 0.644919 0.726514 0.67657
0 0.693743 0.764731 0.697544 0.746871 0.684316 0.737974 0.680516 0.755835
0 0.545913 0.74119 0.549315 0.720628 0.540359 0.715944 0.536957 0.736507
0 0.540365 0.892491 0.543109 0.864242 0.526099 0.859019 0.523354 0.887268
0 0.513216 0.945826 0.516436 0.928767 0.504849 0.921854 0.501628 0.938912
0 0.601193 0.980439 0.610825 0.955686 0.589778 0.929802 0.580146 0.954554
0 0.493142 0.853172 0.499729 0.828795 0.488655 0.819339 0.482069 0.843716
0 0.574257 0.816525 0.57587 0.79782 0.565528 0.795001 0.563915 0.813706
0 0.486804 0.791329 0.491645 0.769495 0.482319 0.762961 0.477479 0.784795
0 0.557431 0.968794 0.559987 0.946305 0.545863 0.941232 0.543307 0.96372
0 0.638906 0.78956 0.641655 0.771222 0.630765 0.766062 0.628016 0.784399
0 0.548416 0.868714 0.555385 0.844863 0.543785 0.834151 0.536816 0.858002
0 0.566169 0.87617 0.568276 0.851821 0.554814 0.84814 0.552706 0.872489
0 1.00203 0.671474 1.00448 0.638087 0.983608 0.633245 0.981157 0.666633
0 0.495592 0.92796 0.500505 0.899884 0.489459 0.893774 0.484545 0.92185
0 0.317683 0.766663 0.311272 0.697681 0.288218 0.704452 0.294629 0.773434
0 0.611542 1.00157 0.617079 0.980269 0.603 0.968702 0.597462 0.990006
0 0.611659 0.84217 0.617274 0.823543 0.605423 0.81225 0.599807 0.830877
0 0.46921 0.781587 0.4783 0.7503 0.462743 0.736015 0.453653 0.767303
0 0.507937 0.743681 0.511994 0.725851 0.503605 0.719818 0.499548 0.737648
0 0.526384 0.784997 0.528887 0.763861 0.516088 0.759071 0.513585 0.780206
0 0.520536 0.752991 0.523797 0.730298 0.513282 0.725522 0.510021 0.748215
0 0.519574 0.885885 0.523129 0.866447 0.5129 0.860533 0.509344 0.879971
0 0.56065 0.740154 0.561849 0.719584 0.549905 0.717383 0.548706 0.737953
0 0.60028 0.879322 0.602855 0.854415 0.586849 0.849185 0.584274 0.874092
0 0.558244 0.815879 0.560405 0.792074 0.548711 0.788719 0.546551 0.812524
0 0.645919 0.870303 0.647668 0.846166 0.637522 0.843842 0.635773 0.867979
0 0.497346 1.00753 0.500637 0.978819 0.475959 0.969881 0.472669 0.998592
0 0.575783 0.906374 0.578907 0.881247 0.565027 0.875792 0.561903 0.900919
0 0.541472 1.00466 0.543047 0.978412 0.520776 0.974187 0.5192 1.00043
0 0.511216 0.926076 0.514439 0.907977 0.501426 0.900651 0.498202 0.918751
0 0.610844 0.880009 0.61554 0.860071 0.603023 0.850754 0.598327 0.870692
0 0.688857 0.740599 0.691143 0.724549 0.679803 0.719442 0.677516 0.735492
0 0.0433902 0.121075 0.0482079 -0.0113455 -0.0188682 -0.0190581 -0.0236858 0.113363
0 0.603902 1.00432 0.604171 0.985881 0.588178 0.985146 0.58791 1.00359
0 0.613876 1.00556 0.61712 0.984398 0.601804 0.976975 0.598559 0.998132
0 0.415018 0.854434 0.418298 0.827009 0.407203 0.822816 0.403924 0.850242
0 0.651469 0.783535 0.653306 0.765274 0.640546 0.761216 0.638708 0.779477
0 0.0428114 0.956949 0.108583 0.905211 0.092455 0.840414 0.0266837 0.892153
0 0.719291 0.660001 0.722336 0.636962 0.711836 0.632577 0.708791 0.655616
