0 0.196768 0.908337 0.204986 0.877398 0.190102 0.864903 0.181884 0.895843
0 0.0514312 0.592629 0.0724151 0.56491 0.0605379 0.536493 0.039554 0.564212
0 0.213757 0.660477 0.216841 0.640644 0.20313 0.633904 0.200046 0.653737
0 0.468564 0.814716 0.471386 0.783297 0.449717 0.777144 0.446894 0.808563
0 0.360693 0.932006 0.375203 0.895612 0.358841 0.874996 0.344332 0.91139
0 0.306973 0.869914 0.315532 0.840222 0.3038 0.829533 0.29524 0.859225
0 0.0849762 0.835195 0.0920077 0.818603 0.0760414 0.797218 0.0690099 0.813811
0 0.0940957 0.803311 0.100921 0.761888 0.0832723 0.752696 0.0764467 0.79412
0 0.127324 0.903185 0.129475 0.863272 0.108701 0.859733 0.106549 0.899645
0 0.1362 0.741005 0.139281 0.720655 0.124104 0.713392 0.121023 0.733743
0 0.140915 0.947352 0.163197 0.904514 0.145916 0.876107 0.123635 0.918945
0 0.0888714 0.755612 0.107614 0.731755 0.0984256 0.708941 0.0796831 0.732798
0 0.226731 0.852423 0.239348 0.816044 0.22556 0.800929 0.212942 0.837309
0 0.18675 0.919457 0.182519 0.869831 0.159176 0.876121 0.163406 0.925746
0 0.511966 0.888674 0.506852 0.850577 0.479028 0.862383 0.484142 0.90048
0 0.0126682 1.0256 0.0505704 0.973356 0.0288527 0.923562 -0.00904952 0.975809
0 0.184161 0.614941 0.188632 0.595913 0.176394 0.586825 0.171923 0.605853
0 0.400115 0.827458 0.410355 0.789112 0.395441 0.776523 0.3852 0.814869
0 0.211506 0.853986 0.218794 0.828733 0.207039 0.818011 0.199751 0.843265
0 0.180098 0.81898 0.185075 0.757674 0.152319 0.74927 0.147342 0.810576
0 0.413739 0.748647 0.416625 0.726991 0.40512 0.722146 0.402234 0.743802
0 0.104851 0.795767 0.116316 0.762683 0.103971 0.749163 0.0925066 0.782247
0 0.433901 0.691814 0.435411 0.658404 0.417555 0.655852 0.416044 0.689262
0 0.171381 0.716308 0.172548 0.69162 0.158257 0.689486 0.15709 0.714174
0 0.0463498 0.79811 0.0547854 0.77453 0.043622 0.761908 0.0351864 0.785488
0 0.128474 0.867052 0.129211 0.842277 0.109109 0.840386 0.108371 0.865161
0 0.338222 0.847916 0.343676 0.797466 0.330874 0.793092 0.32542 0.843542
0 0.628034 0.851978 0.630867 0.828145 0.615875 0.822512 0.613042 0.846345
0 0.11907 0.792192 0.145443 0.756904 0.136818 0.736531 0.110445 0.771819
0 0.308819 0.940534 0.311074 0.902715 0.293696 0.89944 0.291441 0.937259
0 0.0469013 0.566107 0.0504388 0.538981 0.0381025 0.533897 0.034565 0.561023
0 0.391628 0.665218 0.401435 0.626799 0.387274 0.615373 0.377466 0.653793
0 0.318899 0.939231 0.327093 0.908649 0.314186 0.897718 0.305991 0.9283
0 0.235735 1.01338 0.261746 0.927723 0.23534 0.902381 0.209329 0.988039
0 0.197169 0.655613 0.198806 0.637429 0.188074 0.634376 0.186437 0.65256
0 0.134776 0.842769 0.139243 0.818487 0.126286 0.810954 0.121819 0.835236
0 0.25658 0.774397 0.262384 0.75391 0.252693 0.745234 0.24689 0.765721
0 0.626027 0.905882 0.6279 0.869414 0.604849 0.865671 0.602975 0.902139
0 0.258622 0.883665 0.262475 0.859401 0.251105 0.853696 0.247253 0.87796
0 0.592641 0.742973 0.594473 0.717909 0.580312 0.714639 0.57848 0.739702
0 0.0277296 0.573039 0.0280197 0.551638 0.0100338 0.550868 0.0097437 0.572269
0 0.165316 0.669425 0.177322 0.645602 0.168583 0.631682 0.156577 0.655506
0 0.255935 0.822334 0.258585 0.785483 0.238271 0.780867 0.235621 0.817718
0 0.370275 0.777723 0.37265 0.747574 0.358646 0.744087 0.356271 0.774236
0 0.329887 0.974421 0.330804 0.934843 0.308918 0.933241 0.308001 0.972818
0 0.323025 0.848407 0.325495 0.825227 0.312599 0.820884 0.310129 0.844064
0 0.211822 0.905755 0.229463 0.870851 0.217301 0.851423 0.199659 0.886327
0 0.983204 0.927308 0.992287 0.815716 0.798366 0.765828 0.789282 0.877419
0 0.584367 0.766003 0.587238 0.734664 0.571621 0.730143 0.56875 0.761481
0 0.231106 0.88547 0.244594 0.855071 0.23576 0.842684 0.222272 0.873083
0 0.396079 0.769572 0.408104 0.738863 0.395302 0.72302 0.383277 0.753729
0 0.105991 0.639017 0.110705 0.617044 0.099091 0.60917 0.0943775 0.631143
0 0.196902 0.831337 0.204089 0.810896 0.193764 0.799425 0.186578 0.819866
0 0.204289 0.640986 0.20648 0.620003 0.192713 0.615459 0.190522 0.636441
0 0.0889159 0.683169 0.104546 0.658799 0.0956597 0.640787 0.0800298 0.665156
0 0.112121 0.606957 0.11147 0.5767 0.0910151 0.578091 0.0916663 0.608348
0 0.23137 0.702882 0.234559 0.682383 0.219145 0.674805 0.215957 0.695304
0 0.254285 0.843217 0.265152 0.821067 0.257579 0.809326 0.246713 0.831476
0 0.0767346 0.802694 0.080867 0.778166 0.0665229 0.770528 0.0623905 0.795057
0 0.262132 0.938746 0.269375 0.905163 0.256363 0.896294 0.24912 0.929877
0 0.208174 0.692359 0.212382 0.666729 0.191323 0.655803 0.187116 0.681433
0 0.592661 0.724335 0.604793 0.689003 0.590133 0.673093 0.578001 0.708425
0 0.206468 0.876046 0.214578 0.854255 0.205691 0.8438 0.19758 0.865591
0 0.180376 0.844905 0.191937 0.819066 0.181238 0.803937 0.169677 0.829776
0 0.41645 0.815779 0.426479 0.783364 0.41318 0.770361 0.403152 0.802776
0 0.0386531 0.544163 0.0391078 0.524547 0.0269492 0.523657 0.0264946 0.543273
0 0.446501 0.739327 0.446498 0.704907 0.432937 0.704911 0.43294 0.739331
0 0.590731 0.800194 0.592382 0.771609 0.577594 0.76891 0.575943 0.797494
0 0.244741 0.879752 0.254908 0.855866 0.246202 0.844155 0.236035 0.86804
0 0.58404 0.861587 0.588301 0.838121 0.574544 0.830225 0.570283 0.853691
0 0.492585 0.845738 0.495668 0.821811 0.480495 0.815631 0.477412 0.839559
0 0.187608 0.860214 0.191119 0.838676 0.179828 0.832859 0.176317 0.854396
0 0.296209 0.875299 0.300168 0.852798 0.288145 0.846113 0.284187 0.868614
0 0.272932 0.884149 0.275191 0.865694 0.263613 0.861214 0.261354 0.879669
0 0.282778 0.125166 0.290549 0.0906984 0.261697 0.0701396 0.253926 0.104607
0 0.0815057 0.863179 0.0953289 0.840053 0.087035 0.824385 0.0732118 0.847511
0 0.413025 0.696779 0.414219 0.677712 0.402611 0.675414 0.401417 0.694481
0 0.139333 0.860691 0.142828 0.838441 0.130761 0.832452 0.127267 0.854703
0 0.192449 0.879039 0.19973 0.856208 0.189393 0.845789 0.182112 0.868621
0 0.198699 0.858934 0.207729 0.830486 0.194794 0.81751 0.185764 0.845957
0 0.267004 0.910575 0.276998 0.887107 0.268988 0.876325 0.258994 0.899793
0 0.0339857 0.796775 0.0385434 0.774089 0.0190827 0.761732 0.014525 0.784418
0 0.15684 0.908687 0.166457 0.856586 0.140142 0.841234 0.130525 0.893335
0 0.211414 0.832829 0.220491 0.810426 0.210146 0.797178 0.201068 0.81958
0 0.2256 0.722562 0.222782 0.694106 0.199434 0.701415 0.202252 0.72987
0 0.626027 0.87466 0.629083 0.851485 0.610454 0.84372 0.607398 0.866895
0 0.642179 0.804896 0.643549 0.762228 0.625908 0.760438 0.624539 0.803106
0 0.208712 0.75492 0.209015 0.716607 0.181864 0.71593 0.181561 0.754242
0 0.247994 0.791276 0.252118 0.770786 0.240503 0.763398 0.236379 0.783888
0 0.0885389 0.353433 0.104953 0.335212 0.0896306 0.291587 0.0732163 0.309808
0 0.340195 0.829921 0.344375 0.789315 0.329125 0.784353 0.324945 0.82496
0 0.0261597 0.595576 0.0245849 0.565966 0.000820504 0.569961 0.00239529 0.59957
0 0.221994 0.818476 0.230245 0.79694 0.221518 0.786372 0.213267 0.807909
0 0.229356 0.938618 0.244116 0.890431 0.221494 0.86853 0.206734 0.916717
0 0.461947 0.485887 0.468583 0.449563 0.446464 0.436791 0.439827 0.473115
0 0.133768 0.983982 0.130366 0.915898 0.0739954 0.924799 0.0773969 0.992883
0 0.612354 0.859993 0.619188 0.819393 0.602625 0.810581 0.59579 0.851181
0 0.355679 0.866734 0.369319 0.838631 0.359258 0.823197 0.345618 0.8513
0 0.21119 0.982262 0.220922 0.953448 0.209029 0.940752 0.199297 0.969566
0 0.433356 0.552182 0.439479 0.534381 0.425498 0.519182 0.419375 0.536984
0 0.0239223 0.686321 0.0222617 0.650631 -0.001499 0.654124 0.000161576 0.689815
0 0.150366 0.743167 0.152026 0.725227 0.141516 0.722155 0.139857 0.740095
0 0.278921 0.98592 0.28649 0.953193 0.274943 0.944753 0.267374 0.97748
0 0.283941 0.943749 0.290647 0.911522 0.277488 0.902867 0.270782 0.935094
0 0.0158342 0.64889 0.0139378 0.596291 -0.00471488 0.598416 -0.00281848 0.651016
0 0.223965 0.655956 0.22662 0.636764 0.217347 0.63271 0.214692 0.651901
0 0.408248 0.786528 0.415848 0.760877 0.405377 0.751073 0.397778 0.776724
0 0.350301 0.765094 0.351555 0.747413 0.340628 0.744964 0.339374 0.762645
0 0.0178421 0.931254 0.0542605 0.894426 0.0462868 0.869506 0.00986839 0.906333
0 0.269043 0.77389 0.273661 0.750929 0.264084 0.744841 0.259466 0.767802
0 0.0420832 0.604324 0.0419455 0.582865 0.0238701 0.583232 0.0240079 0.604691
0 0.372786 0.842462 0.382917 0.819444 0.373021 0.805678 0.36289 0.828695
0 0.0950104 0.713156 0.0968018 0.683636 0.0815178 0.680705 0.0797265 0.710225
0 0.124896 0.813816 0.148104 0.795206 0.142224 0.772034 0.119017 0.790644
0 0.199116 0.813516 0.218308 0.800533 0.214116 0.780952 0.194924 0.793935
0 0.255621 0.682685 0.256996 0.661606 0.2427 0.658659 0.241325 0.679739
0 0.595514 0.669127 0.596315 0.645968 0.582761 0.644487 0.58196 0.667647
0 0.234891 0.616724 0.235308 0.596598 0.219508 0.595564 0.219092 0.61569
0 0.194786 0.583571 0.195617 0.56148 0.182453 0.559914 0.181622 0.582005
0 0.122999 0.764275 0.129903 0.741905 0.117937 0.730234 0.111033 0.752604
0 0.350516 0.658407 0.352349 0.641414 0.342481 0.638049 0.340648 0.655042
0 0.191472 0.589551 0.191961 0.566749 0.179438 0.565901 0.17895 0.588703
0 0.673912 0.726284 0.676661 0.701517 0.65988 0.695632 0.657131 0.720398
0 0.00649088 0.889626 0.0504037 0.835141 0.0284962 0.779337 -0.0154167 0.833823
0 0.248171 0.839376 0.25105 0.817843 0.239773 0.813078 0.236894 0.834612
0 0.043959 0.775502 0.0456628 0.748373 0.0299132 0.745247 0.0282094 0.772376
0 0.570896 0.677198 0.572492 0.653471 0.561017 0.65103 0.55942 0.674758
0 0.683807 0.683685 0.68576 0.660178 0.667986 0.655509 0.666033 0.679017
0 0.2602 0.998539 0.279658 0.949739 0.259638 0.924509 0.24018 0.973309
0 0.415476 0.844387 0.417367 0.811763 0.399184 0.808432 0.397292 0.841055
0 0.296732 0.850511 0.300829 0.830497 0.285949 0.820872 0.281853 0.840886
0 0.362552 0.747651 0.36522 0.727834 0.355689 0.723778 0.353021 0.743596
0 0.352548 0.575805 0.354526 0.53967 0.332196 0.535807 0.330218 0.571942
0 0.269826 0.931843 0.279381 0.907289 0.271034 0.897023 0.261479 0.921577
0 0.332361 0.925961 0.341598 0.903979 0.326039 0.883315 0.316802 0.905297
0 0.0609634 0.93281 0.0684607 0.907823 0.0564867 0.896468 0.0489894 0.921455
0 0.238992 0.866639 0.24788 0.839731 0.239038 0.830501 0.23015 0.85741
0 0.100491 0.844404 0.113038 0.82156 0.10483 0.807313 0.0922832 0.830157
0 0.0636165 0.603864 0.0649653 0.583091 0.0510304 0.580232 0.0496816 0.601004
0 0.120327 0.726948 0.125217 0.7084 0.116367 0.701025 0.111476 0.719573
0 0.3753 0.70417 0.376366 0.684665 0.365303 0.682755 0.364237 0.70226
0 0.202301 0.995365 0.204565 0.966271 0.189034 0.962453 0.186771 0.991547
0 0.672678 0.631994 0.666317 0.564415 0.638661 0.572642 0.645023 0.640222
0 0.0108217 0.56311 0.0114006 0.543323 0.000222714 0.54229 -0.000356165 0.562077
0 0.115315 0.816127 0.133514 0.797853 0.126432 0.77556 0.108232 0.793835
0 0.42424 0.709609 0.425563 0.687757 0.411445 0.685056 0.410123 0.706909
0 0.583022 0.680493 0.584654 0.657858 0.572888 0.655177 0.571256 0.677812
0 0.262008 0.791822 0.265798 0.771774 0.253169 0.764229 0.249379 0.784277
0 0.381999 0.991784 0.384488 0.949039 0.358541 0.944263 0.356051 0.987009
0 0.121021 0.704875 0.12229 0.686301 0.109844 0.683614 0.108575 0.702188
0 0.167577 0.624552 0.172652 0.608872 0.163492 0.599503 0.158417 0.615183
0 0.416715 0.656958 0.42036 0.636647 0.406311 0.628679 0.402666 0.64899
0 0.698924 0.652412 0.699052 0.632398 0.684373 0.632102 0.684245 0.652115
0 0.076235 0.950144 0.113012 0.902241 0.098912 0.868028 0.0621348 0.915931
0 0.147809 0.694957 0.149323 0.677782 0.137823 0.674577 0.136309 0.691752
0 0.106239 0.720221 0.114275 0.698892 0.104823 0.687635 0.0967861 0.708964
0 0.228731 0.867823 0.236963 0.839164 0.227098 0.830208 0.218865 0.858866
0 0.237352 0.713481 0.248147 0.697071 0.240704 0.681598 0.229909 0.698008
0 0.0554355 0.8122 0.0695189 0.791432 0.0608198 0.772788 0.0467365 0.793555
0 0.0181343 0.52838 0.0197336 0.510154 0.00895339 0.507165 0.00735417 0.52539
0 0.195991 0.608453 0.198055 0.591557 0.189428 0.588226 0.187363 0.605121
0 0.0214911 0.706201 0.0198155 0.678247 -0.000691419 0.682132 0.000984215 0.710086
0 0.692642 0.679995 0.698244 0.659561 0.68543 0.648459 0.679828 0.668893
0 0.221344 0.749483 0.228282 0.723573 0.217024 0.714046 0.210087 0.739956
0 0.100949 0.766278 0.106 0.745844 0.0947121 0.737025 0.0896608 0.757459
0 0.285205 0.868547 0.285735 0.840961 0.270466 0.840035 0.269937 0.86762
0 0.308479 0.907673 0.311644 0.877164 0.294898 0.871673 0.291733 0.902182
0 0.679833 0.660592 0.676923 0.63037 0.653764 0.637417 0.656674 0.667639
0 0.00763064 0.975442 0.0118092 0.946776 0.000217096 0.941435 -0.00396145 0.970102
0 0.100746 0.830807 0.110546 0.799507 0.0996476 0.788723 0.0898477 0.820022
0 0.351105 0.789878 0.352989 0.7693 0.339914 0.765517 0.33803 0.786095
0 0.160081 0.858382 0.172998 0.835848 0.164284 0.820062 0.151367 0.842596
0 0.17072 0.876808 0.175231 0.85013 0.163742 0.84399 0.159231 0.870668
0 0.622386 0.812544 0.62463 0.791748 0.610756 0.787017 0.608512 0.807813
0 0.33244 0.943582 0.333459 0.918757 0.321007 0.917143 0.319988 0.941968
0 0.384006 0.739944 0.38852 0.708825 0.375464 0.702839 0.37095 0.733958
0 0.392102 0.554883 0.403593 0.532256 0.394311 0.517358 0.38282 0.539985
0 0.690569 0.811881 0.691749 0.790906 0.677173 0.788315 0.675994 0.809291
0 0.255171 0.910379 0.259919 0.884157 0.247614 0.877114 0.242865 0.903335
0 0.309743 0.838011 0.315829 0.819535 0.307139 0.810488 0.301053 0.828964
0 0.417623 0.635491 0.422781 0.617925 0.411242 0.607215 0.406084 0.624781
0 0.646564 0.846126 0.647968 0.824665 0.634563 0.821894 0.633159 0.843354
0 0.484473 0.863638 0.485972 0.838076 0.471782 0.835448 0.470284 0.861009
0 0.12349 0.830418 0.126715 0.81087 0.115031 0.804778 0.111806 0.824326
0 0.180713 0.706654 0.184905 0.685204 0.176648 0.680105 0.172457 0.701555
0 0.424412 0.747336 0.429916 0.726748 0.418318 0.716948 0.412813 0.737536
0 0.108752 0.873754 0.110351 0.852101 0.0963881 0.848843 0.0947894 0.870496
0 0.449401 0.544663 0.455163 0.52065 0.442054 0.510708 0.436291 0.534721
0 0.125359 0.676276 0.125529 0.657527 0.112468 0.657153 0.112298 0.675903
0 0.351158 0.744384 0.355287 0.725452 0.344275 0.717861 0.340145 0.736793
0 0.22866 0.616102 0.229967 0.597573 0.216862 0.594652 0.215555 0.613181
0 0.0778203 0.941723 0.113098 0.896793 0.0948595 0.851535 0.0595821 0.896465
0 0.209942 0.56394 0.211339 0.546683 0.199606 0.543682 0.198209 0.56094
0 0.235351 0.594063 0.236727 0.574945 0.226085 0.572525 0.224709 0.591643
0 0.297179 0.806541 0.29897 0.790415 0.289372 0.787046 0.287581 0.803172
0 0.0634526 0.737306 0.063715 0.720908 0.0516655 0.720299 0.0514031 0.736697
0 0.582227 0.842096 0.580008 0.807147 0.555561 0.812052 0.557779 0.847001
0 0.15297 0.784617 0.163914 0.754749 0.151611 0.740502 0.140667 0.77037
0 0.304456 0.97081 0.311598 0.941329 0.299568 0.932118 0.292426 0.9616
0 0.154266 0.85416 0.156432 0.830372 0.141859 0.826177 0.139693 0.849965
0 0.160377 0.762961 0.17076 0.741613 0.161441 0.727288 0.151058 0.748635
0 0.24474 0.898364 0.248583 0.876181 0.237208 0.869953 0.233365 0.892136
0 0.133263 0.911137 0.149592 0.879537 0.138182 0.860902 0.121852 0.892502
0 0.223656 0.630338 0.224398 0.61463 0.215206 0.613256 0.214463 0.628964
0 0.167663 0.839533 0.176185 0.818574 0.166894 0.806636 0.158372 0.827595
0 0.0425343 0.129898 0.0727082 0.0194176 0.0424313 -0.00671679 0.0122574 0.103763
0 0.349433 0.936403 0.349253 0.91198 0.33539 0.912304 0.335571 0.936727
0 0.0866779 0.755431 0.098254 0.729793 0.0871787 0.713988 0.0756025 0.739626
0 0.626701 0.829164 0.629361 0.807882 0.616115 0.80265 0.613455 0.823932
0 0.0658855 0.769194 0.0665099 0.748596 0.0513451 0.747143 0.0507207 0.767742
0 0.0839346 0.658962 0.0931145 0.634821 0.0825973 0.622182 0.0734174 0.646323
0 0.327602 0.987387 0.328393 0.965398 0.315286 0.963908 0.314496 0.985898
0 0.400365 0.719153 0.402139 0.700033 0.39105 0.696782 0.389277 0.715902
0 0.59894 0.88954 0.604368 0.872803 0.587853 0.855875 0.582425 0.872612
0 0.611932 0.788783 0.61512 0.766899 0.602952 0.761296 0.599763 0.783179
0 0.602324 0.782335 0.604217 0.758615 0.590248 0.755091 0.588355 0.778812
0 0.0718063 0.605044 0.0727658 0.587864 0.0620102 0.585966 0.0610508 0.603146
0 0.599809 0.63636 0.60348 0.615751 0.589268 0.60775 0.585597 0.628359
0 0.213157 0.622243 0.21531 0.603958 0.204349 0.59988 0.202196 0.618164
0 0.435594 0.782434 0.448472 0.76627 0.433432 0.728401 0.420554 0.744565
0 0.244571 0.609885 0.246811 0.593774 0.235386 0.588754 0.233146 0.604865
0 0.420135 0.917185 0.421674 0.892016 0.409503 0.889664 0.407964 0.914834
0 0.0506866 0.747662 0.0519085 0.729157 0.0395042 0.726568 0.0382822 0.745073
0 0.389722 0.710364 0.393853 0.690972 0.383914 0.684279 0.379782 0.703671
0 0.062202 0.629271 0.0622171 0.596982 0.0387026 0.596947 0.0386874 0.629236
0 0.606372 0.923358 0.615427 0.90562 0.598502 0.878312 0.589447 0.89605
0 0.159197 0.654619 0.164184 0.636312 0.15625 0.629481 0.151263 0.647788
0 0.0173332 0.949155 0.0294051 0.929287 0.0212559 0.913638 0.00918398 0.933505
0 0.348817 0.682289 0.350243 0.663269 0.340547 0.660972 0.339121 0.679992
0 0.537621 0.661849 0.540031 0.624685 0.518908 0.620355 0.516498 0.657519
0 0.362228 0.691162 0.363256 0.668351 0.349688 0.666418 0.34866 0.68923
0 0.0353821 0.679667 0.0361359 0.658741 0.0244827 0.657415 0.0237289 0.67834
0 0.147771 0.797424 0.156006 0.771652 0.144978 0.760516 0.136743 0.786288
0 0.00655749 0.939422 0.0170424 0.900297 0.00257379 0.888043 -0.0079111 0.927168
0 0.135117 0.720426 0.137138 0.703603 0.126712 0.699643 0.124691 0.716466
0 0.346291 0.729932 0.349119 0.707669 0.336664 0.702668 0.333836 0.724931
0 0.539199 0.73813 0.540001 0.717036 0.52817 0.715616 0.527369 0.736709
0 0.157265 0.704424 0.158795 0.684934 0.147254 0.682071 0.145724 0.701561
0 0.292117 0.909091 0.296825 0.880565 0.285664 0.874743 0.280956 0.903269
0 0.702934 0.359272 0.700732 0.300756 0.676241 0.303669 0.678443 0.362185
0 0.188857 0.635992 0.191147 0.616675 0.18057 0.612713 0.17828 0.63203
0 0.211468 0.685998 0.214788 0.662035 0.19612 0.653861 0.1928 0.677825
0 0.18415 0.769895 0.18915 0.752166 0.17367 0.738366 0.168669 0.756095
0 0.261824 0.756037 0.26822 0.739512 0.260599 0.730189 0.254203 0.746714
0 0.331995 0.888214 0.340337 0.863396 0.330458 0.852901 0.322116 0.877719
0 0.112104 0.746779 0.116976 0.724961 0.107919 0.71857 0.103047 0.740387
0 0.178398 0.735398 0.178367 0.713044 0.165497 0.7131 0.165528 0.735453
0 0.0624745 0.993039 0.0704855 0.967948 0.0591042 0.956463 0.0510931 0.981554
0 0.406211 0.155393 0.412642 0.119017 0.389007 0.105811 0.382576 0.142187
0 0.386143 0.811668 0.39083 0.784346 0.374898 0.775709 0.370211 0.803031
0 0.340749 0.752361 0.343918 0.736635 0.33378 0.73018 0.330612 0.745906
0 0.184374 0.948286 0.196058 0.9164 0.184147 0.902607 0.172464 0.934493
0 0.181969 0.674896 0.183652 0.656335 0.172057 0.65301 0.170373 0.671572
0 0.0385725 0.584606 0.0401478 0.567856 0.0279904 0.564243 0.026415 0.580993
0 0.217917 0.941487 0.231326 0.902783 0.215031 0.88494 0.201622 0.923645
0 0.0714359 0.64913 0.0730897 0.631054 0.0624885 0.627988 0.0608347 0.646065
0 0.0805727 0.771796 0.0851738 0.74576 0.0742168 0.73964 0.0696157 0.765676
0 0.196964 0.728998 0.206846 0.695836 0.191734 0.681604 0.181852 0.714766
0 0.326951 0.766836 0.328118 0.746898 0.317286 0.744895 0.316119 0.764833
0 0.15779 0.831614 0.159092 0.809125 0.147259 0.806959 0.145957 0.829448
0 0.046695 0.594475 0.0538508 0.577334 0.0447869 0.565375 0.0376311 0.582515
0 0.262759 0.856651 0.267096 0.838394 0.257683 0.831325 0.253345 0.849582
0 0.326444 0.56431 0.327601 0.54712 0.315086 0.544457 0.313928 0.561648
0 0.0321534 0.771939 0.0349356 0.737381 0.0126367 0.731707 0.00985456 0.766265
0 0.560755 0.671581 0.562757 0.649507 0.552321 0.646516 0.550319 0.66859
0 0.362514 0.571037 0.364684 0.55095 0.35514 0.547692 0.352971 0.567779
0 0.334948 0.704145 0.337311 0.684228 0.328402 0.680887 0.326038 0.700804
0 0.535349 0.720062 0.538442 0.694662 0.52533 0.689615 0.522236 0.715015
0 0.36114 0.822693 0.38362 0.802236 0.376401 0.777163 0.353921 0.797619
0 0.296185 0.480778 0.297046 0.463342 0.28391 0.461291 0.283048 0.478727
0 0.854743 0.656306 0.854779 0.629084 0.829243 0.628977 0.829207 0.656199
0 0.319942 0.879189 0.322315 0.854727 0.309944 0.850935 0.307571 0.875397
0 0.134915 0.672385 0.135704 0.655138 0.1259 0.653722 0.125112 0.670969
0 0.175655 0.68271 0.178914 0.661942 0.167832 0.656447 0.164574 0.677215
0 0.461288 0.551399 0.465573 0.528748 0.45528 0.522596 0.450996 0.545247
0 0.211481 0.585191 0.212537 0.571442 0.204223 0.569424 0.203167 0.583172
0 0.378382 0.910386 0.386487 0.890257 0.377715 0.879093 0.36961 0.899223
0 0.458237 0.503848 0.45916 0.484422 0.446057 0.482455 0.445134 0.50188
0 0.667233 0.834512 0.668689 0.81113 0.653801 0.8082 0.652345 0.831581
0 0.149393 0.782865 0.15894 0.755196 0.146281 0.74139 0.136733 0.769058
0 0.408845 0.60144 0.41344 0.573202 0.399394 0.565978 0.394799 0.594216
0 0.190379 0.970181 0.191019 0.9453 0.176886 0.944151 0.176246 0.969033
0 0.228752 0.550883 0.228837 0.534406 0.218264 0.534234 0.218179 0.550711
0 0.207841 0.500628 0.212433 0.483568 0.204076 0.476459 0.199484 0.49352
0 0.323307 0.844104 0.327071 0.820828 0.315988 0.815164 0.312224 0.838441
0 0.11268 0.855604 0.116311 0.831323 0.103391 0.825217 0.0997606 0.849498
0 0.146113 0.829279 0.148823 0.807572 0.13916 0.803761 0.136451 0.825467
0 0.58618 0.615993 0.588313 0.594998 0.574038 0.590414 0.571905 0.61141
0 0.0387159 0.640771 0.0424821 0.610727 0.0200522 0.60184 0.016286 0.631884
0 0.194531 0.625391 0.197587 0.607067 0.187091 0.601534 0.184035 0.619858
0 0.229218 0.643882 0.229214 0.626149 0.218082 0.626157 0.218085 0.64389
0 0.337596 0.676585 0.340378 0.653731 0.322851 0.646988 0.320069 0.669842
0 0.513936 0.853721 0.522075 0.830454 0.503293 0.80969 0.495154 0.832957
0 0.311711 0.553198 0.306725 0.491935 0.261677 0.503521 0.266662 0.564784
0 0.261663 0.723499 0.265014 0.70566 0.256196 0.700426 0.252845 0.718265
0 0.0745931 0.739846 0.0752246 0.723303 0.0646398 0.722026 0.0640083 0.738569
0 0.609841 0.737734 0.613221 0.716142 0.595917 0.70758 0.592537 0.729172
0 0.470782 0.784236 0.473215 0.766636 0.460336 0.76101 0.457903 0.77861
0 0.326289 0.602555 0.330768 0.569698 0.315302 0.563035 0.310823 0.595892
0 0.615412 0.720414 0.621815 0.696505 0.607074 0.684028 0.600671 0.707937
0 0.649946 0.774825 0.656338 0.750972 0.645432 0.741734 0.63904 0.765587
0 0.320628 1.00071 0.321995 0.975194 0.300804 0.971606 0.299437 0.997125
0 0.230772 0.657302 0.235031 0.640737 0.228396 0.635344 0.224136 0.651909
0 0.638052 0.750899 0.636494 0.713729 0.622214 0.715621 0.623772 0.752791
0 0.360865 0.653513 0.362262 0.639266 0.354044 0.63672 0.352647 0.650967
0 0.296587 0.992429 0.301006 0.957062 0.285847 0.951077 0.281429 0.986444
0 0.0135963 0.906298 0.0389645 0.879005 0.0305648 0.85433 0.00519661 0.881623
0 0.0568598 1.00924 0.0607639 0.975802 0.0377318 0.967303 0.0338277 1.00074
0 0.184848 0.654262 0.187384 0.637372 0.178742 0.633272 0.176207 0.650162
0 0.789109 0.441273 0.790813 0.415243 0.777611 0.412511 0.775906 0.438541
0 0.440536 0.640521 0.444139 0.617596 0.430843 0.610994 0.427241 0.633918
0 0.0365909 0.812376 0.0411082 0.79548 0.0275532 0.784026 0.0230358 0.800921
0 0.270465 0.963142 0.276553 0.931623 0.259472 0.921195 0.253383 0.952714
0 0.120937 0.517846 0.122508 0.499021 0.108084 0.495218 0.106514 0.514044
0 0.213179 0.76354 0.215522 0.743369 0.20535 0.739634 0.203007 0.759804
0 0.0616097 0.795271 0.0667135 0.773343 0.0558248 0.765333 0.050721 0.787261
0 0.158738 0.72996 0.160544 0.710659 0.149154 0.707291 0.147348 0.726592
0 0.605758 0.878061 0.610056 0.85576 0.593958 0.845953 0.589659 0.868255
0 0.360602 0.819765 0.369454 0.798011 0.359464 0.785164 0.350612 0.806918
0 0.248233 0.762756 0.251516 0.743323 0.242413 0.738463 0.23913 0.757896
0 0.263262 0.667854 0.265311 0.648348 0.251424 0.643739 0.249376 0.663245
0 0.59487 0.609619 0.595698 0.588399 0.584403 0.587006 0.583575 0.608226
0 0.406033 0.546609 0.415913 0.525638 0.40653 0.511667 0.39665 0.532637
0 0.287004 0.497788 0.288513 0.475287 0.270486 0.471466 0.268977 0.493967
0 0.34528 0.86904 0.350545 0.844098 0.337301 0.835264 0.332037 0.860205
0 0.326706 0.896369 0.329975 0.872072 0.31756 0.866794 0.314291 0.89109
0 0.340123 0.7095 0.34459 0.6925 0.335513 0.684962 0.331046 0.701963
0 0.691866 0.635094 0.694717 0.611628 0.680269 0.606081 0.677419 0.629547
0 0.122033 0.629458 0.122861 0.613938 0.112474 0.612185 0.111646 0.627705
0 0.094199 0.817301 0.0977952 0.794446 0.0881035 0.789626 0.0845073 0.812482
0 0.376678 0.92584 0.392646 0.906915 0.386496 0.890516 0.370528 0.909441
0 0.28081 0.822102 0.281313 0.802511 0.26993 0.801586 0.269426 0.821177
0 0.413637 0.673204 0.414854 0.654076 0.4034 0.651774 0.402184 0.670902
0 0.0542889 0.963011 0.0662464 0.935437 0.0547697 0.919708 0.0428122 0.947281
0 0.134452 0.918181 0.162306 0.881032 0.147883 0.846853 0.120028 0.884001
0 0.246496 0.536936 0.249056 0.51537 0.239047 0.511615 0.236487 0.533181
0 0.370504 0.784109 0.373102 0.762215 0.362437 0.758215 0.359839 0.780109
0 0.475693 0.845142 0.480915 0.813516 0.465341 0.805388 0.460119 0.837015
0 0.243332 0.669381 0.247556 0.652057 0.237383 0.644218 0.233159 0.661543
0 0.0190686 0.487017 0.0195336 0.462167 0.00190877 0.461125 0.00144385 0.485975
0 0.475192 1.00322 0.478056 0.970492 0.456186 0.964441 0.453321 0.997166
0 0.244912 0.626161 0.246269 0.611838 0.237052 0.609078 0.235695 0.623401
0 0.207138 0.93946 0.21049 0.908735 0.19596 0.903726 0.192609 0.93445
0 0.32798 0.825352 0.328718 0.797513 0.317733 0.796594 0.316996 0.824432
0 0.330434 0.745243 0.335497 0.724846 0.327438 0.718523 0.322375 0.73892
0 0.425014 0.594754 0.428614 0.569205 0.415157 0.563211 0.411556 0.58876
0 0.423935 0.726442 0.425663 0.710464 0.413881 0.706436 0.412153 0.722414
0 0.460718 0.637378 0.462018 0.618191 0.448474 0.61529 0.447174 0.634477
0 0.340522 0.969566 0.343116 0.939372 0.330573 0.935967 0.327979 0.966161
0 0.335959 0.99305 0.338036 0.960725 0.326095 0.958301 0.324019 0.990626
0 0.905594 0.715158 0.907498 0.687249 0.891112 0.683716 0.889208 0.711625
0 0.628917 1.00992 0.634981 0.974364 0.607597 0.959606 0.601534 0.995164
0 0.646491 0.873425 0.647677 0.842682 0.632272 0.840804 0.631086 0.871547
0 0.0458955 0.887816 0.0564491 0.864316 0.0479343 0.852231 0.0373808 0.875731
0 0.202853 0.962861 0.20431 0.938976 0.188609 0.935949 0.187152 0.959834
0 0.268159 0.888794 0.271975 0.867609 0.261843 0.861841 0.258027 0.883026
0 0.224215 0.713597 0.22193 0.688877 0.200714 0.695073 0.202998 0.719794
0 0.669654 0.771909 0.678552 0.751607 0.668971 0.738335 0.660073 0.758637
0 0.330008 0.639982 0.331489 0.62258 0.318827 0.619173 0.317346 0.636576
0 0.0388601 0.129957 0.0560122 -0.00150931 -0.00972903 -0.0286172 -0.0268812 0.10285
0 0.291268 0.895991 0.295704 0.87555 0.286489 0.869229 0.282052 0.88967
0 0.389105 0.847604 0.396848 0.831704 0.387033 0.816598 0.37929 0.832499
0 0.219715 0.77388 0.224228 0.754571 0.216427 0.748808 0.211914 0.768118
0 0.35082 0.840797 0.35576 0.807662 0.343699 0.801978 0.338758 0.835113
0 0.361148 0.798167 0.372412 0.784985 0.366977 0.770309 0.355714 0.783491
0 0.0422157 0.929784 0.0540962 0.908069 0.0449186 0.8922 0.0330381 0.913914
0 0.611216 0.764435 0.614756 0.745424 0.603659 0.738895 0.60012 0.757906
0 0.310404 0.883053 0.313263 0.859455 0.300927 0.854731 0.298067 0.878329
0 0.027364 0.72189 0.0261573 0.703091 0.00694952 0.706988 0.00815621 0.725786
0 0.653084 0.830682 0.653705 0.807297 0.637426 0.805932 0.636806 0.829317
0 0.19171 0.665391 0.195363 0.649077 0.184862 0.641645 0.181209 0.65796
0 0.59747 0.834192 0.599648 0.805419 0.581446 0.801066 0.579269 0.829838
0 0.0781103 0.734078 0.0801509 0.711225 0.0668047 0.707458 0.0647641 0.730311
