0 0.867674 0.657632 0.862637 0.619532 0.834969 0.631093 0.840006 0.669193
0 0.264141 0.902048 0.253229 0.804869 0.184278 0.829339 0.19519 0.926518
0 0.791236 0.688082 0.805027 0.640869 0.785343 0.622696 0.771552 0.66991
0 0.729836 0.756512 0.737964 0.727233 0.716987 0.708827 0.708858 0.738105
0 0.189931 0.86663 0.194738 0.799792 0.165622 0.793173 0.160815 0.860011
0 0.189988 0.897194 0.189071 0.859709 0.164431 0.861615 0.165349 0.8991
0 0.400846 0.856844 0.3997 0.804534 0.366402 0.80684 0.367549 0.85915
0 0.723092 0.811433 0.741877 0.786558 0.718296 0.730276 0.699511 0.755152
0 0.425561 1.01006 0.439211 0.935129 0.401445 0.913386 0.387796 0.988317
0 0.148472 1.03542 0.244465 0.966425 0.22567 0.88378 0.129677 0.952777
0 0.2863 0.548139 0.280086 0.500811 0.251116 0.512833 0.25733 0.56016
0 0.460329 0.755731 0.462191 0.713037 0.434854 0.709269 0.432992 0.751962
0 0.638067 0.9579 0.638354 0.917541 0.618155 0.917086 0.617867 0.957446
0 0.380555 0.897717 0.395789 0.863595 0.381589 0.843558 0.366355 0.87768
0 0.566949 0.850994 0.567886 0.827333 0.550198 0.825119 0.549261 0.848779
0 0.434094 0.932309 0.438091 0.901499 0.421382 0.894647 0.417384 0.925457
0 0.271232 0.845019 0.272896 0.812235 0.253444 0.809114 0.25178 0.841897
0 0.650584 0.988584 0.650367 0.953937 0.626109 0.954416 0.626326 0.989064
0 0.537895 0.877048 0.540827 0.854784 0.525139 0.848254 0.522207 0.870518
0 0.275758 0.804819 0.279317 0.757306 0.25779 0.75221 0.254231 0.799723
0 0.809498 1.06171 0.859258 0.966156 0.782348 0.839568 0.732588 0.935119
0 0.323561 0.78243 0.326207 0.749542 0.306842 0.744619 0.304197 0.777507
0 0.53273 0.850193 0.54203 0.808649 0.523036 0.795211 0.513736 0.836755
0 0.520362 0.993511 0.527314 0.961724 0.513272 0.952017 0.50632 0.983805
0 0.460168 0.850228 0.466257 0.811762 0.447756 0.802506 0.441667 0.840973
0 0.18127 0.928742 0.204562 0.8937 0.192219 0.867772 0.168928 0.902813
0 0.644362 0.552978 0.650706 0.507549 0.629663 0.498262 0.623319 0.543691
0 0.749224 0.591942 0.75321 0.553265 0.732852 0.546634 0.728866 0.585312
0 0.765492 0.781311 0.773332 0.760044 0.7469 0.729251 0.739061 0.750519
0 0.141424 0.921145 0.173131 0.864695 0.157156 0.836335 0.125448 0.892786
0 0.492186 0.988312 0.493829 0.962177 0.477007 0.958834 0.475364 0.984968
0 0.485271 0.917349 0.499758 0.868505 0.463457 0.834477 0.44897 0.883321
0 0.448687 0.915604 0.44786 0.87786 0.429569 0.879127 0.430395 0.916871
0 0.513429 1.0037 0.513878 0.984415 0.501299 0.983488 0.500849 1.00278
0 0.197439 0.727498 0.192841 0.694001 0.168563 0.704533 0.17316 0.73803
0 0.430281 0.838207 0.439852 0.801725 0.416073 0.782009 0.406502 0.81849
0 0.472404 0.987175 0.489305 0.949016 0.471313 0.923831 0.454413 0.961991
0 0.562989 0.887193 0.573643 0.851646 0.559768 0.838504 0.549114 0.87405
0 0.554862 0.99838 0.562201 0.964605 0.55064 0.956666 0.543301 0.990441
0 0.712517 0.866227 0.727862 0.821758 0.689417 0.77983 0.674072 0.824299
0 0.361101 0.921693 0.372889 0.888024 0.360061 0.87383 0.348273 0.907499
0 0.511934 0.974485 0.514147 0.935228 0.493582 0.931563 0.491369 0.97082
0 0.25755 0.754149 0.266623 0.725491 0.256251 0.715114 0.247179 0.743772
0 0.549027 0.958495 0.561489 0.919167 0.548234 0.905892 0.535772 0.94522
0 0.62631 0.991568 0.62949 0.954555 0.616169 0.950937 0.612989 0.98795
0 0.337988 0.908689 0.343092 0.88171 0.326618 0.871858 0.321514 0.898837
0 0.602228 0.870095 0.60994 0.797022 0.567851 0.782984 0.56014 0.856058
0 0.353098 0.738504 0.354355 0.716444 0.340157 0.713888 0.338901 0.735949
0 0.542722 1.00882 0.545624 0.976433 0.517726 0.968532 0.514824 1.00092
0 0.822619 0.624276 0.827777 0.600387 0.809673 0.588034 0.804515 0.611922
0 0.586382 0.922946 0.592225 0.904876 0.576491 0.888797 0.570648 0.906867
0 0.615731 0.913392 0.622525 0.888674 0.604883 0.87335 0.59809 0.898067
0 0.516576 0.916314 0.518323 0.891774 0.502816 0.888284 0.501068 0.912824
0 0.297159 0.9089 0.305308 0.87245 0.291825 0.862923 0.283677 0.899373
0 0.453904 1.00414 0.45454 0.980276 0.44182 0.979204 0.441184 1.00306
0 0.283545 0.834894 0.286041 0.807527 0.270539 0.803057 0.268043 0.830425
0 0.407204 0.766186 0.423844 0.746375 0.408774 0.706373 0.392134 0.726184
0 0.587089 0.655657 0.59464 0.6325 0.579168 0.616554 0.571617 0.63971
0 0.555015 0.689806 0.561663 0.665335 0.545674 0.651607 0.539026 0.676078
0 0.712018 0.810258 0.717317 0.763043 0.682866 0.750824 0.677568 0.798038
0 0.206261 0.529001 0.209353 0.495744 0.188807 0.489707 0.185715 0.522964
0 0.0656848 0.962539 0.080059 0.930694 0.0669573 0.912003 0.0525831 0.943848
0 0.556716 0.747014 0.560631 0.724667 0.545413 0.716241 0.541498 0.738589
0 0.83203 0.675805 0.836809 0.655773 0.812632 0.637541 0.807852 0.657573
0 0.568195 0.609792 0.573541 0.593052 0.560828 0.58022 0.555481 0.59696
0 0.611966 0.563357 0.61739 0.540717 0.605417 0.531652 0.599993 0.554291
0 0.599771 0.915295 0.606471 0.882427 0.590768 0.872311 0.584068 0.905178
0 0.457842 0.887133 0.457861 0.840528 0.427285 0.840489 0.427266 0.887094
0 0.0268915 0.995028 0.0536781 0.971403 0.0472028 0.948199 0.0204162 0.971825
0 0.117803 1.0073 0.132366 0.979528 0.122087 0.962495 0.107524 0.99027
0 0.251675 0.662924 0.27386 0.646834 0.26871 0.624391 0.246525 0.640481
0 0.603927 0.546307 0.611433 0.524254 0.600961 0.51299 0.593456 0.535043
0 0.611703 0.975093 0.625011 0.929998 0.596217 0.903143 0.582909 0.948238
0 0.310405 0.896106 0.342098 0.833068 0.313703 0.787949 0.28201 0.850987
0 0.416035 0.845891 0.420765 0.816383 0.406059 0.808933 0.401329 0.838441
0 0.471016 0.937976 0.477624 0.909321 0.464462 0.899728 0.457854 0.928384
0 0.759889 0.835943 0.770854 0.79508 0.75381 0.780626 0.742845 0.821489
0 0.152153 0.781979 0.179871 0.75684 0.169315 0.720052 0.141596 0.745191
0 0.439428 0.988389 0.45306 0.977718 0.442393 0.934655 0.428762 0.945326
0 0.308955 1.01507 0.315742 0.982416 0.285641 0.962644 0.278855 0.995296
0 0.587945 0.609403 0.589309 0.578308 0.576286 0.576504 0.574923 0.607599
0 0.987682 1.05727 1.01225 0.888631 0.834357 0.806733 0.809791 0.975374
0 0.504401 0.94543 0.510555 0.91034 0.494632 0.901515 0.488479 0.936605
0 0.616435 0.471154 0.61372 0.434212 0.586891 0.440444 0.589606 0.477386
0 0.245082 0.824661 0.242297 0.78799 0.218365 0.793735 0.22115 0.830406
0 0.403456 0.78304 0.405162 0.747354 0.387728 0.744719 0.386022 0.780406
0 0.33691 0.89772 0.379351 0.875288 0.361266 0.767143 0.318825 0.789575
0 0.546695 0.835128 0.554675 0.817645 0.541245 0.79827 0.533265 0.815753
0 0.490474 0.861841 0.493706 0.835559 0.480798 0.830542 0.477566 0.856824
0 0.479309 0.856951 0.484688 0.822392 0.465239 0.812825 0.45986 0.847384
0 0.255808 0.791038 0.260452 0.760027 0.246987 0.753654 0.242343 0.784664
0 0.395549 0.518104 0.398404 0.481903 0.377242 0.476627 0.374387 0.512828
0 0.78608 0.765872 0.792583 0.733292 0.762858 0.714539 0.756355 0.747119
0 0.406612 0.873408 0.415319 0.844264 0.402125 0.831806 0.393418 0.860951
0 0.589401 0.70912 0.600544 0.674837 0.590327 0.664342 0.579184 0.698625
0 0.196886 0.785866 0.223756 0.760028 0.216004 0.734551 0.189134 0.760389
0 0.558081 0.770278 0.560283 0.742684 0.544982 0.738825 0.54278 0.766419
0 0.314534 0.922413 0.326534 0.894362 0.314872 0.878595 0.302872 0.906646
0 0.667284 0.78462 0.68358 0.760639 0.663591 0.717711 0.647296 0.741692
0 0.519005 0.857644 0.523575 0.832947 0.509047 0.82445 0.504477 0.849147
0 0.467563 0.808985 0.468898 0.787837 0.4551 0.785083 0.453764 0.80623
0 0.839251 0.718984 0.847778 0.67802 0.809206 0.652645 0.80068 0.69361
0 0.362367 0.723596 0.363735 0.706249 0.352697 0.703499 0.351329 0.720846
0 0.809912 0.646631 0.814941 0.616145 0.783649 0.599829 0.77862 0.630315
0 0.258355 0.819128 0.256517 0.787922 0.233842 0.792144 0.23568 0.82335
0 0.263991 0.714758 0.265954 0.692297 0.253761 0.688929 0.251798 0.71139
0 0.242562 0.650931 0.252538 0.617639 0.239529 0.605318 0.229553 0.638611
0 0.60521 0.710877 0.617633 0.696293 0.604335 0.660492 0.591912 0.675076
0 0.839233 0.598067 0.842641 0.577177 0.827837 0.569544 0.824429 0.590433
0 0.393324 0.80151 0.397553 0.780883 0.38384 0.771996 0.379611 0.792624
0 0.500701 0.913725 0.503632 0.885933 0.489206 0.881126 0.486275 0.908918
0 0.54473 0.897728 0.551057 0.870581 0.540613 0.862887 0.534285 0.890035
0 0.244877 0.765975 0.250517 0.745897 0.240866 0.737329 0.235226 0.757408
0 0.517398 0.351281 0.521087 0.304454 0.494109 0.297737 0.49042 0.344564
0 0.624306 0.551859 0.630021 0.530683 0.618743 0.521065 0.613029 0.542241
0 0.387096 0.814551 0.389383 0.791762 0.374272 0.786971 0.371986 0.80976
0 0.449957 0.828353 0.450293 0.772963 0.430003 0.772574 0.429666 0.827964
0 0.28734 0.858103 0.300162 0.834735 0.290151 0.817373 0.277329 0.84074
0 0.340249 0.747599 0.341909 0.728173 0.328578 0.724572 0.326918 0.743998
0 0.293784 0.932213 0.299283 0.906739 0.289275 0.899911 0.283776 0.925385
0 0.623045 0.516906 0.625738 0.493373 0.610919 0.488013 0.608226 0.511546
0 0.370462 0.740722 0.372232 0.722759 0.358736 0.718558 0.356967 0.736521
0 0.533855 0.941492 0.536927 0.917298 0.521127 0.910959 0.518056 0.935153
0 0.38496 0.775279 0.386574 0.745602 0.371728 0.74305 0.370114 0.772727
0 0.33083 0.895127 0.336872 0.84629 0.309384 0.835542 0.303342 0.884378
0 0.426284 0.788126 0.428853 0.769626 0.415249 0.763656 0.41268 0.782156
0 0.573537 0.68492 0.581087 0.650974 0.559616 0.635882 0.552067 0.669828
0 0.570861 0.994351 0.577987 0.965169 0.563474 0.953969 0.556348 0.98315
0 0.241058 0.787125 0.244077 0.761741 0.231699 0.757088 0.22868 0.782473
0 0.144018 0.838391 0.168435 0.814269 0.160184 0.787874 0.135768 0.811996
0 0.64743 0.735527 0.648725 0.704308 0.633003 0.702245 0.631707 0.733465
0 0.558578 0.79472 0.568128 0.769928 0.558331 0.757999 0.54878 0.782791
0 0.327443 0.803808 0.343161 0.772117 0.331771 0.754262 0.316053 0.785953
0 0.507674 0.894092 0.513059 0.869752 0.496759 0.858354 0.491374 0.882694
0 0.509561 0.847832 0.51144 0.819567 0.491218 0.81532 0.489339 0.843584
0 0.28268 0.62792 0.286996 0.606603 0.271552 0.596721 0.267236 0.618038
0 0.668362 0.704807 0.677946 0.685437 0.668687 0.670958 0.659103 0.690328
0 0.578324 0.565013 0.579117 0.547414 0.567627 0.545777 0.566834 0.563377
0 0.50371 0.991922 0.50398 0.967078 0.490207 0.966604 0.489936 0.991449
0 0.394155 0.904429 0.400242 0.880071 0.389368 0.871483 0.383281 0.895841
0 0.376954 0.536705 0.383836 0.510696 0.367421 0.496967 0.360539 0.522976
0 0.526757 0.960131 0.528104 0.929057 0.513453 0.927049 0.512106 0.958123
0 0.607277 1.00596 0.62053 0.985149 0.605304 0.954506 0.592052 0.975318
0 0.48812 0.940782 0.493397 0.916565 0.481375 0.908285 0.476098 0.932502
0 0.447532 0.948357 0.452385 0.927499 0.440068 0.918442 0.435216 0.939301
0 0.424365 0.906655 0.428436 0.884193 0.416981 0.877631 0.41291 0.900093
0 0.384798 0.994566 0.379615 0.944705 0.33157 0.96049 0.336754 1.01035
0 0.555906 0.613077 0.561432 0.595047 0.548702 0.582717 0.543177 0.600748
0 0.152525 0.931688 0.17673 0.898572 0.165924 0.873609 0.141719 0.906725
0 0.389675 0.719665 0.389196 0.696343 0.372435 0.697432 0.372914 0.720753
0 0.137986 0.880561 0.161094 0.844628 0.145072 0.812063 0.121963 0.847997
0 0.246824 0.931834 0.264848 0.888391 0.245624 0.863183 0.2276 0.906626
0 0.336187 0.769387 0.342417 0.747034 0.33186 0.737735 0.32563 0.760088
0 0.103838 0.735355 0.103744 0.688612 0.0769752 0.688782 0.0770694 0.735526
0 0.192975 0.804347 0.197392 0.760732 0.173638 0.75313 0.169222 0.796744
0 0.603164 0.61008 0.601513 0.571813 0.587789 0.573685 0.589441 0.611952
0 0.276616 0.729019 0.278417 0.704063 0.262864 0.700515 0.261063 0.725471
0 0.487426 0.974259 0.495427 0.93792 0.474309 0.923224 0.466308 0.959564
0 0.419516 0.859043 0.441183 0.840501 0.435505 0.819528 0.413837 0.83807
0 0.395714 0.706378 0.409346 0.680469 0.39941 0.663947 0.385778 0.689857
0 0.534158 0.917618 0.536971 0.897543 0.526995 0.893125 0.524182 0.913199
0 0.488941 0.837749 0.491209 0.812526 0.480039 0.809352 0.477771 0.834575
0 0.416558 0.805638 0.421197 0.779868 0.405773 0.771091 0.401133 0.796861
0 0.461263 0.778224 0.467425 0.752513 0.455043 0.743133 0.44888 0.768844
0 0.47444 0.995445 0.475713 0.97312 0.460464 0.970372 0.459191 0.992697
0 0.782789 0.647736 0.784375 0.61791 0.766605 0.614924 0.76502 0.64475
0 0.658705 0.531183 0.664406 0.503983 0.650839 0.494996 0.645138 0.522196
0 0.277423 0.860902 0.280763 0.836403 0.268379 0.831066 0.265039 0.855565
0 0.859299 0.704515 0.864426 0.680557 0.849057 0.670163 0.84393 0.69412
0 0.256624 0.949748 0.259818 0.926868 0.248515 0.921882 0.245321 0.944762
0 0.263998 0.932554 0.272263 0.900248 0.259899 0.89025 0.251634 0.922557
0 0.584333 0.68936 0.5887 0.667559 0.577744 0.660623 0.573377 0.682424
0 0.106491 0.957501 0.146126 0.924461 0.13525 0.883224 0.0956144 0.916264
0 0.548693 0.86463 0.551389 0.838415 0.532915 0.83241 0.530219 0.858625
0 0.561148 0.96294 0.56441 0.937749 0.55248 0.932868 0.549219 0.958058
0 0.439668 0.728503 0.4417 0.687068 0.424295 0.68437 0.422264 0.725805
0 0.574625 0.593936 0.578746 0.570562 0.567169 0.56411 0.563047 0.587485
0 0.850843 0.753814 0.852312 0.731197 0.836957 0.728045 0.835487 0.750662
0 0.66491 0.597841 0.677903 0.556782 0.658865 0.537742 0.645872 0.578801
0 0.463835 0.947265 0.467876 0.924174 0.456943 0.918126 0.452902 0.941218
0 0.464578 0.674899 0.481532 0.628039 0.466698 0.611078 0.449745 0.657937
0 0.693369 0.760349 0.703671 0.740424 0.687192 0.713496 0.67689 0.73342
0 0.39193 0.751454 0.395027 0.730644 0.382193 0.724608 0.379097 0.745417
0 0.518149 0.877041 0.522275 0.855989 0.507706 0.846962 0.503579 0.868014
0 0.581444 0.770753 0.592637 0.739249 0.579023 0.723961 0.56783 0.755466
0 0.293027 0.822757 0.30249 0.797184 0.291284 0.784079 0.281821 0.809652
0 0.989317 0.684525 0.99153 0.656257 0.97398 0.651913 0.971767 0.680181
0 0.627611 1.00305 0.628568 0.978259 0.615497 0.976664 0.61454 1.00146
0 0.290766 0.784607 0.294372 0.758041 0.280544 0.752108 0.276937 0.778674
0 0.572006 0.655785 0.573573 0.606781 0.538421 0.603227 0.536853 0.652232
0 0.352669 0.365475 0.360015 0.329508 0.332103 0.311492 0.324757 0.347459
0 0.792567 0.741715 0.801474 0.713318 0.770667 0.682781 0.76176 0.711179
0 0.543038 0.863248 0.545462 0.83765 0.52907 0.832745 0.526646 0.858342
0 0.621482 0.640619 0.623575 0.620014 0.609012 0.615338 0.606918 0.635942
0 0.383879 0.731858 0.38378 0.709764 0.369703 0.709964 0.369802 0.732058
0 0.756312 1.01761 0.765019 0.953612 0.725321 0.936542 0.716613 1.00054
0 0.573256 0.931801 0.579193 0.906378 0.564733 0.895707 0.558797 0.92113
0 0.0829122 0.855789 0.0831453 0.830631 0.0708897 0.830272 0.0706566 0.85543
0 0.788808 0.80289 0.792385 0.781131 0.772649 0.770877 0.769072 0.792636
0 0.467477 0.734521 0.477435 0.705041 0.464571 0.691306 0.454613 0.720786
0 0.563103 0.803054 0.574851 0.784196 0.568439 0.771572 0.556691 0.79043
0 0.562087 0.726217 0.565975 0.705987 0.553554 0.698442 0.549666 0.718672
0 0.163156 0.943973 0.180076 0.915178 0.169807 0.896109 0.152887 0.924904
0 0.590077 0.623971 0.591747 0.605685 0.580989 0.602581 0.57932 0.620868
0 0.369401 0.958626 0.374564 0.929474 0.361049 0.921908 0.355885 0.95106
0 0.540819 0.982533 0.545049 0.956988 0.530176 0.949206 0.525947 0.974751
0 0.376323 0.970158 0.378934 0.948368 0.367 0.943848 0.364389 0.965638
0 0.563842 0.823807 0.567044 0.799882 0.553918 0.794329 0.550715 0.818254
0 0.117937 0.568761 0.123128 0.549701 0.111272 0.539496 0.106081 0.558556
0 0.144258 0.67329 0.146913 0.646033 0.132371 0.641555 0.129715 0.668812
0 0.167965 0.715504 0.169796 0.696055 0.15753 0.692405 0.155698 0.711854
0 0.185782 0.549015 0.186609 0.52823 0.173243 0.526548 0.172416 0.547333
0 0.30903 0.818788 0.315715 0.796584 0.30539 0.78676 0.298705 0.808963
0 0.815763 0.538886 0.822202 0.514741 0.8056 0.500748 0.799161 0.524893
0 0.458092 0.971935 0.45959 0.943675 0.447368 0.941628 0.44587 0.969888
0 0.517699 0.942447 0.520325 0.915356 0.507982 0.911575 0.505356 0.938666
0 0.342084 0.649563 0.343837 0.625462 0.328113 0.621847 0.32636 0.645948
0 0.651903 0.70719 0.653758 0.687067 0.640902 0.683322 0.639048 0.703446
0 0.580767 0.973158 0.588055 0.951227 0.575064 0.937584 0.567776 0.959515
0 0.283003 0.981298 0.287781 0.953574 0.272188 0.945082 0.267411 0.972806
0 0.507102 0.743038 0.508706 0.723233 0.496471 0.720102 0.494867 0.739906
0 0.569732 0.969293 0.5727 0.946882 0.562053 0.942425 0.559084 0.964836
0 0.502721 0.872988 0.505304 0.853142 0.489765 0.846749 0.487181 0.866595
0 0.319929 0.637594 0.324031 0.60639 0.307871 0.599675 0.303768 0.63088
0 0.111407 0.835946 0.121107 0.80994 0.112023 0.799231 0.102323 0.825237
0 0.381299 0.932348 0.38965 0.910357 0.381134 0.900135 0.372782 0.922127
0 0.540336 0.932404 0.548792 0.904477 0.539539 0.895621 0.531082 0.923548
0 0.305055 0.912326 0.313189 0.885618 0.303723 0.876506 0.295588 0.903214
0 0.245998 0.725331 0.246958 0.705123 0.236578 0.703564 0.235617 0.723772
0 0.186242 0.762374 0.201335 0.74028 0.19265 0.72153 0.177557 0.743624
0 0.268015 0.582776 0.266331 0.553006 0.245514 0.556728 0.247199 0.586498
0 0.571127 0.755385 0.576789 0.733256 0.567438 0.725694 0.561776 0.747823
0 0.881885 0.819441 0.880217 0.78123 0.854048 0.78484 0.855715 0.82305
0 0.903779 0.745215 0.907917 0.711864 0.879502 0.700723 0.875364 0.734074
0 0.149949 0.31163 0.165066 0.287012 0.147848 0.253593 0.13273 0.278211
0 0.211713 0.416504 0.220067 0.380848 0.201657 0.367216 0.193303 0.402872
0 0.664541 0.717651 0.667119 0.696037 0.654589 0.691312 0.652011 0.712926
0 0.290372 0.583845 0.299308 0.55848 0.281968 0.539172 0.273032 0.564537
0 0.31741 0.809689 0.324661 0.790069 0.312634 0.776021 0.305383 0.795641
0 0.600761 0.656017 0.602353 0.628236 0.590387 0.626068 0.588795 0.65385
0 0.419396 0.929491 0.422751 0.905758 0.40985 0.899995 0.406495 0.923728
0 0.280947 1.00436 0.279693 0.971159 0.256714 0.973903 0.257969 1.0071
0 0.435375 0.775814 0.437692 0.75197 0.424925 0.748048 0.422607 0.771893
0 0.290942 0.760347 0.295623 0.747337 0.285664 0.736015 0.280984 0.749025
0 0.363558 0.775911 0.364097 0.752855 0.347559 0.751633 0.347021 0.774689
0 0.531457 0.809091 0.533441 0.77808 0.513179 0.773983 0.511195 0.804995
0 0.412954 0.713216 0.415915 0.690539 0.400912 0.684348 0.397951 0.707025
0 0.56964 0.946142 0.571433 0.927696 0.560237 0.924258 0.558444 0.942704
0 0.25594 0.634903 0.261875 0.619507 0.251074 0.606349 0.245139 0.621745
0 0.841575 0.626113 0.847358 0.607396 0.834609 0.594948 0.828827 0.613665
0 0.0910587 0.932033 0.107926 0.905766 0.100126 0.889937 0.0832592 0.916204
0 0.424094 0.885482 0.429885 0.862299 0.419682 0.854244 0.413891 0.877427
0 0.463338 1.00089 0.462283 0.979447 0.45059 0.981265 0.451645 1.0027
0 0.619429 0.591401 0.621139 0.570563 0.607495 0.567025 0.605785 0.587863
0 0.750651 0.557861 0.751474 0.531506 0.734846 0.529866 0.734023 0.556221
0 0.381739 0.915532 0.389085 0.888611 0.376403 0.877675 0.369057 0.904596
0 0.0723637 0.977671 0.0834874 0.949885 0.0732059 0.936876 0.0620822 0.964663
0 0.681669 0.590552 0.687204 0.570775 0.673103 0.558302 0.667568 0.578079
0 0.448397 0.767263 0.449796 0.744355 0.435549 0.741606 0.43415 0.764514
0 0.112172 0.876861 0.113916 0.858641 0.103743 0.855562 0.101998 0.873782
0 0.0703047 0.899801 0.0759701 0.876262 0.0667784 0.869271 0.061113 0.892809
0 0.380771 0.945627 0.387056 0.926133 0.377856 0.91676 0.371571 0.936254
0 0.53369 0.747555 0.534932 0.727495 0.52401 0.725357 0.522767 0.745418
0 0.59994 0.635635 0.601556 0.613919 0.58982 0.611158 0.588203 0.632874
0 0.032589 0.970712 0.0463021 0.943429 0.0358456 0.926818 0.0221325 0.954101
0 0.136258 0.736692 0.140043 0.711871 0.119011 0.701735 0.115226 0.726556
0 0.783174 0.614442 0.782334 0.590422 0.766091 0.592218 0.766932 0.616238
0 0.300275 0.738166 0.301213 0.717897 0.286478 0.715743 0.28554 0.736012
0 0.20841 0.751976 0.216307 0.731586 0.207306 0.720569 0.199409 0.740958
0 0.652872 0.967493 0.654893 0.945227 0.642497 0.941671 0.640476 0.963937
0 0.560974 0.58454 0.563331 0.567502 0.552753 0.562878 0.550397 0.579916
0 0.123401 0.42946 0.135342 0.370334 0.0909702 0.342014 0.0790298 0.40114
0 0.588896 0.669662 0.593051 0.653753 0.583583 0.645937 0.579428 0.661846
0 0.503527 0.694307 0.503934 0.631613 0.472092 0.630959 0.471685 0.693653
0 0.140498 0.270835 0.146098 0.234716 0.122384 0.223097 0.116785 0.259216
0 0.342907 0.986367 0.338817 0.959083 0.315313 0.97022 0.319404 0.997504
0 0.552047 0.807397 0.555474 0.786014 0.541648 0.779012 0.538221 0.800395
0 0.387822 0.348533 0.386838 0.28129 0.350208 0.282984 0.351193 0.350228
0 0.382636 0.680035 0.384481 0.654689 0.371936 0.651803 0.370091 0.677149
0 0.290834 0.378098 0.291533 0.353252 0.266988 0.351069 0.266289 0.375915
0 0.566455 0.576058 0.569798 0.556962 0.559052 0.551017 0.555709 0.570112
0 0.599357 0.567532 0.603307 0.542242 0.590341 0.535842 0.586391 0.561131
0 0.363605 0.662266 0.366685 0.64133 0.354207 0.635527 0.351126 0.656463
0 0.287546 0.801902 0.294526 0.782858 0.285363 0.772243 0.278383 0.791287
0 0.327849 0.370289 0.330903 0.349437 0.314505 0.341846 0.311451 0.362698
0 0.311609 0.386572 0.315977 0.367423 0.295056 0.35234 0.290688 0.371489
0 0.489285 0.760255 0.493071 0.737585 0.481294 0.731368 0.477508 0.754038
0 0.440077 0.686595 0.456397 0.673608 0.445977 0.63222 0.429657 0.645207
0 0.138648 0.714961 0.143959 0.680672 0.125773 0.671769 0.120462 0.706058
0 0.546837 0.989369 0.550819 0.959261 0.539285 0.95444 0.535303 0.984548
0 0.549677 0.728177 0.551799 0.709114 0.539435 0.704764 0.537313 0.723827
0 0.480487 0.732982 0.4835 0.707793 0.46925 0.702406 0.466237 0.727595
0 0.282137 0.932266 0.28754 0.911385 0.276754 0.902565 0.271352 0.923446
0 0.0219528 0.930871 0.0223233 0.90906 0.0113328 0.90847 0.0109623 0.930281
0 0.358448 0.546307 0.379246 0.480683 0.354525 0.455922 0.333727 0.521546
0 0.539892 0.790784 0.542217 0.750383 0.518125 0.746002 0.515801 0.786403
0 0.439738 1.00179 0.443403 0.976109 0.429437 0.969809 0.425772 0.995488
0 0.417241 0.76878 0.424488 0.746446 0.408985 0.730547 0.401738 0.75288
0 0.536141 0.90701 0.540379 0.88635 0.531093 0.880329 0.526855 0.90099
0 0.340755 0.754248 0.345567 0.733658 0.333659 0.724862 0.328847 0.745451
0 0.247783 0.745798 0.252403 0.726066 0.242962 0.719081 0.238343 0.738814
0 0.290639 0.873829 0.293747 0.849433 0.279269 0.843605 0.276162 0.868001
0 0.38741 0.553718 0.411653 0.53533 0.405031 0.507735 0.380788 0.526123
0 0.338368 0.373094 0.343202 0.347119 0.326995 0.337586 0.322161 0.363561
0 0.534352 0.806912 0.536266 0.755423 0.503188 0.751536 0.501274 0.803026
0 0.673221 0.734593 0.678578 0.712626 0.664835 0.702034 0.659478 0.724001
0 0.290288 0.39062 0.29059 0.362809 0.264475 0.36191 0.264172 0.389721
0 0.745527 0.748125 0.751045 0.713853 0.734195 0.705279 0.728677 0.739551
0 0.563297 1.00672 0.565527 0.984459 0.553052 0.98051 0.550822 1.00277
0 0.5106 0.824223 0.514945 0.79329 0.489033 0.781785 0.484688 0.812718
0 0.127167 0.895163 0.129399 0.862329 0.114035 0.859028 0.111803 0.891862
0 0.0600244 1.00076 0.0738541 0.977236 0.0664043 0.963395 0.0525746 0.986921
0 0.616979 0.586649 0.619019 0.568022 0.605758 0.563431 0.603718 0.582058
0 0.553095 0.914896 0.559824 0.881925 0.548794 0.874812 0.542066 0.907782
0 0.336626 0.566359 0.34415 0.542589 0.333962 0.532397 0.326438 0.556167
0 0.661214 0.55645 0.665239 0.530094 0.651545 0.523485 0.64752 0.549841
0 0.258012 0.76386 0.262496 0.73839 0.252449 0.7328 0.247965 0.758269
0 0.769321 0.813083 0.774151 0.789015 0.759991 0.780035 0.755162 0.804103
0 0.0943863 0.797146 0.103086 0.749518 0.0884416 0.741064 0.079742 0.788692
0 0.580926 0.556696 0.581309 0.538691 0.569725 0.537913 0.569342 0.555917
0 0.3496 0.762727 0.352615 0.74004 0.341672 0.735444 0.338657 0.758132
0 0.345682 0.587513 0.348008 0.560867 0.334875 0.557244 0.332549 0.58389
0 0.608234 0.629883 0.610144 0.613512 0.600755 0.61005 0.598845 0.626421
0 0.284039 0.743338 0.285748 0.728161 0.27653 0.724881 0.274821 0.740058
0 0.569751 0.90932 0.573042 0.884373 0.55917 0.878588 0.555878 0.903536
0 0.515869 0.781601 0.51423 0.741668 0.489156 0.74492 0.490795 0.784853
0 0.58521 0.712657 0.593829 0.684955 0.58342 0.67472 0.574801 0.702422
0 0.326995 0.809078 0.338692 0.776091 0.322121 0.75752 0.310424 0.790506
0 0.412891 0.675671 0.417709 0.64972 0.39694 0.637534 0.392122 0.663485
0 0.270983 0.74938 0.275713 0.730293 0.265802 0.72253 0.261071 0.741618
0 0.945788 0.63705 0.953763 0.615948 0.932592 0.590659 0.924616 0.611762
0 0.0503941 0.939862 0.0527926 0.921812 0.041828 0.917207 0.0394295 0.935257
0 0.584704 0.89703 0.587327 0.877605 0.575848 0.872706 0.573224 0.89213
0 0.595175 0.783808 0.597751 0.75795 0.583313 0.753403 0.580736 0.779261
0 0.300694 0.789695 0.306566 0.767364 0.296437 0.758946 0.290565 0.781277
0 0.72933 0.82708 0.734326 0.803427 0.719802 0.793732 0.714807 0.817384
0 0.653389 0.279566 0.660678 0.255701 0.64418 0.239776 0.636891 0.263641
0 0.646867 0.94289 0.648326 0.911608 0.635028 0.909648 0.633569 0.94093
0 0.197026 0.700576 0.198904 0.683477 0.187 0.679344 0.185121 0.696442
0 0.0837478 0.944806 0.0922106 0.92375 0.0841258 0.91348 0.075663 0.934536
0 0.550164 0.800306 0.554664 0.779446 0.541172 0.770249 0.536672 0.791108
0 0.542104 0.754959 0.545942 0.736346 0.535337 0.729435 0.531499 0.748047
0 0.329358 0.383101 0.329144 0.365208 0.309823 0.365941 0.310037 0.383833
0 0.365686 0.743721 0.367284 0.722061 0.35469 0.719124 0.353092 0.740785
0 0.45863 0.928274 0.460367 0.896361 0.448035 0.894239 0.446298 0.926152
0 0.459709 0.719255 0.463278 0.698433 0.452017 0.692333 0.448448 0.713156
0 0.369363 0.710547 0.371263 0.693542 0.360795 0.689846 0.358895 0.70685
0 0.578215 0.735836 0.582481 0.713558 0.571965 0.707194 0.567699 0.729472
0 0.863185 0.630922 0.86567 0.614863 0.853725 0.609022 0.85124 0.625081
0 0.488812 0.803486 0.496106 0.780777 0.4836 0.768082 0.476306 0.790791
0 0.579364 0.630527 0.583157 0.609455 0.566289 0.599859 0.562496 0.620931
0 0.303372 0.64526 0.306548 0.615512 0.293049 0.610957 0.289873 0.640705
0 0.274845 0.698708 0.278668 0.669451 0.262678 0.662846 0.258854 0.692103
0 0.76018 0.622015 0.762002 0.598571 0.746291 0.594713 0.744469 0.618157
0 0.283873 0.818876 0.286062 0.797208 0.273526 0.793206 0.271337 0.814874
0 0.452957 0.54694 0.455321 0.518989 0.440248 0.514959 0.437883 0.54291
0 0.950268 0.569804 0.949281 0.54389 0.93128 0.546056 0.932266 0.57197
0 0.569878 0.733123 0.57482 0.711752 0.565242 0.704753 0.5603 0.726125
0 0.516129 0.749526 0.515697 0.732471 0.503928 0.733412 0.50436 0.750467
0 0.837942 0.622232 0.841312 0.603072 0.828634 0.596025 0.825265 0.615186
0 0.0616808 0.923592 0.0682096 0.90171 0.0581294 0.892205 0.0516006 0.914087
0 0.641284 0.854439 0.652306 0.842033 0.640951 0.810151 0.629929 0.822557
0 0.734023 0.719631 0.735415 0.693126 0.722313 0.690951 0.720921 0.717456
0 0.688131 0.929034 0.703968 0.835773 0.662949 0.813759 0.647112 0.90702
0 0.486535 0.820496 0.489356 0.800154 0.476254 0.794411 0.473433 0.814753
0 0.573678 0.763078 0.581543 0.73748 0.571401 0.72763 0.563535 0.753228
0 0.47522 0.960078 0.482414 0.929886 0.466874 0.918184 0.45968 0.948376
0 0.23675 0.747018 0.241565 0.723814 0.231641 0.717307 0.226827 0.740511
0 0.452861 0.705706 0.457939 0.682758 0.445568 0.674106 0.44049 0.697055
0 0.811256 0.652838 0.814972 0.63489 0.800086 0.625149 0.79637 0.643097
0 0.382966 0.795734 0.385043 0.772338 0.371922 0.768656 0.369845 0.792052
0 0.39576 0.944496 0.403874 0.921209 0.394742 0.911153 0.386628 0.93444
0 0.598197 0.995634 0.605658 0.967496 0.589472 0.953932 0.582011 0.98207
0 0.613821 0.740413 0.621747 0.717175 0.604292 0.698357 0.596366 0.721595
