0 0.165551 0.991584 0.155363 0.943143 0.116164 0.9692 0.126352 1.01764
0 0.203283 0.81339 0.207459 0.788711 0.190371 0.779573 0.186195 0.804252
0 0.565702 0.957825 0.566631 0.922959 0.54326 0.920992 0.542332 0.955858
0 0.559627 0.93331 0.569717 0.915405 0.553543 0.886597 0.543452 0.904502
0 0.100126 0.863486 0.117113 0.844637 0.109788 0.823773 0.0928008 0.842622
0 0.169599 1.00926 0.186184 0.979504 0.172974 0.956237 0.156389 0.985997
0 0.558447 0.875749 0.559982 0.8516 0.548366 0.849267 0.546832 0.873417
0 0.237991 0.792852 0.242899 0.765099 0.229153 0.757415 0.224244 0.785168
0 0.024415 0.8579 0.0276508 0.799042 -0.00473628 0.793415 -0.00797209 0.852273
0 0.263638 0.665587 0.267917 0.643267 0.253659 0.634628 0.24938 0.656947
0 0.0427388 1.00166 0.0562065 0.952105 0.0416591 0.93961 0.0281913 0.989168
0 0.134895 0.616692 0.153709 0.579581 0.136753 0.552414 0.11794 0.589525
0 0.397019 0.713547 0.414979 0.566669 0.339437 0.537476 0.321478 0.684354
0 0.0610866 0.846741 0.0664498 0.803185 0.0463419 0.795359 0.0409786 0.838916
0 0.00490478 0.98137 0.0610916 0.933495 0.0448547 0.873269 -0.0113322 0.921144
0 0.0737616 0.685539 0.0930421 0.634412 0.0713317 0.608536 0.0520512 0.659663
0 0.273821 0.978451 0.283625 0.945219 0.272721 0.935052 0.262917 0.968285
0 0.458194 0.854749 0.465552 0.816452 0.451689 0.808033 0.44433 0.846331
0 0.183628 0.97704 0.187935 0.94506 0.166516 0.935943 0.162209 0.967923
0 0.103684 0.631411 0.119045 0.618595 0.114023 0.599572 0.0986617 0.612388
0 0.771961 1.05449 0.838241 0.949657 0.763335 0.799985 0.697055 0.90482
0 0.983302 1.06334 1.0143 0.862032 0.812301 0.763717 0.7813 0.965029
0 0.109451 0.58967 0.108695 0.564972 0.0898529 0.566797 0.0906094 0.591494
0 0.0681565 0.783108 0.0675395 0.749514 0.0353933 0.75138 0.0360103 0.784974
0 0.266792 1.00523 0.276814 0.979532 0.265342 0.965394 0.25532 0.991096
0 0.236246 0.926982 0.259072 0.853425 0.228307 0.823253 0.205481 0.896809
0 0.153252 0.815531 0.17323 0.791616 0.164886 0.769586 0.144908 0.793502
0 0.0973859 0.618095 0.0957117 0.587949 0.0614041 0.593971 0.0630783 0.624116
0 0.612515 0.844017 0.629437 0.819529 0.60712 0.770789 0.590198 0.795277
0 0.18838 1.01546 0.225299 0.990946 0.216844 0.950705 0.179924 0.975224
0 0.22387 0.780483 0.229966 0.7533 0.217412 0.744402 0.211316 0.771584
0 0.58058 1.00538 0.584025 0.980945 0.562735 0.971457 0.55929 0.995891
0 0.180083 0.329469 0.202017 0.222624 0.123216 0.171497 0.101283 0.278342
0 0.0753469 0.805475 0.0763127 0.781871 0.0599551 0.779755 0.0589892 0.803359
0 0.288807 0.728712 0.294556 0.713796 0.278875 0.694695 0.273126 0.70961
0 0.255911 0.942482 0.270885 0.923624 0.263957 0.906238 0.248983 0.925097
0 0.52155 0.994126 0.53557 0.95839 0.511459 0.928493 0.497439 0.964229
0 0.214584 0.762028 0.221237 0.742869 0.210241 0.730801 0.203588 0.749959
0 0.0996097 0.566624 0.101334 0.551112 0.0900535 0.54715 0.0883296 0.562662
0 0.155878 0.755367 0.16851 0.730447 0.159917 0.716681 0.147285 0.741601
0 0.205572 0.871431 0.232355 0.851 0.225955 0.824484 0.199172 0.844915
0 0.221388 0.971282 0.234592 0.94591 0.224569 0.929424 0.211365 0.954796
0 0.120765 0.558924 0.122921 0.537689 0.109642 0.533428 0.107487 0.554664
0 0.566534 0.989965 0.575822 0.952579 0.557524 0.938212 0.548236 0.975598
0 0.126862 0.788764 0.128086 0.772212 0.117093 0.769644 0.11587 0.786196
0 0.101677 0.333012 0.119009 0.318884 0.106653 0.270977 0.0893215 0.285105
0 0.177348 0.882928 0.212737 0.837746 0.201373 0.809613 0.165983 0.854795
0 0.584696 0.836364 0.586322 0.812544 0.572672 0.8096 0.571047 0.83342
0 0.440726 0.986662 0.44455 0.96253 0.431322 0.955905 0.427498 0.980037
0 0.440355 0.666915 0.443078 0.645761 0.430036 0.640454 0.427313 0.661609
0 0.206232 0.79177 0.212503 0.772993 0.202088 0.761999 0.195816 0.780775
0 0.0154146 1.01165 0.0355582 0.981598 0.0235169 0.956089 0.00337335 0.98614
0 0.0968949 0.713955 0.091303 0.681188 0.0603848 0.697864 0.0659767 0.730631
0 0.153575 0.880462 0.161749 0.835803 0.142119 0.824449 0.133945 0.869107
0 0.213228 0.96245 0.219145 0.929472 0.204156 0.920973 0.19824 0.95395
0 0.588115 0.967847 0.591693 0.939825 0.573726 0.932576 0.570149 0.960597
0 0.530402 0.928029 0.533729 0.900415 0.520667 0.895441 0.51734 0.923055
0 1.00267 0.744211 1.00328 0.667049 0.955847 0.665862 0.955236 0.743024
0 0.298324 0.266836 0.309889 0.207237 0.271431 0.183651 0.259866 0.24325
0 0.247304 0.796918 0.251178 0.777718 0.241643 0.771638 0.237769 0.790839
0 0.389749 0.984126 0.391176 0.963307 0.378001 0.960453 0.376574 0.981273
0 0.248768 0.973931 0.253975 0.950372 0.243584 0.943113 0.238376 0.966671
0 0.244987 0.674215 0.25071 0.653788 0.242486 0.646507 0.236763 0.666934
0 0.287331 0.766553 0.287514 0.729931 0.26498 0.729574 0.264797 0.766197
0 0.611468 0.981201 0.618173 0.949181 0.599413 0.936765 0.592707 0.968785
0 0.298693 0.763383 0.299846 0.745192 0.287934 0.742805 0.286781 0.760997
0 0.158482 0.91338 0.170541 0.886657 0.159909 0.871495 0.147851 0.898219
0 0.143728 0.784375 0.144425 0.761726 0.129024 0.760229 0.128327 0.782877
0 0.244242 0.951899 0.255743 0.924127 0.244691 0.909663 0.233191 0.937436
0 0.171514 0.777693 0.179859 0.756633 0.170883 0.745393 0.162539 0.766453
0 0.36361 0.924991 0.36549 0.906379 0.354064 0.902731 0.352184 0.921343
0 0.188809 0.634963 0.188309 0.608983 0.172546 0.609941 0.173046 0.635922
0 0.0621279 0.647666 0.0634151 0.61969 0.0458842 0.617141 0.044597 0.645116
0 0.159599 0.725589 0.175639 0.700591 0.166691 0.682445 0.150651 0.707443
0 0.521835 0.909746 0.526553 0.887285 0.514991 0.87961 0.510273 0.902071
0 0.420333 0.59069 0.424 0.569365 0.415991 0.565012 0.412324 0.586337
0 0.0960063 0.883164 0.101619 0.863382 0.0846091 0.84813 0.0789968 0.867911
0 0.158411 0.935325 0.171281 0.907478 0.161805 0.893635 0.148934 0.921482
0 0.469024 0.816303 0.485046 0.793492 0.476701 0.774968 0.460679 0.797779
0 0.13836 0.629581 0.139722 0.612614 0.128649 0.609806 0.127287 0.626772
0 0.306754 0.783879 0.30976 0.760718 0.295675 0.754942 0.29267 0.778102
0 0.358291 0.905451 0.359769 0.880705 0.347103 0.878314 0.345625 0.90306
0 0.542644 0.981533 0.547829 0.957701 0.535568 0.949269 0.530382 0.973101
0 0.147201 0.629251 0.148959 0.612309 0.139197 0.609106 0.137438 0.626048
0 0.281232 0.947123 0.289974 0.919449 0.276423 0.905919 0.26768 0.933593
0 0.373862 0.938172 0.375385 0.921261 0.363707 0.917939 0.362185 0.934849
0 0.0169494 0.804934 0.0208449 0.769869 0.00172798 0.763157 -0.00216751 0.798222
0 0.275286 0.658532 0.278201 0.63987 0.268207 0.634936 0.265292 0.653598
0 0.56403 0.894028 0.565656 0.874695 0.551812 0.871017 0.550187 0.89035
0 0.291873 0.982854 0.306661 0.945227 0.290672 0.925367 0.275884 0.962994
0 0.200193 0.961322 0.202498 0.936191 0.189133 0.932317 0.186828 0.957448
0 0.0139697 0.923335 0.0134596 0.881299 -0.00435236 0.881982 -0.00384225 0.924018
0 0.14218 0.915888 0.149538 0.891438 0.133267 0.875964 0.12591 0.900413
0 0.0984346 0.93641 0.090946 0.857602 0.0435844 0.871826 0.051073 0.950634
0 0.471596 0.765075 0.472989 0.741232 0.459651 0.73877 0.458258 0.762613
0 0.0988035 0.615566 0.099357 0.591902 0.0755683 0.590143 0.0750148 0.613808
0 0.229918 0.944129 0.239888 0.922848 0.23038 0.908772 0.220411 0.930053
0 0.418334 0.942826 0.419263 0.919125 0.407167 0.917627 0.406239 0.941328
0 0.238572 0.731003 0.252104 0.702969 0.242658 0.688559 0.229126 0.716592
0 0.0949036 0.858819 0.0963787 0.833221 0.0800303 0.830244 0.0785552 0.855841
0 0.117294 0.900209 0.126728 0.878912 0.117129 0.865474 0.107695 0.886771
0 0.442246 0.58567 0.448355 0.565845 0.435305 0.553134 0.429196 0.57296
0 0.158142 0.776341 0.163231 0.756861 0.152478 0.747983 0.147389 0.767463
0 0.412606 0.604001 0.414469 0.584314 0.402204 0.580646 0.400341 0.600333
0 0.139312 0.875374 0.142223 0.845029 0.126353 0.840218 0.123442 0.870563
0 0.137139 0.570829 0.138491 0.553861 0.127441 0.551079 0.126089 0.568047
0 0.0875959 0.74736 0.0877857 0.716624 0.0645672 0.716171 0.0643774 0.746907
0 0.344451 0.889451 0.350395 0.865147 0.339581 0.856789 0.333637 0.881093
0 0.330762 0.955824 0.327638 0.90462 0.30172 0.909616 0.304843 0.96082
0 0.217954 0.843039 0.235476 0.819556 0.228585 0.803303 0.211062 0.826787
0 0.278294 0.845516 0.279963 0.803494 0.252273 0.800017 0.250604 0.84204
0 0.255579 0.786071 0.261814 0.766951 0.254539 0.759453 0.248304 0.778572
0 0.375993 1.00067 0.380138 0.971937 0.358688 0.962158 0.354543 0.990891
0 0.145512 0.683353 0.146488 0.66383 0.134531 0.661939 0.133554 0.681462
0 0.279814 0.752244 0.282592 0.725377 0.264895 0.719595 0.262117 0.746462
0 0.241529 0.65771 0.249719 0.630879 0.237818 0.619397 0.229627 0.646228
0 0.06119 0.861661 0.0701359 0.836638 0.0584768 0.823465 0.049531 0.848488
0 0.146575 0.657422 0.148342 0.63727 0.138243 0.63447 0.136475 0.654622
0 0.334669 0.887599 0.337958 0.865585 0.326345 0.860101 0.323056 0.882115
0 0.17993 0.794 0.187565 0.772505 0.178738 0.762596 0.171103 0.784091
0 0.461667 0.806287 0.464068 0.785007 0.449433 0.779789 0.447033 0.801069
0 0.071929 1.0111 0.105365 0.987961 0.0997915 0.962506 0.0663557 0.985642
0 0.452248 0.873066 0.45343 0.851408 0.441421 0.849337 0.440239 0.870996
0 0.0884682 0.623972 0.0871966 0.597101 0.0591524 0.601296 0.060424 0.628166
0 0.0921846 0.783635 0.0909787 0.760549 0.0699414 0.764022 0.0711474 0.787108
0 0.184668 0.906038 0.211629 0.885862 0.204519 0.855833 0.177558 0.876009
0 0.251438 1.00114 0.263572 0.97134 0.253279 0.958094 0.241144 0.987897
0 0.146247 0.763969 0.151977 0.745744 0.143166 0.736989 0.137436 0.755214
0 0.285022 0.658268 0.289314 0.639728 0.279375 0.632456 0.275083 0.650997
0 0.131546 0.833632 0.134015 0.81353 0.12096 0.808461 0.118491 0.828563
0 0.514365 0.941208 0.519174 0.9215 0.506245 0.911531 0.501437 0.931239
0 0.0433345 0.817722 0.0530924 0.788609 0.0439086 0.77888 0.0341507 0.807993
0 0.320359 0.723474 0.324248 0.703361 0.314241 0.697246 0.310352 0.717359
0 0.0475688 0.501176 0.0498695 0.480382 0.0393388 0.4767 0.0370381 0.497494
0 0.308729 0.730487 0.314543 0.710714 0.306187 0.70295 0.300374 0.722722
0 0.235888 1.00397 0.245289 0.972765 0.234586 0.962574 0.225185 0.993775
0 0.411094 0.631176 0.418818 0.614469 0.409927 0.601478 0.402203 0.618185
0 0.195532 0.653704 0.196745 0.636543 0.186598 0.634277 0.185385 0.651438
0 0.00950178 0.893575 0.03464 0.873032 0.0288507 0.850642 0.00371243 0.871184
0 0.0262129 0.611615 0.0241235 0.574339 0.00115342 0.578408 0.00324282 0.615684
0 0.259313 0.7395 0.261011 0.720731 0.248997 0.717296 0.247299 0.736065
0 0.311424 0.593913 0.31317 0.577144 0.303025 0.573807 0.30128 0.590576
0 0.0490714 0.745071 0.0507861 0.727361 0.0401144 0.724095 0.0383997 0.741805
0 0.357432 0.718766 0.368701 0.689274 0.354674 0.672334 0.343405 0.701827
0 0.175697 0.610499 0.17691 0.594561 0.167148 0.592211 0.165934 0.608149
0 0.127149 0.835847 0.129213 0.814767 0.115385 0.810486 0.11332 0.831566
0 0.31605 0.97949 0.320375 0.959037 0.30892 0.95138 0.304594 0.971833
0 0.0611833 0.618936 0.0623641 0.594454 0.0493719 0.592474 0.0481911 0.616956
0 0.164706 0.866255 0.179856 0.838896 0.169247 0.820329 0.154097 0.847688
0 0.187918 0.835607 0.192292 0.811674 0.18164 0.805521 0.177266 0.829455
0 0.0889347 0.763565 0.0890569 0.746371 0.0745345 0.746045 0.0744123 0.763239
0 0.139677 0.803422 0.142491 0.784486 0.13078 0.778984 0.127965 0.797921
0 0.125458 0.587732 0.128596 0.562794 0.117121 0.55823 0.113983 0.583169
0 0.185087 0.808069 0.186615 0.790356 0.175553 0.78734 0.174025 0.805053
0 0.139076 0.845045 0.144693 0.825261 0.134792 0.816376 0.129175 0.83616
0 0.143536 0.946757 0.155861 0.924998 0.144095 0.903936 0.131771 0.925696
0 0.271901 0.675428 0.273213 0.658283 0.263684 0.655979 0.262373 0.673124
0 0.0913923 0.590649 0.0918356 0.57262 0.0783629 0.571573 0.0779196 0.589602
0 0.229471 0.985427 0.240268 0.959871 0.228539 0.944211 0.217743 0.969768
0 0.290629 0.740115 0.292067 0.723899 0.277922 0.719935 0.276484 0.736151
0 0.223159 0.696941 0.227402 0.679274 0.218398 0.67244 0.214155 0.690106
0 0.144407 0.568701 0.145795 0.553146 0.135417 0.550221 0.13403 0.565777
0 0.272783 0.719065 0.274844 0.701926 0.266045 0.698582 0.263984 0.715721
0 0.334872 0.770164 0.337534 0.748552 0.325421 0.743835 0.322758 0.765448
0 0.298865 0.811923 0.299588 0.778341 0.277563 0.776842 0.27684 0.810424
0 0.53301 0.882119 0.536879 0.861541 0.523098 0.853353 0.51923 0.873932
0 0.310442 0.707185 0.316851 0.68775 0.307238 0.67773 0.300829 0.697165
0 0.255255 0.766111 0.264505 0.744905 0.257472 0.735211 0.248223 0.756417
0 0.320534 0.908303 0.324726 0.885925 0.312201 0.87851 0.308009 0.900888
0 0.147069 0.74313 0.156237 0.719741 0.146026 0.70709 0.136857 0.73048
0 0.421104 0.902648 0.422334 0.884206 0.411309 0.881883 0.41008 0.900325
0 0.298644 0.660402 0.301151 0.641594 0.291522 0.637537 0.289015 0.656345
0 0.0149766 0.996416 0.0143505 0.956499 -0.00263428 0.957341 -0.00200819 0.997258
0 0.149567 0.715542 0.150464 0.698437 0.137137 0.69623 0.136241 0.713335
0 0.293289 0.781258 0.2935 0.761894 0.277828 0.761355 0.277618 0.780719
0 0.673278 0.760355 0.674161 0.738876 0.657574 0.736721 0.656692 0.7582
0 0.0355974 0.662015 0.0413375 0.641598 0.0318128 0.633135 0.0260728 0.653552
0 0.00888291 0.88785 0.0322923 0.862572 0.0261384 0.84456 0.00272899 0.869838
0 0.0456917 0.878232 0.0528175 0.842182 0.0356372 0.831449 0.0285114 0.8675
0 0.324823 0.632567 0.326815 0.615921 0.316509 0.612022 0.314516 0.628667
0 0.305603 1.00429 0.312419 0.97456 0.301833 0.96689 0.295017 0.996622
0 0.210096 0.884498 0.2211 0.861699 0.211499 0.847054 0.200495 0.869853
0 0.0834939 0.844916 0.0876537 0.821439 0.0730298 0.81325 0.0688701 0.836727
0 0.0488782 1.01002 0.0694075 0.993495 0.0634681 0.970176 0.0429388 0.986702
0 0.466838 0.938551 0.479401 0.921575 0.466975 0.892509 0.454411 0.909485
0 0.099741 0.97858 0.107214 0.951397 0.0957681 0.941453 0.0882954 0.968635
0 0.428134 0.976759 0.430971 0.953562 0.417621 0.948403 0.414785 0.9716
0 0.227745 0.804143 0.229038 0.782402 0.21667 0.780078 0.215377 0.801819
0 0.260795 0.973504 0.270547 0.944518 0.258041 0.931221 0.24829 0.960208
0 0.203337 0.538844 0.204924 0.518481 0.191341 0.515136 0.189755 0.535499
0 0.56351 0.856017 0.565504 0.839773 0.555224 0.835785 0.55323 0.852028
0 0.0314957 0.819374 0.038824 0.796514 0.0293416 0.786907 0.0220133 0.809766
0 0.570557 0.769342 0.577602 0.749717 0.568822 0.739757 0.561777 0.759381
0 0.377959 0.543413 0.378442 0.526312 0.365047 0.525117 0.364564 0.542217
0 0.185196 0.749573 0.186903 0.732031 0.176043 0.72869 0.174336 0.746232
0 0.239878 0.759298 0.242907 0.74226 0.232298 0.736301 0.229269 0.753338
0 0.413418 0.677193 0.422211 0.632801 0.405597 0.622399 0.396804 0.666792
0 0.309388 0.68984 0.317629 0.666116 0.304815 0.652049 0.296574 0.675774
0 0.0287055 0.779947 0.0424879 0.753466 0.0340997 0.739668 0.0203173 0.766149
0 0.293418 0.610712 0.296116 0.591027 0.284204 0.585865 0.281505 0.605551
0 0.609961 1.00826 0.616416 0.984903 0.599705 0.970308 0.59325 0.993666
0 0.485681 0.641366 0.491801 0.616341 0.481732 0.608559 0.475612 0.633583
0 0.179933 0.930096 0.186553 0.905498 0.175739 0.896299 0.169119 0.920897
0 0.465572 0.783419 0.466847 0.764887 0.453823 0.762054 0.452548 0.780586
0 0.273451 0.633454 0.277857 0.605068 0.264856 0.598691 0.26045 0.627077
0 0.171453 0.828838 0.176464 0.809264 0.166498 0.801199 0.161486 0.820773
0 0.426159 0.633389 0.4283 0.615791 0.418008 0.611833 0.415866 0.629431
0 0.281938 0.70258 0.286006 0.680387 0.271819 0.672169 0.267751 0.694362
0 0.0532271 0.996097 0.0612885 0.954816 0.0481865 0.94673 0.0401252 0.988011
0 0.442124 0.543542 0.450819 0.529528 0.438581 0.50553 0.429886 0.519544
0 0.166008 0.664075 0.169344 0.647366 0.158399 0.64046 0.155063 0.657169
0 0.189828 0.945115 0.199933 0.91781 0.18925 0.905316 0.179145 0.932621
0 0.250477 0.740875 0.252458 0.722912 0.24214 0.719315 0.240158 0.737278
0 0.395752 0.975098 0.396298 0.955708 0.384016 0.954616 0.38347 0.974006
0 0.164893 0.80839 0.173085 0.775667 0.16097 0.766082 0.152778 0.798806
0 0.237974 0.762257 0.240389 0.74492 0.230139 0.740407 0.227724 0.757745
0 0.326426 0.978399 0.340983 0.95471 0.332958 0.939124 0.318401 0.962814
0 0.0149851 0.763281 0.0154955 0.743601 0.00356198 0.742623 0.00305154 0.762303
0 0.167953 0.619841 0.169413 0.605058 0.159577 0.601986 0.158117 0.616769
0 0.0318013 0.620756 0.0387605 0.601532 0.0293073 0.590717 0.022348 0.609941
0 0.133367 0.95116 0.144857 0.929079 0.137495 0.916972 0.126005 0.939053
0 0.282053 0.847187 0.288525 0.778886 0.25123 0.767716 0.244758 0.836018
0 0.186617 0.56742 0.187742 0.551356 0.178763 0.549368 0.177638 0.565432
0 0.185149 0.949745 0.192703 0.925072 0.182951 0.915636 0.175397 0.940309
0 0.143889 0.919916 0.151768 0.903314 0.137756 0.882299 0.129877 0.898901
0 0.0743778 0.992422 0.0875415 0.956317 0.0686182 0.934512 0.0554544 0.970616
0 0.611186 0.933039 0.620377 0.90104 0.60758 0.889421 0.598388 0.92142
0 0.33224 0.608304 0.336848 0.594484 0.329478 0.586718 0.32487 0.600538
0 0.38524 0.522097 0.388599 0.506929 0.375843 0.498001 0.372484 0.513168
0 0.240315 0.809485 0.241584 0.790246 0.229546 0.787738 0.228278 0.806977
0 0.395452 0.54737 0.396554 0.528648 0.386464 0.526771 0.385362 0.545493
0 0.16183 0.969032 0.163225 0.948473 0.147535 0.945109 0.14614 0.965668
0 0.463062 0.871149 0.464263 0.850902 0.453284 0.848844 0.452083 0.86909
0 0.630597 0.603903 0.631454 0.519988 0.598191 0.518914 0.597333 0.602828
0 0.325621 0.694528 0.327755 0.674906 0.316651 0.671089 0.314517 0.690712
0 0.102393 0.838466 0.105094 0.8164 0.0877026 0.809671 0.0850012 0.831736
0 0.306542 0.745089 0.310581 0.728179 0.301847 0.721586 0.297808 0.738495
0 0.351164 0.579666 0.36289 0.548235 0.347332 0.529891 0.335606 0.561321
0 0.331587 0.856973 0.333519 0.833658 0.323841 0.831124 0.321909 0.854438
0 0.129946 0.96313 0.13158 0.94223 0.118057 0.938888 0.116423 0.959788
0 0.482581 0.731278 0.483184 0.71235 0.47119 0.711142 0.470587 0.730069
0 0.216803 0.93615 0.222723 0.916879 0.211133 0.905629 0.205214 0.9249
0 0.112677 0.606839 0.114758 0.589203 0.103854 0.585135 0.101773 0.602772
0 0.278888 0.826602 0.287675 0.77178 0.258595 0.757049 0.249808 0.811871
0 0.534077 0.895687 0.537456 0.879475 0.526384 0.872181 0.523005 0.888393
0 0.159909 0.695905 0.163819 0.671389 0.152085 0.665474 0.148175 0.689991
0 0.162705 0.764986 0.173284 0.747104 0.166133 0.733734 0.155555 0.751616
0 0.26281 0.698504 0.264108 0.682343 0.254449 0.679892 0.253152 0.696053
0 0.581392 0.923437 0.583987 0.900974 0.572644 0.896834 0.57005 0.919297
0 0.25011 0.638864 0.252943 0.61886 0.241949 0.61394 0.239116 0.633944
0 0.00326341 0.705807 0.0160389 0.682813 0.00857462 0.669706 -0.00420092 0.6927
0 0.537489 0.953556 0.543062 0.920485 0.531244 0.91419 0.525671 0.947262
0 0.23295 0.829347 0.234887 0.805777 0.219571 0.801797 0.217634 0.825368
0 0.314463 0.577644 0.316566 0.562061 0.307667 0.558265 0.305564 0.573849
0 0.293876 0.964213 0.306296 0.927799 0.292239 0.912646 0.279819 0.94906
0 0.514408 0.91889 0.516413 0.902315 0.504495 0.897758 0.50249 0.914333
0 0.329555 0.795289 0.334899 0.77444 0.328152 0.768974 0.322808 0.789823
0 0.132008 0.554846 0.132423 0.53992 0.120228 0.538849 0.119814 0.553776
0 0.461843 0.612556 0.464913 0.596772 0.453376 0.589679 0.450306 0.605464
0 0.390299 1.00478 0.390457 0.983303 0.375946 0.982966 0.375787 1.00445
0 0.423722 0.611225 0.429194 0.588907 0.419963 0.581754 0.414491 0.604072
0 0.584396 0.742954 0.585846 0.723118 0.573817 0.720338 0.572366 0.740174
0 0.126981 0.861892 0.12814 0.835755 0.113923 0.833761 0.112764 0.859899
0 0.410549 0.920809 0.412597 0.903765 0.403773 0.900414 0.401725 0.917458
0 0.27836 0.919932 0.28452 0.897521 0.271984 0.88663 0.265824 0.909041
0 0.099548 0.539464 0.102762 0.52071 0.0927078 0.515264 0.089494 0.534018
0 0.312835 0.799762 0.320902 0.784965 0.313599 0.772383 0.305532 0.787179
0 0.562787 0.766581 0.564322 0.750591 0.554903 0.747734 0.553369 0.763724
0 0.0318107 0.642904 0.0402173 0.623784 0.0318835 0.612203 0.0234769 0.631323
0 0.289274 0.931056 0.298545 0.9075 0.29004 0.896922 0.28077 0.920478
0 0.215635 0.800567 0.218626 0.783738 0.208238 0.777904 0.205248 0.794734
0 0.322903 0.861988 0.325108 0.841843 0.315912 0.838662 0.313708 0.858807
0 0.615207 0.180309 0.631001 0.152556 0.607092 0.109551 0.591297 0.137305
0 0.550645 0.999125 0.551145 0.975523 0.535772 0.974494 0.535272 0.998096
0 0.574837 0.941327 0.579995 0.920287 0.565749 0.909248 0.56059 0.930287
0 0.15054 0.960026 0.150995 0.943617 0.136133 0.942313 0.135677 0.958722
0 0.549038 0.8987 0.550186 0.879624 0.540707 0.877821 0.539559 0.896897
0 0.29629 0.701176 0.303598 0.681293 0.295128 0.671453 0.287819 0.691336
0 0.1797 0.678412 0.18457 0.653642 0.173387 0.646693 0.168517 0.671463
0 0.389294 0.533811 0.390363 0.515757 0.377946 0.513431 0.376876 0.531485
0 0.558176 0.680582 0.559732 0.656892 0.548966 0.654658 0.54741 0.678348
0 0.022916 0.743341 0.0255716 0.725155 0.0154003 0.720461 0.0127448 0.738647
0 0.45061 0.567614 0.453544 0.548076 0.441324 0.542276 0.43839 0.561814
0 0.192917 0.955087 0.200714 0.923064 0.187751 0.913089 0.179954 0.945112
0 0.578712 0.903744 0.581191 0.878409 0.566846 0.873973 0.564368 0.899308
0 0.211733 0.833468 0.220636 0.808858 0.210775 0.797583 0.201872 0.822193
0 0.0308529 0.269634 0.185257 0.204601 0.173796 0.118606 0.0193927 0.18364
0 0.119677 0.537328 0.120462 0.518489 0.104751 0.516422 0.103967 0.53526
0 0.201871 0.769353 0.204002 0.750942 0.193755 0.747194 0.191625 0.765605
0 0.258504 0.680412 0.26028 0.663672 0.250296 0.660323 0.24852 0.677063
0 0.162833 0.630261 0.163625 0.61601 0.154221 0.614357 0.153429 0.628608
0 0.161373 0.83108 0.164432 0.811326 0.153513 0.805982 0.150454 0.825737
0 0.217064 0.666964 0.220031 0.651079 0.210736 0.645592 0.207769 0.661476
0 0.112507 0.991203 0.124344 0.964897 0.11218 0.9476 0.100344 0.973906
0 0.585272 0.987684 0.589791 0.968914 0.57285 0.956024 0.568331 0.974793
0 0.293763 0.994862 0.304564 0.970729 0.29505 0.957273 0.28425 0.981406
0 0.233461 0.742577 0.234879 0.729053 0.226878 0.726402 0.22546 0.739925
0 0.540043 0.941391 0.545729 0.913215 0.535049 0.906403 0.529363 0.934579
0 0.437265 0.698784 0.439375 0.682953 0.429456 0.678776 0.427346 0.694607
0 0.611799 0.941624 0.618327 0.912859 0.606128 0.904108 0.599599 0.932873
0 0.203175 0.673729 0.20354 0.657321 0.1927 0.656558 0.192335 0.672966
0 0.1959 0.630269 0.196546 0.614626 0.188838 0.61362 0.188192 0.629263
0 0.325359 0.738647 0.326925 0.721212 0.316274 0.718186 0.314707 0.735622
0 0.342714 0.934523 0.34479 0.913518 0.33399 0.910144 0.331913 0.931149
0 0.182056 0.639046 0.182576 0.617747 0.170939 0.616849 0.170419 0.638148
0 0.457254 0.908963 0.459247 0.885354 0.44426 0.881353 0.442266 0.904962
0 0.068878 0.755336 0.0682013 0.734519 0.0525175 0.736131 0.0531943 0.756947
0 0.425223 0.699948 0.427129 0.684936 0.417427 0.681044 0.415522 0.696056
0 0.573675 0.789393 0.574724 0.774857 0.565902 0.772846 0.564853 0.787382
0 0.144815 0.83503 0.147526 0.810187 0.136721 0.80646 0.13401 0.831303
0 0.469698 0.784937 0.472279 0.768384 0.461284 0.762966 0.458703 0.779519
0 0.189877 0.668296 0.192731 0.653737 0.183788 0.648196 0.180934 0.662756
0 0.0327903 0.648063 0.0361094 0.625211 0.0228245 0.619113 0.0195053 0.641965
0 0.0860485 0.815759 0.0907134 0.78592 0.0775275 0.779405 0.0728626 0.809245
