0 0.351661 0.9002 0.345603 0.802012 0.281784 0.814458 0.287842 0.912645
0 0.428199 0.895886 0.426194 0.812404 0.38215 0.815747 0.384155 0.899229
0 0.378397 0.552062 0.37765 0.504059 0.349564 0.50544 0.350312 0.553444
0 0.260337 0.765718 0.282672 0.732494 0.268754 0.702924 0.246419 0.736147
0 0.286598 0.876214 0.287272 0.846667 0.263661 0.844964 0.262987 0.874511
0 0.470897 0.925311 0.484226 0.88656 0.46725 0.868104 0.45392 0.906854
0 0.288527 0.851904 0.294297 0.787418 0.266896 0.779669 0.261126 0.844155
0 0.406416 0.934122 0.415196 0.905066 0.400088 0.890637 0.391308 0.919693
0 0.489393 0.884876 0.490294 0.829634 0.456765 0.827906 0.455864 0.883149
0 0.940463 0.780999 0.956407 0.728292 0.931209 0.704199 0.915264 0.756906
0 0.363712 0.843053 0.365636 0.813583 0.346353 0.809606 0.34443 0.839076
0 0.888735 0.653224 0.888095 0.60877 0.861839 0.609964 0.862478 0.654418
0 0.245895 1.0049 0.246987 0.964806 0.223675 0.962801 0.222584 1.00289
0 0.113928 0.817725 0.123767 0.793998 0.114019 0.781224 0.10418 0.80495
0 0.793275 1.04947 0.844681 0.962705 0.769867 0.822612 0.71846 0.909377
0 0.248677 0.899486 0.273879 0.843799 0.256237 0.818567 0.231035 0.874253
0 0.689408 0.701355 0.697788 0.680266 0.680162 0.65813 0.671782 0.679219
0 0.486608 0.529456 0.490633 0.493484 0.469674 0.486071 0.465648 0.522044
0 0.524699 0.894239 0.529632 0.863943 0.511484 0.854603 0.506551 0.884899
0 0.59576 1.00099 0.604446 0.9709 0.590438 0.958123 0.581753 0.988216
0 0.728532 0.553054 0.732695 0.527774 0.718071 0.520163 0.713908 0.545443
0 0.353708 0.81897 0.349431 0.776503 0.313524 0.787932 0.317801 0.830399
0 0.442031 0.752359 0.444672 0.727532 0.430711 0.722838 0.42807 0.747665
0 0.428899 0.919231 0.466106 0.901681 0.448657 0.784766 0.41145 0.802316
0 0.290147 0.727298 0.295907 0.689808 0.27608 0.68018 0.27032 0.71767
0 0.515419 0.870981 0.530274 0.85035 0.513793 0.812844 0.498938 0.833475
0 0.677919 0.665321 0.682647 0.645302 0.66808 0.634428 0.663352 0.654448
0 0.760016 0.590539 0.763463 0.543225 0.737015 0.537135 0.733568 0.584449
0 0.421108 0.813691 0.431999 0.777732 0.417272 0.763636 0.406381 0.799595
0 0.2793 0.915571 0.300242 0.886509 0.289151 0.861249 0.268209 0.890312
0 0.414148 0.790565 0.416268 0.754388 0.396395 0.750707 0.394275 0.786885
0 0.513907 0.814219 0.517548 0.795015 0.503795 0.786773 0.500154 0.805977
0 0.525972 0.966008 0.540516 0.958438 0.532629 0.910546 0.518085 0.918115
0 0.692483 0.7629 0.705978 0.727667 0.69332 0.712344 0.679825 0.747576
0 0.335856 0.932041 0.35642 0.892571 0.338539 0.863127 0.317975 0.902597
0 0.554923 0.886033 0.556158 0.85185 0.535626 0.849506 0.534392 0.883689
0 0.727039 0.49722 0.722484 0.457568 0.690045 0.469344 0.694599 0.508996
0 0.601994 0.900119 0.606448 0.873255 0.586178 0.862635 0.581725 0.889499
0 0.337939 0.765172 0.345785 0.744811 0.335958 0.732842 0.328112 0.753203
0 0.129227 1.00263 0.144236 0.977513 0.136334 0.962592 0.121326 0.987711
0 0.386028 0.915489 0.394608 0.880402 0.381557 0.870316 0.372977 0.905403
0 0.383559 0.785217 0.385831 0.760544 0.371776 0.756455 0.369504 0.781128
0 0.431644 0.65769 0.434373 0.632679 0.422232 0.628493 0.419503 0.653503
0 0.658939 0.821422 0.660979 0.794648 0.641818 0.790034 0.639779 0.816809
0 0.449444 0.94278 0.463747 0.911162 0.452881 0.895626 0.438578 0.927244
0 0.428127 0.922635 0.431785 0.893905 0.414683 0.887023 0.411025 0.915752
0 0.576996 0.97007 0.594687 0.925752 0.558425 0.880006 0.540735 0.924324
0 0.348824 0.790012 0.355073 0.760763 0.341619 0.751678 0.33537 0.780927
0 0.127309 0.97818 0.144268 0.958342 0.136473 0.937283 0.119514 0.957121
0 0.375779 0.838492 0.37841 0.811508 0.363231 0.806831 0.360601 0.833815
0 0.565677 0.986249 0.568768 0.958127 0.55416 0.953052 0.551069 0.981174
0 0.541476 0.861489 0.539324 0.810057 0.520737 0.812514 0.522888 0.863947
0 0.707367 0.651278 0.709415 0.608971 0.69178 0.606273 0.689732 0.64858
0 0.242969 0.821079 0.268928 0.79681 0.261574 0.771949 0.235615 0.796218
0 0.732362 0.587501 0.735423 0.564258 0.724433 0.559684 0.721373 0.582928
0 0.601766 0.946443 0.605749 0.920778 0.588342 0.912239 0.584359 0.937904
0 0.351516 0.753632 0.361778 0.723627 0.352359 0.713447 0.342097 0.743452
0 0.548822 0.932556 0.553938 0.883497 0.518287 0.871745 0.513171 0.920805
0 0.63285 0.902981 0.636644 0.857643 0.614028 0.851661 0.610234 0.896999
0 0.242903 0.85951 0.262911 0.82299 0.248057 0.797271 0.228049 0.833792
0 0.581258 0.910628 0.589443 0.884673 0.57837 0.873637 0.570185 0.899591
0 0.373032 0.728617 0.374235 0.707104 0.358615 0.704345 0.357413 0.725857
0 0.180614 0.923491 0.188333 0.893744 0.174575 0.88246 0.166855 0.912207
0 0.719111 0.603668 0.723622 0.576149 0.709421 0.568791 0.70491 0.596311
0 0.315952 0.767461 0.314281 0.734292 0.290897 0.738017 0.292569 0.771185
0 0.670075 0.782704 0.672738 0.759014 0.661699 0.755092 0.659036 0.778782
0 0.609348 0.975613 0.612788 0.950893 0.596202 0.943598 0.592762 0.968318
0 0.384749 0.587442 0.397356 0.566224 0.381802 0.537016 0.369195 0.558235
0 0.887535 0.618413 0.888136 0.588905 0.866807 0.58753 0.866205 0.617038
0 0.79547 0.643495 0.801661 0.624135 0.788622 0.610956 0.782431 0.630315
0 0.784048 0.776294 0.796994 0.754013 0.787136 0.73591 0.77419 0.758192
0 0.475369 0.834906 0.477197 0.811789 0.463713 0.808418 0.461884 0.831535
0 0.140273 0.892331 0.143962 0.873784 0.132422 0.866529 0.128733 0.885075
0 0.985947 1.06011 1.01236 0.881413 0.822364 0.792669 0.795954 0.971362
0 0.147491 0.950507 0.166647 0.932416 0.160127 0.910597 0.140971 0.928689
0 0.559613 0.84788 0.5606 0.8251 0.547838 0.823353 0.546851 0.846134
0 0.19329 0.931341 0.200821 0.910343 0.191424 0.899692 0.183893 0.92069
0 0.47102 0.946176 0.479699 0.920374 0.466011 0.905822 0.457332 0.931624
0 0.712597 0.582474 0.713945 0.560077 0.699377 0.557305 0.698028 0.579702
0 0.351891 0.722325 0.353193 0.704787 0.34245 0.702265 0.341148 0.719803
0 0.691863 0.644431 0.693501 0.607871 0.677631 0.605624 0.675992 0.642183
0 0.579752 0.996392 0.587569 0.967304 0.576176 0.957627 0.568358 0.986714
0 0.22613 0.981061 0.234497 0.952147 0.221499 0.94026 0.213132 0.969174
0 0.762515 0.636018 0.766403 0.619606 0.752474 0.609179 0.748587 0.625591
0 0.286355 0.794758 0.29885 0.755385 0.279616 0.736093 0.267121 0.775467
0 0.508359 0.908638 0.511628 0.883174 0.499875 0.878404 0.496605 0.903869
0 0.312243 0.740065 0.31343 0.718583 0.299849 0.716211 0.298662 0.737693
0 0.470791 0.546548 0.476569 0.518693 0.459011 0.507182 0.453233 0.535037
0 0.614856 1.00111 0.615881 0.972806 0.602044 0.971223 0.601019 0.999529
0 0.612296 0.912516 0.618446 0.889186 0.603624 0.876839 0.597475 0.900169
0 0.582862 0.883114 0.586882 0.858891 0.576097 0.853234 0.572077 0.877458
0 0.0629426 1.01563 0.0841473 0.987479 0.0736921 0.962585 0.0524874 0.990732
0 0.596881 0.922385 0.599113 0.896974 0.583249 0.89257 0.581017 0.917981
0 0.65288 0.605697 0.654462 0.587814 0.640862 0.584012 0.63928 0.601895
0 0.653797 0.794544 0.657734 0.774498 0.641778 0.764593 0.63784 0.78464
0 0.44926 0.799068 0.448418 0.766127 0.42817 0.767763 0.429012 0.800703
0 0.630825 1.00531 0.632269 0.980601 0.614087 0.977242 0.612643 1.00196
0 0.557684 0.810464 0.560979 0.783909 0.546627 0.778279 0.543331 0.804835
0 0.0751885 0.747344 0.0815031 0.722053 0.0697233 0.712757 0.0634087 0.738048
0 0.100846 0.989796 0.120663 0.96696 0.113218 0.94654 0.0934006 0.969376
0 0.354113 0.935287 0.363405 0.904868 0.352982 0.894805 0.34369 0.925225
0 0.500362 0.897778 0.501956 0.873987 0.486622 0.87074 0.485028 0.894531
0 0.573574 0.827133 0.576627 0.804492 0.566555 0.8002 0.563503 0.822841
0 0.613758 0.929641 0.616329 0.908437 0.601394 0.902712 0.598822 0.923916
0 0.508438 0.837664 0.510112 0.801024 0.492678 0.798507 0.491004 0.835147
0 0.0500204 0.90191 0.0491469 0.883231 0.0357499 0.885212 0.0366233 0.90389
0 0.0203171 1.00663 0.0271443 0.976229 0.0105532 0.964452 0.00372604 0.99485
0 0.36776 0.807489 0.374384 0.761204 0.353056 0.751557 0.346432 0.797842
0 0.996519 0.688959 1.00632 0.66793 0.990515 0.644667 0.980719 0.665696
0 0.519532 0.976994 0.531489 0.956817 0.518143 0.93182 0.506186 0.951997
0 0.472451 0.788331 0.47467 0.763961 0.460269 0.759817 0.45805 0.784187
0 0.658809 0.851135 0.669547 0.81691 0.656741 0.804213 0.646004 0.838437
0 0.902841 0.664772 0.90239 0.639889 0.884453 0.640916 0.884903 0.665799
0 0.967481 0.610244 0.976227 0.579813 0.954744 0.5603 0.945998 0.590732
0 0.67317 0.881331 0.703903 0.836872 0.691735 0.810288 0.661002 0.854746
0 0.121474 0.995953 0.131435 0.972405 0.121952 0.959726 0.111991 0.983273
0 0.707886 0.612936 0.710296 0.588247 0.695541 0.583695 0.693131 0.608384
0 0.575306 0.898325 0.577224 0.859532 0.555728 0.856172 0.55381 0.894966
0 0.256288 0.911991 0.275736 0.880634 0.263934 0.857501 0.244487 0.888858
0 0.65558 0.738336 0.66443 0.71728 0.645922 0.692692 0.637071 0.713749
0 0.800974 0.437226 0.805649 0.401581 0.782312 0.391908 0.777637 0.427553
0 0.525257 1.00139 0.523697 0.958676 0.481619 0.963531 0.483178 1.00625
0 0.0774565 0.958415 0.0909723 0.934679 0.0836997 0.921591 0.0701838 0.945326
0 0.543219 0.779082 0.546614 0.741829 0.526304 0.73598 0.522909 0.773233
0 0.702733 0.772762 0.708488 0.745039 0.695088 0.736247 0.689332 0.763969
0 0.263147 0.716611 0.265383 0.690251 0.251155 0.686438 0.24892 0.712797
0 0.690763 0.649565 0.692879 0.620481 0.677369 0.616915 0.675253 0.645999
0 0.585896 0.796889 0.587842 0.772595 0.573959 0.76908 0.572013 0.793374
0 0.627963 0.950233 0.629691 0.930187 0.615482 0.926317 0.613755 0.946364
0 0.659757 0.698635 0.666677 0.661171 0.637696 0.644254 0.630777 0.681718
0 0.269755 0.697857 0.270756 0.678171 0.259278 0.676325 0.258276 0.696011
0 0.395638 0.925862 0.401702 0.896539 0.391402 0.889807 0.385338 0.91913
0 0.0828143 0.973379 0.0928353 0.95087 0.0844975 0.939138 0.0744765 0.961647
0 0.348579 0.659949 0.368009 0.643565 0.362065 0.621287 0.342635 0.637671
0 0.966686 0.73379 0.972804 0.693711 0.92719 0.671705 0.921072 0.711785
0 0.499983 0.564188 0.49956 0.528289 0.477004 0.529127 0.477426 0.565027
0 0.725125 0.636744 0.728218 0.616897 0.715802 0.61078 0.712709 0.630627
0 0.370658 0.858027 0.373379 0.837572 0.362304 0.832916 0.359583 0.853371
0 0.993797 0.768327 0.997898 0.744168 0.967236 0.727719 0.963136 0.751878
0 0.470271 0.815969 0.470836 0.792348 0.457358 0.79133 0.456794 0.81495
0 0.804267 0.773288 0.810401 0.745362 0.797454 0.736375 0.79132 0.7643
0 0.135549 0.974285 0.154506 0.953615 0.148185 0.935291 0.129228 0.955961
0 0.8678 0.725109 0.866962 0.702137 0.850937 0.703983 0.851774 0.726955
0 0.48335 0.726154 0.501962 0.703267 0.492627 0.679276 0.474016 0.702163
0 0.419658 0.646643 0.423461 0.568452 0.385587 0.562629 0.381784 0.640821
0 0.633983 0.93691 0.636513 0.909269 0.619466 0.904338 0.616936 0.931979
0 0.184216 1.01391 0.208369 0.979098 0.197742 0.955792 0.173588 0.990601
0 0.390474 0.746653 0.393166 0.728005 0.379645 0.721836 0.376953 0.740484
0 0.0196079 0.977464 0.0307366 0.866423 -0.00357984 0.855553 -0.0147085 0.966594
0 0.336245 0.640444 0.348048 0.616372 0.338916 0.60222 0.327113 0.626292
0 0.979264 0.716043 0.988807 0.689069 0.967017 0.664704 0.957474 0.691678
0 0.492636 0.807457 0.494698 0.775055 0.478928 0.771883 0.476866 0.804285
0 0.457505 0.981732 0.463268 0.949264 0.451493 0.942658 0.44573 0.975126
0 0.14138 0.30507 0.137101 0.258165 0.116304 0.264161 0.120583 0.311066
0 0.533017 0.715003 0.550074 0.706346 0.540488 0.646659 0.523432 0.655316
0 0.310001 0.51914 0.31019 0.485529 0.290088 0.485173 0.2899 0.518784
0 0.0235704 0.978111 0.031715 0.955861 0.0205587 0.942954 0.0124141 0.965204
0 0.452808 0.739684 0.453691 0.717313 0.442137 0.71587 0.441253 0.738242
0 0.365089 0.694153 0.36692 0.668873 0.354218 0.665966 0.352387 0.691246
0 0.540343 0.999129 0.544241 0.972139 0.529301 0.965319 0.525403 0.992309
0 0.508586 0.876513 0.511172 0.842022 0.493845 0.837916 0.491259 0.872407
0 0.713166 0.679925 0.714725 0.656151 0.703527 0.65383 0.701969 0.677605
0 0.772124 0.576425 0.7799 0.54602 0.764775 0.533795 0.757 0.5642
0 0.660351 0.772432 0.665362 0.752821 0.653916 0.743577 0.648905 0.763188
0 0.455141 0.550474 0.46764 0.477357 0.440756 0.462832 0.428257 0.535949
0 0.296769 0.749431 0.301098 0.716495 0.281984 0.708557 0.277656 0.741493
0 0.0885525 0.98859 0.0941985 0.962722 0.0833517 0.95524 0.0777057 0.981108
0 0.513035 0.949619 0.521922 0.918455 0.510005 0.907715 0.501118 0.938879
0 0.41521 0.673152 0.422694 0.651851 0.413817 0.641993 0.406332 0.663294
0 0.373975 0.989489 0.380214 0.96359 0.364479 0.951611 0.358241 0.97751
0 0.979333 0.640967 0.98498 0.619561 0.968088 0.605479 0.962442 0.626885
0 0.680284 0.792016 0.686593 0.769302 0.676911 0.760801 0.670601 0.783515
0 0.551177 0.790843 0.554408 0.756343 0.534142 0.750344 0.530911 0.784845
0 0.726359 0.480818 0.731164 0.45753 0.716302 0.44784 0.711498 0.471128
0 0.578059 1.00562 0.578156 0.982209 0.556991 0.981932 0.556894 1.00534
0 0.111539 0.894903 0.121872 0.875853 0.113395 0.861321 0.103062 0.880371
0 0.676057 0.728567 0.681098 0.688821 0.65826 0.679665 0.653218 0.71941
0 0.411079 0.950991 0.418888 0.925223 0.408023 0.914817 0.400214 0.940585
0 0.97309 0.67508 0.977628 0.65489 0.961089 0.64314 0.95655 0.66333
0 0.234523 0.5486 0.235576 0.528502 0.22142 0.526159 0.220367 0.546257
0 0.345084 0.951245 0.350314 0.931526 0.341121 0.923822 0.335892 0.943541
0 0.381131 0.860552 0.390808 0.831906 0.380273 0.820659 0.370597 0.849305
0 0.864208 0.626056 0.864869 0.60492 0.852452 0.603693 0.851791 0.624828
0 0.376192 0.74688 0.379915 0.728116 0.368804 0.721149 0.365081 0.739912
0 0.486321 0.818765 0.486765 0.794058 0.470779 0.793149 0.470334 0.817856
0 0.67245 0.528707 0.676292 0.50553 0.665414 0.49983 0.661572 0.523007
0 0.931392 0.724544 0.929295 0.692909 0.906705 0.697642 0.908802 0.729277
0 0.295726 0.391214 0.297079 0.364012 0.280063 0.361336 0.27871 0.388538
0 0.505216 0.79466 0.518406 0.769304 0.500201 0.739377 0.487012 0.764733
0 0.194277 0.905297 0.203444 0.884746 0.194929 0.872741 0.185762 0.893292
0 0.223286 1.00526 0.224541 0.97494 0.207918 0.972766 0.206663 1.00309
0 0.69371 0.719074 0.695877 0.699692 0.682577 0.694995 0.680411 0.714376
0 0.771347 0.607239 0.780996 0.577799 0.768227 0.564572 0.758578 0.594011
0 0.442679 0.771023 0.443767 0.749575 0.429629 0.747308 0.428541 0.768755
0 0.477636 0.737796 0.479674 0.717022 0.465617 0.712665 0.46358 0.733438
0 0.420265 0.761213 0.421646 0.742753 0.410279 0.740065 0.408898 0.758525
0 0.17111 0.966759 0.178555 0.949917 0.171531 0.940105 0.164086 0.956948
0 0.0583641 0.978028 0.0695467 0.947736 0.0564581 0.932465 0.0452755 0.962758
0 0.700412 0.68568 0.706186 0.663002 0.69359 0.652866 0.687816 0.675544
0 0.162894 0.900959 0.166023 0.88257 0.1561 0.877232 0.15297 0.895621
0 0.452394 1.00277 0.451879 0.976763 0.43266 0.977965 0.433175 1.00397
0 0.558106 0.703989 0.575141 0.65342 0.559268 0.636521 0.542233 0.68709
0 0.410815 0.571964 0.412965 0.544642 0.396221 0.540478 0.394071 0.567801
0 0.226272 0.882611 0.237752 0.845675 0.223214 0.831393 0.211733 0.868328
0 0.386426 0.763578 0.389429 0.749095 0.377901 0.741542 0.374899 0.756025
0 0.593327 0.96878 0.598517 0.939307 0.58466 0.931594 0.57947 0.961067
0 0.101269 1.01131 0.10856 0.984234 0.090189 0.968595 0.0828974 0.995666
0 0.504651 0.826632 0.506032 0.796451 0.490797 0.794248 0.489416 0.824429
0 0.608557 0.792499 0.614723 0.773367 0.605331 0.763802 0.599166 0.782934
0 0.334707 0.955513 0.339058 0.93373 0.328385 0.926994 0.324035 0.948776
0 0.373366 0.671789 0.376363 0.651456 0.363489 0.645459 0.360492 0.665792
0 0.670788 0.605652 0.671067 0.585641 0.659511 0.585131 0.659232 0.605142
0 0.157638 0.921505 0.160214 0.898276 0.144904 0.892911 0.142328 0.91614
0 0.386397 0.941484 0.390183 0.915829 0.378615 0.910435 0.37483 0.93609
0 0.429378 0.360451 0.432932 0.333089 0.406874 0.32239 0.403319 0.349752
0 0.753989 1.0275 0.770097 0.962255 0.718635 0.922097 0.702527 0.987337
0 0.0980407 0.971176 0.106121 0.951824 0.0971418 0.939975 0.0890613 0.959327
0 0.704965 0.286692 0.707209 0.248411 0.681899 0.243721 0.679655 0.282002
0 0.501808 0.700427 0.51083 0.673633 0.489441 0.650869 0.480418 0.677663
0 0.110803 0.898827 0.117613 0.878434 0.107414 0.867668 0.100603 0.888061
0 0.758733 0.803247 0.761498 0.770093 0.744988 0.765741 0.742223 0.798896
0 0.109251 0.952575 0.116598 0.931557 0.105072 0.918824 0.0977255 0.939841
0 0.763493 0.552079 0.76721 0.529019 0.754191 0.522385 0.750473 0.545445
0 0.59559 0.363014 0.596296 0.314907 0.569886 0.313683 0.569181 0.36179
0 0.330181 0.751842 0.333282 0.727113 0.321845 0.722581 0.318744 0.747309
0 0.0328504 0.978292 0.0446371 0.949442 0.0357899 0.938018 0.0240032 0.966868
0 0.998049 0.832799 1.01036 0.771759 0.963534 0.741907 0.951222 0.802948
0 0.657405 0.65567 0.665246 0.631675 0.650126 0.616061 0.642286 0.640056
0 0.643859 0.927854 0.652385 0.905898 0.635576 0.885269 0.62705 0.907225
0 0.570597 0.846086 0.573652 0.827002 0.561612 0.820909 0.558556 0.839993
0 0.362164 0.767519 0.368336 0.741326 0.355788 0.73198 0.349615 0.758173
0 0.428883 1.00297 0.428174 0.978756 0.411056 0.980341 0.411766 1.00455
0 0.0439284 0.991249 0.0603812 0.950707 0.0487394 0.935775 0.0322866 0.976318
0 0.690288 0.666505 0.694272 0.650816 0.683913 0.642503 0.679929 0.658192
0 0.763669 0.773206 0.76702 0.755323 0.753781 0.747483 0.75043 0.765366
0 0.652015 0.913336 0.662391 0.892199 0.653852 0.878951 0.643476 0.900088
0 0.546848 0.977121 0.554895 0.960659 0.543808 0.94353 0.535761 0.959992
0 0.376232 0.95981 0.379337 0.934761 0.361214 0.927662 0.35811 0.952711
0 0.297408 0.406687 0.297818 0.383056 0.278588 0.382002 0.278178 0.405634
0 0.970122 0.736308 0.976481 0.705652 0.94514 0.685108 0.938782 0.715763
0 0.233724 0.394893 0.2394 0.375692 0.223994 0.361298 0.218318 0.3805
0 0.340436 0.978223 0.346884 0.960706 0.337556 0.949852 0.331107 0.967369
0 0.634142 0.967468 0.638005 0.951322 0.626929 0.942947 0.623066 0.959093
0 0.71794 0.779689 0.731727 0.760646 0.708197 0.706805 0.69441 0.725847
0 0.752409 0.54262 0.753914 0.523332 0.741703 0.52032 0.740197 0.539608
0 0.151753 0.923539 0.156214 0.899387 0.142951 0.891644 0.138489 0.915796
0 0.484794 0.927291 0.492559 0.901074 0.481774 0.890979 0.474009 0.917196
0 0.469613 0.753312 0.472873 0.735585 0.460317 0.728288 0.457058 0.746016
0 0.563195 0.734105 0.567793 0.710729 0.555984 0.703387 0.551386 0.726762
0 0.94002 0.86856 0.948228 0.836932 0.898732 0.796336 0.890524 0.827964
0 0.0500001 1.00641 0.0516128 0.988007 0.0390432 0.984527 0.0374305 1.00293
0 0.708749 0.479516 0.724302 0.44275 0.708472 0.421585 0.692919 0.458351
0 0.671519 0.585674 0.672456 0.570008 0.661846 0.568002 0.660908 0.583668
0 0.549525 0.750967 0.555407 0.728789 0.544998 0.720065 0.539117 0.742243
0 0.561329 0.767104 0.565674 0.743791 0.555098 0.737562 0.550753 0.760875
0 0.251648 0.64945 0.252299 0.629132 0.239844 0.627869 0.239193 0.648188
0 0.225701 0.559155 0.225929 0.541785 0.213538 0.541271 0.21331 0.558641
0 0.388525 0.723261 0.390178 0.707664 0.379619 0.704127 0.377966 0.719725
0 0.206265 0.721922 0.218645 0.673601 0.197088 0.656145 0.184708 0.704466
0 0.0665584 0.940729 0.0708944 0.922063 0.0602253 0.91423 0.0558893 0.932896
0 0.386832 0.820378 0.389969 0.797997 0.378846 0.793069 0.375709 0.815451
0 0.133699 0.944797 0.141433 0.929515 0.134397 0.918262 0.126663 0.933544
0 0.161154 0.875083 0.165765 0.857397 0.15661 0.849854 0.151999 0.86754
0 0.627429 0.861119 0.632572 0.83512 0.610068 0.821052 0.604926 0.847051
0 0.372352 0.704257 0.373416 0.684598 0.363256 0.68286 0.362192 0.702519
0 0.902018 0.778874 0.91496 0.74341 0.889223 0.713727 0.876282 0.749191
0 0.722076 0.683707 0.725019 0.666316 0.71422 0.660542 0.711278 0.677932
0 0.48461 0.973737 0.492355 0.949687 0.483117 0.940285 0.475372 0.964335
0 0.462496 0.949931 0.470869 0.921601 0.459613 0.911087 0.45124 0.939417
0 0.328111 1.01455 0.343158 0.982331 0.329098 0.961578 0.314051 0.993794
0 0.7909 0.454045 0.793222 0.429706 0.77006 0.422723 0.767738 0.447062
0 0.647517 0.866589 0.656292 0.851208 0.645202 0.831209 0.636426 0.846591
0 0.902259 0.71514 0.903152 0.692618 0.88854 0.690787 0.887648 0.713309
0 0.160902 0.990768 0.168136 0.966838 0.158219 0.957364 0.150986 0.981293
0 0.143028 1.00758 0.157394 0.976365 0.147183 0.961513 0.132816 0.99273
0 0.0526337 0.994314 0.0647377 0.972167 0.0563984 0.957763 0.0442945 0.979909
0 0.333267 0.785864 0.341262 0.760262 0.331199 0.75033 0.323204 0.775932
0 0.356752 0.62987 0.359679 0.61309 0.347705 0.60649 0.344778 0.623269
0 0.82047 0.637074 0.820977 0.619043 0.808855 0.617965 0.808348 0.635997
0 0.483961 0.353606 0.489094 0.320164 0.472288 0.312012 0.467155 0.345454
0 0.679875 0.760494 0.685407 0.730489 0.675745 0.724859 0.670213 0.754864
0 0.250466 0.718689 0.251524 0.699512 0.235833 0.696777 0.234776 0.715954
0 0.525874 0.804143 0.526869 0.783487 0.515486 0.781754 0.514491 0.80241
0 0.464847 1.00517 0.467183 0.982596 0.453163 0.978012 0.450828 1.00059
0 0.18029 0.945999 0.187301 0.928083 0.178739 0.917495 0.171728 0.935411
0 0.170931 0.905197 0.176519 0.884701 0.168892 0.87813 0.163305 0.898626
0 0.683032 0.587172 0.685734 0.57051 0.67556 0.565296 0.672859 0.581958
0 0.133516 0.912406 0.134932 0.891507 0.122291 0.888802 0.120875 0.909701
0 0.591088 0.760384 0.60068 0.737867 0.581226 0.711677 0.571634 0.734194
0 0.0377589 0.919215 0.0390355 0.901527 0.0269574 0.898772 0.0256808 0.91646
0 0.675314 0.634325 0.67758 0.603159 0.66445 0.600142 0.662183 0.631307
0 0.403574 0.95818 0.405098 0.923289 0.387481 0.920857 0.385956 0.955747
0 0.620411 0.969375 0.622735 0.948418 0.613217 0.945082 0.610893 0.966039
0 0.468448 0.976514 0.476314 0.953465 0.467652 0.944122 0.459786 0.96717
0 0.220802 0.806857 0.225361 0.782862 0.21663 0.777621 0.212072 0.801616
0 0.374058 0.771709 0.376345 0.74951 0.36455 0.745669 0.362263 0.767868
0 0.363863 0.757242 0.368721 0.736283 0.358678 0.728926 0.35382 0.749885
0 0.307763 0.394585 0.309404 0.371714 0.297287 0.368967 0.295646 0.391837
0 0.137374 1.00281 0.139588 0.978729 0.122596 0.973793 0.120382 0.997877
0 0.928676 0.694226 0.927917 0.662076 0.906572 0.663667 0.907331 0.695818
0 0.54727 0.832312 0.549505 0.805574 0.536762 0.802208 0.534527 0.828946
0 0.430362 0.568289 0.435588 0.546176 0.426024 0.539031 0.420797 0.561144
0 0.668471 0.181237 0.676153 0.132108 0.659205 0.123733 0.651523 0.172861
0 0.407361 0.820446 0.414291 0.791936 0.398777 0.780018 0.391847 0.808528
0 0.133639 0.92965 0.143195 0.909688 0.135015 0.897311 0.125458 0.917272
0 0.539205 0.803294 0.543162 0.783848 0.530527 0.775723 0.52657 0.79517
0 0.900655 0.699202 0.902034 0.668975 0.880905 0.665929 0.879526 0.696156
0 0.181634 0.86362 0.186267 0.84363 0.177978 0.837558 0.173345 0.857548
0 0.234087 0.925805 0.241564 0.880906 0.218633 0.868837 0.211156 0.913736
0 0.0148938 0.763341 0.0276361 0.708688 0.00220602 0.689949 -0.0105363 0.744602
0 0.0309704 0.998749 0.0383589 0.975111 0.0280684 0.964945 0.02068 0.988584
0 0.412685 0.9703 0.416343 0.947857 0.406046 0.942552 0.402388 0.964995
0 0.539592 0.73201 0.549057 0.711477 0.539854 0.69807 0.530389 0.718602
0 0.232985 0.844453 0.246875 0.81565 0.237805 0.801825 0.223915 0.830628
0 0.546515 0.570821 0.548917 0.536972 0.532504 0.533292 0.530102 0.56714
0 0.222965 0.932536 0.230007 0.902875 0.216402 0.892666 0.20936 0.922328
0 0.379523 0.910154 0.383597 0.882096 0.373442 0.877436 0.369368 0.905494
0 0.740777 0.627662 0.741721 0.609028 0.729204 0.607026 0.728261 0.625659
0 0.514246 0.7193 0.520187 0.690395 0.507742 0.682311 0.501801 0.711216
0 0.342652 0.658493 0.359708 0.638828 0.35314 0.620825 0.336084 0.640491
0 0.10737 0.83497 0.114069 0.811896 0.10431 0.802942 0.0976117 0.826016
0 0.342334 0.71563 0.344495 0.698949 0.333848 0.694591 0.331688 0.711271
0 0.570312 1.00367 0.570032 0.982282 0.552687 0.983001 0.552967 1.00439
0 0.0949701 0.94932 0.10125 0.931706 0.0925026 0.92185 0.0862228 0.939464
0 0.37876 0.73175 0.379077 0.715149 0.368059 0.714483 0.367741 0.731084
0 0.43029 0.73446 0.430779 0.715408 0.41971 0.714509 0.41922 0.733562
0 0.500757 0.930111 0.503054 0.907192 0.491478 0.903524 0.48918 0.926443
0 0.476299 0.96013 0.486228 0.929584 0.477101 0.920208 0.467172 0.950754
0 0.643614 0.844399 0.650549 0.825269 0.639294 0.812375 0.632359 0.831504
0 0.668924 0.689502 0.678142 0.663845 0.650602 0.632574 0.641384 0.65823
0 0.187479 0.890655 0.192467 0.873367 0.183397 0.865098 0.17841 0.882385
0 0.38178 0.655854 0.384749 0.634326 0.374252 0.62975 0.371282 0.651277
0 0.570812 0.769543 0.578502 0.748849 0.569189 0.737911 0.561499 0.758604
0 0.639934 0.54258 0.648061 0.530133 0.638353 0.5101 0.630226 0.522548
