0 0.533657 0.975259 0.543025 0.87294 0.477805 0.854067 0.468437 0.956386
0 0.574762 0.590072 0.576305 0.538721 0.546153 0.535859 0.544611 0.587209
0 0.986864 1.076 1.02379 0.860085 0.814359 0.746898 0.777436 0.962815
0 0.444417 0.926596 0.4642 0.872189 0.444523 0.849578 0.424741 0.903984
0 0.631103 0.993692 0.619918 0.894228 0.570377 0.911835 0.581562 1.0113
0 0.611189 0.871001 0.613061 0.831026 0.590752 0.827726 0.588881 0.8677
0 0.629278 0.902836 0.630432 0.859871 0.606906 0.857873 0.605751 0.900838
0 0.449969 0.874131 0.452746 0.828486 0.425092 0.823169 0.422315 0.868814
0 0.544962 0.847145 0.548988 0.814038 0.532834 0.807831 0.528809 0.840938
0 0.475304 0.920838 0.478289 0.882649 0.456364 0.877231 0.453378 0.91542
0 0.471358 0.782942 0.473345 0.73731 0.448398 0.733876 0.446411 0.779509
0 0.790419 1.04164 0.840116 0.961605 0.759748 0.803891 0.710051 0.883931
0 0.485916 0.748847 0.487319 0.714201 0.469107 0.711871 0.467704 0.746517
0 0.695374 0.593489 0.706938 0.559196 0.683189 0.533885 0.671625 0.568177
0 0.480483 0.884355 0.482803 0.814748 0.455479 0.81187 0.45316 0.881478
0 0.536283 1.00043 0.541433 0.944625 0.514184 0.936677 0.509034 0.992485
0 0.214222 0.719604 0.217504 0.697252 0.203208 0.690617 0.199926 0.712969
0 0.539175 0.887231 0.543234 0.847012 0.51005 0.836427 0.505991 0.876646
0 0.311105 0.99772 0.312946 0.973908 0.299299 0.970573 0.297458 0.994386
0 0.138174 0.708435 0.15223 0.673296 0.124334 0.638029 0.110278 0.673167
0 0.559848 0.691895 0.557813 0.666867 0.535836 0.672517 0.537871 0.697544
0 0.416104 1.00478 0.428779 0.977045 0.418868 0.962731 0.406192 0.990469
0 0.363658 0.938571 0.365237 0.90944 0.346707 0.906265 0.345128 0.935396
0 0.0917336 0.834535 0.0885341 0.789338 0.068386 0.793846 0.0715855 0.839043
0 0.478366 0.956653 0.490226 0.912915 0.470289 0.895828 0.458429 0.939566
0 0.238715 0.743312 0.239294 0.712608 0.217723 0.711322 0.217144 0.742026
0 0.0537281 0.838002 0.057399 0.814241 0.0378974 0.804719 0.0342265 0.82848
0 0.218437 0.697943 0.218512 0.676864 0.201786 0.676677 0.201712 0.697755
0 0.128552 0.833423 0.132792 0.788526 0.111344 0.782123 0.107103 0.82702
0 0.543853 0.812985 0.553684 0.778702 0.542904 0.768932 0.533073 0.803215
0 0.221496 0.775475 0.222846 0.751556 0.20659 0.748655 0.20524 0.772575
0 0.0867276 0.882222 0.0865534 0.85835 0.0655808 0.858834 0.065755 0.882706
0 0.204206 0.788642 0.209558 0.763423 0.192989 0.752308 0.187636 0.777528
0 0.297844 0.996374 0.300444 0.966108 0.283261 0.961442 0.28066 0.991708
0 0.229587 0.593554 0.223867 0.541175 0.184041 0.554921 0.189761 0.6073
0 0.682961 0.608171 0.690213 0.58143 0.666511 0.561113 0.659259 0.587854
0 0.56309 0.789635 0.569464 0.771014 0.555219 0.755604 0.548845 0.774225
0 0.214293 0.629776 0.2197 0.605072 0.2065 0.595941 0.201093 0.620646
0 0.262158 0.990059 0.277595 0.967048 0.268645 0.948072 0.253208 0.971083
0 0.2857 0.974212 0.294855 0.94501 0.282675 0.932942 0.27352 0.962143
0 0.454818 0.964282 0.466242 0.939022 0.454362 0.922041 0.442938 0.947301
0 0.15506 0.915728 0.168086 0.877729 0.150839 0.859043 0.137813 0.897041
0 0.335363 0.969924 0.336512 0.948089 0.322711 0.945792 0.321561 0.967627
0 0.507045 0.804229 0.506476 0.772786 0.484366 0.77405 0.484935 0.805494
0 0.721686 0.627963 0.718282 0.590783 0.689993 0.59897 0.693398 0.636149
0 0.209445 0.746078 0.213927 0.727672 0.203013 0.719273 0.198531 0.737679
0 0.56056 0.872285 0.565301 0.826405 0.54593 0.820077 0.541189 0.865958
0 0.532659 0.675586 0.538458 0.648032 0.527056 0.640448 0.521257 0.668001
0 0.230096 0.963593 0.265751 0.833724 0.208206 0.783792 0.172551 0.913661
0 0.450894 0.843844 0.461945 0.811947 0.444403 0.792737 0.433351 0.824635
0 0.637291 0.617603 0.637825 0.594046 0.623274 0.593005 0.62274 0.616561
0 0.642953 0.841328 0.645529 0.809733 0.628885 0.805444 0.626309 0.837039
0 0.349824 0.972528 0.355339 0.949594 0.344145 0.941087 0.33863 0.96402
0 0.253241 0.714279 0.264464 0.669645 0.249358 0.657641 0.238136 0.702275
0 0.548494 0.760301 0.552047 0.741762 0.538908 0.733804 0.535355 0.752343
0 0.554409 0.913393 0.559229 0.881251 0.539646 0.871968 0.534825 0.90411
0 0.044508 0.659638 0.0540545 0.62996 0.044484 0.62023 0.0349374 0.649908
0 0.370842 0.964604 0.378538 0.946843 0.370105 0.935295 0.362409 0.953056
0 0.533166 0.809583 0.535798 0.78551 0.521903 0.78071 0.519271 0.804782
0 0.285 0.929408 0.289779 0.906035 0.272898 0.895126 0.268119 0.918499
0 0.113739 0.852428 0.115803 0.818962 0.0949629 0.814901 0.0928995 0.848367
0 0.346592 0.997569 0.354425 0.976266 0.344949 0.965253 0.337115 0.986556
0 0.431915 0.893735 0.432959 0.854377 0.412555 0.852666 0.411511 0.892025
0 0.63391 0.725632 0.636901 0.697341 0.621832 0.692306 0.61884 0.720596
0 0.505094 0.535906 0.503032 0.499091 0.487591 0.501823 0.489652 0.538639
0 0.569622 0.911502 0.57146 0.880448 0.554725 0.877317 0.552886 0.90837
0 0.0673542 0.895657 0.0657834 0.850738 0.0106028 0.856836 0.0121736 0.901756
0 0.559292 0.740706 0.560161 0.711898 0.544717 0.710427 0.543848 0.739235
0 0.232551 0.715417 0.232998 0.688331 0.216492 0.687471 0.216046 0.714557
0 0.251622 0.737126 0.253375 0.707889 0.238285 0.705029 0.236531 0.734266
0 0.0700981 0.833995 0.0790011 0.78219 0.0598857 0.771807 0.0509827 0.823612
0 0.167722 0.921292 0.178208 0.89631 0.166856 0.88125 0.15637 0.906232
0 0.044659 0.826039 0.0659727 0.796741 0.0563015 0.774505 0.0349878 0.803803
0 0.0662962 0.783697 0.0681144 0.75883 0.0503536 0.754726 0.0485354 0.779592
0 0.235329 0.76154 0.237038 0.74314 0.226354 0.740003 0.224644 0.758403
0 0.482034 0.822001 0.486951 0.777116 0.467806 0.770486 0.462888 0.815372
0 0.403717 0.904969 0.406632 0.880778 0.392441 0.875372 0.389525 0.899563
0 0.0539051 0.699959 0.062702 0.662562 0.0467186 0.650679 0.0379218 0.688076
0 0.134511 0.86345 0.132809 0.826247 0.108918 0.829702 0.110621 0.866905
0 0.336895 1.00301 0.337782 0.982385 0.32687 0.980903 0.325984 1.00153
0 0.496175 0.400685 0.498723 0.376547 0.482629 0.371177 0.480081 0.395315
0 0.523604 0.791999 0.525368 0.771339 0.511818 0.767683 0.510054 0.788343
0 0.22278 0.790626 0.225391 0.771318 0.214922 0.766844 0.212311 0.786151
0 0.192744 0.815675 0.198954 0.776151 0.178442 0.765965 0.172232 0.80549
0 0.225113 0.675912 0.226167 0.657503 0.214347 0.655364 0.213293 0.673772
0 0.154081 0.851446 0.155974 0.809533 0.129284 0.805724 0.127392 0.847637
0 0.607278 0.909893 0.613204 0.883713 0.595866 0.871308 0.589939 0.897488
0 0.394695 1.01007 0.402761 0.978157 0.387342 0.965841 0.379276 0.997754
0 0.294817 0.966331 0.298271 0.934706 0.283196 0.929502 0.279742 0.961127
0 0.335446 0.987322 0.345374 0.966245 0.337454 0.954452 0.327525 0.97553
0 0.644721 0.653384 0.645699 0.617629 0.628763 0.616167 0.627786 0.651921
0 0.575871 0.85327 0.578541 0.827862 0.564338 0.823143 0.561667 0.848551
0 0.274303 0.857835 0.275332 0.841505 0.265876 0.839621 0.264847 0.855952
0 0.317338 0.97812 0.320207 0.952948 0.29967 0.945551 0.296802 0.970723
0 0.427531 0.949841 0.439148 0.907991 0.413506 0.885493 0.401888 0.927343
0 0.237751 0.612062 0.238983 0.594133 0.227967 0.591743 0.226736 0.609671
0 0.647879 0.615641 0.685692 0.544365 0.656881 0.496058 0.619068 0.567333
0 0.570078 0.670462 0.575117 0.651694 0.560175 0.639017 0.555137 0.657786
0 0.205988 1.02531 0.251797 0.981949 0.23612 0.929606 0.190312 0.972966
0 0.583753 1.00544 0.586542 0.965508 0.569031 0.961641 0.566241 1.00157
0 0.384886 0.914673 0.386446 0.888405 0.371068 0.885518 0.369508 0.911786
0 0.227509 0.753331 0.228034 0.731205 0.210412 0.729883 0.209887 0.752009
0 0.255672 0.978266 0.260731 0.949313 0.247834 0.942191 0.242776 0.971145
0 0.578621 0.636419 0.595018 0.616771 0.578848 0.574121 0.562451 0.593769
0 0.295286 0.923546 0.302863 0.903337 0.294639 0.893591 0.287061 0.913799
0 0.14007 0.809773 0.141681 0.78695 0.127324 0.783746 0.125712 0.806569
0 0.56234 0.721624 0.570952 0.707538 0.560702 0.687734 0.55209 0.70182
0 0.343837 0.954164 0.345692 0.931059 0.327711 0.926497 0.325857 0.949602
0 0.247262 0.953079 0.255036 0.927409 0.244001 0.916846 0.236226 0.942515
0 0.391592 0.935447 0.397275 0.916634 0.386409 0.90626 0.380726 0.925073
0 0.323325 0.981711 0.324177 0.956802 0.303026 0.954517 0.302175 0.979427
0 0.104236 0.332015 0.120908 0.305326 0.102982 0.269933 0.0863091 0.296622
0 0.457883 0.938122 0.462009 0.90586 0.442245 0.897871 0.438118 0.930133
0 0.323901 0.960768 0.325285 0.934533 0.309557 0.931911 0.308173 0.958146
0 0.626867 0.866287 0.629414 0.842249 0.614981 0.837415 0.612433 0.861452
0 0.235079 0.694941 0.23692 0.673305 0.222622 0.669461 0.220781 0.691097
0 0.03894 0.805132 0.0539102 0.782474 0.045427 0.76476 0.0304569 0.787418
0 0.360219 0.911042 0.361573 0.885677 0.348735 0.88351 0.34738 0.908875
0 0.942917 0.825413 0.954964 0.791361 0.931897 0.76557 0.91985 0.799622
0 0.364766 0.890179 0.367811 0.872909 0.357761 0.867308 0.354716 0.884578
0 0.0469553 0.634851 0.0561068 0.609778 0.0475665 0.599926 0.038415 0.624999
0 0.312696 1.0103 0.316813 0.991003 0.306744 0.984213 0.302627 1.00351
0 0.305155 0.955028 0.311511 0.933524 0.301734 0.924391 0.295378 0.945896
0 0.575054 0.843675 0.577888 0.823213 0.564926 0.81754 0.562092 0.838002
0 0.735304 0.993712 0.732102 0.910735 0.695838 0.915158 0.69904 0.998135
0 0.646954 0.864615 0.647976 0.835656 0.631561 0.833825 0.630539 0.862784
0 0.550077 1.00821 0.553614 0.979547 0.539085 0.973881 0.535548 1.00254
0 0.423517 0.95223 0.425691 0.929485 0.412403 0.92547 0.410229 0.948216
0 0.320385 0.923267 0.323682 0.905733 0.313248 0.899533 0.309952 0.917067
0 0.182553 0.771303 0.189132 0.74537 0.180277 0.73827 0.173698 0.764203
0 0.648118 0.889844 0.649757 0.860314 0.631371 0.85709 0.629733 0.88662
0 0.114101 0.879284 0.115616 0.859143 0.100124 0.855461 0.0986088 0.875602
0 0.387828 0.892407 0.393096 0.874707 0.383611 0.865787 0.378344 0.883487
0 0.383261 0.943639 0.386837 0.924095 0.375734 0.917674 0.372158 0.937218
0 0.357168 0.968364 0.364334 0.948457 0.354982 0.937817 0.347816 0.957725
0 0.286731 1.00503 0.286663 0.9828 0.267836 0.982982 0.267904 1.00521
0 0.37261 0.898068 0.374757 0.880394 0.366561 0.877248 0.364414 0.894921
0 0.276938 0.931089 0.282555 0.903384 0.269878 0.895262 0.264262 0.922967
0 0.102816 0.929409 0.122786 0.908047 0.116439 0.889295 0.0964687 0.910657
0 0.116883 0.901906 0.12014 0.880207 0.104584 0.872827 0.101327 0.894526
0 0.572511 0.822279 0.578377 0.812554 0.567875 0.792529 0.562008 0.802254
0 0.559661 0.933267 0.564469 0.913037 0.551145 0.903028 0.546337 0.923259
0 0.0994978 0.884417 0.101889 0.861494 0.0894695 0.857399 0.0870782 0.880323
0 0.72038 0.807716 0.734813 0.774229 0.706204 0.735257 0.691771 0.768743
0 0.157104 0.79728 0.166618 0.775085 0.158471 0.764048 0.148957 0.786243
0 0.370428 0.949637 0.372083 0.930917 0.362321 0.928189 0.360666 0.94691
0 0.0279517 0.83043 0.0350378 0.801218 0.0201921 0.789837 0.0131061 0.819049
0 0.424342 0.418646 0.430294 0.363744 0.396991 0.352334 0.391039 0.407236
0 0.564222 0.676319 0.565935 0.660265 0.553502 0.656072 0.551789 0.672127
0 0.327323 0.792858 0.336954 0.771492 0.328677 0.759698 0.319045 0.781064
0 0.270129 0.938588 0.274522 0.91779 0.26418 0.910886 0.259787 0.931684
0 0.255408 0.922122 0.262735 0.898238 0.252482 0.888297 0.245154 0.912181
0 0.563886 0.760065 0.565364 0.740927 0.553758 0.738095 0.55228 0.757232
0 0.251363 0.806644 0.251048 0.791179 0.240702 0.791846 0.241018 0.807311
0 0.200207 0.81892 0.203462 0.79818 0.191976 0.792482 0.188721 0.813223
0 0.472976 0.716451 0.47544 0.6978 0.465392 0.693604 0.462928 0.712255
0 0.594006 0.906648 0.597473 0.881831 0.585911 0.876727 0.582445 0.901544
0 0.234516 0.650823 0.235919 0.634811 0.227167 0.632387 0.225764 0.648399
0 0.350091 0.956968 0.351617 0.931726 0.334211 0.928403 0.332685 0.953644
0 0.538552 0.854751 0.54014 0.836533 0.525355 0.832461 0.523768 0.85068
0 0.345659 0.905054 0.346849 0.885384 0.337058 0.883511 0.335868 0.903181
0 0.411697 0.719384 0.417986 0.673017 0.396209 0.66368 0.389919 0.710047
0 0.615093 0.839016 0.616572 0.819327 0.601506 0.815752 0.600027 0.83544
0 0.404704 0.924962 0.410583 0.90202 0.403179 0.896022 0.397299 0.918964
0 0.55121 0.671089 0.553148 0.651606 0.539036 0.647168 0.537098 0.666651
0 0.423142 0.969762 0.434198 0.948408 0.425152 0.933604 0.414095 0.954957
0 0.316941 0.888946 0.321435 0.873028 0.311573 0.86423 0.30708 0.880148
0 0.228114 0.631613 0.229972 0.610059 0.218652 0.606975 0.216794 0.628528
0 0.100283 0.8088 0.101833 0.78946 0.0900808 0.786482 0.0885301 0.805822
0 0.626977 0.39222 0.634267 0.351815 0.605314 0.335306 0.598024 0.375711
0 0.426972 0.969227 0.443753 0.946898 0.435214 0.926615 0.418433 0.948944
0 0.202337 0.759474 0.204097 0.73562 0.190402 0.732426 0.188642 0.75628
0 0.822991 0.404214 0.826414 0.342145 0.794246 0.336537 0.790822 0.398607
0 0.349465 0.422516 0.352009 0.390935 0.321863 0.38326 0.319319 0.414841
0 0.310872 0.903812 0.315647 0.884765 0.30756 0.878359 0.302786 0.897406
0 0.302104 0.296525 0.318692 0.241115 0.278841 0.203409 0.262253 0.258819
0 0.0797397 0.676696 0.0810221 0.658157 0.0678848 0.655285 0.0666025 0.673824
0 0.494064 0.413705 0.494311 0.39198 0.479339 0.39144 0.479091 0.413166
0 0.490426 0.720757 0.492987 0.703434 0.480533 0.697614 0.477971 0.714937
0 0.197017 0.73668 0.197554 0.719485 0.186439 0.718387 0.185901 0.735582
0 0.467964 0.10631 0.464277 0.0697241 0.442425 0.0766843 0.446112 0.11327
0 0.31325 0.941482 0.319648 0.925224 0.310506 0.913855 0.304109 0.930113
0 0.287236 0.898898 0.288925 0.881317 0.280271 0.87869 0.278582 0.896271
0 0.343749 0.925784 0.34574 0.906256 0.335809 0.903056 0.333818 0.922583
0 0.501809 0.763358 0.502946 0.74406 0.491276 0.741887 0.490139 0.761185
0 0.443931 1.0137 0.465633 0.976605 0.451477 0.950434 0.429775 0.987533
0 0.408376 0.985435 0.410739 0.966999 0.400735 0.962947 0.398373 0.981383
0 0.209482 0.985922 0.21629 0.923367 0.180256 0.910973 0.173448 0.973528
0 0.0830563 0.86209 0.0848114 0.829388 0.0621464 0.825544 0.0603912 0.858246
0 0.528837 0.826643 0.53071 0.803892 0.518681 0.80076 0.516807 0.823512
0 0.134779 0.905563 0.148171 0.876758 0.138957 0.863219 0.125565 0.892024
0 0.475843 0.965867 0.476743 0.945479 0.459364 0.943056 0.458464 0.963443
0 0.126166 0.79302 0.125652 0.747141 0.0925447 0.748312 0.093058 0.794191
0 0.398696 0.922773 0.404179 0.903647 0.395739 0.895998 0.390255 0.915125
0 0.362348 0.977545 0.36903 0.963466 0.36129 0.951857 0.354608 0.965936
0 0.348044 1.00674 0.349531 0.989456 0.338075 0.98634 0.336588 1.00362
0 0.629402 0.844593 0.632964 0.820783 0.618317 0.813857 0.614755 0.837668
0 0.373474 0.927631 0.375375 0.908006 0.36567 0.905035 0.363769 0.924659
0 0.383925 0.966054 0.387904 0.949009 0.380107 0.943258 0.376129 0.960303
0 0.067557 0.705449 0.0731571 0.683939 0.063855 0.676285 0.058255 0.697795
0 0.464489 0.71923 0.466509 0.698363 0.456094 0.695177 0.454074 0.716044
0 0.0893512 0.755121 0.0931845 0.737869 0.0831648 0.730832 0.0793314 0.748085
0 0.331348 1.00013 0.331964 0.981721 0.319128 0.980366 0.318512 0.998778
0 0.345354 0.931614 0.345228 0.912968 0.332838 0.913233 0.332964 0.931879
0 0.272908 0.423096 0.280148 0.362856 0.243261 0.348845 0.236021 0.409084
0 0.442333 0.734408 0.447118 0.707201 0.426974 0.696003 0.422189 0.72321
0 0.39657 0.964055 0.400272 0.944664 0.391923 0.939626 0.388221 0.959018
0 0.113062 0.711428 0.120998 0.685229 0.108212 0.672989 0.100276 0.699188
0 0.564286 0.410642 0.565543 0.373414 0.538947 0.370577 0.537691 0.407806
0 0.342488 0.89067 0.342511 0.872218 0.332626 0.87218 0.332603 0.890632
0 0.385124 0.858821 0.389121 0.838495 0.380111 0.832895 0.376114 0.853221
0 0.281888 0.944748 0.284602 0.925214 0.274492 0.920773 0.271777 0.940308
0 0.113052 0.736848 0.123748 0.699051 0.109628 0.686423 0.0989325 0.72422
0 0.433688 0.989693 0.44154 0.963829 0.432707 0.955353 0.424855 0.981217
0 0.467372 0.809517 0.472417 0.779771 0.455673 0.770797 0.450629 0.800544
0 0.0869146 0.773596 0.0887305 0.754841 0.0782559 0.751635 0.0764401 0.770391
0 0.308158 0.921197 0.31314 0.905252 0.305763 0.897969 0.300782 0.913914
