0 0.530729 0.99574 0.519078 0.913661 0.470311 0.935541 0.481963 1.01762
0 0.497101 0.592813 0.495895 0.542399 0.468088 0.544501 0.469294 0.594915
0 0.982296 1.0767 1.01884 0.858591 0.809703 0.747837 0.773157 0.965947
0 0.440765 0.989276 0.438991 0.87868 0.372519 0.88205 0.374293 0.992646
0 0.561806 1.01 0.56703 0.91657 0.517288 0.907781 0.512064 1.00122
0 0.960044 0.632731 0.964204 0.581096 0.91107 0.567567 0.90691 0.619202
0 0.51667 0.890868 0.519292 0.850401 0.497578 0.845956 0.494956 0.886423
0 0.340595 0.954138 0.367463 0.901989 0.349941 0.873456 0.323073 0.925605
0 0.134108 0.767313 0.13648 0.732368 0.109965 0.726681 0.107593 0.761626
0 0.448721 0.906903 0.444983 0.849895 0.410594 0.85702 0.414331 0.914028
0 0.787434 1.04416 0.83859 0.963548 0.757443 0.800784 0.706286 0.881392
0 0.536775 0.881571 0.536562 0.857594 0.519134 0.858083 0.519347 0.882061
0 0.0306317 0.957346 0.0496106 0.92141 0.034427 0.896066 0.0154481 0.932002
0 0.552611 0.881086 0.554747 0.858227 0.538988 0.853571 0.536851 0.87643
0 0.353073 0.900263 0.356257 0.849728 0.32871 0.844243 0.325527 0.894778
0 0.134609 0.60824 0.126594 0.556782 0.0801816 0.579629 0.0881961 0.631087
0 0.383518 0.910583 0.390327 0.84017 0.362707 0.831729 0.355898 0.902142
0 0.532684 0.923449 0.534595 0.877 0.511438 0.873989 0.509527 0.920438
0 0.241359 1.00551 0.255089 0.983626 0.246139 0.96588 0.232409 0.987767
0 0.477824 0.70228 0.475241 0.677184 0.452049 0.684728 0.454632 0.709824
0 0.151406 0.767652 0.155758 0.734285 0.137597 0.7268 0.133245 0.760167
0 0.353464 0.992352 0.367982 0.96563 0.358856 0.94996 0.344339 0.976682
0 0.941886 0.584049 0.946227 0.555208 0.915689 0.540678 0.911347 0.569519
0 0.376742 0.946578 0.38003 0.905197 0.359198 0.899967 0.355911 0.941347
0 0.585845 0.983686 0.587687 0.948012 0.569766 0.945088 0.567924 0.980761
0 0.94614 0.787668 0.95784 0.745037 0.938208 0.728008 0.926508 0.77064
0 0.537145 0.864522 0.5422 0.839694 0.527335 0.830129 0.52228 0.854957
0 0.472934 0.93479 0.476512 0.903323 0.458346 0.896795 0.454768 0.928262
0 0.454748 0.827174 0.465494 0.791792 0.454674 0.781405 0.443928 0.816787
0 0.228681 0.994236 0.248813 0.973808 0.24078 0.948787 0.220648 0.969215
0 0.552563 0.854345 0.554207 0.821897 0.538035 0.819308 0.536391 0.851756
0 0.111202 1.00643 0.162606 0.885973 0.117393 0.824995 0.0659891 0.945453
0 0.0549543 0.956042 0.0587826 0.926384 0.0420795 0.91957 0.0382512 0.949228
0 0.563344 0.841072 0.565718 0.818847 0.553399 0.814689 0.551025 0.836914
0 0.476045 0.801825 0.478722 0.773094 0.461763 0.768099 0.459086 0.796829
0 0.639534 0.628427 0.633723 0.592781 0.602846 0.608687 0.608656 0.644333
0 0.0352609 0.736768 0.0459723 0.690016 0.0108922 0.664614 0.000180826 0.711367
0 0.94074 0.739341 0.94289 0.711774 0.916228 0.705204 0.914078 0.732771
0 0.457644 0.939547 0.462905 0.897741 0.442027 0.889438 0.436766 0.931244
0 0.547232 0.735828 0.549846 0.708228 0.534895 0.703753 0.532281 0.731353
0 0.152861 0.73848 0.166509 0.696536 0.151346 0.680941 0.137697 0.722884
0 0.122296 0.728853 0.124974 0.707362 0.110898 0.701817 0.10822 0.723308
0 0.13362 0.715917 0.136094 0.694191 0.122961 0.689466 0.120488 0.711192
0 0.463496 0.770482 0.464501 0.751928 0.452414 0.749858 0.451409 0.768412
0 0.467155 0.893277 0.475206 0.835778 0.452469 0.825717 0.444418 0.883216
0 0.375004 0.983205 0.391488 0.946349 0.375128 0.923222 0.358643 0.960079
0 0.443614 0.869312 0.45665 0.836891 0.444012 0.820832 0.430977 0.853253
0 0.488017 0.682021 0.492264 0.660946 0.477398 0.651479 0.473151 0.672555
0 0.61495 0.598273 0.627221 0.562653 0.603678 0.53702 0.591407 0.57264
0 0.969309 0.594139 0.972922 0.564057 0.944217 0.553161 0.940604 0.583243
0 0.110762 0.807214 0.117123 0.779674 0.104561 0.770504 0.0982001 0.798044
0 0.380557 0.79725 0.380193 0.754637 0.355745 0.755298 0.356109 0.79791
0 0.250398 0.970154 0.266321 0.949478 0.257692 0.928473 0.241768 0.949148
0 0.923522 0.837989 0.93843 0.803676 0.911934 0.767295 0.897027 0.801608
0 0.968486 0.718581 0.980783 0.684513 0.95466 0.654714 0.942364 0.688782
0 0.539636 0.833213 0.540983 0.812217 0.529373 0.809864 0.528026 0.830859
0 0.343316 0.863202 0.367866 0.843792 0.361232 0.817271 0.336682 0.836681
0 0.442559 0.999698 0.43797 0.963278 0.410104 0.974373 0.414693 1.01079
0 0.551379 0.902264 0.554631 0.87731 0.538152 0.870524 0.5349 0.895478
0 0.3226 0.733757 0.330638 0.688204 0.309737 0.676547 0.301698 0.7221
0 0.618608 0.40719 0.621045 0.3428 0.585933 0.3386 0.583496 0.40299
0 0.397516 0.766628 0.398699 0.729386 0.379722 0.727481 0.378539 0.764722
0 0.335394 0.971176 0.337854 0.921782 0.308163 0.917107 0.305702 0.966502
0 0.219823 0.998706 0.215685 0.965781 0.188141 0.976722 0.192279 1.00965
0 0.13297 0.785325 0.133322 0.762583 0.118683 0.761867 0.118331 0.784608
0 0.0779582 0.843633 0.0887274 0.807464 0.072168 0.791881 0.0613988 0.828051
0 0.372554 1.00009 0.377189 0.974028 0.362427 0.96573 0.357792 0.991794
0 0.0134027 0.863899 0.0167396 0.818843 -0.00281239 0.814267 -0.0061493 0.859323
0 0.200503 0.964416 0.200887 0.945173 0.187417 0.944324 0.187033 0.963567
0 0.163898 0.961981 0.178175 0.933589 0.169875 0.920398 0.155598 0.948791
0 0.276101 0.957136 0.286097 0.914723 0.273292 0.905185 0.263297 0.947598
0 0.31063 0.928874 0.310707 0.903121 0.292793 0.902951 0.292716 0.928704
0 0.349399 0.971111 0.365878 0.937601 0.350971 0.914434 0.334493 0.947945
0 0.11756 0.712787 0.120538 0.68824 0.106009 0.682669 0.10303 0.707215
0 0.485282 0.874044 0.488043 0.842533 0.472811 0.838315 0.47005 0.869827
0 0.569519 0.862751 0.570725 0.839698 0.55756 0.83752 0.556353 0.860573
0 0.172179 0.975524 0.18205 0.94577 0.172604 0.935865 0.162733 0.965619
0 0.594799 0.854025 0.598797 0.833987 0.57998 0.822123 0.575983 0.84216
0 0.152805 0.949883 0.168368 0.925297 0.161479 0.911514 0.145916 0.9361
0 0.324034 0.840086 0.328966 0.816516 0.319594 0.810319 0.314662 0.833888
0 0.368014 0.754963 0.371389 0.73237 0.358549 0.726309 0.355174 0.748901
0 0.423061 0.573042 0.425657 0.556068 0.4135 0.550189 0.410903 0.567164
0 0.260444 1.00863 0.263873 0.989999 0.25325 0.98382 0.249821 1.00245
0 0.0943129 0.815216 0.0982269 0.787566 0.0808417 0.779788 0.0769277 0.807439
0 0.968659 0.565012 0.969635 0.515061 0.920118 0.512002 0.919142 0.561953
0 0.314958 0.886828 0.318994 0.869679 0.309721 0.862782 0.305685 0.879931
0 0.530648 0.750158 0.536113 0.723844 0.524098 0.715957 0.518633 0.742271
0 0.0290732 0.843157 0.0298644 0.816634 0.0128591 0.815031 0.0120679 0.841553
0 0.483998 0.844133 0.490093 0.830575 0.477384 0.812519 0.471289 0.826078
0 0.596203 0.961855 0.597865 0.934489 0.582924 0.931622 0.581262 0.958988
0 0.622981 0.815785 0.636519 0.791937 0.615104 0.753515 0.601566 0.777364
0 0.510182 0.93042 0.519806 0.908555 0.504287 0.886966 0.494663 0.908831
0 0.93049 0.786338 0.932887 0.745997 0.910196 0.741736 0.907799 0.782077
0 0.463656 0.954934 0.467665 0.931648 0.455077 0.924797 0.451067 0.948083
0 0.472877 0.750418 0.474962 0.726516 0.463093 0.723245 0.461008 0.747146
0 0.522019 0.858794 0.525365 0.840117 0.512981 0.833104 0.509635 0.851782
0 0.172577 1.01358 0.188803 0.984614 0.175263 0.96064 0.159037 0.989603
0 0.695043 0.658036 0.695328 0.619096 0.674364 0.618611 0.674079 0.65755
0 0.136372 0.445469 0.143978 0.382469 0.0973621 0.364681 0.0897556 0.427681
0 0.587163 0.871676 0.59076 0.847743 0.575756 0.840618 0.57216 0.864551
0 0.224584 0.896693 0.229486 0.875293 0.218147 0.867084 0.213245 0.888484
0 0.461725 0.917495 0.464802 0.888533 0.448156 0.882943 0.445079 0.911906
0 0.975052 0.670587 0.981155 0.650452 0.962706 0.632778 0.956603 0.652913
0 0.626503 1.00502 0.631625 0.960662 0.607436 0.951835 0.602315 0.996192
0 0.106103 0.726577 0.10884 0.707878 0.0982544 0.702981 0.0955174 0.72168
0 0.559428 0.665266 0.562388 0.630506 0.546687 0.626281 0.543728 0.661041
0 0.399719 0.834483 0.422887 0.802819 0.410143 0.773349 0.386975 0.805013
0 0.513765 0.744362 0.515792 0.72476 0.504729 0.721145 0.502702 0.740747
0 1.00968 0.896314 1.02718 0.710539 0.969837 0.693466 0.952338 0.879241
0 0.271422 0.923786 0.272273 0.903065 0.261435 0.901659 0.260584 0.92238
0 0.674516 0.39458 0.670577 0.361228 0.644827 0.370841 0.648767 0.404192
0 0.282205 0.970964 0.289373 0.950362 0.28081 0.940944 0.273641 0.961546
0 0.0115308 0.913453 0.0191897 0.87519 0.000205448 0.86318 -0.00745341 0.901444
0 0.0309616 0.898807 0.0508468 0.845752 0.0259145 0.816218 0.00602933 0.869273
0 0.527562 0.72499 0.545134 0.63356 0.503986 0.608565 0.486413 0.699994
0 0.0031916 1.01494 0.0642929 0.993722 0.0583206 0.939358 -0.00278076 0.960573
0 0.464229 0.383538 0.466289 0.354488 0.449703 0.350772 0.447644 0.379823
0 0.0961331 0.835541 0.102515 0.816569 0.0922043 0.805607 0.0858223 0.824579
0 0.601351 0.610563 0.606012 0.575916 0.58408 0.566591 0.579419 0.601238
0 0.339178 0.535333 0.349222 0.509395 0.332352 0.48875 0.322308 0.514688
0 0.0980439 0.895609 0.099921 0.867898 0.0840457 0.864499 0.0821685 0.89221
0 0.571397 0.763351 0.573894 0.743914 0.557917 0.737426 0.555419 0.756862
0 0.978639 0.589076 1.00531 0.557206 0.995603 0.531531 0.968932 0.563401
0 0.392718 0.845416 0.39994 0.804185 0.372965 0.789251 0.365742 0.830482
0 0.530053 0.134559 0.531274 0.0839893 0.493844 0.0811343 0.492624 0.131704
0 0.172038 0.916989 0.17397 0.900302 0.1637 0.896545 0.161769 0.913232
0 0.483278 0.774971 0.484776 0.753836 0.47242 0.751067 0.470922 0.772202
0 0.188975 0.897842 0.194837 0.879079 0.186852 0.871194 0.180989 0.889956
0 0.533016 0.767774 0.535076 0.74685 0.52432 0.743502 0.522259 0.764425
0 0.446284 0.827283 0.450245 0.800483 0.435389 0.793543 0.431428 0.820343
0 0.595247 0.887058 0.597524 0.863589 0.586773 0.860292 0.584496 0.883761
0 0.584087 0.91949 0.591902 0.892216 0.572168 0.874344 0.564353 0.901617
0 0.731251 0.998384 0.733633 0.913384 0.696642 0.910107 0.69426 0.995107
0 0.290062 0.894303 0.293445 0.868755 0.282416 0.864138 0.279032 0.889686
0 0.323051 0.997596 0.344987 0.978082 0.338325 0.954411 0.316389 0.973925
0 0.328878 0.923538 0.335014 0.885198 0.317429 0.876303 0.311293 0.914643
0 0.572834 0.618646 0.60385 0.541166 0.575639 0.505474 0.544623 0.582953
0 0.23672 1.00671 0.239696 0.989192 0.228624 0.983248 0.225648 1.00077
0 0.125407 0.442279 0.130676 0.405233 0.09778 0.390443 0.0925102 0.427489
0 0.478505 0.969407 0.486033 0.928267 0.470965 0.919552 0.463437 0.960692
0 0.897849 0.804086 0.90391 0.780633 0.882405 0.763068 0.876344 0.786521
0 0.619313 0.110252 0.630614 0.0452791 0.611404 0.0347197 0.600104 0.0996923
0 0.265528 0.888491 0.268562 0.871633 0.259974 0.866748 0.25694 0.883606
0 0.597 0.898104 0.599989 0.877852 0.589227 0.872831 0.586237 0.893083
0 0.109145 0.776917 0.112825 0.752707 0.0965874 0.744907 0.0929077 0.769117
0 0.269662 0.99181 0.278848 0.969963 0.271272 0.959898 0.262087 0.981745
0 0.432443 0.108272 0.43118 0.0705386 0.408864 0.0728993 0.410127 0.110633
0 0.449405 0.686653 0.457759 0.655654 0.446653 0.646195 0.438299 0.677194
0 0.0136229 0.943445 0.0288313 0.914081 0.0185328 0.897223 0.0033243 0.926587
0 0.244763 0.883219 0.251504 0.86489 0.243598 0.855701 0.236858 0.87403
0 0.433521 0.845304 0.438372 0.821225 0.427118 0.81406 0.422268 0.83814
0 0.118626 0.642602 0.120472 0.619422 0.104162 0.615316 0.102315 0.638495
0 0.0961747 0.753422 0.105231 0.730123 0.0963551 0.719219 0.0872988 0.742518
0 0.561954 0.895398 0.563417 0.875034 0.552822 0.872628 0.551359 0.892992
0 0.208808 0.89519 0.217084 0.876363 0.210213 0.866818 0.201937 0.885644
0 0.573103 0.878766 0.576516 0.859982 0.566889 0.854454 0.563476 0.873238
0 0.875989 0.654124 0.883649 0.625924 0.867748 0.612272 0.860088 0.640473
0 0.501329 0.9245 0.50479 0.901581 0.492453 0.895691 0.488991 0.91861
0 0.278379 0.430001 0.284735 0.384757 0.268092 0.377368 0.261737 0.422612
0 0.248085 0.923804 0.249119 0.906123 0.239915 0.904422 0.238882 0.922103
0 0.291724 0.937001 0.300087 0.919321 0.291804 0.906939 0.283441 0.924618
0 0.975679 0.762877 0.97901 0.722996 0.960931 0.718223 0.957599 0.758104
0 0.112954 0.744264 0.116435 0.723883 0.106897 0.718735 0.103416 0.739116
0 0.97767 0.610816 0.979221 0.583958 0.960681 0.580574 0.95913 0.607433
0 0.127664 0.739557 0.12958 0.718264 0.114384 0.71394 0.112468 0.735234
0 0.308078 0.832529 0.309182 0.815546 0.300763 0.813816 0.299659 0.8308
0 0.262424 0.979007 0.270345 0.961694 0.263003 0.951078 0.255082 0.968392
0 0.486481 0.786649 0.4894 0.769238 0.480097 0.764307 0.477177 0.781718
0 0.239148 0.887982 0.247805 0.869912 0.240647 0.859073 0.231989 0.877143
0 0.554749 0.927359 0.560777 0.899145 0.538062 0.883806 0.532034 0.91202
0 0.610157 0.947383 0.608992 0.898587 0.58824 0.900152 0.589405 0.948948
0 0.138857 0.854194 0.139514 0.836754 0.129325 0.835542 0.128669 0.852982
0 0.44049 0.699559 0.43659 0.621913 0.403662 0.62714 0.407562 0.704786
0 0.513426 0.84464 0.517906 0.829454 0.508596 0.820773 0.504116 0.83596
0 0.512902 0.918941 0.517213 0.887343 0.499442 0.879681 0.495131 0.911278
0 0.206168 0.994595 0.206654 0.963495 0.18774 0.96256 0.187253 0.993659
0 0.327283 0.90761 0.332292 0.878915 0.31848 0.871295 0.313471 0.89999
0 0.559418 0.875743 0.561445 0.85602 0.5512 0.852692 0.549173 0.872415
0 0.456991 0.783969 0.458869 0.767448 0.446826 0.76312 0.444947 0.779641
0 0.449321 0.391406 0.451613 0.372418 0.438013 0.367231 0.435721 0.386219
0 0.511477 0.871975 0.512807 0.842732 0.498603 0.84069 0.497273 0.869933
0 0.225587 0.999733 0.22732 0.976133 0.212738 0.97275 0.211005 0.99635
0 0.137327 0.628473 0.148393 0.609245 0.14082 0.595472 0.129755 0.6147
0 1.00999 0.818024 1.01447 0.702984 0.973128 0.697898 0.96865 0.812938
0 0.37811 0.735196 0.37911 0.71501 0.367092 0.713127 0.366092 0.733313
0 0.32371 0.879119 0.326845 0.858637 0.317928 0.854323 0.314793 0.874805
