0 0.99313 0.973214 1.00903 0.848277 0.806347 0.766778 0.790451 0.891716
0 0.179802 0.926845 0.245894 0.838507 0.217513 0.771398 0.151421 0.859737
0 0.840088 0.739748 0.840587 0.699698 0.819956 0.698887 0.819458 0.738937
0 0.41328 0.887344 0.414838 0.855001 0.396855 0.852263 0.395296 0.884606
0 1.00049 0.49356 0.992857 0.451538 0.961101 0.469761 0.968731 0.511783
0 0.061105 0.991133 0.0940302 0.936767 0.075522 0.901341 0.0425968 0.955707
0 0.100843 0.767193 0.10824 0.731171 0.0796593 0.712622 0.0722622 0.748644
0 0.267153 0.568595 0.256361 0.503781 0.226584 0.519451 0.237376 0.584265
0 0.920107 0.69093 0.955582 0.657757 0.945245 0.622821 0.90977 0.655995
0 0.0482703 0.888683 0.0536517 0.860589 0.0360427 0.849929 0.0306613 0.878023
0 0.0334257 0.9483 0.0358548 0.921342 0.021255 0.917185 0.0188259 0.944142
0 0.869401 0.761663 0.87853 0.73011 0.857471 0.710852 0.848342 0.742405
0 0.271457 0.986336 0.29339 0.949307 0.277694 0.919927 0.255762 0.956956
0 0.366934 0.682523 0.368516 0.653842 0.34417 0.649597 0.342588 0.678278
0 0.897496 0.630092 0.916712 0.597387 0.905459 0.576488 0.886242 0.609194
0 0.954709 0.625816 0.978522 0.597264 0.968001 0.569531 0.944188 0.598083
0 0.319766 0.791771 0.322023 0.768968 0.308684 0.764796 0.306428 0.787598
0 0.419524 0.809276 0.430636 0.791013 0.416391 0.763621 0.405279 0.781884
0 0.15113 0.7098 0.152078 0.680904 0.138197 0.679464 0.137249 0.708361
0 0.187581 0.75981 0.203954 0.726303 0.189412 0.703846 0.17304 0.737352
0 0.299553 0.797678 0.298172 0.77217 0.279385 0.775385 0.280767 0.800893
0 0.19659 0.773807 0.19764 0.747414 0.175182 0.74459 0.174132 0.770983
0 0.104951 0.875008 0.106859 0.838528 0.0869247 0.835232 0.0850166 0.871712
0 0.918759 0.599491 0.927152 0.581681 0.911149 0.557846 0.902755 0.575656
0 0.285514 0.900249 0.285636 0.845598 0.263323 0.845441 0.263201 0.900092
0 0.235229 0.772035 0.236854 0.716129 0.205701 0.713268 0.204077 0.769174
0 0.875185 0.779044 0.871427 0.749264 0.846274 0.759296 0.850032 0.789077
0 1.00165 0.602971 1.00337 0.570442 0.98548 0.567438 0.983752 0.599967
0 0.955701 0.511392 0.965185 0.488852 0.955608 0.476116 0.946124 0.498657
0 0.978743 0.737221 0.981862 0.699129 0.956393 0.692538 0.953274 0.73063
0 0.186142 0.298006 0.21506 0.27307 0.190706 0.183812 0.161788 0.208748
0 0.0717956 0.867961 0.0767379 0.844039 0.0651636 0.836481 0.0602213 0.860403
0 0.627402 0.851247 0.630293 0.807449 0.605239 0.802222 0.602347 0.846019
0 0.112695 0.903039 0.137658 0.8717 0.128499 0.848645 0.103537 0.879984
0 0.170351 0.844098 0.190976 0.804614 0.178989 0.784824 0.158364 0.824308
0 0.277287 0.775424 0.275718 0.749256 0.256764 0.752847 0.258333 0.779015
0 0.982397 0.590162 0.986861 0.57138 0.972249 0.560404 0.967785 0.579186
0 0.263806 0.897317 0.26534 0.869415 0.247426 0.866303 0.245893 0.894205
0 0.586284 0.775898 0.590335 0.752951 0.580158 0.747273 0.576107 0.77022
0 0.04963 0.833482 0.0548785 0.808739 0.043695 0.801241 0.0384465 0.825985
0 0.641405 0.713702 0.642725 0.679666 0.629171 0.678004 0.627851 0.712041
0 0.804356 0.732416 0.815622 0.707199 0.806372 0.694139 0.795107 0.719357
0 0.773299 0.56694 0.774019 0.540516 0.761414 0.539429 0.760693 0.565853
0 0.423936 0.850195 0.431372 0.814962 0.415231 0.804195 0.407795 0.839427
0 0.360745 0.840169 0.361597 0.814515 0.346624 0.812942 0.345771 0.838597
0 0.393987 0.828615 0.396662 0.794165 0.375593 0.788995 0.372918 0.823444
0 0.135961 0.697584 0.136742 0.677205 0.122753 0.675511 0.121972 0.69589
0 0.841359 0.700157 0.844906 0.676532 0.829741 0.669337 0.826194 0.692962
0 0.98736 0.5763 0.99253 0.559228 0.974388 0.541867 0.969219 0.558939
0 0.0594131 0.869083 0.0648777 0.844164 0.0526257 0.835672 0.0471611 0.860591
0 0.15004 0.687765 0.162337 0.652336 0.148998 0.637703 0.136701 0.673132
0 0.416577 0.862211 0.420044 0.839858 0.403401 0.831699 0.399934 0.854052
0 0.967951 0.54148 0.970821 0.516984 0.957064 0.511891 0.954194 0.536387
0 1.00166 0.53365 1.00732 0.496594 0.989479 0.487978 0.983818 0.525034
0 0.308528 0.896443 0.317636 0.876215 0.309102 0.86407 0.299994 0.884298
0 0.275043 0.853461 0.280332 0.826438 0.264678 0.816754 0.259389 0.843777
0 0.0271488 0.598342 0.0361602 0.573778 0.0256788 0.561625 0.0166673 0.586189
0 0.0488799 0.933179 0.0641015 0.896207 0.0526404 0.881294 0.0374188 0.918266
0 0.968946 0.464188 0.976783 0.449238 0.962877 0.426202 0.955041 0.441152
0 0.614344 0.677342 0.621008 0.658375 0.61211 0.648494 0.605446 0.667461
0 0.952872 0.46291 0.95867 0.433269 0.94413 0.424281 0.938333 0.453922
0 0.0929836 0.85249 0.105043 0.822543 0.0938878 0.808346 0.0818286 0.838293
0 0.38065 0.772758 0.389029 0.742321 0.375465 0.73052 0.367086 0.760956
0 0.0322829 0.913608 0.0573841 0.889933 0.05083 0.867971 0.0257288 0.891645
0 0.278372 0.741304 0.287612 0.72269 0.269215 0.693825 0.259975 0.712438
0 0.0481626 0.976394 0.0600852 0.931998 0.0442963 0.918597 0.0323737 0.962993
0 0.390772 0.891401 0.398758 0.871198 0.389402 0.859509 0.381416 0.879711
0 0.659618 0.624193 0.669516 0.599639 0.660727 0.588441 0.650829 0.612995
0 0.852836 0.744513 0.856004 0.716685 0.841654 0.711523 0.838487 0.739352
0 0.411777 0.772875 0.411861 0.742698 0.390564 0.742509 0.39048 0.772686
0 0.758792 0.749478 0.779296 0.728345 0.772256 0.706757 0.751752 0.72789
0 0.560539 0.984522 0.57618 0.955519 0.548732 0.908736 0.533091 0.93774
0 0.422073 0.744524 0.427643 0.731278 0.415591 0.71526 0.410021 0.728506
0 0.946668 0.565265 0.948377 0.541561 0.935027 0.538519 0.933318 0.562223
0 0.12552 0.684763 0.127037 0.665762 0.114769 0.662667 0.113253 0.681668
0 0.995165 0.555233 0.9982 0.530582 0.978781 0.523025 0.975746 0.547676
0 0.45301 0.771257 0.454906 0.743745 0.435547 0.739529 0.433652 0.767041
0 0.887855 0.484121 0.89243 0.463617 0.878541 0.453822 0.873966 0.474326
0 0.526303 0.76944 0.536021 0.731852 0.509069 0.70983 0.499352 0.747418
0 0.0586754 0.933467 0.0855214 0.900809 0.0780566 0.881415 0.0512105 0.914072
0 0.446411 0.670622 0.448762 0.653561 0.434553 0.647374 0.432202 0.664435
0 0.806795 0.518672 0.809178 0.496388 0.79725 0.492358 0.794868 0.514642
0 0.851775 0.681114 0.855412 0.655541 0.841103 0.649108 0.837466 0.674682
0 0.0576655 0.805617 0.0605199 0.784298 0.0493452 0.77957 0.0464908 0.800889
0 0.0211546 0.664835 0.0228362 0.645661 0.00996988 0.642095 0.0082883 0.661268
0 0.260259 0.835111 0.264871 0.799183 0.237155 0.787939 0.232544 0.823868
0 0.120373 0.852988 0.122221 0.821046 0.101521 0.817262 0.0996733 0.849203
0 0.859896 0.71917 0.866555 0.702117 0.853475 0.685973 0.846815 0.703026
0 0.908533 0.631521 0.926986 0.613324 0.920897 0.593809 0.902444 0.612007
0 0.0200831 0.935992 0.0291171 0.903193 0.0172564 0.892868 0.00822239 0.925667
0 0.940979 0.532917 0.943567 0.507067 0.929314 0.502558 0.926727 0.528408
0 0.0883825 1.01611 0.129472 0.9939 0.122282 0.951863 0.0811926 0.974075
0 0.0586937 0.854186 0.0716358 0.833791 0.062464 0.815396 0.0495219 0.835791
0 0.0463804 0.854506 0.0475964 0.827717 0.0240821 0.824344 0.0228662 0.851133
0 0.0967754 0.6586 0.0965925 0.640416 0.0842469 0.640808 0.0844298 0.658993
0 0.931807 0.581582 0.937867 0.55765 0.924792 0.547186 0.918732 0.571118
0 0.534205 0.776497 0.540511 0.75526 0.531246 0.746565 0.52494 0.767802
0 0.232136 0.789225 0.242637 0.766655 0.233841 0.753722 0.223341 0.776292
0 0.745457 0.77443 0.759326 0.754763 0.752216 0.738913 0.738346 0.75858
0 0.323915 0.856007 0.327336 0.838045 0.317239 0.831969 0.313819 0.849931
0 0.400689 0.839295 0.418501 0.808587 0.409777 0.792596 0.391966 0.823304
0 0.624045 0.735238 0.635609 0.712923 0.621189 0.689305 0.609625 0.711621
0 0.623901 0.712605 0.63272 0.693223 0.615688 0.668732 0.606869 0.688114
0 0.80423 0.496624 0.805876 0.473884 0.79233 0.470786 0.790685 0.493526
0 0.812525 0.695281 0.815175 0.672788 0.802588 0.668101 0.799938 0.690594
0 0.748389 0.770845 0.764373 0.751159 0.758072 0.734989 0.742088 0.754675
0 0.462672 0.655828 0.468713 0.634634 0.454257 0.62161 0.448215 0.642804
0 0.982804 0.455723 0.991896 0.434649 0.983146 0.422719 0.974055 0.443793
0 0.797475 0.464571 0.799607 0.439682 0.787302 0.436352 0.78517 0.46124
0 0.135026 0.861903 0.150917 0.843646 0.144677 0.826479 0.128785 0.844736
0 0.892152 0.481003 0.897383 0.462056 0.883635 0.450061 0.878404 0.469008
0 0.196772 0.79549 0.198451 0.773425 0.181923 0.769449 0.180243 0.791514
0 0.137583 0.681804 0.142884 0.660319 0.126371 0.647443 0.12107 0.668928
0 0.907877 0.453554 0.913359 0.433113 0.905751 0.426663 0.900268 0.447104
0 0.00434342 0.76323 0.018312 0.743594 0.0109858 0.727122 -0.00298282 0.746759
0 0.144692 0.898192 0.147269 0.879704 0.132176 0.873055 0.129599 0.891543
0 0.290678 0.94457 0.29648 0.91991 0.282899 0.90981 0.277097 0.93447
0 0.219961 0.329313 0.222035 0.289905 0.193486 0.285157 0.191412 0.324565
0 0.74903 0.752065 0.752502 0.731565 0.737454 0.72351 0.733982 0.74401
0 0.777784 0.537209 0.791741 0.50888 0.781875 0.493517 0.767917 0.521845
0 0.47183 0.762897 0.478908 0.742961 0.469635 0.732555 0.462557 0.752492
0 0.307369 0.884706 0.315102 0.848515 0.297763 0.836806 0.290031 0.872998
0 0.986672 0.532154 0.990955 0.50655 0.969372 0.495139 0.965089 0.520743
0 0.694548 0.495526 0.699096 0.469477 0.688513 0.463638 0.683966 0.489686
0 0.887012 0.504805 0.891887 0.482902 0.88067 0.475011 0.875795 0.496914
0 0.0640998 0.0876481 0.0885076 0.0142638 0.0642565 -0.0112287 0.0398487 0.0621557
0 0.811586 0.490523 0.819023 0.475978 0.808036 0.458223 0.800599 0.472768
0 0.136893 0.980153 0.139073 0.950478 0.120575 0.946184 0.118395 0.975859
0 0.0117848 0.970683 0.0212902 0.936149 0.0048574 0.921854 -0.00464791 0.956388
0 0.607044 0.767091 0.61052 0.74734 0.599903 0.741436 0.596428 0.761188
0 0.75502 0.703742 0.761455 0.680238 0.746676 0.667449 0.74024 0.690954
0 0.0227681 0.704483 0.0236553 0.686862 0.01125 0.684888 0.0103629 0.702509
0 0.0376449 0.985747 0.0427113 0.941477 0.028383 0.936295 0.0233167 0.980564
0 0.988503 0.62413 0.994675 0.604421 0.976856 0.586784 0.970683 0.606492
0 0.599086 0.74897 0.604218 0.722365 0.589988 0.71369 0.584856 0.740295
0 0.134792 0.95905 0.137195 0.917296 0.112608 0.912824 0.110205 0.954578
0 0.582125 0.683464 0.584699 0.661487 0.574548 0.657728 0.571973 0.679705
0 0.418258 0.760618 0.418314 0.735054 0.402174 0.734942 0.402118 0.760506
0 0.585537 0.747555 0.589036 0.726241 0.57589 0.719421 0.572391 0.740735
0 0.249605 0.217555 0.258129 0.187699 0.222138 0.155226 0.213614 0.185083
0 0.383332 0.8498 0.384568 0.826671 0.373221 0.824755 0.371985 0.847884
0 0.160272 0.84064 0.167987 0.814269 0.158431 0.805434 0.150716 0.831804
0 0.0722625 0.8883 0.0746008 0.862973 0.0584161 0.85825 0.0560778 0.883577
0 0.962048 0.485393 0.964797 0.464645 0.950986 0.458862 0.948237 0.479609
0 0.0666123 0.919842 0.0883339 0.89495 0.0815263 0.876175 0.0598047 0.901066
0 0.366897 0.762116 0.373919 0.740757 0.364539 0.73101 0.357516 0.752369
0 0.611992 0.628941 0.618429 0.612923 0.610844 0.603288 0.604407 0.619307
0 0.995655 0.64085 1.00399 0.61953 0.9884 0.600275 0.980067 0.621594
0 0.114414 0.697024 0.11644 0.678341 0.104336 0.674193 0.102311 0.692876
0 0.844377 0.463018 0.848364 0.440874 0.839367 0.435755 0.835381 0.457899
0 0.886899 0.772753 0.888681 0.751588 0.875681 0.748129 0.873899 0.769294
0 0.351489 0.795343 0.357692 0.769054 0.344157 0.758959 0.337953 0.785248
0 0.383218 0.586696 0.403421 0.460041 0.37099 0.443691 0.350787 0.570346
0 0.934586 0.59572 0.939894 0.575118 0.930526 0.567488 0.925217 0.58809
0 0.223534 0.282503 0.254145 0.244108 0.222729 0.164947 0.192118 0.203341
0 0.579203 0.812537 0.581232 0.784605 0.56624 0.781163 0.564211 0.809095
0 0.838201 0.672232 0.84043 0.652692 0.829378 0.648707 0.827148 0.668247
0 0.366534 0.968585 0.378594 0.934513 0.3674 0.92199 0.35534 0.956061
0 0.860222 0.224377 0.852267 0.164973 0.805603 0.184724 0.813558 0.244129
0 0.902249 0.586097 0.902059 0.564392 0.88379 0.564897 0.88398 0.586602
0 0.613086 0.737433 0.615155 0.715038 0.603127 0.711526 0.601058 0.733921
0 0.886839 0.719049 0.894636 0.701688 0.886359 0.689939 0.878562 0.707299
0 0.164513 0.292735 0.176103 0.236422 0.119677 0.199716 0.108087 0.25603
0 0.865764 0.711175 0.880539 0.700602 0.871339 0.659975 0.856564 0.670548
0 0.30639 0.863695 0.308496 0.83568 0.2932 0.832046 0.291095 0.860061
0 0.0373338 0.940134 0.0429573 0.915085 0.0301848 0.906023 0.0245613 0.931072
0 0.00577673 0.926428 0.0185175 0.900224 0.00931606 0.886084 -0.0034247 0.912288
0 0.750014 0.795924 0.755481 0.775373 0.742836 0.764744 0.73737 0.785295
0 0.0445604 0.749245 0.0530319 0.730581 0.0458049 0.720214 0.0373334 0.738878
0 0.542895 0.755483 0.555128 0.724268 0.546118 0.713107 0.533884 0.744321
0 0.774305 0.694251 0.776594 0.669493 0.760368 0.664751 0.758079 0.689509
0 0.565324 0.712899 0.574867 0.693959 0.566481 0.680605 0.556938 0.699545
0 1.00961 0.181471 1.00734 0.116437 0.974253 0.120076 0.976516 0.18511
0 0.336394 0.84947 0.341392 0.830713 0.332098 0.822885 0.3271 0.841643
0 0.0243888 0.898597 0.0307431 0.87479 0.0203374 0.866012 0.0139832 0.88982
0 0.68012 0.562177 0.683917 0.537738 0.672226 0.531998 0.66843 0.556437
0 0.238602 0.8729 0.238964 0.854171 0.224872 0.853309 0.22451 0.872039
0 0.999204 0.669956 1.00805 0.645987 0.984074 0.618009 0.975225 0.641978
0 0.883867 0.452141 0.888728 0.434292 0.880124 0.426886 0.875263 0.444735
0 0.579649 0.768932 0.579359 0.731968 0.562991 0.732374 0.563281 0.769337
0 0.0353451 0.83665 0.0415172 0.816388 0.0305299 0.80581 0.0243577 0.826072
0 0.366152 0.816991 0.368149 0.792949 0.353896 0.789208 0.351899 0.81325
0 0.0495417 1.00611 0.0617825 0.97937 0.0510075 0.963779 0.0387667 0.990515
0 0.920907 0.563819 0.922902 0.546135 0.91387 0.542915 0.911875 0.560599
0 0.0196569 1.00581 0.0305392 0.979616 0.0188469 0.964261 0.00796456 0.990452
0 0.0129072 0.876864 0.01336 0.850206 -0.00203017 0.84938 -0.00248299 0.876038
0 0.0869886 0.861841 0.0943 0.831488 0.0779406 0.819034 0.0706293 0.849386
0 0.00641871 0.902371 0.0180432 0.878729 0.00881561 0.86439 -0.00280888 0.888032
0 0.445494 0.816972 0.445714 0.773945 0.429527 0.773682 0.429306 0.816709
0 0.795594 0.63229 0.801271 0.610349 0.789348 0.6006 0.783672 0.622541
0 0.99447 0.464629 1.00296 0.434086 0.991973 0.42444 0.983487 0.454983
0 0.200847 0.711919 0.206483 0.687603 0.194177 0.678587 0.18854 0.702902
0 0.0996608 0.331586 0.116857 0.320167 0.105879 0.267916 0.0886825 0.279335
0 0.899288 0.461993 0.902998 0.445374 0.89254 0.437996 0.888831 0.454616
0 0.641235 0.529223 0.645646 0.496805 0.63076 0.490405 0.626349 0.522822
0 0.724137 0.784657 0.727985 0.756381 0.713376 0.750098 0.709528 0.778374
0 0.101745 0.719909 0.105262 0.697649 0.0912955 0.690673 0.0877777 0.712933
0 0.734545 0.645265 0.736429 0.625423 0.724046 0.621706 0.722161 0.641548
0 0.823192 0.69927 0.826021 0.674955 0.812843 0.670109 0.810014 0.694424
0 0.932962 0.553869 0.934566 0.53184 0.922234 0.529002 0.92063 0.551031
0 0.335535 0.790761 0.344171 0.766122 0.333633 0.754448 0.324997 0.779087
0 0.309763 0.80568 0.312102 0.786053 0.301536 0.782073 0.299196 0.8017
0 0.445114 0.624903 0.445718 0.606854 0.434827 0.605703 0.434224 0.623751
0 0.593713 0.708254 0.595992 0.690415 0.5856 0.68622 0.583321 0.704059
0 0.28727 0.762379 0.289393 0.736351 0.274246 0.732446 0.272123 0.758474
0 0.161105 0.915263 0.166287 0.894331 0.149938 0.88154 0.144756 0.902472
0 0.0593465 0.11961 0.0675382 -0.0217207 -0.0150321 -0.0368462 -0.0232237 0.104485
0 0.326257 0.742702 0.328652 0.723264 0.31182 0.716711 0.309426 0.736148
0 0.82066 0.633385 0.826775 0.608989 0.815775 0.600275 0.80966 0.624671
0 0.783371 0.789997 0.784082 0.765482 0.759695 0.763247 0.758984 0.787762
0 0.649252 0.727256 0.658729 0.697864 0.648406 0.687344 0.638929 0.716736
0 0.6086 0.691546 0.610144 0.668862 0.60045 0.666776 0.598905 0.68946
0 0.462223 0.721941 0.464072 0.705896 0.454593 0.702442 0.452744 0.718486
0 0.582665 0.657185 0.590698 0.642852 0.584379 0.631658 0.576346 0.645992
0 0.943179 0.719432 0.982096 0.682591 0.968061 0.635732 0.929143 0.672573
0 0.885306 0.740205 0.888766 0.720273 0.873907 0.712121 0.870447 0.732053
0 0.467301 0.708967 0.47034 0.692573 0.460965 0.68708 0.457925 0.703473
0 1.00139 0.390885 1.00395 0.366535 0.990929 0.362202 0.988365 0.386552
0 0.791464 0.670265 0.800536 0.642992 0.780992 0.622443 0.771919 0.649716
