0 0.493189 0.955957 0.500933 0.85417 0.437011 0.838798 0.429266 0.940585
0 0.987293 1.07393 1.02162 0.867096 0.80878 0.755458 0.774453 0.962296
0 0.565098 0.848432 0.568977 0.81321 0.548225 0.805987 0.544345 0.841208
0 0.590202 0.962301 0.574955 0.866709 0.527468 0.890648 0.542716 0.98624
0 0.434857 0.907881 0.439403 0.873027 0.416993 0.863788 0.412446 0.898642
0 0.514141 0.891327 0.515112 0.855598 0.495623 0.853922 0.494651 0.889652
0 0.531373 0.575902 0.529691 0.5243 0.502123 0.52714 0.503804 0.578742
0 0.949821 0.77451 0.943497 0.714479 0.916204 0.723566 0.922528 0.783597
0 0.189176 0.752808 0.190517 0.721654 0.169507 0.718794 0.168165 0.749948
0 0.380577 0.996316 0.389465 0.968976 0.376707 0.955868 0.367819 0.983208
0 0.525154 0.893493 0.532235 0.868889 0.515988 0.85411 0.508906 0.878713
0 0.105359 0.93693 0.117979 0.897573 0.0992592 0.878601 0.0866389 0.917958
0 0.406123 0.91796 0.425282 0.867759 0.404306 0.842457 0.385146 0.892658
0 0.434978 0.943348 0.448295 0.903186 0.430619 0.884663 0.417302 0.924825
0 0.190043 0.97396 0.217049 0.84292 0.161598 0.806803 0.134592 0.937842
0 0.030225 0.910794 0.0305108 0.882654 0.00702114 0.8819 0.00673534 0.91004
0 0.243495 0.980176 0.257112 0.94806 0.246034 0.933214 0.232417 0.96533
0 0.442999 0.867878 0.438609 0.800788 0.411525 0.806388 0.415915 0.873478
0 0.49646 0.87246 0.502008 0.829248 0.469419 0.816023 0.46387 0.859235
0 0.0782046 0.851609 0.0773318 0.803511 0.0512686 0.805006 0.0521414 0.853104
0 0.963074 0.720662 0.966109 0.682679 0.945128 0.677381 0.942094 0.715365
0 0.0869211 0.72443 0.0966797 0.680655 0.0637476 0.657452 0.053989 0.701228
0 0.171177 0.78793 0.171501 0.762746 0.15636 0.76213 0.156036 0.787315
0 0.597881 0.813002 0.599535 0.781904 0.584306 0.779344 0.582652 0.810441
0 0.185689 0.727361 0.187869 0.703325 0.168943 0.6979 0.166763 0.721935
0 0.515014 0.68241 0.515052 0.654124 0.493598 0.654032 0.49356 0.682318
0 0.117443 0.937431 0.128211 0.912034 0.117629 0.897855 0.106862 0.923252
0 0.782157 1.04456 0.83662 0.96431 0.757809 0.795266 0.703346 0.875515
0 0.22871 0.994154 0.234494 0.964167 0.217918 0.954063 0.212134 0.98405
0 0.498157 0.83056 0.506566 0.797655 0.493718 0.787279 0.485309 0.820184
0 0.953596 0.682612 0.953293 0.657158 0.92542 0.658207 0.925723 0.68366
0 0.650757 0.569435 0.654801 0.527982 0.630246 0.52041 0.626201 0.561863
0 0.964067 0.592062 0.967348 0.543016 0.918834 0.532758 0.915552 0.581804
0 0.158263 1.01715 0.203424 0.997944 0.196758 0.948409 0.151597 0.967615
0 0.58388 0.837909 0.583929 0.815265 0.569426 0.815167 0.569377 0.837811
0 0.260015 0.942802 0.265412 0.923178 0.255124 0.914237 0.249728 0.933862
0 0.48951 0.979041 0.503304 0.931099 0.481225 0.911021 0.467431 0.958963
0 0.164786 0.638673 0.167948 0.614772 0.153036 0.608537 0.149873 0.632438
0 0.233492 0.945358 0.245395 0.91822 0.231098 0.898402 0.219195 0.92554
0 0.583538 0.874326 0.58449 0.834868 0.564331 0.833331 0.563379 0.872789
0 0.305906 0.973703 0.318392 0.953665 0.310694 0.938505 0.298208 0.958543
0 0.319486 0.938178 0.323969 0.914465 0.309429 0.905778 0.304946 0.929491
0 0.176045 0.765986 0.176368 0.745947 0.161803 0.745205 0.16148 0.765244
0 0.255384 1.00293 0.257217 0.972252 0.23964 0.968932 0.237806 0.999605
0 0.536675 0.9838 0.546395 0.944056 0.531247 0.932348 0.521528 0.972092
0 0.254508 0.927269 0.263089 0.904897 0.255123 0.895241 0.246543 0.917613
0 0.0590446 0.874306 0.0591378 0.838364 0.0355827 0.838171 0.0354895 0.874113
0 0.400066 1.0272 0.478758 0.998248 0.470018 0.923167 0.391326 0.952118
0 0.584127 0.818801 0.586069 0.796597 0.572574 0.792867 0.570632 0.815071
0 0.175468 0.609065 0.173955 0.553237 0.135332 0.556545 0.136845 0.612374
0 0.411175 0.860731 0.409728 0.816064 0.383864 0.818712 0.385311 0.863379
0 0.133719 0.832161 0.149497 0.7976 0.135237 0.777025 0.119459 0.811586
0 0.309493 0.993818 0.316817 0.971986 0.306856 0.961423 0.299531 0.983255
0 0.873508 0.767606 0.879274 0.731345 0.857043 0.720171 0.851276 0.756433
0 0.564467 0.88197 0.567927 0.857691 0.552613 0.850794 0.549153 0.875074
0 0.420601 0.779886 0.434759 0.741752 0.41647 0.720292 0.402312 0.758426
0 0.520144 0.770165 0.525943 0.751086 0.510158 0.735921 0.504358 0.755
0 0.0342606 0.862302 0.0356693 0.812709 0.0121336 0.810597 0.0107249 0.860189
0 0.107582 0.863613 0.101322 0.816306 0.0729278 0.828181 0.0791876 0.875487
0 0.901521 0.787192 0.907804 0.76497 0.887398 0.746734 0.881114 0.768956
0 0.669342 0.604511 0.664546 0.567925 0.639616 0.578255 0.644413 0.614841
0 0.586267 1.00649 0.58723 0.970729 0.563458 0.968705 0.562495 1.00446
0 0.516495 0.85053 0.521905 0.811067 0.504576 0.803558 0.499166 0.843021
0 0.397596 0.832085 0.421758 0.81115 0.415069 0.786752 0.390907 0.807687
0 0.263164 0.962274 0.266246 0.937492 0.253568 0.932508 0.250485 0.95729
0 0.486713 0.6653 0.498363 0.64151 0.489473 0.627753 0.477824 0.651543
0 0.400618 0.415176 0.403422 0.368531 0.37931 0.363949 0.376506 0.410595
0 0.784837 0.389016 0.786234 0.329104 0.752649 0.326628 0.751252 0.38654
0 0.507138 0.743283 0.50866 0.720406 0.497256 0.718009 0.495735 0.740886
0 0.0281029 0.888644 0.0242963 0.849635 -0.0016103 0.857625 0.00219625 0.896634
0 0.5651 1.00486 0.566037 0.970752 0.54499 0.968923 0.544053 1.00303
0 0.277258 0.965407 0.281871 0.941115 0.269172 0.933492 0.264558 0.957784
0 0.203663 0.74942 0.206527 0.719949 0.191118 0.715217 0.188255 0.744688
0 0.357953 0.904885 0.37024 0.88112 0.360834 0.865748 0.348546 0.889512
0 0.302787 0.957623 0.306269 0.930885 0.29067 0.924465 0.287188 0.951203
0 0.534578 0.829128 0.536297 0.804735 0.522659 0.801696 0.520939 0.826089
0 0.297532 0.989006 0.305287 0.964045 0.295281 0.95422 0.287526 0.979181
0 0.972772 0.553645 0.975288 0.528014 0.948072 0.519571 0.945556 0.545202
0 0.14952 0.768047 0.150951 0.748936 0.138281 0.745938 0.13685 0.765049
0 0.588681 0.705084 0.591819 0.682102 0.575788 0.675185 0.57265 0.698166
0 0.289288 0.795486 0.292604 0.77199 0.280793 0.766723 0.277477 0.790218
0 0.59684 0.636445 0.598511 0.603292 0.582588 0.600755 0.580917 0.633908
0 0.156154 0.800088 0.159763 0.774049 0.140551 0.765633 0.136942 0.791672
0 0.522893 0.910337 0.524754 0.887163 0.51086 0.883636 0.508999 0.90681
0 0.536695 0.810681 0.540425 0.79538 0.528206 0.785967 0.524476 0.801268
0 0.163559 0.733727 0.167429 0.709336 0.153858 0.702531 0.149988 0.726922
0 0.669965 0.770391 0.6792 0.742225 0.652932 0.715006 0.643697 0.743172
0 0.502315 0.795557 0.514017 0.762458 0.503271 0.75045 0.491569 0.783549
0 0.20592 0.721648 0.217899 0.680304 0.20151 0.665295 0.18953 0.706639
0 0.0861684 0.829793 0.0875384 0.806575 0.0727044 0.803809 0.0713344 0.827027
0 0.543523 0.788436 0.546798 0.76884 0.531695 0.760863 0.528421 0.780459
0 0.462384 0.531048 0.463194 0.497735 0.446075 0.496418 0.445264 0.529732
0 0.630456 0.587846 0.638552 0.56133 0.618643 0.542117 0.610546 0.568633
0 0.233318 0.958884 0.242071 0.934765 0.230883 0.921931 0.222129 0.94605
0 0.886884 0.76453 0.896527 0.741168 0.877376 0.716184 0.867733 0.739546
0 0.381321 0.896746 0.397781 0.865564 0.383709 0.842088 0.367249 0.87327
0 0.588986 1.0135 0.625295 0.984681 0.597647 0.874592 0.561338 0.903411
0 0.277796 0.986096 0.280937 0.958913 0.259826 0.951204 0.256686 0.978387
0 0.728441 0.621692 0.725379 0.583282 0.703455 0.588806 0.706517 0.627216
0 0.368066 0.716555 0.377431 0.671006 0.357326 0.657942 0.347961 0.703491
0 0.527269 0.790523 0.530136 0.772883 0.518173 0.766738 0.515306 0.784378
0 0.161204 0.813039 0.162504 0.794562 0.149217 0.791609 0.147917 0.810086
0 0.184947 0.707693 0.190424 0.688479 0.173026 0.672805 0.16755 0.692019
0 0.217547 0.935795 0.227926 0.907837 0.218616 0.896914 0.208237 0.924872
0 0.393995 1.00224 0.393315 0.983363 0.375202 0.985427 0.375883 1.0043
0 0.574174 0.685799 0.576995 0.601337 0.53599 0.597008 0.533169 0.68147
0 0.395741 0.94098 0.399302 0.885674 0.369569 0.879624 0.366008 0.93493
0 0.296086 0.896785 0.300485 0.877831 0.292099 0.871678 0.287699 0.890633
0 0.328596 0.420121 0.329862 0.384249 0.298003 0.380697 0.296738 0.41657
0 0.973222 0.52854 0.967848 0.475462 0.916616 0.491855 0.92199 0.544933
0 0.166638 0.711699 0.169743 0.691038 0.15418 0.683647 0.151075 0.704308
0 0.0642638 0.899208 0.0829031 0.870056 0.0701076 0.844199 0.0514683 0.873351
0 0.187781 0.771617 0.18872 0.751718 0.176762 0.749933 0.175822 0.769832
0 0.443972 0.74028 0.448379 0.707818 0.431586 0.700611 0.427178 0.733074
0 0.0537398 0.906861 0.0568808 0.881506 0.0429529 0.876053 0.0398118 0.901408
0 0.284944 1.00129 0.290805 0.977914 0.280513 0.969758 0.274652 0.993135
0 0.0186334 0.850497 0.0165054 0.791458 -0.00506657 0.793916 -0.00293859 0.852955
0 0.600611 0.834894 0.601581 0.812177 0.585612 0.810023 0.584643 0.832741
0 0.975037 0.661565 0.983971 0.633251 0.960794 0.610138 0.95186 0.638452
0 0.584265 0.793507 0.584827 0.774296 0.572901 0.773193 0.572339 0.792403
0 0.425721 0.110876 0.425415 0.0679117 0.400859 0.0684655 0.401166 0.11143
0 0.506126 0.990024 0.512767 0.959339 0.500257 0.950783 0.493616 0.981468
0 0.27239 0.945884 0.277206 0.929369 0.268528 0.921372 0.263712 0.937886
0 0.410581 0.932358 0.423426 0.902057 0.410414 0.884624 0.397569 0.914925
0 0.0694059 0.913026 0.0826557 0.892165 0.0743858 0.875565 0.061136 0.896425
0 0.338218 0.908535 0.34214 0.885053 0.331013 0.87918 0.327092 0.902662
0 0.337937 0.920701 0.34376 0.89428 0.331745 0.885911 0.325922 0.912332
0 0.548646 0.883039 0.554056 0.86145 0.543814 0.853337 0.538403 0.874925
0 0.0423825 0.904599 0.0458169 0.870442 0.0276603 0.864672 0.0242258 0.898829
0 0.415676 0.951815 0.426889 0.923011 0.416755 0.910542 0.405542 0.939346
0 0.291655 0.976295 0.297489 0.952779 0.286792 0.944392 0.280958 0.967908
0 1.00374 0.71148 1.00544 0.649574 0.98446 0.647749 0.982756 0.709655
0 0.955016 0.542368 0.954583 0.502765 0.920232 0.50395 0.920664 0.543553
0 0.450304 0.706617 0.451683 0.687191 0.441112 0.684819 0.439733 0.704244
0 0.522382 0.704899 0.526174 0.68686 0.514527 0.679121 0.510734 0.697159
0 0.516047 0.721872 0.517774 0.697749 0.504651 0.694779 0.502924 0.718903
0 0.271043 0.905294 0.275891 0.883956 0.267274 0.877769 0.262426 0.899106
0 0.521653 0.129781 0.520904 0.0869194 0.483161 0.0890045 0.48391 0.131866
0 0.211565 0.998786 0.217833 0.975526 0.204963 0.964565 0.198695 0.987825
0 0.63992 0.807142 0.642908 0.787783 0.624003 0.778559 0.621015 0.797918
0 0.351612 0.922309 0.353659 0.901668 0.34336 0.89844 0.341313 0.919081
0 0.105637 0.81466 0.116986 0.789911 0.108961 0.778281 0.0976122 0.80303
0 0.207066 0.951415 0.212361 0.930084 0.202614 0.922437 0.197319 0.943768
0 0.0506397 0.929003 0.0717147 0.911862 0.0660772 0.889955 0.0450022 0.907095
0 0.536015 0.928144 0.541224 0.884751 0.525103 0.878634 0.519894 0.922028
0 0.367318 0.977731 0.37139 0.96176 0.361637 0.953902 0.357565 0.969873
0 0.467101 0.794439 0.467138 0.757519 0.443967 0.757445 0.44393 0.794365
0 0.341264 1.01357 0.362216 0.990416 0.353507 0.965511 0.332554 0.98867
0 0.540482 1.0048 0.541329 0.980496 0.52586 0.978792 0.525013 1.00309
0 0.529326 0.654812 0.529833 0.629783 0.515435 0.628861 0.514928 0.65389
0 0.188804 0.972629 0.203459 0.959642 0.198139 0.940671 0.183484 0.953658
0 0.246236 0.908581 0.24933 0.88899 0.239021 0.883844 0.235927 0.903435
0 1.01637 0.884547 1.02155 0.754083 0.961953 0.746607 0.956775 0.877071
0 0.0989132 0.331497 0.115297 0.310092 0.0988785 0.270371 0.0824943 0.291775
0 0.188528 0.622594 0.190539 0.601819 0.178324 0.598082 0.176313 0.618856
0 0.393835 0.958974 0.404804 0.930457 0.392204 0.91514 0.381235 0.943657
0 0.344697 0.935421 0.346605 0.917464 0.334485 0.913394 0.332577 0.931351
0 0.332267 0.960823 0.337478 0.941796 0.329129 0.934568 0.323917 0.953595
0 0.209667 0.97634 0.219465 0.953917 0.21021 0.941136 0.200412 0.963559
0 0.00825356 0.921889 0.00955721 0.896385 -0.000675955 0.894732 -0.0019796 0.920236
0 0.343404 0.857662 0.346594 0.837107 0.338382 0.833079 0.335192 0.853634
0 0.222755 0.950055 0.232814 0.922742 0.222818 0.911107 0.212759 0.93842
0 0.490982 0.792381 0.493731 0.771203 0.481576 0.766216 0.478827 0.787393
0 0.514235 0.818324 0.518117 0.789685 0.504591 0.783891 0.500709 0.81253
0 0.602204 0.870653 0.607286 0.839843 0.587012 0.829273 0.58193 0.860083
0 0.397646 0.729884 0.404617 0.704015 0.385089 0.687385 0.378118 0.713254
0 0.487385 0.808206 0.488793 0.787635 0.476027 0.784875 0.47462 0.805447
0 0.942161 0.656802 0.940617 0.620816 0.902639 0.625964 0.904182 0.66195
0 0.626985 0.38158 0.638542 0.309012 0.604896 0.292078 0.59334 0.364645
0 0.914998 0.773543 0.924759 0.742257 0.90295 0.720751 0.893189 0.752038
0 0.61441 0.819622 0.616591 0.799117 0.604316 0.794989 0.602134 0.815494
0 0.20958 0.933827 0.217548 0.907281 0.207719 0.897956 0.199751 0.924502
0 0.199819 0.122695 0.218159 0.112557 0.196833 -0.00937717 0.178492 0.000761237
0 0.230382 0.770806 0.231542 0.748326 0.213588 0.745398 0.212428 0.767877
0 0.163804 0.993518 0.165997 0.932264 0.130447 0.928241 0.128253 0.989495
0 0.258084 0.714086 0.259844 0.687631 0.244458 0.684397 0.242698 0.710852
0 0.536088 0.874615 0.540349 0.856185 0.527823 0.847033 0.523563 0.865463
0 0.0043434 0.986252 0.0200028 0.968373 0.0145873 0.953382 -0.00107209 0.971262
0 0.534775 0.620759 0.549425 0.604301 0.535168 0.564191 0.520518 0.58065
0 0.912427 0.745833 0.919001 0.727134 0.901773 0.707992 0.895199 0.726691
0 0.440332 0.811857 0.448047 0.776857 0.429957 0.764255 0.422242 0.799255
0 0.208956 0.679125 0.210877 0.655389 0.198056 0.65211 0.196136 0.675847
0 0.393732 0.98954 0.397979 0.968588 0.388528 0.962533 0.38428 0.983484
0 0.130327 0.407203 0.141701 0.365536 0.114425 0.342003 0.10305 0.38367
0 0.28044 0.923519 0.284356 0.904339 0.27379 0.897522 0.269874 0.916702
0 0.144273 0.836967 0.154762 0.818977 0.147568 0.805721 0.137079 0.82371
0 0.526137 0.807658 0.528057 0.789079 0.516967 0.785456 0.515046 0.804034
0 0.123327 0.715173 0.118482 0.682244 0.0934865 0.693866 0.0983311 0.726796
0 0.438358 0.394805 0.444448 0.36909 0.432339 0.360026 0.426249 0.385741
0 0.080296 0.926723 0.0951481 0.902996 0.0867962 0.886473 0.0719441 0.910201
0 0.959832 0.76746 0.974198 0.744824 0.964987 0.726347 0.950621 0.748984
0 0.272464 0.922866 0.277073 0.906513 0.268365 0.898755 0.263756 0.915107
0 0.630582 0.864081 0.634014 0.838217 0.617761 0.831399 0.614328 0.857263
0 0.34741 0.937676 0.348753 0.917966 0.337451 0.915533 0.336108 0.935242
0 0.472059 0.404999 0.484652 0.350932 0.45713 0.330672 0.444537 0.384739
0 0.249431 0.423418 0.256405 0.364696 0.21711 0.349948 0.210137 0.40867
0 0.176561 0.636347 0.179002 0.61769 0.16842 0.613314 0.165979 0.631971
0 0.259419 0.903128 0.26309 0.8863 0.255185 0.880849 0.251514 0.897677
0 0.896882 0.707128 0.902926 0.688504 0.889419 0.67465 0.883375 0.693275
0 0.534028 0.693136 0.535866 0.668973 0.524577 0.666258 0.522738 0.690421
0 0.0517411 0.952933 0.0755986 0.932458 0.0692668 0.909141 0.0454094 0.929615
0 0.978828 0.549844 0.998673 0.528744 0.990591 0.50472 0.970746 0.525821
0 0.730049 0.998255 0.730817 0.910841 0.694296 0.909826 0.693527 0.99724
0 0.219685 0.67839 0.221504 0.65916 0.211548 0.656183 0.209728 0.675413
0 0.126268 0.907153 0.13072 0.880932 0.115743 0.872896 0.111291 0.899117
0 0.640133 0.845811 0.645198 0.825168 0.633271 0.815918 0.628206 0.836562
0 0.286897 0.977108 0.292537 0.954874 0.281288 0.945855 0.275647 0.968089
