0 0.494829 0.957814 0.511325 0.904426 0.486842 0.880516 0.470346 0.933905
0 0.227055 0.651716 0.228979 0.631159 0.214501 0.626875 0.212577 0.647432
0 0.481661 0.836034 0.491327 0.817271 0.47848 0.796353 0.468814 0.815116
0 0.149914 0.75375 0.152781 0.73131 0.136076 0.724564 0.133209 0.747004
0 0.0637405 0.793189 0.0611542 0.768504 0.0410242 0.77517 0.0436105 0.799855
0 0.184886 0.733657 0.19049 0.70632 0.176271 0.697107 0.170667 0.724444
0 0.498636 0.89284 0.499411 0.868992 0.48193 0.867198 0.481156 0.891046
0 0.0634714 0.521706 0.0638777 0.502124 0.0508283 0.501268 0.0504219 0.52085
0 0.232393 0.67683 0.239721 0.662625 0.227964 0.643456 0.220635 0.657662
0 0.25069 0.725228 0.252305 0.703469 0.238221 0.700165 0.236606 0.721924
0 0.525293 0.869018 0.529821 0.842628 0.512147 0.833045 0.50762 0.859436
0 0.551947 0.915632 0.553126 0.878851 0.531578 0.876668 0.530399 0.913449
0 0.218584 0.896167 0.230267 0.863439 0.220177 0.852054 0.208493 0.884782
0 0.1737 0.745664 0.176073 0.727913 0.165341 0.723378 0.162968 0.74113
0 0.136671 0.985921 0.167955 0.948699 0.154479 0.912901 0.123194 0.950122
0 0.506194 0.861447 0.507822 0.836369 0.492679 0.833262 0.491051 0.85834
0 0.527088 0.756793 0.542045 0.738112 0.526647 0.69915 0.51169 0.717832
0 0.137191 0.955754 0.175442 0.912973 0.159989 0.869307 0.121739 0.912088
0 0.313548 0.906094 0.319284 0.887119 0.304125 0.872637 0.298389 0.891611
0 0.524552 0.890491 0.526941 0.864155 0.511994 0.85987 0.509605 0.886206
0 0.369689 1.01245 0.392872 0.988829 0.383104 0.958537 0.359922 0.982162
0 0.209336 0.619435 0.212325 0.597976 0.197443 0.591425 0.194454 0.612884
0 0.0370481 1.0022 0.0329929 0.952022 -0.0010826 0.960726 0.00297262 1.0109
0 0.0745172 0.576088 0.0965384 0.54811 0.0848227 0.518966 0.0628014 0.546943
0 0.228634 0.711517 0.230557 0.677809 0.209175 0.673955 0.207253 0.707663
0 0.203516 0.954337 0.209864 0.920015 0.193071 0.910198 0.186722 0.94452
0 0.450985 0.891506 0.461399 0.855644 0.437901 0.834079 0.427488 0.869941
0 0.190986 0.848504 0.198658 0.779264 0.164648 0.767354 0.156975 0.836593
0 0.168792 0.724238 0.176477 0.701124 0.166362 0.690496 0.158678 0.713609
0 0.184031 0.974743 0.191945 0.924877 0.173227 0.915488 0.165313 0.965354
0 0.099866 0.818604 0.109364 0.773159 0.0915837 0.761414 0.0820854 0.806858
0 0.128897 0.937257 0.133015 0.892256 0.111035 0.8859 0.106917 0.9309
0 0.270313 1.00529 0.277637 0.977586 0.263266 0.965578 0.255942 0.99328
0 0.219749 0.869074 0.231752 0.846325 0.222519 0.830927 0.210516 0.853675
0 0.121019 0.719168 0.125469 0.701786 0.116025 0.694145 0.111575 0.711527
0 0.214881 0.964086 0.235581 0.921203 0.222701 0.901553 0.202001 0.944437
0 0.214216 0.595658 0.21707 0.571101 0.205258 0.566763 0.202405 0.59132
0 0.344585 0.942327 0.364153 0.887806 0.340486 0.86096 0.320918 0.915481
0 0.452227 0.717992 0.453424 0.699728 0.439594 0.696862 0.438396 0.715126
0 0.205509 0.888322 0.216727 0.865734 0.205898 0.848736 0.19468 0.871324
0 0.104456 0.846277 0.116592 0.82136 0.10715 0.806825 0.0950134 0.831742
0 0.520812 0.838471 0.529691 0.814348 0.518796 0.801673 0.509916 0.825795
0 0.0906277 0.767524 0.0926964 0.743091 0.079718 0.739618 0.0776494 0.764051
0 0.26997 0.891244 0.278459 0.866115 0.268681 0.855674 0.260191 0.880802
0 0.147563 0.889126 0.15068 0.86308 0.135718 0.857422 0.132602 0.883468
0 0.392658 0.781897 0.401212 0.7463 0.388672 0.736776 0.380118 0.772374
0 0.172715 0.79293 0.170458 0.766839 0.149979 0.772438 0.152236 0.798529
0 0.202964 0.864051 0.214459 0.845658 0.20633 0.829601 0.194835 0.847994
0 0.184729 0.680108 0.196781 0.658213 0.187594 0.642231 0.175542 0.664125
0 0.1634 0.702123 0.163853 0.684006 0.152032 0.683073 0.15158 0.701191
0 0.269369 0.871344 0.27334 0.832394 0.250039 0.824885 0.246068 0.863836
0 0.474162 0.861189 0.490199 0.8388 0.480591 0.817049 0.464554 0.839437
0 0.481389 0.884555 0.494343 0.856382 0.483276 0.8403 0.470322 0.868473
0 0.299437 0.826482 0.300864 0.801844 0.286629 0.799238 0.285202 0.823877
0 0.260519 0.974411 0.268683 0.94949 0.257338 0.937745 0.249175 0.962667
0 0.984622 1.05798 1.01098 0.890468 0.811668 0.791349 0.78531 0.958858
0 0.167174 0.891298 0.178814 0.868092 0.169218 0.852879 0.157578 0.876084
0 0.236198 0.569902 0.238628 0.549292 0.225626 0.544446 0.223196 0.565055
0 0.103079 0.760915 0.119493 0.730686 0.109234 0.71308 0.0928196 0.743308
0 0.480809 0.923446 0.485911 0.886723 0.469459 0.879498 0.464356 0.916222
0 0.0525534 0.552348 0.0524101 0.529309 0.0344102 0.529662 0.0345536 0.552702
0 0.276551 0.708263 0.278995 0.685041 0.265258 0.680472 0.262814 0.703694
0 0.235524 0.897452 0.249847 0.857405 0.235391 0.841063 0.221067 0.88111
0 0.103911 0.864762 0.118434 0.841942 0.110944 0.826877 0.0964211 0.849697
0 0.640453 0.985896 0.636458 0.87325 0.570019 0.880696 0.574014 0.993342
0 0.404309 0.747807 0.418561 0.725435 0.410693 0.709594 0.396441 0.731966
0 0.609656 0.814439 0.622587 0.779865 0.609644 0.764565 0.596712 0.799138
0 0.129781 0.894446 0.132608 0.865185 0.114205 0.859566 0.111378 0.888827
0 0.125749 1.00754 0.127436 0.952878 0.0747897 0.947744 0.0731031 1.00241
0 0.49918 0.761481 0.501362 0.742037 0.490277 0.738105 0.488095 0.75755
0 0.297812 0.927933 0.298979 0.899337 0.28416 0.897425 0.282993 0.926021
0 0.241286 1.01463 0.257487 0.986639 0.244995 0.963787 0.228793 0.991778
0 0.285443 0.81292 0.290957 0.793234 0.281527 0.784885 0.276013 0.804571
0 0.0380098 0.667638 0.0333221 0.634227 0.00341688 0.647487 0.00810461 0.680899
0 0.138009 0.769643 0.140737 0.748421 0.127688 0.74312 0.12496 0.764341
0 0.11979 0.813081 0.156072 0.776038 0.148109 0.751389 0.111827 0.788433
0 0.042828 0.576684 0.0423244 0.550579 0.0199264 0.551945 0.02043 0.57805
0 0.532992 0.863274 0.543819 0.841976 0.529383 0.818783 0.518556 0.84008
0 0.0608354 0.956505 0.0664461 0.923722 0.0527064 0.916289 0.0470956 0.949073
0 0.509152 0.880062 0.510478 0.861019 0.498778 0.858444 0.497452 0.877487
0 0.0126399 0.643103 0.0355717 0.600299 0.017322 0.569398 -0.00560975 0.612202
0 0.320096 1.01074 0.325816 0.981984 0.304376 0.968504 0.298656 0.997256
0 0.103152 0.708027 0.114074 0.684294 0.104327 0.670117 0.093405 0.693851
0 0.363542 0.884209 0.366451 0.864663 0.354389 0.858991 0.351481 0.878537
0 0.402032 0.994654 0.406945 0.969784 0.392239 0.960602 0.387326 0.985471
0 0.0745623 0.980023 0.107209 0.938215 0.0950588 0.908227 0.0624117 0.950036
0 0.123244 0.635676 0.129581 0.613578 0.119471 0.604416 0.113135 0.626514
0 0.0825514 0.591298 0.0839259 0.572196 0.0723987 0.569575 0.0710241 0.588676
0 0.0129573 0.942228 0.0537938 0.915028 0.0482733 0.888833 0.0074367 0.916033
0 0.191053 0.626787 0.194634 0.608877 0.184539 0.602498 0.180958 0.620408
0 0.322645 0.934568 0.333566 0.90019 0.320418 0.886989 0.309497 0.921367
0 0.184591 1.0046 0.201474 0.968298 0.187317 0.947491 0.170434 0.983795
0 0.159129 0.885818 0.1639 0.862073 0.1501 0.853308 0.145328 0.877054
0 0.0696908 0.54828 0.0727105 0.520807 0.0606567 0.51662 0.0576371 0.544093
0 0.210414 0.679354 0.21428 0.65927 0.204915 0.653573 0.201049 0.673657
0 0.40037 0.720088 0.402107 0.702855 0.39056 0.699177 0.388824 0.716411
0 0.30921 0.930185 0.312563 0.90848 0.301486 0.903073 0.298134 0.924778
0 0.448095 0.744139 0.450536 0.718527 0.436061 0.714167 0.43362 0.739779
0 0.219723 0.610777 0.221385 0.592902 0.212579 0.590313 0.210916 0.608188
0 0.228354 1.00789 0.246389 0.948366 0.221443 0.924476 0.203408 0.983998
0 0.200389 0.718662 0.203579 0.699159 0.193038 0.693712 0.189848 0.713215
0 0.223516 0.78236 0.225477 0.744388 0.198594 0.739998 0.196632 0.77797
0 0.271759 0.813803 0.278337 0.79644 0.269591 0.785969 0.263013 0.803332
0 0.129805 0.99687 0.141481 0.971419 0.118791 0.938519 0.107114 0.963971
0 0.150126 0.631291 0.15054 0.612445 0.13886 0.611636 0.138447 0.630481
0 0.235655 0.855249 0.245288 0.832601 0.236495 0.820781 0.226862 0.843428
0 0.543218 0.881455 0.545684 0.853135 0.531618 0.849264 0.529153 0.877584
0 0.583687 0.736518 0.585454 0.703805 0.568271 0.700872 0.566504 0.733585
0 0.259985 0.631169 0.261291 0.610474 0.244402 0.607105 0.243096 0.627801
0 0.197622 0.69664 0.199413 0.680774 0.188463 0.676868 0.186672 0.692735
0 0.236641 0.633535 0.238599 0.61764 0.229099 0.613941 0.22714 0.629835
0 0.0900053 0.843578 0.0939381 0.821239 0.0798832 0.813419 0.0759503 0.835758
0 0.23683 0.72146 0.236882 0.703843 0.224041 0.703722 0.223989 0.721339
0 0.148477 1.01645 0.178095 0.975765 0.165162 0.94601 0.135545 0.986695
0 0.389087 0.747424 0.39193 0.725289 0.380822 0.720779 0.377979 0.742914
0 0.036042 0.801752 0.0432478 0.780339 0.0257858 0.761768 0.0185801 0.783181
0 0.271094 0.981217 0.279014 0.957116 0.268467 0.946162 0.260547 0.970263
0 0.39346 0.742624 0.397478 0.721578 0.385524 0.714365 0.381506 0.735411
0 0.428962 0.766474 0.431227 0.743542 0.418282 0.739502 0.416017 0.762434
0 0.247453 0.745898 0.243549 0.713395 0.218235 0.723004 0.222138 0.755507
0 0.271828 0.936497 0.271521 0.908828 0.25688 0.909341 0.257186 0.93701
0 0.0100096 0.800819 0.0158035 0.775509 0.00349899 0.766607 -0.00229491 0.791917
0 0.112004 0.89736 0.115254 0.877445 0.0991706 0.869149 0.0959206 0.889065
0 0.0210265 0.74795 0.0194409 0.724273 0.00174491 0.728018 0.00333061 0.751695
0 0.254277 0.952667 0.256272 0.931932 0.240351 0.927092 0.238356 0.947826
0 0.217743 0.588775 0.222715 0.565801 0.210832 0.557673 0.20586 0.580647
0 0.588275 0.889767 0.598752 0.860796 0.584869 0.844927 0.574392 0.873898
0 0.212224 0.847582 0.228337 0.829054 0.221633 0.810628 0.20552 0.829156
0 0.0846753 0.809664 0.0892714 0.781555 0.0749012 0.774129 0.070305 0.802238
0 0.0628945 0.582934 0.0614473 0.565508 0.0435877 0.570195 0.0450349 0.587622
0 0.60724 0.845259 0.616829 0.819298 0.597554 0.796795 0.587964 0.822757
0 0.262545 0.670351 0.270672 0.653015 0.262357 0.640697 0.254231 0.658033
0 0.213046 0.923922 0.221884 0.892947 0.210538 0.882714 0.201699 0.913689
0 0.165227 0.763894 0.167565 0.742806 0.155007 0.738405 0.152669 0.759492
0 0.179092 0.773049 0.180518 0.748775 0.165558 0.745997 0.164132 0.770272
0 0.40416 0.843846 0.4073 0.81789 0.392535 0.812245 0.389395 0.838201
0 0.161697 0.815484 0.164213 0.794154 0.151345 0.789358 0.14883 0.810688
0 0.0124257 0.730517 0.0135998 0.706053 -0.000803577 0.703868 -0.00197759 0.728333
0 0.0793752 0.955633 0.11143 0.91406 0.0944016 0.872563 0.0623468 0.914136
0 0.240878 0.935127 0.254943 0.899677 0.245793 0.888204 0.231728 0.923653
0 0.288148 0.9023 0.290196 0.88057 0.275984 0.876337 0.273936 0.898067
0 0.414332 0.673603 0.416036 0.655715 0.404337 0.652192 0.402633 0.67008
0 0.557879 0.884376 0.568147 0.861309 0.559837 0.849618 0.549569 0.872685
0 0.363574 0.850161 0.369604 0.833989 0.360513 0.823275 0.354483 0.839448
0 0.0423416 0.81604 0.0447765 0.796458 0.0280498 0.789885 0.025615 0.809467
0 0.239822 0.772739 0.244492 0.74653 0.230715 0.738772 0.226045 0.764981
0 0.361122 0.813645 0.366755 0.793544 0.357795 0.785608 0.352161 0.805709
0 0.244697 0.937778 0.25109 0.909593 0.239068 0.900975 0.232675 0.929159
0 0.0890436 0.783966 0.0900512 0.76233 0.0779635 0.760551 0.076956 0.782187
0 0.521814 0.934562 0.531919 0.907275 0.513498 0.885715 0.503393 0.913002
0 0.232503 0.610464 0.233785 0.59329 0.22389 0.590956 0.222608 0.608129
0 0.170908 0.649132 0.171866 0.630406 0.163141 0.628996 0.162183 0.647722
0 0.543857 0.9884 0.561236 0.966816 0.536187 0.903073 0.518808 0.924657
0 0.0879242 0.734279 0.0925773 0.709471 0.0802436 0.70216 0.0755905 0.726968
0 0.237376 0.589911 0.238511 0.572945 0.229409 0.571021 0.228274 0.587988
0 0.281118 0.795044 0.287311 0.776972 0.278117 0.767012 0.271923 0.785084
0 0.106332 0.674899 0.120923 0.654649 0.112882 0.636339 0.0982914 0.656589
0 0.35831 0.623103 0.359679 0.581576 0.342677 0.579804 0.341307 0.621331
0 0.0839692 0.745231 0.0862613 0.727417 0.0757215 0.723131 0.0734294 0.740946
0 0.456149 0.83951 0.459073 0.815808 0.447609 0.811338 0.444684 0.83504
0 0.472619 0.724916 0.475204 0.709028 0.465377 0.703973 0.462791 0.719862
0 0.280416 0.968673 0.288188 0.945372 0.27994 0.936677 0.272168 0.959979
0 0.499988 0.72449 0.501069 0.703361 0.489414 0.701475 0.488332 0.722604
0 0.0333465 0.700228 0.0337962 0.669131 0.0108233 0.668081 0.0103736 0.699178
0 0.24776 0.796427 0.25434 0.77339 0.245046 0.765001 0.238466 0.788037
0 0.199256 0.922034 0.20866 0.892863 0.196437 0.880409 0.187033 0.909581
0 0.109023 0.773439 0.117177 0.753783 0.108147 0.741944 0.0999929 0.761601
0 0.176153 0.908498 0.183517 0.880847 0.17168 0.870884 0.164316 0.898535
0 0.188245 0.704324 0.189064 0.687393 0.17678 0.685516 0.175961 0.702446
0 0.140913 0.678628 0.141866 0.660035 0.128894 0.657934 0.127942 0.676528
0 0.245022 0.676078 0.248268 0.659012 0.239801 0.653921 0.236554 0.670986
0 0.401427 0.968774 0.403558 0.947646 0.390542 0.943498 0.388412 0.964626
0 0.186659 0.919523 0.191576 0.892537 0.179497 0.885581 0.17458 0.912567
0 0.29658 0.940831 0.298905 0.921653 0.289153 0.917917 0.286828 0.937094
0 0.322534 0.871555 0.323908 0.854419 0.313826 0.851865 0.312453 0.869001
0 0.354477 0.863992 0.358961 0.841236 0.347458 0.834071 0.342973 0.856827
0 0.536045 0.903113 0.536026 0.874858 0.523043 0.874886 0.523063 0.903141
0 0.184506 0.755692 0.188769 0.734566 0.176476 0.726725 0.172213 0.747851
0 0.563304 0.769776 0.56574 0.747065 0.551823 0.742347 0.549387 0.765059
0 0.217609 0.667993 0.220153 0.651096 0.209143 0.645857 0.206599 0.662754
0 0.164416 0.863545 0.168442 0.839 0.1562 0.832655 0.152175 0.8572
0 0.213235 0.634756 0.215253 0.614407 0.20542 0.611325 0.203402 0.631674
0 0.587535 0.705098 0.590307 0.678438 0.574427 0.673219 0.571655 0.69988
0 0.198677 0.663017 0.203257 0.642688 0.1933 0.635599 0.18872 0.655928
0 0.0104233 0.956447 0.0127486 0.919109 -0.0011114 0.916381 -0.00343673 0.953719
0 0.411186 0.797039 0.41396 0.771334 0.399335 0.766346 0.396562 0.792051
0 0.472929 0.767504 0.475996 0.748991 0.466191 0.743857 0.463124 0.762371
0 0.782291 1.01165 0.819755 0.910904 0.751263 0.830409 0.713799 0.931157
0 0.440914 0.849503 0.445618 0.83342 0.434146 0.822816 0.429443 0.838898
0 0.134802 0.708347 0.137845 0.689223 0.124296 0.682409 0.121252 0.701533
0 0.415613 0.75898 0.419645 0.738519 0.407523 0.730969 0.403491 0.75143
0 0.0458747 0.905602 0.0567031 0.886314 0.048603 0.871942 0.0377746 0.89123
0 0.344521 1.00544 0.354476 0.974054 0.340544 0.96009 0.330589 0.991481
0 0.500012 0.812749 0.503038 0.788323 0.490112 0.783264 0.487087 0.807689
0 0.136874 0.739339 0.140659 0.718887 0.130529 0.712963 0.126745 0.733415
0 0.104605 0.72535 0.110097 0.705975 0.0998449 0.696791 0.0943534 0.716166
0 0.639239 0.868283 0.653023 0.84154 0.630469 0.804796 0.616684 0.831538
0 0.257955 0.831856 0.26645 0.814314 0.258598 0.802298 0.250103 0.81984
0 0.232888 0.810413 0.240583 0.787699 0.232031 0.778543 0.224337 0.801257
0 0.0542522 0.583354 0.0527394 0.565069 0.0373011 0.569106 0.0388139 0.587391
0 0.548311 0.839422 0.551303 0.818028 0.539953 0.813012 0.536961 0.834406
0 0.0625225 0.566108 0.0638139 0.548499 0.0518602 0.545729 0.0505688 0.563337
0 0.111002 0.804328 0.126046 0.784454 0.118501 0.766402 0.103457 0.786276
0 0.410646 0.763446 0.413849 0.744124 0.402331 0.73809 0.399128 0.757413
0 0.376331 0.945734 0.388172 0.905927 0.374044 0.892645 0.362203 0.932451
0 0.109731 0.883258 0.117999 0.859194 0.10797 0.848303 0.0997017 0.872367
0 0.176279 0.696933 0.177332 0.680091 0.166409 0.677934 0.165356 0.694775
0 0.382277 0.544058 0.384008 0.524619 0.372682 0.521432 0.370951 0.540871
0 0.11843 0.31048 0.135852 0.291932 0.122476 0.252224 0.105055 0.270771
0 0.195495 0.895603 0.199537 0.873689 0.189231 0.867681 0.185189 0.889595
0 0.198431 0.689759 0.203291 0.669431 0.191886 0.660813 0.187026 0.681141
0 0.00864116 0.782449 0.0121417 0.747971 -0.00182915 0.743488 -0.00532973 0.777966
0 0.0534648 0.779123 0.0542068 0.747224 0.0322044 0.745606 0.0314623 0.777505
0 0.51 0.82691 0.533385 0.800931 0.523136 0.771773 0.49975 0.797752
0 0.253669 0.631119 0.255007 0.611818 0.241402 0.608837 0.240064 0.628138
0 0.18142 0.656289 0.18527 0.638662 0.176898 0.632883 0.173048 0.65051
0 0.242464 0.615986 0.244443 0.599485 0.234832 0.595841 0.232853 0.612342
0 0.277413 0.832397 0.279753 0.809714 0.267807 0.805819 0.265467 0.828502
0 0.49072 0.847892 0.498706 0.831429 0.48967 0.817575 0.481683 0.834037
0 0.291956 1.00914 0.29994 0.977778 0.286496 0.966959 0.278512 0.998318
0 0.532155 0.996877 0.552423 0.980982 0.537466 0.920705 0.517198 0.9366
0 0.502463 0.830061 0.504055 0.807581 0.491711 0.804819 0.490119 0.827298
0 0.133807 0.594318 0.134718 0.56931 0.121602 0.567799 0.120691 0.592807
0 0.259555 0.934287 0.268391 0.904259 0.255897 0.89264 0.247061 0.922668
0 0.431788 0.745216 0.43418 0.728391 0.423785 0.72372 0.421393 0.740546
0 0.378769 0.617025 0.380513 0.596347 0.367937 0.592995 0.366194 0.613673
0 0.12936 0.732567 0.130111 0.714256 0.119218 0.712844 0.118468 0.731156
0 0.385667 0.793005 0.387831 0.776047 0.378365 0.772229 0.376201 0.789187
0 0.257077 0.542571 0.259144 0.526279 0.250439 0.522788 0.248372 0.539081
0 0.250238 0.692714 0.251789 0.673382 0.242395 0.671001 0.240844 0.690332
0 0.389297 0.973208 0.392685 0.946072 0.374676 0.938966 0.371287 0.966101
0 0.135222 0.876095 0.14271 0.850219 0.131572 0.840031 0.124083 0.865907
0 0.0721682 0.622419 0.0709249 0.582139 0.032856 0.585853 0.0340993 0.626132
0 0.570532 0.888117 0.578695 0.863788 0.567575 0.851994 0.559411 0.876324
0 0.0077148 0.894429 0.0548406 0.846475 0.0352537 0.78564 -0.0118721 0.833593
0 0.142684 0.450134 0.146753 0.428672 0.136779 0.422695 0.13271 0.444158
0 0.384384 0.504567 0.38883 0.486629 0.37414 0.475122 0.369694 0.49306
0 0.110617 0.617106 0.112025 0.597819 0.1018 0.59546 0.100392 0.614746
0 0.261002 0.889201 0.263069 0.865351 0.249669 0.861682 0.247602 0.885531
0 0.036632 0.482818 0.0392635 0.457077 0.0200431 0.450867 0.0174115 0.476608
0 0.188379 0.605448 0.189834 0.58609 0.177968 0.58327 0.176512 0.602627
0 0.174093 0.95827 0.185279 0.914474 0.170072 0.9022 0.158887 0.945995
0 0.0813983 0.88163 0.0953278 0.860859 0.0881901 0.845731 0.0742605 0.866502
0 0.484171 0.808952 0.489196 0.795662 0.478389 0.782745 0.473363 0.796035
0 0.358119 1.00636 0.36972 0.974304 0.357521 0.960351 0.345919 0.992408
0 0.394012 0.883645 0.395082 0.853908 0.378038 0.851969 0.376968 0.881707
0 0.376576 0.675855 0.377505 0.65929 0.367567 0.657528 0.366638 0.674092
0 0.0489253 0.672573 0.0533284 0.646899 0.0410313 0.640233 0.0366282 0.665908
0 0.463378 0.967776 0.465149 0.946212 0.452475 0.942922 0.450704 0.964486
0 0.309259 0.948211 0.311014 0.929367 0.301297 0.926505 0.299541 0.945349
0 0.125669 0.741257 0.128305 0.722057 0.118676 0.717878 0.11604 0.737078
0 0.0711888 0.807348 0.070433 0.781896 0.0502073 0.783794 0.0509631 0.809246
0 0.482629 0.797825 0.490183 0.780532 0.478828 0.764856 0.471274 0.782149
0 0.313673 0.854476 0.315166 0.838855 0.30514 0.835827 0.303647 0.851448
0 0.285091 0.942657 0.286404 0.920325 0.27223 0.917691 0.270916 0.940022
0 0.0635537 0.909882 0.0670273 0.884918 0.0538631 0.879129 0.0503894 0.904093
0 0.389195 0.831183 0.390557 0.80925 0.376754 0.806541 0.375392 0.828474
0 0.224208 0.737444 0.226865 0.706049 0.207468 0.700862 0.204811 0.732257
0 0.550461 0.939819 0.557784 0.920837 0.543406 0.903306 0.536083 0.922287
0 0.279904 0.994315 0.287531 0.968039 0.279568 0.960734 0.271941 0.98701
0 0.0559972 0.987838 0.055739 0.94405 0.0317485 0.944497 0.0320067 0.988285
0 0.330816 1.01158 0.343236 0.986751 0.33279 0.970237 0.32037 0.995065
0 0.387182 0.861166 0.388767 0.842949 0.376553 0.839592 0.374969 0.857809
0 0.0346912 0.734054 0.0354131 0.709222 0.0167318 0.707505 0.0160099 0.732337
0 0.281296 0.910788 0.282206 0.890633 0.269211 0.888779 0.268301 0.908934
0 0.121627 0.560197 0.122811 0.544265 0.113133 0.541992 0.11195 0.557925
0 0.0989672 0.829932 0.102471 0.809129 0.0917353 0.803414 0.0882313 0.824217
0 0.460684 0.860012 0.467622 0.836398 0.458173 0.827622 0.451234 0.851236
0 0.323485 0.984718 0.329929 0.948772 0.309153 0.937001 0.302709 0.972946
0 0.247795 0.564702 0.249433 0.551208 0.240597 0.547818 0.238959 0.561312
0 0.385718 0.693666 0.386725 0.67686 0.375536 0.674741 0.374529 0.691547
0 0.0765405 0.808057 0.0757689 0.780125 0.0555429 0.781891 0.0563145 0.809823
0 0.0192713 0.914561 0.0460317 0.891076 0.0388398 0.865176 0.0120794 0.888661
0 0.40337 0.701066 0.40483 0.683069 0.392697 0.679959 0.391237 0.697956
0 0.073294 0.737286 0.0749051 0.720839 0.0635153 0.717313 0.0619042 0.73376
0 0.198835 0.79777 0.205902 0.774928 0.189294 0.758689 0.182227 0.781531
0 0.421718 1.00067 0.427296 0.974738 0.416532 0.967422 0.410955 0.993355
0 0.189592 0.874476 0.199916 0.845999 0.189045 0.833544 0.178721 0.862022
0 0.433398 0.727573 0.435436 0.702806 0.422682 0.699489 0.420644 0.724256
0 0.207254 0.994859 0.214811 0.959578 0.201419 0.950512 0.193862 0.985793
0 0.0443342 0.502727 0.0449956 0.483544 0.0326368 0.482198 0.0319755 0.501381
0 0.520678 0.715055 0.531236 0.674982 0.51414 0.660747 0.503582 0.700819
0 0.485836 0.758229 0.48698 0.739477 0.477174 0.737587 0.47603 0.756339
0 0.273238 0.786005 0.277319 0.768359 0.268544 0.761945 0.264463 0.779591
0 0.184775 0.759644 0.193123 0.74158 0.184768 0.729377 0.176419 0.747441
0 0.112686 0.712783 0.118961 0.696531 0.111947 0.687971 0.105672 0.704224
0 0.257115 0.673069 0.259748 0.656124 0.250912 0.651784 0.248278 0.668729
0 0.258278 0.985918 0.261777 0.964728 0.248664 0.957886 0.245166 0.979076
0 0.430556 0.727544 0.430995 0.704712 0.419446 0.70401 0.419007 0.726842
0 0.23691 0.912936 0.242734 0.886615 0.230649 0.878164 0.224825 0.904485
0 0.216154 0.802199 0.22094 0.786533 0.211684 0.777598 0.206899 0.793264
0 0.180711 0.864646 0.183804 0.841636 0.172124 0.836673 0.16903 0.859684
0 0.204088 0.812151 0.209131 0.793491 0.199947 0.785647 0.194904 0.804307
0 0.444105 0.961603 0.450583 0.933716 0.440072 0.925999 0.433594 0.953885
0 0.388131 0.660089 0.389796 0.641916 0.377929 0.638481 0.376264 0.656654
0 0.268574 0.768465 0.2752 0.751428 0.267789 0.742318 0.261163 0.759356
0 0.0866629 0.536753 0.0926387 0.520564 0.0833658 0.509746 0.0773899 0.525935
0 0.262293 0.606328 0.26388 0.590476 0.250635 0.586286 0.249048 0.602138
0 0.464259 0.848551 0.473627 0.823908 0.464453 0.812887 0.455086 0.837531
0 0.435433 0.79068 0.438307 0.765893 0.42258 0.76013 0.419707 0.784917
0 0.484728 0.63738 0.489106 0.622404 0.478956 0.613026 0.474578 0.628002
0 0.38174 0.768052 0.386349 0.744717 0.372339 0.735971 0.36773 0.759306
0 0.263754 0.79985 0.269525 0.784079 0.260833 0.774027 0.255062 0.789799
0 0.364154 0.739003 0.364274 0.721983 0.352979 0.721732 0.35286 0.738752
0 0.117967 0.699053 0.122503 0.681454 0.114633 0.675044 0.110097 0.692642
0 0.224076 0.629349 0.225309 0.613704 0.21515 0.611175 0.213917 0.62682
0 0.0728729 0.694614 0.0751099 0.657745 0.0491131 0.65276 0.0468761 0.689628
0 0.481332 0.731962 0.48125 0.714172 0.471026 0.71432 0.471108 0.732111
0 0.457939 0.816266 0.460044 0.795879 0.448577 0.792137 0.446472 0.812524
0 0.322996 0.289238 0.346607 0.274038 0.323308 0.159655 0.299697 0.174855
0 0.290714 0.922726 0.291639 0.900949 0.279349 0.899298 0.278423 0.921075
0 0.4671 0.788061 0.473003 0.772243 0.462155 0.759448 0.456252 0.775265
0 0.29704 0.556039 0.323089 0.535146 0.315671 0.505916 0.289623 0.526809
0 0.0836944 0.515295 0.0844032 0.500033 0.0742653 0.498545 0.0735565 0.513807
0 0.134883 0.728628 0.138455 0.710212 0.129123 0.704492 0.125551 0.722908
0 0.0969503 0.675955 0.100705 0.657609 0.0913292 0.651545 0.0875748 0.669891
0 0.0609263 0.740856 0.0609989 0.7255 0.0492297 0.725324 0.0491571 0.74068
0 0.408662 0.961834 0.416295 0.940129 0.397517 0.919257 0.389884 0.940962
0 0.160825 0.739937 0.162577 0.721764 0.152931 0.718825 0.151179 0.736998
0 0.351866 0.539211 0.352983 0.519844 0.340812 0.517624 0.339694 0.536991
0 0.235568 0.999774 0.248458 0.968465 0.234078 0.949753 0.221188 0.981061
0 0.391251 0.850859 0.395929 0.835959 0.385734 0.825842 0.381056 0.840742
0 0.209723 0.648725 0.21115 0.634108 0.202044 0.631297 0.200616 0.645913
0 0.111256 0.647639 0.116501 0.623456 0.102805 0.614066 0.0975594 0.638249
0 0.648573 0.768065 0.649462 0.744761 0.635922 0.743128 0.635033 0.766432
0 0.146693 0.650234 0.147763 0.635695 0.138553 0.633555 0.137484 0.648093
0 0.107499 0.586241 0.10841 0.57172 0.100743 0.570199 0.0998311 0.584719
0 0.410182 0.715598 0.412386 0.699169 0.403625 0.695455 0.401421 0.711884
0 0.202722 0.916649 0.211472 0.882564 0.200174 0.873397 0.191424 0.907483
0 0.195203 0.981897 0.202174 0.953846 0.188883 0.943407 0.181912 0.971458
0 0.350715 0.580993 0.351315 0.563727 0.340734 0.562564 0.340134 0.57983
0 0.33973 0.918652 0.34738 0.882253 0.331162 0.87148 0.323512 0.907879
0 0.0469156 0.532156 0.0463357 0.512246 0.0305712 0.513697 0.0311511 0.533607
0 0.00853421 0.909269 0.0102394 0.882337 -0.00179094 0.87993 -0.00349612 0.906861
0 0.286166 0.983039 0.293347 0.959053 0.285306 0.951444 0.278125 0.97543
0 0.236844 0.696649 0.239985 0.68005 0.2286 0.67324 0.225458 0.689838
0 0.271846 0.545413 0.2772 0.526601 0.269032 0.519253 0.263678 0.538066
0 0.527156 0.790841 0.538078 0.768203 0.514836 0.732762 0.503914 0.755399
0 0.0406816 0.753044 0.0408604 0.727215 0.0212086 0.726785 0.0210299 0.752614
0 0.146375 0.718765 0.14811 0.702182 0.139311 0.699271 0.137575 0.715854
0 0.173988 0.676676 0.175615 0.662317 0.166253 0.658964 0.164626 0.673324
0 0.146962 0.505927 0.149259 0.4873 0.135413 0.481905 0.133116 0.500532
0 0.108262 0.66903 0.115801 0.647357 0.105023 0.635509 0.0974845 0.657183
0 0.209646 0.771472 0.226543 0.726842 0.207228 0.703731 0.190331 0.748361
0 0.136966 0.710423 0.140696 0.693464 0.129909 0.685966 0.126179 0.702926
0 0.247619 0.661556 0.250965 0.644704 0.243175 0.639817 0.23983 0.656669
0 0.468709 0.944814 0.473134 0.922773 0.463632 0.916744 0.459207 0.938785
0 0.11327 0.622302 0.116912 0.600349 0.104303 0.593739 0.100662 0.615692
0 0.0918731 0.891489 0.100723 0.87098 0.0918791 0.85892 0.0830294 0.879429
0 0.661517 0.785094 0.664505 0.763512 0.649092 0.756767 0.646104 0.778349
0 0.24459 0.870698 0.251899 0.844918 0.241133 0.835272 0.233824 0.861052
0 0.0727392 0.586363 0.0737072 0.570347 0.0616369 0.568041 0.0606689 0.584058
0 0.188855 0.712512 0.190542 0.692473 0.177233 0.688933 0.175546 0.708972
0 0.0075916 0.896421 0.0326177 0.869529 0.0214797 0.83677 -0.00354642 0.863661
0 0.438073 0.714147 0.440361 0.690548 0.424894 0.685808 0.422606 0.709406
0 0.228826 0.117268 0.239678 0.111574 0.2299 0.0526781 0.219048 0.0583721
0 0.496355 0.791003 0.500789 0.769855 0.491934 0.763987 0.4875 0.785135
0 0.513527 0.840635 0.515708 0.815029 0.501615 0.811236 0.499434 0.836842
0 0.309486 0.874658 0.312092 0.859306 0.302125 0.853958 0.299519 0.86931
0 0.3818 0.732648 0.382325 0.716115 0.371149 0.714992 0.370623 0.731525
0 0.659565 0.87621 0.661564 0.848313 0.647078 0.845031 0.645078 0.872928
0 0.47539 0.962275 0.478711 0.936276 0.465826 0.931074 0.462505 0.957074
0 0.147322 0.695127 0.148264 0.678298 0.138664 0.676599 0.137722 0.693428
0 0.208529 0.700476 0.209738 0.683383 0.201327 0.681502 0.200118 0.698596
0 0.531385 0.787911 0.539917 0.768938 0.521668 0.743004 0.513137 0.761977
0 0.112193 0.563266 0.113557 0.548358 0.10557 0.546048 0.104205 0.560955
0 0.260886 0.892803 0.26446 0.870807 0.254134 0.865505 0.25056 0.887501
0 0.174297 0.463263 0.175655 0.434317 0.158231 0.431732 0.156872 0.460678
0 0.371502 0.898791 0.37459 0.874352 0.364238 0.870218 0.36115 0.894657
0 0.114293 0.79698 0.120412 0.770712 0.108562 0.761988 0.102443 0.788256
0 0.467856 0.879463 0.473149 0.855635 0.463022 0.848526 0.457729 0.872354
0 0.422399 0.746638 0.426222 0.728822 0.41743 0.722859 0.413607 0.740675
0 0.0862606 0.642977 0.0903393 0.624161 0.0801968 0.617212 0.0761181 0.636028
0 0.147622 0.834814 0.156428 0.806812 0.142562 0.79303 0.133756 0.821033
0 0.558024 1.00612 0.565287 0.96795 0.549172 0.958258 0.541909 0.996426
0 0.200148 0.637046 0.204069 0.61916 0.194325 0.61241 0.190405 0.630296
0 0.0543764 0.566217 0.0543145 0.547645 0.0395624 0.5478 0.0396243 0.566372
0 0.345846 0.879116 0.349645 0.860058 0.339802 0.853857 0.336003 0.872915
0 0.123996 0.859335 0.131788 0.838816 0.122985 0.828251 0.115194 0.84877
0 0.496756 0.703412 0.498555 0.682584 0.487931 0.679683 0.486132 0.700512
0 0.362823 0.806706 0.368489 0.788823 0.360193 0.780515 0.354527 0.798399
0 0.299661 0.666429 0.309081 0.639688 0.29684 0.62606 0.287421 0.652801
0 0.599536 1.00125 0.600529 0.96785 0.561052 0.964143 0.56006 0.997544
0 0.0361933 0.724497 0.0372285 0.701741 0.0153888 0.698601 0.0143536 0.721357
0 0.286465 0.851734 0.288696 0.832437 0.277557 0.828367 0.275326 0.847665
0 0.0115356 0.918174 0.0379574 0.891762 0.0281292 0.860689 0.00170743 0.8871
0 0.340112 0.899595 0.34874 0.871475 0.336523 0.859629 0.327895 0.887749
0 1.00822 0.84033 1.00967 0.780964 0.978389 0.778551 0.97694 0.837917
0 0.0674847 0.832555 0.0681474 0.810669 0.0549416 0.809405 0.0542789 0.831291
0 0.398066 0.810028 0.400222 0.790221 0.386569 0.785522 0.384412 0.805329
0 0.371181 0.634011 0.372447 0.61797 0.362966 0.615605 0.3617 0.631647
0 0.622444 0.811984 0.628533 0.784472 0.617138 0.776501 0.611048 0.804013
0 0.0909409 0.583506 0.0941543 0.566707 0.0842537 0.560722 0.0810403 0.577521
0 0.0975462 0.747511 0.104527 0.725228 0.0955866 0.716376 0.088606 0.738659
0 0.327697 0.895156 0.32998 0.8742 0.317947 0.870056 0.315664 0.891012
0 0.445746 0.830912 0.447407 0.811875 0.436985 0.809001 0.435324 0.828039
0 0.59542 0.670819 0.60031 0.644619 0.576002 0.630281 0.571112 0.656481
0 0.548502 0.775138 0.550237 0.753658 0.535518 0.749901 0.533784 0.771382
0 0.276844 0.732101 0.278121 0.712418 0.265022 0.709733 0.263746 0.729416
0 0.384625 0.814827 0.385905 0.796591 0.374505 0.794061 0.373224 0.812297
0 0.536191 0.836827 0.542638 0.820581 0.529702 0.804358 0.523255 0.820604
0 0.303843 0.605989 0.338547 0.560798 0.320157 0.516162 0.285452 0.561353
0 0.0978858 0.572746 0.100826 0.554623 0.0909102 0.549539 0.08797 0.567662
0 0.244917 0.531581 0.24617 0.516614 0.236157 0.513964 0.234904 0.528931
0 0.322759 0.948251 0.323983 0.923817 0.311116 0.92178 0.309892 0.946214
0 0.286236 0.720085 0.288266 0.703124 0.278414 0.699397 0.276384 0.716358
0 0.289017 0.810887 0.294262 0.790042 0.284102 0.781963 0.278857 0.802808
0 0.18876 0.823567 0.19445 0.772732 0.169411 0.763874 0.163721 0.814709
0 0.300341 0.970369 0.30591 0.946034 0.295861 0.938765 0.290292 0.9631
0 0.340897 0.521647 0.343031 0.502817 0.329458 0.497958 0.327325 0.516788
0 0.244585 0.762854 0.244425 0.733294 0.226475 0.733601 0.226635 0.763161
0 0.665163 0.803401 0.668884 0.783119 0.655521 0.775371 0.6518 0.795653
0 0.632038 0.790399 0.634769 0.768757 0.623069 0.764091 0.620338 0.785733
0 0.445225 0.750013 0.446619 0.728483 0.434325 0.725968 0.432932 0.747498
0 0.389095 0.710641 0.391353 0.696627 0.382342 0.692038 0.380084 0.706051
0 0.0693472 0.927712 0.0747422 0.898146 0.06319 0.891484 0.0577951 0.921049
0 0.109948 0.945104 0.114406 0.923095 0.102186 0.915272 0.0977276 0.937282
0 0.445955 0.763505 0.446577 0.747282 0.43672 0.746088 0.436098 0.762311
0 0.374364 0.784207 0.377441 0.76142 0.367739 0.757279 0.364662 0.780066
0 0.0892167 0.622747 0.0938244 0.605079 0.0841011 0.597065 0.0794934 0.614733
0 0.0691969 0.880221 0.0785152 0.857276 0.0685156 0.844441 0.0591973 0.867387
0 0.446857 0.104158 0.456752 0.0934975 0.445487 0.0604498 0.435592 0.0711102
