0 0.398714 0.960573 0.389262 0.85181 0.324495 0.869598 0.333946 0.978361
0 0.441702 0.586961 0.44444 0.53693 0.416788 0.532147 0.41405 0.582178
0 0.485891 0.979289 0.473122 0.883035 0.424542 0.903404 0.437312 0.999659
0 0.330851 0.970448 0.346827 0.93051 0.330714 0.91014 0.314738 0.950077
0 0.988077 1.07762 1.02531 0.859796 0.811447 0.744248 0.77421 0.962077
0 0.294707 0.949632 0.321031 0.898817 0.303186 0.8696 0.276862 0.920415
0 0.402775 0.8859 0.398403 0.832857 0.364532 0.841679 0.368904 0.894722
0 0.338752 0.899579 0.342138 0.82873 0.315544 0.824713 0.312157 0.895562
0 0.546032 0.998534 0.55217 0.932199 0.51369 0.920947 0.507553 0.987283
0 0.831995 0.768248 0.83219 0.707739 0.808145 0.707495 0.807951 0.768003
0 0.412601 0.911306 0.415838 0.875813 0.395999 0.870095 0.392762 0.905588
0 0.0705597 0.789503 0.071028 0.756022 0.0403072 0.754663 0.0398389 0.788144
0 0.335166 0.931877 0.334523 0.89376 0.310369 0.895048 0.311012 0.933164
0 0.563762 0.570632 0.565395 0.525396 0.540572 0.522565 0.53894 0.567801
0 0.535005 0.935644 0.53783 0.904627 0.520492 0.899636 0.517667 0.930654
0 0.468143 0.863732 0.473807 0.822673 0.452649 0.813448 0.446985 0.854507
0 0.478971 1.01239 0.52399 0.989894 0.504452 0.866292 0.459433 0.888783
0 0.381745 1.01227 0.404756 0.966932 0.384885 0.935061 0.361875 0.980404
0 0.0888169 0.787838 0.0906742 0.75221 0.070257 0.748846 0.0683997 0.784474
0 0.903884 0.706557 0.911002 0.644045 0.872509 0.630193 0.865391 0.692705
0 0.511357 0.809304 0.514441 0.788248 0.503193 0.783041 0.500109 0.804096
0 0.488161 0.832237 0.491819 0.807422 0.478245 0.801097 0.474587 0.825912
0 0.497903 0.823723 0.505207 0.7981 0.492217 0.786398 0.484913 0.812021
0 0.534827 0.876054 0.538899 0.845628 0.520733 0.837943 0.516661 0.868369
0 0.398726 0.85201 0.408014 0.817683 0.39476 0.806348 0.385472 0.840676
0 0.42582 0.909094 0.429421 0.879918 0.412839 0.87345 0.409238 0.902627
0 0.419106 0.931791 0.423483 0.905099 0.41181 0.899048 0.407433 0.92574
0 0.541785 0.818119 0.545766 0.796472 0.526781 0.785437 0.5228 0.807083
0 0.309854 0.891362 0.309045 0.842002 0.279463 0.843535 0.280272 0.892894
0 0.790354 1.04297 0.839219 0.960586 0.755394 0.803439 0.706529 0.885819
0 0.486165 0.852074 0.488838 0.828054 0.473677 0.822723 0.471004 0.846742
0 0.17674 1.00168 0.196282 0.979355 0.1891 0.959483 0.169558 0.981804
0 0.852522 0.581056 0.856164 0.530866 0.814284 0.521263 0.810643 0.571453
0 0.0119177 0.875244 0.0158817 0.833749 -0.00224852 0.828275 -0.00621255 0.869771
0 0.41576 0.758532 0.418536 0.737176 0.405664 0.731888 0.402888 0.753244
0 0.0120065 1.03708 0.0981141 0.958372 0.0640372 0.840542 -0.0220704 0.919246
0 0.489141 0.8074 0.491797 0.786139 0.479564 0.781309 0.476908 0.80257
0 0.166942 0.912366 0.181729 0.890205 0.172492 0.870727 0.157705 0.892887
0 0.532964 0.83864 0.539104 0.81362 0.523552 0.801558 0.517412 0.826578
0 0.567045 0.99608 0.571088 0.95159 0.555383 0.94708 0.55134 0.99157
0 0.432061 1.00378 0.444429 0.967376 0.431343 0.953325 0.418975 0.989731
0 0.296293 0.856838 0.323083 0.837461 0.317024 0.810987 0.290234 0.830364
0 0.299008 0.961888 0.320172 0.936871 0.310084 0.9099 0.288921 0.934917
0 0.483836 0.888954 0.485696 0.846314 0.464673 0.843416 0.462813 0.886056
0 0.496188 0.710027 0.495906 0.684232 0.48273 0.684688 0.483013 0.710483
0 0.806473 0.758211 0.81142 0.72234 0.790024 0.713013 0.785076 0.748884
0 0.844426 0.710697 0.852184 0.671695 0.835799 0.661394 0.828041 0.700395
0 0.351911 0.75216 0.348468 0.721566 0.32791 0.728878 0.331353 0.759472
0 0.377105 0.543522 0.376774 0.506439 0.357019 0.506996 0.35735 0.544079
0 0.0394628 0.839481 0.053569 0.812221 0.0416879 0.79279 0.0275817 0.82005
0 0.420174 0.869625 0.427308 0.812908 0.40687 0.804783 0.399736 0.8615
0 0.316688 0.804928 0.338016 0.766093 0.322216 0.738669 0.300889 0.777505
0 0.267059 0.742177 0.279558 0.69889 0.260308 0.681324 0.247809 0.724611
0 0.30978 0.982127 0.322487 0.953845 0.31109 0.937662 0.298383 0.965944
0 0.758655 0.760872 0.770174 0.733595 0.752898 0.710537 0.741379 0.737814
0 0.498978 0.85021 0.50498 0.825132 0.490592 0.81425 0.484591 0.839327
0 0.775147 0.753869 0.785302 0.734253 0.769694 0.708716 0.759539 0.728332
0 0.338761 0.835814 0.353287 0.794952 0.334668 0.774034 0.320142 0.814896
0 0.396976 1.01395 0.410215 0.988843 0.399414 0.970844 0.386174 0.995954
0 0.626781 1.00444 0.62802 0.971962 0.606723 0.969394 0.605484 1.00187
0 0.366854 1.01172 0.371297 0.978679 0.33805 0.964552 0.333608 0.997591
0 0.525408 0.914554 0.529999 0.884031 0.517369 0.878027 0.512778 0.90855
0 0.793378 0.693237 0.794002 0.670079 0.776704 0.668607 0.77608 0.691765
0 0.61455 0.986657 0.609163 0.918021 0.584204 0.924212 0.589591 0.992848
0 0.791661 0.784061 0.799922 0.758344 0.777324 0.7354 0.769063 0.761117
0 0.575879 0.879533 0.57754 0.834937 0.553142 0.832065 0.551481 0.876661
0 0.357333 0.724162 0.358758 0.70453 0.346166 0.701642 0.344741 0.721274
0 0.399086 0.677906 0.407535 0.65051 0.396162 0.639426 0.387714 0.666823
0 0.436099 0.845094 0.440091 0.820564 0.426407 0.813526 0.422415 0.838057
0 0.582134 0.993435 0.598353 0.961046 0.573359 0.921491 0.55714 0.953879
0 0.0308886 0.847503 0.0323157 0.812377 0.00656453 0.809071 0.00513741 0.844196
0 0.0658105 0.813719 0.0675068 0.788912 0.0529673 0.78577 0.0512711 0.810576
0 0.274457 0.84132 0.281112 0.815206 0.271188 0.807213 0.264533 0.833327
0 0.553305 0.629124 0.5764 0.605526 0.565626 0.572203 0.542532 0.595801
0 0.156631 0.434267 0.166121 0.389694 0.120517 0.359008 0.111027 0.403582
0 0.407216 0.80824 0.417428 0.772635 0.406055 0.762326 0.395844 0.797932
0 0.201489 0.97321 0.216037 0.955872 0.208919 0.936997 0.194371 0.954336
0 0.557938 0.105252 0.563801 0.0455673 0.545544 0.0398991 0.539681 0.0995843
0 0.783313 0.811923 0.790205 0.757635 0.737373 0.736435 0.73048 0.790723
0 0.556805 0.898614 0.559017 0.856014 0.538312 0.852617 0.5361 0.895217
0 0.859357 0.650569 0.869583 0.623426 0.849743 0.599803 0.839517 0.626945
0 0.0516869 0.753415 0.0545231 0.730974 0.0404429 0.72535 0.0376067 0.747791
0 0.185833 0.896082 0.19915 0.882632 0.193618 0.865322 0.180302 0.878772
0 0.519191 0.831506 0.522022 0.809201 0.509865 0.804325 0.507034 0.82663
0 0.0673397 0.741832 0.0707894 0.716013 0.0558165 0.70969 0.0523668 0.735509
0 0.544351 0.851553 0.54739 0.828851 0.534668 0.823469 0.531629 0.84617
0 0.370319 0.567674 0.372746 0.550379 0.361373 0.545334 0.358946 0.562628
0 0.785265 0.600086 0.788452 0.572522 0.775463 0.567774 0.772275 0.595338
0 0.0477434 0.667357 0.0495513 0.641483 0.032153 0.63764 0.030345 0.663515
0 0.251169 0.940131 0.265495 0.915353 0.254787 0.895787 0.240461 0.920565
0 0.803539 0.730108 0.807727 0.707506 0.791389 0.697939 0.787201 0.720541
0 0.0272994 0.864241 0.0386843 0.846494 0.0299515 0.828788 0.0185667 0.846536
0 0.281111 0.918023 0.287843 0.879344 0.270054 0.86956 0.263323 0.908238
0 0.564986 0.774568 0.576834 0.758199 0.560574 0.721004 0.548726 0.737373
0 0.235601 0.973519 0.240774 0.950465 0.230505 0.943182 0.225332 0.966236
0 0.504713 0.893776 0.512254 0.861444 0.489197 0.844447 0.481656 0.876779
0 0.42791 0.692059 0.425886 0.663435 0.40294 0.668562 0.404964 0.697186
0 0.0534691 0.80863 0.0553284 0.782709 0.034513 0.77799 0.0326537 0.803912
0 0.465909 0.889201 0.469018 0.859508 0.452377 0.854 0.449267 0.883693
0 0.839789 0.673176 0.840574 0.647727 0.81775 0.645504 0.816965 0.670953
0 0.090711 0.760729 0.104082 0.71038 0.0836487 0.693229 0.0702773 0.743577
0 0.501539 0.869121 0.504773 0.844626 0.489285 0.838164 0.486051 0.862659
0 0.545847 0.598038 0.554165 0.569508 0.530303 0.54752 0.521984 0.57605
0 0.276276 0.98388 0.295118 0.936395 0.271334 0.90657 0.252493 0.954055
0 0.475893 0.831277 0.478545 0.810653 0.464302 0.804863 0.461649 0.825487
0 0.574835 0.945275 0.574905 0.900863 0.552693 0.900752 0.552623 0.945164
0 0.193192 1.01068 0.206291 0.995781 0.199764 0.977646 0.186665 0.992545
0 0.429811 0.942413 0.441884 0.905895 0.429029 0.892463 0.416956 0.928981
0 0.615311 0.826186 0.628701 0.802495 0.619085 0.78532 0.605695 0.809011
0 0.0142711 0.654463 0.0626031 0.626816 0.0532798 0.575304 0.00494779 0.602952
0 0.394126 0.813904 0.401256 0.790167 0.389406 0.778919 0.382277 0.802656
0 0.426608 0.882818 0.429056 0.863558 0.416554 0.858538 0.414107 0.877797
0 0.131583 0.919945 0.141515 0.899866 0.133465 0.887282 0.123533 0.90736
0 0.192011 0.995395 0.205957 0.975546 0.199021 0.960145 0.185075 0.979993
0 0.509139 0.831383 0.512604 0.812343 0.502838 0.806726 0.499373 0.825765
0 0.227802 0.960697 0.239092 0.920068 0.227049 0.909491 0.215759 0.95012
0 0.427056 0.782359 0.42881 0.752636 0.412859 0.74966 0.411105 0.779384
0 0.604567 0.846069 0.600767 0.799867 0.578935 0.805543 0.582736 0.851745
0 0.437125 0.890512 0.443733 0.869616 0.43258 0.85847 0.425972 0.879366
0 0.638364 0.798792 0.657534 0.749633 0.635429 0.722388 0.616259 0.771547
0 0.782524 0.728213 0.789842 0.703463 0.776036 0.69056 0.768717 0.71531
0 0.632619 0.929628 0.634986 0.893659 0.618385 0.890207 0.616018 0.926176
0 0.38131 0.420259 0.396568 0.360409 0.359344 0.330416 0.344086 0.390266
0 0.433186 0.716415 0.435412 0.695168 0.423293 0.691153 0.421066 0.7124
0 0.423287 0.41087 0.424766 0.347807 0.390729 0.345284 0.38925 0.408347
0 0.537367 1.00864 0.538749 0.984093 0.515352 0.979928 0.51397 1.00447
0 0.134028 1.00799 0.136568 0.981912 0.119575 0.976682 0.117035 1.00276
0 0.237732 0.840748 0.243445 0.823105 0.234371 0.813817 0.228658 0.831459
0 0.0471962 0.768696 0.0504315 0.748285 0.0370247 0.741569 0.0337894 0.76198
0 0.215969 0.896208 0.220221 0.876738 0.209845 0.869576 0.205593 0.889046
0 0.809538 0.774881 0.812355 0.754249 0.797487 0.747832 0.79467 0.768464
0 0.255509 0.954057 0.268608 0.9297 0.260739 0.916324 0.247639 0.940681
0 0.49657 0.610084 0.503798 0.589785 0.494495 0.579315 0.487267 0.599613
0 0.459303 0.698383 0.467183 0.651855 0.450469 0.642909 0.442589 0.689437
0 0.146481 0.98826 0.148924 0.961071 0.1341 0.956861 0.131657 0.98405
0 0.272402 0.991435 0.298585 0.973205 0.293271 0.949082 0.267088 0.967312
0 0.358936 0.824198 0.374795 0.789636 0.357406 0.76442 0.341548 0.798981
0 0.432363 0.811172 0.438407 0.800286 0.426217 0.778896 0.420173 0.789782
0 0.615331 0.806211 0.629695 0.771007 0.608081 0.743135 0.593717 0.778338
0 0.451766 0.899984 0.45588 0.874302 0.444202 0.868391 0.440088 0.894072
0 0.0772204 0.765735 0.0795705 0.744597 0.0648498 0.739425 0.0624997 0.760562
0 0.633327 0.980381 0.635171 0.947358 0.616911 0.944135 0.615067 0.977159
0 0.447023 0.626949 0.459597 0.610531 0.444636 0.57432 0.432062 0.590738
0 0.408737 0.773208 0.410607 0.753347 0.398572 0.749765 0.396702 0.769626
0 0.979092 0.563742 0.982201 0.538869 0.96806 0.533283 0.964952 0.558156
0 0.100778 0.333602 0.117127 0.311107 0.0997495 0.271189 0.0834 0.293685
0 0.564813 0.797787 0.567495 0.75977 0.544775 0.754705 0.542093 0.792722
0 0.607626 0.565071 0.603773 0.509136 0.562221 0.518183 0.566075 0.574118
0 0.626723 0.901081 0.630101 0.849095 0.601251 0.843169 0.597873 0.895155
0 0.598341 0.395446 0.60612 0.338612 0.581121 0.327797 0.573342 0.384631
0 0.444316 0.801646 0.448777 0.784836 0.435361 0.773582 0.4309 0.790392
0 0.916819 0.643202 0.915301 0.614529 0.892159 0.618401 0.893677 0.647074
0 0.209541 0.945367 0.212384 0.928338 0.20348 0.92364 0.200637 0.940669
0 0.386643 0.798643 0.388133 0.772925 0.374777 0.77048 0.373287 0.796198
0 0.421772 0.817692 0.423732 0.793604 0.407667 0.789474 0.405707 0.813562
0 0.424434 0.739887 0.42686 0.714903 0.413542 0.710816 0.411116 0.7358
0 0.485324 0.400389 0.484492 0.367472 0.462069 0.369264 0.462901 0.402181
0 0.595038 1.0044 0.594665 0.982397 0.571778 0.983623 0.572151 1.00563
0 0.658747 0.394579 0.666553 0.356978 0.637793 0.338108 0.629987 0.375709
0 0.437995 0.661731 0.439171 0.64049 0.426423 0.63826 0.425247 0.6595
0 0.630747 0.621004 0.629058 0.587851 0.608879 0.591099 0.610568 0.624252
0 0.466301 0.894963 0.467219 0.868019 0.450574 0.866226 0.449656 0.893171
0 0.4438 1.007 0.452153 0.981552 0.440099 0.969048 0.431746 0.994496
0 0.466974 0.13832 0.47164 0.0900912 0.437017 0.0795036 0.43235 0.127732
0 0.420486 0.97023 0.425476 0.949979 0.412273 0.939699 0.407284 0.95995
0 0.353825 0.559888 0.354047 0.54188 0.341546 0.541393 0.341324 0.559401
0 0.241178 0.896006 0.245609 0.866653 0.23339 0.860823 0.228959 0.890176
0 0.777333 0.697931 0.778553 0.674454 0.765094 0.672244 0.763874 0.695721
0 0.398066 0.76176 0.400055 0.742101 0.38967 0.738781 0.387681 0.758441
0 0.860208 0.540939 0.861811 0.514659 0.839293 0.510319 0.837691 0.536599
0 0.865714 0.60981 0.870589 0.589719 0.855021 0.577782 0.850147 0.597873
0 0.840111 0.537654 0.844871 0.507451 0.817956 0.494046 0.813196 0.524249
0 0.518001 0.597977 0.55635 0.518164 0.528896 0.476474 0.490547 0.556287
0 0.824538 0.79098 0.824261 0.763757 0.804358 0.764396 0.804635 0.791619
0 0.628029 0.850528 0.62993 0.826053 0.615909 0.822611 0.614007 0.847085
0 0.0301678 0.810602 0.0288002 0.787165 0.00457753 0.791632 0.00594516 0.815069
0 0.318658 0.993591 0.33462 0.970449 0.325194 0.949903 0.309233 0.973045
0 0.106273 0.984946 0.120943 0.951868 0.111266 0.938304 0.0965964 0.971383
0 0.580148 0.924707 0.5876 0.907497 0.571687 0.885722 0.564236 0.902933
0 0.264402 0.88962 0.269843 0.872877 0.261714 0.864528 0.256273 0.881271
0 0.195719 0.934457 0.197711 0.917994 0.186136 0.913568 0.184144 0.930031
0 0.190168 0.441459 0.223823 0.376465 0.178352 0.30205 0.144697 0.367044
0 0.572534 0.895781 0.573291 0.868522 0.55719 0.867109 0.556433 0.894368
0 0.0618584 0.663238 0.0639924 0.644284 0.0523564 0.640143 0.0502224 0.659097
0 0.0718941 0.650363 0.0779721 0.624959 0.0670946 0.616734 0.0610166 0.642138
0 0.589093 0.757063 0.591769 0.739068 0.580286 0.733669 0.577609 0.751664
0 0.460243 0.81598 0.461736 0.797243 0.450501 0.794414 0.449008 0.81315
0 0.219341 0.935749 0.222604 0.91352 0.212249 0.908717 0.208987 0.930946
0 0.386365 0.522057 0.390475 0.496592 0.367792 0.48502 0.363681 0.510484
0 0.545515 0.917039 0.54764 0.890702 0.532784 0.886914 0.530659 0.913251
0 0.0125683 0.88565 0.0321792 0.866047 0.0261499 0.846984 0.00653911 0.866587
0 0.218708 0.998842 0.229151 0.979927 0.221876 0.967233 0.211433 0.986148
0 0.0342935 0.88369 0.0415655 0.863347 0.03204 0.852585 0.0247681 0.872929
0 0.483493 0.375412 0.487094 0.351435 0.461913 0.339485 0.458313 0.363462
0 0.635549 0.809745 0.639418 0.792348 0.627403 0.783904 0.623534 0.801301
0 0.812771 0.718245 0.81399 0.699401 0.802885 0.697131 0.801666 0.715974
0 0.105549 0.992627 0.117745 0.960988 0.107799 0.948869 0.0956021 0.980509
0 0.272422 0.876282 0.275742 0.85833 0.267616 0.85358 0.264295 0.871532
0 0.0571108 0.131136 0.0636422 -0.0164798 -0.0165599 -0.0276952 -0.0230913 0.119921
0 0.278766 0.824918 0.280147 0.806361 0.268931 0.803724 0.26755 0.82228
0 0.95326 0.48795 0.954347 0.439031 0.926579 0.437082 0.925493 0.486001
0 0.0372628 0.753415 0.0383643 0.731837 0.0249251 0.729668 0.0238237 0.751247
0 0.540276 0.61242 0.541398 0.590101 0.522294 0.587068 0.521173 0.609387
0 0.0469032 0.449641 0.0488705 0.417827 0.0210215 0.412384 0.0190541 0.444198
0 0.449331 0.877052 0.453723 0.856602 0.444306 0.85021 0.439914 0.87066
0 0.370606 0.110272 0.370146 0.0704076 0.345861 0.0712938 0.346321 0.111158
0 0.518522 0.889491 0.523412 0.871979 0.5136 0.863321 0.508711 0.880833
0 0.259053 0.834212 0.260156 0.817536 0.250821 0.815585 0.249718 0.83226
