0 0.995423 0.974004 1.0104 0.855718 0.806456 0.774126 0.791483 0.892412
0 0.14707 0.987735 0.172709 0.956445 0.161047 0.926244 0.135408 0.957534
0 0.78221 0.594013 0.787017 0.534095 0.751346 0.52505 0.746539 0.584969
0 0.648857 0.561616 0.664889 0.531369 0.653 0.511454 0.636969 0.541701
0 0.210158 0.748086 0.209246 0.722984 0.190836 0.7251 0.191749 0.750202
0 0.0618198 0.943042 0.0726181 0.916108 0.0549178 0.89368 0.0441196 0.920614
0 0.197593 0.901038 0.21192 0.857502 0.192611 0.83742 0.178285 0.880956
0 0.779085 0.987996 0.817573 0.898622 0.750718 0.807629 0.712229 0.897003
0 0.0239761 0.960491 0.0380501 0.907755 0.0166604 0.889714 0.00258646 0.942449
0 0.125118 0.882462 0.148004 0.851238 0.135097 0.821339 0.112211 0.852563
0 0.667266 0.657839 0.668037 0.635257 0.643307 0.63259 0.642536 0.655172
0 0.738586 0.672703 0.755599 0.635937 0.739371 0.612206 0.722359 0.648972
0 0.19669 0.83451 0.200232 0.808417 0.178687 0.799173 0.175145 0.825266
0 0.674391 0.424017 0.675934 0.393942 0.661874 0.391663 0.660332 0.421738
0 0.526633 0.780053 0.529285 0.738787 0.498542 0.732543 0.49589 0.773809
0 0.0198206 0.92216 0.0347841 0.866897 0.0052922 0.841659 -0.00967128 0.896922
0 0.819553 0.400938 0.822736 0.369864 0.803091 0.363505 0.799908 0.394579
0 0.579017 0.617845 0.580865 0.587537 0.56525 0.584527 0.563402 0.614836
0 0.654965 0.578993 0.665344 0.552912 0.655287 0.540263 0.644908 0.566343
0 0.773955 0.512913 0.781025 0.479829 0.764181 0.468453 0.757111 0.501536
0 0.0337001 0.904674 0.0653775 0.876928 0.0570203 0.846773 0.0253428 0.87452
0 0.184649 0.905029 0.188493 0.87724 0.172857 0.870405 0.169013 0.898193
0 0.659111 0.410509 0.669863 0.383723 0.657016 0.367424 0.646264 0.39421
0 0.63221 0.553308 0.649044 0.518965 0.636909 0.500165 0.620075 0.534508
0 0.892314 0.482404 0.896787 0.423868 0.868718 0.417089 0.864245 0.475625
0 0.138335 0.900124 0.142817 0.872088 0.118434 0.859769 0.113952 0.887805
0 0.135503 0.66743 0.137034 0.633391 0.116598 0.630485 0.115067 0.664525
0 0.0219094 0.81808 0.0592246 0.803652 0.0557038 0.774873 0.0183886 0.789301
0 0.891483 0.575344 0.89995 0.548957 0.884217 0.533003 0.875751 0.559389
0 0.114115 0.871696 0.116375 0.84898 0.103001 0.844775 0.100741 0.86749
0 0.521395 0.829005 0.533356 0.789727 0.518344 0.775278 0.506383 0.814556
0 0.170955 0.850297 0.180321 0.814888 0.167634 0.804282 0.158268 0.839691
0 0.214243 0.682103 0.229646 0.657649 0.220823 0.640086 0.205421 0.664539
0 0.220186 0.842372 0.217198 0.797538 0.199012 0.801368 0.202 0.846202
0 0.620258 0.570619 0.623717 0.55113 0.613057 0.54515 0.609598 0.564638
0 0.0445996 0.8716 0.0464789 0.836003 0.0235023 0.83217 0.0216229 0.867766
0 0.234112 0.7235 0.240513 0.699611 0.229507 0.690289 0.223105 0.714178
0 0.583977 0.940197 0.586393 0.913824 0.572037 0.909668 0.569621 0.936041
0 0.152765 0.8433 0.160913 0.821013 0.142369 0.799586 0.134221 0.821873
0 0.061512 0.993205 0.0779949 0.949455 0.0601252 0.928177 0.0436424 0.971927
0 0.249492 0.663523 0.254867 0.638205 0.239998 0.62823 0.234624 0.653548
0 0.683781 0.411089 0.686135 0.387078 0.674995 0.383627 0.672641 0.407638
0 0.459605 0.840724 0.476195 0.736843 0.427063 0.712043 0.410473 0.815924
0 0.59673 0.651049 0.604418 0.619264 0.592198 0.609922 0.584509 0.641707
0 0.145793 0.945947 0.145871 0.913598 0.126644 0.913451 0.126566 0.9458
0 0.671255 0.522529 0.677494 0.511158 0.664397 0.488446 0.658158 0.499817
0 0.668042 0.589548 0.674537 0.567393 0.664013 0.557642 0.657518 0.579797
0 0.0602619 0.855033 0.0597667 0.8226 0.0396242 0.823572 0.0401194 0.856005
0 0.491125 0.896617 0.500971 0.875848 0.485132 0.852118 0.475286 0.872887
0 0.0352488 0.789964 0.0379329 0.762623 0.0211608 0.757419 0.0184766 0.78476
0 0.227501 0.70531 0.228787 0.68319 0.214705 0.680603 0.21342 0.702724
0 0.266741 0.678993 0.26889 0.655672 0.255295 0.651712 0.253146 0.675033
0 0.218394 0.799603 0.221382 0.778437 0.210042 0.773378 0.207054 0.794544
0 0.222835 0.728109 0.224829 0.704033 0.212265 0.700744 0.210271 0.72482
0 0.248175 0.781505 0.245016 0.748048 0.221448 0.755082 0.224606 0.788538
0 0.586798 0.768401 0.595832 0.739789 0.584152 0.728132 0.575117 0.756744
0 0.685753 0.430881 0.687139 0.40963 0.675392 0.407207 0.674005 0.428458
0 0.118179 0.845505 0.142531 0.815665 0.133287 0.791822 0.108934 0.821662
0 0.799444 0.635936 0.796552 0.576276 0.765957 0.580964 0.768849 0.640624
0 0.827197 0.799974 0.830482 0.689338 0.725785 0.679514 0.722501 0.790151
0 0.727812 0.485654 0.738849 0.473918 0.727797 0.441066 0.716759 0.452802
0 0.25042 0.831917 0.260023 0.79862 0.246078 0.785908 0.236474 0.819205
0 0.101512 0.335249 0.118375 0.317276 0.103782 0.274 0.086918 0.291973
0 0.674084 0.47509 0.676698 0.454122 0.663722 0.449008 0.661107 0.469976
0 0.744026 0.438979 0.7531 0.41494 0.733543 0.391611 0.72447 0.41565
0 0.505321 0.701642 0.513268 0.672164 0.502011 0.662572 0.494064 0.69205
0 0.239833 0.671516 0.240653 0.650567 0.227002 0.648877 0.226182 0.669826
0 0.0670585 0.90996 0.0792477 0.881447 0.0690769 0.867705 0.0568878 0.896218
0 0.652297 0.49915 0.657446 0.470682 0.644193 0.463106 0.639044 0.491574
0 0.90722 0.420121 0.913667 0.396962 0.898686 0.383782 0.892239 0.406941
0 0.210688 0.768292 0.211759 0.748984 0.196073 0.746234 0.195001 0.765541
0 0.20901 0.726091 0.210157 0.703398 0.196239 0.701175 0.195092 0.723868
0 0.426914 0.718423 0.441207 0.690657 0.427945 0.669079 0.413651 0.696844
0 0.720931 0.535038 0.724256 0.515154 0.711381 0.508349 0.708056 0.528233
0 0.697976 0.415756 0.699477 0.395693 0.688821 0.393174 0.68732 0.413237
0 0.00301767 1.01279 0.0469811 0.985939 0.0399328 0.949467 -0.00403062 0.976318
0 0.748168 0.595554 0.75474 0.572418 0.74255 0.561472 0.735977 0.584608
0 0.0174764 0.85302 0.0209211 0.813639 0.00170802 0.808328 -0.00173668 0.847709
0 0.952733 0.422279 0.954588 0.37666 0.928169 0.373266 0.926315 0.418885
0 0.614764 0.670555 0.619338 0.653822 0.610226 0.645949 0.605652 0.662683
0 0.262126 0.699714 0.26493 0.680715 0.255041 0.676101 0.252237 0.695101
0 0.55867 0.618436 0.564301 0.59412 0.554656 0.58706 0.549025 0.611376
0 0.527476 0.644639 0.538774 0.620469 0.529146 0.606245 0.517848 0.630415
0 0.601176 0.617458 0.603869 0.592004 0.587738 0.586612 0.585046 0.612066
0 0.573533 0.883288 0.579921 0.86115 0.570201 0.852286 0.563813 0.874423
0 0.782203 0.548118 0.793066 0.527918 0.772882 0.493612 0.762019 0.513812
0 0.664538 0.461013 0.666369 0.441628 0.653879 0.4379 0.652049 0.457286
0 0.243611 0.754441 0.245905 0.728511 0.23233 0.724714 0.230035 0.750644
0 0.605488 0.726597 0.615235 0.713432 0.603925 0.68697 0.594179 0.700136
0 0.65255 0.63401 0.657151 0.606219 0.638889 0.596664 0.634287 0.624454
0 0.614613 0.764679 0.625584 0.733393 0.613365 0.71985 0.602394 0.751136
0 0.859817 0.645015 0.86578 0.625701 0.850548 0.610836 0.844585 0.630151
0 0.77314 0.328994 0.776549 0.306107 0.762903 0.299683 0.759494 0.322571
0 0.611127 0.873918 0.613144 0.847637 0.595435 0.843342 0.593418 0.869623
0 0.0765274 0.92651 0.0808959 0.899218 0.0678136 0.8926 0.0634452 0.919892
0 0.594386 0.711619 0.600537 0.693765 0.587924 0.680032 0.581773 0.697886
0 0.5728 0.924262 0.579622 0.895572 0.568459 0.887184 0.561638 0.915875
0 0.270727 0.763678 0.273426 0.740583 0.261229 0.736077 0.258529 0.759172
0 0.546996 0.846726 0.549695 0.818614 0.538719 0.815283 0.53602 0.843394
0 0.0437647 0.791125 0.0572847 0.770477 0.0494979 0.754362 0.0359779 0.77501
0 0.145164 0.882377 0.150884 0.860365 0.139938 0.851374 0.134218 0.873386
0 0.0759823 0.983595 0.098149 0.949705 0.0882707 0.929284 0.066104 0.963175
0 0.2846 0.828731 0.289609 0.79783 0.27895 0.79237 0.273941 0.823271
0 0.8887 0.420754 0.891115 0.396097 0.876814 0.39167 0.874399 0.416327
0 0.953267 0.311563 0.958397 0.279309 0.941782 0.270957 0.936652 0.303211
0 0.796164 0.666481 0.809907 0.640659 0.80039 0.624651 0.786647 0.650473
0 0.926669 0.413697 0.930063 0.393848 0.918022 0.387342 0.914629 0.407192
0 0.921358 0.439841 0.92288 0.41623 0.907579 0.413113 0.906057 0.436724
0 0.168119 0.916956 0.172122 0.889149 0.154395 0.881084 0.150392 0.90889
0 0.34717 0.948909 0.350769 0.912434 0.329979 0.905951 0.32638 0.942426
0 0.234158 0.845908 0.242854 0.789786 0.221024 0.779095 0.212327 0.835217
0 0.336619 0.484626 0.351457 0.479584 0.341856 0.390288 0.327018 0.395331
0 0.687536 0.359454 0.693622 0.337033 0.685284 0.32988 0.679198 0.352302
0 0.518972 0.665879 0.527765 0.644571 0.51967 0.634013 0.510876 0.65532
0 0.579798 0.860473 0.586612 0.834579 0.576744 0.826374 0.569931 0.852268
0 0.260356 0.71492 0.261633 0.696719 0.251195 0.694405 0.249919 0.712607
0 0.11172 0.856552 0.116052 0.83166 0.0999299 0.822793 0.0955981 0.847686
0 0.184662 0.298184 0.214108 0.273295 0.190813 0.186191 0.161367 0.21108
0 0.0262517 0.265276 0.181629 0.209933 0.172373 0.127802 0.0169955 0.183145
0 0.790303 0.481325 0.794166 0.453036 0.776769 0.445529 0.772906 0.473818
0 0.800752 0.479345 0.813266 0.461248 0.795925 0.423352 0.783412 0.441448
0 0.510044 0.718482 0.515624 0.698582 0.505969 0.690025 0.500389 0.709925
0 0.147934 0.9094 0.152672 0.880078 0.140248 0.873733 0.13551 0.903055
0 0.694612 0.725162 0.703284 0.692315 0.678739 0.671835 0.670067 0.704682
0 0.721677 0.509135 0.725365 0.483657 0.708915 0.47613 0.705227 0.501609
0 0.116092 0.762381 0.124984 0.742123 0.11444 0.727496 0.105548 0.747755
0 0.239707 0.887105 0.245876 0.865139 0.231191 0.852104 0.225022 0.874071
0 0.274094 0.805031 0.285644 0.775404 0.27324 0.760122 0.26169 0.78975
0 0.745633 0.480862 0.750607 0.464319 0.740142 0.454374 0.735168 0.470917
0 0.258131 0.798556 0.265461 0.778869 0.25522 0.766819 0.24789 0.786506
0 0.570236 0.635332 0.573007 0.616728 0.562336 0.611706 0.559566 0.63031
0 0.581286 0.84325 0.598625 0.820396 0.579885 0.77546 0.562546 0.798314
0 0.124762 0.784716 0.126468 0.765554 0.112677 0.761675 0.110972 0.780837
0 0.381901 0.892798 0.395214 0.856543 0.383864 0.84337 0.37055 0.879625
0 0.575984 0.727477 0.582761 0.697977 0.569853 0.688605 0.563076 0.718105
0 0.45162 0.963991 0.453328 0.923928 0.431115 0.920936 0.429408 0.960999
0 0.663191 0.353031 0.669211 0.332511 0.659259 0.323283 0.653239 0.343803
0 0.713261 0.621197 0.724313 0.603037 0.716747 0.588482 0.705694 0.606642
0 0.153177 0.860709 0.156553 0.837382 0.143451 0.83139 0.140076 0.854717
0 0.581986 0.587649 0.583812 0.56465 0.572593 0.561835 0.570767 0.584834
0 0.560452 0.672755 0.562875 0.646854 0.548503 0.642605 0.54608 0.668506
0 0.938486 0.456928 0.942178 0.434061 0.924069 0.424822 0.920378 0.447689
0 0.667324 0.442383 0.669287 0.425252 0.659304 0.421635 0.65734 0.438766
0 0.219938 0.756305 0.220657 0.735146 0.20808 0.733795 0.207361 0.754955
0 0.860094 0.415309 0.866681 0.388585 0.850592 0.376051 0.844004 0.402775
0 0.581885 0.660118 0.589524 0.649547 0.579289 0.626172 0.57165 0.636743
0 0.864319 0.496151 0.865361 0.443564 0.832229 0.44149 0.831187 0.494076
0 0.61735 0.511673 0.623594 0.479653 0.612805 0.473004 0.606561 0.505023
0 0.852582 0.328218 0.859973 0.265522 0.821461 0.251171 0.814069 0.313867
0 0.208979 0.666599 0.210239 0.64267 0.195095 0.64015 0.193835 0.664079
0 0.87308 0.762696 0.87711 0.720711 0.85948 0.715362 0.85545 0.757347
0 0.0836516 1.00025 0.108695 0.970425 0.100164 0.947785 0.0751207 0.977609
0 0.133003 0.575374 0.135721 0.494253 0.0911761 0.489536 0.0884582 0.570657
0 0.193153 0.798984 0.195895 0.769001 0.175981 0.763247 0.173239 0.79323
0 0.633247 0.658403 0.637187 0.63914 0.628266 0.633373 0.624326 0.652636
0 0.0983641 0.879637 0.104515 0.855732 0.0926202 0.846058 0.0864691 0.869964
0 0.66537 0.492903 0.66985 0.479266 0.661104 0.470186 0.656624 0.483823
0 0.564588 0.773837 0.575652 0.757774 0.562149 0.728382 0.551086 0.744445
0 0.113809 0.906253 0.115547 0.883562 0.0978224 0.879272 0.0960846 0.901963
0 0.607058 0.520681 0.607868 0.482054 0.589786 0.480855 0.588975 0.519481
0 0.667958 0.276245 0.674053 0.253515 0.664196 0.24516 0.6581 0.26789
0 0.71964 0.402012 0.724212 0.381446 0.713612 0.373998 0.70904 0.394564
0 0.684661 0.33985 0.68995 0.319726 0.681465 0.312677 0.676176 0.332801
0 0.698855 0.38383 0.701121 0.362728 0.687329 0.358046 0.685062 0.379148
0 0.777651 0.389681 0.779278 0.366815 0.766413 0.363923 0.764786 0.386788
0 0.738143 0.503203 0.7418 0.48443 0.728212 0.476064 0.724554 0.494837
0 0.172796 0.949633 0.178358 0.921984 0.160596 0.910691 0.155034 0.93834
0 0.0462539 0.947556 0.0515606 0.908703 0.0323746 0.900421 0.0270679 0.939273
0 0.643853 0.57845 0.653271 0.554185 0.641017 0.539152 0.631599 0.563417
0 0.57306 0.218493 0.571564 0.165022 0.540423 0.167776 0.541919 0.221246
0 0.595175 0.592817 0.596718 0.57404 0.585173 0.571043 0.583631 0.58982
0 0.0388191 0.932331 0.0548431 0.899264 0.0435212 0.881924 0.0274972 0.91499
0 0.677992 0.453913 0.679598 0.435837 0.667856 0.43254 0.666251 0.450616
0 0.736623 0.452123 0.743195 0.435859 0.72932 0.418138 0.722748 0.434402
0 0.581949 0.690079 0.594349 0.667779 0.586078 0.653243 0.573678 0.675543
0 0.587097 0.725433 0.589749 0.702685 0.57928 0.698828 0.576628 0.721576
0 0.24846 0.558718 0.250447 0.533388 0.237168 0.530096 0.235181 0.555425
0 0.167629 0.267904 0.179201 0.247589 0.152367 0.199282 0.140795 0.219598
0 0.755092 0.366801 0.759823 0.347687 0.750015 0.340014 0.745284 0.359128
0 0.519278 0.710775 0.525179 0.689137 0.512636 0.678327 0.506736 0.699965
0 0.158483 0.889875 0.166568 0.862537 0.154362 0.851127 0.146276 0.878466
0 0.157315 0.797936 0.161167 0.776721 0.151588 0.771223 0.147735 0.792437
0 0.790314 0.440047 0.800224 0.430587 0.789686 0.395695 0.779775 0.405156
0 0.908384 0.458144 0.910166 0.433932 0.896015 0.430642 0.894234 0.454854
0 0.889663 0.601978 0.891568 0.574357 0.875729 0.570904 0.873824 0.598525
0 0.223149 0.976358 0.229351 0.954987 0.217876 0.944464 0.211675 0.965834
0 0.676037 0.366309 0.681385 0.341811 0.670909 0.334583 0.665561 0.359081
0 0.42582 0.852447 0.421076 0.803654 0.39069 0.812993 0.395435 0.861785
0 0.845839 0.755877 0.854764 0.723063 0.834918 0.706003 0.825993 0.738817
0 0.781699 0.45118 0.782332 0.421713 0.7554 0.419883 0.754766 0.44935
0 0.416101 0.728615 0.424831 0.701988 0.413354 0.690095 0.404624 0.716721
0 0.261851 0.46524 0.282342 0.446545 0.264864 0.385996 0.244372 0.404691
0 0.759012 0.644239 0.768477 0.625767 0.754777 0.603578 0.745311 0.62205
0 0.601334 0.576434 0.604193 0.552996 0.591872 0.548245 0.589013 0.571683
0 0.726805 0.583693 0.732226 0.559776 0.717821 0.549456 0.712399 0.573372
0 0.907917 0.563671 0.913747 0.547501 0.896587 0.527949 0.890757 0.54412
0 0.687295 0.294372 0.690798 0.259572 0.671686 0.25349 0.668182 0.28829
0 0.382076 0.923648 0.384937 0.893795 0.370692 0.889481 0.367831 0.919333
0 0.236136 0.632214 0.237235 0.613666 0.224565 0.611293 0.223466 0.629841
0 0.62177 0.540894 0.621966 0.513726 0.602786 0.513288 0.60259 0.540455
0 0.738729 0.576405 0.744671 0.55867 0.732601 0.545888 0.726659 0.563623
0 0.758261 0.503357 0.764353 0.482553 0.750662 0.469882 0.74457 0.490687
0 0.50258 0.872689 0.515221 0.834697 0.499365 0.818022 0.486723 0.856014
0 0.483742 0.737226 0.495154 0.694444 0.483483 0.684604 0.472071 0.727387
0 0.361534 0.843591 0.373977 0.820597 0.367053 0.808753 0.354609 0.831748
0 1.00797 0.297303 1.0033 0.234187 0.974318 0.240955 0.978982 0.304071
0 0.611414 0.627845 0.614713 0.608845 0.604486 0.603233 0.601187 0.622232
0 0.660525 0.631481 0.664953 0.610882 0.654359 0.603683 0.64993 0.624283
0 0.106987 0.968879 0.119335 0.949661 0.111697 0.934152 0.0993497 0.953369
0 0.627159 0.736106 0.638509 0.686635 0.620909 0.673873 0.609559 0.723344
0 0.709709 0.407564 0.712347 0.392781 0.703687 0.387896 0.701048 0.40268
0 0.21475 0.706335 0.217175 0.682011 0.204672 0.678071 0.202247 0.702395
0 0.661025 0.751645 0.663883 0.726585 0.643334 0.719176 0.640475 0.744236
0 0.647795 0.599072 0.650877 0.577072 0.639015 0.571821 0.635933 0.593821
0 0.232606 0.736276 0.233608 0.714903 0.2208 0.713005 0.219798 0.734378
0 0.53244 0.701706 0.535959 0.680476 0.526992 0.675779 0.523473 0.697009
0 0.0573047 1.00852 0.0701502 0.989628 0.0616533 0.971371 0.0488079 0.990267
0 0.260062 0.385096 0.254664 0.319818 0.229366 0.326429 0.234764 0.391707
0 0.75782 0.613916 0.765083 0.596916 0.753855 0.581757 0.746593 0.598757
0 0.152988 1.0099 0.169345 0.984515 0.159451 0.964371 0.143094 0.98976
0 0.638493 0.754738 0.6422 0.733793 0.630276 0.727123 0.626569 0.748068
0 0.10605 0.836303 0.120733 0.811236 0.112 0.795068 0.0973165 0.820135
0 0.812666 0.578099 0.817069 0.560889 0.801263 0.54811 0.79686 0.565321
0 0.127454 0.931449 0.131343 0.904274 0.118397 0.898417 0.114507 0.925592
0 0.150839 0.774495 0.153069 0.755324 0.140519 0.750709 0.138288 0.76988
0 0.171137 0.791073 0.173542 0.769893 0.163737 0.766374 0.161332 0.787554
0 0.204074 0.789868 0.205508 0.76305 0.189005 0.760261 0.187571 0.78708
0 0.836814 0.240679 0.841225 0.215424 0.828791 0.208561 0.824381 0.233815
0 0.716581 0.445306 0.719668 0.426609 0.711441 0.422317 0.708354 0.441013
0 0.98653 0.508478 0.987756 0.482323 0.973905 0.480271 0.972679 0.506426
0 0.590545 0.615512 0.592126 0.590383 0.580479 0.588067 0.578898 0.613195
0 0.66843 0.630902 0.678635 0.620167 0.666024 0.582275 0.655818 0.59301
0 0.683221 0.514889 0.685917 0.488553 0.675133 0.485063 0.672436 0.511399
0 0.189824 0.805071 0.191084 0.78628 0.177247 0.783348 0.175987 0.802139
0 0.599411 0.734578 0.603643 0.71427 0.589677 0.705071 0.585445 0.72538
0 0.853063 0.765615 0.858352 0.740826 0.844066 0.731192 0.838777 0.755982
0 0.830931 0.663921 0.835384 0.641811 0.816465 0.629768 0.812011 0.651878
0 0.800319 0.606761 0.806637 0.578971 0.789127 0.566389 0.782809 0.594179
0 0.520905 0.608742 0.523221 0.583839 0.510652 0.580145 0.508336 0.605048
0 0.16851 0.887916 0.185424 0.864293 0.177787 0.847011 0.160873 0.870634
0 0.78203 0.657219 0.784054 0.630765 0.769055 0.627137 0.767031 0.653591
0 0.184251 0.948976 0.18717 0.920111 0.173359 0.915697 0.17044 0.944562
0 0.534238 0.839327 0.536749 0.813563 0.523589 0.809511 0.521079 0.835275
0 0.0345351 0.954121 0.0488636 0.909529 0.0312188 0.89161 0.0168903 0.936202
0 0.56099 0.885841 0.568005 0.858905 0.558469 0.851057 0.551455 0.877992
0 0.750779 0.612648 0.755191 0.589093 0.743272 0.582038 0.73886 0.605593
0 0.556805 0.594935 0.563267 0.573409 0.555093 0.565654 0.548631 0.58718
0 0.0660925 1.01005 0.081138 0.983136 0.0713518 0.965845 0.0563063 0.992757
0 0.160012 0.126498 0.175171 0.0987507 0.143943 0.0448295 0.128784 0.0725769
0 0.907108 0.438289 0.909429 0.414548 0.896077 0.410422 0.893756 0.434162
0 0.570004 0.447463 0.575224 0.421584 0.56203 0.413172 0.556809 0.43905
0 0.221943 0.737439 0.223686 0.714117 0.209774 0.710832 0.208032 0.734154
0 0.6362 0.439252 0.641112 0.416952 0.631436 0.410216 0.626524 0.432516
0 0.250575 0.699493 0.256402 0.676213 0.246059 0.668031 0.240232 0.69131
0 0.570262 0.678424 0.574934 0.654892 0.565549 0.649004 0.560878 0.672536
0 0.137708 0.986248 0.14248 0.952887 0.124063 0.944561 0.119291 0.977922
0 0.445371 0.940268 0.448353 0.908988 0.428227 0.902924 0.425245 0.934204
0 0.0929298 0.945602 0.105569 0.911333 0.0919933 0.895508 0.079354 0.929777
0 0.922757 0.173388 0.928454 0.155511 0.916541 0.143511 0.910843 0.161388
0 0.649452 0.456577 0.6527 0.438998 0.643254 0.433482 0.640006 0.451062
0 0.183416 0.927822 0.185713 0.907885 0.172979 0.903246 0.170681 0.923183
0 0.543256 0.723831 0.544115 0.69116 0.529118 0.689915 0.52826 0.722586
0 0.620978 0.629535 0.624293 0.605957 0.614052 0.601406 0.610737 0.624984
0 0.497705 0.74401 0.500308 0.720674 0.488997 0.716688 0.486395 0.740024
0 0.646208 0.411562 0.649937 0.386958 0.640732 0.382549 0.637003 0.407153
0 0.50948 0.625899 0.510985 0.6047 0.498583 0.601918 0.497078 0.623116
0 0.239637 0.83273 0.245285 0.787573 0.227354 0.780484 0.221705 0.825641
0 0.782714 0.29019 0.784547 0.269448 0.772561 0.2661 0.770727 0.286842
0 0.141133 0.771808 0.141906 0.752863 0.127387 0.750993 0.126615 0.769937
0 0.790309 0.380196 0.797615 0.34733 0.781449 0.335972 0.774143 0.368838
0 0.657457 0.515655 0.660141 0.500934 0.6497 0.494918 0.647016 0.50964
0 0.239935 0.692564 0.242076 0.66785 0.228216 0.664055 0.226074 0.688768
0 0.847214 0.617203 0.849032 0.59535 0.832726 0.591064 0.830909 0.612917
0 0.066069 0.0931648 0.0874481 0.00862228 0.05826 -0.0147056 0.0368809 0.0698369
0 0.884603 0.13478 0.887179 0.110367 0.874168 0.106028 0.871592 0.130441
0 0.225897 0.769358 0.227926 0.744966 0.216112 0.74186 0.214083 0.766252
0 0.586511 0.638122 0.592635 0.617225 0.582808 0.608122 0.576683 0.62902
0 0.586925 0.565816 0.589932 0.547502 0.579265 0.541968 0.576259 0.560281
0 0.141406 0.808714 0.146745 0.790029 0.135674 0.78003 0.130335 0.798715
0 0.752593 0.457535 0.754767 0.436793 0.743367 0.433016 0.741193 0.453758
0 0.397391 0.680799 0.402758 0.653408 0.392829 0.647259 0.387462 0.67465
0 0.838465 0.784882 0.848589 0.761363 0.825803 0.730363 0.815679 0.753882
0 0.695012 0.476366 0.697435 0.451455 0.686832 0.448196 0.684409 0.473107
0 0.0811849 0.881564 0.0934157 0.857246 0.0850587 0.843961 0.0728279 0.868279
0 0.875301 0.585936 0.876601 0.56435 0.863918 0.561935 0.862618 0.583521
0 0.691386 0.442353 0.693731 0.424872 0.684988 0.421165 0.682643 0.438646
0 0.743268 0.358037 0.746656 0.341482 0.737551 0.335594 0.734163 0.352149
0 0.758532 0.389434 0.761341 0.364607 0.746359 0.359249 0.74355 0.384076
0 0.807186 0.362396 0.809289 0.339047 0.797252 0.33562 0.795149 0.358969
0 0.724209 0.432762 0.726571 0.417226 0.717258 0.412751 0.714896 0.428287
0 0.506571 0.793141 0.51046 0.772564 0.498325 0.765316 0.494437 0.785894
0 0.231759 0.297727 0.26822 0.25208 0.228836 0.152653 0.192375 0.1983
0 0.40912 0.925177 0.416435 0.878341 0.398201 0.86934 0.390885 0.916176
0 0.635688 0.733129 0.637528 0.700253 0.620902 0.697311 0.619061 0.730187
0 0.0956619 0.908277 0.0981124 0.882186 0.0833666 0.877809 0.080916 0.903899
0 0.0517046 0.121034 0.0597922 -0.0123089 -0.0137952 -0.0264149 -0.0218827 0.106928
0 0.621146 0.654518 0.623935 0.636021 0.615107 0.631813 0.612317 0.65031
0 0.56054 0.652382 0.562864 0.63176 0.551135 0.627582 0.548811 0.648204
0 0.644063 0.667032 0.648832 0.649121 0.638558 0.640476 0.633789 0.658386
0 0.5457 0.855204 0.548787 0.826796 0.539309 0.823541 0.536222 0.85195
0 0.175813 0.872499 0.196346 0.845529 0.186449 0.821715 0.165916 0.848684
0 0.528468 0.740424 0.532789 0.7173 0.520149 0.709836 0.515828 0.73296
0 0.796774 0.556785 0.811725 0.536997 0.788628 0.481846 0.773678 0.501635
0 0.728613 0.363117 0.73024 0.339443 0.714051 0.335927 0.712425 0.359602
0 0.617214 0.701911 0.627922 0.676746 0.6177 0.662998 0.606991 0.688163
0 0.884392 0.391141 0.88972 0.372656 0.879037 0.362925 0.873709 0.38141
0 0.757407 0.517582 0.76156 0.502708 0.750314 0.492784 0.746161 0.507659
0 0.420966 0.746089 0.43138 0.725237 0.423113 0.712188 0.412699 0.733039
0 0.402637 0.932449 0.407547 0.904643 0.388028 0.89375 0.383118 0.921556
0 0.0285366 0.84616 0.0442875 0.820761 0.0306697 0.79407 0.0149188 0.819469
0 0.561297 0.924603 0.568314 0.896512 0.557536 0.888002 0.550518 0.916093
0 0.796198 0.505379 0.802711 0.48642 0.788787 0.471302 0.782274 0.490261
0 0.482929 0.909159 0.486244 0.883687 0.473355 0.878385 0.470039 0.903857
0 0.521838 0.742152 0.532266 0.730056 0.519848 0.696219 0.50942 0.708315
0 0.0347268 0.865525 0.0361924 0.834378 0.0169634 0.831518 0.0154977 0.862665
0 0.620615 1.00516 0.639672 0.987983 0.622184 0.926672 0.603127 0.943853
0 0.906298 0.395634 0.923749 0.364893 0.913202 0.345969 0.89575 0.37671
0 0.143919 1.00306 0.143967 0.969987 0.119313 0.969872 0.119264 1.00294
0 0.868539 0.448797 0.871825 0.426296 0.853797 0.417975 0.850511 0.440476
0 0.525878 0.89506 0.531148 0.848774 0.503509 0.838827 0.498238 0.885114
0 0.902899 0.543707 0.908114 0.511762 0.890112 0.502475 0.884898 0.53442
0 0.773531 0.660617 0.776519 0.638586 0.763226 0.632888 0.760238 0.65492
0 0.684731 0.48884 0.68797 0.466347 0.677392 0.461533 0.674154 0.484027
0 0.66831 0.32445 0.671387 0.302625 0.66131 0.298134 0.658233 0.319959
0 0.954327 0.354479 0.957151 0.335554 0.941811 0.328318 0.938986 0.347243
0 0.804256 0.22149 0.815039 0.196175 0.804583 0.182099 0.7938 0.207414
0 0.433677 0.733014 0.439369 0.709688 0.427971 0.700896 0.422279 0.724222
0 0.721689 0.448855 0.725139 0.431402 0.716562 0.426045 0.713113 0.443497
0 0.158149 0.813333 0.160267 0.793416 0.148319 0.789401 0.146201 0.809317
0 0.806064 0.620247 0.807193 0.571606 0.782488 0.569794 0.781359 0.618435
0 0.220948 0.654508 0.222816 0.632272 0.210346 0.628962 0.208478 0.651197
0 0.633042 0.621015 0.63635 0.598447 0.626637 0.593948 0.62333 0.616516
0 0.919241 0.506337 0.920785 0.474895 0.907457 0.472827 0.905913 0.504269
0 0.333995 0.930115 0.351441 0.878176 0.332329 0.857887 0.314883 0.909825
0 0.520282 0.686695 0.52389 0.665452 0.513724 0.659995 0.510116 0.681238
0 0.946139 0.226387 0.95042 0.204855 0.936978 0.196409 0.932697 0.21794
0 0.692135 0.398047 0.695034 0.37977 0.685163 0.374822 0.682264 0.393099
0 0.247631 0.715995 0.24977 0.69792 0.241176 0.694705 0.239036 0.712779
0 0.63822 0.445022 0.642925 0.426401 0.634635 0.41978 0.62993 0.438402
0 0.624355 0.484878 0.629077 0.464265 0.619157 0.457083 0.614435 0.477697
0 0.958378 0.577546 0.959125 0.54793 0.941774 0.546546 0.941027 0.576163
0 0.856636 0.656807 0.857887 0.63467 0.842327 0.63189 0.841076 0.654027
0 0.707723 0.653529 0.713821 0.608868 0.68237 0.595295 0.676272 0.639956
0 0.124912 0.946204 0.127285 0.925222 0.115533 0.921021 0.11316 0.942003
0 0.532025 0.618428 0.538947 0.596612 0.52979 0.58743 0.522868 0.609246
0 0.771959 0.453624 0.773381 0.42756 0.751344 0.423759 0.749922 0.449823
0 0.667602 0.702828 0.669514 0.677952 0.655887 0.674641 0.653975 0.699518
0 0.546778 0.620116 0.551025 0.595854 0.541351 0.590502 0.537104 0.614764
0 0.96757 0.479336 0.975487 0.45796 0.961615 0.441721 0.953698 0.463098
0 0.731829 0.262115 0.73681 0.241813 0.728778 0.235586 0.723798 0.255889
0 0.429684 0.658592 0.435593 0.622422 0.420737 0.614752 0.414828 0.650922
0 0.883913 0.256074 0.88604 0.22142 0.868861 0.218087 0.866734 0.252742
0 0.613634 0.591774 0.615845 0.570472 0.60552 0.567085 0.603309 0.588387
0 0.125427 0.604689 0.124225 0.576147 0.104189 0.578814 0.105391 0.607357
0 0.973929 0.54635 0.975294 0.51907 0.960409 0.516716 0.959044 0.543996
0 0.743489 0.503518 0.746063 0.486064 0.734795 0.480813 0.732221 0.498267
0 0.862597 0.593906 0.865408 0.561134 0.842395 0.554896 0.839584 0.587668
0 0.508356 0.663502 0.51313 0.641262 0.50375 0.634898 0.498976 0.657139
0 0.759712 0.476862 0.762254 0.454762 0.750328 0.450428 0.747787 0.472528
0 0.955626 0.413587 0.975887 0.385231 0.968481 0.368508 0.948221 0.396864
0 0.150401 0.787925 0.15276 0.769648 0.142559 0.765487 0.1402 0.783764
