0 0.501122 0.970058 0.503369 0.905738 0.466321 0.901647 0.464074 0.965967
0 0.402936 0.576011 0.402376 0.526823 0.375039 0.527806 0.375599 0.576994
0 0.986068 1.07221 1.01653 0.882891 0.811874 0.778822 0.781414 0.968136
0 0.354223 0.952879 0.346814 0.844529 0.282428 0.858443 0.289837 0.966793
0 0.248613 0.937994 0.276403 0.884585 0.258813 0.85566 0.231024 0.909069
0 0.425285 0.844458 0.427364 0.805409 0.407643 0.80209 0.405563 0.841139
0 0.409011 1.00868 0.418894 0.975603 0.404215 0.961739 0.394331 0.994813
0 0.479126 1.0127 0.494796 0.973627 0.475976 0.949773 0.460305 0.988848
0 0.833568 0.673506 0.836056 0.61545 0.802391 0.610888 0.799902 0.668945
0 0.289047 0.92292 0.290871 0.884927 0.267939 0.881448 0.266116 0.919442
0 0.435132 0.965581 0.436042 0.874789 0.387509 0.873251 0.386599 0.964044
0 0.48434 0.914374 0.492969 0.885771 0.479539 0.872966 0.47091 0.901569
0 0.249877 0.848761 0.277269 0.826696 0.271316 0.803338 0.243924 0.825402
0 0.789994 0.561924 0.789834 0.515856 0.752009 0.51627 0.752169 0.562339
0 0.33684 0.536109 0.337029 0.499705 0.316609 0.49937 0.31642 0.535774
0 0.387085 0.770097 0.387812 0.741696 0.369663 0.740227 0.368936 0.768629
0 0.54914 0.987155 0.547747 0.952124 0.520815 0.955508 0.522208 0.99054
0 0.283294 0.962237 0.303366 0.926001 0.288693 0.900314 0.268622 0.93655
0 0.338017 0.995111 0.359617 0.94472 0.34014 0.918334 0.31854 0.968725
0 0.490028 0.853057 0.491177 0.823094 0.47498 0.821132 0.473831 0.851094
0 0.459635 0.805784 0.461608 0.776911 0.445635 0.773461 0.443661 0.802334
0 0.430061 1.00377 0.435036 0.968096 0.418952 0.961005 0.413976 0.996674
0 0.291772 0.892082 0.301916 0.826161 0.273981 0.812575 0.263838 0.878497
0 0.434629 1.00099 0.477621 0.984281 0.461778 0.855428 0.418786 0.872134
0 0.461004 0.826687 0.461348 0.804166 0.445909 0.803419 0.445565 0.825941
0 0.373019 0.746775 0.374653 0.726259 0.362528 0.723207 0.360894 0.743722
0 0.780591 0.685113 0.786938 0.647744 0.770366 0.638849 0.76402 0.676218
0 0.369906 0.897515 0.372491 0.859888 0.352714 0.855593 0.350128 0.893219
0 0.432488 0.873927 0.444242 0.838235 0.42888 0.822247 0.417127 0.857939
0 0.794127 0.627029 0.802574 0.602316 0.785303 0.583657 0.776855 0.608369
0 0.496777 0.897913 0.504312 0.876607 0.48948 0.860028 0.481945 0.881334
0 0.52353 1.00456 0.524902 0.972504 0.507864 0.970199 0.506492 1.00225
0 0.0952322 0.742874 0.098589 0.717996 0.084409 0.711949 0.0810521 0.736826
0 0.257565 0.891622 0.269648 0.842618 0.242999 0.82185 0.230916 0.870854
0 0.29553 0.758394 0.311932 0.72832 0.29837 0.704944 0.281968 0.735018
0 0.776608 0.650912 0.777633 0.628786 0.756925 0.625756 0.755901 0.647882
0 0.292498 0.778706 0.288018 0.73665 0.258816 0.74648 0.263296 0.788537
0 0.739499 0.799544 0.753563 0.776802 0.733886 0.738342 0.719821 0.761084
0 0.527486 0.965888 0.546913 0.944062 0.530065 0.896665 0.510638 0.918491
0 0.355778 0.669956 0.367412 0.640508 0.356804 0.627262 0.34517 0.65671
0 0.148352 0.977789 0.167639 0.95638 0.159534 0.933303 0.140247 0.954712
0 0.358922 0.874263 0.356525 0.82659 0.323593 0.831824 0.32599 0.879497
0 0.449654 0.700978 0.45707 0.678967 0.445781 0.666945 0.438365 0.688957
0 0.387115 0.984803 0.400238 0.950308 0.38668 0.934004 0.373556 0.968499
0 0.499568 0.830535 0.501075 0.809679 0.488047 0.806704 0.48654 0.82756
0 0.122109 1.00022 0.148395 0.984851 0.144018 0.961191 0.117731 0.976561
0 0.524272 0.920735 0.527988 0.879131 0.507422 0.873326 0.503706 0.91493
0 0.306163 0.810025 0.331266 0.788862 0.323804 0.760891 0.298702 0.782054
0 0.395589 0.832457 0.396704 0.803155 0.381994 0.801386 0.380879 0.830687
0 0.513117 0.874889 0.51132 0.832798 0.4929 0.835283 0.494696 0.877374
0 0.44511 0.836134 0.445552 0.811277 0.430061 0.810407 0.429619 0.835263
0 0.597492 1.00591 0.599293 0.944085 0.572506 0.941619 0.570705 1.00344
0 0.498601 0.797756 0.501311 0.775949 0.48083 0.767904 0.47812 0.78971
0 0.771898 1.06753 0.836602 0.970299 0.762901 0.815291 0.698196 0.912524
0 0.384968 0.892426 0.38674 0.862925 0.368977 0.859554 0.367205 0.889055
0 0.562636 0.959266 0.559129 0.894088 0.534957 0.898199 0.538464 0.963377
0 0.518538 0.561911 0.522496 0.524672 0.498735 0.516689 0.494776 0.553928
0 0.729329 0.586706 0.733365 0.562239 0.718015 0.554237 0.713979 0.578704
0 0.720002 0.67794 0.720742 0.654031 0.708492 0.652831 0.707751 0.676741
0 0.577053 0.988604 0.575502 0.939678 0.551242 0.942109 0.552793 0.991034
0 0.728814 0.75754 0.737932 0.73534 0.719775 0.711772 0.710657 0.733971
0 0.706726 0.632329 0.711137 0.609257 0.693512 0.598605 0.6891 0.621677
0 0.445676 0.81753 0.44972 0.794109 0.434443 0.785774 0.430399 0.809195
0 0.079826 0.976032 0.0925319 0.952672 0.0845227 0.938903 0.0718167 0.962263
0 0.735489 0.672531 0.737137 0.652247 0.720351 0.647937 0.718703 0.668221
0 0.797776 0.66711 0.803134 0.638564 0.789204 0.630301 0.783846 0.658847
0 0.387878 1.00744 0.391957 0.984218 0.379353 0.977222 0.375274 1.00045
0 0.178394 0.953653 0.191674 0.923382 0.180159 0.907415 0.166878 0.937687
0 0.146138 0.906202 0.147525 0.885474 0.135951 0.883026 0.134564 0.903754
0 0.764377 0.739007 0.768556 0.690099 0.747465 0.684403 0.743286 0.733311
0 0.460879 0.868691 0.464364 0.826182 0.442326 0.820472 0.438841 0.862981
0 0.703688 0.734671 0.711044 0.704696 0.693148 0.690817 0.685793 0.720792
0 0.717121 0.727302 0.72585 0.706623 0.710511 0.686162 0.701783 0.70684
0 0.254765 0.953225 0.277176 0.922926 0.266869 0.898831 0.244458 0.929131
0 0.469207 0.793142 0.470698 0.770474 0.458666 0.767973 0.457175 0.790641
0 0.6146 0.888637 0.615166 0.862672 0.598046 0.861491 0.597479 0.887457
0 0.373402 0.857943 0.386276 0.81181 0.366339 0.794228 0.353466 0.840361
0 0.57728 0.770133 0.570666 0.714509 0.547549 0.723197 0.554163 0.77882
0 0.227528 0.917195 0.24491 0.886465 0.23197 0.86333 0.214587 0.894059
0 0.567123 0.804887 0.579618 0.781368 0.569478 0.764341 0.556982 0.78786
0 1.00173 0.772232 0.998148 0.717182 0.960357 0.724951 0.963938 0.780001
0 0.352927 0.839331 0.36579 0.808788 0.354361 0.793575 0.341498 0.824118
0 0.0679263 1.01156 0.08113 0.998648 0.0753884 0.980087 0.0621847 0.992995
0 0.29259 0.827597 0.309347 0.788229 0.293411 0.766791 0.276654 0.806159
0 0.479035 0.895775 0.486874 0.864747 0.474357 0.854751 0.466518 0.88578
0 0.132093 0.824737 0.135154 0.801068 0.12196 0.795676 0.1189 0.819345
0 0.776459 0.524175 0.780049 0.494932 0.757787 0.486296 0.754197 0.515539
0 0.579097 0.90105 0.584883 0.870954 0.568812 0.861189 0.563026 0.891285
0 0.488093 0.815277 0.492013 0.79352 0.479074 0.786152 0.475154 0.807909
0 0.743671 0.732939 0.748452 0.694186 0.730087 0.687025 0.725306 0.725778
0 0.474823 0.811622 0.477533 0.791113 0.46579 0.786209 0.46308 0.806718
0 0.355287 0.999122 0.366264 0.966603 0.35486 0.954436 0.343883 0.986956
0 0.882253 0.745436 0.888471 0.715864 0.868903 0.70286 0.862685 0.732433
0 0.487901 0.131891 0.51498 0.0352028 0.440782 -0.0304721 0.413704 0.0662158
0 0.729345 1.00363 0.737471 0.93136 0.701923 0.918728 0.693798 0.990997
0 0.0265371 0.993838 0.0429488 0.865283 -0.00593133 0.845561 -0.0223431 0.974116
0 0.501283 0.583128 0.50753 0.557459 0.486193 0.541045 0.479945 0.566714
0 0.521436 0.968546 0.526924 0.927468 0.508455 0.919672 0.502968 0.960749
0 0.797361 0.528926 0.798886 0.505347 0.778403 0.50116 0.776878 0.524739
0 0.575403 0.865283 0.577533 0.813832 0.546126 0.809722 0.543996 0.861172
0 0.239593 1.01803 0.324005 1.0001 0.320119 0.942277 0.235707 0.960211
0 0.388722 0.744391 0.39048 0.724663 0.377832 0.721102 0.376074 0.740829
0 0.170324 0.924585 0.171152 0.902364 0.1591 0.900944 0.158271 0.923165
0 0.505668 0.995325 0.51678 0.96697 0.502979 0.949877 0.491868 0.978233
0 0.724253 0.710328 0.732005 0.684472 0.717989 0.671192 0.710238 0.697049
0 0.746325 0.750185 0.750469 0.729662 0.737418 0.721333 0.733274 0.741856
0 0.247066 0.953911 0.243201 0.903088 0.210507 0.910946 0.214372 0.961769
0 0.436037 0.715644 0.443113 0.690286 0.431611 0.680142 0.424535 0.705501
0 0.405849 0.789116 0.409402 0.767764 0.393831 0.759573 0.390277 0.780926
0 0.444959 0.789461 0.447485 0.770596 0.437403 0.766329 0.434876 0.785193
0 0.428984 0.973078 0.431377 0.924034 0.39878 0.919007 0.396387 0.968052
0 0.39998 0.991591 0.406892 0.960659 0.394114 0.951636 0.387203 0.982568
0 0.521288 0.779381 0.522149 0.742768 0.500809 0.741183 0.499949 0.777796
0 0.404952 0.882291 0.415125 0.860639 0.405991 0.847076 0.395818 0.868728
0 0.232767 1.0017 0.231189 0.98342 0.213747 0.988179 0.215325 1.00646
0 0.590235 0.81077 0.596936 0.786316 0.583547 0.77472 0.576846 0.799174
0 0.380877 0.685401 0.382453 0.658858 0.364388 0.655469 0.362812 0.682012
0 0.534555 0.897977 0.539729 0.878304 0.523315 0.86466 0.518141 0.884332
0 0.51442 0.865319 0.534125 0.84709 0.520398 0.800192 0.500693 0.818422
0 0.151497 0.95311 0.166531 0.931169 0.156823 0.910145 0.141788 0.932087
0 0.374184 0.65949 0.378042 0.639387 0.366119 0.632156 0.362261 0.652259
0 0.421217 0.875088 0.424427 0.847562 0.409945 0.842225 0.406736 0.869751
0 0.349934 0.739654 0.351712 0.721234 0.335151 0.716182 0.333373 0.734602
0 0.396921 0.658315 0.400909 0.633864 0.385467 0.625904 0.381479 0.650355
0 0.262344 0.972722 0.279091 0.943419 0.269866 0.926755 0.253118 0.956059
0 0.843719 0.622591 0.841673 0.596758 0.821354 0.601846 0.8234 0.627679
0 0.563784 1.00813 0.565239 0.982304 0.532443 0.976466 0.530988 1.00229
0 0.363506 0.797672 0.375078 0.766017 0.364781 0.754121 0.35321 0.785776
0 0.480861 0.349536 0.477267 0.320589 0.442594 0.334192 0.446187 0.363138
0 0.589249 0.850356 0.592846 0.813672 0.579223 0.809451 0.575626 0.846134
0 0.0847008 0.990056 0.0974782 0.968699 0.0900749 0.954701 0.0772975 0.976057
0 0.388329 0.929133 0.397065 0.884974 0.382887 0.876109 0.374151 0.920269
0 0.111255 0.969047 0.116104 0.948942 0.105035 0.940505 0.100186 0.960609
0 0.425266 0.697125 0.428629 0.674974 0.416923 0.669357 0.41356 0.691509
0 0.27593 0.742641 0.278488 0.714766 0.263856 0.710522 0.261298 0.738396
0 0.825659 0.614634 0.825994 0.593526 0.811181 0.592784 0.810847 0.613891
0 0.523233 0.797479 0.525178 0.77143 0.509442 0.767716 0.507497 0.793764
0 0.457699 0.14808 0.463174 0.119495 0.448774 0.110778 0.443299 0.139363
0 0.189647 0.889992 0.194871 0.865034 0.184916 0.858449 0.179693 0.883407
0 0.28375 0.725526 0.284612 0.703973 0.27269 0.702466 0.271828 0.724019
0 0.365283 0.759076 0.368478 0.741066 0.357706 0.735027 0.354512 0.753037
0 0.721555 0.82527 0.732999 0.78434 0.702907 0.757747 0.691463 0.798677
0 0.0315288 0.788058 0.0329845 0.750975 0.0116684 0.748331 0.0102127 0.785413
0 0.716099 0.62684 0.72896 0.595491 0.71738 0.580476 0.704519 0.611824
0 0.0105026 0.796327 0.0153681 0.7655 -0.000808844 0.757431 -0.00567435 0.788258
0 0.140392 1.01006 0.157451 0.996852 0.152408 0.976264 0.135349 0.989469
0 0.715366 0.377806 0.717626 0.326555 0.689015 0.322567 0.686755 0.373818
0 0.0511109 0.998038 0.0738946 0.967203 0.0618999 0.939192 0.0391162 0.970027
0 0.3974 0.812323 0.402278 0.795555 0.388506 0.782892 0.383628 0.79966
0 0.607893 0.99481 0.611216 0.965083 0.596127 0.959752 0.592804 0.989479
0 0.391112 0.704481 0.39345 0.680898 0.380008 0.676687 0.377671 0.700271
0 0.116176 0.312441 0.129278 0.281512 0.109728 0.255336 0.0966252 0.286265
0 0.799424 0.508236 0.798885 0.467148 0.764448 0.468576 0.764988 0.509665
0 0.376637 0.918044 0.380809 0.891046 0.366562 0.884088 0.36239 0.911086
0 0.534047 0.592765 0.529371 0.560296 0.501777 0.572856 0.506453 0.605324
0 0.372986 1.00913 0.380581 0.988192 0.369024 0.974945 0.36143 0.995885
0 0.720939 0.797709 0.734498 0.742928 0.682429 0.702197 0.66887 0.756977
0 0.415548 0.685367 0.420566 0.651792 0.406612 0.645202 0.401595 0.678777
0 0.262602 0.770467 0.263549 0.736818 0.242348 0.734932 0.241401 0.768581
0 0.169732 1.00005 0.182053 0.976582 0.173757 0.962816 0.161436 0.986286
0 0.501499 1.00532 0.502488 0.984176 0.488062 0.982044 0.487073 1.00319
0 0.117221 0.914414 0.127022 0.886728 0.116804 0.875296 0.107003 0.902982
0 0.696904 0.83652 0.710557 0.815577 0.690564 0.774381 0.67691 0.795323
0 0.167463 0.893384 0.171065 0.876095 0.161037 0.869492 0.157435 0.886781
0 0.0966533 1.0107 0.117865 0.987602 0.110298 0.96564 0.0890855 0.988742
0 0.581182 0.950452 0.584776 0.922543 0.568632 0.915973 0.565038 0.943882
0 0.37382 0.981307 0.38345 0.9541 0.370791 0.939939 0.361161 0.967146
0 0.741298 0.708367 0.745505 0.683575 0.72922 0.674842 0.725013 0.699634
0 0.297612 0.413887 0.296945 0.373268 0.266305 0.374859 0.266972 0.415478
0 0.583881 0.768403 0.608019 0.728745 0.593954 0.70169 0.569816 0.741348
0 0.186088 0.966627 0.192678 0.946561 0.183469 0.937002 0.176879 0.957067
0 0.227692 0.981963 0.252168 0.962584 0.246351 0.939366 0.221875 0.958745
0 0.395532 0.611557 0.399162 0.585769 0.386789 0.580264 0.383159 0.606052
0 0.457313 0.59962 0.462447 0.577747 0.45066 0.569002 0.445526 0.590875
0 0.758008 0.781681 0.763411 0.74038 0.746613 0.733435 0.74121 0.774736
0 0.639986 1.02278 0.782077 0.84856 0.747389 0.759148 0.605298 0.933372
0 0.137813 0.934803 0.143333 0.91379 0.132436 0.904743 0.126916 0.925757
0 0.406644 0.615949 0.419049 0.595316 0.404202 0.567104 0.391797 0.587737
0 0.0254296 0.761852 0.049366 0.724397 0.03557 0.696532 0.0116336 0.733988
0 0.221985 0.734615 0.234059 0.691084 0.214349 0.673806 0.202275 0.717338
0 0.739271 0.642881 0.745206 0.617638 0.726613 0.603822 0.720678 0.629065
0 0.648061 0.886281 0.648724 0.862182 0.632398 0.860761 0.631734 0.88486
0 0.394435 0.875836 0.397788 0.853193 0.384926 0.847174 0.381573 0.869817
0 0.509149 0.93162 0.512727 0.905687 0.496554 0.898635 0.492977 0.924568
0 0.517408 0.920833 0.520771 0.884378 0.501515 0.878763 0.498152 0.915219
0 0.221318 0.791069 0.241662 0.727843 0.221412 0.70725 0.201068 0.770476
0 0.743755 0.662335 0.746594 0.642972 0.730686 0.635601 0.727847 0.654963
0 0.223449 0.877158 0.225422 0.858716 0.216572 0.855722 0.214598 0.874164
0 0.374685 0.953439 0.380014 0.927637 0.36745 0.919435 0.36212 0.945237
0 0.722277 0.65657 0.724742 0.63917 0.709888 0.632521 0.707424 0.64992
0 0.789306 0.656651 0.794027 0.632847 0.782022 0.625322 0.777302 0.649127
0 0.162078 0.984573 0.173346 0.968728 0.167017 0.954502 0.155749 0.970347
0 0.50162 0.392866 0.501047 0.358729 0.477032 0.360003 0.477605 0.39414
0 0.14008 0.886978 0.141938 0.872398 0.133251 0.8689 0.131393 0.88348
0 0.0419785 1.00119 0.0580233 0.974173 0.0497957 0.958733 0.0337508 0.985754
0 0.464779 0.629859 0.466303 0.596775 0.451224 0.59458 0.4497 0.627664
0 0.544538 0.886578 0.549792 0.861401 0.535693 0.852102 0.530439 0.877279
0 0.505138 0.92575 0.509459 0.903203 0.492311 0.892818 0.48799 0.915365
0 0.387106 0.939525 0.389862 0.907706 0.375076 0.903657 0.37232 0.935476
0 0.173816 0.961637 0.178098 0.942306 0.168593 0.935652 0.164311 0.954983
0 0.231565 0.827243 0.233617 0.805194 0.22288 0.802035 0.220827 0.824084
0 0.427796 0.408172 0.444506 0.348774 0.418998 0.326094 0.402288 0.385492
0 0.390961 0.378051 0.400569 0.348476 0.392503 0.340194 0.382895 0.36977
0 0.708611 0.700495 0.710561 0.681075 0.696745 0.67669 0.694795 0.69611
0 0.737142 0.202978 0.752563 0.140191 0.73182 0.124091 0.7164 0.186877
0 0.417965 0.574321 0.421943 0.543546 0.405176 0.536697 0.401198 0.567472
0 0.57849 0.828563 0.581859 0.802 0.567814 0.796369 0.564445 0.822932
0 0.213257 0.887884 0.217846 0.870773 0.208252 0.86264 0.203663 0.879751
0 0.0483297 1.00706 0.0478555 0.838515 9.65791e-05 0.83894 0.000570794 1.00749
0 0.78944 0.725292 0.793658 0.703456 0.776761 0.69314 0.772543 0.714976
0 0.097548 0.972933 0.104278 0.952356 0.0952844 0.94306 0.0885548 0.963637
0 0.266256 0.403102 0.268213 0.369242 0.249926 0.365902 0.247969 0.399762
0 0.755079 0.631277 0.757442 0.606953 0.737176 0.600732 0.734813 0.625056
0 0.400245 0.687855 0.40206 0.663641 0.38961 0.660691 0.387795 0.684905
0 0.798545 0.593186 0.804539 0.577336 0.791538 0.561796 0.785543 0.577646
