0 0.340004 0.927604 0.360728 0.872473 0.340637 0.848603 0.319913 0.903734
0 0.989164 0.942979 0.999422 0.827606 0.802972 0.772402 0.792714 0.887775
0 0.329532 0.816324 0.331976 0.792076 0.316681 0.787205 0.314237 0.811452
0 0.370934 0.723251 0.379679 0.695294 0.35679 0.672666 0.348045 0.700623
0 0.209635 0.805881 0.218229 0.783681 0.200518 0.762011 0.191924 0.784211
0 0.303256 0.88051 0.30474 0.839402 0.277122 0.836251 0.275638 0.877359
0 0.0443596 1.01216 0.0625196 0.967185 0.0446612 0.944396 0.0265012 0.989372
0 0.425818 0.909732 0.487732 0.859537 0.46667 0.777433 0.404757 0.827629
0 0.201978 0.714329 0.202201 0.694751 0.189171 0.694283 0.188948 0.71386
0 0.237466 0.73155 0.238852 0.705824 0.224587 0.703396 0.223202 0.729121
0 0.149674 0.970347 0.150868 0.945536 0.127833 0.942033 0.126639 0.966844
0 0.327486 0.862226 0.339541 0.831515 0.3299 0.819553 0.317844 0.850264
0 0.348763 0.83805 0.355436 0.812892 0.34169 0.80137 0.335018 0.826528
0 0.0795 0.795204 0.0830522 0.770077 0.0623183 0.760813 0.0587661 0.78594
0 0.319776 0.845161 0.33316 0.81848 0.322481 0.801549 0.309097 0.82823
0 0.536032 0.832523 0.541646 0.810076 0.526959 0.798468 0.521346 0.820916
0 0.342432 0.869397 0.349028 0.843993 0.335434 0.832836 0.328837 0.85824
0 0.17908 0.994713 0.205582 0.938685 0.182712 0.904494 0.15621 0.960522
0 0.225921 0.817013 0.236665 0.776347 0.221962 0.76407 0.211218 0.804737
0 0.158323 0.99691 0.168707 0.958089 0.151844 0.943834 0.14146 0.982655
0 0.516701 0.830721 0.525222 0.791604 0.49831 0.773076 0.489789 0.812193
0 0.170838 0.67778 0.174127 0.63265 0.150005 0.627092 0.146715 0.672222
0 0.046731 0.82626 0.0477547 0.794827 0.0282804 0.792822 0.0272567 0.824256
0 0.197541 0.660026 0.200588 0.633744 0.1867 0.628654 0.183652 0.654936
0 0.510035 0.784831 0.51022 0.760716 0.491847 0.760269 0.491661 0.784384
0 0.702049 0.740503 0.702978 0.712695 0.682358 0.710517 0.681429 0.738326
0 0.524527 0.777843 0.524797 0.750187 0.505935 0.749606 0.505665 0.777262
0 0.562653 0.838632 0.564697 0.817574 0.553501 0.81414 0.551457 0.835198
0 0.0829473 0.986622 0.0994408 0.957198 0.0905296 0.941411 0.0740362 0.970834
0 0.735816 0.7502 0.735304 0.710311 0.716707 0.711065 0.717219 0.750954
0 0.535843 0.806963 0.537208 0.769557 0.51666 0.767187 0.515295 0.804593
0 0.617136 0.899825 0.619435 0.855946 0.592966 0.851563 0.590667 0.895443
0 0.115514 1.01223 0.130217 0.984659 0.118261 0.96451 0.103557 0.992085
0 0.622641 0.983112 0.635721 0.964414 0.620484 0.930724 0.607403 0.949423
0 0.524367 0.929517 0.516314 0.869242 0.497235 0.877298 0.505288 0.937573
0 0.18805 0.910093 0.192666 0.884467 0.181191 0.877933 0.176574 0.903559
0 0.107895 0.342873 0.105015 0.29579 0.084648 0.299729 0.0875286 0.346811
0 0.545856 0.951727 0.552163 0.926842 0.537157 0.914823 0.530851 0.939708
0 0.126874 0.549125 0.130172 0.524689 0.109586 0.515907 0.106288 0.540343
0 0.193236 0.857981 0.200871 0.837881 0.192209 0.827483 0.184574 0.847583
0 0.119531 0.902791 0.121538 0.875246 0.104541 0.871332 0.102534 0.898877
0 0.058868 0.622594 0.065047 0.594848 0.0535818 0.586778 0.0474029 0.614524
0 0.246743 0.86443 0.247583 0.836573 0.231443 0.835035 0.230604 0.862893
0 0.602987 0.925504 0.60776 0.895098 0.587334 0.884963 0.582561 0.915368
0 0.219264 0.784236 0.228767 0.755856 0.216786 0.743177 0.207283 0.771557
0 0.682616 0.749131 0.686052 0.726931 0.671205 0.71967 0.667769 0.741869
0 0.564406 0.889545 0.56744 0.860998 0.552757 0.856066 0.549723 0.884612
0 0.621257 0.874822 0.632289 0.856658 0.61038 0.814602 0.599348 0.832766
0 0.212495 0.930483 0.218066 0.908226 0.20653 0.899099 0.200959 0.921356
0 0.287652 0.745417 0.289271 0.722042 0.272313 0.718331 0.270694 0.741706
0 0.696376 0.784385 0.703751 0.764017 0.6876 0.745532 0.680224 0.7659
0 0.036339 0.639167 0.0368875 0.619979 0.0240259 0.618817 0.0234773 0.638004
0 0.206133 0.844016 0.21338 0.82015 0.203874 0.811027 0.196627 0.834892
0 0.0214866 0.778711 0.0252476 0.757973 0.00352633 0.745523 -0.000234668 0.766261
0 0.345598 0.739679 0.347407 0.715521 0.335361 0.712671 0.333552 0.736829
0 0.0634722 0.729104 0.0650662 0.706258 0.0523051 0.703444 0.0507112 0.72629
0 0.209101 0.95791 0.217805 0.927316 0.20671 0.917341 0.198007 0.947934
0 0.201084 0.928419 0.20476 0.908258 0.191903 0.90085 0.188227 0.921011
0 0.209925 0.772546 0.213288 0.750625 0.201497 0.744908 0.198134 0.766829
0 0.234935 0.751803 0.23695 0.730059 0.22163 0.725571 0.219615 0.747316
0 0.371348 0.847937 0.372388 0.822937 0.358695 0.821135 0.357655 0.846136
0 0.30304 0.934574 0.311642 0.897796 0.298724 0.888246 0.290121 0.925023
0 0.237882 0.99467 0.239011 0.966736 0.220536 0.964375 0.219407 0.99231
0 0.0117537 0.662696 0.01304 0.638437 -0.000218195 0.636216 -0.00150448 0.660475
0 0.0800177 0.905215 0.0937287 0.883073 0.084862 0.86572 0.071151 0.887862
0 0.716745 0.750802 0.720212 0.72829 0.704091 0.720444 0.700624 0.742956
0 0.676531 0.825873 0.685837 0.801651 0.667192 0.779013 0.657886 0.803235
0 0.219103 0.831227 0.225524 0.816615 0.214667 0.801536 0.208246 0.816148
0 0.599602 0.980418 0.608473 0.949683 0.59532 0.937685 0.586449 0.968421
0 0.327018 0.905062 0.333546 0.863415 0.321139 0.857268 0.31461 0.898914
0 0.0173375 1.01452 0.033685 0.994344 0.0254453 0.973239 0.00909778 0.993411
0 0.136126 0.985415 0.141054 0.965559 0.124222 0.952357 0.119294 0.972213
0 0.294576 0.952229 0.302011 0.928881 0.292835 0.919647 0.2854 0.942995
0 0.299465 1.00374 0.300838 0.976535 0.286523 0.974252 0.28515 1.00145
0 0.357729 0.851716 0.360306 0.830821 0.348466 0.826206 0.345889 0.8471
0 0.234155 0.77181 0.253897 0.747956 0.24723 0.730516 0.227488 0.75437
0 0.700024 0.684263 0.702356 0.666229 0.691156 0.661652 0.688824 0.679686
0 0.0448001 0.787991 0.0469891 0.76235 0.0328968 0.758548 0.0307078 0.784189
0 0.173044 1.00387 0.176234 0.970089 0.158451 0.964783 0.155261 0.998567
0 0.0835706 0.968371 0.0878268 0.915506 0.0578318 0.907874 0.0535755 0.960739
0 0.0141866 0.8715 0.0459065 0.837128 0.0359768 0.808167 0.00425686 0.842538
0 0.540074 0.924 0.551959 0.907344 0.537498 0.87473 0.525613 0.891386
0 0.171377 0.840691 0.171148 0.811959 0.15754 0.812301 0.157769 0.841034
0 0.487096 0.720228 0.484247 0.686351 0.455386 0.694022 0.458235 0.727899
0 0.539555 0.860415 0.543158 0.828509 0.523903 0.821637 0.5203 0.853542
0 0.688815 0.804455 0.697104 0.78362 0.685547 0.769086 0.677257 0.789922
0 0.249082 0.989346 0.253582 0.965203 0.240569 0.957538 0.236069 0.981681
0 0.0440559 0.767308 0.0513721 0.74805 0.0429273 0.73791 0.0356111 0.757168
0 0.551322 0.878555 0.554653 0.843514 0.538056 0.838528 0.534725 0.873569
0 0.746139 0.768506 0.751076 0.745573 0.735726 0.735129 0.730789 0.758062
0 0.185663 0.849991 0.188376 0.822262 0.176364 0.818549 0.173651 0.846277
0 0.369992 0.794367 0.37744 0.768901 0.365016 0.757418 0.357569 0.782884
0 0.105257 0.539914 0.111892 0.514028 0.0931656 0.498858 0.0865306 0.524744
0 0.618045 0.812788 0.626465 0.798911 0.616726 0.780235 0.608306 0.794111
0 0.574149 0.957208 0.575079 0.929212 0.562042 0.927844 0.561112 0.955839
0 0.0993322 0.899259 0.108189 0.872364 0.096788 0.860499 0.0879317 0.887394
0 0.218501 0.979591 0.232088 0.941067 0.219029 0.92651 0.205442 0.965035
0 0.0505992 0.716944 0.0494051 0.693857 0.0251406 0.697823 0.0263347 0.720911
0 0.370763 0.885663 0.375648 0.85002 0.357558 0.842185 0.352673 0.877828
0 0.0834351 0.873023 0.0868066 0.849416 0.0747262 0.843963 0.0713547 0.867571
0 0.371859 0.829648 0.373147 0.798982 0.355671 0.796663 0.354383 0.82733
0 0.386757 0.933199 0.400427 0.902018 0.378851 0.872124 0.365181 0.903305
0 0.917896 0.284855 0.925506 0.261615 0.903963 0.239322 0.896354 0.262563
0 0.073804 0.88538 0.0773994 0.865439 0.0662996 0.859114 0.0627042 0.879054
0 0.719942 0.773082 0.723077 0.7463 0.703376 0.739013 0.700241 0.765795
0 0.195818 0.538545 0.199757 0.518433 0.182815 0.507946 0.178876 0.528057
0 0.0694498 0.623545 0.0771183 0.596026 0.0664672 0.586646 0.0587987 0.614165
0 0.196982 0.822314 0.19995 0.794238 0.188592 0.790445 0.185625 0.818521
0 0.141998 0.945348 0.14423 0.922655 0.128205 0.917673 0.125973 0.940367
0 0.165949 0.632122 0.168583 0.611093 0.154108 0.605364 0.151475 0.626393
0 0.287888 0.723286 0.290494 0.704702 0.276467 0.698487 0.273862 0.717071
0 0.67439 0.837357 0.679034 0.821616 0.665232 0.808749 0.660589 0.82449
0 0.21777 0.694137 0.217098 0.671725 0.196563 0.673672 0.197235 0.696084
0 0.0996048 0.737735 0.110717 0.704503 0.0977464 0.690794 0.0866338 0.724027
0 0.011741 1.00816 0.0149012 0.983257 0.00256596 0.978309 -0.000594278 1.00321
0 0.45434 0.546318 0.475106 0.474741 0.448942 0.450752 0.428177 0.522328
0 0.685207 0.76897 0.691361 0.749657 0.678887 0.737097 0.672734 0.756409
0 0.255294 1.0032 0.255491 0.982302 0.239762 0.981834 0.239566 1.00273
0 0.528911 0.975654 0.537617 0.941164 0.5263 0.932135 0.517594 0.966624
0 0.0569579 0.677761 0.0624873 0.655652 0.046853 0.643294 0.0413236 0.665403
0 0.0214283 0.834029 0.0286245 0.80939 0.0176264 0.799238 0.0104302 0.823876
0 0.0298882 0.887801 0.0455731 0.861053 0.0341189 0.839825 0.018434 0.866573
0 0.221373 0.967201 0.232075 0.919973 0.217542 0.909565 0.20684 0.956793
0 0.094937 0.931445 0.0984791 0.900554 0.0803418 0.893981 0.0767997 0.924872
0 0.287669 0.855752 0.29093 0.831318 0.276492 0.82523 0.273232 0.849664
0 0.119273 0.56352 0.119245 0.538658 0.0954177 0.538743 0.0954459 0.563605
0 0.0710151 0.860542 0.0808304 0.839287 0.0732442 0.828215 0.0634288 0.84947
0 0.0137319 0.596817 0.0292633 0.578361 0.0230721 0.561895 0.00754079 0.580351
0 0.0214661 0.995151 0.036859 0.962057 0.0242102 0.943463 0.00881733 0.976557
0 0.246072 0.696851 0.247548 0.675297 0.234213 0.67241 0.232737 0.693965
0 0.0228933 0.711798 0.0269832 0.687159 0.015923 0.681356 0.0118331 0.705996
0 0.207527 0.819593 0.210873 0.797456 0.198895 0.791735 0.195549 0.813871
0 0.311052 0.950418 0.316188 0.927258 0.305246 0.91959 0.300111 0.94275
0 0.141211 0.923662 0.142456 0.904485 0.12932 0.901788 0.128074 0.920964
0 0.670643 0.741024 0.6733 0.714511 0.661209 0.710681 0.658552 0.737195
0 0.624437 0.761742 0.6262 0.738789 0.614028 0.735835 0.612265 0.758787
0 0.668352 0.857759 0.670146 0.823579 0.653682 0.820848 0.651888 0.855027
0 0.0594914 0.761161 0.0639235 0.737454 0.0521818 0.730516 0.0477496 0.754223
0 0.184213 0.924954 0.18611 0.904778 0.17297 0.900873 0.171073 0.921049
0 0.0585459 0.833588 0.0748981 0.801542 0.0628294 0.782078 0.0464772 0.814125
0 0.185558 1.00927 0.211113 0.981869 0.200929 0.951849 0.175374 0.979246
0 0.0981249 0.461921 0.10048 0.437986 0.0877998 0.434044 0.0854451 0.457979
0 0.0687694 0.926484 0.0786827 0.905872 0.0684914 0.890381 0.0585781 0.910992
0 0.0774731 0.983772 0.0789813 0.956729 0.0635044 0.954001 0.0619962 0.981044
0 0.487332 0.846496 0.49993 0.826094 0.478911 0.785074 0.466313 0.805475
0 0.672557 0.779189 0.681308 0.763617 0.669716 0.743029 0.660965 0.758601
0 0.163027 0.816252 0.166702 0.796968 0.152582 0.788463 0.148907 0.807747
0 0.71201 0.698977 0.715443 0.682387 0.703273 0.674426 0.699839 0.691016
0 0.0191511 0.813531 0.0169178 0.78171 -0.00229758 0.785972 -6.4248e-05 0.817793
0 0.273927 0.777169 0.27619 0.749454 0.260493 0.745403 0.25823 0.773117
0 0.162747 0.950498 0.168312 0.926236 0.157366 0.918301 0.151801 0.942563
0 0.357459 0.811778 0.368077 0.760625 0.351515 0.74976 0.340897 0.800913
0 0.569782 0.766733 0.570974 0.745841 0.559043 0.74369 0.557851 0.764581
0 0.45111 0.271752 0.458603 0.24758 0.432773 0.222275 0.425281 0.246447
0 0.234354 0.833642 0.240316 0.813248 0.226551 0.80053 0.220589 0.820925
0 0.226673 0.866361 0.232522 0.839003 0.218002 0.829192 0.212153 0.85655
0 0.544117 0.975489 0.547834 0.94646 0.534742 0.941162 0.531026 0.970192
0 0.0931647 0.880155 0.102801 0.853817 0.0905444 0.839645 0.0809082 0.865983
0 0.299315 0.792723 0.304155 0.774302 0.292247 0.764412 0.287406 0.782833
0 0.198246 0.580588 0.198099 0.556341 0.182013 0.556648 0.18216 0.580895
0 0.637841 1.00688 0.640366 0.979946 0.617344 0.973123 0.614819 1.00005
0 0.297983 0.840533 0.30553 0.816995 0.295679 0.807013 0.288132 0.830551
0 0.307681 0.848104 0.314182 0.820361 0.304073 0.812874 0.297571 0.840617
0 0.146614 0.50074 0.148006 0.480416 0.137148 0.478065 0.135755 0.498388
0 0.048304 0.696207 0.0488216 0.665588 0.0280598 0.664479 0.0275422 0.695098
0 0.142575 1.00659 0.144925 0.98178 0.127266 0.976492 0.124916 1.0013
0 0.625933 0.837094 0.63122 0.816271 0.620391 0.807581 0.615104 0.828404
0 0.581191 0.936584 0.584839 0.901663 0.567964 0.896092 0.564317 0.931013
0 0.00506536 0.977604 0.0342263 0.947526 0.0262772 0.923169 -0.00288371 0.953247
0 0.506503 0.765995 0.508505 0.736837 0.493947 0.733676 0.491944 0.762835
0 0.572622 0.707321 0.579251 0.680109 0.567227 0.670852 0.560598 0.698064
0 0.38345 0.833548 0.396976 0.809623 0.377791 0.775346 0.364266 0.79927
0 0.317155 0.995778 0.319295 0.968544 0.301661 0.964167 0.299522 0.991401
0 0.0866933 0.327875 0.0891497 0.259686 0.0406001 0.254158 0.0381437 0.322347
0 0.683444 0.716678 0.685729 0.688823 0.671112 0.685032 0.668827 0.712888
0 0.00671794 0.993957 0.0143737 0.964282 0.0025061 0.954606 -0.00514965 0.98428
0 0.0194463 0.910943 0.0303759 0.884446 0.0202699 0.871271 0.00934034 0.897768
0 0.0882737 0.575508 0.0891387 0.537036 0.0599666 0.534963 0.0591016 0.573436
0 0.74978 0.73758 0.756299 0.714291 0.736898 0.697127 0.730379 0.720417
0 0.0661257 0.645589 0.0844716 0.624376 0.0778803 0.606359 0.0595344 0.627572
0 0.0859287 0.356465 0.0966721 0.327988 0.0738259 0.300748 0.0630825 0.329225
0 0.2404 1.00532 0.239305 0.983586 0.220681 0.986552 0.221776 1.00828
0 0.5626 0.798799 0.567497 0.777981 0.557278 0.770383 0.552381 0.791201
0 0.565499 0.934246 0.567541 0.903529 0.5534 0.900556 0.551357 0.931273
0 0.574427 0.805381 0.576274 0.784778 0.565334 0.781679 0.563487 0.802283
0 0.182924 0.548024 0.18684 0.520219 0.162684 0.509469 0.158769 0.537274
0 0.494601 0.75609 0.49615 0.723453 0.480522 0.721108 0.478972 0.753745
0 0.292741 0.823522 0.298377 0.80091 0.288272 0.792951 0.282636 0.815563
0 0.238095 0.974768 0.243998 0.94783 0.230285 0.938334 0.224382 0.965272
0 0.0913179 1.00248 0.103059 0.981282 0.0931396 0.96392 0.0813984 0.985121
0 0.204179 1.01419 0.219227 0.985911 0.204604 0.961314 0.189556 0.98959
0 0.00614943 0.710776 0.0119041 0.687216 0.00186377 0.679465 -0.00389086 0.703025
0 0.06439 0.706915 0.0647993 0.68254 0.0469473 0.681593 0.0465381 0.705968
0 0.274269 0.722768 0.277238 0.697945 0.259626 0.691288 0.256657 0.716111
0 0.239209 0.905432 0.23901 0.881245 0.222319 0.88168 0.222518 0.905867
0 0.485843 0.781709 0.488107 0.740052 0.465636 0.736192 0.463372 0.777849
0 0.534163 0.881757 0.538076 0.86164 0.525469 0.853889 0.521555 0.874006
0 0.00918262 0.843616 0.011219 0.817956 2.91572e-06 0.815143 -0.00203351 0.840802
0 0.00604771 0.584561 0.0160361 0.561395 0.00609247 0.547845 -0.00389592 0.571011
0 0.151913 0.636694 0.152726 0.614237 0.14081 0.612874 0.139998 0.635331
0 0.189816 0.871381 0.191222 0.850636 0.179185 0.848056 0.177778 0.868801
0 0.214131 0.753527 0.218004 0.734577 0.20764 0.727883 0.203767 0.746832
0 0.0294596 0.771815 0.0422943 0.748441 0.0347569 0.73536 0.0219222 0.758734
0 0.145687 0.631253 0.146765 0.558603 0.0950245 0.556176 0.0939464 0.628826
0 0.00879116 0.760071 0.0156628 0.73387 0.00252652 0.722982 -0.0043451 0.749183
0 0.195801 0.872892 0.197266 0.855595 0.185685 0.852495 0.18422 0.869791
0 0.326088 0.550698 0.332475 0.526494 0.32136 0.517225 0.314973 0.54143
0 0.383566 0.8561 0.384354 0.835147 0.370054 0.833447 0.369266 0.8544
0 0.117929 0.695079 0.11404 0.617834 0.0558276 0.627095 0.0597159 0.70434
0 0.242763 0.78956 0.256192 0.763464 0.246505 0.74771 0.233076 0.773807
0 0.202989 0.560623 0.203456 0.538833 0.189952 0.537917 0.189484 0.559706
0 0.217585 0.853389 0.222404 0.832679 0.21062 0.824012 0.2058 0.844722
0 0.224001 0.67171 0.22611 0.65177 0.215153 0.648108 0.213044 0.668048
0 0.164272 0.943597 0.169892 0.923283 0.1601 0.914721 0.15448 0.935035
0 0.618439 0.993473 0.625947 0.968304 0.60898 0.952308 0.601472 0.977477
0 0.273118 1.0044 0.278761 0.975983 0.266067 0.968014 0.260424 0.996427
0 0.627824 0.938273 0.632222 0.907202 0.616365 0.900107 0.611967 0.931178
0 0.0835545 1.01277 0.0919397 0.995582 0.083747 0.982949 0.0753618 1.00014
0 0.635598 0.784127 0.637711 0.755291 0.620762 0.751366 0.618649 0.780202
0 0.624832 0.899895 0.628388 0.876394 0.614766 0.869878 0.61121 0.893379
0 0.411523 0.819953 0.413936 0.783219 0.391255 0.77851 0.388842 0.815244
0 0.73818 0.695742 0.739267 0.674037 0.723954 0.671614 0.722867 0.693318
0 0.10761 0.784918 0.108672 0.748711 0.0862591 0.746632 0.0851967 0.782839
0 0.6079 0.949227 0.615315 0.917883 0.600216 0.906594 0.592801 0.937938
0 0.0136432 0.901446 0.0168295 0.86603 -0.000156196 0.8612 -0.00334254 0.896616
0 0.339015 0.951124 0.339574 0.924102 0.319693 0.922802 0.319134 0.949824
0 0.490981 0.80152 0.495017 0.781518 0.480797 0.772451 0.476762 0.792453
0 0.160963 0.494428 0.163363 0.48029 0.151866 0.474123 0.149466 0.488261
0 0.546875 0.821192 0.550705 0.801031 0.536627 0.792579 0.532797 0.81274
0 0.0629861 0.84865 0.0740954 0.831077 0.06696 0.816821 0.0558507 0.834394
0 0.311519 0.817644 0.314903 0.798244 0.303785 0.792114 0.300401 0.811514
0 0.128276 0.705124 0.13049 0.679024 0.102828 0.671606 0.100614 0.697707
0 0.31802 0.863796 0.323187 0.841267 0.312347 0.833408 0.307179 0.855938
0 0.682391 0.67934 0.691245 0.659951 0.676908 0.639257 0.668053 0.658645
0 0.160668 0.741511 0.166079 0.708424 0.137098 0.693444 0.131686 0.726531
0 0.260959 0.948877 0.268403 0.93221 0.254077 0.911988 0.246633 0.928654
0 0.223274 0.502373 0.224811 0.475465 0.211777 0.473111 0.21024 0.500019
0 0.638215 0.899455 0.644693 0.872396 0.632067 0.862843 0.625589 0.889902
0 0.690356 0.712711 0.694148 0.694704 0.68245 0.686919 0.678658 0.704926
0 0.690438 0.592937 0.691092 0.564288 0.668598 0.562666 0.667944 0.591314
0 0.626226 0.882711 0.635409 0.864639 0.614299 0.830738 0.605116 0.84881
0 0.521176 0.852596 0.523151 0.820402 0.50607 0.817091 0.504095 0.849285
0 0.0324704 0.923748 0.0409016 0.894897 0.0297393 0.884588 0.0213081 0.913439
0 0.253931 0.973288 0.261451 0.944435 0.241045 0.927626 0.233525 0.956479
0 0.67885 0.665345 0.688392 0.647317 0.675168 0.625196 0.665626 0.643224
0 0.594855 0.766773 0.596527 0.746447 0.585278 0.743521 0.583605 0.763847
0 0.163013 0.609684 0.164846 0.591928 0.152336 0.587846 0.150503 0.605601
0 0.547002 0.840192 0.555499 0.826004 0.544332 0.804867 0.535835 0.819055
0 0.776661 0.966612 0.81607 0.889877 0.755755 0.791978 0.716346 0.868713
0 0.0721542 1.00522 0.0724678 0.983498 0.057053 0.982794 0.0567394 1.00452
0 0.0177451 0.619198 0.0202658 0.600722 0.00922136 0.59596 0.00670074 0.614436
0 0.0464538 0.147177 0.0630947 -0.011244 -0.0197496 -0.0387472 -0.0363905 0.119674
0 0.139814 0.568162 0.141529 0.545242 0.123944 0.541083 0.122229 0.564003
0 0.10452 0.933935 0.110012 0.903949 0.0962816 0.896002 0.0907903 0.925989
0 0.551275 0.801091 0.554393 0.773534 0.538381 0.767808 0.535264 0.795365
0 0.400471 0.869681 0.40355 0.846748 0.38742 0.839904 0.384341 0.862837
0 0.590779 0.889248 0.59258 0.864697 0.580835 0.861973 0.579033 0.886524
0 0.757248 0.695684 0.758946 0.675719 0.745549 0.67212 0.743852 0.692084
0 0.0580044 0.5905 0.0643841 0.573289 0.0564304 0.563971 0.0500508 0.581183
0 0.584862 0.905249 0.585742 0.880509 0.57129 0.878883 0.570409 0.903623
