0 0.459957 0.837248 0.488012 0.744705 0.444702 0.70321 0.416648 0.795753
0 0.791901 1.02687 0.845447 0.93952 0.784016 0.820502 0.730471 0.907848
0 0.64426 0.558809 0.661786 0.527672 0.650216 0.507091 0.632691 0.538228
0 0.434462 0.84178 0.428604 0.794091 0.398228 0.805883 0.404086 0.853571
0 0.996293 0.993606 1.01212 0.871028 0.834342 0.798474 0.818514 0.921052
0 0.750586 0.68037 0.768744 0.644877 0.754361 0.621621 0.736203 0.657114
0 0.797743 0.600947 0.804214 0.545478 0.767718 0.532023 0.761247 0.587491
0 0.664881 0.640921 0.669565 0.613413 0.650446 0.603124 0.645762 0.630632
0 0.595485 0.769703 0.60628 0.744045 0.596281 0.73075 0.585486 0.756408
0 0.841407 0.825922 0.845651 0.702769 0.733176 0.690518 0.728932 0.813671
0 0.915158 0.594449 0.922047 0.562902 0.902308 0.54928 0.895419 0.580826
0 0.528509 0.826917 0.541665 0.789633 0.527041 0.773324 0.513885 0.810609
0 0.683052 0.597431 0.687952 0.575477 0.676033 0.56707 0.671134 0.589025
0 0.0832891 0.948816 0.0758691 0.889036 0.0365543 0.904459 0.0439743 0.964239
0 0.152458 1.01049 0.167208 0.96532 0.14716 0.94463 0.132411 0.989797
0 0.160613 0.781074 0.162129 0.74633 0.143148 0.743712 0.141632 0.778456
0 0.664895 0.500981 0.674272 0.475535 0.663008 0.462416 0.653631 0.487861
0 0.660051 0.568135 0.679634 0.536936 0.669298 0.516432 0.649715 0.547631
0 0.670332 0.583977 0.678795 0.557513 0.667322 0.545915 0.658858 0.572379
0 0.823597 0.485558 0.833404 0.470215 0.816525 0.43612 0.806719 0.451463
0 0.844024 0.407154 0.844275 0.37427 0.822715 0.37375 0.822464 0.406634
0 0.621106 0.877457 0.622278 0.849798 0.601424 0.847007 0.600253 0.874666
0 0.590612 0.621706 0.593754 0.591051 0.579358 0.586388 0.576215 0.617043
0 0.187934 0.891899 0.192355 0.864347 0.172361 0.854207 0.16794 0.881758
0 0.374276 0.743455 0.380135 0.713882 0.36349 0.70346 0.357632 0.733034
0 0.608939 0.658135 0.616291 0.624543 0.604363 0.616291 0.59701 0.649883
0 0.812303 0.645552 0.809484 0.585029 0.780691 0.589267 0.78351 0.64979
0 0.795666 0.519012 0.79665 0.486036 0.777179 0.484198 0.776194 0.517174
0 0.202082 0.877396 0.205122 0.850146 0.19024 0.844897 0.1872 0.872148
0 0.898164 0.703619 0.912029 0.683832 0.896188 0.648751 0.882323 0.668538
0 0.147559 0.8543 0.174512 0.827669 0.164867 0.796817 0.137914 0.823448
0 0.0871415 0.899262 0.0850173 0.870891 0.0607758 0.876627 0.0629 0.904998
0 0.0385144 0.864644 0.0519625 0.850285 0.0402833 0.815715 0.0268352 0.830075
0 0.586225 0.724538 0.591609 0.698972 0.579227 0.690732 0.573844 0.716299
0 0.862197 0.767496 0.864821 0.73042 0.843767 0.725711 0.841143 0.762787
0 0.801648 0.560418 0.810757 0.539383 0.78898 0.50958 0.779871 0.530615
0 0.684968 0.528526 0.692052 0.514717 0.677987 0.491912 0.670903 0.505721
0 0.834949 0.733539 0.836206 0.702775 0.820379 0.700732 0.819123 0.731496
0 0.884934 0.788198 0.89855 0.750307 0.881603 0.731059 0.867986 0.768949
0 0.165099 0.959507 0.189905 0.930792 0.177749 0.897604 0.152943 0.926319
0 0.855899 0.805626 0.865704 0.777822 0.839537 0.748659 0.829732 0.776463
0 0.0325988 0.870751 0.0373122 0.833807 0.0174731 0.825807 0.0127596 0.862751
0 0.886087 0.41613 0.888034 0.394282 0.872845 0.390003 0.870897 0.411851
0 0.588355 0.751409 0.592449 0.730839 0.57558 0.720227 0.571485 0.740797
0 0.91366 0.618236 0.91378 0.587498 0.893685 0.58725 0.893565 0.617988
0 0.631777 0.553206 0.636614 0.526018 0.618303 0.515722 0.613466 0.54291
0 0.914265 0.498319 0.924429 0.444204 0.896929 0.427879 0.886765 0.481994
0 0.846272 0.760395 0.848017 0.722641 0.831448 0.72022 0.829702 0.757973
0 0.880157 0.665462 0.886002 0.643196 0.867459 0.627811 0.861614 0.650077
0 0.69142 0.429556 0.692544 0.401686 0.677483 0.399765 0.676358 0.427635
0 0.166164 0.987222 0.185126 0.956849 0.175645 0.938143 0.156684 0.968517
0 0.188166 0.862724 0.207885 0.836826 0.197809 0.812581 0.178091 0.83848
0 0.670074 0.525194 0.673105 0.506584 0.662469 0.50111 0.659438 0.519719
0 0.86533 0.633755 0.86779 0.611806 0.851149 0.605911 0.848689 0.62786
0 0.696022 0.371503 0.700658 0.34454 0.689583 0.338522 0.684947 0.365485
0 0.875609 0.673652 0.87736 0.654153 0.860134 0.649265 0.858383 0.668764
0 0.0818306 0.963962 0.0983182 0.933257 0.0860151 0.912378 0.0695276 0.943083
0 0.887092 0.508994 0.891135 0.460046 0.85595 0.450862 0.851907 0.499811
0 0.840278 0.65706 0.845446 0.631301 0.82777 0.620092 0.822601 0.645851
0 0.776489 0.5441 0.778148 0.52585 0.763991 0.521783 0.762332 0.540034
0 0.580891 0.883814 0.587248 0.862325 0.576284 0.852074 0.569927 0.873564
0 0.718386 0.508436 0.722279 0.475096 0.709364 0.470331 0.705472 0.503671
0 0.437536 0.716478 0.450438 0.685641 0.436569 0.667302 0.423667 0.698138
0 0.743445 0.59715 0.746512 0.563837 0.730945 0.559307 0.727878 0.592619
0 0.707939 0.73264 0.713168 0.693387 0.687089 0.682409 0.681861 0.721662
0 0.775833 0.508885 0.779993 0.488639 0.766974 0.480183 0.762813 0.500429
0 0.811063 0.451855 0.822229 0.44319 0.813622 0.40814 0.802456 0.416805
0 0.0546502 0.848684 0.0657453 0.807754 0.0529015 0.796751 0.0418064 0.83768
0 0.798673 0.409873 0.803286 0.386446 0.791463 0.379089 0.786851 0.402516
0 0.613927 0.725905 0.62397 0.713981 0.61509 0.690344 0.605047 0.702268
0 0.858264 0.659773 0.864708 0.640952 0.847691 0.622539 0.841248 0.64136
0 0.145771 0.881504 0.162099 0.854868 0.151384 0.834108 0.135056 0.860743
0 0.2228 0.872302 0.224478 0.830123 0.202237 0.827326 0.200559 0.869505
0 0.146309 0.91678 0.149119 0.887529 0.132667 0.882535 0.129857 0.911786
0 0.538706 0.778322 0.538997 0.734686 0.506257 0.733994 0.505965 0.77763
0 0.848857 0.681161 0.853726 0.654934 0.834345 0.643564 0.829477 0.669791
0 0.63864 0.666779 0.641934 0.647611 0.631201 0.641781 0.627907 0.660948
0 0.615078 0.73816 0.616217 0.717435 0.60339 0.715209 0.602252 0.735933
0 0.810293 0.490527 0.81334 0.464803 0.79814 0.459113 0.795094 0.484838
0 0.579893 0.773313 0.586217 0.748225 0.57035 0.735585 0.564026 0.760673
0 0.764218 0.447162 0.772154 0.421402 0.752729 0.402488 0.744792 0.428249
0 0.66677 0.764354 0.675312 0.743325 0.657872 0.720935 0.649329 0.741964
0 0.0353345 0.93786 0.056463 0.904478 0.0464442 0.884437 0.0253157 0.917818
0 0.158159 0.920096 0.167372 0.886036 0.152802 0.873579 0.143588 0.907639
0 0.935361 0.433505 0.939971 0.411775 0.924315 0.401275 0.919704 0.423005
0 0.0528914 1.00331 0.0685574 0.983901 0.0612411 0.965241 0.045575 0.984655
0 0.672436 0.663624 0.674626 0.644076 0.656397 0.637623 0.654208 0.65717
0 0.567619 0.676126 0.573537 0.65384 0.562641 0.644695 0.556723 0.666982
0 0.687879 0.479203 0.689803 0.457695 0.679272 0.454719 0.677349 0.476226
0 0.593451 0.220873 0.589742 0.166935 0.558221 0.173786 0.56193 0.227723
0 0.530533 0.666682 0.538738 0.644612 0.530133 0.634502 0.521928 0.656572
0 0.74729 0.497314 0.756912 0.481903 0.742019 0.452512 0.732397 0.467923
0 0.0251603 0.916983 0.0553946 0.882684 0.0442653 0.851678 0.014031 0.885977
0 0.855992 0.721838 0.863866 0.698007 0.838861 0.671896 0.830987 0.695728
0 0.902468 0.579365 0.899987 0.546434 0.880368 0.551104 0.882849 0.584036
0 0.176534 0.806426 0.177464 0.776439 0.152666 0.774007 0.151735 0.803995
0 0.904104 0.810312 0.923344 0.79092 0.901807 0.723385 0.882567 0.742778
0 0.568739 0.886129 0.57375 0.86061 0.562943 0.853903 0.557932 0.879422
0 0.614274 0.853356 0.618291 0.834505 0.604223 0.82503 0.600206 0.84388
0 0.587814 0.863799 0.594104 0.836039 0.582441 0.827688 0.576151 0.855447
0 0.911147 0.40043 0.915785 0.376545 0.904529 0.369638 0.899892 0.393523
0 0.699277 0.417491 0.703221 0.394614 0.691716 0.388346 0.687772 0.411222
0 0.394095 0.88196 0.407394 0.83918 0.39356 0.825589 0.380261 0.868368
0 0.530657 0.736702 0.541152 0.727529 0.52971 0.686154 0.519215 0.695327
0 0.794684 0.672116 0.80062 0.64789 0.783649 0.634747 0.777713 0.658973
0 0.776024 0.624647 0.780537 0.603706 0.765298 0.593328 0.760785 0.61427
0 0.943061 0.437109 0.94859 0.416298 0.933477 0.403609 0.927948 0.42442
0 0.614504 0.582235 0.618988 0.557289 0.606289 0.550074 0.601805 0.57502
0 0.699002 0.458662 0.699963 0.439856 0.687691 0.437875 0.686731 0.456681
0 0.048604 0.994736 0.0489048 0.966768 0.031412 0.966173 0.0311112 0.994142
0 0.680317 0.705898 0.681968 0.683448 0.667753 0.680145 0.666102 0.702594
0 0.427683 0.722334 0.435815 0.689062 0.421952 0.678354 0.41382 0.711626
0 0.985247 0.429885 0.985634 0.389408 0.956361 0.388523 0.955974 0.428999
0 0.828952 0.710569 0.838467 0.671646 0.824908 0.66117 0.815393 0.700093
0 0.539693 0.889463 0.538783 0.838142 0.505849 0.839986 0.506758 0.891307
0 0.855935 0.684743 0.861807 0.660734 0.844733 0.647538 0.838862 0.671546
0 0.594368 0.589049 0.596473 0.56661 0.585198 0.563268 0.583093 0.585707
0 0.612341 0.622175 0.61592 0.596642 0.600461 0.589793 0.596882 0.615325
0 0.597727 0.695663 0.605447 0.672303 0.594908 0.661295 0.587188 0.684655
0 0.584371 0.678188 0.590108 0.654572 0.579059 0.646089 0.573322 0.669705
0 0.813361 0.387072 0.815915 0.35319 0.796845 0.348649 0.794292 0.382531
0 0.432422 0.736108 0.439719 0.713624 0.428914 0.702541 0.421617 0.725026
0 0.572232 0.620618 0.578171 0.595834 0.567924 0.588074 0.561985 0.612857
0 0.716025 0.390256 0.717662 0.369501 0.705576 0.366489 0.703939 0.387244
0 0.785381 0.486567 0.788231 0.460718 0.77334 0.45553 0.770491 0.481379
0 0.538066 0.843048 0.54385 0.813575 0.529996 0.804981 0.524212 0.834455
0 0.628834 0.520571 0.639781 0.490849 0.629349 0.478706 0.618401 0.508428
0 0.876033 0.340184 0.887798 0.275519 0.847483 0.252335 0.835717 0.317001
0 0.81159 0.635277 0.826627 0.620906 0.815325 0.583533 0.800289 0.597904
0 0.668896 0.444039 0.671465 0.422758 0.660824 0.418697 0.658254 0.439978
0 0.598319 0.838249 0.603744 0.790607 0.574809 0.780193 0.569384 0.827835
0 0.716564 0.456821 0.72314 0.433818 0.713333 0.424957 0.706757 0.447959
0 0.735899 0.550596 0.73933 0.523253 0.725957 0.51795 0.722527 0.545293
0 0.744682 0.384983 0.747508 0.36842 0.73433 0.361313 0.731504 0.377876
0 0.732379 0.379146 0.733762 0.361836 0.722544 0.359005 0.721162 0.376315
0 0.593966 0.66306 0.601947 0.648058 0.590823 0.629353 0.582841 0.644354
0 0.686357 0.448254 0.687682 0.428463 0.674059 0.42558 0.672734 0.445371
0 0.657349 0.484921 0.660126 0.462401 0.650313 0.458576 0.647536 0.481096
0 0.687062 0.719378 0.689766 0.695522 0.678602 0.691522 0.675897 0.715377
0 0.745022 0.373945 0.751975 0.353403 0.737603 0.338029 0.73065 0.358571
0 0.786857 0.406083 0.790509 0.383566 0.779315 0.377828 0.775663 0.400346
0 0.600271 0.570734 0.604711 0.549159 0.593757 0.542035 0.589317 0.563611
0 0.101273 0.923173 0.104357 0.896051 0.0855441 0.88929 0.0824598 0.916412
0 0.955552 0.316092 0.959684 0.265828 0.931671 0.25855 0.927538 0.308813
0 0.388063 0.728303 0.395009 0.698891 0.383682 0.690436 0.376736 0.719849
0 0.719414 0.663274 0.72867 0.623191 0.698902 0.601467 0.689646 0.64155
0 0.409322 0.682095 0.418289 0.654194 0.407508 0.643245 0.398542 0.671146
0 0.408907 0.816855 0.408808 0.787398 0.392044 0.787577 0.392143 0.817034
0 0.696518 0.523132 0.701409 0.50003 0.691813 0.49361 0.686923 0.516712
0 0.429807 0.805674 0.430639 0.778987 0.411398 0.777091 0.410566 0.803778
0 0.640685 0.48972 0.645616 0.472714 0.635591 0.463528 0.630661 0.480534
0 0.599751 0.729739 0.601443 0.707987 0.589311 0.705005 0.587619 0.726757
0 0.74002 0.65894 0.752121 0.631519 0.74082 0.615759 0.72872 0.64318
0 0.634773 0.460325 0.644709 0.428923 0.632533 0.416747 0.622597 0.448149
0 0.933837 0.474472 0.934779 0.447324 0.920748 0.445786 0.919806 0.472934
0 0.679499 0.414435 0.684238 0.382315 0.669358 0.375377 0.664619 0.407496
0 0.830296 0.373558 0.829592 0.346078 0.815762 0.347198 0.816466 0.374678
0 0.633533 0.636984 0.63824 0.612395 0.626937 0.605556 0.62223 0.630146
0 0.0146637 0.915738 0.0246094 0.882048 0.00281834 0.861717 -0.00712731 0.895407
0 0.583212 0.921531 0.583888 0.893172 0.570683 0.892178 0.570008 0.920537
0 0.493993 0.733715 0.502933 0.70346 0.492002 0.693252 0.483063 0.723507
0 0.934936 0.613191 0.945024 0.592401 0.927441 0.565435 0.917352 0.586225
0 0.930942 0.813485 0.940839 0.783892 0.919893 0.761752 0.909996 0.791345
0 0.701027 0.329702 0.704336 0.307045 0.691447 0.301095 0.688138 0.323752
0 0.077916 0.986439 0.0931724 0.951937 0.0827025 0.937304 0.0674461 0.971806
0 0.846626 0.637134 0.851381 0.620022 0.839403 0.609501 0.834648 0.626614
0 0.757792 0.46366 0.761499 0.440325 0.746808 0.43295 0.743102 0.456285
0 0.621741 0.632018 0.626353 0.612622 0.616814 0.605453 0.612202 0.624849
0 0.530988 0.745981 0.533084 0.726643 0.515679 0.720679 0.513583 0.740018
0 0.63992 0.744773 0.644709 0.716075 0.631808 0.70927 0.627018 0.737968
0 0.757356 0.384943 0.761006 0.368935 0.74936 0.360543 0.74571 0.376551
0 0.202596 0.924431 0.203792 0.888771 0.186289 0.886914 0.185092 0.922575
0 0.701069 0.43697 0.702531 0.415926 0.690894 0.413371 0.689432 0.434415
0 0.0728366 0.843636 0.0886262 0.8037 0.0723707 0.783388 0.0565811 0.823323
0 0.138267 0.322901 0.154197 0.303409 0.138847 0.263763 0.122917 0.283255
0 0.502764 0.883912 0.502687 0.856543 0.484839 0.856702 0.484916 0.884071
0 0.516161 0.699167 0.525412 0.670232 0.513591 0.658286 0.504339 0.687221
0 0.238317 1.00314 0.255714 0.977597 0.247244 0.959365 0.229847 0.98491
0 0.877796 0.807335 0.882158 0.775943 0.864839 0.768336 0.860476 0.799729
0 0.367024 0.77583 0.374568 0.745415 0.361622 0.735266 0.354077 0.76568
0 0.680196 0.466889 0.680501 0.448471 0.66887 0.447862 0.668565 0.46628
0 0.695934 0.348109 0.696963 0.327563 0.685736 0.325786 0.684707 0.346332
0 0.386983 0.915747 0.39308 0.882765 0.380304 0.875299 0.374206 0.908281
0 0.569945 0.598052 0.576761 0.576658 0.568011 0.567849 0.561195 0.589242
0 0.416576 0.913769 0.423004 0.870995 0.405727 0.862788 0.399299 0.905563
0 0.0629634 0.975203 0.0636961 0.94947 0.0423801 0.947552 0.0416474 0.973285
0 0.192397 0.917569 0.194289 0.889346 0.175546 0.885375 0.173654 0.913598
0 0.686194 0.281451 0.694015 0.254353 0.683925 0.245149 0.676104 0.272246
0 0.928406 0.73796 0.936846 0.717131 0.910815 0.683792 0.902375 0.70462
0 0.072442 0.875682 0.0721577 0.837877 0.0486467 0.838436 0.0489311 0.876241
0 0.646098 0.662893 0.648237 0.641961 0.638512 0.638819 0.636372 0.659751
0 0.838244 0.619542 0.84182 0.593428 0.827788 0.587356 0.824212 0.61347
0 0.681249 0.639842 0.692234 0.628232 0.679456 0.590021 0.668471 0.601631
0 0.445898 0.961909 0.462709 0.929472 0.449227 0.90739 0.432417 0.939826
0 0.911513 0.432651 0.913372 0.412063 0.900754 0.408464 0.898896 0.429052
0 0.627776 0.767904 0.633522 0.737269 0.619166 0.728757 0.613419 0.759392
0 0.160097 0.894932 0.170995 0.862085 0.157609 0.848049 0.146711 0.880897
0 0.679237 0.360778 0.683808 0.335112 0.667049 0.325678 0.662478 0.351344
0 0.613269 0.83471 0.617877 0.815865 0.605882 0.806594 0.601274 0.825439
0 0.176528 0.562727 0.194255 0.473269 0.158453 0.450848 0.140726 0.540305
0 0.0648609 0.263595 0.207465 0.200699 0.196183 0.119854 0.0535787 0.18275
0 0.897094 0.45737 0.896916 0.431842 0.875516 0.432313 0.875693 0.45784
0 0.764798 0.494405 0.769496 0.476099 0.758625 0.467281 0.753927 0.485587
0 0.671336 0.332305 0.682762 0.306024 0.671932 0.291142 0.660506 0.317423
0 0.666464 0.707141 0.669045 0.673047 0.652218 0.669021 0.649637 0.703115
0 0.659288 0.388309 0.665594 0.366336 0.655097 0.356815 0.648791 0.378788
0 0.74666 0.622163 0.7516 0.598284 0.74028 0.590883 0.73534 0.614762
0 0.696848 0.50002 0.702723 0.480331 0.693737 0.471856 0.687862 0.491546
0 0.70534 0.301307 0.709844 0.265208 0.690452 0.257561 0.685948 0.29366
0 0.663304 0.404292 0.669826 0.383846 0.660236 0.374177 0.653714 0.394623
0 0.758774 0.530293 0.760768 0.51067 0.747215 0.506317 0.745221 0.52594
0 0.548104 0.657403 0.553788 0.633454 0.543329 0.625607 0.537644 0.649557
0 0.990897 0.449351 1.00365 0.421054 0.994487 0.408011 0.981738 0.436308
0 0.975549 0.395705 0.978818 0.367174 0.959901 0.360324 0.956632 0.388856
0 0.736427 0.452421 0.738736 0.435092 0.727851 0.430509 0.725542 0.447838
0 0.0428715 0.969225 0.0430012 0.938469 0.0228573 0.938201 0.0227276 0.968957
0 0.21177 0.982178 0.22366 0.960668 0.215207 0.945901 0.203317 0.967411
0 0.620679 0.521091 0.62417 0.483438 0.607982 0.478695 0.604492 0.516348
0 0.77552 0.527371 0.778193 0.510138 0.766009 0.504165 0.763336 0.521397
0 0.346193 0.910931 0.3608 0.855055 0.340993 0.838689 0.326385 0.894565
0 0.962608 0.373945 0.968111 0.347988 0.953319 0.338075 0.947815 0.364032
0 0.606752 0.71723 0.610585 0.691719 0.598089 0.685785 0.594256 0.711297
0 0.414568 0.717514 0.417871 0.698572 0.405395 0.691697 0.402093 0.710638
0 0.658349 0.726086 0.661508 0.707132 0.646093 0.699015 0.642935 0.717969
0 0.533644 0.608048 0.537764 0.589976 0.525695 0.581281 0.521575 0.599352
0 0.774716 0.646997 0.779375 0.624109 0.765047 0.614891 0.760388 0.637778
0 0.775986 0.654366 0.780381 0.627903 0.766341 0.620535 0.761947 0.646998
0 0.38708 0.813401 0.398454 0.784492 0.386667 0.769835 0.375293 0.798744
0 0.697068 0.562903 0.699166 0.533778 0.685965 0.530772 0.683867 0.559897
0 0.49949 0.71225 0.507816 0.682506 0.494051 0.670327 0.485724 0.700071
0 0.772396 0.475907 0.774981 0.44675 0.7606 0.44272 0.758015 0.471877
0 0.932666 0.407685 0.951517 0.37896 0.941961 0.359139 0.92311 0.387864
0 0.137015 0.838744 0.142093 0.813072 0.129054 0.804921 0.123977 0.830594
0 0.174934 0.865434 0.187805 0.841404 0.178648 0.825902 0.165777 0.849933
0 0.908638 0.266168 0.913254 0.239421 0.896345 0.230198 0.891729 0.256945
0 0.674194 0.463896 0.676537 0.444926 0.663541 0.439853 0.661198 0.458823
0 0.821347 0.652633 0.828742 0.629992 0.817529 0.618418 0.810135 0.64106
0 1.00696 0.728633 1.00881 0.671764 0.982049 0.669023 0.980206 0.725892
0 0.753232 0.454741 0.757009 0.435883 0.742805 0.426893 0.739028 0.445751
0 0.80206 0.500511 0.804965 0.482028 0.792615 0.475891 0.78971 0.494374
0 0.972588 0.604953 0.99084 0.574509 0.979386 0.552804 0.961133 0.583248
0 0.801059 0.430808 0.804328 0.413628 0.79295 0.406787 0.789681 0.423967
0 0.100322 0.950676 0.110877 0.922965 0.100194 0.910107 0.0896402 0.937817
0 0.858603 0.24867 0.865441 0.222474 0.854293 0.213277 0.847455 0.239473
0 0.267988 0.844264 0.271857 0.813553 0.236432 0.79945 0.232564 0.83016
0 0.568697 0.764528 0.576187 0.745598 0.563939 0.730284 0.55645 0.749213
0 0.64986 0.614416 0.654313 0.589355 0.644219 0.583688 0.639767 0.608748
0 0.711446 0.322325 0.720995 0.300356 0.710759 0.286295 0.70121 0.308264
0 0.659147 0.583782 0.664274 0.560502 0.65003 0.550585 0.644902 0.573865
0 0.648177 0.759267 0.650627 0.7426 0.63712 0.736325 0.63467 0.752991
0 0.969144 0.477862 0.974569 0.455803 0.950649 0.437208 0.945223 0.459267
0 0.442592 0.72773 0.451754 0.703912 0.441855 0.691877 0.432692 0.715695
0 0.689075 0.44353 0.689692 0.424637 0.675933 0.423219 0.675317 0.442112
0 0.697343 0.476409 0.700536 0.457448 0.691164 0.452461 0.687971 0.471421
0 0.756801 0.243538 0.759986 0.2198 0.746509 0.214086 0.743325 0.237824
0 0.708753 0.584721 0.714176 0.552764 0.701444 0.545936 0.696022 0.577893
0 0.812351 0.719333 0.813513 0.674939 0.79362 0.673292 0.792457 0.717686
0 0.551187 0.72402 0.554774 0.693892 0.541028 0.688719 0.53744 0.718847
0 0.563509 0.860176 0.568297 0.83633 0.557408 0.829419 0.552619 0.853266
0 0.519298 0.713297 0.522967 0.691562 0.513264 0.686386 0.509595 0.708121
0 0.758783 0.581142 0.764702 0.557867 0.751331 0.547122 0.745413 0.570397
0 0.685637 0.297065 0.688801 0.276912 0.676562 0.27084 0.673398 0.290992
0 0.63672 0.772211 0.639807 0.749965 0.628415 0.744969 0.625328 0.767215
0 0.674981 0.481544 0.676535 0.460508 0.66519 0.457859 0.663636 0.478895
0 0.812014 0.673439 0.824059 0.65398 0.816935 0.640045 0.804891 0.659504
0 0.566213 0.712996 0.571377 0.688266 0.559833 0.680647 0.554669 0.705376
0 0.097822 0.81971 0.10128 0.799126 0.0882661 0.792217 0.0848083 0.812802
0 0.831979 0.588571 0.83558 0.570303 0.821441 0.561494 0.81784 0.579762
0 0.790294 0.488323 0.794904 0.466897 0.7797 0.456558 0.77509 0.477983
0 0.380842 0.712553 0.388258 0.675519 0.374413 0.666757 0.366997 0.703791
0 0.588093 0.941469 0.5904 0.917217 0.576178 0.912943 0.573872 0.937195
0 0.871481 0.549312 0.874042 0.53098 0.862464 0.525867 0.859902 0.544198
0 0.126165 0.93234 0.133701 0.906626 0.12162 0.895437 0.114084 0.921151
0 0.514532 0.807419 0.517082 0.784019 0.505253 0.779946 0.502704 0.803345
0 0.555411 0.683423 0.559726 0.659151 0.550718 0.65409 0.546403 0.678362
0 0.559545 0.66323 0.56276 0.639846 0.553318 0.635743 0.550103 0.659128
0 0.616114 0.700962 0.625983 0.688043 0.613605 0.658161 0.603737 0.671081
0 0.595283 0.690562 0.604023 0.667933 0.5946 0.656429 0.585859 0.679058
0 0.802794 0.683956 0.815197 0.658325 0.80623 0.644612 0.793827 0.670243
0 0.943711 0.840615 0.949571 0.816682 0.915673 0.790446 0.909812 0.81438
0 0.984999 0.433204 1.00793 0.401284 0.998408 0.379664 0.975477 0.411584
0 0.760624 0.510061 0.763765 0.48901 0.751866 0.4834 0.748725 0.504452
0 0.682321 0.496319 0.685008 0.478809 0.675978 0.474431 0.673292 0.491941
0 0.364602 1.00666 0.368856 0.961741 0.343058 0.954019 0.338804 0.998943
0 0.01789 0.877182 0.019752 0.851342 0.000569232 0.846973 -0.00129276 0.872813
0 0.961243 0.444883 0.966251 0.427172 0.950846 0.413404 0.945838 0.431115
0 0.477632 0.738973 0.483033 0.716159 0.468574 0.705342 0.463173 0.728156
0 0.219682 1.01199 0.237463 0.981489 0.224753 0.958074 0.206972 0.988578
0 0.554208 0.846123 0.558163 0.819835 0.545582 0.813853 0.541627 0.840142
0 0.631575 0.64555 0.632342 0.624038 0.620416 0.622695 0.619649 0.644206
0 0.727977 0.766743 0.741141 0.726137 0.723582 0.708147 0.710418 0.748752
0 0.54355 0.905364 0.548497 0.871686 0.518711 0.857858 0.513764 0.891535
0 0.934787 0.461235 0.936535 0.432194 0.921505 0.429336 0.919758 0.458376
0 0.827132 0.601326 0.832164 0.585745 0.815625 0.568866 0.810594 0.584448
0 0.540833 0.631718 0.548479 0.606087 0.539376 0.597504 0.531729 0.623135
0 0.72007 0.428928 0.722146 0.410171 0.711259 0.406362 0.709183 0.42512
0 0.135951 0.863045 0.142597 0.846547 0.127682 0.827557 0.121036 0.844055
0 0.809516 0.581488 0.816321 0.563516 0.804355 0.549196 0.79755 0.567168
0 0.662106 0.609499 0.665806 0.587873 0.655094 0.582082 0.651394 0.603707
0 0.64162 0.579517 0.647491 0.559592 0.638805 0.551504 0.632935 0.57143
0 0.417943 0.789013 0.419044 0.762603 0.399963 0.760089 0.398863 0.786499
0 0.219828 0.297629 0.246867 0.271247 0.220065 0.184428 0.193026 0.21081
0 0.381958 0.6776 0.391292 0.653419 0.382317 0.642469 0.372983 0.66665
0 0.712836 0.326096 0.718201 0.304263 0.707112 0.295653 0.701748 0.317485
0 0.923949 0.623669 0.925373 0.600515 0.911821 0.597881 0.910398 0.621035
0 0.598899 0.640981 0.603576 0.619345 0.592498 0.611777 0.587821 0.633413
0 0.726495 0.408053 0.727902 0.390295 0.717797 0.387764 0.71639 0.405522
0 0.631833 0.733886 0.642565 0.699389 0.631567 0.688575 0.620835 0.723073
0 0.505881 0.74616 0.510671 0.720533 0.498032 0.713067 0.493242 0.738694
