0 0.371267 0.941422 0.392821 0.889862 0.371755 0.862029 0.3502 0.913589
0 0.559694 0.883743 0.568062 0.836391 0.545388 0.823727 0.53702 0.871079
0 0.0658869 0.728426 0.0713667 0.710754 0.0536629 0.693404 0.0481831 0.711076
0 0.518836 0.891233 0.531 0.86812 0.514056 0.839937 0.501892 0.86305
0 0.49266 0.802595 0.501111 0.766102 0.485019 0.754325 0.476568 0.790818
0 0.0533793 0.703978 0.0552792 0.678717 0.0394818 0.674962 0.0375819 0.700223
0 0.357528 0.849678 0.366074 0.81964 0.350916 0.806011 0.34237 0.836049
0 0.0333328 0.642949 0.0456162 0.611082 0.0344568 0.597487 0.0221734 0.629354
0 0.55467 0.925002 0.564986 0.885277 0.547672 0.871066 0.537356 0.910792
0 0.582193 0.905139 0.593445 0.869652 0.569095 0.845251 0.557843 0.880738
0 0.212583 0.97789 0.234537 0.917759 0.208548 0.88777 0.186594 0.947901
0 0.57931 0.773215 0.581874 0.746573 0.566189 0.741802 0.563625 0.768444
0 0.552835 0.838257 0.555254 0.815924 0.540503 0.810873 0.538083 0.833206
0 0.366609 0.882583 0.381715 0.860622 0.373032 0.841745 0.357925 0.863705
0 0.0319507 0.671851 0.0328205 0.644296 0.0128264 0.642302 0.0119566 0.669856
0 0.362896 0.818831 0.364965 0.793895 0.350058 0.789986 0.347989 0.814922
0 0.333338 0.882531 0.33716 0.843881 0.310308 0.83549 0.306487 0.87414
0 0.556176 0.815004 0.562418 0.785431 0.551687 0.778272 0.545445 0.807846
0 0.595658 0.930316 0.596354 0.898957 0.582181 0.897964 0.581486 0.929323
0 0.535888 0.840269 0.541948 0.814077 0.527015 0.803159 0.520956 0.829351
0 0.0895019 0.778081 0.090543 0.748612 0.0733595 0.746693 0.0723184 0.776163
0 0.0420501 1.00352 0.0610226 0.979595 0.0533295 0.960317 0.034357 0.984247
0 0.0579853 0.945434 0.0754762 0.919922 0.0646978 0.896567 0.0472069 0.92208
0 0.585702 0.810021 0.592915 0.786339 0.570609 0.764867 0.563396 0.788549
0 0.543368 0.822687 0.552237 0.799848 0.541229 0.786337 0.53236 0.809175
0 0.556012 1.00099 0.564521 0.956276 0.530048 0.935541 0.521539 0.980253
0 0.989123 1.0199 1.00591 0.88717 0.789994 0.800858 0.773206 0.933588
0 0.0550807 0.658144 0.06237 0.638511 0.0528906 0.627387 0.0456013 0.64702
0 0.382829 0.743851 0.384347 0.720119 0.37236 0.717696 0.370842 0.741429
0 0.246381 0.788192 0.255806 0.770498 0.241579 0.746546 0.232154 0.76424
0 0.414651 0.955913 0.429385 0.93641 0.413271 0.897932 0.398536 0.917435
0 0.028456 1.00994 0.0455691 0.977171 0.0340069 0.958088 0.0168938 0.990856
0 0.111029 1.0031 0.129258 0.982425 0.121582 0.961035 0.103353 0.981711
0 0.0623103 0.769871 0.0632844 0.725946 0.0343657 0.723919 0.0333917 0.767844
0 0.467214 0.81652 0.471041 0.777458 0.448732 0.770551 0.444905 0.809613
0 0.360335 0.867499 0.372493 0.841347 0.361557 0.82528 0.349399 0.851432
0 0.145692 0.986876 0.163398 0.955443 0.150784 0.932988 0.133079 0.964421
0 0.261172 0.797597 0.270206 0.760432 0.257606 0.750752 0.248572 0.787918
0 0.0555395 0.975746 0.0703459 0.94313 0.0581235 0.925594 0.0433171 0.958211
0 0.355239 0.915953 0.367928 0.878326 0.354158 0.86365 0.341469 0.901277
0 0.385475 0.845031 0.387761 0.817898 0.371807 0.813649 0.36952 0.840782
0 0.182526 1.00953 0.193207 0.976431 0.178521 0.961452 0.167839 0.99455
0 0.482721 0.831146 0.489551 0.809465 0.47425 0.794233 0.467421 0.815914
0 0.0186952 0.967171 0.0345549 0.934933 0.0197935 0.911982 0.00393377 0.94422
0 0.53948 0.872596 0.543716 0.843669 0.525154 0.835077 0.520917 0.864004
0 0.503544 0.816482 0.506513 0.779562 0.493081 0.776148 0.490112 0.813068
0 0.124715 0.75416 0.125079 0.723892 0.105624 0.723151 0.105259 0.753419
0 0.576408 0.921355 0.578365 0.893662 0.55976 0.889508 0.557803 0.9172
0 0.183722 0.976125 0.199931 0.942526 0.186721 0.922385 0.170512 0.955984
0 0.532537 0.811275 0.537586 0.789504 0.527927 0.782424 0.522878 0.804195
0 0.492691 0.881989 0.507015 0.847508 0.478713 0.81035 0.464389 0.844831
0 0.411265 0.731041 0.418307 0.695606 0.395197 0.681092 0.388156 0.716527
0 0.200897 0.985959 0.203201 0.95122 0.188824 0.948208 0.186521 0.982946
0 0.744684 1.01092 0.798496 0.939838 0.747915 0.81882 0.694102 0.889904
0 0.509825 0.861379 0.513848 0.838698 0.500149 0.831018 0.496126 0.8537
0 0.131013 0.843008 0.137626 0.818949 0.125023 0.808001 0.11841 0.832059
0 0.125933 0.659441 0.14411 0.606796 0.117168 0.577395 0.0989903 0.63004
0 0.540847 0.953453 0.554502 0.93505 0.541113 0.903652 0.527458 0.922056
0 0.0657617 0.739879 0.0677744 0.722317 0.0526112 0.716825 0.0505986 0.734387
0 0.023725 0.925906 0.0237573 0.853609 -0.00625306 0.853567 -0.00628536 0.925864
0 0.0893923 0.311548 0.108698 0.29623 0.0963908 0.247208 0.0770854 0.262525
0 0.548973 0.768622 0.554696 0.751977 0.541459 0.737594 0.535736 0.754239
0 0.256821 0.99802 0.269904 0.971271 0.25678 0.950983 0.243697 0.977731
0 0.218933 0.889969 0.224462 0.870789 0.213963 0.861223 0.208433 0.880403
0 0.333385 0.934245 0.340682 0.899603 0.329031 0.891847 0.321734 0.926489
0 0.575414 0.84644 0.57943 0.821052 0.560754 0.811714 0.556738 0.837102
0 0.51316 0.818063 0.517212 0.793445 0.505399 0.7873 0.501347 0.811917
0 0.52006 0.937215 0.531508 0.915686 0.516205 0.889965 0.504756 0.911493
0 0.109534 0.684779 0.112331 0.662313 0.100453 0.657638 0.0976556 0.680104
0 0.45539 0.785955 0.484796 0.751999 0.474564 0.723994 0.445158 0.757949
0 0.0444729 0.65364 0.0467687 0.633713 0.035218 0.629507 0.0329223 0.649434
0 0.255468 0.764798 0.262901 0.739165 0.252777 0.729886 0.245344 0.755519
0 0.06645 0.605422 0.0662125 0.584391 0.0486343 0.585018 0.0488717 0.606049
0 0.582637 0.863279 0.593944 0.842948 0.5801 0.818614 0.568793 0.838945
0 0.357836 0.943967 0.361522 0.920142 0.350439 0.914723 0.346753 0.938548
0 0.133096 0.863544 0.143172 0.840808 0.133848 0.827749 0.123772 0.850486
0 0.0739978 0.658435 0.0764799 0.639209 0.0661557 0.634997 0.0636736 0.654222
0 0.0420711 0.685213 0.0438371 0.662263 0.0295514 0.658788 0.0277853 0.681739
0 0.236555 0.912884 0.238649 0.888876 0.222895 0.884534 0.220802 0.908542
0 0.476677 0.798154 0.483061 0.769498 0.469704 0.760093 0.46332 0.788749
0 0.493236 0.767112 0.494466 0.737694 0.480924 0.735904 0.479693 0.765321
0 0.663876 0.588446 0.676535 0.52868 0.65159 0.511981 0.638931 0.571747
0 0.585942 1.00694 0.587725 0.962218 0.562814 0.959079 0.561031 1.0038
0 0.202716 0.336975 0.19584 0.275762 0.17638 0.28267 0.183256 0.343884
0 0.0857421 1.00381 0.105181 0.961304 0.095522 0.947342 0.0760828 0.989847
0 0.108219 0.574243 0.116035 0.552143 0.107185 0.54225 0.0993684 0.56435
0 0.0778766 0.969727 0.0967183 0.923184 0.0801546 0.901992 0.0613128 0.948534
0 0.187424 0.93151 0.191746 0.911811 0.179279 0.903167 0.174957 0.922865
0 0.213556 0.646938 0.217088 0.599527 0.19487 0.594296 0.191338 0.641706
0 0.015364 1.00759 0.0173057 0.97887 0.00192754 0.975585 -1.41893e-05 1.00431
0 0.117277 0.865727 0.129518 0.841532 0.120609 0.827286 0.108368 0.851481
0 0.40333 0.845216 0.407021 0.815513 0.390788 0.809138 0.387097 0.838841
0 0.510051 0.784319 0.51198 0.761555 0.499571 0.758232 0.497642 0.780996
0 0.240445 0.8924 0.243627 0.872987 0.232004 0.866965 0.228822 0.886378
0 0.0312361 0.945644 0.0496871 0.922978 0.0419243 0.903006 0.0234733 0.925672
0 0.174213 0.953276 0.182534 0.928851 0.163739 0.908613 0.155417 0.933037
0 0.170277 0.98082 0.176468 0.955341 0.162983 0.944986 0.156792 0.970465
0 0.0879391 0.73908 0.0891202 0.71809 0.0777243 0.716063 0.0765431 0.737054
0 0.25631 0.156093 0.262946 0.108396 0.228418 0.0932125 0.221781 0.140909
0 0.405445 0.9001 0.408403 0.861451 0.386954 0.856263 0.383996 0.894912
0 0.41898 0.874493 0.427908 0.852817 0.407186 0.825842 0.398258 0.847519
0 0.524851 0.849674 0.526585 0.825608 0.513849 0.822708 0.512115 0.846774
0 0.119146 0.930676 0.122848 0.874755 0.0926235 0.868432 0.0889219 0.924353
0 0.0866601 0.589245 0.088093 0.572053 0.0775763 0.569283 0.0761434 0.586475
0 0.046068 0.924182 0.0692182 0.897676 0.06109 0.875239 0.0379398 0.901745
0 0.568413 0.727826 0.569306 0.707352 0.554405 0.7053 0.553512 0.725773
0 0.519498 0.791707 0.520928 0.770279 0.509686 0.767908 0.508255 0.789335
0 0.573134 0.695331 0.575331 0.672206 0.564404 0.668925 0.562207 0.692051
0 0.239594 0.634241 0.242802 0.610273 0.231423 0.605459 0.228214 0.629427
0 0.226147 0.838735 0.236475 0.817447 0.228656 0.805457 0.218328 0.826746
0 0.229069 0.405003 0.237667 0.36663 0.206054 0.344244 0.197456 0.382616
0 0.579032 0.960063 0.592011 0.946021 0.579301 0.908889 0.566322 0.92293
0 0.278504 0.854584 0.280073 0.82882 0.264984 0.825915 0.263414 0.851679
0 0.248954 0.96811 0.261499 0.91927 0.247487 0.907895 0.234942 0.956734
0 0.28901 0.101617 0.286719 0.000181262 0.23637 0.00377492 0.238661 0.105211
0 0.276408 0.715821 0.278259 0.691452 0.264506 0.688151 0.262655 0.71252
0 0.242201 0.821997 0.247586 0.798214 0.237739 0.791168 0.232355 0.81495
0 0.23803 0.942007 0.246042 0.917748 0.235371 0.90661 0.227359 0.930869
0 0.557091 0.786437 0.559343 0.768809 0.548077 0.764262 0.545826 0.78189
0 0.0463413 0.720537 0.0471084 0.698799 0.0337896 0.697314 0.0330225 0.719052
0 0.299669 0.572638 0.309852 0.524584 0.26995 0.49786 0.259767 0.545914
0 0.240948 0.510554 0.257541 0.402926 0.185767 0.367954 0.169174 0.475581
0 0.498245 0.928307 0.504615 0.91032 0.489977 0.893938 0.483608 0.911925
0 0.766037 0.790154 0.767561 0.763205 0.753924 0.760768 0.752401 0.787718
0 0.237903 0.804593 0.245816 0.784232 0.23732 0.773797 0.229407 0.794158
0 0.175911 0.317892 0.182271 0.281696 0.148716 0.263061 0.142356 0.299258
0 0.248262 0.748994 0.249987 0.730852 0.238171 0.7273 0.236446 0.745442
0 0.16756 0.995977 0.177125 0.973088 0.16859 0.961814 0.159024 0.984703
0 0.157442 0.270536 0.172674 0.234395 0.138354 0.188682 0.123122 0.224823
0 0.0610152 0.838542 0.0549505 0.800229 0.0208258 0.817301 0.0268905 0.855614
0 0.545556 0.335104 0.548727 0.299328 0.532685 0.294835 0.529514 0.33061
0 0.132698 1.00916 0.143406 0.981482 0.130073 0.965178 0.119365 0.992854
0 0.0543183 0.819624 0.0876256 0.796514 0.079629 0.760088 0.0463217 0.783198
0 0.402447 0.864558 0.406411 0.840478 0.392182 0.833076 0.388218 0.857156
0 0.0790308 0.7179 0.0892333 0.692848 0.080396 0.681473 0.0701935 0.706525
0 0.0641093 0.700467 0.0657294 0.678347 0.0531563 0.675436 0.0515362 0.697557
0 0.271429 0.829495 0.273119 0.808975 0.26329 0.806416 0.2616 0.826936
0 0.0524163 0.677096 0.0544961 0.654764 0.0433281 0.651477 0.0412483 0.673809
0 0.154642 0.871627 0.15545 0.84637 0.140298 0.844837 0.13949 0.870095
0 0.272159 0.756368 0.290891 0.739084 0.284745 0.718031 0.266013 0.735315
0 0.365471 0.967208 0.366726 0.938907 0.348695 0.936378 0.347439 0.964679
0 0.320204 0.850147 0.323259 0.82997 0.310086 0.823668 0.307032 0.843845
0 0.571314 0.865407 0.581411 0.842975 0.567584 0.823302 0.557486 0.845733
0 0.256437 0.811208 0.258636 0.792031 0.247439 0.787973 0.24524 0.80715
0 0.207573 1.00044 0.21651 0.973737 0.205032 0.961595 0.196094 0.988299
0 0.563814 0.812479 0.574428 0.799762 0.565201 0.775422 0.554587 0.788139
0 0.0100245 0.999805 0.0121064 0.964129 -0.000701036 0.961767 -0.00278292 0.997443
0 0.0988551 0.998405 0.117739 0.971883 0.109941 0.954336 0.0910575 0.980858
0 0.184721 0.508234 0.21046 0.486278 0.184512 0.390146 0.158774 0.412102
0 0.173499 0.894903 0.17466 0.87546 0.163475 0.873349 0.162314 0.892792
0 0.154462 1.00092 0.162324 0.975157 0.151882 0.965086 0.144021 0.990845
