0 0.19572 0.907945 0.200611 0.874581 0.183902 0.86684 0.179011 0.900203
0 0.991764 0.965856 1.0047 0.843352 0.80378 0.776308 0.790846 0.898813
0 0.0586267 0.980318 0.0688108 0.944338 0.0500979 0.927598 0.0399138 0.963578
0 0.20395 0.982529 0.216637 0.950257 0.204157 0.934751 0.19147 0.967023
0 0.188036 0.990791 0.198088 0.952551 0.181233 0.938548 0.171181 0.976788
0 0.0647182 0.67919 0.0655569 0.655945 0.0497446 0.654142 0.0489059 0.677387
0 0.489372 0.811588 0.501624 0.785074 0.482538 0.757202 0.470287 0.783716
0 0.245397 0.961746 0.26971 0.930448 0.258608 0.90319 0.234295 0.934488
0 0.0763538 0.698063 0.0800106 0.680201 0.0632584 0.669362 0.0596016 0.687224
0 0.524009 0.877616 0.524396 0.843393 0.501974 0.842591 0.501587 0.876814
0 0.0464599 0.621865 0.0524655 0.593613 0.0408617 0.585817 0.0348561 0.614069
0 0.206021 0.888319 0.212187 0.864119 0.199715 0.854075 0.193549 0.878276
0 0.525506 0.826623 0.527082 0.804713 0.514438 0.801838 0.512862 0.823748
0 0.0428844 0.652253 0.0448358 0.628259 0.0255359 0.623298 0.0235845 0.647293
0 0.169536 1.00774 0.180797 0.983681 0.169092 0.966365 0.15783 0.990425
0 0.554304 0.844433 0.564763 0.823301 0.548964 0.798588 0.538505 0.81972
0 0.105833 1.01685 0.132137 0.991737 0.121983 0.958125 0.095679 0.983238
0 0.0992389 0.742546 0.0994946 0.719248 0.0830075 0.718676 0.0827518 0.741974
0 0.240763 0.851715 0.247984 0.82818 0.233585 0.814216 0.226364 0.837751
0 0.527018 0.986897 0.52734 0.940281 0.502644 0.939741 0.502322 0.986358
0 0.586887 0.649555 0.588522 0.626212 0.575612 0.623354 0.573977 0.646698
0 0.229052 0.881825 0.23338 0.818181 0.217031 0.814667 0.212703 0.878311
0 0.211063 1.01033 0.218002 0.976502 0.200654 0.965255 0.193715 0.999079
0 0.0728179 0.733022 0.0733277 0.702655 0.0470383 0.70126 0.0465284 0.731627
0 0.142637 0.965969 0.148912 0.941332 0.137659 0.932273 0.131384 0.95691
0 0.165502 0.910054 0.166104 0.882354 0.152238 0.881402 0.151636 0.909101
0 0.575117 0.825585 0.577104 0.797346 0.559457 0.79342 0.55747 0.82166
0 0.507044 0.897953 0.514386 0.877687 0.497481 0.858331 0.490139 0.878597
0 0.0430922 0.998732 0.0460112 0.94556 0.0193779 0.940939 0.0164589 0.994111
0 0.186776 0.884207 0.187975 0.863431 0.168769 0.859929 0.167571 0.880705
0 0.0687976 1.00792 0.0755255 0.976223 0.0598641 0.965717 0.0531361 0.997416
0 0.370293 0.815808 0.369655 0.785596 0.348398 0.787016 0.349037 0.817228
0 0.544813 0.749888 0.551023 0.722753 0.540895 0.715428 0.534685 0.742563
0 0.135539 0.997626 0.147333 0.969617 0.134404 0.952412 0.12261 0.980421
0 0.175121 0.894938 0.177848 0.877998 0.162125 0.87 0.159398 0.88694
0 0.0744661 0.915631 0.0863168 0.884978 0.0757935 0.872119 0.0639428 0.902772
0 0.211999 0.85599 0.216196 0.832969 0.206211 0.827214 0.202014 0.850235
0 0.0434385 1.01305 0.0582213 0.988316 0.0476074 0.968263 0.0328245 0.992993
0 0.553805 0.789701 0.55082 0.75978 0.522204 0.768803 0.525189 0.798724
0 0.0830682 0.636946 0.083813 0.61942 0.0726321 0.617919 0.0718873 0.635444
0 0.267345 0.868396 0.280871 0.837988 0.270739 0.823743 0.257212 0.854151
0 0.279306 0.827072 0.281482 0.803054 0.265004 0.798336 0.262828 0.822354
0 0.0724431 0.889455 0.0890294 0.866424 0.0808794 0.847874 0.0642932 0.870905
0 0.160213 0.820807 0.161379 0.797356 0.147223 0.795132 0.146057 0.818583
0 0.277925 0.773552 0.277249 0.733414 0.26301 0.734172 0.263686 0.774311
0 0.543225 0.884714 0.55071 0.868726 0.539687 0.852415 0.532202 0.868404
0 0.507324 0.838421 0.517595 0.806429 0.505232 0.793885 0.494961 0.825876
0 0.161351 0.992449 0.1706 0.957677 0.158392 0.947415 0.149143 0.982187
0 0.0738895 0.594116 0.0744712 0.573039 0.0558649 0.571416 0.0552832 0.592494
0 0.566476 0.696968 0.568213 0.674576 0.553421 0.670949 0.551684 0.693342
0 0.386075 0.901534 0.413683 0.877045 0.405247 0.846987 0.377639 0.871476
0 0.129197 0.934229 0.139565 0.909196 0.130429 0.897237 0.120061 0.92227
0 0.0440962 0.867269 0.034647 0.8068 -0.00547783 0.826616 0.00397139 0.887086
0 0.490561 0.848962 0.49173 0.82806 0.478342 0.825695 0.477174 0.846597
0 0.606672 0.773556 0.616195 0.753856 0.601687 0.73169 0.592164 0.75139
0 0.264438 0.920843 0.267411 0.894738 0.24593 0.887008 0.242958 0.913113
0 0.0168712 0.665166 0.0257403 0.645935 0.0169411 0.633109 0.00807197 0.65234
0 0.0959775 0.908097 0.108884 0.865772 0.0927884 0.850259 0.0798818 0.892584
0 0.26962 0.720143 0.269499 0.699397 0.254635 0.699669 0.254755 0.720416
0 0.0153053 0.718161 0.0307001 0.691556 0.0206219 0.673125 0.00522703 0.69973
0 0.194378 0.874431 0.199522 0.854755 0.191198 0.847876 0.186054 0.867552
0 0.0671954 0.638918 0.0686447 0.616827 0.0556375 0.61413 0.0541882 0.636221
0 0.0748527 0.967136 0.0964125 0.926968 0.085341 0.908187 0.0637812 0.948355
0 0.237249 0.975856 0.242984 0.951951 0.229414 0.941662 0.223679 0.965567
0 0.0648942 0.942368 0.0792147 0.91364 0.0694092 0.898192 0.0550888 0.926921
0 0.127771 0.890983 0.140661 0.865932 0.132335 0.852393 0.119446 0.877444
0 0.144604 0.811845 0.149796 0.789078 0.140262 0.782206 0.13507 0.804973
0 0.526598 0.852548 0.530037 0.828542 0.511274 0.820046 0.507834 0.844052
0 0.0845591 1.01596 0.110501 0.95472 0.0883149 0.925018 0.0623733 0.986258
0 0.211246 0.622263 0.215022 0.585789 0.195456 0.579386 0.19168 0.61586
0 0.147074 0.953004 0.156054 0.928458 0.14711 0.918116 0.138129 0.942662
0 0.248153 0.896784 0.263493 0.858113 0.252364 0.84416 0.237024 0.882831
0 0.190156 0.855221 0.191039 0.8362 0.179601 0.834522 0.178718 0.853543
0 0.212189 0.903302 0.216527 0.880865 0.204168 0.873312 0.19983 0.89575
0 0.21101 0.796188 0.213419 0.775108 0.202587 0.771196 0.200179 0.792277
0 0.0763178 0.656491 0.0777388 0.635263 0.0651409 0.632597 0.0637199 0.653825
0 0.224878 0.956513 0.226664 0.924513 0.208072 0.921233 0.206286 0.953233
0 0.102165 0.330726 0.119861 0.317299 0.108806 0.271257 0.0911106 0.284684
0 0.0922148 0.578414 0.0949787 0.561181 0.0838336 0.555532 0.0810698 0.572765
0 0.383853 0.865234 0.386864 0.840568 0.372558 0.83505 0.369547 0.859716
0 0.228135 0.843551 0.228958 0.812017 0.21569 0.810922 0.214867 0.842456
0 0.0393943 0.908794 0.0519531 0.881042 0.0392459 0.862867 0.0266871 0.89062
0 0.0635259 0.656846 0.0659929 0.636915 0.0549724 0.632604 0.0525054 0.652535
0 0.584579 0.747583 0.586335 0.727732 0.571355 0.723545 0.569599 0.743397
0 0.11467 0.658851 0.116254 0.638572 0.104691 0.635719 0.103108 0.655998
0 0.745391 0.700922 0.74564 0.670449 0.728555 0.670008 0.728306 0.700481
0 0.178502 0.858595 0.180279 0.837612 0.167907 0.834301 0.16613 0.855284
0 0.0115892 0.995637 0.0113375 0.961945 -0.00206049 0.962262 -0.00180881 0.995953
0 0.185907 1.01089 0.196661 0.985297 0.185586 0.970589 0.174832 0.99618
0 0.532489 0.776982 0.542334 0.739248 0.5282 0.727594 0.518355 0.765328
0 0.0155539 0.777274 0.0286441 0.751214 0.0159785 0.731107 0.00288827 0.757167
0 0.133933 0.814392 0.136717 0.794303 0.124166 0.788806 0.121382 0.808895
0 0.120409 0.888456 0.122831 0.867287 0.110769 0.862924 0.108346 0.884093
0 0.195095 0.956202 0.202088 0.932811 0.184031 0.915749 0.177038 0.93914
0 0.247825 0.670025 0.249494 0.651293 0.237485 0.64791 0.235815 0.666642
0 0.100778 0.940462 0.116161 0.905361 0.106788 0.892378 0.0914045 0.927478
0 0.149767 0.892387 0.151484 0.870027 0.135951 0.866257 0.134234 0.888617
0 0.0369493 0.670224 0.0384613 0.647995 0.0250365 0.645109 0.0235246 0.667338
0 0.58527 0.844822 0.587853 0.822012 0.574023 0.817064 0.571441 0.839873
0 0.262877 0.77033 0.264178 0.752645 0.253823 0.750237 0.252522 0.767922
0 0.092686 0.712239 0.0973089 0.693433 0.088158 0.686324 0.0835352 0.70513
0 0.219541 0.980915 0.223145 0.957026 0.211369 0.951411 0.207765 0.9753
0 0.129686 0.87273 0.131789 0.828425 0.106591 0.824645 0.104488 0.86895
0 0.194418 0.927721 0.197296 0.90286 0.18359 0.897846 0.180712 0.922706
0 0.0934108 0.926606 0.105486 0.901802 0.0967617 0.888379 0.0846866 0.913183
0 0.228186 0.906826 0.237174 0.880092 0.225881 0.868093 0.216893 0.894827
0 0.252235 0.811648 0.253283 0.794082 0.242435 0.792035 0.241386 0.809601
0 0.179649 0.917015 0.182043 0.894131 0.167951 0.889472 0.165557 0.912356
0 0.221546 0.730381 0.22398 0.710172 0.213775 0.706286 0.21134 0.726495
0 0.134076 0.960917 0.13503 0.934409 0.119122 0.932601 0.118168 0.959108
0 0.277547 0.999516 0.274922 0.968944 0.246845 0.976564 0.249471 1.00714
0 0.221969 0.296878 0.240704 0.254639 0.204946 0.204515 0.186212 0.246754
0 0.297067 0.828224 0.298744 0.806962 0.284124 0.803317 0.282447 0.82458
0 0.277845 0.762061 0.279923 0.723292 0.266747 0.72106 0.264669 0.759829
0 0.157218 0.958096 0.164704 0.933892 0.155207 0.92461 0.147722 0.948814
0 0.215057 0.927787 0.217042 0.904225 0.204846 0.900978 0.202861 0.924541
0 0.240285 0.803257 0.240193 0.7873 0.228583 0.787512 0.228675 0.80347
0 0.17143 0.949677 0.179061 0.923408 0.1686 0.913804 0.160969 0.940073
0 0.102644 0.648564 0.102618 0.624827 0.083598 0.624893 0.083624 0.64863
0 0.0240516 0.945328 0.0339451 0.916044 0.0213673 0.902614 0.0114738 0.931898
0 0.0961082 0.342365 0.106746 0.306981 0.0807424 0.282274 0.0701048 0.317659
0 0.13838 0.799669 0.144236 0.778292 0.133065 0.768622 0.12721 0.789999
0 0.143426 0.932409 0.149516 0.908348 0.140009 0.900742 0.133918 0.924803
0 0.050606 0.70604 0.0518681 0.684919 0.0407886 0.682827 0.0395265 0.703947
0 0.522113 0.749138 0.524851 0.72654 0.513797 0.722308 0.51106 0.744906
0 0.0696836 0.519437 0.0711236 0.500438 0.061085 0.498034 0.059645 0.517033
0 0.539627 0.836931 0.543641 0.815849 0.529856 0.807552 0.525841 0.828634
0 0.27137 0.798543 0.272191 0.7812 0.259841 0.779353 0.25902 0.796695
0 0.700711 0.76994 0.703767 0.74887 0.690923 0.742983 0.687867 0.764053
0 0.213367 0.832029 0.213916 0.814585 0.203859 0.813584 0.20331 0.831029
0 0.0343179 0.704087 0.0406401 0.676597 0.0269447 0.666643 0.0206225 0.694132
0 0.0118634 0.967443 0.0183361 0.927618 0.000775843 0.918598 -0.00569687 0.958422
0 0.144227 1.0107 0.155905 0.987682 0.144835 0.969929 0.133157 0.992944
0 0.116708 0.931005 0.129733 0.903264 0.121306 0.89076 0.108282 0.918501
0 0.508078 0.537996 0.514875 0.469022 0.477856 0.457493 0.471059 0.526466
0 0.729599 0.762226 0.731209 0.739549 0.715986 0.736135 0.714377 0.758811
0 0.379832 0.842838 0.382068 0.813692 0.366275 0.809863 0.364039 0.839009
0 0.0349252 0.950248 0.0429184 0.923298 0.0322776 0.913323 0.0242844 0.940273
0 0.238581 0.885032 0.244367 0.854586 0.232064 0.847198 0.226279 0.877644
0 0.110195 0.563918 0.116396 0.543964 0.107294 0.535025 0.101093 0.554979
0 0.0710096 0.56707 0.0727704 0.552793 0.0637296 0.549269 0.0619688 0.563546
0 0.519483 0.789866 0.521663 0.769848 0.509243 0.765572 0.507063 0.78559
0 0.0555348 0.919327 0.0708326 0.888756 0.059556 0.870922 0.0442582 0.901494
0 0.225156 0.636216 0.227906 0.62038 0.216828 0.614299 0.214077 0.630136
0 0.328813 0.381997 0.335945 0.34436 0.320006 0.334815 0.312874 0.372452
0 0.519937 0.766618 0.524013 0.746517 0.51441 0.740363 0.510334 0.760463
0 0.0323508 0.73717 0.0353607 0.714516 0.0214098 0.708658 0.0183999 0.731312
0 0.547328 0.767179 0.549389 0.748563 0.538419 0.744724 0.536358 0.763341
0 0.0716685 0.804054 0.069046 0.76998 0.0408714 0.776833 0.0434939 0.810907
0 0.571619 0.760406 0.575445 0.74507 0.564872 0.736735 0.561047 0.75207
0 0.542974 0.820892 0.545026 0.796655 0.528218 0.792157 0.526165 0.816393
0 0.0911981 0.797673 0.095526 0.766916 0.0794879 0.759783 0.07516 0.790541
0 0.392915 0.873228 0.412816 0.846523 0.402278 0.821704 0.382377 0.848409
0 0.479847 0.739359 0.483279 0.715293 0.471214 0.709856 0.467783 0.733922
0 0.448923 0.886909 0.451854 0.830286 0.422362 0.825462 0.419431 0.882085
0 0.0510796 0.663894 0.0538571 0.640132 0.0427046 0.636012 0.0399271 0.659774
0 0.164931 0.928536 0.168954 0.908831 0.158745 0.902244 0.154722 0.921949
0 0.128242 0.973802 0.130366 0.949279 0.114152 0.944841 0.112028 0.969364
0 0.449384 0.816847 0.452298 0.796225 0.44212 0.791679 0.439206 0.812301
0 0.639705 0.92637 0.64184 0.904538 0.628207 0.900325 0.626072 0.922158
0 0.12586 0.835464 0.127538 0.812883 0.111408 0.809095 0.10973 0.831676
0 0.241612 0.412183 0.252201 0.406248 0.242422 0.351103 0.231833 0.357037
0 0.12934 0.713283 0.128739 0.691578 0.111116 0.69312 0.111717 0.714825
0 0.42003 0.629462 0.423842 0.605469 0.409431 0.598234 0.40562 0.622227
0 0.678971 0.836687 0.68736 0.817708 0.674078 0.799152 0.665689 0.818131
0 0.19527 0.619475 0.198246 0.595547 0.186409 0.590895 0.183433 0.614823
0 0.501611 0.75716 0.507683 0.730836 0.492765 0.71996 0.486692 0.746283
0 0.0285787 0.724901 0.0387507 0.704444 0.0308435 0.692018 0.0206715 0.712475
0 0.046267 0.563707 0.0531897 0.544713 0.0451882 0.535496 0.0382655 0.554489
0 0.208758 0.582275 0.210355 0.561369 0.198065 0.558402 0.196468 0.579308
0 0.540411 0.845238 0.546063 0.823431 0.533766 0.813357 0.528113 0.835164
0 0.176247 0.495803 0.176807 0.478419 0.159335 0.476638 0.158774 0.494022
0 0.708341 0.815168 0.711308 0.791607 0.692176 0.783993 0.689209 0.807554
0 0.588621 0.801348 0.593203 0.780136 0.582072 0.772535 0.577489 0.793747
0 0.191105 1.00588 0.200067 0.98043 0.189295 0.96844 0.180332 0.993889
0 0.384464 0.849372 0.397374 0.829466 0.389304 0.812925 0.376394 0.832831
0 0.593662 0.77057 0.597495 0.753236 0.587195 0.746038 0.583362 0.763373
0 0.300085 0.386148 0.30233 0.34645 0.268131 0.340336 0.265885 0.380034
0 0.0590047 0.693849 0.0603871 0.677255 0.0485402 0.674136 0.0471579 0.69073
0 0.316762 0.934669 0.321036 0.913056 0.308369 0.90514 0.304096 0.926754
0 0.231784 0.757056 0.240524 0.731101 0.230078 0.719983 0.221338 0.745938
0 0.133443 0.758087 0.141682 0.741648 0.13414 0.729701 0.125901 0.74614
0 0.285004 0.210351 0.292587 0.184094 0.265928 0.159762 0.258345 0.186019
0 0.217825 0.771574 0.222519 0.747306 0.213366 0.741711 0.208672 0.765978
0 0.0323587 0.754008 0.0406872 0.734234 0.032688 0.723586 0.0243594 0.743359
0 0.0812557 0.678841 0.0896283 0.659316 0.0821318 0.649156 0.0737593 0.668682
0 0.0275959 0.992962 0.0344361 0.945134 0.0156446 0.93664 0.00880452 0.984468
0 0.71793 0.797865 0.720212 0.77754 0.707123 0.772896 0.704842 0.793222
0 0.0794293 0.804815 0.0752185 0.750305 0.0350938 0.760101 0.0393046 0.814611
0 0.0892546 0.871592 0.100453 0.84541 0.0907895 0.832348 0.0795912 0.858529
0 0.119171 0.80002 0.122835 0.783177 0.113573 0.77681 0.10991 0.793653
0 0.288817 0.452982 0.297812 0.426634 0.2729 0.399755 0.263905 0.426103
0 0.524035 0.805215 0.525809 0.785057 0.512793 0.781437 0.511019 0.801595
0 0.318313 0.769336 0.326423 0.719763 0.307434 0.709945 0.299324 0.759518
0 0.284951 0.753797 0.290846 0.732398 0.281612 0.724357 0.275717 0.745757
0 0.665171 0.366433 0.664572 0.343368 0.646106 0.344884 0.646705 0.367949
0 0.0882057 0.72795 0.0907397 0.709719 0.0801698 0.705075 0.0776358 0.723306
0 0.133421 0.68488 0.211255 0.604296 0.174846 0.493151 0.0970116 0.573734
0 0.136665 0.905984 0.143059 0.883224 0.133054 0.874342 0.12666 0.897101
0 0.0936706 0.705311 0.0988154 0.682393 0.090639 0.676592 0.0854941 0.699509
0 0.346237 0.728297 0.34649 0.695712 0.329285 0.69529 0.329032 0.727876
0 0.501006 0.866888 0.503421 0.844061 0.48806 0.838923 0.485644 0.86175
0 0.235017 0.726608 0.237251 0.710466 0.226799 0.705895 0.224566 0.722037
0 0.520892 0.928023 0.528972 0.905267 0.518499 0.893513 0.510418 0.916269
0 0.284123 0.710885 0.287571 0.690372 0.272761 0.682506 0.269314 0.703019
0 0.293456 0.747446 0.304263 0.727869 0.296537 0.71439 0.28573 0.733968
0 0.0467847 0.949372 0.0606833 0.92017 0.0506436 0.905068 0.036745 0.934271
0 0.363797 0.454944 0.3778 0.436282 0.353994 0.379827 0.339991 0.39849
0 0.0901497 0.649691 0.0912966 0.630117 0.0790698 0.627853 0.0779229 0.647427
0 0.509094 0.768063 0.510815 0.74802 0.497988 0.74454 0.496268 0.764583
0 0.639072 0.902566 0.641398 0.861328 0.615762 0.856757 0.613436 0.897995
0 0.234442 0.955739 0.241119 0.931827 0.230793 0.922713 0.224115 0.946625
0 0.0852447 0.58994 0.0866299 0.575483 0.0771296 0.572606 0.0757443 0.587062
0 0.314972 0.719729 0.317406 0.695344 0.304022 0.691123 0.301588 0.715508
0 0.153188 0.974723 0.163612 0.945919 0.155699 0.936869 0.145275 0.965673
0 0.0441476 0.926583 0.0529079 0.905239 0.043893 0.893545 0.0351327 0.914888
0 0.12378 0.88036 0.125804 0.840602 0.109673 0.838005 0.107649 0.877763
0 0.250935 0.706256 0.253564 0.684803 0.242551 0.680537 0.239921 0.70199
0 0.146513 0.668616 0.155964 0.643464 0.145697 0.631271 0.136246 0.656423
0 0.202104 0.538476 0.202738 0.516371 0.189224 0.515147 0.18859 0.537252
0 0.481743 0.827257 0.483486 0.804766 0.467902 0.80095 0.466159 0.823441
0 0.6093 0.931399 0.61249 0.910425 0.601113 0.904956 0.597923 0.925931
0 0.595136 0.747196 0.597376 0.730515 0.589448 0.727151 0.587208 0.743832
0 0.239375 0.766105 0.246263 0.745238 0.235966 0.734497 0.229078 0.755363
0 0.0903507 0.681905 0.101084 0.659795 0.0948565 0.65024 0.0841228 0.67235
0 0.19738 0.639309 0.199386 0.620819 0.188854 0.617207 0.186848 0.635698
0 0.00838545 0.792532 0.0123684 0.766367 0.00127762 0.761031 -0.00270537 0.787196
0 0.260032 0.781568 0.261632 0.76576 0.251026 0.762367 0.249426 0.778175
0 0.028877 1.00757 0.02956 0.98263 0.0111995 0.981041 0.0105164 1.00598
0 0.657448 0.869338 0.668435 0.840066 0.64931 0.817377 0.638322 0.846649
0 0.0248751 0.62962 0.0259255 0.612587 0.01501 0.610459 0.0139597 0.627492
0 0.620645 0.921048 0.625199 0.895273 0.612862 0.888384 0.608308 0.914158
0 0.577004 0.747741 0.57922 0.728231 0.568099 0.724239 0.565883 0.743749
0 0.74211 0.756397 0.745804 0.741249 0.734626 0.732634 0.730932 0.747782
0 0.772411 1.0086 0.824865 0.922568 0.759836 0.797264 0.707381 0.8833
0 0.122131 0.947994 0.122067 0.92625 0.107238 0.926387 0.107302 0.948131
0 0.267473 0.35429 0.267725 0.3156 0.250752 0.31525 0.2505 0.35394
0 0.243232 0.771224 0.246685 0.750121 0.235251 0.744208 0.231797 0.765311
0 0.267013 0.66736 0.270186 0.649507 0.25928 0.643381 0.256107 0.661234
0 0.652578 0.750692 0.655258 0.729862 0.641855 0.724412 0.639175 0.745242
0 0.565676 0.912685 0.579945 0.89205 0.563451 0.856004 0.549182 0.876638
0 0.538953 0.614196 0.552203 0.554114 0.525174 0.535275 0.511924 0.595357
0 0.149879 0.129589 0.18503 0.0708879 0.132135 -0.0292159 0.0969848 0.0294853
0 0.0183533 0.903657 0.0309737 0.883278 0.0232691 0.868198 0.0106487 0.888577
0 0.604436 0.591816 0.626316 0.443108 0.586247 0.424475 0.564367 0.573183
0 0.229719 0.908967 0.232041 0.883116 0.217758 0.879061 0.215435 0.904911
