0 0.996144 0.978678 1.0116 0.859183 0.81867 0.780298 0.80321 0.899792
0 0.900637 0.679523 0.932676 0.643041 0.921268 0.611376 0.889229 0.647858
0 0.982429 0.521932 0.985197 0.481355 0.962905 0.47655 0.960138 0.517126
0 0.986719 0.448159 0.994759 0.414992 0.980927 0.404394 0.972886 0.437561
0 0.822473 0.735115 0.826812 0.692975 0.806605 0.686399 0.802266 0.728539
0 0.958591 0.712848 0.955172 0.679492 0.932257 0.686916 0.935676 0.720272
0 0.970088 0.492173 0.97168 0.452858 0.943382 0.449235 0.94179 0.488551
0 0.845213 0.788501 0.859638 0.751926 0.844812 0.733445 0.830387 0.770019
0 0.569394 0.775352 0.577322 0.747554 0.564737 0.73621 0.556809 0.764009
0 0.877869 0.620762 0.894467 0.585494 0.883965 0.569872 0.867367 0.60514
0 0.432957 0.676051 0.434927 0.655877 0.423317 0.652294 0.421347 0.672468
0 0.556378 0.791234 0.558199 0.752743 0.539303 0.749918 0.537482 0.78841
0 0.797418 0.248097 0.842263 0.216225 0.830108 0.162176 0.785264 0.194048
0 0.428989 0.658272 0.430014 0.633406 0.415618 0.631531 0.414594 0.656398
0 0.894296 0.625189 0.90401 0.600483 0.891773 0.585277 0.882059 0.609983
0 0.790692 0.723516 0.801055 0.698137 0.791523 0.685835 0.78116 0.711215
0 0.453427 0.653217 0.455936 0.628592 0.441518 0.623949 0.439009 0.648574
0 0.98764 0.563548 0.990946 0.543158 0.973119 0.534023 0.969813 0.554414
0 0.822759 0.690963 0.828247 0.671933 0.814295 0.659217 0.808807 0.678247
0 1.00483 0.350504 1.00769 0.302666 0.979615 0.297355 0.976753 0.345194
0 0.966817 0.325444 0.988596 0.302197 0.981582 0.281428 0.959803 0.304675
0 0.851685 0.746079 0.858155 0.710534 0.83852 0.699237 0.832049 0.734782
0 0.413169 0.728318 0.413349 0.703789 0.39787 0.703431 0.397691 0.727959
0 0.932279 0.453959 0.933724 0.423408 0.916108 0.420775 0.914663 0.451327
0 0.432351 0.634942 0.43412 0.616165 0.423669 0.613052 0.4219 0.63183
0 0.99769 0.533044 1.00005 0.508534 0.983971 0.503649 0.981615 0.528158
0 0.445265 0.824489 0.453604 0.79516 0.441645 0.784412 0.433305 0.813742
0 0.735483 0.765156 0.746728 0.747796 0.73925 0.732488 0.728005 0.749848
0 0.70686 0.681759 0.708883 0.656847 0.696854 0.653759 0.694831 0.678671
0 0.932728 0.608871 0.954237 0.58304 0.945867 0.561012 0.924358 0.586843
0 0.755497 0.689762 0.763414 0.667217 0.75221 0.654783 0.744294 0.677328
0 0.445456 0.678454 0.446941 0.656713 0.433613 0.653836 0.432128 0.675578
0 1.0028 0.508928 1.00353 0.476844 0.981832 0.475294 0.981107 0.507378
0 0.543209 0.820091 0.54998 0.795343 0.539 0.785849 0.532229 0.810598
0 0.592263 0.759014 0.596163 0.740509 0.586284 0.733928 0.582384 0.752433
0 0.403859 0.871778 0.407783 0.831918 0.387218 0.825519 0.383294 0.86538
0 0.615297 0.792561 0.621287 0.760748 0.608221 0.752973 0.602231 0.784786
0 0.834312 0.672345 0.83856 0.647217 0.823531 0.639187 0.819283 0.664315
0 0.771501 0.79589 0.772349 0.760806 0.745664 0.758767 0.744815 0.793851
0 0.795062 0.689943 0.800465 0.664379 0.788611 0.656459 0.783207 0.682023
0 0.759773 0.736688 0.761996 0.708181 0.744143 0.70378 0.74192 0.732287
0 0.412486 0.748143 0.414426 0.729506 0.401582 0.725282 0.399643 0.743919
0 0.871788 0.705503 0.874236 0.684655 0.862345 0.680243 0.859898 0.701091
0 0.870926 0.759344 0.87309 0.738867 0.859483 0.734322 0.857319 0.754799
0 0.538997 0.852099 0.54089 0.831845 0.526847 0.827697 0.524954 0.84795
0 0.92374 0.690968 0.958601 0.666439 0.950556 0.630301 0.915695 0.65483
0 0.444812 0.776438 0.445411 0.746911 0.425437 0.745629 0.424838 0.775156
0 0.733723 0.746398 0.738946 0.727576 0.725751 0.716003 0.720528 0.734826
0 0.944629 0.532327 0.946804 0.507251 0.934718 0.503937 0.932543 0.529013
0 0.161031 0.439387 0.20134 0.384466 0.151074 0.267866 0.110765 0.322787
0 0.396259 0.814222 0.404714 0.792116 0.387739 0.771594 0.379283 0.7937
0 0.977879 0.594793 0.983936 0.56853 0.964778 0.554565 0.958721 0.580827
0 0.607199 0.754884 0.611158 0.734055 0.597835 0.726053 0.593876 0.746882
0 0.835211 0.735751 0.839708 0.706872 0.826602 0.700421 0.822104 0.7293
0 0.96709 0.543327 0.970401 0.519907 0.95438 0.512748 0.951069 0.536168
0 0.571002 0.884107 0.57935 0.841859 0.563731 0.832104 0.555382 0.874352
0 0.413538 0.706008 0.415549 0.685345 0.404534 0.681957 0.402523 0.702621
0 0.992232 0.583585 0.996748 0.564624 0.984334 0.55528 0.979818 0.574241
0 0.959503 0.515137 0.965217 0.484358 0.94369 0.471726 0.937976 0.502506
0 0.626159 0.788509 0.644139 0.754798 0.630727 0.73219 0.612747 0.765901
0 0.844199 0.710621 0.849822 0.69097 0.837176 0.679534 0.831553 0.699185
0 0.778368 0.657103 0.780913 0.626078 0.761609 0.621074 0.759064 0.652098
0 0.975935 0.348221 0.980243 0.322194 0.961307 0.312288 0.956999 0.338316
0 0.525704 0.70936 0.537049 0.678395 0.525198 0.664672 0.513853 0.695637
0 0.421896 0.740556 0.424788 0.721229 0.412701 0.715514 0.40981 0.734841
0 0.098843 0.590878 0.12655 0.570408 0.0890468 0.409971 0.0613395 0.430441
0 0.583591 0.788381 0.589985 0.767433 0.580418 0.758202 0.574023 0.77915
0 0.570475 1.0016 0.574322 0.964156 0.558169 0.958911 0.554322 0.996355
0 0.195282 0.117425 0.220572 0.0933282 0.195966 0.0117116 0.170676 0.0358088
0 0.755658 0.711603 0.761747 0.686976 0.749917 0.677732 0.743828 0.702358
0 0.59115 0.895551 0.59311 0.86351 0.575068 0.860022 0.573107 0.892062
0 0.970594 0.74547 0.975587 0.717295 0.957655 0.707252 0.952662 0.735427
0 0.999917 0.567181 1.0047 0.547366 0.991723 0.537471 0.986942 0.557285
0 0.00949424 0.979716 0.014419 0.952633 0.00159724 0.945265 -0.00332753 0.972347
0 0.295879 0.98815 0.332792 0.926458 0.286101 0.838164 0.249188 0.899857
0 0.447677 0.582768 0.449047 0.559162 0.435823 0.556735 0.434452 0.580341
0 0.888565 0.444854 0.893304 0.425344 0.883613 0.417902 0.878873 0.437413
0 0.83714 0.696872 0.84011 0.678048 0.828629 0.672324 0.825659 0.691147
0 0.421288 0.784013 0.421629 0.759743 0.409967 0.759225 0.409626 0.783495
0 0.372262 0.942566 0.373918 0.903008 0.351273 0.900012 0.349617 0.939571
0 0.959965 0.521898 0.965563 0.496316 0.94472 0.481901 0.939122 0.507483
0 0.580644 0.764776 0.585506 0.741276 0.576222 0.735204 0.57136 0.758704
0 0.719586 0.709777 0.724009 0.691516 0.71301 0.683097 0.708588 0.701359
0 0.275875 0.769618 0.277678 0.730134 0.254815 0.726834 0.253011 0.766317
0 0.898382 0.588682 0.904905 0.571372 0.889982 0.553599 0.883459 0.570909
0 0.296408 1.01639 0.303819 0.952688 0.26275 0.937585 0.255339 1.00128
0 0.559189 0.758358 0.565771 0.722807 0.552112 0.714814 0.54553 0.750365
0 0.946119 0.456809 0.952509 0.436999 0.937286 0.421482 0.930897 0.441292
0 0.922376 0.5546 0.925452 0.533735 0.913622 0.528222 0.910546 0.549088
0 0.996297 0.615963 0.999997 0.597139 0.983373 0.586811 0.979673 0.605635
0 0.961468 0.569033 0.968575 0.552565 0.951189 0.528853 0.944082 0.54532
0 0.471693 0.807606 0.475954 0.77522 0.461751 0.769314 0.45749 0.8017
0 0.873681 0.473949 0.873979 0.452678 0.858095 0.451976 0.857798 0.473247
0 0.197925 0.0352686 0.206765 0.0073953 0.183435 -0.0159912 0.174595 0.0118821
0 0.91522 0.526182 0.921534 0.498128 0.908871 0.48912 0.902557 0.517175
0 0.936513 0.80354 0.947541 0.775507 0.918857 0.739846 0.90783 0.767879
0 1.0021 0.667334 1.00251 0.626238 0.9879 0.625784 0.987496 0.66688
0 1.00038 0.389678 1.00526 0.361354 0.982089 0.348736 0.977209 0.37706
0 0.90689 0.769334 0.912295 0.744915 0.892277 0.730913 0.886872 0.755332
0 0.957808 0.439663 0.964992 0.419285 0.95616 0.409445 0.948976 0.429824
0 0.741179 0.784766 0.742139 0.76077 0.727822 0.75896 0.726862 0.782956
0 0.759635 0.757943 0.773714 0.736433 0.766824 0.722179 0.752745 0.74369
0 0.723441 0.725448 0.727835 0.706429 0.717996 0.699244 0.713601 0.718264
0 0.601424 1.00368 0.605952 0.962614 0.591179 0.957466 0.586652 0.998528
0 0.974013 0.658861 0.982268 0.640164 0.956602 0.604346 0.948347 0.623042
0 0.541959 1.00789 0.547801 0.971371 0.517018 0.955808 0.511176 0.992326
0 1.0004 0.437634 1.00338 0.410496 0.991539 0.406392 0.988563 0.43353
0 0.594712 0.726371 0.602243 0.70597 0.594503 0.69694 0.586972 0.71734
0 0.419024 0.823576 0.416256 0.778293 0.39959 0.781513 0.402359 0.826796
0 0.811471 0.67113 0.813551 0.653044 0.802289 0.648949 0.800208 0.667035
0 0.826423 0.788333 0.833939 0.769879 0.816237 0.747094 0.808721 0.765548
0 0.733981 0.723997 0.73737 0.705583 0.727698 0.699957 0.724309 0.718371
0 0.807488 0.747878 0.812182 0.733137 0.799919 0.720797 0.795225 0.735539
0 0.290298 0.737246 0.289868 0.70852 0.265923 0.709654 0.266354 0.73838
0 0.431857 0.882646 0.44037 0.86533 0.428194 0.84641 0.419681 0.863726
0 0.561156 0.817945 0.570263 0.79193 0.557152 0.777424 0.548045 0.80344
0 0.526768 0.855169 0.527786 0.836567 0.516634 0.834638 0.515616 0.85324
0 0.791833 0.787682 0.792312 0.761614 0.77508 0.760613 0.774601 0.786681
0 0.551484 0.840861 0.555726 0.813626 0.544331 0.808017 0.540089 0.835252
0 0.397037 0.776458 0.398928 0.737446 0.382838 0.734981 0.380946 0.773993
0 0.727375 0.790071 0.729167 0.764419 0.713722 0.761009 0.71193 0.786661
0 0.883489 0.731256 0.885019 0.713946 0.8717 0.710226 0.87017 0.727536
0 0.408603 0.76545 0.410413 0.742935 0.396849 0.73949 0.39504 0.762005
0 0.416137 0.762139 0.418978 0.741622 0.408303 0.736951 0.405462 0.757467
0 0.571773 0.742478 0.576144 0.724706 0.566784 0.717431 0.562414 0.735203
0 0.820242 0.657488 0.822293 0.640389 0.812344 0.636616 0.810293 0.653715
0 0.976699 0.547495 0.979355 0.522784 0.963679 0.51746 0.961023 0.542171
0 0.874744 0.45483 0.876596 0.438257 0.864275 0.433904 0.862423 0.450477
0 0.720431 0.741043 0.723104 0.722512 0.710394 0.716719 0.707722 0.735249
0 0.0756065 1.02105 0.147719 0.989273 0.139297 0.92886 0.0671845 0.960633
0 0.715297 0.760381 0.718349 0.740218 0.70786 0.7352 0.704808 0.755363
0 0.738398 0.68146 0.741187 0.656497 0.728942 0.652174 0.726153 0.677137
0 0.148638 0.273512 0.158965 0.231013 0.131347 0.209804 0.121021 0.252302
0 0.862507 0.445347 0.869101 0.429774 0.861061 0.419014 0.854467 0.434587
0 0.183416 0.695996 0.17578 0.625503 0.1237 0.643333 0.131336 0.713826
0 0.79275 0.661953 0.798394 0.639395 0.78999 0.632749 0.784346 0.655307
0 0.972044 0.285835 0.977978 0.253549 0.961096 0.243743 0.955162 0.27603
0 0.898682 0.703492 0.902756 0.680076 0.891033 0.673629 0.886959 0.697045
0 0.598603 0.875664 0.603588 0.859362 0.588332 0.84462 0.583348 0.860922
0 0.533571 0.81201 0.536591 0.786989 0.522372 0.781565 0.519352 0.806586
0 0.465035 0.666828 0.467136 0.63976 0.454067 0.636553 0.451965 0.663621
0 0.905878 0.640864 0.917721 0.617827 0.908871 0.603447 0.897028 0.626485
0 0.859666 0.699592 0.860683 0.658157 0.842485 0.656746 0.841469 0.698181
0 0.910197 0.634116 0.921032 0.615754 0.912023 0.598954 0.901188 0.617316
0 0.9098 0.567978 0.913604 0.546971 0.903908 0.541422 0.900104 0.562429
0 0.970545 0.452036 0.974681 0.427077 0.962379 0.420634 0.958243 0.445593
0 1.00125 0.459201 1.00412 0.430317 0.990119 0.425929 0.987254 0.454813
0 0.948579 0.396347 0.968378 0.359283 0.952949 0.333236 0.93315 0.3703
0 0.445178 0.666418 0.447612 0.644892 0.4328 0.639597 0.430365 0.661123
0 0.657371 0.935977 0.676722 0.822113 0.625649 0.79468 0.606297 0.908544
0 0.0163895 0.916047 0.031399 0.890154 0.0215101 0.872037 0.00650065 0.897931
0 0.933118 0.502369 0.941044 0.479243 0.931353 0.468747 0.923428 0.491873
0 0.834701 0.44721 0.841768 0.429098 0.833137 0.418454 0.826069 0.436566
0 0.621472 0.814329 0.631564 0.792127 0.621332 0.777429 0.611241 0.799631
0 0.620117 0.756578 0.627495 0.734552 0.617573 0.724049 0.610196 0.746075
0 0.0337452 1.01404 0.0432389 0.960592 0.0162344 0.945433 0.00674063 0.998885
0 0.79419 0.483702 0.799257 0.463869 0.787602 0.454458 0.782535 0.474291
0 0.352139 0.983175 0.370273 0.953947 0.361191 0.936137 0.343057 0.965365
0 0.290756 0.801692 0.309108 0.781787 0.291517 0.730528 0.273165 0.750432
0 0.473474 0.840502 0.481696 0.812758 0.471899 0.803582 0.463677 0.831325
0 0.432094 0.828641 0.439138 0.784647 0.421904 0.775925 0.41486 0.81992
0 0.438179 0.707159 0.440829 0.685427 0.4291 0.680907 0.42645 0.702639
0 0.74581 0.75298 0.749463 0.73426 0.738084 0.72724 0.73443 0.745961
0 0.879179 0.557218 0.881059 0.539556 0.868547 0.535347 0.866667 0.553009
0 0.960382 0.584985 0.965318 0.5695 0.953353 0.557447 0.948418 0.572933
0 0.808053 0.705194 0.809628 0.68087 0.799226 0.678742 0.797651 0.703066
0 0.598997 0.777013 0.602675 0.755065 0.590355 0.74854 0.586677 0.770488
0 0.527236 0.978613 0.543205 0.9166 0.517714 0.895855 0.501746 0.957868
0 0.72114 0.682035 0.726618 0.662326 0.718002 0.654758 0.712524 0.674466
0 0.871282 0.721855 0.872406 0.702977 0.857437 0.700163 0.856314 0.719041
0 0.877477 0.499095 0.878091 0.474884 0.865285 0.473858 0.864671 0.498069
0 0.739158 0.702116 0.742651 0.678428 0.730697 0.672857 0.727204 0.696545
0 0.863055 0.621546 0.875313 0.595549 0.863661 0.578187 0.851404 0.604184
0 0.963602 0.304542 0.971258 0.277632 0.958478 0.26614 0.950822 0.29305
0 0.611576 0.714253 0.616623 0.697418 0.608602 0.689817 0.603555 0.706653
0 0.233428 0.992401 0.263398 0.988695 0.255301 0.781751 0.225331 0.785457
0 0.952402 0.538989 0.955369 0.515112 0.941812 0.509788 0.938845 0.533664
0 0.870736 0.51797 0.872439 0.496123 0.862455 0.493663 0.860752 0.51551
0 0.954805 0.286858 0.961854 0.265099 0.952987 0.256021 0.945939 0.27778
0 0.556381 0.884125 0.562345 0.864467 0.551587 0.854152 0.545623 0.87381
0 0.200422 0.293375 0.229258 0.255177 0.196222 0.176357 0.167386 0.214554
0 0.976496 0.385765 0.979145 0.366772 0.965564 0.360784 0.962915 0.379776
0 0.755095 0.785532 0.755926 0.757998 0.741924 0.756662 0.741092 0.784195
0 0.869962 0.678697 0.873198 0.659903 0.861906 0.653758 0.85867 0.672553
0 0.898086 0.563925 0.900898 0.542944 0.889672 0.53819 0.88686 0.559171
0 0.966202 0.655361 0.974035 0.636431 0.946025 0.599799 0.938191 0.618729
0 0.783556 0.685781 0.78628 0.665218 0.774743 0.660388 0.772019 0.680951
0 0.486097 0.853764 0.503864 0.824143 0.49159 0.800875 0.473823 0.830496
