0 0.992116 0.967522 1.00603 0.848023 0.806417 0.774554 0.792501 0.894053
0 0.533017 0.824393 0.541049 0.793658 0.521925 0.777862 0.513893 0.808597
0 0.688421 0.830175 0.696367 0.774229 0.64637 0.751787 0.638424 0.807732
0 0.459042 0.766089 0.460007 0.744785 0.446856 0.742903 0.445891 0.764206
0 0.453679 0.815542 0.457133 0.786263 0.44005 0.779894 0.436596 0.809173
0 0.0933098 0.844491 0.103425 0.799702 0.0885937 0.789116 0.0784787 0.833906
0 0.0593663 0.685101 0.0593607 0.658543 0.0411567 0.658555 0.0411623 0.685113
0 0.575036 0.763587 0.576283 0.737891 0.558576 0.735174 0.557329 0.76087
0 0.197332 0.914092 0.193158 0.881987 0.168348 0.892183 0.172523 0.924288
0 0.564897 0.938356 0.57304 0.922015 0.560407 0.902122 0.552265 0.918464
0 0.82594 0.561999 0.828089 0.540121 0.815647 0.536259 0.813498 0.558137
0 0.0757724 0.834473 0.0811197 0.807192 0.0614442 0.795003 0.0560969 0.822285
0 0.424487 0.743961 0.426417 0.716798 0.41387 0.71398 0.411939 0.741143
0 0.198354 0.889088 0.196076 0.862205 0.177807 0.867096 0.180085 0.893979
0 0.114129 0.904384 0.125206 0.881544 0.107584 0.854535 0.0965075 0.877375
0 0.061412 0.74462 0.0621858 0.725051 0.0492287 0.723431 0.0484549 0.743
0 0.546638 0.853667 0.556371 0.833956 0.541421 0.810626 0.531688 0.830336
0 0.180438 0.899803 0.181438 0.855285 0.153956 0.853333 0.152956 0.897851
0 0.0875903 0.857905 0.08961 0.840374 0.0780981 0.836182 0.0760784 0.853714
0 0.111251 0.817218 0.114716 0.798121 0.101966 0.790808 0.0985003 0.809904
0 0.103427 0.796612 0.119188 0.773685 0.112147 0.758387 0.0963859 0.781313
0 0.447425 0.745822 0.450311 0.729436 0.439451 0.723391 0.436565 0.739777
0 0.546387 0.80596 0.54869 0.78647 0.538753 0.782761 0.536451 0.802251
0 0.669708 0.863217 0.671463 0.80701 0.637618 0.803671 0.635863 0.859878
0 0.402128 0.887549 0.407804 0.848946 0.386439 0.839017 0.380763 0.877619
0 0.499394 0.87143 0.516608 0.838434 0.502154 0.814603 0.48494 0.847599
0 0.551657 0.782889 0.552068 0.760152 0.538958 0.759402 0.538547 0.78214
0 0.0478015 0.95547 0.0555935 0.926515 0.0442644 0.916879 0.0364724 0.945834
0 0.216692 0.868608 0.220537 0.832131 0.202505 0.826123 0.19866 0.862601
0 0.0248934 0.708588 0.0254797 0.653725 -0.00244081 0.652782 -0.00302711 0.707645
0 0.536321 0.934249 0.539721 0.902687 0.520742 0.896226 0.517343 0.927788
0 0.0212136 0.991865 0.0245548 0.968712 0.0135439 0.96369 0.0102027 0.986843
0 0.22549 0.808557 0.226412 0.786449 0.209159 0.784174 0.208237 0.806282
0 0.499333 0.884034 0.503094 0.862157 0.491638 0.855934 0.487877 0.87781
0 0.107185 0.865926 0.108061 0.832581 0.0897534 0.831062 0.0888779 0.864407
0 0.0656174 0.857055 0.0760621 0.834437 0.0661465 0.819966 0.0557019 0.842584
0 0.136588 0.762688 0.138907 0.741467 0.127379 0.737487 0.125061 0.758707
0 0.409349 0.984181 0.40914 0.940432 0.384969 0.940798 0.385178 0.984547
0 0.0630565 0.969358 0.0700833 0.945531 0.0592426 0.935427 0.0522159 0.959255
0 0.1126 0.807443 0.126792 0.788586 0.119826 0.772019 0.105635 0.790875
0 0.599283 0.651449 0.601694 0.625036 0.586904 0.620768 0.584492 0.647181
0 0.0308878 1.01532 0.0696919 0.991492 0.0607606 0.945525 0.0219565 0.969354
0 0.343543 0.715862 0.365594 0.700961 0.341899 0.590141 0.319848 0.605043
0 0.580757 0.875463 0.591094 0.842474 0.577491 0.829002 0.567154 0.861991
0 0.0817822 0.820923 0.0915296 0.79501 0.0807393 0.782182 0.0709919 0.808096
0 0.162493 0.764587 0.163256 0.741276 0.146939 0.739589 0.146176 0.762901
0 0.449774 0.901839 0.449971 0.879525 0.431082 0.878996 0.430884 0.901311
0 0.103914 0.328758 0.11863 0.304606 0.101577 0.271768 0.0868612 0.295921
0 0.200117 0.871761 0.20185 0.841803 0.183738 0.838492 0.182005 0.86845
0 0.458946 0.640231 0.460785 0.616544 0.44747 0.613276 0.44563 0.636962
0 0.092274 0.343219 0.10258 0.298961 0.0704032 0.275281 0.0600977 0.319539
0 0.0702515 0.877978 0.0764021 0.85426 0.0673227 0.846818 0.061172 0.870536
0 0.282354 0.825326 0.284289 0.786153 0.264827 0.783115 0.262892 0.822288
0 0.435796 0.753915 0.441104 0.735292 0.428942 0.724337 0.423634 0.742959
0 0.0111331 0.637955 0.0129176 0.619619 0.000334944 0.615749 -0.00144954 0.634085
0 0.577633 0.917161 0.580065 0.879849 0.561072 0.875936 0.558639 0.913247
0 0.551173 0.897019 0.555834 0.858675 0.539892 0.852549 0.53523 0.890894
0 0.373349 0.853479 0.382171 0.79314 0.351391 0.778917 0.342569 0.839256
0 0.424702 0.761119 0.426578 0.741069 0.415048 0.73766 0.413173 0.75771
0 0.748308 0.770929 0.7507 0.75035 0.739861 0.74637 0.73747 0.766948
0 0.429304 0.792818 0.429384 0.755906 0.405494 0.755742 0.405414 0.792654
0 0.0832183 0.803784 0.0962355 0.785816 0.0902527 0.772118 0.0772355 0.790085
0 0.150051 0.818819 0.149862 0.795435 0.133852 0.795844 0.13404 0.819227
0 0.0377715 0.659487 0.0376807 0.639013 0.021672 0.639237 0.0217628 0.659712
0 0.051994 0.899709 0.0650332 0.87272 0.0560128 0.858946 0.0429736 0.885936
0 0.209366 0.820932 0.210692 0.792206 0.192933 0.789614 0.191606 0.81834
0 0.597464 0.837989 0.599173 0.815741 0.587008 0.812787 0.585298 0.835034
0 0.663733 0.766006 0.665553 0.750915 0.651127 0.745414 0.649307 0.760505
0 0.514325 0.887834 0.517853 0.867096 0.503021 0.859119 0.499492 0.879857
0 0.482464 0.748909 0.489998 0.7306 0.475909 0.712278 0.468376 0.730587
0 0.607453 0.927629 0.607553 0.904992 0.591768 0.904772 0.591668 0.92741
0 0.208661 0.919744 0.220081 0.880552 0.201526 0.863465 0.190106 0.902657
0 0.088561 0.898905 0.0999918 0.87402 0.0901342 0.859709 0.0787035 0.884593
0 0.271079 0.859873 0.271627 0.816067 0.253518 0.815352 0.25297 0.859157
0 0.0450389 0.929687 0.0491457 0.908665 0.038065 0.901824 0.0339582 0.922846
0 0.736018 0.79189 0.736304 0.768847 0.723341 0.768338 0.723055 0.791382
0 0.642495 0.763627 0.650629 0.752011 0.64148 0.731763 0.633346 0.74338
0 0.123634 0.760418 0.127767 0.739375 0.117539 0.733026 0.113406 0.754069
0 0.766998 0.762806 0.777457 0.744232 0.768485 0.728265 0.758026 0.746839
0 0.802574 0.590791 0.805645 0.566605 0.790686 0.5606 0.787614 0.584787
0 0.0890367 1.01158 0.105136 0.961511 0.0864581 0.942529 0.0703584 0.992596
0 0.537648 0.909327 0.543637 0.891171 0.529074 0.875989 0.523085 0.894145
0 0.387035 0.903498 0.39281 0.882975 0.375346 0.867444 0.369571 0.887967
0 0.0724723 0.998401 0.0830557 0.966664 0.0735481 0.956644 0.0629648 0.988381
0 0.462297 0.893724 0.463664 0.873642 0.450687 0.870848 0.449319 0.890931
0 0.12645 0.818377 0.129527 0.7983 0.118139 0.792783 0.115062 0.81286
0 0.459962 0.937311 0.461701 0.917595 0.45029 0.914413 0.448551 0.934129
0 0.0332621 0.95255 0.0429316 0.926942 0.033413 0.915582 0.0237435 0.94119
0 0.016322 0.627753 0.0239334 0.606764 0.014658 0.596133 0.00704662 0.617123
0 0.602932 0.814595 0.60542 0.789827 0.593397 0.78601 0.590909 0.810778
0 0.438818 0.830574 0.443917 0.802234 0.423921 0.790863 0.418822 0.819203
0 0.61821 0.84887 0.616051 0.819606 0.596674 0.824124 0.598833 0.853388
0 0.411091 0.770798 0.418439 0.736786 0.40478 0.72746 0.397433 0.761472
0 0.543911 0.757847 0.54585 0.74063 0.535614 0.736988 0.533676 0.754205
0 0.0192644 0.620602 0.0250827 0.598634 0.0157858 0.590852 0.00996748 0.61282
0 0.670818 0.75323 0.676071 0.724774 0.66217 0.716663 0.656916 0.745118
0 0.0550042 0.604997 0.0556642 0.579489 0.037407 0.577996 0.036747 0.603504
0 0.713444 0.784082 0.715028 0.762186 0.702341 0.759284 0.700756 0.781181
0 0.225939 0.825974 0.226481 0.80472 0.212664 0.803606 0.212122 0.824861
0 0.214214 0.788118 0.214864 0.76979 0.203007 0.768459 0.202356 0.786788
0 0.437043 0.795796 0.440387 0.776348 0.428787 0.770044 0.425443 0.789492
0 0.514956 0.937322 0.521911 0.919225 0.510906 0.905858 0.503951 0.923955
0 0.41458 0.52134 0.423404 0.463417 0.410718 0.457309 0.401895 0.515232
0 0.28729 0.755892 0.285523 0.724435 0.247842 0.731126 0.24961 0.762583
0 0.112757 0.72031 0.113718 0.702226 0.101124 0.70011 0.100163 0.718195
0 0.173207 0.269974 0.177874 0.198499 0.127786 0.188163 0.12312 0.259638
0 0.991796 0.683076 0.994553 0.640553 0.977493 0.637058 0.974737 0.679581
0 0.368435 0.771653 0.389369 0.743933 0.379824 0.721152 0.35889 0.748872
0 0.0724497 0.901787 0.0754566 0.881553 0.0645807 0.876445 0.0615738 0.896678
0 0.812634 0.580532 0.819288 0.566611 0.808156 0.549795 0.801502 0.563716
0 0.25573 0.453551 0.308471 0.438127 0.30427 0.39273 0.251529 0.408155
0 0.171961 0.96976 0.181898 0.940542 0.172361 0.930291 0.162423 0.959509
0 0.0616744 0.931265 0.0667725 0.909849 0.0560781 0.901803 0.0509801 0.923219
0 0.173696 0.831497 0.175838 0.814856 0.165638 0.810705 0.163496 0.827347
0 0.639789 0.78735 0.641905 0.764485 0.629519 0.760861 0.627402 0.783726
0 0.014254 0.779357 0.0154488 0.738326 -0.00296887 0.736631 -0.00416374 0.777662
0 0.452315 0.78501 0.45439 0.767028 0.442478 0.762682 0.440402 0.780664
0 0.758127 0.682881 0.761796 0.659657 0.748213 0.652876 0.744545 0.6761
0 0.444032 0.723632 0.446516 0.703951 0.436676 0.700025 0.434191 0.719705
0 0.722661 0.782826 0.723821 0.76197 0.714992 0.760418 0.713832 0.781274
0 0.465728 0.712223 0.468848 0.692762 0.458763 0.687651 0.455643 0.707112
0 0.106991 0.831793 0.109123 0.811777 0.0975867 0.807894 0.0954548 0.82791
0 0.600263 0.755245 0.604518 0.735204 0.591658 0.726577 0.587404 0.746618
0 0.523474 0.882209 0.526375 0.864091 0.514768 0.858217 0.511867 0.876335
0 0.496304 0.81443 0.499481 0.783285 0.488037 0.779596 0.48486 0.810741
0 0.0165372 1.00405 0.0162769 0.981606 0.000614288 0.98218 0.000874597 1.00463
0 0.867176 0.55062 0.873432 0.527247 0.863136 0.518539 0.856881 0.541911
0 0.242113 0.755756 0.25085 0.734643 0.235143 0.714098 0.226405 0.735211
0 0.407368 0.852028 0.408375 0.824669 0.389179 0.822436 0.388172 0.849796
0 0.877349 0.572115 0.882319 0.543245 0.870419 0.536771 0.865449 0.56564
0 0.724025 0.763171 0.728497 0.741159 0.717713 0.734236 0.713242 0.756248
0 0.101346 0.754761 0.101201 0.73514 0.0853132 0.735512 0.0854587 0.755133
0 0.204887 0.815595 0.205145 0.78461 0.186756 0.784128 0.186499 0.815112
0 0.584448 0.748602 0.589302 0.731078 0.575694 0.719165 0.57084 0.73669
0 0.587511 0.839499 0.587605 0.799631 0.571007 0.799508 0.570913 0.839375
0 0.0988152 0.774353 0.10003 0.753324 0.0866775 0.750886 0.0854627 0.771915
0 0.270853 0.550778 0.313086 0.507254 0.276491 0.395026 0.234258 0.43855
0 0.0704995 0.759984 0.0743971 0.735575 0.062304 0.729472 0.0584064 0.753881
0 0.119771 0.845521 0.122091 0.820376 0.107596 0.816149 0.105276 0.841294
0 0.156665 0.76425 0.157665 0.741697 0.141577 0.739442 0.140577 0.761995
0 0.0614986 0.948099 0.0658864 0.928533 0.0564712 0.921859 0.0520833 0.941425
0 0.838443 0.707637 0.841197 0.679292 0.823796 0.673948 0.821041 0.702294
0 0.0754351 0.963654 0.0901938 0.939275 0.0812326 0.92213 0.0664739 0.946508
0 0.829296 0.729319 0.832999 0.706028 0.821504 0.700251 0.8178 0.723542
0 0.73332 0.728938 0.739611 0.711285 0.730404 0.700915 0.724113 0.718568
0 0.591898 0.808079 0.597544 0.787027 0.58476 0.776192 0.579114 0.797243
0 0.688154 0.748908 0.690129 0.728232 0.676876 0.724233 0.674901 0.744908
0 0.462136 0.91778 0.464454 0.892563 0.45104 0.888665 0.448722 0.913882
0 0.168387 0.875383 0.169649 0.848896 0.151208 0.84612 0.149946 0.872607
0 1.00049 0.361023 1.00139 0.316633 0.988132 0.315791 0.98724 0.360181
