0 0.535097 0.963327 0.528954 0.908393 0.496196 0.919971 0.502339 0.974904
0 0.987093 1.06369 1.02076 0.832061 0.808096 0.734365 0.774429 0.965989
0 0.195213 0.925189 0.21044 0.876312 0.1885 0.854708 0.173272 0.903585
0 0.420954 0.686074 0.423277 0.662194 0.40008 0.655061 0.397757 0.678941
0 0.485146 1.0154 0.493473 0.96892 0.458519 0.949129 0.450192 0.995608
0 0.275008 0.891046 0.280076 0.815107 0.241605 0.806992 0.236537 0.882931
0 0.386463 0.737821 0.400717 0.704323 0.379342 0.675575 0.365087 0.709072
0 0.506292 1.01288 0.52868 0.982966 0.515457 0.951694 0.493069 0.981611
0 0.493556 0.749064 0.49429 0.719464 0.477297 0.718131 0.476563 0.747731
0 0.331298 0.99137 0.34431 0.961675 0.328833 0.940241 0.315821 0.969937
0 0.238401 0.655672 0.239411 0.631379 0.221267 0.628992 0.220256 0.653286
0 0.407543 0.831973 0.410839 0.767866 0.374656 0.761985 0.37136 0.826092
0 0.0663319 0.993652 0.0590551 0.943236 0.0239382 0.959255 0.031215 1.00967
0 0.597549 0.725572 0.603441 0.710479 0.591961 0.696317 0.58607 0.71141
0 0.122325 0.987701 0.137717 0.933289 0.111167 0.909552 0.0957748 0.963964
0 0.580853 0.976864 0.589948 0.944238 0.577012 0.93284 0.567916 0.965466
0 0.392534 0.883291 0.397504 0.858954 0.377695 0.846169 0.372725 0.870505
0 0.10165 1.01117 0.153166 0.99745 0.150075 0.960767 0.0985589 0.974486
0 0.261481 0.62276 0.261275 0.585172 0.245092 0.585453 0.245299 0.62304
0 0.246605 0.637179 0.251012 0.604842 0.235035 0.59796 0.230628 0.630297
0 0.508747 0.889953 0.513503 0.86516 0.502294 0.858364 0.497538 0.883157
0 0.22307 0.641773 0.22529 0.620314 0.210885 0.615604 0.208665 0.637062
0 0.401459 0.948171 0.404908 0.905431 0.381364 0.899427 0.377915 0.942167
0 0.577608 0.652465 0.580357 0.628504 0.566446 0.62346 0.563697 0.647421
0 0.612677 0.792975 0.617508 0.770473 0.603508 0.760975 0.598677 0.783476
0 0.554553 0.932063 0.562735 0.899472 0.549465 0.888943 0.541283 0.921534
0 0.536218 0.785066 0.537903 0.76419 0.524497 0.760769 0.522812 0.781645
0 0.417155 0.907498 0.444749 0.884452 0.437211 0.855925 0.409616 0.878971
0 0.38631 0.691128 0.392049 0.663859 0.377426 0.654132 0.371687 0.681401
0 0.540793 0.92882 0.542388 0.904506 0.525985 0.901105 0.52439 0.925419
0 0.519717 0.76637 0.522976 0.74405 0.509696 0.737922 0.506437 0.760242
0 0.589178 0.770405 0.60073 0.746127 0.583894 0.720809 0.572342 0.745088
0 0.450745 0.770785 0.452214 0.746166 0.439571 0.743781 0.438102 0.768401
0 0.339458 0.747568 0.349529 0.716455 0.328147 0.694581 0.318077 0.725694
0 0.2978 0.549037 0.303555 0.506877 0.283885 0.498392 0.278131 0.540552
0 0.52064 0.85428 0.526207 0.828362 0.498955 0.809862 0.493388 0.835779
0 0.589718 0.942284 0.593277 0.915924 0.574609 0.907958 0.57105 0.934318
0 0.573424 0.928627 0.576112 0.903156 0.560667 0.898005 0.55798 0.923477
0 0.609591 0.767286 0.61232 0.749941 0.600026 0.74383 0.597298 0.761175
0 0.502195 0.828902 0.526934 0.800396 0.515627 0.769382 0.490888 0.797888
0 0.322458 0.967423 0.334178 0.931398 0.319765 0.916579 0.308045 0.952604
0 0.558101 0.709783 0.566086 0.682813 0.553294 0.670844 0.54531 0.697814
0 0.613804 0.98433 0.612693 0.934999 0.585429 0.93694 0.58654 0.98627
0 0.553987 0.763982 0.555321 0.735828 0.541408 0.733744 0.540074 0.761898
0 0.594498 0.699398 0.599157 0.67774 0.584135 0.667527 0.579476 0.689184
0 0.474324 0.768664 0.474883 0.747876 0.463064 0.746871 0.462505 0.767659
0 0.430782 0.605295 0.440568 0.557003 0.424375 0.546633 0.414589 0.594925
0 0.542358 0.825361 0.542673 0.796883 0.519503 0.796074 0.519189 0.824552
0 0.404108 0.904023 0.417449 0.868832 0.401695 0.849956 0.388354 0.885147
0 0.573922 0.962703 0.579135 0.927593 0.561131 0.919146 0.555918 0.954256
0 0.0865196 1.00184 0.113572 0.957519 0.0980705 0.927615 0.071018 0.971936
0 0.546497 1.00031 0.547649 0.96279 0.526434 0.960731 0.525282 0.998247
0 0.745079 0.64129 0.750828 0.618201 0.740352 0.609958 0.734603 0.633047
0 0.498878 0.947591 0.500205 0.899756 0.481809 0.898143 0.480481 0.945978
0 0.298431 0.96814 0.301967 0.91758 0.269656 0.910438 0.266119 0.960998
0 0.485165 0.702811 0.49721 0.675131 0.486765 0.660765 0.47472 0.688444
0 0.256524 0.565515 0.265964 0.544547 0.257844 0.532993 0.248404 0.553961
0 0.466402 0.979143 0.485804 0.936529 0.464338 0.905641 0.444936 0.948255
0 0.320898 0.935849 0.322019 0.90164 0.302353 0.899604 0.301232 0.933813
0 0.490762 0.672721 0.501366 0.649465 0.490811 0.634254 0.480207 0.65751
0 0.579459 1.00077 0.581964 0.97079 0.566531 0.966714 0.564026 0.996689
0 0.378333 0.741049 0.377799 0.705845 0.34941 0.707205 0.349943 0.742409
0 0.514401 0.908421 0.517498 0.884508 0.505421 0.879564 0.502324 0.903478
0 0.462311 0.569918 0.462712 0.55123 0.445813 0.550082 0.445411 0.56877
0 0.210694 0.825247 0.229912 0.804725 0.222563 0.782972 0.203345 0.803494
0 0.385197 0.861787 0.382805 0.728207 0.314919 0.732048 0.31731 0.865628
0 0.584625 0.624598 0.591421 0.599283 0.580783 0.590258 0.573987 0.615573
0 0.369848 0.706446 0.370257 0.678154 0.348849 0.677178 0.348441 0.70547
0 0.56269 0.989547 0.571028 0.962314 0.556804 0.94855 0.548466 0.975783
0 0.225111 0.901643 0.243857 0.879782 0.236877 0.860864 0.218131 0.882724
0 0.63757 0.704904 0.638451 0.687014 0.626372 0.685133 0.62549 0.703023
0 0.498929 0.91102 0.506008 0.88688 0.489665 0.871732 0.482586 0.895871
0 0.47001 0.564286 0.485809 0.535043 0.474069 0.514996 0.45827 0.544238
0 0.478066 0.682356 0.48692 0.660535 0.477802 0.648843 0.468949 0.670664
0 0.597005 0.651776 0.59937 0.634548 0.590374 0.630645 0.588009 0.647872
0 0.15416 0.980659 0.167107 0.955084 0.156388 0.937935 0.143441 0.96351
0 0.372199 0.918592 0.374087 0.893475 0.359818 0.890085 0.35793 0.915201
0 0.553355 0.792137 0.555418 0.769187 0.539992 0.764804 0.537929 0.787754
0 0.496818 0.795988 0.500728 0.772878 0.488961 0.766586 0.485051 0.789696
0 0.475579 0.93982 0.488994 0.904507 0.462831 0.873094 0.449415 0.908408
0 0.148748 0.96168 0.173013 0.929446 0.160854 0.900516 0.136588 0.93275
0 0.235915 0.931159 0.246542 0.890197 0.234011 0.879922 0.223384 0.920885
0 0.556564 0.888186 0.560319 0.83035 0.529796 0.824086 0.526041 0.881922
0 0.497661 0.72254 0.501754 0.70646 0.493003 0.69942 0.48891 0.7155
0 0.488572 0.839228 0.491298 0.814312 0.477606 0.809577 0.47488 0.834493
0 0.0228634 0.998736 0.0397061 0.956119 0.0250409 0.937801 0.00819815 0.980418
0 0.56117 0.655464 0.565818 0.636806 0.555543 0.628718 0.550896 0.647377
0 0.330519 1.00425 0.33087 0.982021 0.315522 0.981255 0.315171 1.00349
0 0.607555 0.812365 0.608692 0.782642 0.583593 0.779608 0.582456 0.80933
0 0.546981 0.908644 0.548663 0.885904 0.534074 0.882493 0.532392 0.905232
0 0.436043 0.664285 0.436079 0.634493 0.41627 0.634418 0.416235 0.66421
0 0.460439 0.791874 0.462451 0.766957 0.446038 0.762769 0.444026 0.787686
0 0.241068 0.500015 0.267808 0.472378 0.257608 0.441188 0.230868 0.468825
0 0.606279 0.609631 0.609207 0.586265 0.595792 0.580952 0.592864 0.604318
0 0.548951 0.807081 0.54979 0.782535 0.528476 0.780233 0.527637 0.80478
0 0.265684 0.944638 0.26887 0.918728 0.252456 0.912347 0.24927 0.938257
0 0.259598 0.804677 0.267537 0.784949 0.258361 0.773277 0.250421 0.793006
0 0.283161 0.5528 0.286555 0.529426 0.272297 0.522883 0.268903 0.546257
0 0.564182 1.00632 0.566802 0.981285 0.552735 0.976632 0.550115 1.00167
0 0.438782 0.820321 0.440067 0.764572 0.408055 0.762239 0.40677 0.817988
0 0.50988 0.930805 0.511647 0.90411 0.499991 0.901672 0.498224 0.928367
0 0.475461 0.751019 0.476904 0.731404 0.465226 0.728689 0.463783 0.748303
0 0.388699 1.0066 0.389559 0.983055 0.373418 0.981192 0.372558 1.00474
0 0.377329 0.99716 0.381462 0.941714 0.353616 0.935154 0.349483 0.9906
0 0.598899 0.739444 0.60173 0.72496 0.588279 0.716651 0.585449 0.731135
0 0.612055 0.723612 0.615672 0.702077 0.605912 0.696896 0.602295 0.718431
0 0.602398 0.78368 0.603964 0.764812 0.590467 0.761273 0.588902 0.780141
0 0.248192 0.676031 0.252046 0.651809 0.235134 0.643303 0.231279 0.667525
0 0.0190796 0.9759 0.018426 0.931123 -0.00359226 0.932139 -0.00293863 0.976915
0 0.398425 0.863481 0.408021 0.83039 0.395544 0.818954 0.385948 0.852045
0 0.482816 0.864646 0.492169 0.841843 0.482784 0.829679 0.473432 0.852483
0 0.35623 0.941748 0.362579 0.908782 0.349616 0.900893 0.343268 0.933859
0 0.481956 0.804664 0.485268 0.76148 0.470613 0.757928 0.467302 0.801111
0 0.438995 0.640193 0.440701 0.61549 0.418607 0.610668 0.416901 0.635371
0 0.223797 0.733906 0.22539 0.706118 0.200475 0.701605 0.198883 0.729393
0 0.270346 0.577587 0.275516 0.550674 0.261716 0.542295 0.256545 0.569208
0 0.52863 0.916073 0.529932 0.891008 0.514953 0.888549 0.513651 0.913614
0 0.541312 0.742938 0.542435 0.719377 0.529987 0.717502 0.528864 0.741064
0 0.407072 0.920152 0.409271 0.89928 0.397758 0.895445 0.395559 0.916318
0 0.574284 0.898097 0.57654 0.874642 0.563983 0.870823 0.561726 0.894278
0 0.736026 0.739595 0.744267 0.711457 0.726161 0.694696 0.71792 0.722834
0 0.724342 0.712448 0.725057 0.685264 0.711231 0.684115 0.710516 0.7113
0 0.470255 0.831212 0.475781 0.809926 0.462735 0.79922 0.457208 0.820507
0 0.217704 0.793994 0.219539 0.772037 0.204902 0.76817 0.203067 0.790127
0 0.567392 0.770698 0.572652 0.749521 0.563502 0.74234 0.558243 0.763517
0 0.547531 0.96906 0.550956 0.940846 0.538577 0.936097 0.535152 0.964311
0 0.140819 0.975545 0.151811 0.944689 0.140701 0.932181 0.129709 0.963037
0 0.310952 0.517777 0.313377 0.496925 0.301495 0.492559 0.29907 0.51341
0 0.60122 0.931437 0.602314 0.906725 0.589311 0.904906 0.588217 0.929618
0 0.442648 0.557154 0.444679 0.532684 0.424709 0.527446 0.422678 0.551915
0 0.39636 0.537583 0.39807 0.503188 0.379778 0.500315 0.378069 0.53471
0 0.237511 0.772069 0.240074 0.749274 0.229899 0.745658 0.227336 0.768453
0 0.382931 0.950414 0.384345 0.925008 0.369565 0.922407 0.36815 0.947813
0 0.397976 0.981431 0.409878 0.948444 0.397586 0.934426 0.385683 0.967413
0 0.329463 0.873525 0.340008 0.866152 0.330869 0.824843 0.320324 0.832216
0 0.702473 0.575182 0.70601 0.558531 0.687607 0.546176 0.68407 0.562826
0 0.434517 0.679174 0.435447 0.661488 0.424418 0.659655 0.423488 0.677341
0 0.468585 0.862183 0.476392 0.841255 0.466669 0.829793 0.458862 0.85072
0 0.261748 0.995564 0.266093 0.973571 0.253657 0.965806 0.249312 0.9878
0 0.621813 0.762553 0.623354 0.745429 0.613675 0.742674 0.612133 0.759799
0 0.195993 0.952545 0.214151 0.927672 0.205251 0.907139 0.187094 0.932012
0 0.344118 0.925676 0.350287 0.897641 0.339835 0.890372 0.333667 0.918407
0 0.464194 0.535189 0.469483 0.513523 0.459461 0.50579 0.454172 0.527456
0 0.627472 0.687578 0.63053 0.665723 0.611901 0.657486 0.608843 0.679341
0 0.414537 0.735662 0.419543 0.704468 0.407483 0.698351 0.402477 0.729545
0 0.560539 0.635283 0.565456 0.615035 0.550835 0.603813 0.545918 0.62406
0 0.2476 0.929806 0.255783 0.899522 0.24501 0.890321 0.236826 0.920604
0 0.512179 0.74211 0.513068 0.724166 0.503724 0.722704 0.502836 0.740648
0 0.219786 0.531107 0.221688 0.50936 0.206946 0.505285 0.205044 0.527032
0 0.141785 0.935198 0.143625 0.905378 0.124269 0.901605 0.122429 0.931425
0 0.738494 0.708878 0.743774 0.683669 0.72658 0.672287 0.7213 0.697496
0 0.644846 0.798438 0.651705 0.774823 0.636483 0.76085 0.629624 0.784464
0 0.532261 0.896971 0.535768 0.872004 0.523133 0.866395 0.519626 0.891362
0 0.564423 0.754146 0.569399 0.736011 0.559271 0.727228 0.554295 0.745363
0 0.512268 0.595842 0.512279 0.569641 0.495755 0.569618 0.495744 0.595819
0 0.0852407 0.97506 0.0862056 0.913975 0.0576551 0.912549 0.0566901 0.973635
0 0.421182 0.750585 0.422554 0.730341 0.411578 0.727991 0.410206 0.748234
0 0.418495 0.921902 0.42726 0.89955 0.415718 0.885245 0.406953 0.907597
0 0.781299 0.589942 0.786951 0.569545 0.765626 0.550868 0.759974 0.571265
0 0.394516 0.761803 0.396636 0.738071 0.381962 0.733928 0.379842 0.75766
0 0.296446 0.913499 0.303681 0.884166 0.284585 0.869281 0.27735 0.898614
0 0.338287 0.957548 0.34523 0.928326 0.330863 0.917538 0.32392 0.94676
0 0.165321 0.996427 0.17796 0.962446 0.164389 0.946493 0.15175 0.980474
0 0.183432 1.00914 0.186558 0.982418 0.168089 0.97559 0.164963 1.00231
0 0.471436 0.603231 0.472589 0.569378 0.443752 0.566273 0.442599 0.600127
0 0.64675 0.5931 0.648337 0.569519 0.636658 0.567035 0.635071 0.590616
0 0.545284 0.951031 0.546673 0.92518 0.532455 0.922767 0.531067 0.948618
0 0.229632 1.00917 0.240487 0.964781 0.225313 0.953053 0.214458 0.997437
0 0.533564 0.722687 0.5348 0.705912 0.524997 0.703629 0.523761 0.720405
0 0.383579 0.789425 0.387573 0.738293 0.345206 0.727834 0.341212 0.778966
0 0.564274 0.738619 0.565336 0.721158 0.554348 0.719045 0.553286 0.736507
0 0.625035 0.651376 0.625922 0.635065 0.61372 0.632968 0.612834 0.64928
0 0.276287 0.923244 0.282119 0.892948 0.269073 0.885013 0.263242 0.915308
0 0.731402 0.714376 0.729254 0.573481 0.642738 0.577651 0.644886 0.718545
0 0.273782 0.522635 0.275894 0.501865 0.263056 0.497741 0.260945 0.518511
0 0.985108 0.723114 0.982892 0.686743 0.956937 0.69174 0.959153 0.728111
0 0.602164 0.607546 0.60415 0.586607 0.591884 0.582931 0.589899 0.60387
0 0.295118 0.938435 0.298233 0.903133 0.274803 0.896598 0.271687 0.931901
0 0.434232 1.00225 0.436519 0.968553 0.42029 0.96507 0.418002 0.998763
0 0.281049 1.00022 0.290313 0.9736 0.278011 0.960069 0.268747 0.986689
0 0.77736 0.63768 0.779499 0.614276 0.762357 0.609324 0.760218 0.632727
0 0.709351 0.549669 0.711654 0.531379 0.696969 0.525533 0.694665 0.543823
0 0.421195 0.993948 0.430249 0.926932 0.404303 0.915853 0.395248 0.982868
0 0.229981 0.722286 0.238834 0.69224 0.214894 0.669948 0.206041 0.699994
0 0.238435 0.612491 0.241406 0.592507 0.229674 0.586994 0.226703 0.606978
0 0.613415 0.754089 0.617958 0.736265 0.608671 0.728783 0.604128 0.746607
0 0.422544 0.574492 0.424515 0.547908 0.412641 0.545125 0.41067 0.571709
0 0.404784 0.862503 0.413879 0.834685 0.404545 0.82504 0.39545 0.852859
0 0.610266 0.662148 0.611745 0.644073 0.601336 0.641381 0.599857 0.659455
0 0.436649 0.762876 0.439028 0.741753 0.427102 0.737507 0.424723 0.75863
0 0.4585 0.8116 0.460841 0.791624 0.447983 0.786862 0.445642 0.806838
0 0.566149 0.719691 0.566941 0.70172 0.553806 0.699891 0.553014 0.717861
0 0.0987421 0.817004 0.105856 0.794441 0.0952615 0.783883 0.0881472 0.806446
0 0.318746 0.992054 0.32153 0.969297 0.31149 0.965415 0.308706 0.988172
0 0.246157 0.767408 0.250972 0.74717 0.241497 0.740045 0.236682 0.760283
0 0.778427 0.996587 0.826901 0.906883 0.754413 0.783083 0.705939 0.872787
0 0.20277 0.930943 0.221403 0.902867 0.212676 0.884563 0.194043 0.912639
0 0.430204 0.842828 0.432714 0.807668 0.40855 0.802216 0.40604 0.837375
0 0.209198 0.575792 0.22763 0.545679 0.217406 0.5259 0.198974 0.556013
0 0.0935091 0.905936 0.107202 0.875357 0.0977055 0.861918 0.0840131 0.892498
0 0.680605 0.748526 0.682194 0.713803 0.660583 0.710678 0.658994 0.7454
0 0.574668 0.678732 0.577604 0.662573 0.568717 0.65747 0.565781 0.673629
0 0.298278 0.994597 0.303067 0.962522 0.282694 0.952907 0.277904 0.984982
0 0.333395 0.909365 0.341381 0.888254 0.332689 0.877862 0.324703 0.898973
0 0.280732 0.743626 0.282921 0.719686 0.268121 0.715409 0.265932 0.739349
0 0.61567 0.565544 0.61622 0.548385 0.605012 0.547249 0.604461 0.564408
0 0.26824 0.71665 0.279561 0.697068 0.264452 0.669461 0.253131 0.689043
0 0.636008 0.772032 0.639268 0.753664 0.627484 0.747054 0.624224 0.765422
0 0.5836 0.837288 0.589532 0.80257 0.565007 0.789325 0.559075 0.824043
0 0.524328 0.746367 0.526377 0.731046 0.515719 0.726542 0.513671 0.741862
0 0.484624 0.901592 0.490346 0.885869 0.475455 0.868742 0.469733 0.884466
0 0.487673 0.885238 0.49372 0.864839 0.48096 0.852884 0.474913 0.873282
0 0.47399 0.715885 0.475032 0.695143 0.464414 0.693458 0.463372 0.7142
0 0.587777 0.654395 0.589155 0.634052 0.579497 0.631985 0.57812 0.652328
0 0.391081 0.906816 0.399289 0.887722 0.384006 0.866958 0.375798 0.886053
0 0.622831 0.73849 0.625034 0.719054 0.613514 0.714927 0.611311 0.734363
0 0.444258 0.746774 0.44959 0.726154 0.435546 0.714678 0.430215 0.735299
0 0.289992 0.618681 0.293085 0.602007 0.283357 0.596302 0.280263 0.612976
0 0.0647303 0.906012 0.0974953 0.872429 0.0843566 0.831916 0.0515916 0.8655
0 0.381066 0.997495 0.391261 0.963079 0.379037 0.951635 0.368843 0.986051
0 0.0010132 0.228065 0.0640066 0.192191 0.053949 0.136374 -0.00904447 0.172248
0 0.615446 0.573344 0.618264 0.557603 0.607602 0.551572 0.604784 0.567313
0 0.270526 0.682201 0.271865 0.662024 0.258917 0.65931 0.257579 0.679487
0 0.397875 0.993814 0.400539 0.973793 0.387986 0.968514 0.385322 0.988536
0 0.313487 0.543217 0.319435 0.5202 0.308518 0.511284 0.30257 0.534301
0 0.211686 0.650628 0.213136 0.630324 0.199552 0.627259 0.198103 0.647563
0 0.0779779 0.817593 0.0808007 0.770345 0.0503073 0.764587 0.0474845 0.811835
0 0.543002 0.668321 0.544637 0.651186 0.535045 0.648292 0.533409 0.665427
0 0.532062 0.765721 0.533641 0.747474 0.524787 0.745052 0.523208 0.763299
0 0.239479 0.701133 0.239535 0.641427 0.18925 0.641276 0.189193 0.700982
0 0.162379 1.0089 0.170141 0.97769 0.155929 0.966519 0.148167 0.99773
0 0.723701 0.674682 0.727779 0.651785 0.716732 0.645566 0.712653 0.668462
0 0.571998 0.718786 0.572263 0.700108 0.559159 0.69952 0.558894 0.718198
0 0.232894 0.631427 0.236084 0.611869 0.224556 0.605927 0.221366 0.625485
0 0.625166 0.93372 0.631637 0.912212 0.619954 0.901103 0.613483 0.922611
0 0.0900477 0.356116 0.105577 0.330499 0.0883797 0.29755 0.0728502 0.323168
0 0.557835 0.950575 0.559566 0.928722 0.548459 0.925943 0.546729 0.947796
0 0.611033 0.696238 0.612398 0.680923 0.601782 0.677933 0.600417 0.693248
0 0.738245 0.677042 0.741136 0.656414 0.728562 0.650845 0.725671 0.671473
0 0.49413 0.974514 0.497972 0.947749 0.480876 0.939994 0.477035 0.966759
0 0.593124 0.915526 0.593954 0.889098 0.57441 0.887157 0.573579 0.913585
0 0.212806 1.00296 0.211822 0.982876 0.19326 0.98575 0.194244 1.00583
0 0.0373942 0.940403 0.0430335 0.889439 0.0065842 0.876692 0.00094488 0.927656
0 0.227632 0.962194 0.235796 0.930647 0.224559 0.921455 0.216394 0.953002
0 0.587197 0.726241 0.591512 0.708374 0.581989 0.701104 0.577673 0.718972
0 0.505301 0.631513 0.510008 0.609128 0.499866 0.602388 0.495159 0.624773
0 0.225275 0.841153 0.236756 0.814818 0.22775 0.80241 0.216269 0.828745
0 0.334054 0.675552 0.339317 0.656538 0.33051 0.648833 0.325247 0.667847
0 0.574007 0.808201 0.594434 0.769255 0.578825 0.74338 0.558398 0.782325
0 0.216036 0.955153 0.227735 0.927949 0.218527 0.915433 0.206827 0.942637
0 0.508785 0.783121 0.512804 0.764479 0.503004 0.757801 0.498985 0.776443
0 0.207751 0.987483 0.214178 0.963016 0.203212 0.953911 0.196784 0.978379
0 0.618271 0.900908 0.618682 0.877899 0.597785 0.87672 0.597374 0.899729
0 0.334834 0.706959 0.340765 0.687839 0.331098 0.678361 0.325167 0.697482
0 0.20366 0.364471 0.20739 0.314038 0.177696 0.307098 0.173966 0.357531
0 0.216892 0.614751 0.22186 0.590791 0.212099 0.584395 0.207131 0.608355
0 0.207075 0.550768 0.210485 0.524182 0.19865 0.519384 0.19524 0.545971
0 0.185551 0.940357 0.187518 0.906826 0.165962 0.90283 0.163995 0.93636
0 0.468724 0.798544 0.472303 0.77358 0.458147 0.767167 0.454568 0.792131
0 0.452137 0.537425 0.453634 0.514619 0.439443 0.511675 0.437946 0.534481
0 0.435285 0.69472 0.436262 0.677939 0.423137 0.675524 0.42216 0.692305
0 0.547433 0.719584 0.549196 0.705813 0.540471 0.702281 0.538707 0.716053
0 0.497607 0.615073 0.499548 0.595879 0.489272 0.592595 0.487331 0.611789
0 0.382421 0.860644 0.394639 0.83637 0.383659 0.818902 0.37144 0.843176
0 0.275036 0.815627 0.279932 0.789864 0.268382 0.782926 0.263486 0.808689
0 0.239593 0.581481 0.240094 0.562502 0.226747 0.561389 0.226246 0.580368
0 0.0435303 0.962766 0.0514454 0.934516 0.0349018 0.919866 0.0269867 0.948116
0 0.485308 0.717654 0.488075 0.700718 0.478206 0.695622 0.475439 0.712558
0 0.927796 0.137065 0.929274 0.0656662 0.89267 0.0632714 0.891192 0.13467
0 0.646646 0.766938 0.651165 0.750538 0.63953 0.740405 0.635011 0.756805
0 0.173846 0.323444 0.201178 0.297281 0.172623 0.203 0.145291 0.229163
0 0.461148 0.759403 0.46195 0.740612 0.450224 0.739031 0.449422 0.757823
0 0.194538 0.586056 0.205202 0.561902 0.194983 0.547643 0.184319 0.571796
0 0.257108 0.921898 0.26342 0.9011 0.254237 0.892293 0.247925 0.913091
0 0.725259 0.591626 0.726776 0.573473 0.713087 0.569858 0.711571 0.588011
0 0.0481409 0.657515 0.0669241 0.638465 0.0595843 0.615592 0.0408011 0.634642
0 0.285037 0.567933 0.288065 0.549961 0.277952 0.544575 0.274923 0.562546
0 0.227417 0.763709 0.228812 0.743178 0.215862 0.740397 0.214467 0.760928
0 0.232049 0.649869 0.233225 0.629066 0.217196 0.626201 0.21602 0.647005
0 0.901996 0.0667903 0.909346 0.0386404 0.889563 0.0223153 0.882213 0.0504652
0 0.610357 0.74888 0.613951 0.731325 0.604685 0.725328 0.60109 0.742883
0 0.0856148 0.847364 0.096829 0.815717 0.0856295 0.803174 0.0744153 0.834821
0 0.425776 0.866509 0.431434 0.841427 0.412668 0.828046 0.407009 0.853128
0 0.73544 0.65377 0.741334 0.638981 0.729526 0.624109 0.723632 0.638898
0 0.833048 0.730774 0.838504 0.704623 0.825953 0.696348 0.820497 0.722499
0 0.0610789 0.878128 0.0610946 0.833444 0.0347538 0.833415 0.034738 0.878098
0 0.407145 0.70758 0.411596 0.684397 0.402012 0.678581 0.397561 0.701764
0 0.0291123 0.151699 0.0555415 0.00420354 -0.00755603 -0.0315296 -0.0339852 0.115966
0 0.647577 0.627194 0.652144 0.607286 0.642681 0.600425 0.638114 0.620333
0 0.437357 0.718629 0.440202 0.695179 0.426502 0.689926 0.423657 0.713376
0 0.499822 0.979512 0.504347 0.954541 0.485606 0.943808 0.481081 0.968779
0 0.108681 0.846735 0.125856 0.826262 0.120502 0.812065 0.103326 0.832538
0 0.413843 0.608596 0.416866 0.58554 0.400895 0.578922 0.397872 0.601978
0 0.244642 0.746781 0.251934 0.716361 0.242037 0.708863 0.234745 0.739284
0 0.622812 0.60284 0.623945 0.585114 0.613744 0.583054 0.612611 0.600779
0 0.573701 0.613591 0.576577 0.596409 0.567389 0.591549 0.564513 0.60873
0 0.360721 0.906556 0.366918 0.881187 0.356267 0.872965 0.35007 0.898333
0 0.567871 0.667506 0.571995 0.651224 0.562278 0.643446 0.558154 0.659727
0 0.62996 0.731509 0.629979 0.712171 0.619245 0.712137 0.619226 0.731476
0 0.314571 0.764521 0.322754 0.745344 0.314217 0.733831 0.306034 0.753009
0 0.316395 0.985452 0.318686 0.961617 0.30763 0.958257 0.305339 0.982092
0 0.420873 0.770315 0.422156 0.7507 0.411014 0.748397 0.409731 0.768011
0 0.274595 0.595279 0.276156 0.57642 0.263258 0.573046 0.261697 0.591905
0 0.511423 0.715545 0.512002 0.700587 0.503662 0.699567 0.503083 0.714526
0 0.625531 0.560931 0.626249 0.546543 0.61651 0.545008 0.615792 0.559396
0 0.51477 0.806904 0.525054 0.778532 0.511826 0.763378 0.501542 0.79175
0 0.0969258 0.92818 0.104021 0.90724 0.0951182 0.897705 0.0880226 0.918645
0 0.104858 0.853242 0.110943 0.815539 0.0953166 0.807569 0.0892318 0.845272
0 0.756671 0.696147 0.760326 0.678766 0.745671 0.669026 0.742016 0.686407
0 0.358754 1.00377 0.360412 0.98298 0.348838 0.980062 0.347179 1.00085
0 0.640015 0.858817 0.640683 0.840477 0.627275 0.838933 0.626607 0.857274
0 0.129313 0.86369 0.14036 0.843809 0.132345 0.829734 0.121298 0.849616
0 0.362611 0.948952 0.366736 0.921206 0.357292 0.916769 0.353167 0.944514
0 0.416888 0.721177 0.422019 0.697947 0.411529 0.690625 0.406398 0.713855
0 0.0619888 0.163958 0.0606811 -0.0310985 -4.8124e-05 -0.0298117 0.0012596 0.165245
0 0.216441 0.621012 0.222282 0.598841 0.212257 0.590495 0.206416 0.612666
0 0.253714 0.789584 0.255744 0.763699 0.241244 0.760105 0.239214 0.78599
0 0.2443 0.970919 0.249762 0.943194 0.237564 0.935598 0.232102 0.963324
0 0.346066 0.66285 0.350859 0.64054 0.341872 0.634437 0.337078 0.656747
0 0.586105 0.641533 0.589625 0.623198 0.579155 0.616846 0.575635 0.63518
0 0.259487 0.962953 0.262492 0.942806 0.251715 0.937724 0.248709 0.957872
0 0.265285 0.664597 0.270343 0.640515 0.259757 0.633487 0.254698 0.657569
0 0.302274 1.00564 0.30345 0.984641 0.290137 0.982284 0.288961 1.00328
0 0.630978 0.816869 0.632058 0.78681 0.614913 0.784862 0.613832 0.814921
0 0.104405 0.943711 0.113739 0.914518 0.102404 0.903063 0.0930695 0.932256
0 0.399134 0.699285 0.40115 0.679317 0.389883 0.675722 0.387867 0.69569
0 0.0787137 1.01385 0.0931044 0.997526 0.0850032 0.974948 0.0706125 0.991267
0 0.599421 0.571618 0.604545 0.552528 0.595001 0.544431 0.589877 0.563522
0 0.0398348 0.850195 0.0403001 0.811181 0.020494 0.810435 0.0200288 0.849449
0 0.47378 0.877093 0.478058 0.860386 0.468754 0.852855 0.464475 0.869562
0 0.0716567 0.835908 0.0873169 0.805991 0.0776647 0.790023 0.0620045 0.819939
0 0.447991 0.531334 0.447712 0.513683 0.434284 0.514352 0.434563 0.532004
0 0.460941 0.716882 0.461972 0.700658 0.453635 0.698983 0.452604 0.715208
0 0.617816 0.619066 0.619725 0.604618 0.61075 0.600869 0.608841 0.615317
0 0.51527 0.763661 0.517727 0.743273 0.506821 0.739119 0.504364 0.759507
0 0.0172871 0.301826 0.0182666 0.232308 -0.00275341 0.231372 -0.00373291 0.30089
0 0.275628 0.983345 0.278585 0.953659 0.264845 0.949333 0.261888 0.979019
0 0.450557 0.92838 0.451882 0.896833 0.437967 0.894987 0.436642 0.926534
0 0.953905 0.72691 0.956475 0.709108 0.941929 0.702472 0.93936 0.720274
0 0.178586 0.965323 0.185055 0.937245 0.171404 0.927306 0.164936 0.955384
0 0.754966 0.748028 0.759715 0.73269 0.748401 0.721617 0.743652 0.736955
0 0.247143 0.837853 0.253778 0.807111 0.241425 0.798686 0.234791 0.829428
0 0.584048 0.672692 0.586152 0.657136 0.578543 0.653884 0.576439 0.66944
0 0.212069 0.973317 0.21944 0.949579 0.209184 0.939515 0.201814 0.963253
0 0.309953 0.55297 0.317344 0.525553 0.306572 0.516375 0.299181 0.543792
