0 0.995851 0.9501 1.00874 0.829382 0.806938 0.7613 0.794051 0.882018
0 0.303769 0.857614 0.304704 0.831802 0.288729 0.829973 0.287794 0.855785
0 0.902284 0.45761 0.905449 0.429113 0.889028 0.42335 0.885863 0.451846
0 0.887005 0.472234 0.891961 0.436452 0.872947 0.428127 0.867991 0.463909
0 0.238468 0.989015 0.230309 0.953149 0.201573 0.973809 0.209732 1.00968
0 0.755051 0.679059 0.754433 0.640862 0.735875 0.64181 0.736493 0.680007
0 0.326115 0.949128 0.33168 0.908188 0.308654 0.898294 0.303088 0.939235
0 0.118273 0.804364 0.133636 0.768559 0.118641 0.748224 0.103278 0.784029
0 0.317166 0.828938 0.312936 0.793375 0.28951 0.802182 0.293741 0.837745
0 0.898429 0.52584 0.903006 0.507291 0.889707 0.49692 0.88513 0.515468
0 0.361464 0.868858 0.365441 0.829575 0.344942 0.823016 0.340965 0.862299
0 0.78104 0.729996 0.788493 0.691879 0.769148 0.679923 0.761694 0.71804
0 0.173287 0.802605 0.168076 0.746277 0.134852 0.755992 0.140063 0.812319
0 0.400257 0.769885 0.399247 0.740184 0.377909 0.742477 0.378919 0.772179
0 0.107821 0.968085 0.182038 0.89531 0.158162 0.818356 0.0839456 0.891131
0 0.871633 0.650319 0.87086 0.617986 0.84854 0.619672 0.849313 0.652005
0 0.24098 0.913737 0.235706 0.860777 0.201309 0.871602 0.206583 0.924562
0 0.294068 0.900869 0.297424 0.871965 0.283778 0.866958 0.280422 0.895862
0 0.841705 0.633987 0.87145 0.5988 0.862116 0.573864 0.832371 0.609051
0 0.353592 0.814508 0.360614 0.792238 0.343763 0.775446 0.336741 0.797716
0 0.323485 0.795182 0.32521 0.77021 0.302809 0.76532 0.301085 0.790292
0 0.329739 0.887176 0.335366 0.857838 0.318043 0.847336 0.312416 0.876674
0 0.886148 0.534658 0.889568 0.509672 0.875215 0.503463 0.871794 0.528449
0 0.883313 0.305008 0.882729 0.278979 0.864419 0.280279 0.865003 0.306308
0 0.878126 0.442579 0.878763 0.40722 0.854497 0.405839 0.85386 0.441198
0 0.892308 0.400381 0.898457 0.368456 0.884613 0.360027 0.878463 0.391952
0 0.848678 0.556133 0.865878 0.528283 0.855051 0.507152 0.837852 0.535002
0 0.763214 0.62524 0.769635 0.602208 0.757231 0.591279 0.75081 0.61431
0 0.825371 0.621188 0.849764 0.583929 0.836089 0.555632 0.811696 0.592891
0 0.309066 0.771928 0.312496 0.739593 0.296386 0.734192 0.292957 0.766528
0 0.811345 0.571517 0.827315 0.549025 0.819763 0.532078 0.803793 0.55457
0 0.0257008 0.831012 0.0278073 0.78564 -0.00163747 0.781319 -0.00374402 0.826692
0 0.901407 0.485023 0.906137 0.460277 0.891204 0.451256 0.886474 0.476003
0 0.304301 0.997168 0.312027 0.950854 0.290981 0.939758 0.283255 0.986073
0 0.759353 0.205723 0.748614 0.154027 0.711917 0.178121 0.722656 0.229817
0 0.395271 0.731471 0.400056 0.707062 0.388751 0.700058 0.383966 0.724466
0 0.548944 0.815169 0.55457 0.780214 0.538526 0.772053 0.5329 0.807008
0 0.196583 0.875539 0.219862 0.844174 0.20661 0.813086 0.18333 0.844451
0 0.337859 0.926624 0.346854 0.896772 0.324655 0.875631 0.315659 0.905483
0 0.90049 0.550686 0.902463 0.527515 0.885367 0.522915 0.883394 0.546086
0 0.962112 0.42482 0.966073 0.39611 0.946675 0.387652 0.942714 0.416361
0 0.872827 0.286423 0.892652 0.269355 0.886777 0.247786 0.866951 0.264854
0 0.845987 0.415011 0.848851 0.385338 0.83326 0.380583 0.830397 0.410256
0 0.128219 0.820181 0.126459 0.790488 0.103468 0.794796 0.105229 0.82449
0 0.195794 0.832056 0.207566 0.808892 0.193322 0.786013 0.181549 0.809176
0 0.780441 0.691127 0.786712 0.661517 0.767816 0.648869 0.761545 0.678479
0 0.306068 0.906384 0.31288 0.874911 0.298817 0.86529 0.292004 0.896762
0 0.856967 0.483164 0.858991 0.460374 0.847604 0.457179 0.845581 0.479969
0 0.896127 0.503614 0.896228 0.481895 0.87878 0.481638 0.878679 0.503357
0 0.666668 0.776745 0.674681 0.755028 0.664878 0.743597 0.656865 0.765314
0 0.511119 0.730306 0.514213 0.699524 0.496701 0.693961 0.493607 0.724744
0 0.962285 0.699667 0.977243 0.681189 0.96167 0.641347 0.946712 0.659825
0 0.850943 0.73023 0.861774 0.703256 0.838143 0.673267 0.827312 0.70024
0 0.312511 0.982643 0.327529 0.955333 0.317428 0.937777 0.30241 0.965087
0 0.873862 0.554112 0.879653 0.536064 0.865892 0.52211 0.860101 0.540157
0 0.219026 0.813678 0.228297 0.77571 0.218437 0.768101 0.209166 0.806069
0 0.241859 0.874052 0.243204 0.848181 0.223167 0.84489 0.221822 0.870761
0 0.0973343 0.35076 0.113434 0.3331 0.0994071 0.292685 0.0833076 0.310345
0 0.832021 0.520618 0.832899 0.49807 0.821227 0.496633 0.820349 0.519182
0 0.800679 0.571148 0.815607 0.537245 0.804047 0.521159 0.789119 0.555061
0 0.510903 0.950727 0.519098 0.912222 0.488145 0.8914 0.479949 0.929904
0 0.88251 0.595164 0.890278 0.577678 0.868391 0.546948 0.860623 0.564435
0 0.208507 0.825161 0.217116 0.800031 0.202784 0.784515 0.194176 0.809645
0 0.819095 0.643751 0.825316 0.619946 0.816012 0.612263 0.809792 0.636068
0 0.594441 0.855273 0.593656 0.826144 0.572922 0.827909 0.573707 0.857038
0 0.407453 0.592162 0.409394 0.571671 0.398689 0.568465 0.396748 0.588957
0 0.373519 0.825301 0.3729 0.782853 0.35635 0.783616 0.356969 0.826063
0 0.778158 0.974457 0.820672 0.890405 0.757351 0.78918 0.714837 0.873232
0 0.898548 0.580239 0.898879 0.548823 0.884985 0.54836 0.884654 0.579777
0 0.906328 0.31623 0.913896 0.278312 0.887569 0.261705 0.880001 0.299622
0 0.34511 0.875394 0.348152 0.847124 0.33381 0.842248 0.330769 0.870518
0 0.407707 0.65262 0.4107 0.626278 0.395846 0.620943 0.392853 0.647286
0 0.249958 0.863652 0.260741 0.83285 0.248031 0.818789 0.237249 0.84959
0 0.976308 0.56621 0.988071 0.54428 0.966611 0.507898 0.954848 0.529828
0 0.832324 0.480237 0.837547 0.454894 0.826417 0.447645 0.821194 0.472988
0 0.571256 0.784925 0.573889 0.760282 0.55979 0.755521 0.557158 0.780164
0 0.908098 0.364012 0.911711 0.340309 0.899013 0.334192 0.895401 0.357895
0 0.963454 0.402784 0.967936 0.371539 0.946955 0.362027 0.942473 0.393272
0 0.376866 0.782623 0.377895 0.757092 0.365451 0.755508 0.364422 0.781039
0 0.386759 0.674743 0.388277 0.655775 0.376498 0.652795 0.37498 0.671764
0 0.388814 0.709917 0.397685 0.690456 0.387907 0.676368 0.379035 0.695829
0 0.468983 0.757632 0.47856 0.721068 0.45237 0.69939 0.442793 0.735954
0 0.184101 0.87214 0.19495 0.848318 0.17448 0.818852 0.16363 0.842673
0 0.170686 0.349201 0.19288 0.241391 0.118144 0.192766 0.0959501 0.300577
0 0.416733 0.758309 0.421644 0.738058 0.411408 0.730213 0.406497 0.750464
0 0.846467 0.572301 0.850343 0.550143 0.83768 0.543143 0.833804 0.565301
0 0.907111 0.387905 0.912848 0.365812 0.902222 0.357091 0.896485 0.379184
0 0.742702 0.603604 0.75129 0.577617 0.739923 0.565745 0.731336 0.591733
0 0.317052 0.757396 0.322203 0.739032 0.309967 0.728184 0.304816 0.746548
0 0.669379 0.754126 0.675744 0.725871 0.659992 0.714656 0.653627 0.742911
0 0.519178 0.796901 0.52758 0.767702 0.516104 0.757266 0.507702 0.786464
0 0.54265 0.778423 0.545479 0.746739 0.52303 0.740403 0.520201 0.772087
0 0.287859 0.819943 0.292602 0.799102 0.279905 0.789971 0.275162 0.810812
0 0.447904 0.934268 0.449395 0.90518 0.432619 0.902463 0.431128 0.931551
0 0.232162 0.812953 0.244909 0.784588 0.232159 0.766481 0.219413 0.794846
0 0.756293 0.730698 0.765218 0.718186 0.752303 0.689071 0.743378 0.701583
0 0.989071 0.680625 0.994474 0.661235 0.975614 0.644625 0.970211 0.664015
0 0.353347 0.99557 0.362921 0.966023 0.352778 0.955635 0.343204 0.985183
0 0.993664 0.499544 1.00336 0.46067 0.973125 0.436844 0.963431 0.475719
0 0.572167 0.706397 0.572996 0.669943 0.555997 0.668721 0.555168 0.705175
0 0.404743 0.815573 0.409292 0.784517 0.394503 0.777671 0.389955 0.808727
0 0.900574 0.349528 0.904427 0.320367 0.885337 0.312395 0.881484 0.341556
0 0.256159 0.720928 0.271092 0.700472 0.263946 0.683987 0.249014 0.704443
0 0.868852 0.526736 0.873745 0.51029 0.859639 0.497027 0.854746 0.513472
0 0.870841 0.461421 0.873289 0.436312 0.853981 0.430363 0.851533 0.455472
0 0.981412 0.422724 0.985401 0.39821 0.967386 0.388947 0.963398 0.413461
0 0.815449 0.53912 0.823087 0.527325 0.812901 0.50648 0.805263 0.518274
0 0.178249 0.914601 0.177938 0.892707 0.162764 0.893388 0.163075 0.915282
0 0.407982 0.721916 0.409705 0.704363 0.399985 0.701348 0.398262 0.718901
0 0.859969 0.583822 0.861919 0.564434 0.847538 0.559862 0.845587 0.579249
0 0.0706913 0.768562 0.0792303 0.743908 0.0629609 0.726099 0.0544219 0.750753
0 0.362551 0.768356 0.364869 0.743755 0.351162 0.739672 0.348844 0.764273
0 0.338277 0.816055 0.341732 0.791575 0.329468 0.786105 0.326013 0.810585
0 0.264757 0.827856 0.266947 0.806767 0.253798 0.80245 0.251607 0.823539
0 0.218533 0.942561 0.224771 0.920091 0.211306 0.908279 0.205069 0.930749
0 0.767948 0.764913 0.769076 0.739053 0.751494 0.736629 0.750366 0.762489
0 0.535075 0.801238 0.538646 0.776505 0.524582 0.770088 0.521011 0.79482
0 0.404862 0.685236 0.410718 0.663535 0.40118 0.6554 0.395324 0.677101
0 0.690134 0.531967 0.697263 0.509461 0.688376 0.500565 0.681247 0.52307
0 0.206281 0.934204 0.20848 0.901677 0.1915 0.898049 0.189301 0.930576
0 0.0854295 0.72828 0.0822371 0.697761 0.0601747 0.705055 0.0633671 0.735573
0 0.285012 0.84447 0.291918 0.82991 0.278006 0.809054 0.2711 0.823613
0 0.336564 0.784543 0.337653 0.765248 0.325696 0.763115 0.324607 0.78241
0 0.015543 0.920982 0.0295465 0.892521 0.0171958 0.873315 0.00319225 0.901777
0 0.60123 0.87984 0.608769 0.858632 0.592872 0.840773 0.585333 0.861982
0 0.872112 0.610102 0.875637 0.588255 0.865417 0.583044 0.861892 0.60489
0 0.0236873 1.00839 0.0363897 0.971032 0.0193818 0.952756 0.00667937 0.990116
0 0.770662 0.65342 0.775749 0.634865 0.764255 0.624906 0.759168 0.643461
0 0.4019 0.747248 0.402337 0.726316 0.388109 0.725376 0.387672 0.746308
0 0.872104 0.487426 0.874366 0.470405 0.859991 0.464368 0.857729 0.481389
0 1.00194 0.524466 1.00342 0.497872 0.990308 0.495574 0.988832 0.522168
0 0.235637 0.977571 0.252437 0.938752 0.237937 0.918919 0.221137 0.957738
0 0.910254 0.491782 0.918847 0.476606 0.907939 0.457087 0.899346 0.472264
0 0.589606 0.765878 0.604029 0.742613 0.595739 0.72637 0.581316 0.749635
0 0.377307 0.743456 0.381323 0.720428 0.368396 0.713304 0.36438 0.736332
0 0.168845 0.733735 0.17395 0.711941 0.162318 0.703329 0.157212 0.725123
0 0.883646 0.673216 0.88502 0.644073 0.868289 0.641581 0.866915 0.670723
0 0.766398 0.682138 0.769544 0.65442 0.756254 0.649653 0.753108 0.677371
0 0.95822 0.624492 0.961245 0.59464 0.942152 0.588525 0.939127 0.618378
0 0.959341 0.715654 0.968375 0.701125 0.949451 0.663938 0.940417 0.678467
0 0.691687 0.699193 0.702662 0.672559 0.690047 0.65613 0.679072 0.682764
0 0.701576 0.709517 0.710565 0.684308 0.70156 0.674159 0.692571 0.699368
0 0.829316 0.70011 0.830901 0.675405 0.81294 0.671762 0.811354 0.696466
0 0.241493 0.841566 0.243156 0.804376 0.217295 0.800722 0.215633 0.837912
0 0.0293401 0.952596 0.0323264 0.909724 0.00887372 0.904561 0.00588741 0.947433
0 0.325394 0.829144 0.329013 0.80182 0.315915 0.796338 0.312296 0.823662
0 0.211187 0.953717 0.213184 0.929459 0.198555 0.925653 0.196558 0.94991
0 0.997209 0.557894 0.998891 0.530262 0.985533 0.527693 0.983851 0.555326
0 0.674956 0.722654 0.690714 0.7046 0.684539 0.687564 0.66878 0.705619
0 0.872656 0.509186 0.876156 0.492492 0.860342 0.482013 0.856842 0.498707
0 0.767049 0.706419 0.770116 0.683015 0.75446 0.67653 0.751393 0.699934
0 0.324994 0.769231 0.328218 0.751288 0.318013 0.745493 0.314789 0.763435
0 0.244421 0.730153 0.247314 0.696472 0.228764 0.691435 0.22587 0.725117
0 0.322459 0.856951 0.330804 0.833835 0.320943 0.822583 0.312597 0.845699
0 0.555364 0.776461 0.56099 0.742525 0.550528 0.737044 0.544903 0.770981
0 0.186797 0.837177 0.192477 0.821472 0.178609 0.805617 0.172928 0.821322
0 0.866021 0.354872 0.874195 0.318686 0.855499 0.305339 0.847325 0.341525
0 0.837711 0.50344 0.840058 0.484776 0.82921 0.480464 0.826863 0.499128
0 0.851153 0.498497 0.852604 0.480753 0.841716 0.47794 0.840265 0.495683
0 1.00278 0.696853 1.0019 0.671048 0.981382 0.673245 0.982256 0.69905
0 0.85458 0.377021 0.867226 0.353506 0.857499 0.336974 0.844853 0.360489
0 0.544925 0.724051 0.546045 0.695882 0.527766 0.693586 0.526646 0.721754
0 1.00222 0.720389 1.00334 0.69482 0.989664 0.692926 0.988544 0.718495
0 0.319489 0.902658 0.323135 0.878115 0.311641 0.872719 0.307995 0.897262
0 0.251129 0.889262 0.253494 0.864639 0.238385 0.860053 0.23602 0.884677
0 0.74636 0.481052 0.752637 0.461372 0.736651 0.445256 0.730373 0.464936
0 0.859348 0.414908 0.865773 0.395654 0.852181 0.381318 0.845756 0.400573
0 0.270829 0.734186 0.277245 0.710531 0.266035 0.700921 0.259618 0.724576
0 0.754474 0.644084 0.760054 0.623322 0.745597 0.611042 0.740017 0.631803
0 0.242685 0.931266 0.254822 0.903632 0.24215 0.886041 0.230013 0.913676
0 0.228257 0.964613 0.229916 0.943281 0.213164 0.939163 0.211505 0.960494
0 0.861737 0.505432 0.865096 0.488534 0.851175 0.479788 0.847816 0.496686
0 0.918109 0.670129 0.929816 0.632878 0.912417 0.615598 0.900711 0.652849
0 0.383689 0.659953 0.384242 0.633912 0.369093 0.632896 0.368541 0.658937
0 0.960213 0.726822 0.962377 0.7005 0.940336 0.694775 0.938173 0.721097
0 0.397311 0.676428 0.400989 0.650494 0.388129 0.64473 0.384452 0.670664
0 0.847616 0.68494 0.852792 0.662702 0.841934 0.654716 0.836759 0.676953
0 0.331872 0.748245 0.334847 0.723292 0.323061 0.718851 0.320086 0.743805
0 0.272672 0.853687 0.272687 0.830544 0.257702 0.830514 0.257688 0.853657
0 0.64393 0.751366 0.645681 0.732464 0.635522 0.729491 0.633771 0.748393
0 0.367189 0.732654 0.368982 0.708388 0.353136 0.704687 0.351342 0.728953
0 0.99353 0.398872 0.996886 0.377401 0.980037 0.369078 0.976681 0.390549
0 0.425329 0.797288 0.434436 0.767448 0.421635 0.755102 0.412529 0.784943
0 0.688611 0.671582 0.696852 0.654129 0.689646 0.643374 0.681404 0.660827
0 0.785425 0.640732 0.786167 0.608155 0.77055 0.607031 0.769808 0.639608
0 0.208654 0.890517 0.217389 0.861739 0.205353 0.850193 0.196618 0.87897
0 0.391511 0.812231 0.392027 0.772294 0.374073 0.771562 0.373558 0.811499
0 0.254972 0.792079 0.257195 0.770246 0.243351 0.765791 0.241128 0.787625
0 0.72773 0.736583 0.728933 0.706972 0.714578 0.70513 0.713375 0.73474
0 0.912864 0.434529 0.91604 0.420149 0.903378 0.411309 0.900202 0.425689
0 0.0586962 0.882103 0.0590847 0.861019 0.0455827 0.860233 0.0451942 0.881317
0 0.850244 0.433803 0.852146 0.409626 0.840504 0.406732 0.838602 0.43091
0 0.280277 0.907681 0.282332 0.887662 0.271715 0.884217 0.26966 0.904236
0 0.0431523 0.925047 0.0477095 0.891691 0.0257457 0.882207 0.0211884 0.915564
0 0.329317 0.806815 0.330612 0.785045 0.316123 0.78232 0.314828 0.80409
0 0.41151 0.789077 0.417921 0.769167 0.408806 0.759892 0.402395 0.779801
0 0.732322 0.589253 0.738666 0.565552 0.730194 0.558386 0.723851 0.582087
0 0.884716 0.365665 0.888668 0.3507 0.877921 0.341728 0.873968 0.356693
0 0.570274 0.821655 0.578177 0.789873 0.56282 0.777805 0.554917 0.809587
0 0.978813 0.52406 0.988492 0.502261 0.968465 0.474158 0.958786 0.495957
0 0.546456 0.930367 0.551965 0.825695 0.491939 0.815711 0.48643 0.920382
0 0.18653 0.809164 0.197552 0.793341 0.187064 0.770254 0.176042 0.786077
0 0.676884 0.789044 0.690008 0.778564 0.679692 0.737737 0.666568 0.748217
0 0.992748 0.319268 0.997773 0.298204 0.985133 0.288673 0.980107 0.309737
0 0.0815119 0.99226 0.0758851 0.942315 0.0319074 0.957974 0.0375342 1.00792
0 0.71889 0.486035 0.725011 0.461965 0.713839 0.452987 0.707719 0.477058
0 0.0394661 0.975291 0.0672473 0.930078 0.0547425 0.905794 0.0269614 0.951006
0 0.741463 0.621041 0.745526 0.60521 0.736797 0.598132 0.732735 0.613962
0 0.05594 0.125884 0.077929 0.00593469 0.0426102 -0.0145283 0.0206212 0.105421
0 0.259031 0.92111 0.264623 0.897795 0.2533 0.889211 0.247708 0.912526
0 0.410699 0.613444 0.413087 0.593405 0.401572 0.589068 0.399184 0.609107
0 0.931996 0.718728 0.940623 0.688627 0.919584 0.66957 0.910957 0.699672
0 0.929814 0.376757 0.933497 0.353488 0.918257 0.345864 0.914574 0.369133
0 0.815593 0.749709 0.818147 0.727882 0.80565 0.723259 0.803095 0.745086
0 0.25153 0.819483 0.254125 0.795794 0.237207 0.789938 0.234613 0.813627
0 0.9825 0.214545 0.98502 0.189816 0.971505 0.185462 0.968984 0.210191
0 0.410683 0.705817 0.413874 0.688806 0.40413 0.683028 0.400939 0.700039
0 0.383442 0.727144 0.388628 0.7083 0.379989 0.700785 0.374803 0.719629
0 0.724992 0.679218 0.733669 0.651834 0.723606 0.641758 0.714929 0.669141
0 0.963898 0.492969 0.969374 0.477289 0.957525 0.464212 0.95205 0.479892
0 0.269998 0.709827 0.27541 0.69067 0.264948 0.68133 0.259537 0.700487
0 0.922998 0.341933 0.923338 0.315728 0.905757 0.315008 0.905418 0.341213
0 0.791235 0.673122 0.796194 0.658691 0.785719 0.647312 0.780759 0.661743
0 0.933358 0.436396 0.934047 0.419547 0.921586 0.417936 0.920897 0.434786
0 0.990568 0.589885 0.99667 0.567797 0.975553 0.549359 0.96945 0.571447
0 0.43067 0.826914 0.438146 0.79981 0.427578 0.790597 0.420102 0.817701
0 0.795513 0.479896 0.797189 0.455323 0.786717 0.453065 0.785041 0.477638
0 0.889895 0.417924 0.892309 0.39423 0.878606 0.389816 0.876192 0.41351
0 0.272664 0.799512 0.273622 0.783313 0.260662 0.780889 0.259704 0.797088
0 0.709023 0.620036 0.719078 0.599412 0.704298 0.576637 0.694243 0.597261
0 0.7525 0.770112 0.753718 0.749087 0.739841 0.746547 0.738623 0.767571
0 0.679386 0.809212 0.691765 0.801634 0.679868 0.74021 0.667489 0.747787
0 0.835291 0.462393 0.838964 0.418421 0.82049 0.413545 0.816818 0.457516
0 0.424581 0.633214 0.425878 0.611512 0.409577 0.608432 0.408279 0.630134
0 0.547762 0.753905 0.549288 0.729666 0.536905 0.727201 0.535379 0.75144
0 0.796602 0.655551 0.80106 0.632348 0.790193 0.62575 0.785736 0.648953
0 0.682516 0.658366 0.684262 0.630356 0.671539 0.627849 0.669793 0.655859
0 0.861718 0.567018 0.864998 0.54874 0.851625 0.541155 0.848345 0.559432
0 0.367205 0.747737 0.368726 0.726096 0.355054 0.723061 0.353534 0.744702
0 0.0754059 0.960789 0.0764169 0.939181 0.0580522 0.936466 0.0570413 0.958074
0 0.806416 0.410764 0.810943 0.388915 0.802309 0.383261 0.797782 0.40511
0 0.791428 0.440748 0.796756 0.417948 0.782832 0.407663 0.777504 0.430464
0 0.373078 0.760933 0.375037 0.741868 0.363092 0.737989 0.361133 0.757054
0 0.335172 0.862041 0.345972 0.838992 0.335815 0.823949 0.325014 0.846999
0 0.336963 0.76628 0.338866 0.747866 0.328434 0.744458 0.326531 0.762872
0 0.343263 0.996628 0.351133 0.955259 0.338464 0.947641 0.330594 0.98901
0 0.77305 0.50926 0.78039 0.432955 0.756553 0.425707 0.749213 0.502013
0 0.397573 0.584953 0.40121 0.562045 0.390303 0.556571 0.386665 0.579478
0 0.999579 0.440293 1.00138 0.405809 0.985159 0.403129 0.983357 0.437613
0 0.243698 1.00146 0.249592 0.965221 0.236692 0.95859 0.230798 0.99483
0 0.982468 0.239257 0.984973 0.213997 0.965398 0.207864 0.962894 0.233123
0 0.273686 0.840671 0.275685 0.820584 0.262569 0.816459 0.26057 0.836547
0 0.568606 0.858413 0.578344 0.823026 0.56577 0.81209 0.556032 0.847478
0 0.424447 0.700467 0.425967 0.68192 0.41582 0.679292 0.4143 0.69784
0 0.798122 0.461239 0.799983 0.435622 0.78612 0.43244 0.784259 0.458057
0 0.0306029 0.966921 0.0351568 0.919578 0.0108987 0.912203 0.00634479 0.959546
0 0.89663 0.429819 0.898393 0.41176 0.886887 0.40821 0.885124 0.426269
0 0.967549 0.220961 0.972215 0.198232 0.959478 0.189968 0.954812 0.212698
0 0.130273 0.759967 0.139697 0.73216 0.126741 0.718282 0.117316 0.746088
0 0.386118 0.876018 0.396073 0.856631 0.381179 0.83246 0.371224 0.851848
0 0.68206 0.649052 0.684731 0.627053 0.671806 0.622093 0.669134 0.644092
0 0.257628 0.809233 0.260459 0.791165 0.247131 0.784565 0.2443 0.802633
0 0.25966 0.871171 0.261606 0.850111 0.248186 0.846193 0.24624 0.867253
0 0.31605 0.839624 0.316687 0.818608 0.302073 0.817208 0.301436 0.838223
0 0.912984 0.531099 0.918957 0.513297 0.908442 0.502148 0.90247 0.519949
0 0.729798 0.642355 0.731993 0.620996 0.720355 0.617215 0.718159 0.638574
0 0.682067 0.848962 0.684375 0.803498 0.653527 0.798548 0.651218 0.844012
0 0.711733 0.669129 0.717887 0.651383 0.709582 0.642279 0.703427 0.660025
0 0.709103 0.726526 0.718109 0.703948 0.709285 0.692825 0.700279 0.715402
0 0.717379 0.585635 0.719171 0.560578 0.707214 0.557876 0.705423 0.582933
0 0.662665 0.624515 0.667886 0.607586 0.658859 0.598786 0.653637 0.615714
0 0.696392 0.649482 0.699412 0.624644 0.687788 0.620177 0.684768 0.645015
0 0.645065 0.654708 0.648613 0.613361 0.627254 0.607567 0.623705 0.648914
0 0.266397 0.751953 0.271078 0.736416 0.261714 0.727499 0.257033 0.743036
0 1.00304 0.462746 1.00279 0.415436 0.988299 0.415671 0.988542 0.462981
0 0.88241 0.563553 0.887528 0.547067 0.87636 0.536109 0.871242 0.552595
0 0.308085 0.878725 0.314051 0.851047 0.301574 0.842548 0.295608 0.870226
0 0.225189 0.862923 0.230437 0.839677 0.216141 0.829476 0.210893 0.852722
0 0.416705 0.665451 0.419349 0.647414 0.40881 0.642532 0.406166 0.660569
0 0.415441 0.711291 0.419298 0.694936 0.409119 0.687349 0.405262 0.703705
0 0.824886 0.499878 0.829034 0.480393 0.819517 0.473989 0.815369 0.493474
0 0.0102773 0.980509 0.0133357 0.946559 0.000984041 0.943042 -0.00207429 0.976992
0 0.865509 0.71944 0.871596 0.695555 0.859859 0.686101 0.853772 0.709985
0 0.0997768 0.892128 0.121646 0.855416 0.112692 0.838558 0.0908224 0.87527
0 0.351033 0.774624 0.353935 0.745052 0.33765 0.739999 0.334747 0.769571
0 0.612916 0.848336 0.621887 0.824542 0.612193 0.812991 0.603222 0.836784
0 0.312883 0.865331 0.317067 0.84077 0.304899 0.834219 0.300715 0.858779
0 0.333129 0.859455 0.353763 0.829811 0.343906 0.808125 0.323271 0.837769
0 0.184011 0.781487 0.185311 0.756318 0.170833 0.753954 0.169533 0.779124
0 0.398646 0.666046 0.399548 0.644941 0.384579 0.64292 0.383677 0.664025
0 0.565632 0.754095 0.570846 0.73671 0.563265 0.729525 0.558052 0.74691
0 0.807375 0.61282 0.815722 0.585606 0.789472 0.560162 0.781125 0.587376
0 0.812139 0.500039 0.822095 0.469382 0.808847 0.455785 0.798892 0.486442
0 0.299083 0.75187 0.301453 0.728664 0.29001 0.72497 0.287639 0.748176
0 0.961606 0.252888 0.964711 0.233697 0.953467 0.227948 0.950362 0.247139
0 0.273193 0.872539 0.274562 0.8513 0.262862 0.848917 0.261493 0.870156
0 0.17894 0.976837 0.180992 0.946371 0.164988 0.942963 0.162935 0.97343
0 0.293142 0.757596 0.300008 0.735872 0.290205 0.72608 0.283339 0.747803
0 0.413173 0.807695 0.419074 0.790019 0.408984 0.779373 0.403083 0.797049
0 0.346412 0.743799 0.347399 0.722029 0.334676 0.720206 0.333689 0.741976
0 0.127536 0.839266 0.128527 0.818999 0.113579 0.816688 0.112587 0.836955
0 0.998394 0.669347 1.00123 0.642962 0.986803 0.638071 0.983972 0.664455
0 0.924451 0.422664 0.925814 0.397546 0.910131 0.394855 0.908768 0.419973
0 0.877789 0.379566 0.880981 0.356624 0.867572 0.350729 0.86438 0.37367
0 0.87902 0.556499 0.881058 0.536271 0.867569 0.531976 0.865531 0.552204
0 0.9631 0.714478 0.972002 0.701411 0.957133 0.669398 0.948232 0.682465
0 0.844523 0.720497 0.851539 0.695948 0.831689 0.678018 0.824673 0.702567
0 0.413999 0.741965 0.415635 0.72113 0.402357 0.717835 0.400721 0.73867
0 0.319602 0.892444 0.327852 0.868071 0.315096 0.854425 0.306846 0.878799
0 0.805922 0.572389 0.820233 0.544883 0.811673 0.530807 0.797362 0.558313
0 0.990531 0.406256 0.99284 0.386928 0.977512 0.38114 0.975203 0.400468
0 1.00067 0.279223 1.00154 0.256113 0.989576 0.254685 0.988703 0.277796
0 0.762313 0.593804 0.767103 0.572305 0.754782 0.56363 0.749993 0.585129
0 0.244443 0.834891 0.247146 0.801547 0.225848 0.796091 0.223145 0.829436
0 0.15433 0.757978 0.167601 0.732823 0.157575 0.716106 0.144304 0.741261
0 0.812962 0.597232 0.819022 0.570614 0.805591 0.560949 0.79953 0.587567
0 0.748602 0.745215 0.751289 0.714114 0.737136 0.71025 0.734449 0.741351
0 0.574169 0.768966 0.579866 0.746878 0.570045 0.738871 0.564348 0.760959
0 0.522118 0.762932 0.525795 0.740936 0.516817 0.736192 0.51314 0.758188
0 0.666466 0.725001 0.673373 0.710014 0.665625 0.698728 0.658718 0.713715
0 0.995388 0.708121 0.996062 0.686436 0.977477 0.684609 0.976802 0.706293
0 0.0890278 0.896113 0.101293 0.872237 0.0922794 0.857604 0.0800145 0.88148
0 0.737177 0.719667 0.739595 0.697127 0.724697 0.692077 0.72228 0.714617
0 0.351187 0.783658 0.354157 0.75776 0.340675 0.752873 0.337704 0.778771
0 0.918598 0.39986 0.922982 0.37797 0.910582 0.37012 0.906197 0.39201
0 0.493168 0.742851 0.496856 0.697252 0.47241 0.691005 0.468723 0.736604
0 0.736806 0.767156 0.739131 0.742898 0.726662 0.739121 0.724337 0.763379
0 0.646251 0.719596 0.65317 0.70052 0.644838 0.690969 0.637919 0.710045
0 0.175442 0.825785 0.177529 0.802054 0.161386 0.797567 0.159299 0.821298
0 0.834114 0.553777 0.840685 0.53039 0.830736 0.521554 0.824164 0.544941
0 0.381529 0.942178 0.382291 0.915223 0.363436 0.913538 0.362674 0.940493
0 0.72533 0.445675 0.726781 0.420507 0.71347 0.418081 0.712019 0.44325
0 0.536478 0.631217 0.547077 0.605052 0.538194 0.59368 0.527595 0.619845
0 0.998549 0.744136 1.00217 0.722018 0.987415 0.714389 0.983796 0.736508
0 0.795718 0.704526 0.800066 0.680562 0.787771 0.673512 0.783423 0.697477
0 0.717118 0.774972 0.7228 0.740134 0.709013 0.733026 0.703331 0.767865
0 0.00804384 0.900817 0.0326264 0.873162 0.0232869 0.846924 -0.00129569 0.874579
0 0.141567 0.761262 0.14848 0.739025 0.13894 0.729652 0.132027 0.751888
0 0.592333 0.797457 0.596623 0.77844 0.587072 0.771632 0.582783 0.79065
0 0.957114 0.475047 0.958303 0.456679 0.948569 0.454687 0.94738 0.473055
0 0.939788 0.632161 0.942983 0.609297 0.930283 0.603688 0.927087 0.626551
0 0.659649 0.616808 0.66385 0.596963 0.654236 0.590531 0.650035 0.610376
0 0.587226 0.715901 0.594192 0.695895 0.585578 0.686415 0.578612 0.706422
0 0.935453 0.451171 0.937362 0.433663 0.927107 0.430129 0.925198 0.447637
0 1.00027 0.411029 1.00205 0.389528 0.989071 0.386134 0.987293 0.407635
0 0.655731 0.654027 0.663609 0.622621 0.652788 0.614044 0.644911 0.64545
0 0.833867 0.658285 0.856036 0.62171 0.842141 0.595093 0.819973 0.631668
0 0.838834 0.450651 0.843062 0.421335 0.829171 0.415004 0.824943 0.444319
0 0.583836 0.746067 0.595329 0.725202 0.58735 0.711311 0.575857 0.732176
0 0.612382 0.865633 0.618019 0.842313 0.606869 0.833795 0.601232 0.857115
0 1.00137 0.347617 1.00274 0.315881 0.989668 0.314085 0.988289 0.345821
