0 0.995156 0.975256 1.01021 0.856057 0.810731 0.77645 0.79568 0.895648
0 0.453841 0.817364 0.458002 0.788875 0.44049 0.780793 0.43633 0.809281
0 0.408144 0.878621 0.404096 0.840256 0.380575 0.8481 0.384623 0.886465
0 0.42369 0.744221 0.427037 0.718697 0.414645 0.713561 0.411298 0.739085
0 0.45979 0.76643 0.460738 0.74469 0.447358 0.742845 0.44641 0.764585
0 0.411192 0.984207 0.410169 0.94 0.384882 0.94185 0.385905 0.986057
0 0.68829 0.829708 0.696323 0.773478 0.647473 0.75142 0.639439 0.80765
0 0.431008 0.791123 0.427287 0.756851 0.400288 0.766115 0.404009 0.800388
0 0.530161 0.826561 0.542013 0.798766 0.524231 0.774802 0.512379 0.802597
0 0.533972 0.935728 0.540394 0.907509 0.522631 0.894732 0.516209 0.92295
0 0.500164 0.88757 0.504651 0.863968 0.491944 0.856333 0.487457 0.879935
0 0.440683 0.830839 0.444477 0.799075 0.423771 0.791259 0.419977 0.823022
0 0.447892 0.745911 0.449826 0.729191 0.438786 0.725156 0.436853 0.741876
0 0.673566 0.75194 0.674758 0.726212 0.658018 0.723761 0.656826 0.749488
0 0.573326 0.763083 0.574972 0.73951 0.558943 0.735973 0.557297 0.759546
0 0.189135 0.036868 0.199408 0.00680328 0.177129 -0.0172581 0.166856 0.0128066
0 0.546043 0.855949 0.557419 0.835856 0.541981 0.808233 0.530605 0.828326
0 0.841237 0.705446 0.843424 0.678753 0.824897 0.673957 0.822711 0.70065
0 0.404974 0.782698 0.419789 0.738453 0.405176 0.722987 0.39036 0.767232
0 0.4365 0.754492 0.441058 0.735062 0.42779 0.725224 0.423232 0.744655
0 0.551378 0.784297 0.552857 0.762863 0.539896 0.760037 0.538418 0.781471
0 0.459136 0.640214 0.460858 0.617362 0.447029 0.614069 0.445307 0.63692
0 0.486036 0.751091 0.491851 0.728306 0.474179 0.714052 0.468364 0.736836
0 0.343154 0.892508 0.37338 0.804823 0.343953 0.772765 0.313727 0.860449
0 0.412633 0.521825 0.422947 0.463491 0.408119 0.455205 0.397804 0.513539
0 0.373211 0.758925 0.373526 0.704778 0.342353 0.704204 0.342037 0.758352
0 0.827155 0.562131 0.82971 0.541133 0.814916 0.535441 0.81236 0.55644
0 0.384703 0.906895 0.393148 0.887923 0.377372 0.865728 0.368927 0.884699
0 0.278208 1.02457 0.314463 0.950311 0.259586 0.865631 0.223331 0.939888
0 0.578872 0.91823 0.581491 0.880221 0.562456 0.876076 0.559837 0.914085
0 0.0605049 0.560008 0.0799019 0.542946 0.045264 0.418489 0.025867 0.43555
0 0.51423 0.865223 0.51559 0.828292 0.492818 0.82564 0.491458 0.862571
0 0.608925 0.92822 0.608708 0.906001 0.592368 0.906505 0.592586 0.928725
0 0.407823 0.618501 0.419929 0.553612 0.391273 0.536717 0.379168 0.601606
0 0.598739 0.652424 0.602313 0.624465 0.587938 0.618658 0.584365 0.646618
0 0.466436 0.712696 0.469239 0.689539 0.458166 0.685303 0.455363 0.70846
0 0.546863 0.806115 0.549443 0.788818 0.538766 0.783784 0.536186 0.801082
0 0.412736 0.689388 0.41401 0.655763 0.395587 0.653556 0.394313 0.687181
0 0.594497 0.841022 0.601131 0.819004 0.591255 0.809601 0.584621 0.831619
0 0.537108 0.910036 0.543898 0.890648 0.530138 0.875417 0.523348 0.894805
0 0.423783 0.76306 0.426602 0.744169 0.415838 0.739092 0.413019 0.757983
0 0.474404 0.884313 0.47686 0.86657 0.463316 0.860643 0.460859 0.878386
0 0.669077 0.864462 0.674916 0.812876 0.64 0.800386 0.634161 0.851972
0 0.732567 0.800819 0.738128 0.774578 0.727752 0.767628 0.722191 0.793869
0 0.566 0.939265 0.573833 0.92127 0.56136 0.904111 0.553527 0.922106
0 0.663869 0.764453 0.665347 0.749296 0.650781 0.744805 0.649303 0.759962
0 0.609527 0.864713 0.621892 0.831246 0.607021 0.813881 0.594656 0.847348
0 0.443686 0.726447 0.446917 0.703165 0.4368 0.698728 0.433569 0.722009
0 0.602971 0.813936 0.60548 0.790828 0.593395 0.786681 0.590886 0.809789
0 0.382528 0.834334 0.392463 0.805283 0.373453 0.784734 0.363517 0.813785
0 0.407869 0.851976 0.408911 0.826001 0.389929 0.823595 0.388887 0.84957
0 0.0200616 0.719489 0.0261182 0.662168 -0.00294587 0.652462 -0.00900249 0.709783
0 0.645629 0.762189 0.65085 0.747218 0.639577 0.734792 0.634356 0.749763
0 0.514006 0.888779 0.517858 0.867326 0.503417 0.85913 0.499565 0.880583
0 0.482833 0.883551 0.490772 0.865599 0.479591 0.84997 0.471652 0.867922
0 0.463449 0.896184 0.464901 0.874686 0.450437 0.8716 0.448986 0.893099
0 0.80281 0.587915 0.804939 0.562773 0.790871 0.559009 0.788742 0.58415
0 0.414277 0.815996 0.41476 0.792159 0.39955 0.791185 0.399067 0.815022
0 0.406502 0.735749 0.412752 0.713174 0.395638 0.698198 0.389387 0.720772
0 0.99139 0.681715 0.995795 0.644527 0.978236 0.637954 0.973831 0.675141
0 0.743148 0.792132 0.74772 0.771658 0.735505 0.763037 0.730933 0.783511
0 0.45435 0.788126 0.456403 0.767734 0.442415 0.763282 0.440361 0.783675
0 0.449512 0.901355 0.449173 0.879998 0.429927 0.880965 0.430266 0.902321
0 0.490898 0.943178 0.49448 0.917456 0.477414 0.909945 0.473832 0.935667
0 0.259605 0.792859 0.26031 0.751802 0.234912 0.750423 0.234207 0.79148
0 0.301088 0.814596 0.309886 0.791883 0.28231 0.758128 0.273513 0.780841
0 0.422012 0.71728 0.424073 0.696821 0.413053 0.693311 0.410991 0.713771
0 0.759321 0.775045 0.765339 0.754441 0.755331 0.745203 0.749313 0.765807
0 0.784286 0.798899 0.7908 0.769958 0.767261 0.753212 0.760746 0.782153
0 0.460563 0.938608 0.462842 0.918563 0.450736 0.914212 0.448457 0.934257
0 0.423542 0.840766 0.427567 0.814048 0.410992 0.806155 0.406967 0.832874
0 0.576829 0.741665 0.578961 0.724555 0.564734 0.71895 0.562601 0.73606
0 0.746531 0.772359 0.752697 0.75233 0.74327 0.743157 0.737103 0.763186
0 0.544407 0.76147 0.54843 0.744758 0.537362 0.736338 0.533339 0.75305
0 0.329519 0.740629 0.341629 0.708775 0.326823 0.690987 0.314714 0.722841
0 0.168357 0.101322 0.185427 0.086269 0.164264 0.0104254 0.147195 0.0254784
0 0.688977 0.763117 0.690468 0.745156 0.673629 0.740739 0.672139 0.7587
0 0.336853 0.760418 0.341018 0.732041 0.325276 0.724739 0.321111 0.753116
0 0.51472 0.938956 0.522235 0.919963 0.51076 0.905613 0.503245 0.924606
0 0.672203 0.727008 0.672165 0.694303 0.657364 0.694358 0.657402 0.727062
0 0.446066 0.764601 0.448304 0.745997 0.437943 0.742059 0.435706 0.760662
0 0.469331 0.789967 0.473222 0.767935 0.458698 0.759827 0.454807 0.781859
0 0.582003 0.874947 0.590606 0.839779 0.577363 0.829541 0.568761 0.86471
0 0.713621 0.783471 0.715011 0.759478 0.703145 0.757307 0.701756 0.781299
0 0.484371 0.859169 0.486927 0.837627 0.473671 0.832656 0.471115 0.854198
0 0.547984 0.892576 0.556007 0.860472 0.544006 0.850994 0.535983 0.883098
0 0.711618 0.776455 0.714234 0.750087 0.701892 0.746217 0.699275 0.772585
0 0.49674 0.814425 0.500176 0.785497 0.488563 0.781138 0.485128 0.810066
0 0.773842 0.616903 0.773786 0.593584 0.756791 0.593715 0.756848 0.617034
0 0.589276 0.807741 0.597274 0.787038 0.586419 0.773785 0.578421 0.794487
0 0.054527 0.690213 0.0562945 0.661874 0.0414428 0.658946 0.0396753 0.687286
0 0.459024 0.738557 0.461748 0.716212 0.449109 0.711342 0.446384 0.733686
0 0.644414 0.741998 0.647534 0.722401 0.638744 0.717978 0.635623 0.737574
0 0.851255 0.679447 0.853343 0.661105 0.84134 0.656786 0.839252 0.675129
0 0.512363 0.959314 0.517202 0.934806 0.497974 0.922807 0.493135 0.947315
0 0.588171 0.708696 0.591403 0.691601 0.580336 0.684987 0.577103 0.702081
0 0.761243 0.685387 0.765439 0.661966 0.748732 0.652507 0.744536 0.675928
0 0.438714 0.683602 0.440108 0.663452 0.427945 0.660794 0.426551 0.680944
0 0.20721 1.00538 0.239401 1.00124 0.232185 0.823804 0.199994 0.827942
0 0.572843 0.877567 0.57299 0.833671 0.554012 0.833469 0.553865 0.877365
0 0.119007 0.326562 0.116708 0.277811 0.0983369 0.280549 0.100636 0.329301
0 0.468376 0.621922 0.469639 0.601568 0.457758 0.599239 0.456496 0.619593
0 0.541666 0.666782 0.547127 0.64149 0.532847 0.631745 0.527386 0.657037
0 0.160749 0.713826 0.152846 0.6422 0.0941786 0.662656 0.102081 0.734282
0 0.731459 0.75144 0.733843 0.72339 0.721559 0.72009 0.719175 0.74814
0 0.311566 0.865431 0.326823 0.853427 0.314119 0.802399 0.298862 0.814404
0 0.0383496 0.856393 0.126779 0.791674 0.10363 0.691708 0.0152006 0.756427
0 0.0103704 0.627665 0.0239046 0.610403 0.016877 0.592989 0.00334281 0.610251
0 0.460067 0.92297 0.467033 0.897368 0.455034 0.88705 0.448068 0.912652
0 0.601694 0.753107 0.606049 0.731234 0.593375 0.723258 0.58902 0.745131
0 0.764056 0.706197 0.775715 0.684412 0.768065 0.671473 0.756406 0.693258
0 0.815901 0.544645 0.821528 0.526094 0.811805 0.516774 0.806178 0.535325
0 0.555894 0.722926 0.559345 0.698957 0.548211 0.69389 0.54476 0.717858
0 0.634063 0.769016 0.637739 0.743875 0.6262 0.738543 0.622524 0.763684
0 0.499392 0.710185 0.498988 0.684153 0.484334 0.684872 0.484738 0.710904
0 0.317793 0.77724 0.322499 0.749559 0.304851 0.740076 0.300144 0.767757
0 0.714783 0.810308 0.723578 0.788793 0.714115 0.776568 0.70532 0.798082
0 0.531341 0.879158 0.546104 0.852322 0.5352 0.833366 0.520438 0.860202
0 0.878499 0.563375 0.879762 0.538281 0.868462 0.536484 0.8672 0.561578
0 0.786895 0.582466 0.792625 0.558813 0.784822 0.552839 0.779092 0.576492
0 0.561613 0.793715 0.562846 0.773257 0.552296 0.771249 0.551063 0.791707
0 0.530531 1.00536 0.534754 0.964727 0.507235 0.955689 0.503012 0.996324
0 0.744648 0.741061 0.746343 0.719727 0.734565 0.716769 0.73287 0.738103
0 1.00081 0.362781 1.00162 0.315805 0.988419 0.315083 0.987606 0.362059
0 0.698618 0.760922 0.703208 0.739967 0.693546 0.733279 0.688957 0.754234
0 0.421823 0.813908 0.422644 0.792037 0.407187 0.790205 0.406367 0.812076
0 0.542537 0.799878 0.547834 0.783954 0.536019 0.771532 0.530722 0.787456
0 0.569712 0.722136 0.571088 0.702114 0.556695 0.698987 0.555318 0.719009
0 0.585708 0.756805 0.592536 0.740635 0.583535 0.728621 0.576706 0.74479
0 0.473679 0.83335 0.476404 0.813874 0.465992 0.809271 0.463267 0.828747
0 0.388443 0.785688 0.390546 0.761592 0.373604 0.75692 0.371501 0.781015
0 0.469944 0.753745 0.470848 0.73882 0.460126 0.736767 0.459221 0.751693
0 0.839468 0.737308 0.850836 0.704795 0.839619 0.692399 0.82825 0.724911
0 0.637431 0.726173 0.640146 0.706536 0.629154 0.701734 0.62644 0.721371
0 0.831744 0.731183 0.835131 0.706639 0.823274 0.701467 0.819887 0.72601
0 0.638547 0.807685 0.639405 0.788559 0.627652 0.786892 0.626794 0.806018
0 0.77363 0.674631 0.781038 0.649426 0.763186 0.632843 0.755778 0.658049
0 0.48854 0.902594 0.493184 0.884792 0.481043 0.874783 0.476399 0.892585
0 0.44808 0.651112 0.450252 0.627013 0.436435 0.623079 0.434264 0.647177
0 0.778169 0.63547 0.780471 0.611809 0.767399 0.60779 0.765098 0.631451
0 0.869548 0.547081 0.875659 0.519518 0.866509 0.513106 0.860397 0.540669
0 0.465526 0.673891 0.47305 0.643707 0.461357 0.634494 0.453832 0.664679
0 0.282699 0.820926 0.293256 0.789701 0.269216 0.764014 0.258659 0.795239
0 0.522358 0.884068 0.527044 0.865656 0.516305 0.857017 0.511619 0.875429
0 0.655839 0.745787 0.658532 0.72678 0.649222 0.722611 0.646529 0.741618
0 0.615751 0.77236 0.617354 0.747568 0.605115 0.745067 0.603512 0.769859
0 0.432523 0.730747 0.43503 0.709407 0.424135 0.705361 0.421628 0.726701
0 0.504223 0.935647 0.506867 0.910803 0.490652 0.90535 0.488009 0.930195
0 0.13605 0.104941 0.148645 0.0923601 0.131939 0.0395038 0.119345 0.0520847
0 0.190551 0.119546 0.216316 0.0827551 0.186327 0.0163787 0.160562 0.0531697
