0 0.333389 0.589764 0.335408 0.539219 0.307346 0.535677 0.305327 0.586222
0 0.29568 0.984546 0.290422 0.873726 0.221135 0.884115 0.226393 0.994934
0 0.985644 1.07978 1.02295 0.856586 0.79237 0.734783 0.755066 0.957976
0 0.312323 0.913747 0.31354 0.87483 0.292078 0.872709 0.290861 0.911627
0 0.44685 0.957181 0.447713 0.894245 0.411215 0.892663 0.410352 0.955599
0 0.222034 0.78764 0.243211 0.759634 0.232153 0.733205 0.210975 0.761211
0 0.227674 0.962174 0.226691 0.92166 0.201872 0.923563 0.202855 0.964077
0 0.230948 0.926565 0.234125 0.852677 0.203412 0.848503 0.200235 0.922392
0 0.371745 0.986485 0.388932 0.893839 0.341506 0.866033 0.324319 0.958679
0 0.378422 0.994435 0.421337 0.978702 0.405727 0.844127 0.362812 0.85986
0 0.883585 0.680345 0.881531 0.630901 0.85173 0.634814 0.853785 0.684259
0 0.53755 0.972637 0.542063 0.911214 0.517422 0.905492 0.512909 0.966915
0 0.375129 1.00807 0.384464 0.972698 0.368803 0.959636 0.359467 0.995012
0 0.769535 1.03269 0.821465 0.954902 0.741814 0.786855 0.689884 0.864648
0 0.549461 1.01346 0.554115 0.980039 0.513199 0.962035 0.508545 0.995461
0 0.274538 1.01604 0.302527 0.974945 0.288147 0.943994 0.260158 0.985094
0 0.180368 0.986045 0.212611 0.926773 0.194562 0.895741 0.162319 0.955013
0 0.703037 0.515489 0.700328 0.473784 0.66813 0.480395 0.67084 0.5221
0 0.642647 0.680527 0.649421 0.659514 0.635478 0.64531 0.628705 0.666323
0 0.52365 0.375795 0.525337 0.319634 0.494536 0.316709 0.492848 0.372871
0 0.401911 0.805018 0.403553 0.77737 0.387176 0.774296 0.385534 0.801944
0 0.18182 0.891653 0.211452 0.867011 0.204749 0.841538 0.175117 0.86618
0 0.743314 0.614311 0.745069 0.563142 0.715642 0.559952 0.713887 0.611121
0 0.291924 0.858085 0.305135 0.82317 0.292068 0.807545 0.278858 0.84246
0 0.512071 1.00759 0.512283 0.946989 0.474204 0.946568 0.473992 1.00716
0 0.434083 0.899261 0.436093 0.870376 0.421246 0.867112 0.419237 0.895997
0 0.654499 0.704049 0.661044 0.682981 0.643777 0.666025 0.637231 0.687094
0 0.36353 0.856629 0.372838 0.816822 0.35405 0.802938 0.344742 0.842745
0 0.297331 0.704434 0.32133 0.692279 0.317406 0.667793 0.293407 0.679948
0 0.324397 0.910189 0.328646 0.880238 0.310629 0.87216 0.30638 0.902111
0 0.337383 0.995115 0.345347 0.955499 0.330438 0.946026 0.322474 0.985643
0 0.19887 0.830756 0.226112 0.797849 0.213139 0.763908 0.185898 0.796815
0 0.42633 1.00771 0.441431 0.957629 0.423252 0.940304 0.408151 0.990387
0 0.303502 0.885732 0.294192 0.838941 0.257079 0.862281 0.266389 0.909072
0 0.353126 1.01058 0.365711 0.985372 0.353323 0.965829 0.340738 0.991041
0 0.327546 0.721905 0.33201 0.69974 0.316605 0.689934 0.312141 0.712099
0 0.0532636 0.481299 0.0663452 0.411319 0.0104305 0.378284 -0.00265115 0.448265
0 0.312618 0.873508 0.322984 0.835693 0.305405 0.820464 0.295039 0.858279
0 0.523974 0.91542 0.526142 0.887948 0.510499 0.884047 0.508331 0.911518
0 0.697185 0.631945 0.703084 0.597583 0.688747 0.589803 0.682847 0.624166
0 0.515962 0.963564 0.521879 0.914755 0.499025 0.905997 0.493107 0.954807
0 0.441247 0.882826 0.445679 0.856497 0.430512 0.848427 0.426079 0.874756
0 0.323256 0.744245 0.327731 0.72179 0.310499 0.710935 0.306023 0.733389
0 0.478288 0.942038 0.494024 0.907821 0.46944 0.872089 0.453704 0.906305
0 0.318028 0.930649 0.323228 0.906253 0.312339 0.898917 0.307139 0.923313
0 0.278535 0.810905 0.281558 0.785806 0.267773 0.780559 0.26475 0.805657
0 0.282018 0.841659 0.288671 0.817191 0.278043 0.808059 0.271391 0.832527
0 0.434125 0.845628 0.435529 0.816664 0.419403 0.814193 0.417998 0.843158
0 0.454981 0.863608 0.455761 0.822362 0.4357 0.821164 0.43492 0.86241
0 0.666216 0.681114 0.670751 0.646304 0.656188 0.640307 0.651652 0.675116
0 0.375204 0.878868 0.387765 0.836906 0.371337 0.821364 0.358776 0.863326
0 0.288544 0.688583 0.300589 0.65729 0.289987 0.644392 0.277942 0.675685
0 0.451216 0.978365 0.464381 0.950819 0.452094 0.932261 0.43893 0.959807
0 0.450461 0.555062 0.453509 0.517607 0.431283 0.511889 0.428234 0.549344
0 0.403089 1.01356 0.418573 0.994637 0.410128 0.972796 0.394644 0.991719
0 0.399378 0.830519 0.402553 0.804868 0.388757 0.799472 0.385582 0.825122
0 0.475296 0.973681 0.494811 0.94584 0.481973 0.9174 0.462458 0.945241
0 0.502407 0.933096 0.504918 0.87247 0.482402 0.869522 0.479891 0.930147
0 0.664748 0.746052 0.677716 0.723783 0.658892 0.689135 0.645923 0.711404
0 0.633499 0.686136 0.637267 0.654519 0.620852 0.648337 0.617084 0.679954
0 0.688424 0.680585 0.68599 0.634695 0.668429 0.637639 0.670863 0.683529
0 0.177511 0.939291 0.201096 0.898245 0.182002 0.863571 0.158417 0.904617
0 0.422137 0.886955 0.431764 0.85991 0.420197 0.846899 0.410571 0.873944
0 0.309713 0.764149 0.311721 0.741029 0.298684 0.737451 0.296676 0.760571
0 0.476083 0.877816 0.480818 0.857502 0.465241 0.846026 0.460505 0.86634
0 0.706529 0.576493 0.715184 0.557236 0.701122 0.53726 0.692467 0.556516
0 0.565128 1.00056 0.5682 0.968976 0.549369 0.963187 0.546296 0.994775
0 0.320738 0.786911 0.324447 0.765347 0.309343 0.757136 0.305634 0.778701
0 0.438361 0.78901 0.440063 0.76592 0.422277 0.761775 0.420574 0.784864
0 0.550759 0.985761 0.555549 0.952704 0.541009 0.946045 0.536219 0.979101
0 0.444863 1.00225 0.450502 0.971049 0.438746 0.964334 0.433108 0.995531
0 0.658548 0.627987 0.65904 0.609132 0.644322 0.607918 0.64383 0.626773
0 0.626456 0.850477 0.632974 0.825754 0.616103 0.811696 0.609585 0.83642
0 0.630154 0.782457 0.639852 0.759025 0.619567 0.732493 0.60987 0.755925
0 0.10918 1.01001 0.119427 0.976465 0.104038 0.961607 0.0937904 0.995154
0 0.570553 0.975712 0.575645 0.941939 0.550598 0.930003 0.545506 0.963776
0 0.220753 0.993855 0.241093 0.957602 0.228195 0.93473 0.207854 0.970984
0 0.202879 1.01239 0.216805 0.980714 0.20523 0.964634 0.191305 0.996315
0 0.335447 0.847679 0.3384 0.815858 0.321739 0.81097 0.318786 0.842791
0 0.163936 0.41672 0.166324 0.376426 0.143236 0.372102 0.140848 0.412396
0 0.142374 1.01375 0.179685 0.992082 0.171924 0.949857 0.134613 0.971528
0 0.46317 0.950452 0.470622 0.912401 0.455032 0.902752 0.44758 0.940803
0 0.552337 0.852486 0.553947 0.828336 0.539854 0.825368 0.538244 0.849518
0 0.386831 0.703082 0.39425 0.677992 0.382261 0.666786 0.374841 0.691876
0 0.064716 0.344513 0.082808 0.324539 0.0676082 0.281027 0.0495162 0.301002
0 0.227547 0.863766 0.242328 0.819588 0.224412 0.800645 0.209632 0.844823
0 0.145274 0.780106 0.157011 0.729634 0.134154 0.712836 0.122418 0.763308
0 0.16807 0.963522 0.173566 0.921048 0.15249 0.912428 0.146993 0.954901
0 0.584398 1.00751 0.589222 0.984051 0.569129 0.970995 0.564305 0.994458
0 0.667754 0.760631 0.673711 0.741559 0.662238 0.730233 0.656281 0.749305
0 0.467897 0.888668 0.469578 0.857932 0.451429 0.854794 0.449748 0.88553
0 0.520056 0.870604 0.524974 0.841034 0.510719 0.833541 0.505801 0.863111
0 0.672733 0.810473 0.683458 0.764057 0.667974 0.752749 0.657249 0.799165
0 0.246159 0.840423 0.265677 0.805692 0.251615 0.780716 0.232097 0.815448
0 0.308547 0.671574 0.3113 0.652467 0.297227 0.646059 0.294474 0.665167
0 0.63272 0.877113 0.632218 0.847037 0.613123 0.848043 0.613625 0.878119
0 0.66983 0.694603 0.672185 0.675391 0.662118 0.671491 0.659764 0.690703
0 0.933536 0.717194 0.931302 0.688336 0.902091 0.695481 0.904325 0.724339
0 0.474451 0.840866 0.469734 0.789574 0.446979 0.796188 0.451696 0.84748
0 0.644008 0.636797 0.645769 0.613926 0.633933 0.611046 0.632172 0.633916
0 0.157588 0.880913 0.163219 0.853908 0.153099 0.847238 0.147468 0.874243
0 0.305235 0.806996 0.311592 0.777 0.298459 0.768204 0.292102 0.7982
0 0.649869 0.661314 0.655294 0.636965 0.64285 0.628202 0.637425 0.652552
0 0.60392 0.971041 0.607757 0.918333 0.583799 0.91282 0.579961 0.965528
0 0.714864 0.608938 0.716464 0.5856 0.703791 0.582855 0.702191 0.606193
0 0.175757 0.591229 0.176272 0.571404 0.163923 0.570389 0.163407 0.590214
0 0.99021 0.744367 0.996145 0.707269 0.965837 0.691947 0.959903 0.729045
0 0.370026 0.678492 0.371394 0.649965 0.355909 0.647617 0.354541 0.676145
0 0.189699 0.997542 0.215526 0.964934 0.203959 0.935979 0.178132 0.968587
0 0.68039 0.751924 0.686116 0.724422 0.673306 0.715992 0.66758 0.743494
0 0.0978615 0.997429 0.100954 0.971081 0.087819 0.966209 0.0847266 0.992557
0 0.400206 0.86936 0.408916 0.835942 0.389725 0.820133 0.381015 0.853551
0 0.29012 0.823524 0.295498 0.799245 0.281445 0.789407 0.276067 0.813686
0 0.510495 0.829668 0.51109 0.789717 0.487819 0.788622 0.487224 0.828574
0 0.092163 0.973212 0.10126 0.951604 0.093642 0.941467 0.0845447 0.963074
0 0.214444 0.759621 0.215814 0.737022 0.201788 0.734334 0.200418 0.756933
0 0.451894 0.908844 0.453922 0.884981 0.437029 0.880444 0.435001 0.904307
0 0.536783 0.890022 0.542316 0.866738 0.531391 0.858533 0.525858 0.881816
0 0.109842 0.89563 0.11835 0.877273 0.11056 0.865863 0.102052 0.88422
0 0.245233 0.743714 0.247091 0.723913 0.233954 0.720017 0.232097 0.739818
0 0.416868 0.806274 0.419087 0.784736 0.406801 0.780735 0.404582 0.802272
0 0.387639 0.817105 0.390771 0.793796 0.377325 0.788087 0.374193 0.811395
0 0.40894 0.788501 0.410795 0.769939 0.400119 0.766567 0.398264 0.785129
0 0.32602 0.88393 0.329608 0.863445 0.316127 0.855982 0.312539 0.876467
0 0.548498 0.953823 0.554099 0.928989 0.540657 0.919407 0.535056 0.944241
0 0.472935 0.999461 0.479686 0.965679 0.468616 0.958687 0.461865 0.992469
0 0.336848 0.885963 0.341187 0.861414 0.32973 0.855015 0.325391 0.879563
0 0.649585 0.749439 0.658607 0.692872 0.610626 0.668688 0.601605 0.725255
0 0.583779 0.986072 0.590465 0.955452 0.571849 0.942606 0.565164 0.973226
0 0.505333 0.781185 0.516201 0.755507 0.50633 0.742303 0.495462 0.767981
0 0.667442 0.669363 0.671331 0.638093 0.6545 0.631476 0.650611 0.662746
0 0.298656 0.783828 0.303498 0.760858 0.293898 0.754461 0.289056 0.777431
0 0.32883 0.930641 0.342611 0.903703 0.332855 0.887928 0.319074 0.914865
0 0.380552 0.840728 0.390424 0.817875 0.379455 0.8029 0.369583 0.825754
0 0.690112 0.604175 0.691905 0.579613 0.676911 0.576155 0.675119 0.600717
0 0.512941 0.848407 0.519896 0.806432 0.500861 0.796464 0.493906 0.838438
0 0.39879 0.63286 0.401595 0.600357 0.38401 0.595561 0.381205 0.628064
0 0.635502 0.819894 0.640764 0.797071 0.627141 0.787145 0.621879 0.809968
0 0.36349 0.880572 0.366606 0.855827 0.352737 0.850306 0.349621 0.875051
0 0.371366 0.604014 0.371322 0.575733 0.351126 0.575832 0.35117 0.604113
0 0.0829646 0.966803 0.096346 0.941904 0.0882605 0.92817 0.0748791 0.95307
0 0.33379 0.670929 0.335421 0.643991 0.319316 0.64091 0.317685 0.667848
0 0.0738822 0.31686 0.0943062 0.284088 0.063366 0.223146 0.042942 0.255918
0 1.0019 0.706135 1.00375 0.677704 0.98947 0.674776 0.987625 0.703207
0 0.70431 0.486791 0.70758 0.463518 0.692438 0.456794 0.689168 0.480067
0 0.323894 0.838633 0.32555 0.803978 0.305963 0.801019 0.304307 0.835674
0 0.103385 0.952025 0.109212 0.928752 0.0987015 0.920434 0.0928742 0.943707
0 0.512863 0.801927 0.522719 0.779938 0.513487 0.766859 0.503631 0.788848
0 0.106772 0.929673 0.112773 0.904698 0.103263 0.897476 0.0972619 0.922451
0 0.606407 1.01297 0.612576 0.981369 0.591633 0.968449 0.585464 1.00005
0 0.143288 0.8837 0.147859 0.864392 0.139414 0.858073 0.134843 0.877381
0 0.785801 0.670709 0.788705 0.641998 0.772547 0.636831 0.769642 0.665543
0 0.221605 0.755107 0.224755 0.734559 0.212208 0.728481 0.209058 0.749028
0 0.612288 0.928463 0.604925 0.838986 0.540895 0.855638 0.548258 0.945116
0 0.690868 0.765848 0.696137 0.741001 0.683092 0.732258 0.677823 0.757105
0 0.358724 0.719447 0.360207 0.698845 0.348748 0.696239 0.347266 0.716842
0 0.204714 0.773376 0.205925 0.750093 0.192109 0.747822 0.190898 0.771105
0 0.733748 0.563076 0.735036 0.543971 0.723088 0.541425 0.7218 0.56053
0 0.688597 0.800782 0.700818 0.784667 0.686112 0.749418 0.673891 0.765533
0 0.313058 0.887279 0.315359 0.866273 0.299512 0.860787 0.297211 0.881793
0 0.461553 0.986253 0.472758 0.960706 0.463097 0.947314 0.451892 0.972862
0 0.332832 0.705985 0.340117 0.690499 0.330567 0.676298 0.323281 0.691785
0 0.564634 0.849723 0.565905 0.827016 0.553264 0.824781 0.551994 0.847488
0 0.172662 0.877249 0.175921 0.858331 0.164686 0.852216 0.161428 0.871134
0 0.444697 0.607567 0.46826 0.581383 0.456966 0.54926 0.433403 0.575444
0 0.654684 0.820028 0.66075 0.793253 0.650506 0.785918 0.64444 0.812693
0 0.313624 0.756904 0.316621 0.737326 0.303649 0.731052 0.300653 0.75063
0 0.346653 0.409486 0.348004 0.344972 0.312978 0.342654 0.311627 0.407168
0 0.170152 0.120645 0.185239 0.111926 0.163023 -0.0095726 0.147937 -0.000854371
0 0.445637 0.106089 0.450838 0.0505751 0.431915 0.0449718 0.426714 0.100485
0 0.516592 0.890074 0.52237 0.868201 0.512978 0.86036 0.5072 0.882233
0 0.319487 0.996266 0.332125 0.966735 0.321937 0.952954 0.309299 0.982486
0 0.352781 0.690637 0.356684 0.647125 0.343596 0.643414 0.339693 0.686926
0 0.351579 0.13642 0.355886 0.091351 0.318318 0.0800045 0.314011 0.125073
0 0.658444 0.797233 0.661578 0.771421 0.649833 0.766914 0.646699 0.792726
0 0.492829 0.807884 0.496571 0.761763 0.477884 0.756972 0.474142 0.803093
0 0.387636 0.792561 0.389929 0.770409 0.378697 0.766734 0.376404 0.788886
0 0.449996 0.815163 0.4522 0.791481 0.440505 0.78804 0.4383 0.811722
0 0.358911 0.701373 0.361898 0.681057 0.352503 0.67669 0.349516 0.697007
0 0.0281108 0.993621 0.0484861 0.970874 0.0404253 0.948054 0.0200499 0.970801
0 0.689373 0.780203 0.698807 0.757132 0.684201 0.738256 0.674767 0.761327
0 0.649341 0.5456 0.650947 0.518609 0.63844 0.516257 0.636834 0.543248
0 0.411021 0.368054 0.413083 0.339506 0.383021 0.332646 0.38096 0.361194
0 0.625444 0.342017 0.625678 0.301901 0.602721 0.301477 0.602486 0.341593
0 0.583426 0.84502 0.585014 0.820676 0.570276 0.817639 0.568689 0.841983
0 0.288742 0.801288 0.295702 0.784124 0.28628 0.772047 0.279319 0.789211
0 0.3464 1.00142 0.354124 0.96773 0.342638 0.959408 0.334914 0.9931
0 0.349617 0.58429 0.353307 0.549142 0.33639 0.543528 0.3327 0.578676
0 0.680123 0.491516 0.696962 0.467644 0.686268 0.443805 0.66943 0.467677
0 0.644155 0.836282 0.649953 0.810994 0.639548 0.803454 0.63375 0.828742
0 0.125931 0.900186 0.129222 0.87505 0.118485 0.870606 0.115194 0.895743
0 0.650944 0.772677 0.661114 0.730772 0.635301 0.710973 0.625131 0.752879
0 0.410155 0.589265 0.434476 0.508283 0.408221 0.483361 0.3839 0.564344
0 0.525756 0.819748 0.53608 0.786349 0.523092 0.773661 0.512768 0.807059
0 0.0545478 0.968728 0.0715809 0.944673 0.0642603 0.92829 0.0472272 0.952345
0 0.447286 0.0626494 0.444922 0.0264522 0.422394 0.0311021 0.424758 0.0672994
0 0.264355 0.875912 0.264959 0.853283 0.252284 0.852214 0.25168 0.874843
0 0.652396 0.841121 0.66401 0.818046 0.655521 0.804542 0.643906 0.827617
0 0.147193 0.900264 0.149727 0.882055 0.140019 0.877786 0.137485 0.895994
0 0.759426 0.59329 0.761886 0.558574 0.742207 0.554166 0.739747 0.588883
0 0.598482 1.0022 0.619436 0.975159 0.608655 0.948759 0.5877 0.975804
0 0.976565 0.704071 0.981523 0.68663 0.965277 0.672036 0.960319 0.689476
0 0.239458 0.435392 0.23897 0.415481 0.224218 0.416624 0.224706 0.436535
0 0.405721 0.393696 0.4078 0.364611 0.387281 0.359973 0.385201 0.389059
0 0.906826 0.611314 0.909923 0.587062 0.895902 0.581403 0.892805 0.605655
0 0.748031 0.567711 0.749658 0.544087 0.73513 0.540925 0.733503 0.564549
0 0.712351 0.542497 0.71471 0.521333 0.702302 0.516961 0.699943 0.538126
0 0.664392 0.777293 0.667356 0.754893 0.654533 0.749531 0.65157 0.771931
0 0.971424 0.626139 0.98001 0.593188 0.955746 0.573205 0.94716 0.606157
0 1.00281 0.564581 1.00379 0.542856 0.9892 0.540775 0.988219 0.5625
