0 0.418397 0.583367 0.42144 0.536285 0.393943 0.530667 0.3909 0.57775
0 0.374214 0.96686 0.369991 0.857316 0.304487 0.865296 0.308709 0.974841
0 0.460799 0.977711 0.454045 0.877746 0.404455 0.888335 0.411209 0.988301
0 0.990223 1.0713 1.0238 0.85754 0.806858 0.749827 0.773277 0.96359
0 0.289256 0.88906 0.283585 0.838993 0.250622 0.850794 0.256293 0.900861
0 0.864842 0.680094 0.869118 0.618698 0.833679 0.610896 0.829402 0.672292
0 0.311599 0.935192 0.312845 0.897744 0.288469 0.895182 0.287224 0.93263
0 0.272827 0.95205 0.299373 0.895203 0.280551 0.867424 0.254005 0.924271
0 0.456953 1.01043 0.501295 0.990512 0.483103 0.862488 0.438761 0.882402
0 0.317202 0.902708 0.320741 0.829991 0.291072 0.825427 0.287533 0.898144
0 0.511396 0.921356 0.514769 0.891917 0.498723 0.886106 0.49535 0.915545
0 0.412075 0.996566 0.422212 0.95777 0.408299 0.946281 0.398162 0.985076
0 0.51527 1.00788 0.516961 0.973257 0.491096 0.969263 0.489405 1.00388
0 0.524769 0.983796 0.526451 0.917595 0.489364 0.914616 0.487681 0.980817
0 0.362628 1.00811 0.381172 0.955254 0.358969 0.930634 0.340425 0.983487
0 0.273346 0.859193 0.29768 0.83911 0.290591 0.811963 0.266257 0.832046
0 0.819882 0.554517 0.815916 0.505705 0.775023 0.516206 0.778988 0.565018
0 0.595293 1.0074 0.606689 0.962502 0.58413 0.944405 0.572734 0.989303
0 0.307665 0.971467 0.325632 0.930205 0.310495 0.909374 0.292528 0.950636
0 0.78344 1.04337 0.835286 0.964244 0.754987 0.797964 0.703142 0.877092
0 0.401745 0.903286 0.405005 0.872606 0.390688 0.867799 0.387428 0.898478
0 0.0538659 1.00849 0.056297 0.886194 -0.0102742 0.882012 -0.0127053 1.00431
0 0.0576308 0.797135 0.0564687 0.76296 0.0353031 0.765235 0.0364652 0.79941
0 0.0386366 0.805008 0.036569 0.765693 0.00230477 0.771388 0.00437239 0.810703
0 0.805578 0.690715 0.817336 0.657958 0.802658 0.641308 0.790901 0.674065
0 0.825405 0.62577 0.830333 0.5973 0.813052 0.587848 0.808125 0.616318
0 0.480035 0.816538 0.482597 0.786252 0.466733 0.782011 0.464171 0.812298
0 0.447466 0.853204 0.449689 0.812143 0.429119 0.808623 0.426896 0.849685
0 0.756047 0.76112 0.766032 0.737786 0.747652 0.712927 0.737666 0.736261
0 0.805476 0.64991 0.804089 0.625773 0.782223 0.629746 0.783611 0.653883
0 0.259853 0.535768 0.266447 0.50658 0.245664 0.49174 0.23907 0.520928
0 0.537532 0.562188 0.537872 0.5221 0.514774 0.521481 0.514434 0.56157
0 0.773922 0.736767 0.777829 0.702418 0.756969 0.69492 0.753063 0.729269
0 0.385223 0.769124 0.386931 0.751126 0.375634 0.747736 0.373925 0.765734
0 0.74168 0.73197 0.752773 0.714924 0.739359 0.687332 0.728265 0.704377
0 0.74497 0.678742 0.747408 0.656672 0.735076 0.652367 0.732639 0.674437
0 0.532622 1.00789 0.540554 0.977064 0.526067 0.965283 0.518135 0.996112
0 0.519398 0.80441 0.521727 0.782767 0.503379 0.776527 0.50105 0.798169
0 0.292215 0.806987 0.315313 0.770949 0.299634 0.73919 0.276536 0.775228
0 0.203698 0.966579 0.215991 0.929146 0.20242 0.915061 0.190128 0.952495
0 0.623024 1.00947 0.626985 0.956193 0.601096 0.95011 0.597135 1.00339
0 0.279393 0.965694 0.298601 0.933837 0.28568 0.909213 0.266471 0.94107
0 0.0366051 0.75135 0.0360234 0.726478 0.0180031 0.72781 0.0185847 0.752681
0 0.456444 0.887478 0.464706 0.843815 0.446577 0.832972 0.438314 0.876634
0 0.414514 0.841188 0.418279 0.816769 0.404018 0.80982 0.400253 0.834239
0 0.051549 0.772937 0.0723849 0.73355 0.0563929 0.706813 0.0355569 0.746199
0 0.794755 0.746431 0.798009 0.692292 0.775545 0.688025 0.772291 0.742164
0 0.351366 0.543259 0.352761 0.509002 0.333629 0.50654 0.332234 0.540797
0 0.327455 0.758005 0.326652 0.720965 0.305744 0.722397 0.306546 0.759436
0 0.344693 1.01364 0.349897 0.977871 0.316461 0.962495 0.311257 0.998262
0 0.575117 0.999163 0.572603 0.963829 0.542224 0.970659 0.544737 1.00599
0 0.388799 0.906826 0.395276 0.871613 0.376887 0.860922 0.370409 0.896135
0 0.470915 0.7082 0.475219 0.683532 0.462536 0.676539 0.458232 0.701207
0 0.7327 0.737072 0.738107 0.70539 0.719415 0.695309 0.714009 0.72699
0 0.517973 0.904309 0.524442 0.883014 0.511328 0.870424 0.504859 0.891719
0 0.282481 0.984422 0.301148 0.960618 0.292929 0.940248 0.274262 0.964051
0 0.54338 0.980397 0.548202 0.941703 0.531688 0.935197 0.526865 0.973891
0 0.7608 0.674682 0.762217 0.65493 0.746872 0.65145 0.745455 0.671203
0 0.521427 0.83863 0.523599 0.817181 0.511595 0.81334 0.509424 0.834789
0 0.022008 0.653738 0.0239915 0.597339 -0.0046865 0.594151 -0.00666999 0.65055
0 0.556058 0.979461 0.57478 0.954828 0.553885 0.904636 0.535163 0.929269
0 0.376221 0.846926 0.385788 0.813563 0.372823 0.801814 0.363257 0.835177
0 0.481312 0.837039 0.481959 0.812373 0.466198 0.811066 0.465551 0.835733
0 0.332781 0.724186 0.334145 0.704314 0.322437 0.701775 0.321073 0.721646
0 0.377569 1.01065 0.388756 0.978336 0.37628 0.964686 0.365093 0.996999
0 0.915015 0.752178 0.924616 0.726513 0.906742 0.705381 0.897141 0.731046
0 0.264166 0.968507 0.266698 0.921602 0.239503 0.916961 0.236971 0.963866
0 0.397506 0.862517 0.40382 0.810454 0.382193 0.802165 0.375879 0.854228
0 0.461773 0.847997 0.466389 0.822485 0.452874 0.814757 0.448259 0.840269
0 0.488249 0.801324 0.492995 0.783182 0.482728 0.774692 0.477981 0.792835
0 0.392486 0.755651 0.395484 0.735738 0.382689 0.729651 0.379692 0.749564
0 0.390484 0.697136 0.402811 0.675261 0.392033 0.656065 0.379706 0.67794
0 0.327883 0.820889 0.352737 0.793955 0.342757 0.764852 0.317904 0.791786
0 0.937579 0.75045 0.942656 0.733561 0.930109 0.72164 0.925032 0.73853
0 0.396714 0.926465 0.401046 0.904509 0.389695 0.897431 0.385363 0.919388
0 0.179088 0.98256 0.189448 0.96032 0.179509 0.945688 0.169149 0.967928
0 0.458014 1.00702 0.459015 0.977076 0.439706 0.975036 0.438705 1.00498
0 0.41381 0.65971 0.415689 0.639509 0.40281 0.635723 0.400931 0.655925
0 0.23981 0.747401 0.255155 0.703658 0.23573 0.682122 0.220385 0.725865
0 0.75195 0.802705 0.761294 0.740948 0.707791 0.715363 0.698447 0.77712
0 0.597197 0.785879 0.594936 0.715495 0.569644 0.718064 0.571905 0.788447
0 0.753261 0.586617 0.757855 0.56426 0.74255 0.55432 0.737956 0.576677
0 0.139813 0.924295 0.153152 0.903946 0.14427 0.885545 0.130931 0.905894
0 0.823469 0.525834 0.825525 0.503147 0.807066 0.497862 0.80501 0.520549
0 0.854873 0.614138 0.855997 0.588041 0.842681 0.586229 0.841557 0.612326
0 0.00990207 0.849149 0.014925 0.819241 0.000866151 0.811779 -0.00415677 0.841687
0 0.524899 0.611717 0.55408 0.591723 0.547336 0.560611 0.518154 0.580605
0 0.222686 0.852838 0.224481 0.833452 0.214566 0.830551 0.212771 0.849937
0 0.402589 0.776857 0.404989 0.754641 0.389193 0.749248 0.386793 0.771464
0 0.587396 0.973606 0.580925 0.904699 0.559416 0.911084 0.565887 0.97999
0 0.739989 0.628937 0.754678 0.595808 0.744535 0.581595 0.729846 0.614723
0 0.384108 0.802931 0.393632 0.772839 0.382669 0.761872 0.373145 0.791964
0 0.495207 0.818816 0.496627 0.795681 0.484112 0.793254 0.482692 0.816389
0 0.0909179 0.334731 0.110325 0.318308 0.0982135 0.273076 0.0788064 0.2895
0 0.345347 0.568333 0.349384 0.551985 0.338112 0.543187 0.334075 0.559535
0 0.585319 0.809484 0.600526 0.793481 0.594846 0.776422 0.579639 0.792425
0 0.802053 0.631443 0.801987 0.613667 0.788612 0.613824 0.788678 0.631601
0 0.804405 0.518406 0.804501 0.486145 0.780637 0.485921 0.780541 0.518181
0 0.440775 1.00383 0.440702 0.977675 0.42207 0.977839 0.422143 1.00399
0 0.426541 1.00155 0.430541 0.971835 0.416941 0.966049 0.412941 0.995765
0 0.222754 0.967546 0.224208 0.947805 0.21007 0.944513 0.208616 0.964254
0 0.171503 0.963237 0.174345 0.947332 0.165403 0.942281 0.16256 0.958186
0 0.175077 0.44123 0.181059 0.379604 0.13293 0.364839 0.126948 0.426465
0 0.751039 0.708994 0.757516 0.684136 0.744246 0.673208 0.737769 0.698067
0 0.42233 0.624029 0.435466 0.607041 0.421814 0.573676 0.408677 0.590665
0 0.771255 0.706736 0.772681 0.683724 0.756771 0.680608 0.755345 0.70362
0 0.407242 0.933245 0.419966 0.9025 0.408996 0.888151 0.396272 0.918896
0 0.374493 0.678749 0.384128 0.64607 0.373065 0.635761 0.36343 0.66844
0 0.147161 0.998167 0.156847 0.974331 0.147697 0.962581 0.138012 0.986417
0 0.0742707 1.00594 0.0929387 0.973263 0.0836744 0.956537 0.0650063 0.989216
0 0.775828 0.753356 0.779146 0.733142 0.76524 0.725926 0.761921 0.74614
0 0.934233 0.54142 0.935644 0.517833 0.92296 0.515436 0.921549 0.539022
0 0.315282 0.836192 0.328908 0.792722 0.310937 0.774918 0.297311 0.818387
0 0.379035 0.884967 0.380573 0.845179 0.361297 0.842824 0.359759 0.882613
0 0.0344017 0.148665 0.0599824 0.00497089 -0.00982964 -0.034308 -0.0354103 0.109386
0 0.425317 0.793907 0.427053 0.775191 0.411493 0.770629 0.409757 0.789346
0 0.00662638 0.775049 0.0215981 0.753592 0.0132873 0.735265 -0.00168443 0.756722
0 0.736052 0.704779 0.739191 0.684862 0.724309 0.677448 0.721169 0.697365
0 0.40996 0.716204 0.412838 0.693372 0.399089 0.687895 0.396211 0.710726
0 0.41154 0.808266 0.416671 0.792115 0.401282 0.776663 0.396151 0.792814
0 0.19422 0.943126 0.196954 0.920974 0.187521 0.917295 0.184787 0.939447
0 0.6013 0.616391 0.603782 0.58062 0.585895 0.576696 0.583412 0.612468
0 0.433669 0.407174 0.436664 0.342248 0.404217 0.337519 0.401223 0.402444
0 0.37408 0.881008 0.371505 0.836949 0.342918 0.84223 0.345493 0.886288
0 0.028303 0.837401 0.0377563 0.806543 0.0237352 0.792968 0.0142819 0.823826
0 0.173026 0.944013 0.173865 0.925779 0.162967 0.924195 0.162129 0.942429
0 0.155837 1.00942 0.17043 0.987659 0.161966 0.969721 0.147374 0.991482
0 0.607186 0.909438 0.608329 0.877499 0.591975 0.875649 0.590832 0.907588
0 0.876306 0.616966 0.872843 0.592816 0.853232 0.601703 0.856695 0.625853
0 0.16678 1.0004 0.17717 0.981848 0.169361 0.968023 0.158971 0.986571
0 0.532707 0.107406 0.539204 0.0458644 0.521051 0.039808 0.514555 0.101349
0 0.483793 0.883486 0.489771 0.855601 0.467184 0.840297 0.461205 0.868182
0 0.512034 0.862381 0.514762 0.83475 0.499334 0.829937 0.496607 0.857569
0 0.545037 0.80593 0.547827 0.781745 0.533748 0.776612 0.530958 0.800797
0 0.450277 0.683654 0.454227 0.656197 0.439607 0.64955 0.435657 0.677006
0 0.412377 0.769094 0.414934 0.750403 0.403918 0.745641 0.401362 0.764332
0 0.00951804 0.689323 0.0146285 0.656376 0.000247923 0.649326 -0.00486258 0.682273
0 0.955222 0.553623 0.95597 0.520722 0.938071 0.519438 0.937324 0.552339
0 0.55581 0.908926 0.561851 0.888321 0.544982 0.87269 0.538941 0.893296
0 0.161554 0.985824 0.169917 0.968622 0.16241 0.957087 0.154047 0.974289
0 0.479616 0.865677 0.484164 0.837276 0.466642 0.828407 0.462094 0.856808
0 0.0418383 0.773872 0.0431635 0.751324 0.0260739 0.74815 0.0247488 0.770698
0 0.402358 0.735895 0.40608 0.708972 0.392709 0.70313 0.388987 0.730053
0 0.466447 0.823368 0.469239 0.801871 0.453046 0.795222 0.450254 0.816719
0 0.529931 0.792948 0.545195 0.764715 0.533011 0.743896 0.517747 0.772129
0 0.551859 0.862485 0.55089 0.817239 0.528913 0.818726 0.529881 0.863972
0 0.286299 0.0711762 0.291467 0.00333021 0.26076 -0.0040614 0.255592 0.0637846
0 0.8048 0.712094 0.812218 0.687455 0.800523 0.676326 0.793105 0.700966
0 0.590057 0.170709 0.592215 0.130424 0.571867 0.126978 0.569708 0.167263
0 0.730869 0.634876 0.736476 0.616026 0.72025 0.600773 0.714644 0.619622
0 0.245215 0.890624 0.247414 0.873259 0.23672 0.868977 0.234521 0.886342
0 0.544447 0.936957 0.553989 0.900033 0.535102 0.884608 0.52556 0.921533
0 0.274095 0.571113 0.276239 0.550983 0.262857 0.546478 0.260713 0.566608
0 0.105749 0.987818 0.119194 0.967653 0.111626 0.951705 0.0981803 0.97187
0 0.228513 0.941314 0.239129 0.91497 0.22765 0.900352 0.217035 0.926697
0 0.205795 0.880468 0.209492 0.859425 0.201476 0.854975 0.19778 0.876019
0 0.0230095 0.780725 0.0288052 0.753999 0.015229 0.744694 0.00943328 0.77142
0 0.107116 1.01215 0.120698 0.993403 0.112101 0.973715 0.0985191 0.992458
0 0.192104 1.00934 0.205474 0.994469 0.199614 0.977821 0.186244 0.992694
0 0.596393 0.880107 0.60481 0.832589 0.57377 0.81521 0.565352 0.862728
0 0.719518 0.358065 0.730628 0.293407 0.702448 0.278104 0.691338 0.342762
0 0.91452 0.474058 0.913752 0.422095 0.881998 0.423579 0.882766 0.475542
0 0.567171 0.891717 0.57171 0.869473 0.560365 0.862155 0.555825 0.884399
0 0.0386086 0.658834 0.04058 0.635672 0.0283633 0.632385 0.0263919 0.655548
0 0.521184 0.927527 0.525545 0.908748 0.513225 0.899706 0.508864 0.918486
0 0.935171 0.526371 0.942324 0.507276 0.924774 0.486495 0.91762 0.50559
0 0.399728 0.990944 0.407728 0.964284 0.396469 0.953606 0.388469 0.980267
0 0.512724 0.820842 0.514773 0.797951 0.499169 0.793537 0.49712 0.816429
0 0.471168 0.607356 0.480872 0.585911 0.472439 0.573849 0.462734 0.595294
0 0.458997 0.738236 0.460866 0.716497 0.45069 0.713732 0.448822 0.735471
0 0.612557 0.781809 0.627414 0.733757 0.606171 0.712998 0.591314 0.761051
0 0.199311 0.972281 0.208152 0.937762 0.197756 0.929347 0.188915 0.963866
0 0.729846 0.675121 0.729967 0.654144 0.712517 0.653827 0.712397 0.674804
0 0.361714 0.570576 0.363755 0.551484 0.352269 0.547605 0.350229 0.566697
0 0.295616 0.751884 0.297964 0.724448 0.283518 0.720541 0.28117 0.747976
0 0.440619 0.689331 0.4465 0.640799 0.42747 0.63351 0.421589 0.682043
0 0.777184 0.632026 0.780297 0.6079 0.764805 0.601583 0.761692 0.625709
0 0.503228 0.903502 0.506184 0.874953 0.491806 0.870249 0.48885 0.898798
0 0.497733 0.789239 0.498815 0.770702 0.488261 0.768755 0.487179 0.787292
0 0.441229 0.136762 0.446479 0.0904015 0.412734 0.0783236 0.407484 0.124684
0 0.102619 0.929995 0.110976 0.908417 0.103814 0.89965 0.0954568 0.921228
0 0.264703 0.847721 0.269146 0.828757 0.25874 0.82105 0.254296 0.840014
0 0.662316 0.600362 0.664914 0.577243 0.652791 0.572939 0.650194 0.596057
0 0.211755 0.978515 0.215028 0.954843 0.202448 0.949347 0.199176 0.973019
0 0.439341 0.720547 0.441565 0.701649 0.430911 0.697688 0.428688 0.716585
0 0.262365 0.404196 0.274901 0.373428 0.256078 0.349191 0.243543 0.379959
0 0.254497 0.995477 0.276851 0.972726 0.269072 0.948573 0.246719 0.971324
0 0.827249 0.591284 0.832118 0.574444 0.819352 0.562779 0.814483 0.579619
0 0.419445 0.697865 0.421971 0.673831 0.409639 0.669736 0.407113 0.69377
0 0.0868242 1.00862 0.101323 0.978441 0.0914257 0.963415 0.0769271 0.993598
0 1.01053 0.885151 1.01837 0.75367 0.961014 0.742852 0.953168 0.874333
0 0.60877 0.959543 0.610496 0.929684 0.594489 0.926759 0.592762 0.956618
0 0.482493 0.817259 0.482516 0.794544 0.469196 0.7945 0.469172 0.817215
0 0.0603081 0.15236 0.0592841 -0.0309556 0.00035233 -0.0299152 0.0013763 0.1534
0 0.160747 0.995575 0.170316 0.970832 0.160895 0.959317 0.151326 0.984059
0 0.16347 0.902047 0.174384 0.885681 0.168491 0.873261 0.157577 0.889627
0 0.0370272 0.888742 0.0436817 0.870728 0.0342765 0.859747 0.027622 0.877761
0 0.929251 0.76877 0.938265 0.748772 0.924371 0.728979 0.915357 0.748978
0 0.183437 0.94561 0.184153 0.928457 0.17504 0.927253 0.174323 0.944406
0 0.410091 0.864337 0.412619 0.843666 0.402334 0.83969 0.399805 0.860361
0 0.63994 1.01718 0.781572 0.812916 0.742474 0.727235 0.600842 0.931499
0 0.436489 0.890161 0.440101 0.861069 0.42445 0.854927 0.420838 0.884019
0 0.828261 0.66441 0.832579 0.632713 0.819413 0.627043 0.815094 0.658741
0 0.212186 0.845892 0.215588 0.828603 0.206507 0.822955 0.203105 0.840245
0 0.73874 0.601367 0.744389 0.567928 0.729105 0.559768 0.723456 0.593206
0 0.235402 0.839129 0.236956 0.821193 0.226314 0.818279 0.22476 0.836215
0 0.189335 0.895471 0.195299 0.877675 0.1864 0.868252 0.180437 0.886047
0 0.253297 0.924082 0.257927 0.891894 0.242506 0.884883 0.237876 0.917071
0 0.640567 0.341021 0.638313 0.312338 0.609113 0.319589 0.611367 0.348272
0 0.517738 0.5851 0.523751 0.551192 0.505107 0.540742 0.499094 0.57465
0 0.593073 0.927807 0.592375 0.896623 0.580412 0.89747 0.581111 0.928654
0 0.0579164 0.723096 0.0606067 0.697228 0.0472081 0.692824 0.0445178 0.718692
0 0.253387 0.407473 0.252614 0.382778 0.232427 0.384775 0.233199 0.409469
